20100104;25.61;25.83;25.61;25.67;2228507
20100105;25.62;25.71;25.06;25.28;3008745
20100106;25.15;25.52;24.83;25.34;6638328
20100107;25.22;25.58;25.11;25.48;4161045
20100108;25.4;26.4;25.22;26.26;4648295
20100111;26.34;26.49;26.07;26.25;2151299
20100112;26.17;26.23;25.63;25.89;3993223
20100113;26.05;26.43;25.87;26.25;2680165
20100114;26.28;26.8;26.27;26.6;2696483
20100115;26.22;26.75;25.85;26.08;3405844
20100119;26.11;26.43;25.88;26.17;2395067
20100120;26.08;26.19;25.29;26.12;3806664
20100121;26.07;26.39;25.56;25.69;3323430
20100122;25.63;25.78;24.95;25.1;4554064
20100125;25.28;25.42;24.7;24.75;3712891
20100126;24.63;24.81;24.32;24.38;3483699
20100127;24.38;24.58;24.09;24.47;2305740
20100128;24.49;24.65;23.71;23.79;4570204
20100129;23.78;24.1;23.59;23.79;5131937
20100201;23.76;24.08;23.55;23.81;3700951
20100202;23.77;24.05;23.67;23.95;2610538
20100203;23.74;24.07;23.6;24.02;2190250
20100204;23.8;23.89;22.95;22.95;4883750
20100205;23.07;23.39;22.5;23.07;5224775
20100208;22.98;23.45;22.93;23.1;3665199
20100209;23.37;23.9;23.24;23.55;5002378
20100210;23.51;23.88;23.32;23.59;2689672
20100211;23.53;24.28;23.41;24.18;3197235
20100212;23.94;24.3;23.8;24.22;4322989
20100216;25.06;25.45;24.85;25.24;6155930
20100217;25.4;26.04;25.39;25.88;4878610
20100218;25.95;26.04;25.73;25.92;2334024
20100219;25.81;26.22;25.81;25.99;2929450
20100222;26.04;26.55;25.95;26.08;4149452
20100223;26;26.16;25.57;25.66;5913081
20100224;27.66;28.49;27.5;27.89;14246936
20100225;27.24;28;27.13;27.93;6061254
20100226;27.87;28.12;27.58;27.88;3554601
20100301;27.97;28.41;27.97;28.15;3607011
20100302;28.41;28.94;28.19;28.49;4580593
20100303;28.68;28.94;28.44;28.61;3129048
20100304;28.59;28.77;28.23;28.47;3184582
20100305;28.6;28.99;28.53;28.85;2954999
20100308;28.72;29.15;28.7;28.91;2094070
20100309;28.77;29.22;28.68;29.06;1644863
20100310;29.15;29.43;28.75;29.18;3818278
20100311;28.93;29.16;28.87;29.03;2811183
20100312;29.03;29.34;28.98;29.16;2589774
20100315;29.08;29.3;28.97;29.26;1316507
20100316;29.25;29.35;29.09;29.31;1337714
20100317;29.91;29.96;29.49;29.52;2864930
20100318;29.69;29.73;29.35;29.42;2597494
20100319;29.64;29.64;28.93;29.11;3888426
20100322;29.03;29.7;28.95;29.5;1859241
20100323;29.58;29.82;29.5;29.71;2278258
20100324;29.72;29.79;29.39;29.43;2421199
20100325;29.79;29.96;29.48;29.49;2624931
20100326;29.37;29.76;29.23;29.5;2764496
20100329;29.55;29.75;29.44;29.56;1995304
20100330;29.53;29.58;29.08;29.4;2309185
20100331;29.2;29.6;29.13;29.38;1887062
20100401;28.79;29.59;28.7;29.16;4580751
20100405;29.2;30.36;29.2;30.18;3582817
20100406;30.3;31;29.94;30.91;5373730
20100407;30.66;30.84;30.43;30.65;3387046
20100408;30.44;31.22;30.38;31.09;4469644
20100409;31.02;31.23;30.93;31.13;2571679
20100412;31.15;31.5;31.03;31.43;2311214
20100413;31.46;31.72;31.28;31.7;3640101
20100414;31.59;31.75;31.48;31.7;1819636
20100415;31.62;31.89;31.45;31.88;2087239
20100416;31.86;32.01;31.44;31.55;3229716
20100419;31.5;31.59;30.83;31.26;5260941
20100420;31.45;32.2;31.36;32.16;2860888
20100421;32.06;32.5;31.88;32.45;2634021
20100422;32.3;33.72;32.08;33.64;5091960
20100423;33.67;34.23;33.34;34.22;3932041
20100426;34.38;35.18;34.08;34.72;7338965
20100427;34.56;34.97;33.76;33.85;5425155
20100428;33.91;34.21;33.82;34.13;5299686
20100429;34.22;34.67;34.1;34.67;4136746
20100430;34.68;34.82;33.88;33.99;3963494
20100503;34.07;34.95;33.88;34.89;2795464
20100504;34.27;34.28;32.92;33.25;6151429
20100505;33.06;33.2;31.7;31.71;7704017
20100506;31.66;31.98;28.65;30.56;7015273
20100507;30.68;30.83;29.16;30.06;7068423
20100510;31.27;32.47;31.27;32.4;5719447
20100511;32.17;32.32;31.53;31.62;4818936
20100512;31.53;32.82;31.41;32.77;3549988
20100513;32.83;33.49;32.3;32.36;3090536
20100514;32.12;32.21;30.43;30.77;6027480
20100517;30.87;31.13;30.12;30.72;4559883
20100518;30.99;31.19;29.95;30.15;4794810
20100519;30.21;30.5;29.63;30.35;7451509
20100520;30.76;30.76;28.22;28.28;12172823
20100521;27.58;29.45;27.31;29.37;10653748
20100524;29.21;29.82;28.84;29.42;5369334
20100525;28.6;29;27.77;28.97;4678540
20100526;29.31;29.57;28.49;28.66;3938755
20100527;29.22;29.61;29.06;29.59;3488851
20100528;29.68;29.7;28.84;29.26;4341079
20100601;29.01;29.58;28.5;28.56;4269545
20100602;28.83;29.28;28.41;29.24;2958032
20100603;29.17;30.02;29.08;29.98;3791853
20100604;29.36;29.51;27.79;27.92;5722514
20100607;27.51;27.73;26.55;26.69;6599700
20100608;26.69;26.89;25.79;26.3;7458543
20100609;26.42;27.45;26.32;26.44;5901403
20100610;26.89;27.45;26.62;27.4;3908473
20100611;27.01;27.66;26.9;27.58;2187040
20100614;27.78;27.95;27.43;27.49;3172197
20100615;27.58;28.69;27.45;28.54;5789823
20100616;28.28;28.69;28.18;28.5;3372597
20100617;28.58;28.69;28.26;28.51;3274751
20100618;28.57;29.36;28.44;29.24;4351593
20100621;29.58;29.88;28.77;29;3293111
20100622;29.08;29.46;28.39;28.43;2637507
20100623;28.3;28.32;27.51;27.83;7103692
20100624;27.6;27.6;26.13;26.26;8276320
20100625;26.43;26.91;26.18;26.58;7652625
20100628;26.58;26.62;25.97;26;4621116
20100629;25.66;25.71;24.3;24.58;6242676
20100630;24.49;24.77;24.32;24.36;5143385
20100701;24.32;24.65;23.64;24.57;6845934
20100702;24.63;24.66;24.13;24.31;4152443
20100706;24.69;24.96;23.85;24.05;3928006
20100707;25.03;25.13;23.81;24.73;5101015
20100708;24.95;25.02;24.21;24.61;4163115
20100709;24.58;25.02;24.4;24.93;3552544
20100712;24.78;25.15;24.67;25.08;2400246
20100713;25.3;26.36;25.3;26.19;4754414
20100714;26.27;26.51;25.93;26.48;4456044
20100715;26.4;26.6;26.03;26.47;3276654
20100716;26.51;26.51;25.24;25.35;4486014
20100719;25.4;25.69;25.09;25.54;2051274
20100720;25.06;26.67;24.77;26.62;5714698
20100721;26.72;27.23;26.41;26.57;6137253
20100722;26.88;28.37;26.8;28.04;7233534
20100723;27.98;28.89;27.82;28.85;3967963
20100726;28.72;29.85;28.72;29.75;3940830
20100727;29.72;29.75;29.08;29.15;3439469
20100728;29.11;29.29;28.41;28.69;4069106
20100729;28.84;29.54;28.4;29.24;4246718
20100730;28.79;29.73;28.64;29.54;3620530
20100802;30;31.06;29.64;30.74;3196053
20100803;30.82;30.85;30.03;30.49;3238614
20100804;30.51;31.12;30.46;30.86;3140517
20100805;30.49;30.74;30.2;30.3;2848369
20100806;28.98;29.46;28.01;28.77;7904498
20100809;28.95;29.21;28.87;29.03;2876968
20100810;28.73;28.83;28.17;28.6;3166764
20100811;28.1;28.1;27.46;27.92;3826064
20100812;27.26;27.75;27.04;27.45;3913518
20100813;28.57;29.68;28.06;28.12;11219157
20100816;27.96;28.55;27.51;27.66;5160816
20100817;27.96;28.39;27.67;27.91;3776973
20100818;27.85;28.42;27.52;28.23;3456913
20100819;28.03;28.29;27.57;27.63;3472902
20100820;27.64;28.26;27.58;28.11;3158268
20100823;28.27;28.35;27.32;27.36;2696315
20100824;27.25;27.53;26.63;27.41;4410409
20100825;27.21;27.64;27.13;27.52;2878020
20100826;27.74;28.01;27.38;27.4;2565246
20100827;27.76;28.54;26.98;28.38;4257355
20100830;28.33;28.44;27.52;27.53;2156255
20100831;27.5;27.99;27.07;27.73;3546568
20100901;28.26;29.09;28.17;28.83;2881192
20100902;28.79;29.33;28.62;29.32;1717819
20100903;29.81;30.16;29.52;30.02;2341632
20100907;29.81;29.99;29.37;29.49;1758575
20100908;29.68;30.23;29.56;30.07;2720246
20100909;30.5;30.67;30.14;30.38;1933991
20100910;30.35;31.07;30.11;30.96;2640943
20100913;31.09;32.08;31.08;31.96;3456807
20100914;31.88;32.64;31.79;32.31;2622257
20100915;32.13;32.61;32.01;32.49;2169985
20100916;32.48;32.82;32.3;32.73;2294781
20100917;32.98;33.18;32.39;32.56;5172304
20100920;32.67;33.48;32.66;33.44;3405395
20100921;33.44;33.6;32.96;33.07;3421597
20100922;32.91;32.92;31.57;31.66;5056923
20100923;31.32;31.79;31.13;31.22;4631869
20100924;31.78;32.12;31.66;31.97;3881324
20100927;31.83;32.03;31.71;31.79;3050633
20100928;32.06;33.13;31.66;32.34;4184602
20100929;32.33;32.7;31.87;31.94;3479510
20100930;32.47;32.59;31.66;31.97;3739839
20101001;31.23;32.17;31.23;31.88;3338070
20101004;31.54;31.96;31;31.38;2080907
20101005;31.92;32.94;31.64;32.71;4049313
20101006;32.42;32.8;31.19;31.44;4009976
20101007;31.65;32.14;31.25;31.94;2998195
20101008;31.88;32.05;31.23;31.43;2982734
20101011;31.3;32;31.09;31.86;3328844
20101012;32.06;32.78;31.82;32.68;5121244
20101013;32.91;33.63;32.85;33.46;4922512
20101014;33.4;33.77;33.23;33.35;4210563
20101015;33.66;33.77;33.14;33.32;4219192
20101018;33.29;33.32;32.75;33.16;2917525
20101019;32.81;33.17;32.17;32.77;3231310
20101020;32.83;34.16;32.83;34.01;4238810
20101021;34.1;34.87;33.66;34.22;3937561
20101022;34.24;34.85;33.94;34.84;2132449
20101025;35;35.58;34.85;35.43;2426560
20101026;35.1;35.7;34.96;35.63;1839477
20101027;35.35;35.85;34.88;35.63;3944353
20101028;35.74;35.87;35.26;35.42;1477048
20101029;35.31;36.29;35.31;36.2;1888795
20101101;36.22;36.23;34.73;34.91;3791006
20101102;35.31;35.58;35.03;35.31;2130582
20101103;35.43;35.66;34.75;35.31;2634895
20101104;35.72;36.24;35.71;35.84;2835939
20101105;36;36.12;35.5;35.68;2918811
20101108;35.43;35.93;35.06;35.41;3110180
20101109;35.48;35.78;35.03;35.3;1710257
20101110;35.34;35.9;35.06;35.86;1508339
20101111;35.68;36.44;35.29;36.28;3345816
20101112;35.9;36.06;34.82;35.25;3226017
20101115;35.36;35.89;35.09;35.12;2969401
20101116;35.41;35.8;34.37;34.52;3541981
20101117;34.7;35.32;34.34;35.28;3049406
20101118;35.78;36.64;35.58;36.26;4378878
20101119;34.59;35.44;33.65;33.77;8230057
20101122;33.62;34.92;33.2;34.81;3647810
20101123;34.29;34.47;33.68;34.42;2626305
20101124;34.63;35.89;34.63;35.43;2269571
20101126;35;35.48;34.92;35.2;949079
20101129;35.18;35.7;34.48;35.52;2647007
20101130;35.04;35.58;34.69;35.29;2795728
20101201;35.72;36.83;35.72;36.57;2979415
20101202;36.56;37.7;36.4;37.64;2681441
20101203;37.51;38;37.16;37.99;1667898
20101206;37.85;37.9;37.24;37.58;1635983
20101207;37.97;38.05;37.17;37.27;2821866
20101208;37.5;37.83;37.3;37.83;2745695
20101209;38;38.36;37.91;38.09;2460877
20101210;38.1;39.19;38.1;39.11;3062863
20101213;39.16;39.2;38.55;38.55;2874900
20101214;38.64;39.17;38.44;38.92;3512276
20101215;38.8;39.01;38.1;38.31;3703828
20101216;38.46;38.76;37.58;38.71;2641101
20101217;38.75;39.5;38.63;39.13;3228665
20101220;39.14;39.51;38.48;39.39;2444819
20101221;39.5;39.72;39.05;39.65;1509744
20101222;39.67;39.8;39.25;39.62;1225818
20101223;39.49;39.63;39.03;39.31;1001620
20101227;39.07;39.23;38.38;39.13;1108390
20101228;39.22;39.48;38.75;39.01;1288694
20101229;39.04;39.41;38.81;39.23;892853
20101230;39.2;39.35;38.77;38.79;1162462
20101231;38.71;38.82;37.92;38.2;1491238
20110103;38.63;39.85;38.63;39.27;2969446
20110104;39.28;39.32;38.04;38.53;2691720
20110105;39.36;41.33;39.36;41.24;6283781
20110106;41.16;41.39;40.91;41.26;2867763
20110107;41.41;41.45;40.35;40.76;3329245
20110110;40.44;41.12;39.88;40.87;1991721
20110111;41.18;41.37;40.63;40.8;2373982
20110112;40.01;40.93;39.36;40.53;3675068
20110113;40.43;41.24;40.33;41.08;2311650
20110114;40.9;41.62;40.8;41.44;1959944
20110118;41.46;42.32;41.41;42.03;1978707
20110119;41.8;42;41.21;41.49;1603497
20110120;41.44;41.49;40.42;41.31;2247510
20110121;41.4;42.09;41.26;41.5;2860749
20110124;41.47;41.65;40.63;41.05;2282778
20110125;40.8;40.81;39.51;40.33;2529341
20110126;40.41;41.34;40.26;40.88;2685640
20110127;40.89;40.99;39.77;40.77;2787034
20110128;40.84;41.39;39.36;39.97;2590183
20110131;39.99;40.75;39.88;40.68;2263789
20110201;41;42.3;40.92;42.16;3049081
20110202;41.97;43.54;41.81;43.41;3537887
20110203;43.17;43.82;42.84;43.75;3331158
20110204;43.8;44.37;43.59;43.69;2628024
20110207;43.62;43.88;43.31;43.52;1841483
20110208;43.41;43.41;42.32;42.93;2440524
20110209;42.68;42.89;42.03;42.24;1596095
20110210;42;42.87;41.83;42.75;2429396
20110211;42.62;42.86;42.32;42.69;1691197
20110214;42.55;43.09;42.29;42.34;2530925
20110215;42.17;42.78;42.01;42.71;1369326
20110216;42.78;44.44;42.73;43.84;3075817
20110217;43.73;43.86;42.77;43.66;2463945
20110218;43.68;44.25;43.31;43.4;2041121
20110222;42.68;43.01;41.75;42.1;2601613
20110223;42.1;42.1;39.57;39.59;5509314
20110224;39.9;41.04;39.7;40.43;3938296
20110225;42;43.63;41.12;42.75;4944663
20110228;42.62;42.76;41.63;42.05;3268824
20110301;42.13;42.28;41.09;41.21;2799852
20110302;41.09;41.37;40.26;40.35;4221490
20110303;40.79;41.93;40.71;41.17;1989748
20110304;41.16;41.35;40.46;40.71;2012665
20110307;41;41.29;39.72;40.11;2650750
20110308;40.21;40.94;39.98;40.68;2420811
20110309;40.53;40.7;39.91;40.34;2697502
20110310;39.7;40.17;38.51;39.9;3099074
20110311;39.53;40.4;39.51;40.11;2603399
20110314;39.58;40.69;39.49;40.38;2292945
20110315;38.88;39.57;38.67;39.25;3044567
20110316;38.89;39.4;38.14;38.47;3806127
20110317;39.06;39.42;38.36;38.56;2682343
20110318;39.1;39.83;39.02;39.4;3364928
20110321;40.27;41.45;40.11;40.97;2886462
20110322;41.12;41.66;40.93;41.51;2904649
20110323;41.31;41.87;40.58;41.62;2666940
20110324;42;44;41.98;43.81;3705282
20110325;43.68;44;43.11;43.27;2266345
20110328;43.02;43.56;42.8;42.97;1616919
20110329;42.85;43.69;42.53;43.4;1542628
20110330;43.62;43.82;43.38;43.6;1309590
20110331;43.59;44.43;43.54;44.11;3407551
20110401;43.07;44;42.92;43.83;3207563
20110404;43.74;44.5;43.71;44;2532461
20110405;43.87;44.19;43.46;43.96;1867595
20110406;44.2;44.5;43.01;43.47;2318458
20110407;43.28;43.47;42.77;43.16;2501983
20110408;43.38;43.46;42.47;42.79;1791046
20110411;42.88;43.18;42.53;42.85;1748226
20110412;42.63;43;42.2;42.36;1867602
20110413;42.55;42.96;42.18;42.63;2091552
20110414;42.31;42.76;42.05;42.7;1505954
20110415;42.67;43.24;42.47;43.09;2237842
20110418;42.45;42.65;41.72;42.47;1886213
20110419;42.51;42.66;42.15;42.43;1709891
20110420;43.09;44.64;43.09;44.35;3990015
20110421;44.44;44.96;44.41;44.88;1812300
20110425;44.67;45.58;44.57;45.55;3424606
20110426;45.56;45.6;44.93;44.99;2012284
20110427;44.9;45.13;44.59;45.11;1975589
20110428;44.93;45.45;44.71;45;1812342
20110429;44.95;45.31;44.81;44.98;2960506
20110502;45.32;45.37;44.28;44.66;1989480
20110503;44.72;44.81;43.66;44.22;1258163
20110504;44.21;44.31;43.21;43.75;1447100
20110505;43.57;44.11;43.19;43.43;2726644
20110506;44.04;45.29;43.71;44.31;2853741
20110509;44.37;44.81;44.08;44.29;1196737
20110510;44.33;45.31;44.28;45.15;2126482
20110511;45.06;45.5;44.52;45.2;2384142
20110512;44.97;46;44.73;45.99;3020398
20110513;45.95;46.15;45.46;45.57;3268619
20110516;45.25;45.54;44.29;44.39;2114526
20110517;44.2;44.41;43.37;43.49;3167099
20110518;43.39;44.38;43.23;44.28;2460951
20110519;44.5;45;44.07;44.39;2442527
20110520;44.36;44.36;41.59;42.35;6938486
20110523;41.72;42.39;41.17;42.27;4938498
20110524;42.29;42.85;42.01;42.09;3800905
20110525;42.06;42.64;41.98;42.38;1920603
20110526;42.22;42.83;42.15;42.68;1619394
20110527;42.78;42.91;42.37;42.5;1398554
20110531;42.79;43;42.41;42.98;2304705
20110601;42.75;42.96;41.4;41.44;2523757
20110602;41.38;41.63;40.78;41.36;3192163
20110603;40.93;41.09;40.54;40.84;2271567
20110606;40.68;40.8;40.19;40.28;1939151
20110607;39.92;40.17;39.39;39.54;4456684
20110608;39.5;39.5;37.65;38.24;6155120
20110609;38.41;38.42;37.97;38.08;3628116
20110610;37.97;38.22;37.61;37.9;2996813
20110613;37.99;38.27;37.48;37.56;3437777
20110614;37.88;38.22;37.84;37.92;2028914
20110615;37.46;37.57;36.34;36.57;5115403
20110616;36.63;36.85;36;36.44;2379663
20110617;36.74;36.9;35.65;35.69;4274398
20110620;35.67;35.91;35.53;35.7;3395233
20110621;35.88;37.11;35.75;37.04;4803928
20110622;36.66;36.79;36.01;36.47;2966868
20110623;36.05;37.23;35.87;37.17;3687767
20110624;37.35;37.35;36.32;36.69;4203888
20110627;36.55;37.72;36.5;37.43;2693089
20110628;37.46;38.24;37.41;38.18;3463711
20110629;38.26;38.72;37.59;38.54;4308987
20110630;38.76;39.15;38.49;38.6;2808447
20110701;38.6;38.89;38.44;38.7;3290774
20110705;38.83;38.93;38.44;38.87;2222084
20110706;38.92;39.43;38.69;39.37;2238355
20110707;39.57;40.45;39.55;40.39;2627087
20110708;39.9;40.24;39.73;40.12;2257593
20110711;39.73;39.91;38.91;38.99;2373495
20110712;39.03;39.19;37.14;37.23;3825904
20110713;37.54;38.21;37.2;37.26;2475418
20110714;37.43;37.69;36.24;36.35;2917955
20110715;36.53;36.8;35.82;36.15;2663416
20110718;36.03;36.04;34.99;35.33;3074650
20110719;35.59;36.57;35.58;36.33;4378236
20110720;36.27;36.29;35.46;35.87;2984313
20110721;35.94;36.43;35.5;36.2;3605387
20110722;37.08;37.59;36.5;37.07;2728076
20110725;36.64;36.96;36.37;36.48;2357161
20110726;36.48;36.77;36.22;36.57;1859511
20110727;36.21;36.33;34.84;34.9;3995688
20110728;34.91;35.11;34.29;34.34;3121142
20110729;34.03;34.79;33.67;34.4;2910449
20110801;34.65;34.8;33.58;34.41;4635111
20110802;34.08;34.48;33.44;33.44;3981545
20110803;33.38;34.01;32.86;33.95;5072435
20110804;33.45;33.62;31.54;31.57;4456548
20110805;31.91;32.06;29.86;30.92;6257685
20110808;29.93;30.24;28.05;28.06;9971304
20110809;28.48;29.97;27.82;29.96;7179577
20110810;29.32;29.45;28.09;28.16;6816904
20110811;28.41;29.16;28.19;28.75;6257568
20110812;28.9;29.49;28.41;29.18;5358431
20110815;29.24;30.11;29.14;30.09;3052749
20110816;29.8;29.88;28.94;29.45;3388053
20110817;29.5;29.92;28.63;28.85;2879726
20110818;27.49;27.9;26.16;26.51;8952977
20110819;27.3;27.4;22.99;23.41;19673519
20110822;24.21;24.83;24.15;24.29;7662656
20110823;24.5;25.51;24;25.28;5754643
20110824;25.2;26.52;24.89;26.47;5140361
20110825;26.55;26.66;25.45;25.56;3691143
20110826;25.5;26.8;25.29;26.63;3700131
20110829;27;28.07;27;28.05;3092814
20110830;27.79;28.08;27.39;27.7;4142791
20110831;27.89;28.92;27.84;28.2;3951870
20110901;28.39;28.53;27.04;27.23;3794354
20110902;26.7;26.88;26.02;26.38;4488975
20110906;25.56;26.23;25.25;26.13;3360682
20110907;26.56;27.03;26.55;27;4117935
20110908;27.11;27.12;26.19;26.28;3537480
20110909;26.12;26.38;25.22;25.41;11132164
20110912;25.07;26.75;25;26.72;5531403
20110913;26.71;27.78;26.71;27.69;6386358
20110914;27.95;28.85;27.35;28.46;4286753
20110915;28.73;29.43;28.54;29.41;4070259
20110916;29.49;29.68;29.06;29.45;3913164
20110919;28.98;29.04;28.32;28.79;3067173
20110920;28.85;29.2;28.05;28.11;3285619
20110921;28.9;30.32;28.56;28.56;6730744
20110922;27.48;28.13;27;27.66;6212279
20110923;27.16;28.45;27.12;28.34;4047118
20110926;28.46;28.56;27.33;28.3;3751933
20110927;29;30.27;28.82;29.47;5057734
20110928;30.19;30.22;28.62;28.7;3418039
20110929;29.23;29.57;28.65;29.29;4346237
20110930;28.87;29.05;27.75;27.79;4830563
20111003;27.08;27.44;25.43;25.45;6750284
20111004;25.05;26.13;24.63;26.08;6117796
20111005;26.1;27.3;25.73;27.21;3924883
20111006;27.12;28.01;26.41;27.99;3313730
20111007;27.98;28.66;27.62;28.29;3897189
20111010;28.87;29.28;28.5;29.27;3060298
20111011;29.19;30.05;28.92;30.01;3303947
20111012;30.31;31.55;30.05;31.02;4322644
20111013;30.84;31.03;30.36;30.99;3003504
20111014;31.46;32.43;31.12;32.42;3221414
20111017;32.16;32.4;31.16;31.25;3062981
20111018;31.21;32.05;30.63;31.89;2835694
20111019;31.68;31.77;30.88;30.96;3417479
20111020;31.07;31.37;30.05;31.27;3090296
20111021;31.61;32.56;31.53;31.78;4511497
20111024;31.96;33.17;31.96;33.05;2681749
20111025;32.95;33.02;32.18;32.37;3258586
20111026;32.81;32.9;31.69;32.74;3196031
20111027;33.54;36.35;33.49;35.62;7256201
20111028;35.23;36.03;34.98;35.83;3387257
20111031;35.25;35.31;34.45;34.6;3459834
20111101;33.45;33.73;32.74;32.97;4712820
20111102;33.39;34.23;33.21;33.55;3321518
20111103;34;35.32;33.28;35.16;2817559
20111104;34.78;35.19;34.38;35.02;1716686
20111107;35.02;35.25;33.7;34.7;2917518
20111108;35.05;35.6;34.4;35.55;2305041
20111109;34.2;34.2;32.41;32.54;4898518
20111110;33.09;33.42;32.43;32.72;3023320
20111111;33.34;34.47;33.32;34.2;2584252
20111114;34.1;34.2;33.34;33.61;2248032
20111115;33.4;34.49;32.92;34.04;3579284
20111116;35.38;36.85;34.81;35.58;7615598
20111117;35.82;35.89;33.86;34.45;5292233
20111118;34.41;34.68;33.39;33.5;2936169
20111121;33.23;33.24;32.13;32.4;3474811
20111122;32.28;32.41;31.08;31.38;3941606
20111123;30.98;30.98;29.96;30.04;3302800
20111125;29.94;30.52;29.76;29.8;1570304
20111128;30.79;31.92;30.75;31.6;3662364
20111129;31.71;32.17;31.3;31.49;2607521
20111130;32.42;34.1;32.41;34.07;3789679
20111201;34.14;34.51;33.85;34.27;2384037
20111202;34.62;34.88;33.9;33.97;2237100
20111205;33.59;34.39;32.38;34.09;3926362
20111206;33.9;34.92;33.89;34.78;3133867
20111207;34.45;35;33.63;34.8;2978326
20111208;34.36;34.75;33.86;33.92;2791937
20111209;34.15;34.6;34.01;34.39;3005238
20111212;33.91;34.15;33.11;33.44;2875055
20111213;33.6;33.89;32.5;32.7;3020527
20111214;32.45;32.66;31.11;31.25;3202366
20111215;31.61;31.68;30.48;31.07;3657201
20111216;31.33;32.45;31.15;31.2;3991852
20111219;31.39;31.39;30.08;30.2;3965568
20111220;30.62;31.72;30.62;31.49;2477296
20111221;31.01;31.02;29.75;30.31;4709044
20111222;30.36;30.83;30.15;30.46;2320721
20111223;30.54;30.82;30.33;30.81;1100175
20111227;30.69;31.12;30.6;30.78;1150483
20111228;30.69;30.78;29.81;29.91;1950371
20111229;29.93;30.5;29.88;30.4;1535953
20111230;30.48;30.61;30.25;30.33;1132226
20120103;31.22;31.83;30.77;30.81;2683905
20120104;30.69;30.73;30.03;30.21;2778516
20120105;30.1;31.23;29.82;30.82;3319597
20120106;30.83;31.16;30.52;30.96;2134090
20120109;30.93;31.18;30.66;31.08;2108556
20120110;31.58;32.84;31.54;32.53;3533058
20120111;32.5;32.66;31.76;32.18;2330260
20120112;32.33;32.46;31.84;32.3;1420642
20120113;32;32.17;31.38;31.92;1351334
20120117;32.5;32.92;32.07;32.16;1916767
20120118;32.13;34.57;32.05;34.34;4580725
20120119;34.43;36.12;34.38;35.43;6584248
20120120;35.33;35.88;34.97;35.04;2711838
20120123;35.01;35.53;34.35;34.66;2621170
20120124;34.62;35.94;34.61;35.81;4452196
20120125;35.71;36.26;35.5;36.23;5190845
20120126;36.45;37.97;36.25;36.55;5665068
20120127;36.38;36.7;35.86;36.6;2539897
20120130;36.21;36.22;35.41;35.91;2039667
20120131;36.19;36.23;35.68;36;1906077
20120201;36.33;37.26;36.05;37;4174953
20120202;37;37.9;36.78;36.82;2775949
20120203;37.37;37.95;37.37;37.85;2680965
20120206;37.53;37.8;37.2;37.76;2239031
20120207;37.74;38.56;37.41;38.34;3189365
20120208;38.26;38.85;38.15;38.36;2203299
20120209;38.35;38.61;37.98;38.4;2500633
20120210;37.76;38.13;37.28;37.53;1943992
20120213;37.99;38.5;37.82;38.37;1865775
20120214;38.19;38.84;38.14;38.79;1431260
20120215;39.02;39.18;38.48;38.65;1998005
20120216;38.71;39.65;38.63;39.53;2398368
20120217;39.51;39.58;38.88;38.91;2182324
20120221;39;39.01;37.87;38.11;3253497
20120222;38.01;38.35;37.61;37.76;3232779
20120223;37.69;38.61;37.4;38.2;4319301
20120224;38.23;38.3;37.13;37.62;5322947
20120227;37.22;38.15;36.94;38.02;2453849
20120228;38.02;38.29;37.59;37.99;2298710
20120229;38.05;38.42;37.55;37.85;2784750
20120301;38.06;38.52;37.3;37.99;2334923
20120302;37.9;37.9;36.76;37.09;2970215
20120305;37.03;37.09;36.37;36.65;2060360
20120306;36.31;36.43;35.55;35.72;2814074
20120307;35.89;36.28;35.75;36.06;2678576
20120308;36.19;36.67;36.19;36.52;2130521
20120309;36.5;37.23;36.5;36.81;2035172
20120312;36.6;36.75;36.2;36.67;1179985
20120313;37.06;38.76;36.8;38.67;3458997
20120314;38.93;39.64;38.51;39.35;4502585
20120315;39.09;40.21;39.04;40.08;3373996
20120316;40.03;41.14;40.03;40.9;5154135
20120319;40.51;41.64;40.44;41.4;3816809
20120320;40.85;41.24;40.51;41.1;2830911
20120321;41.01;41.71;40.9;41.7;3188137
20120322;41.13;41.29;40.81;41.1;2950185
20120323;41;41.25;40.57;41.08;1819671
20120326;41.11;42.4;41.01;42.37;2738065
20120327;42.14;42.6;41.89;42.19;3371599
20120328;42.01;42.41;41.47;41.9;2652280
20120329;41.62;42.24;41.28;42.04;3138353
20120330;42.18;42.5;41.87;42.32;2322473
20120402;41.38;42.37;41.23;42.34;2794211
20120403;42.06;42.69;42.02;42.39;2641751
20120404;41.74;41.95;41.43;41.75;2952405
20120405;40.88;41.54;40.3;41.44;3449671
20120409;40.7;40.9;40.44;40.54;2114244
20120410;40.39;40.65;39.33;39.44;3162617
20120411;40.15;40.15;39.39;39.62;3518828
20120412;39.83;40.7;39.66;40.46;1971650
20120413;40.33;41.34;40.28;41.25;3304263
20120416;41.47;41.77;40.46;41.09;3078856
20120417;41.35;42;41.35;41.8;1931482
20120418;41.57;41.73;41.18;41.43;1073911
20120419;41.3;41.87;40.35;40.58;2608066
20120420;40.67;41.01;40.41;40.42;1986469
20120423;39.86;39.95;38.71;39.03;3925135
20120424;39.22;39.22;38.46;38.71;1946134
20120425;39.24;39.47;38.98;39.27;1559027
20120426;39.24;40.28;39.06;40.19;1594965
20120427;40.2;40.31;39.58;39.63;2122983
20120430;39.5;39.61;39.17;39.37;1405774
20120501;39.48;41.28;39.37;40.73;2248909
20120502;39.65;40.28;39.12;40.16;2144090
20120503;40.19;40.26;38.83;38.92;1914880
20120504;38.52;38.65;37.24;37.46;1954354
20120507;37.19;37.5;37.04;37.2;1491894
20120508;36.81;36.93;35.44;36.61;3857149
20120509;36.09;37.12;35.79;36.8;2266362
20120510;37.05;37.17;35.46;36.18;2559187
20120511;36.09;36.66;35.98;36.25;2061825
20120514;35.81;36.49;35.73;35.93;1653152
20120515;36.17;37.41;35.94;36.45;3586640
20120516;36.52;36.7;35.66;35.89;2709497
20120517;35.91;36.03;34.7;34.73;3199782
20120518;31.89;32.33;28.52;30.26;24182046
20120521;30.32;31.91;29.98;31.85;4780415
20120522;31.76;32.69;31.7;32.43;5449741
20120523;32.01;32.39;31.31;32.18;4328729
20120524;32.26;32.26;31.67;31.86;4969970
20120525;31.89;32.2;31.68;32.12;1821018
20120529;32.51;32.97;32.29;32.78;2140405
20120530;32.32;32.41;31.76;32.15;2116127
20120531;32.16;32.28;31.44;32.02;2764271
20120601;31.27;31.39;30.74;30.84;3728411
20120604;30.95;31.23;30.05;30.83;3968639
20120605;30.8;31.52;30.63;31.27;2841294
20120606;31.56;33.15;31.49;33.11;2703921
20120607;33.47;33.74;32.54;32.65;2208141
20120608;32.46;32.81;32.22;32.78;1642174
20120611;33.18;33.37;31.78;31.84;1779432
20120612;32.05;32.47;31.8;32.3;1960767
20120613;32.05;32.25;31.54;31.7;2227725
20120614;31.74;32.24;31.19;32.08;1921098
20120615;32.03;33.43;31.94;33.37;3168457
20120618;33.11;33.85;32.76;33.64;1613953
20120619;33.99;35.13;33.76;34.64;2877481
20120620;34.63;35.09;33.99;34.67;2605003
20120621;34.69;34.69;32.98;33.05;1831640
20120622;33.11;33.92;32.92;33.81;1919802
20120625;33.32;33.43;32.71;32.81;1454397
20120626;32.96;33.28;32.56;32.95;1401477
20120627;33.24;33.74;32.81;33.55;1399546
20120628;33.13;33.54;32.24;32.83;1610713
20120629;33.61;35;33.51;34.99;3097173
20120702;35.03;35.03;34.25;34.51;1403233
20120703;34.61;34.91;34.46;34.7;841704
20120705;34.49;34.79;34.02;34.65;1024304
20120706;34.19;34.26;31.99;32.31;4615100
20120709;32.34;32.38;31.01;31.41;3585184
20120710;31.58;32;30.37;30.65;3994826
20120711;30.62;31.28;30.16;30.52;2946996
20120712;30.27;31.58;30.12;31.26;3684669
20120713;31.21;31.85;31.13;31.72;1623926
20120716;31.53;31.56;30.94;31.39;1659803
20120717;31.62;32.12;30.85;31.93;2118845
20120718;31.81;32.54;31.63;32.21;2445633
20120719;32.42;33.56;32.18;33.45;2154004
20120720;33.3;33.32;32.12;32.16;2263215
20120723;31.57;31.99;30.94;31.79;1360681
20120724;31.78;31.86;31.07;31.33;2225059
20120725;31.33;32.46;31.25;31.94;1919708
20120726;32.82;33.83;32.67;33.49;3210094
20120727;33.91;34.98;33.69;34.6;3136570
20120730;34.65;34.68;33.62;34.12;1496620
20120731;34.11;34.35;33.81;33.92;1799997
20120801;34.22;34.55;33.78;34.04;1694342
20120802;33.69;34.31;33.19;33.78;2154338
20120803;34.54;35.24;34.39;34.98;2495819
20120806;35.07;35.09;34.61;34.69;2395304
20120807;34.85;35.4;34.8;35.25;2707992
20120808;35.18;35.54;35.06;35.31;2032868
20120809;35.2;35.51;34.97;35.17;1205008
20120810;35.01;35.3;34.68;35.01;1391577
20120813;34.86;35.05;34.32;34.68;1183143
20120814;34.9;34.93;33.96;34.16;2409965
20120815;34.05;34.58;34.05;34.48;2467970
20120816;34.61;34.89;34.02;34.67;3653546
20120817;34.72;35.11;34.28;34.97;2684455
20120820;34.76;34.91;33.72;33.96;3305198
20120821;34.13;35.07;34.06;34.6;2902761
20120822;34.68;35.71;34.52;35.49;3166782
20120823;35.37;36.21;34.96;35.71;5778564
20120824;27.97;31.25;27.7;30.13;34421744
20120827;30.43;30.63;29.57;30.51;5626126
20120828;30.51;31.87;30.22;31.23;8353468
20120829;31.34;31.51;30.66;30.92;4200399
20120830;30.85;30.87;30.19;30.41;2775186
20120831;30.82;31.48;30.55;31.05;3575259
20120904;30.91;31.66;30.83;31.41;3596230
20120905;31.49;31.63;31.01;31.3;1778711
20120906;31.6;33.08;31.51;32.77;5548593
20120907;32.74;32.74;32.17;32.22;3212593
20120910;32.14;32.22;31.69;31.97;4896594
20120911;32.16;32.38;31.92;32.19;3609914
20120912;32.34;32.73;32.27;32.58;4340495
20120913;32.48;32.97;32.21;32.74;2262534
20120914;32.68;33.55;32.65;33.47;2399052
20120917;33.4;33.59;33.05;33.59;1851946
20120918;33.47;33.57;33.1;33.47;2703644
20120919;33.53;34.16;33.44;33.56;4014955
20120920;33.57;33.71;33.41;33.61;2715175
20120921;33.75;34;33.59;33.68;2581415
20120924;33.36;33.56;33.12;33.48;2493962
20120925;33.58;34;32.74;32.93;3264293
20120926;32.86;33.05;32.19;32.4;2850326
20120927;32.56;33.41;32.37;33.3;1507454
20120928;33.27;33.89;33.1;33.35;2649023
20121001;32.61;33.74;32.6;33.38;3281839
20121002;33.42;33.69;33.19;33.41;2258325
20121003;33.46;33.81;33.36;33.78;1752707
20121004;33.25;33.62;32.69;33.18;4504455
20121005;33.46;33.61;32.87;33.1;2780764
20121008;33;33.16;32.37;32.45;2464896
20121009;32.38;32.44;31.32;31.47;3544741
20121010;31.44;31.75;30.95;31.03;3212048
20121011;31.29;31.41;30.92;31.01;2714480
20121012;31.01;31.43;30.98;31.2;1746903
20121015;31.26;31.94;31.22;31.9;1819702
20121016;31.92;32.99;31.82;32.68;2419586
20121017;32.55;32.67;31.91;32.2;2354229
20121018;32.29;32.35;31.43;31.59;2417912
20121019;31.58;31.6;30.42;30.47;5285309
20121022;30.56;31.05;30.2;30.95;3623174
20121023;30.61;31.52;30.44;31.37;2325181
20121024;31.65;31.84;31.23;31.46;2027461
20121025;31.86;32.3;31.73;32.1;3420123
20121026;32.05;32.56;31.9;32.31;2753791
20121031;32.28;32.51;31.66;31.85;4332560
20121101;32.05;32.48;30.96;32.39;3364357
20121102;32.56;32.71;32.1;32.14;2192172
20121105;32.24;32.24;31.73;31.98;1630805
20121106;32.26;32.53;32.04;32.41;2060418
20121107;31.98;32.02;31.21;31.57;2906402
20121108;30.99;31.24;30.72;30.73;5607059
20121109;30.61;31.38;30.5;30.94;2516966
20121112;31;31.26;30.78;31;1951027
20121113;30.79;31.31;30.61;30.64;3024742
20121114;30.73;31.44;30.39;30.44;3253835
20121115;30.47;30.73;30.22;30.5;4309797
20121116;30.82;31.99;30.53;31.48;7940226
20121119;31.81;31.86;31.13;31.32;3467705
20121120;31.3;31.42;30.77;30.87;2920449
20121121;30.92;31.46;30.92;31.34;1975989
20121123;31.51;31.83;31.38;31.8;794064
20121126;31.66;32.24;31.57;32.24;2712619
20121127;32.21;32.23;31.78;31.92;2051655
20121128;31.78;33.17;31.71;33.1;3080616
20121129;33.23;33.63;33.22;33.51;2381970
20121130;33.49;33.61;33.03;33.13;2732928
20121203;33.35;33.5;32.85;32.99;1536749
20121204;33.09;33.2;32.84;33.08;1696525
20121205;33.04;33.83;32.77;33.6;2996493
20121206;33.6;33.96;33.43;33.8;1912817
20121207;33.9;33.96;33.42;33.76;1434545
20121210;33.48;34.03;33.43;33.96;1727728
20121211;33.72;34.9;33.72;34.62;2054620
20121212;34.77;34.98;34.24;34.29;1504511
20121213;34.28;34.33;33.53;33.88;2137126
20121214;33.82;34.43;33.8;34.21;2836709
20121217;34.24;35.2;34.21;34.88;2528509
20121218;34.99;35.77;34.91;35.73;1939188
20121219;35.97;36.96;35.73;36;6703416
20121220;36.06;36.14;35.78;35.9;1980971
20121221;35.32;35.62;34.73;35.49;3889617
20121224;35.3;35.9;35.25;35.68;795865
20121226;35.75;36;35.1;35.15;1644661
20121227;35.13;35.26;34.32;35.12;2768215
20121228;34.8;35.31;34.69;34.99;3666064
20121231;34.84;35.52;34.61;35.35;2556500
20130102;36.05;36.95;36.05;36.94;2998752
20130103;36.75;36.92;36.27;36.37;1744032
20130104;36.53;36.67;36.28;36.36;1340348
20130107;36;36.14;35.84;36.09;1933499
20130108;36.15;36.42;35.96;36.3;1519971
20130109;36.35;37.05;36.23;36.67;1640510
20130110;36.89;36.94;36.03;36.52;1415957
20130111;36.6;36.97;36.52;36.8;1336442
20130114;36.64;36.98;36.63;36.83;1418415
20130115;36.53;36.82;36.39;36.71;1617485
20130116;36.76;37.51;36.43;36.73;1213845
20130117;36.77;37.68;36.73;37.33;1959737
20130118;37.25;37.53;37.14;37.5;1599654
20130122;37.4;37.58;36.19;36.55;2703517
20130123;36.71;37.05;36.61;36.86;1653158
20130124;37.39;38;37.11;37.6;3326276
20130125;39.5;40;38.9;38.99;8054799
20130128;39.11;39.21;38.75;38.86;2798531
20130129;38.65;39.11;38.02;38.86;2633597
20130130;39.5;39.5;38.6;38.73;4317362
20130131;38.77;39.3;38.62;38.88;2723346
20130201;39.39;39.39;38.88;38.94;2842981
20130204;38.75;39.17;38.4;38.53;1929105
20130205;38.77;39.25;38.62;39.06;1881800
20130206;38.86;39.03;38.51;38.71;2299719
20130207;38.61;38.76;38.1;38.65;2514202
20130208;38.79;39;38.69;38.89;1534449
20130211;39.07;39.21;38.63;38.89;1368345
20130212;38.91;39.24;38.8;38.91;1907926
20130213;38.91;39.17;38.53;38.66;1708966
20130214;38.54;38.77;38.22;38.67;2525640
20130215;38.65;39.51;38.59;39;2910931
20130219;39.1;39.12;38.84;38.98;1737923
20130220;39.17;39.67;38.7;38.73;6135854
20130221;38.58;38.62;37.91;37.97;2851527
20130222;38.1;38.37;37.82;37.91;2684958
20130225;38.23;38.25;36.52;36.62;7232683
20130226;35.92;38.08;35.77;36.79;7572430
20130227;36.62;36.98;35.99;36.2;9941394
20130228;36.31;36.95;36.22;36.72;4037788
20130301;37.25;37.56;36.55;37.36;11398326
20130304;37.34;38.69;37.14;38.65;4082246
20130305;38.76;39.55;38.75;39.34;3946539
20130306;39.51;39.95;39.44;39.94;3070300
20130307;39.87;40.08;39.54;40.01;2433831
20130308;40;40.3;39.78;40.17;2046024
20130311;40;40.38;39.98;40.36;1281717
20130312;40.37;40.44;39.72;40.3;2069821
20130313;40.28;40.56;39.95;40.46;1803819
20130314;40.67;40.81;40.46;40.69;1851042
20130315;40.51;40.64;40.14;40.14;2128756
20130318;39.76;40.31;39.34;40.03;1787165
20130319;40.05;40.38;39.32;39.67;3069635
20130320;40.53;41.42;40.26;41.16;3845321
20130321;40.6;41.27;40.25;41.03;2049129
20130322;41.04;41.4;40.78;41.39;1741490
20130325;41;41.21;40.27;40.38;2239187
20130326;40.61;40.99;40.42;40.6;1553797
20130327;40.46;40.96;40.29;40.92;1348496
20130328;40.62;41.3;40.43;41.25;1784727
20130401;40.09;40.68;39.76;39.93;4038013
20130402;39.97;40.65;39.37;39.57;2568753
20130403;39.55;39.76;38.44;38.54;2713511
20130404;38.53;38.68;38.04;38.48;2636361
20130405;37.87;38.4;37.27;38.35;2559522
20130408;38.44;38.44;37.92;38.35;1808259
20130409;38.37;38.63;38.03;38.46;1421275
20130410;38.47;39.87;38.46;39.65;1988711
20130411;39.49;39.52;38.92;39.01;2320860
20130412;38.95;38.95;38.01;38.36;2174564
20130415;38.11;38.21;36.56;36.71;4335798
20130416;37.14;37.8;37.01;37.69;2136575
20130417;37.33;37.43;36.38;36.82;2699802
20130418;36.9;37.02;35.92;35.93;2129509
20130419;35.91;36.45;35.51;36.12;1835314
20130422;36.16;36.41;35.62;36.24;1681552
20130423;36.49;37.26;36.39;37.26;2626182
20130424;37.11;37.72;36.82;37.56;2132710
20130425;37.5;38.15;37.31;37.87;2025263
20130426;37.93;38.11;37.3;37.31;1862567
20130429;37.36;38.24;37.25;38.21;1669508
20130430;38.24;39.38;38.14;39.38;5426160
20130501;39.23;39.69;38.05;38.19;2902358
20130502;38.17;38.77;37.92;38.53;1323927
20130503;39;39.53;38.78;39.52;2016189
20130506;39.39;39.68;39.19;39.6;1909516
20130507;39.66;40.02;39.16;39.54;1471904
20130508;39.34;40.03;39.28;39.98;1722613
20130509;39.95;40.22;39.56;39.75;2664393
20130510;39.81;39.94;39.41;39.75;2608847
20130513;39.64;39.64;38.68;38.9;2895194
20130514;39.03;39.63;38.85;39.42;2169354
20130515;39.32;39.78;39.19;39.43;2463076
20130516;39.39;40.27;39.35;39.78;4498387
20130517;36.75;37.33;34.4;37.11;16959640
20130520;37.14;37.87;36.74;36.99;3450165
20130521;37.05;37.63;36.87;37.48;3278892
20130522;37.41;37.94;36.46;36.57;3428660
20130523;36.36;36.96;36.22;36.46;3392330
20130524;36.34;36.47;35.74;36.08;2767960
20130528;36.51;37.08;36.33;37.07;3168379
20130529;36.85;37.31;36.66;37.1;1745649
20130530;37.14;37.99;37.08;37.9;2327701
20130531;37.53;38.36;37.4;37.73;3034466
20130603;37.95;38.07;36.92;37.38;2239163
20130604;37.32;37.71;36.57;36.7;2060573
20130605;36.68;37;36.07;36.12;1650027
20130606;36.03;36.13;35.6;35.97;3224128
20130607;36.32;36.92;36.12;36.65;2315083
20130610;36.65;36.79;35.93;35.97;2931891
20130611;35.61;35.89;35.27;35.33;2898060
20130612;35.6;35.63;34.5;34.93;3441593
20130613;34.8;36.02;34.6;35.88;4112750
20130614;35.97;35.97;35.02;35.09;2340973
20130617;34.9;35.57;34.88;35.43;1972677
20130618;35.33;35.52;35.12;35.13;1887289
20130619;35.48;36.4;35.3;35.51;3367162
20130620;35.24;35.43;34.49;34.56;2847218
20130621;34.5;34.68;33.59;34.21;4650861
20130624;33.97;34.03;33.01;33.48;2969230
20130625;33.85;34.17;33.5;34.04;2785986
20130626;34.33;34.75;34.24;34.64;2577988
20130627;34.71;35.26;34.63;34.92;1680581
20130628;34.61;34.62;33.87;33.94;4020203
20130701;34.01;34.32;33.73;33.8;2972602
20130702;33.81;33.99;33.22;33.49;2272521
20130703;33.31;33.68;33.23;33.49;1789678
20130705;33.94;34.26;33.64;34.16;2322788
20130708;34.3;34.47;34.18;34.38;2907319
20130709;34.5;34.81;34.29;34.39;1990156
20130710;34.36;34.59;33.98;34.31;2555723
20130711;34.83;35.46;34.5;35.4;2247873
20130712;35.49;36.4;35.42;36.01;2746171
20130715;36.22;36.22;35.7;36.13;1027308
20130716;36.11;36.39;35.83;36.16;1990550
20130717;36.15;36.6;36.02;36.4;1617712
20130718;36.37;36.91;36.37;36.87;2397626
20130719;36.87;36.87;36.34;36.49;2558871
20130722;36.4;36.71;36.07;36.47;1959504
20130723;36.68;36.71;36.37;36.48;1845406
20130724;36.8;37.22;36.8;36.86;1828684
20130725;36.9;37.05;36.45;36.73;1036410
20130726;36.37;36.73;35.95;36.51;1296812
20130729;36.4;36.64;36.05;36.16;1363902
20130730;36.27;36.72;36.06;36.58;1604619
20130731;36.51;36.68;34.73;35.39;4517576
20130801;34.79;35.14;34.22;34.27;6847333
20130802;34.42;35.14;34.16;35.03;5530075
20130805;34.95;35.51;34.9;35.26;3241641
20130806;35.25;35.3;34.76;34.9;2054468
20130807;34.9;34.98;34.31;34.89;1848439
20130808;35.1;35.72;35.08;35.6;1856607
20130809;35.63;36;35.48;35.85;1845630
20130812;35.68;36.11;35.58;35.95;1550044
20130813;36.06;36.81;35.92;36.68;2446497
20130814;36.6;36.81;36.17;36.74;2123275
20130815;36.46;36.46;35.86;36.04;2470541
20130816;36;36.13;35.53;35.94;2803738
20130819;35.96;36.36;35.4;35.41;1759819
20130820;35.45;35.99;35.05;35.69;1893306
20130821;35.69;36.04;35.57;35.62;2227252
20130822;35.71;36.22;35.7;36.13;2767736
20130823;38.9;41.72;38.75;38.91;16680725
20130826;38.59;39.24;37.74;37.89;6674862
20130827;37.38;37.6;36.95;36.99;4629560
20130828;36.95;37.21;36.68;36.9;3196172
20130829;36.75;37.29;36.72;37.02;2335636
20130830;37.04;37.12;36.56;36.75;1852903
20130903;37.11;37.71;36.83;37.13;1981258
20130904;37.05;37.41;36.9;37.12;3630987
20130905;37.1;37.29;36.95;37.04;1969161
20130906;37.25;37.33;36.68;37.14;3792082
20130909;37.18;37.83;37.14;37.7;1867572
20130910;37.89;38.15;37.87;38.08;2078764
20130911;38.03;38.34;37.78;38.31;3108276
20130912;38.26;38.44;37.84;37.88;2062990
20130913;38.06;38.33;38;38.18;1970907
20130916;38.55;39.11;38.55;39.07;4700342
20130917;39.09;39.38;38.89;39.31;2514372
20130918;39.5;40.68;39.41;40.62;4679631
20130919;40.61;41.19;40.42;40.94;4134654
20130920;40.96;41.13;40.68;41;3326094
20130923;40.57;41.14;40.35;40.76;3129750
20130924;40.74;41.02;40.23;40.82;2855244
20130925;40.64;41.1;40.24;40.67;2698873
20130926;40.8;42.41;40.75;41.94;7341082
20130927;41.59;42.11;41.45;41.79;3170404
20130930;41.21;41.44;40.55;41.17;4475077
20131001;40.36;40.87;40.17;40.49;8343288
20131002;41.29;42.82;41.03;42.55;13162788
20131003;41.54;42.25;41.21;42.15;7238204
20131004;41.96;42.79;41.68;42.49;3926518
20131007;41.93;42.18;41.62;41.69;2723462
20131008;41.65;41.94;40.24;40.39;3882108
20131009;40.47;40.62;39.36;39.96;5027963
20131010;40.13;40.76;40.09;40.61;2643387
20131011;40.57;41.13;40.39;41.05;2203002
20131014;40.6;41.33;40.11;41;3443596
20131015;41.04;41.16;40.7;40.89;3259173
20131016;41;41.14;40.66;40.78;2082839
20131017;40.52;40.69;39.85;40.41;3446536
20131018;40.39;40.72;40.12;40.28;2712298
20131021;40.36;40.62;39.83;40.02;1995565
20131022;40.27;40.41;39.9;40;1644820
20131023;39.76;39.99;39.24;39.49;1898241
20131024;39.59;40.36;39.54;40.2;2350624
20131025;40.52;40.52;39.7;39.87;1341752
20131028;39.8;40.04;39.46;39.67;1189730
20131029;39.86;40.3;39.51;40.3;2255665
20131030;40.3;40.72;39.93;40.04;2625706
20131031;40.1;40.34;39.85;39.9;2224741
20131101;40.11;41.94;40.09;41.89;5897250
20131104;41.85;42;41.5;41.8;2733983
20131105;41.65;42.01;41.06;41.71;3311154
20131106;41.96;42.15;41.54;42.02;2777206
20131107;42.25;43.17;41.41;41.76;3885679
20131108;41.89;42.77;41.73;42.76;2151409
20131111;42.71;43.74;42.44;43.48;3664975
20131112;43.29;43.74;43.25;43.61;2003290
20131113;43.54;43.7;43.15;43.54;2652943
20131114;42.97;44.21;42.9;44.13;2635432
20131115;44.2;45.03;43.88;44.11;2898389
20131118;44.14;44.4;43.24;43.3;2327215
20131119;43.18;43.35;42.16;42.28;3621957
20131120;42.5;43.04;42.21;42.34;2803354
20131121;42.58;43.6;42.21;43.53;4253980
20131122;43.64;45.95;43.55;45.86;7219012
20131125;45.55;45.73;44.93;45.39;3759016
20131126;45.39;45.52;45;45.28;2557113
20131127;45.4;45.74;45.05;45.44;2152028
20131129;45.28;45.4;44.97;45.25;1174008
20131202;45.27;45.55;44.95;45.42;1871666
20131203;45.4;45.98;45.2;45.77;2491270
20131204;45.81;46.47;45.58;46.29;2598727
20131205;46.18;46.56;45.81;45.94;2270101
20131206;46.56;46.57;46.16;46.42;2032721
20131209;45.8;46.85;45.75;46.78;2023825
20131210;46.29;46.98;46.26;46.79;2518735
20131211;46.94;47.05;45.64;45.75;3146301
20131212;45.85;46.17;45.25;45.51;3244287
20131213;45.99;48.39;45.8;47.74;5599538
20131216;47.71;48;47.17;47.19;2471770
20131217;47.19;47.71;47;47.5;2174977
20131218;47.34;48.3;46.6;48.27;2920996
20131219;48.13;48.45;47.89;48.05;1617223
20131220;48.1;49.22;47.84;49.19;5075652
20131223;49.31;49.53;49.07;49.46;1854727
20131224;49.35;49.73;49.18;49.7;852485
20131226;49.63;49.85;49.36;49.39;1499246
20131227;49.61;49.9;49.39;49.54;1206137
20131230;49.6;49.79;49.07;49.58;909899
20131231;49.79;50.5;49.61;50.32;2002280
20140102;49.33;49.74;48.88;49.25;2488043
20140103;49.11;49.5;48.78;48.9;1934150
20140106;48.98;49.29;48.29;48.55;1856499
20140107;48.89;50.1;48.63;49.68;2002471
20140108;49.5;50.55;49.05;50.24;2047387
20140109;50.82;51.68;50.74;51.08;3716379
20140110;51.14;51.48;50.64;51.47;2182743
20140113;52;52.7;51.31;51.57;4561673
20140114;51.65;52.74;51.29;52.64;2876407
20140115;52.83;53.62;52.8;53.29;3241210
20140116;53.22;53.73;52.98;53.6;2403308
20140117;53.63;53.73;53.04;53.24;2123219
20140121;53.42;54.18;53.03;53.3;2153261
20140122;53.18;53.5;52.31;52.37;3108450
20140123;52.68;52.68;51.71;51.86;3593210
20140124;51.65;51.65;50.25;50.44;4254062
20140127;50.63;50.95;49.33;50.59;3640930
20140128;50.48;51.29;50.46;51.24;1818844
20140129;50.76;51;49.61;49.65;2728953
20140130;51.55;51.9;50.71;51.52;4046089
20140131;50.77;51.63;50.7;51.25;2155298
20140203;51.01;51.49;48.93;49.33;4320396
20140204;49.79;50.38;49.63;50.12;2032323
20140205;49.87;50.11;49.37;49.96;1699151
20140206;49.89;51.11;49.7;50.96;1827250
20140207;51.05;52.19;50.82;51.99;2650430
20140210;51.84;52.49;51.75;52.28;2340651
20140211;52.55;53.09;52.3;52.92;1961023
20140212;52.93;53.88;52.76;53.77;3001462
20140213;53.51;54.49;53.39;54.13;3033103
20140214;53.94;54.97;53.94;54.17;3346484
20140218;54.17;54.86;53.8;54.52;2750807
20140219;54.52;55.17;54.37;54.47;2310664
20140220;54.37;54.98;53.6;54.9;1847406
20140221;55.1;55.55;54.62;55.4;2534750
20140224;55.4;55.98;54.45;54.47;4212883
20140225;54.45;54.77;54.03;54.66;2484556
20140226;54.82;55.03;53.89;54.72;3838457
20140227;57.2;58.68;53.72;54.28;11610022
20140228;54.1;54.16;51.89;52.48;6954041
20140303;51.32;51.72;50.59;51.67;6328777
20140304;52.32;53.53;52.05;53.5;3841406
20140305;53.15;53.7;52.99;53.44;2133827
20140306;53.6;53.94;53.42;53.74;2273916
20140307;53.68;53.92;53.25;53.61;1477894
20140310;53.61;53.65;52.57;52.59;1839293
20140311;52.66;53.26;52.52;52.81;2126520
20140312;52.59;52.61;51.63;52.34;1982479
20140313;52.62;52.73;50.13;50.47;4004655
20140314;50.52;51.03;50.32;50.47;2811716
20140317;50.88;51.74;50.69;51.28;1957440
20140318;51.38;52.47;51.3;52.43;1683209
20140319;52.66;52.9;50.86;51.05;3825323
20140320;50.91;51.79;50.78;51.61;2717365
20140321;52.07;52.07;50.04;50.04;3862729
20140324;50.11;50.49;49.14;49.74;2705461
20140325;49.87;50.75;49.46;49.78;2555776
20140326;49.85;50.37;48.63;48.68;2973654
20140327;48.6;48.6;47.91;48.28;4610761
20140328;48.44;48.96;47.92;48.34;2210582
20140331;48.78;49.7;48.69;49.18;2895775
20140401;48.86;50.12;48.48;50.07;2833768
20140402;50.1;50.29;49.43;49.58;2068969
20140403;49.71;49.9;48.18;48.31;2877822
20140404;48.85;49.14;46.54;47.32;5314457
20140407;47.08;47.5;46.19;46.59;2269682
20140408;46.68;47.44;46.27;47.15;3128200
20140409;47.48;48.59;47.22;48.49;3074663
20140410;48.44;48.44;45.89;45.97;4297797
20140411;45.34;45.85;44.76;45.19;8206720
20140414;45.74;46.34;45.27;45.83;2463303
20140415;46.09;46.88;45.22;46.82;3221762
20140416;47.26;47.64;46.63;47.55;2050687
20140417;47.39;48.89;47.13;48.49;3302876
20140421;48.64;48.87;48.06;48.4;3048501
20140422;48.4;49.38;48.23;49.01;1742650
20140423;48.65;48.95;47.93;48.23;1624583
20140424;48.73;48.9;47.22;47.72;2241537
20140425;47.63;48.08;46.93;47;2368758
20140428;47.79;48.22;46.07;46.62;3470607
20140429;46.8;47.59;46.5;47.57;1883672
20140430;47.4;48.02;47.11;48.02;1624629
20140501;47.84;48.94;47.81;48.42;2323577
20140502;48.47;48.7;47.54;47.68;2144163
20140505;47.61;47.86;47.08;47.52;1389059
20140506;47.31;47.61;46.97;47.03;1690682
20140507;47.07;47.23;46.09;46.76;2014675
20140508;46.68;47.79;46.24;46.82;1936955
20140509;46.77;47;46.11;46.85;961685
20140512;47.04;48.93;47;48.61;3270362
20140513;48.79;49.05;48.17;48.32;2172270
20140514;48.55;48.95;48.03;48.07;1749877
20140515;48.05;48.23;47.07;47.82;3485698
20140516;50.45;52.07;49.61;51.67;7928673
20140519;51.22;52.5;51.22;51.55;2841825
20140520;51.64;51.72;50.53;51.07;2182051
20140521;51.24;51.63;50.58;50.93;2374757
20140522;50.97;51.7;50.77;51.51;1588605
20140523;51.68;52.06;51.15;52;1152756
20140527;52.05;52.75;51.89;52.47;1590948
20140528;52.58;52.65;51.56;51.72;1957186
20140529;51.88;52.77;51.74;52.69;2476967
20140530;52.79;52.79;52.07;52.37;1826820
20140602;52.45;52.75;51.73;52.52;1596820
20140603;52.5;53.18;52.25;53.15;2434409
20140604;52.88;53.24;52.74;53.03;1242592
20140605;52.95;53.74;52.83;53.72;1422683
20140606;54;55.43;53.92;54.87;2313535
20140609;54.66;54.87;54.17;54.51;2130414
20140610;54.27;54.58;53.95;54.08;1162759
20140611;53.8;54.11;53.54;54.09;991833
20140612;53.86;54.41;53.67;53.85;1147572
20140613;54.12;54.45;53.77;54.25;1766029
20140616;53.87;54.88;53.87;54.58;1584907
20140617;54.15;55;54.15;54.63;1942531
20140618;55;57.17;54.99;56.96;4853960
20140619;56.78;57.17;55.67;56.31;1977733
20140620;56.37;56.37;55.86;56.19;1870342
20140623;56.12;56.43;55.84;56.17;885609
20140624;56.11;56.49;55.71;55.8;1066927
20140625;55.8;56;55.45;55.62;1579377
20140626;55.88;56.26;55.44;56.25;1069215
20140627;55.63;56.43;55.63;56.4;1131708
20140630;56.2;56.69;55.82;56.38;2253400
20140701;56.07;57.3;55.97;57.13;2329946
20140702;56.78;57.59;56.76;56.83;1361897
20140703;57.03;57.28;56.84;56.88;842211
20140707;56.76;56.8;55.84;55.93;1376395
20140708;56.05;56.2;54.54;55.64;2106985
20140709;55.89;55.98;55.25;55.63;1097776
20140710;55.37;55.99;54.78;55.44;1708942
20140711;55.55;55.71;55;55.57;1226931
20140714;55.81;56.17;55.7;56.04;1241562
20140715;55.96;56.11;55.17;55.48;1147179
20140716;55.72;55.79;55.24;55.42;1064570
20140717;55.42;55.98;55.17;55.42;2873540
20140718;55.78;57.39;55.47;57.36;2614103
20140721;56.91;57.2;55.95;56.2;2022664
20140722;56.34;56.93;56.34;56.39;1754309
20140723;56.77;56.87;55.85;55.88;2008979
20140724;56.12;56.47;55.87;56;1641966
20140725;55.82;55.96;55.14;55.23;1964709
20140728;55.26;55.52;54.51;55.19;1460003
20140729;55.32;55.84;55.23;55.47;1371700
20140730;55.79;55.95;55.29;55.61;1067699
20140731;54.98;55.19;53.17;53.35;2805931
20140801;53.36;53.82;52.48;53.34;2439803
20140804;53.37;54.31;53.3;54.15;1905264
20140805;53.79;54.68;53.73;54.15;1575029
20140806;53.87;54.9;53.4;54.23;2095914
20140807;54.58;54.81;53.44;53.63;1334436
20140808;53.67;54.24;53.48;53.91;1897775
20140811;54.17;54.39;53.81;54.34;1920332
20140812;53.95;54.77;53.95;54.62;1520472
20140813;54.64;55.82;54.64;55.79;1223733
20140814;55.35;56.92;55.35;56.28;3602345
20140815;58.44;58.53;51.88;52.66;14280610
20140818;53.04;53.9;52.88;53.79;4700845
20140819;53.95;54.03;53.55;53.75;2290894
20140820;53.66;53.91;53.17;53.59;3147130
20140821;53.68;53.93;53.5;53.78;1751673
20140822;53.89;53.89;53.39;53.46;2312454
20140825;53.7;53.83;53.2;53.54;1052591
20140826;53.52;54.59;53.52;54.24;1947676
20140827;54.34;54.5;53.73;53.78;1161333
20140828;53.63;54.27;53.31;54;1250666
20140829;54.28;54.39;53.45;53.64;1774866
20140902;53.96;53.96;52.88;53.46;1793306
20140903;53.8;54.41;53.46;54.36;1940591
20140904;54.27;55.25;53.95;54.18;2137483
20140905;54.09;54.37;53.83;54.18;2099302
20140908;54.17;54.93;54.11;54.37;1175212
20140909;54.2;54.38;53.53;53.64;1372955
20140910;53.58;53.88;53.27;53.37;1418441
20140911;53.19;54.15;52.81;54.13;1862396
20140912;54.07;54.25;52.69;53.54;3253038
20140915;52.99;53.91;52.99;53.73;4057962
20140916;53.56;54.76;53.48;54.75;3440688
20140917;54.32;55.21;54.05;54.89;3410028
20140918;55.1;55.91;55;55.73;2960357
20140919;55.85;55.98;54.85;55.61;4684280
20140922;55.24;55.42;54.12;54.88;4380307
20140923;54.7;55.15;54.7;54.95;2227312
20140924;55.04;55.72;54.25;55.66;3608035
20140925;55.57;55.65;54.4;54.43;3394533
20140926;54.4;54.66;53.8;54.28;3518377
20140929;53.68;55.08;53.52;55.04;1784708
20140930;55.11;55.37;54.19;55.1;2384588
20141001;53.48;56;53;55.66;9834197
20141002;56.78;58.75;56.42;57.74;10205237
20141003;57.9;58.49;57.81;58.12;3592743
20141006;58.38;58.68;58.12;58.18;2691122
20141007;57.87;57.97;56.54;56.59;3293033
20141008;56.54;57.18;55.59;57.08;2846529
20141009;57.01;57.64;55.72;56.07;3988842
20141010;55.96;56.34;53.57;53.72;5370811
20141013;53.45;53.68;51.89;51.94;3838301
20141014;52.53;52.53;49.58;50.13;5947448
20141015;49.01;50.67;48.38;50.52;4815777
20141016;49.34;50.24;49.28;49.89;2944470
20141017;50.35;51.21;50.14;50.79;2390484
20141020;50.74;51.84;50.15;51.82;2905272
20141021;52.44;53.11;52.06;52.8;1784404
20141022;52.84;53.11;52.08;52.25;2794322
20141023;52.63;54.15;52.46;53.55;2292038
20141024;53.8;54.49;53.53;54.45;1882087
20141027;54.25;54.97;54.07;54.77;1235968
20141028;54.97;56.1;54.85;56.1;2073353
20141029;56.01;56.7;55.58;55.96;1205254
20141030;55.87;57.48;55.81;57.37;1626996
20141031;58.51;58.74;57.47;57.54;2370288
20141103;57.77;58.37;57.37;57.77;2541435
20141104;57.58;58.37;57.53;58.24;2154083
20141105;58.46;58.7;57.74;58.32;1748494
20141106;58.6;59.33;58.45;59.2;1809234
20141107;59.29;59.54;58.55;59.42;1700746
20141110;59.32;59.79;59.06;59.4;1773166
20141111;59.67;59.67;58.83;58.99;1762144
20141112;58.88;59.47;58.83;58.98;1674001
20141113;59.35;59.66;58.91;59.31;1779833
20141114;59.37;59.89;59.26;59.66;1329724
20141117;59.52;59.88;58.79;58.99;1474652
20141118;59.48;60.2;59.17;59.23;2378881
20141119;59.42;59.44;58.84;59.1;2122094
20141120;58.66;59.14;58.29;58.41;3485058
20141121;61;63;60.65;61.95;7463746
20141124;61.68;61.8;60.92;61.28;4942227
20141125;61.47;62.05;60.8;61.03;2232587
20141126;61.04;61.55;60.93;61.35;1074771
20141128;61.76;62.49;61.4;62;989322
20141201;61.72;61.97;60.5;60.51;1543321
20141202;60.5;61.13;60.22;60.74;1793984
20141203;60.54;61.48;60.54;61.45;1514466
20141204;61.14;61.53;60.83;61.09;1020687
20141205;61.13;61.42;60.65;60.9;1190695
20141208;60.27;61.08;59.92;60.1;1465306
20141209;59.48;60.33;59.13;60.17;1112159
20141210;59.68;60.14;58.81;58.91;1355815
20141211;59.25;60.14;58.68;58.82;922713
20141212;58.7;59.6;58.45;58.88;1543016
20141215;59.12;59.73;58.21;58.21;1977140
20141216;57.07;57.85;56.47;56.63;2656261
20141217;56.5;57.17;56.12;57.01;1507323
20141218;57.92;59.47;57.38;59.46;2267091
20141219;59.49;60.34;59.36;59.9;3121258
20141222;60.02;60.66;59.7;60.19;849502
20141223;60.34;60.98;59.99;60.65;1055936
20141224;60.77;61.34;60.53;60.99;355479
20141226;60.92;61.51;60.89;61.03;680016
20141229;60.83;60.98;60.32;60.76;650143
20141230;60.24;60.92;60.18;60.51;1226083
20141231;60.83;61.23;60.01;60.06;1899167
20150102;60.06;60.49;58.95;59.53;901928
20150105;59.15;59.44;58.46;58.66;2130647
20150106;58.89;59.22;57.31;57.5;1941688
20150107;57.78;58.52;57.1;57.38;1218693
20150108;57.87;59.13;57.74;58.8;1307198
20150109;58.78;59.17;57.6;58.27;1348655
20150112;58.34;58.55;57.14;57.29;1506466
20150113;57.68;58.99;56.86;57.34;1589305
20150114;56.59;57.12;55.9;56.41;1324320
20150115;56.38;56.62;55.57;55.71;1129475
20150116;55.59;56.95;55.51;56.85;1012944
20150120;57.27;57.44;56.33;57.1;1175233
20150121;56.78;58.19;56.48;57.55;1666162
20150122;57.89;58.63;56.97;58.27;1602130
20150123;58.32;58.85;58.01;58.19;1212893
20150126;58.28;58.51;57.43;58.23;855927
20150127;57.56;57.76;55.54;56.15;1963334
20150128;56.34;56.69;54.49;54.59;2177203
20150129;54.58;55.47;54.08;55.36;1114333
20150130;54.78;55.32;53.89;54.01;1477952
20150202;54.34;54.34;53.02;54.12;1980920
20150203;54.5;55.01;53.92;54.92;1601412
20150204;55.1;56.99;55.09;56.44;2350773
20150205;56.45;56.57;55.86;56.23;1672455
20150206;56.49;57.75;56.29;57.07;1514228
20150209;56.83;57.76;56.82;57.34;1435309
20150210;57.63;58.74;57.63;58.5;1958692
20150211;58.35;58.84;58.14;58.3;1344626
20150212;58.69;59.1;58.43;59.07;855517
20150213;59.24;60.76;59.1;60.67;2028496
20150217;60.58;61.14;60.3;61.13;1464177
20150218;60.8;61.5;60.5;61.11;2517144
20150219;61.15;61.9;61.08;61.46;2167425
20150220;61.16;62.41;60.96;62.37;1797997
20150223;62.42;62.42;61.38;61.95;1858232
20150224;61.89;62.25;61.51;62.07;1479590
20150225;62.15;62.57;61.82;62.01;1788106
20150226;62.09;62.95;60.69;61.01;3911009
20150227;63.05;65;62.59;64.24;5326364
20150302;64.05;64.72;63.65;64;2927592
20150303;63.47;63.96;62.67;62.7;3196901
20150304;62.48;62.69;61.13;62.52;2588828
20150305;62.5;63.15;61.99;62.95;2201368
20150306;62.26;62.68;61.36;61.74;1716486
20150309;61.65;62.24;61.51;61.76;1226563
20150310;61.02;61.19;59.52;59.64;2789349
20150311;59.88;60.67;59.7;59.88;2505565
20150312;60.02;60.44;59.81;60.14;1841077
20150313;59.88;60.57;59.41;60.48;1952707
20150316;60.68;61.64;60.68;61.5;1421303
20150317;61.2;61.62;61.17;61.43;1184869
20150318;60.93;61.97;60.63;61.63;3138426
20150319;61.6;61.83;60.94;61;1786321
20150320;61.45;61.49;60.87;60.98;3533873
20150323;60.95;61.38;60.75;60.83;1200478
20150324;60.68;61.44;60.43;61.07;1314569
20150325;60.95;61.03;59.35;59.35;1932369
20150326;58.7;59.38;58.46;58.72;1902913
20150327;58.65;59.32;58.48;58.72;2385033
20150330;58.86;59.37;58.72;59.3;4320748
20150331;58.36;59.4;58.36;58.64;2882630
20150401;57.68;59.06;57.21;58.74;3445195
20150402;58.79;60.07;58.49;59.82;2533826
20150406;59.26;60.03;58.87;59.71;2329497
20150407;59.81;61.14;59.47;60.69;2002681
20150408;60.89;61.96;60.78;61.83;2249541
20150409;62.19;62.87;61.8;62.81;2030412
20150410;62.49;63.09;62.04;62.74;961328
20150413;62.74;63;61.75;61.77;1220993
20150414;61.95;62.33;61.42;62.01;2309264
20150415;62.12;62.42;61.26;61.51;2257972
20150416;61.18;61.76;60.86;61.66;1067141
20150417;61.01;61.12;59.68;60.35;1911343
20150420;60.82;61.33;60.62;61.04;1322813
20150421;61.38;61.82;61.19;61.61;1399593
20150422;61.87;62.23;61.36;62.13;1097147
20150423;61.87;63.21;61.84;62.75;1384412
20150424;62.95;62.95;62.11;62.64;1082904
20150427;62;62.17;60.35;60.6;3421562
20150428;60.64;61.22;60.2;60.66;1789293
20150429;60.37;60.97;59.05;59.54;2293081
20150430;58.9;58.92;56.38;56.83;5330033
20150501;57.11;57.68;56.75;57.59;2042899
20150504;57.65;58.17;57.42;57.76;1755318
20150505;57.38;57.67;56.54;56.74;1183604
20150506;57.11;57.37;55.77;56.19;1187041
20150507;56.14;56.69;55.92;56.35;1146069
20150508;57.01;57.76;56.73;57.27;1560010
20150511;57.23;57.97;57.14;57.45;1270654
20150512;57.23;57.42;56.53;56.8;2599346
20150513;56.94;58.72;56.8;58.69;2561918
20150514;59.03;59.37;58.47;58.98;2662746
20150515;59.23;59.42;58.67;58.8;1240076
20150518;58.61;58.76;58.14;58.4;1871271
20150519;58.56;58.65;57.37;57.52;5439723
20150520;56.8;58.47;56.2;57.58;7858564
20150521;57.39;57.73;56.9;57.51;3407343
20150522;57.44;57.78;56.38;56.39;2515642
20150526;56.23;56.23;54.51;55.09;3738253
20150527;54.94;55.81;54.81;55.49;2235135
20150528;55.31;55.69;54.5;54.55;2568238
20150529;54.44;54.75;54.14;54.15;3208930
20150601;54.39;54.7;53.75;54.39;2718323
20150602;54.18;54.88;53.92;54.35;1927902
20150603;54.68;55.33;54.4;54.94;2867863
20150604;54.35;54.76;53.65;53.73;2744703
20150605;53.82;54.64;53.44;54.61;2850758
20150608;54.61;54.77;54.2;54.24;2681475
20150609;54.21;54.3;53.87;53.92;2296322
20150610;54.24;55.02;54.01;54.97;2381035
20150611;54.2;54.56;53.99;54.48;1979876
20150612;54.29;54.41;53.91;54.06;1473572
20150615;52.96;53.72;52.69;53.56;1920565
20150616;53.23;53.77;53.17;53.44;1798773
20150617;53.36;53.84;53.19;53.58;1244349
20150618;53.73;54.31;53.51;54.17;1497029
20150619;54.2;54.25;53.48;53.57;2216171
20150622;53.9;54.77;53.86;54.55;2714910
20150623;54.54;54.7;53.85;54.09;1795214
20150624;53.99;54.65;53.73;53.91;1607419
20150625;53.99;54.09;53.26;53.3;1693606
20150626;53.39;53.44;51.81;52.2;3871145
20150629;51.43;51.62;50.35;50.41;2425348
20150630;51.09;51.09;49.84;50.08;3551563
20150701;50.59;50.73;50.1;50.39;2854746
20150702;50.43;50.94;50.3;50.83;2770348
20150706;50.41;51.1;50.2;50.95;2441605
20150707;51.35;53.77;51.25;53.29;6125623
20150708;52.72;53.07;52.23;52.48;3808070
20150709;53.07;53.53;52.46;52.46;2746306
20150710;52.99;53.01;51.66;52.51;6029041
20150713;53;53.26;52.55;52.84;1962364
20150714;52.79;53.56;52.65;53.3;1665772
20150715;53.2;53.48;52.46;52.58;2128489
20150716;53.1;53.24;52.49;52.5;1795131
20150717;52.4;52.4;51.84;52.19;1968938
20150720;52.19;52.41;51.81;51.85;1461484
20150721;52.24;52.77;51.93;52.12;1509006
20150722;52.68;52.68;51.8;52;1207692
20150723;52;52.95;51.88;52.35;1699404
20150724;52.32;52.61;51.52;51.78;1335916
20150727;51.44;51.5;50.95;51.05;1392903
20150728;50.83;51.06;49.88;50.89;2407506
20150729;50.85;51.11;49.89;50.09;2568278
20150730;50.04;50.68;49.5;50.6;1893378
20150731;50.92;51.1;50.38;50.58;1671959
20150803;52.99;53.33;51.75;53.3;4625718
20150804;53.72;54.26;53.27;54.15;3043009
20150805;53.99;54.73;53.87;54.11;1867237
20150806;54.2;54.3;52.8;52.94;1616271
20150807;52.78;53.09;52.19;53.03;1063797
20150810;53.59;54.38;53.39;54.38;1394420
20150811;54.04;54.56;53.62;54.06;1641043
20150812;53.57;54.96;53.08;54.82;2339239
20150813;54.24;55.06;54.03;54.61;1873763
20150814;54.55;55;54.35;54.86;1091157
20150817;54.79;55.41;54.33;55.4;1047566
20150818;55.28;55.41;54.44;54.59;1215989
20150819;54.47;54.72;53.72;54.32;1366425
20150820;53.71;54.1;53.1;53.1;2646422
20150821;52.55;53.07;51.75;51.76;3370937
20150824;48.94;50.65;46.77;49.39;5094255
20150825;50.89;50.89;48.11;48.17;4101884
20150826;49.51;49.57;48.2;49.13;4923448
20150827;49.62;50.58;49.09;50;7302079
20150828;47.76;49;46.26;47.52;12496771
20150831;47.33;47.33;46.43;46.75;5038326
20150901;45.72;46.54;45.34;45.49;4605870
20150902;46.11;46.31;44.46;45.99;6797381
20150903;46.19;46.35;45.67;45.94;4776604
20150904;45.2;45.94;45.12;45.37;2552714
20150908;46.12;46.85;46.01;46.81;3951127
20150909;47.21;47.45;46.03;46.16;9429458
20150910;45.97;46.72;45.82;46.23;6143521
20150911;46.01;46.38;45.76;46.3;1933916
20150914;45.39;46.35;45.38;46.15;2163874
20150915;46.16;47.02;46.13;46.62;2525492
20150916;46.57;46.99;46.5;46.9;2517404
20150917;46.79;47.39;46.44;46.78;2839424
20150918;46.17;47.3;46.06;46.48;3875408
20150921;46.58;47.6;46.5;47.41;3194802
20150922;46.89;47.45;46.34;46.93;3505787
20150923;46.85;47.57;46.67;46.92;2715101
20150924;46.59;47.29;46.22;47.05;2323713
20150925;47.09;47.93;46.74;46.97;2169122
20150928;47.05;47.27;45.96;46.14;2297855
20150929;46.13;46.37;45.01;45.24;3901959
20150930;45.39;45.98;43.9;44.14;6357993
20151001;43.68;44.35;42.78;43.14;7593804
20151002;42.6;44.04;42.06;44;4404520
20151005;44.3;44.57;43.99;44.29;2982057
20151006;44.21;44.84;43.77;44.8;4756410
20151007;44.83;45.96;44.8;45.9;3918588
20151008;45.88;47.41;45.87;47.31;3120639
20151009;47.41;51.67;47.39;51.57;9182547
20151012;51.38;51.77;50.78;51.55;4496355
20151013;51.42;52.53;51.02;52.08;4986405
20151014;52.1;52.15;51.24;51.37;2647867
20151015;51.53;52.39;51.53;52.16;1869795
20151016;52.37;52.54;51.57;52.04;3564670
20151019;51.91;52.74;51.66;52.44;3104103
20151020;51.99;52.34;51.69;52;2466624
20151021;52.34;52.39;51.08;51.13;1692557
20151022;51.5;53.32;51.5;52.59;2456543
20151023;52.8;52.84;51.86;52.39;2569054
20151026;53.24;53.67;52.94;53.61;3245609
20151027;53.44;54.13;53.18;54.1;3133666
20151028;54.24;55.82;53.95;55.5;3951354
20151029;55.21;55.31;54.82;55.06;2054933
20151030;53.07;55.6;53;55.19;3081987
20151102;55.51;57.03;55.16;56.89;3198017
20151103;56.9;58.56;56.63;57.93;2857284
20151104;57.9;58.11;57.48;57.83;2243356
20151105;61;63.72;60.14;63.49;12562533
20151106;62.8;63.92;62.24;63.88;4828173
20151109;62.54;63.63;62.39;63.51;3820182
20151110;61.88;63.37;61.82;63.36;3786620
20151111;63.51;63.64;62.1;62.12;4474430
20151112;62;62.42;61.38;61.75;3752644
20151113;61.6;61.71;60.18;60.45;3337991
20151116;60.78;61.72;60.07;60.93;4054679
20151117;61.17;62.4;60.87;61.25;2976551
20151118;61.28;61.61;60.1;61.25;3014368
20151119;61.47;62.65;61.04;62.39;3594327
20151120;60.55;60.88;58.55;60.55;7665544
20151123;60.42;63.27;60.42;62.71;2903747
20151124;62.24;63.36;62.04;63.08;1882985
20151125;63.17;63.3;62.72;62.92;1220481
20151127;63.04;63.26;62.69;63.05;674381
20151130;63.02;63.89;62.78;63.47;2137071
20151201;63.58;64.77;63.58;64.72;1927122
20151202;64.53;64.99;64.17;64.55;3217391
20151203;64.86;64.99;64.19;64.41;4277062
20151204;64.66;65.78;64.26;65.29;1885980
20151207;65.5;65.73;63.37;63.75;1987168
20151208;63.25;64.27;62.64;63.96;1488371
20151209;63.82;64.51;62.8;63.25;1364928
20151210;63.23;63.92;63.03;63.24;1211834
20151211;62.78;63.1;60.83;61.1;1840934
20151214;60.87;61.25;59.84;60.74;2312296
20151215;61.21;62.27;60.82;61.09;1740325
20151216;61.36;62.03;60.95;61.93;1666238
20151217;61.94;62.1;60.74;60.74;1702460
20151218;60.45;60.9;59.48;59.52;4337810
20151221;59.66;60.63;59.53;60.16;1554685
20151222;60.64;61.24;59.84;60.99;1107167
20151223;61.23;62.19;60.84;62.04;1045282
20151224;62.03;62.34;60.65;61.85;417286
20151228;61.68;61.96;61.2;61.86;989124
20151229;62.11;62.81;61.95;62.22;1004250
20151230;62.26;63.16;61.93;62.25;929914
20151231;62.13;62.85;60.91;60.93;1353915
20160104;60.01;60.54;59.24;60.31;2070653
20160105;60.39;60.8;60.01;60.39;1323627
20160106;59.46;59.8;58.95;59.54;3306268
20160107;58.36;58.69;55.97;55.98;3927892
20160108;56.17;56.46;54.6;55.06;2376784
20160111;55.3;55.55;54.07;55.23;2020662
20160112;55.51;56.5;54.55;54.79;2439184
20160113;55.07;55.07;49.85;50.87;9264892
20160114;51.04;52.86;50.15;52.65;4160615
20160115;50.99;51.36;48.95;49.4;5792204
20160119;49.4;49.89;47.08;47.59;3473071
20160120;46.81;48.45;45.12;47.9;3555253
20160121;47.98;48.55;46.94;47.87;2410513
20160122;48.64;49.34;48.36;49.03;1820110
20160125;48.81;49.19;47.86;47.97;1684905
20160126;48.29;48.67;47.39;48.42;2046693
20160127;48.34;48.9;46.24;46.49;3296839
20160128;46.95;47.4;45.04;45.27;3138847
20160129;45.72;46.83;45.34;46.82;2273663
20160201;46.65;47.98;46.04;47.65;2164681
20160202;47;47.47;45.63;45.89;1812868
20160203;49.9;50.9;47.47;49.56;6834198
20160204;49.46;50.74;48.62;49.51;2402754
20160205;48.98;49.24;45.82;46.17;3490948
20160208;45.58;45.76;42.24;43.45;3008958
20160209;42.45;44.55;41.6;42.64;3241930
20160210;43.27;44.44;42.89;43.72;2702599
20160211;42.8;43.69;41.85;43.26;2507913
20160212;43.73;45.04;43.01;44.92;1883854
20160216;44.98;45.92;44.22;44.89;2603498
20160217;45.34;47.07;45.34;46.67;1917552
20160218;46.79;48.2;46.77;47.75;2846483
20160219;47.58;50.34;47.4;49.91;3659440
20160222;49.9;50.77;49.47;50.35;2235197
20160223;49.92;50.63;49.28;49.69;1966871
20160224;49.25;49.65;48.22;49.18;6582902
20160225;49.49;50.28;48.75;49.42;8672523
20160226;50.93;51.88;49.25;51.19;11190122
20160229;50.98;52.58;50.95;51.74;3014537
20160301;52.4;54.37;52.12;54.31;2822908
20160302;54.02;54.43;53.65;54.41;1423739
20160303;54.09;54.82;53.5;54.79;1445688
20160304;55.25;57.12;55.02;56.25;2792837
20160307;55.87;58.34;55.42;58.17;2632186
20160308;57.67;57.95;56.03;56.86;2416795
20160309;57.13;57.42;55.85;56.69;2179751
20160310;57;57;54.57;55.95;2404967
20160311;56.9;57.2;56.3;56.61;3418419
20160314;56.21;56.95;55.98;56.7;2004498
20160315;56.45;56.46;55.54;56.32;1511331
20160316;56.22;57.5;55.94;56.97;2281197
20160317;56.92;57.34;56.39;57.06;1591422
20160318;57.69;58.61;57.3;57.81;2486468
20160321;57.69;58.23;57.07;58.17;1384741
20160322;57.8;58.6;57.03;57.98;1297525
20160323;57.9;58.37;57.16;57.29;1502504
20160324;56.96;57.53;56.18;57.37;1152559
20160328;57.31;57.6;56.35;57.11;1121790
20160329;56.74;58.41;56.26;58.23;987332
20160330;58.52;59.34;57.79;57.9;1350747
20160331;57.83;58.62;57.47;58.31;1365069
20160401;56.57;57.84;55.34;57.77;3741187
20160404;57.8;58.57;57.01;58.19;1313980
20160405;57.62;57.96;56.99;57.11;1138059
20160406;57.06;57.8;56.47;57.78;1628168
20160407;57.36;57.51;56.32;56.39;1451304
20160408;56.85;57.33;56.46;56.76;1161381
20160411;57.07;57.89;56.77;56.87;1300079
20160412;56.98;57.13;55.07;55.92;2598543
20160413;56.26;57.84;55.97;57.71;1562370
20160414;57.76;58.4;57.41;58.08;990814
20160415;58;58.52;57.44;58.42;1792906
20160418;58.22;59.19;58.12;59.14;1599157
20160419;59.18;59.44;58.68;59.13;1159865
20160420;59.17;59.84;58.86;59.39;1270028
20160421;59.44;60.49;59.42;60.07;1755273
20160422;60.13;60.29;59.18;59.54;1012296
20160425;59.36;60;59.31;59.99;1337668
20160426;60;61.02;59.92;61.01;1645551
20160427;61;62.42;60.84;61.4;2429931
20160428;60.81;62.34;60.72;61.39;2500793
20160429;60.93;61.24;59.14;59.82;1742752
20160502;60;61.42;59.47;61.37;1318969
20160503;60.87;61.2;59.7;60.34;1802443
20160504;59.93;60.02;58.36;58.73;2281740
20160505;59.07;59.39;58.34;58.46;1475812
20160506;58.44;59.82;58.03;58.66;2085436
20160509;58.67;59.34;58.49;58.79;1606702
20160510;58.91;59.66;58.89;59.57;2507050
20160511;59.42;59.73;59.02;59.03;1878741
20160512;59.26;59.58;57.23;58.06;1960510
20160513;57.86;58.78;57.62;57.87;1565356
20160516;57.94;59.36;57.78;59.08;2768571
20160517;58.93;59.28;57.87;57.98;1881451
20160518;57.84;58.35;57.31;57.76;2455348
20160519;57.69;58.24;56.83;57.52;2272064
20160520;57.3;57.98;55.35;56.19;4816156
20160523;56.18;57.25;55.89;56.96;3313956
20160524;57.25;58.55;57.17;58.46;1980965
20160525;58.75;59.94;58.75;58.91;2025619
20160526;58.87;59.12;57.9;58.11;1461594
20160527;58.2;59.37;58.2;59.34;1909769
20160531;59.6;59.67;57.74;58.27;3000833
20160601;57.97;58.74;57.95;58.3;1506323
20160602;58.23;58.77;57.75;58.76;1032141
20160603;58.56;58.61;57.36;58.29;1172759
20160606;58.42;58.83;58.14;58.67;1606677
20160607;58.63;59;58.25;58.68;1354395
20160608;58.64;58.83;58.21;58.53;796424
20160609;58.23;58.45;57.66;57.79;893517
20160610;57.12;57.44;56.1;56.18;1470975
20160613;55.92;56.86;55.8;55.89;1333688
20160614;55.76;55.94;55.29;55.71;1443429
20160615;55.98;56.94;55.71;56.61;1452147
20160616;56.16;56.87;55.71;56.77;1437504
20160617;56.74;56.99;56.07;56.68;2216994
20160620;57.47;58.2;57.28;57.56;1080177
20160621;57.76;58.2;57.39;58.07;1078406
20160622;57.72;58.29;57.33;57.38;1071480
20160623;58.01;59.07;57.75;59.06;1410187
20160624;56.01;56.67;53.85;54.04;4567322
20160627;53.34;53.54;49.82;50.54;4721108
20160628;51.12;51.96;50.42;51.48;2461324
20160629;51.82;53.68;51.55;53.22;2449719
20160630;53.3;54.14;52.99;54.14;1875376
20160701;54.12;55.22;53.6;54.34;1497048
20160705;53.92;53.98;52.32;52.8;1223895
20160706;52.52;53.09;51.89;52.96;1115396
20160707;53.13;53.6;52.94;53.53;1143763
20160708;53.9;55.28;53.73;55.14;1285500
20160711;55.62;55.96;55.44;55.49;919343
20160712;55.91;57.53;55.77;57.38;1758977
20160713;57.57;58;56.84;56.87;1621805
20160714;57.57;58.28;56.9;58.16;1840717
20160715;58.4;58.44;57.44;57.98;1325089
20160718;57.91;58.42;57.4;58.01;1204315
20160719;57.87;58.15;57.34;57.52;861702
20160720;57.85;58.63;57.38;58.27;1987442
20160721;58.12;58.89;57.54;57.58;1176398
20160722;57.83;58.91;57.46;58.78;710677
20160725;58.75;58.99;58.11;58.22;870299
20160726;58.18;58.93;58.06;58.75;936539
20160727;58.75;59.78;58.5;59.62;1543615
20160728;59.49;60.25;59.12;59.45;942911
20160729;59.5;59.67;58.64;59.45;1194477
20160801;59.33;59.93;59.01;59.74;1304641
20160802;59.53;59.58;57.34;57.87;1389452
20160803;57.78;58.4;56.8;57.95;2727538
20160804;58.09;58.87;57.96;58.25;1631293
20160805;58.44;59.48;58.25;59.33;1729356
20160808;59.46;59.88;59.26;59.37;1297562
20160809;59.52;60.5;59.41;60.34;1518387
20160810;60.31;60.39;59.81;60.3;893671
20160811;60.49;61.75;58.78;61.71;1629216
20160812;61.36;61.96;60.95;61.83;1337432
20160815;61.9;63.21;61.4;62.98;1576635
20160816;62.91;63.26;62.61;62.65;1609969
20160817;62.59;62.85;61.99;62.79;1124239
20160818;62.89;63.76;62.72;63.5;1301122
20160819;63.34;63.84;62.6;63.74;1380800
20160822;63.33;63.59;62.68;63.29;1192688
20160823;63.62;64;63.32;63.46;1554989
20160824;63.31;63.79;62.96;63.17;1498740
20160825;63.21;63.92;63;63.7;3075495
20160826;66;69.21;65.06;68.87;6591406
20160829;68.5;68.89;67.86;68.32;3127566
20160830;67.8;68.75;67.52;68.03;2403324
20160831;67.85;68.05;67.01;67.4;2264582
20160901;67.42;67.67;66.78;67.37;1299821
20160902;67.93;68.48;67.6;68.01;1114226
20160906;68.2;68.2;67.05;67.69;1775543
20160907;67.58;68.76;67.57;68.6;1956620
20160908;68.41;69.15;68.16;68.81;1640543
20160909;68.17;68.65;66.84;66.84;2205537
20160912;65.92;67.47;65.39;67.35;2676075
20160913;66.31;66.9;65.36;65.78;2290076
20160914;65.76;66.24;65.06;65.51;1843715
20160915;65.7;67.4;65.5;67.39;2290616
20160916;66.9;67.99;66.36;67.6;7049208
20160919;67.95;69.2;67.65;68.13;2029703
20160920;68.67;69.57;68.32;68.79;1693430
20160921;68.91;71.78;68.91;71.69;3217240
20160922;72.26;72.62;71.76;72.35;1858380
20160923;72.19;72.42;71.53;71.67;1568668
20160926;71.27;71.64;70.58;71.08;1490533
20160927;70.97;71.93;70.83;71.9;1465676
20160928;72.2;72.69;71.55;72.65;1797111
20160929;72.59;72.8;71.41;71.59;1425419
20160930;72.03;72.59;71.41;72.33;1513358
20161003;71.15;72.26;70.85;71.18;2202833
20161004;71.32;72.53;71;71.42;1557611
20161005;71.57;73.24;71.57;73.21;1708223
20161006;73.18;73.4;71.76;72.83;1415103
20161007;72.8;72.8;71.47;72.01;1598028
20161010;72;73.07;72;72.21;1260227
20161011;72.31;72.77;69.86;70.17;1704090
20161012;70.43;70.6;69.76;70.33;1419863
20161013;69.66;69.7;68.4;69.29;1690586
20161014;71.23;71.23;69.29;69.46;1169268
20161017;69.33;69.86;68.77;68.85;1080445
20161018;69.92;70.32;69.55;70.13;1047236
20161019;70.13;70.94;69.86;70.78;957167
20161020;70.75;71.4;70.07;71.13;1127374
20161021;70.85;71.34;70;71.18;1117542
20161024;71.73;72.75;71.2;72.22;1342082
20161025;72.07;72.41;70.92;71.36;1754365
20161026;71.23;72;70.6;70.66;1118942
20161027;71.22;72.12;70.46;70.58;1216293
20161028;70.71;72.44;70.59;71.86;1502059
20161031;72.29;72.66;71.48;72.28;1397631
20161101;72.4;72.4;69.38;70.1;1957511
20161102;70.18;70.4;67.87;68.68;2032670
20161103;68.91;69.21;67.52;67.61;1422980
20161104;67.15;70.24;67.15;69.44;2714110
20161107;70.81;72.12;70.32;72;2361589
20161108;71.77;72.99;71.36;72.69;1519589
20161109;69.54;73.93;69.51;72.63;3060867
20161110;73.5;75.18;71.68;73.49;2917554
20161111;73.2;74.04;72.88;73.81;2710504
20161114;74.37;75.18;73.44;73.55;2451590
20161115;73.86;75.75;73.75;75.15;2192775
20161116;74.92;78.42;74.79;77.57;4173256
20161117;77.54;78.58;77.08;78.46;1775175
20161118;78.21;78.4;76.48;76.9;2243358
20161121;77.4;77.65;75.44;75.52;2183339
20161122;75.49;75.78;74.68;75.21;1990244
20161123;75.04;75.45;74;75.15;1352249
20161125;75.51;76.18;75.05;75.83;786332
20161128;75.52;76.31;74.93;75.18;1614447
20161129;75.31;75.98;75.03;75.26;2834539
20161130;72.71;74.72;70.55;72.61;8438398
20161201;72.77;73.24;69;69.22;4349874
20161202;69.02;70.87;68.06;70.57;3173622
20161205;70.44;72.41;70.15;71.18;2230221
20161206;71.27;77.87;70.73;76.32;7002108
20161207;76.26;80.92;75.42;80.34;7717440
20161208;80.58;82.77;80;81.74;4003357
20161209;82.29;83.08;80.66;81.11;2371297
20161212;81.07;81.76;77.58;78.37;2862460
20161213;78.99;80.34;78.8;79.67;2734407
20161214;79.69;79.92;76.15;76.83;3289259
20161215;76.86;79.43;75.97;78.92;3745442
20161216;79.03;79.23;76.34;76.48;5326956
20161219;76.76;77.08;75.42;75.7;2005494
20161220;76.16;76.53;74.88;76.01;1630903
20161221;76.05;76.28;75.27;75.63;1568023
20161222;75.33;75.63;74.34;74.58;2102411
20161223;74.6;76.05;74.45;76;1501659
20161227;76.06;76.5;75.4;75.98;1156585
20161228;75.93;76.02;74.51;75.02;878482
20161229;74.87;75.44;74.5;74.98;1019463
20161230;75.4;75.42;73.6;74.01;1529905
20170103;74.61;77.1;74.5;76.18;1896507
20170104;76.19;77.96;76.09;77.52;1889516
20170105;77.08;77.63;76.33;76.93;1368229
20170106;77.28;79.81;76.89;79.3;1587682
20170109;78.95;79.74;78.26;79.59;1489060
20170110;79.29;80.37;78.56;79.98;1796204
20170111;79.97;81.03;79.17;80.87;1764535
20170112;80.72;80.86;79.24;80.65;1646368
20170113;80.72;81.41;80.44;81.32;1667539
20170117;80.97;81.23;78.29;78.62;2403471
20170118;79.1;80.06;78.69;79.71;1676898
20170119;80.26;80.78;79.65;79.98;1498045
20170120;80.7;81.89;80.24;81.67;6042539
20170123;81.39;81.91;80.91;81.54;1204968
20170124;81.6;82.63;81.53;82;1814753
20170125;82.87;83.96;82.43;82.65;1880649
20170126;82.77;82.94;81.48;81.64;1515815
20170127;81.98;81.98;80.89;81.76;1487100
20170130;81.57;81.67;79.15;81.16;1976275
20170131;80.88;81.35;79.8;81.34;1249458
20170201;81.09;81.96;80.38;81.28;1440878
20170202;80.82;82.87;80.04;82.76;1117014
20170203;83.57;84.97;83.14;84.41;1822421
20170206;84.45;84.55;82.33;82.82;1925015
20170207;82.29;85.11;81.8;84.5;2975440
20170208;84.44;84.89;82.58;82.93;2182342
20170209;83.28;84.91;83.17;83.88;1808434
20170210;83.97;84.46;82.38;83.23;1695088
20170213;83.65;84.72;82.94;84.28;4004607
20170214;84.25;84.59;82.81;84.54;4043480
20170215;84.28;84.94;83.54;84.36;2200824
20170216;84.69;85.46;83.83;85.14;1830356
20170217;84.72;86.49;83.75;86.4;1816273
20170221;87;87.52;86.76;87.15;1910450
20170222;86.8;87.14;86.17;86.38;1350021
20170223;86.69;87.37;85.92;87.1;1367978
20170224;86.56;87.69;85.69;87.55;1370189
20170227;87.47;87.95;86.58;87.74;1535237
20170228;87.82;87.9;85.99;86.3;1973196
20170301;87.38;89.18;86.46;88.93;2501887
20170302;88.73;88.73;87.05;87.32;4309355
20170303;87;88.35;84.98;85.32;4616972
20170306;84.3;84.46;82.58;82.94;2572026
20170307;82.39;83.44;81.75;82.07;2292982
20170308;82.53;83.85;81.82;83.46;2235219
20170309;83.22;84.29;82.58;84.24;1935715
20170310;84.8;86.18;84.66;86.12;2404312
20170313;85.42;87.32;85.31;86.69;2412588
20170314;86.6;86.6;85.47;85.91;1396024
20170315;86.6;88.69;85.92;88.4;2365841
20170316;88.6;89.15;85.97;86.73;8109111
20170317;87.13;87.72;86.05;86.22;2446093
20170320;86.29;86.48;85.59;86.32;1194115
20170321;86.5;86.64;83.53;83.64;2565918
20170322;83.9;84.72;83.07;84.6;1567003
20170323;84.61;86.07;84.24;85.69;2238329
20170324;86;87.39;85.59;86.48;2059460
20170327;85.41;86.06;83.81;85.44;1774159
20170328;85.43;86.1;85.16;85.47;1086768
20170329;85.31;86.47;84.98;86.4;1841568
20170330;86.14;87.25;85.78;86.32;946246
20170331;86.02;86.9;85.37;86.47;1251607
20170403;85.24;87.12;84.66;85.39;2478579
20170404;85.16;85.97;84.58;84.95;1497391
20170405;85.27;85.79;83.24;83.54;1885286
20170406;83.49;84.76;82.7;84.07;1793653
20170407;84.07;84.95;83.55;84.79;1920449
20170410;84.91;85.88;84.62;85.66;1292762
20170411;85.35;86.08;84.48;85.99;1362210
20170412;85.87;86.65;84.99;85.62;2405480
20170413;85.2;86.18;84.1;84.91;1970859
20170417;85.37;86.25;85.29;85.99;1191388
20170418;85.39;86.53;85.08;86.41;1321886
20170419;86.79;88.59;86.6;87.93;2375609
20170420;88.3;88.82;87.16;88.41;1594459
20170421;88.63;88.88;88.1;88.58;2111419
20170424;89.7;90.94;89.64;90.14;2439751
20170425;90.8;90.8;89.81;90.32;1761537
20170426;90.31;90.54;89.44;90.23;1615980
20170427;90.66;90.77;90.04;90.63;1168152
20170428;90.77;90.77;89.2;90.07;1628866
20170501;91.75;92.71;91.17;91.98;1845196
20170502;92.22;93.48;91.29;93.45;1706232
20170503;93.42;93.94;92.85;93.35;2250591
20170504;93.41;93.99;92.93;93.25;1497892
20170505;92.32;93.47;92.18;93.24;2147594
20170508;93.37;93.66;93.08;93.39;1313377
20170509;94.41;95.3;93.99;94.74;2615050
20170510;94.75;96.3;94.54;95.87;2031613
20170511;95.5;95.9;93.87;95.41;1974060
20170512;95.27;95.68;94.76;95.39;1511380
20170515;95.73;97.2;95.69;96.63;2762329
20170516;97.24;98.05;96.55;98.03;1800173
20170517;96.87;97.92;93.87;93.97;3055725
20170518;94.04;96.25;93.07;95.83;2877482
20170519;108;112.18;106.87;109.91;10091614
20170522;109.8;114.02;109.76;113.36;4152169
20170523;113.25;114.25;112.43;112.97;2638273
20170524;113.86;114.06;111.85;112.48;3317361
20170525;112.97;114.68;112.97;113.89;2540209
20170526;114.24;114.42;112.87;113.03;2109782
20170530;112.8;113.66;112.26;113.16;2560329
20170531;113.4;113.92;111.5;111.77;3222617
20170601;111.72;113.12;110.94;113.03;2322626
20170602;113.78;113.88;111.76;112.91;2215115
20170605;112.74;113.14;110.23;110.88;4008006
20170606;110.4;112.27;110.19;111.45;2444783
20170607;111.38;112.08;110.6;111.17;2030080
20170608;111.51;111.95;110.2;111.12;2030215
20170609;111.16;111.7;103.62;105.95;3025574
20170612;104.21;108.62;100.7;107.44;5134599
20170613;107.6;108.24;105.17;107.55;2269770
20170614;108.52;108.65;105.02;106.2;1974826
20170615;104.77;106.04;103.48;105.58;1824788
20170616;105.5;105.92;103.63;104.88;2566153
20170619;105.6;106.7;105.16;106.16;2481454
20170620;106.01;107.11;104.3;104.93;1955990
20170621;105.88;106.56;104.82;105.69;2645590
20170622;105.72;107.26;104.55;106.78;2327895
20170623;106.4;108.76;105.3;107.75;3666203
20170626;107.76;109.07;105.31;106.12;1873414
20170627;105.58;106.45;102.5;102.92;2269652
20170628;103.69;104.86;101.54;104.28;1642391
20170629;103.57;103.81;100;101.39;2347016
20170630;102.32;102.37;100.75;100.82;1671323
20170703;101.32;101.82;99.32;99.36;1454329
20170705;99.37;103.04;99.22;102.6;2785162
20170706;101.59;103.11;100.79;102.05;2605694
20170707;102.29;104.28;102.29;103.32;1695293
20170710;103.33;104.19;102.38;103.74;1191787
20170711;103.47;104.73;102.98;104.3;1461747
20170712;105.61;107.08;104.76;106.68;2621915
20170713;107.49;108.5;106.38;107.07;1427981
20170714;107.46;108.91;107.01;108.74;1480998
20170717;108.9;109;106.56;106.94;1180729
20170718;106.67;107.85;106.23;107.7;866009
20170719;108.5;110.5;108.47;110.25;2044357
20170720;109.72;110.5;108.88;109.91;1270906
20170721;109.41;110.54;109.08;109.75;1116428
20170724;109.59;110.89;109.34;110.81;1953438
20170725;110.91;112.4;110.2;112.26;1342529
20170726;112.5;114.1;112.41;114.08;1891155
20170727;114.97;115.25;109.32;111.52;2362950
20170728;110.6;112.28;110.33;111.5;946232
20170731;111.65;112.32;109.78;110.79;1400294
20170801;111.27;112.59;111.1;111.38;1315628
20170802;111.08;111.38;107.28;109.13;1757248
20170803;107.95;108.5;105.6;107.88;2255620
20170804;108.35;109.04;107.56;108.39;1490923
20170807;108.67;111;108.4;109.82;1493121
20170808;109.38;110.27;108;108.35;1224209
20170809;107.69;107.96;106.54;107.45;1152146
20170810;106.56;107.54;104.77;104.98;1878256
20170811;105.75;108.76;105.1;108.01;1461174
20170814;109.2;110;108.01;108.9;1637895
20170815;109.02;110.1;108.12;109.8;1263288
20170816;110.36;110.93;109.36;110.49;1320473
20170817;110.07;110.82;107.73;107.89;1738684
20170818;107.86;110.1;107.19;108.56;1164390
20170821;108.37;110.3;108.37;109.75;1279193
20170822;110.31;112.24;109.77;111.01;1709003
20170823;110.91;111.34;110.05;110.65;1636197
20170824;110.58;111.25;109.04;110.61;3128431
20170825;115;119.73;113.54;114.97;7121029
20170828;115.06;115.14;110.01;111.48;3618404
20170829;109.65;111.9;109.25;111.27;1859022
20170830;111.27;113.67;110.61;113.29;1459278
20170831;113.63;114.7;112.82;114.46;1467187
20170901;114.63;115.62;113.65;113.71;1566451
20170905;113.46;114.81;112.52;113.77;3092938
20170906;114.4;114.78;112.65;113.79;2339923
20170907;114.14;114.47;113.19;114.05;1731436
20170908;114.17;115.72;114.1;114.44;2656502
20170911;112.98;117.13;112.22;116.48;2294704
20170912;116.35;116.99;114.98;116.16;1607028
20170913;116.04;116.5;115.25;116.18;1449980
20170914;115.62;116.14;114.5;115.47;1649661
20170915;115.62;115.62;113.88;114.13;6232568
20170918;113.74;114.66;112.87;113.84;2029988
20170919;113.77;114.06;112.97;113.08;1954846
20170920;113.07;113.34;111.35;112.73;1783172
20170921;112.82;113;111.37;112.29;1154701
20170922;111.68;112.82;111.64;111.78;1085041
20170925;111.67;111.83;108.65;109.82;2026308
20170926;110.59;111.38;108.83;110.61;1590486
20170927;110.21;113.47;110.21;111.96;1731396
20170928;111.4;111.96;110.52;111.45;1358251
20170929;111.25;112.76;111;112.26;2033109
20171002;110.69;113.76;110.68;112.47;1961449
20171003;112.39;113.73;111.67;113.63;1044820
20171004;113.79;114.07;112.35;114.05;1122918
20171005;114.5;116.83;113.9;116.54;1673847
20171006;116.18;117.61;115.81;116.96;1806150
20171009;116.8;117.52;116.64;117.14;847113
20171010;117.22;117.53;116.32;117.05;931453
20171011;117.02;118.66;116.93;118.57;1078416
20171012;118.55;119.84;118.51;118.99;1236621
20171013;119.77;119.77;118.45;119.63;1262946
20171016;119.69;119.97;118.67;119.2;1179639
20171017;119.35;119.76;118.06;118.72;1184676
20171018;118.5;118.86;117.78;118.54;1010683
20171019;119;119.32;117.57;119.29;1099460
20171020;119.98;121.88;119.7;120.81;1647622
20171023;120.99;121.72;118.73;118.99;1487850
20171024;118.96;119.61;117.9;119.29;1337784
20171025;119;120.25;118.05;119.94;1080018
20171026;120.21;121.95;119.46;121.35;903374
20171027;121.61;123.97;121.4;123.58;1523684
20171030;123.04;124.28;121.9;123.91;1610478
20171031;124.28;125.01;123.42;124.96;1840426
20171101;125.63;126.44;123.4;124.78;1622830
20171102;125.5;125.65;123.51;124.72;1736032
20171103;124.5;125.5;124.11;124.85;1309792
20171106;125;125.09;123.19;123.82;1003236
20171107;124.26;124.54;122.61;123.4;828383
20171108;123.49;124.21;123.17;123.84;892522
20171109;122.9;123.09;120.01;122.4;1465512
20171110;121.95;123.32;121.31;123.11;929442
20171113;124.34;125.02;122.69;124.64;1216739
20171114;124.4;124.82;123.16;123.87;1225282
20171115;123.87;125.01;122.44;124.02;1442079
20171116;124.79;127;124.64;127;1545183
20171117;127.49;127.92;125.87;127.49;1460974
20171120;127.51;128.28;126.11;126.28;1786212
20171121;127.13;128.17;126.97;127.71;1642893
20171122;128.01;128.69;126.84;127.77;1469495
20171124;127.74;129.54;127.65;129.5;1013550
20171127;130.19;130.92;129.26;130.24;2337226
20171128;130.76;131.1;127.49;129.95;4976594
20171129;114.03;114.46;106.2;109.34;19486960
20171130;109.64;111.58;106.54;109.7;8480972
20171201;108.81;110.12;106.29;107.06;4922928
20171204;108;108.69;105.16;107.95;3985983
20171205;107.91;109.49;106.55;106.59;3002528
20171206;105.73;107.83;105.73;106.92;1686633
20171207;106.2;110.18;106;109.61;3074229
20171208;109.6;110.17;106.69;107.16;3124700
20171211;106.87;107.95;106.15;106.83;2412343
20171212;106.32;107.98;105.58;106.33;2026067
20171213;107.03;107.89;105.51;106.02;1982883
20171214;105.95;107.12;105.95;106.25;1504151
20171215;106.55;108.93;106.47;108.4;2704189
20171218;108.66;109.43;107.28;107.48;2362554
20171219;107.24;107.84;105.37;105.39;1861975
20171220;106.02;106.02;104.19;105.03;2513900
20171221;105.58;105.67;103.65;104.43;3920749
20171222;104.85;104.85;103.78;103.89;1534573
20171226;103.45;104.15;103.19;103.8;1322563
20171227;103.97;105.2;103.48;104.58;1111843
20171228;104.66;105.22;104.2;105.07;870897
20171229;105.04;105.65;104.53;104.83;1068392
20180102;105.34;107.16;104.39;107.12;2040702
20180103;107;109.78;106.99;109.38;1953782
20180104;110.13;112.21;109.23;112.07;2158663
20180105;113.07;113.35;110.41;110.84;2384231
20180108;110.42;111.74;109.04;111.42;1782074
20180109;111.57;112.31;110.65;112.11;1848859
20180110;111.71;112.61;110.55;111.47;1645019
20180111;111.67;113.96;111.47;113.26;2715967
20180112;113.57;116.09;113.07;115.91;2553043
20180116;116.24;117.08;111.72;111.98;2698986
20180117;112.88;113.1;111.06;113;2932163
20180118;112.28;114.15;112.05;112.55;1625153
20180119;112.96;115.91;112.37;115.29;2804201
20180122;115.25;118.45;114.03;117.43;2905877
20180123;117.14;119.07;116.5;118.73;1985443
20180124;118.91;119.24;116.64;116.9;2221706
20180125;117.95;118.42;116.57;116.87;1690379
20180126;117.55;118.85;117.12;117.78;1836290
20180129;117.7;118.47;116.19;116.38;1058818
20180130;115.46;116.35;113.77;115.02;1556378
20180131;115.65;116.64;114.9;115.62;1119824
20180201;114.72;117.7;114.08;115.57;1596444
20180202;114.12;115.14;111.6;111.64;1808333
20180205;110.6;116.15;109.18;109.18;2890782
20180206;106.49;112.65;104.61;112.62;3144823
20180207;111.77;113.56;110.51;110.54;1599666
20180208;109.17;110.8;104.81;104.81;3056474
20180209;105.81;107.92;101.55;105.94;3923885
20180212;107.01;109.21;104.74;108.38;1994120
20180213;106.5;110.19;106.23;109.79;1339044
20180214;108.36;110.34;107.41;109.92;1923888
20180215;111.16;114.71;110.01;113.52;2555010
20180216;113.58;114.53;112.1;112.95;1584243
20180220;112.51;115.06;112;114.27;1354286
20180221;114.18;115.72;112.32;112.37;2045088
20180222;112.74;114.76;111.9;112.39;1817170
20180223;113.67;115.04;112.38;115.03;1818737
20180226;115.63;117.5;114.73;116.92;2335160
20180227;117;117.57;115.14;116.12;1658025
20180228;117.02;119.74;116.65;117.47;2825432
20180301;117.95;118.98;114.01;114.74;2959624
20180302;113.3;116.43;111.05;116.28;2681717
20180305;115.18;119.3;115.05;118.87;2502555
20180306;119.25;120.64;118.25;119.87;4723871
20180307;133.01;137.9;130.06;137.7;12753507
20180308;137.01;137.69;133.94;137.29;5255212
20180309;138.44;140;137.35;139.36;3752141
20180312;139.21;141.19;138.34;138.37;2109333
20180313;139.74;141.26;135.07;136;2308981
20180314;136.85;137.61;135.05;136.19;1596386
20180315;136.69;137.92;135.43;136.72;1319163
20180316;136.33;139.01;135.44;135.75;2438224
20180319;133.94;135.46;132.06;134.31;2047302
20180320;134.5;136.29;133.89;134.6;1760578
20180321;135.01;137.6;133.87;135.54;2190997
20180322;133.82;135.93;131.15;131.41;2596526
20180323;131.75;132.5;128;128.02;2763374
20180326;131.05;134.59;130.06;134.22;2290019
20180327;134.53;134.59;127.19;128.31;3043592
20180328;127.71;129.39;124.38;124.55;3534462
20180329;125.2;128.31;123.87;125.58;4263826
20180402;124.56;125.8;120.8;122.75;2683251
20180403;124.18;126.44;122.21;124.84;2292316
20180404;121.72;128.05;121.36;127.5;2573750
20180405;128.68;129.14;126.98;128.02;2082237
20180406;126.69;127.96;124.96;125.75;2527813
20180409;126.72;129.13;126.39;127.57;1893001
20180410;129.25;132.37;128.19;131.73;2182546
20180411;130.5;132.66;130.07;130.94;1379933
20180412;131.54;133.04;131.12;132.17;1700329
20180413;133.55;133.55;127.98;129.17;2023422
20180416;130.49;131.15;128.77;129.72;1707580
20180417;131.21;133.64;130.94;132.58;2100597
20180418;133.19;134.73;132.08;133.87;1321599
20180419;133.49;134.03;131.49;132.33;1250758
20180420;132.47;132.47;128.96;130.09;1678477
20180423;130.64;132.04;128.29;129.18;1369974
20180424;130.64;131.28;122.05;123.68;2513420
20180425;123.72;124.65;120.91;123.97;1978349
20180426;124.62;127.55;123.97;126.98;1912790
20180427;127.16;127.83;125.78;126.64;1175553
20180430;127.32;128.09;125.81;125.9;1448522
20180501;125.3;127.37;125.29;127.06;1163008
20180502;126.82;127.21;124.99;125.26;1483210
20180503;124.76;128.35;123.88;127.6;1531781
20180504;126.49;130.68;125.59;129.46;1632882
20180507;129.76;132.12;129.63;131.57;1333402
20180508;131.57;133.16;130.71;132.76;1152299
20180509;133.07;136.37;133.07;135.32;1678429
20180510;135.96;137.67;134.9;136.47;1374565
20180511;136.56;136.94;135.33;136.21;1477253
20180514;136.99;138.38;133.33;134.11;1698103
20180515;133.16;137.45;131.59;136.16;2089032
20180516;136.47;136.73;134.89;135.93;1465230
20180517;135.41;136.83;134.58;136.52;1404495
20180518;136.62;139.66;136.25;138.85;1723616
20180521;139.61;139.94;136.93;137.67;2474786
20180522;138.51;139.17;136.46;136.71;1740505
20180523;135.31;139.5;135.02;139.31;1949033
20180524;139.06;139.63;136.12;138.92;4020965
20180525;132.71;139.69;131.15;132.75;6543575
