20100104;19.47;19.75;19.31;19.56;16539316
20100105;19.85;20.06;19.47;19.63;18060924
20100106;19.57;19.78;19.31;19.38;13449636
20100107;19.33;19.6;19.25;19.57;9862170
20100108;19.45;19.92;19.36;19.89;11435227
20100111;20.62;20.85;20.22;20.49;25617010
20100112;20.35;20.49;20.02;20.17;16162890
20100113;20.34;20.59;20.16;20.31;15961499
20100114;20.26;20.37;20.06;20.2;14060124
20100115;20.24;20.24;19.49;19.66;16449172
20100119;19.39;19.79;19.25;19.79;18926396
20100120;19.64;19.83;19.34;19.77;16125571
20100121;19.85;20.24;19.51;19.61;16869301
20100122;19.54;19.54;18.5;18.56;16470893
20100125;18.72;18.99;18.53;18.72;17693412
20100126;18.67;18.71;18.03;18.65;26840604
20100127;18.65;19.21;18.53;19.14;17645316
20100128;19.22;19.47;18.31;18.61;22238073
20100129;18.61;18.83;18.01;18.08;20519179
20100201;18.16;18.31;17.97;18.16;16375043
20100202;18.22;18.78;18.03;18.71;18325118
20100203;18.65;19.05;18.6;18.95;12932566
20100204;18.76;18.77;18.2;18.25;16539353
20100205;18.1;18.24;16.96;18.05;32322578
20100208;18.04;18.17;17.75;17.84;11449214
20100209;18;18.18;17.48;17.76;18104835
20100210;17.75;17.76;17.35;17.52;12915829
20100211;17.55;17.95;17.31;17.95;14992006
20100212;17.78;17.91;17.42;17.89;15591689
20100216;18.07;18.19;17.87;18.15;13418198
20100217;18.23;18.24;17.79;18.01;12560249
20100218;17.95;18.04;17.78;17.99;10072879
20100219;17.82;18.31;17.82;18.29;13176863
20100222;18.29;18.29;17.44;17.76;21806206
20100223;17.33;17.44;17.16;17.21;23527764
20100224;17.26;17.63;17.25;17.5;16670623
20100225;17.18;17.54;16.75;17.5;31412034
20100226;17.41;17.81;17.33;17.63;20320069
20100301;17.7;17.8;17.57;17.77;8688299
20100302;17.9;17.97;17.53;17.61;12978967
20100303;17.68;17.87;17.55;17.61;12200841
20100304;17.75;17.75;17.25;17.51;13268540
20100305;17.7;18.12;17.63;18.1;14019166
20100308;18.22;18.38;18.07;18.35;13752303
20100309;18.32;18.52;18.21;18.4;13154938
20100310;18.43;18.64;18.29;18.48;10807011
20100311;18.42;18.45;18.17;18.35;12498177
20100312;18.54;18.54;18.03;18.04;11108820
20100315;17.96;18.11;17.92;18.08;12913054
20100316;18.24;18.52;18.07;18.48;22057656
20100317;18.58;19.06;18.56;18.88;20468690
20100318;19.24;19.44;19.12;19.24;16270787
20100319;19.39;19.73;19.31;19.39;24105402
20100322;19.2;19.5;19.09;19.42;17277971
20100323;19.57;19.74;19.4;19.68;14104886
20100324;19.92;19.93;19.38;19.46;12489903
20100325;19.79;20.09;19.67;19.69;16408095
20100326;19.78;19.99;19.69;19.79;14425694
20100329;19.88;20.15;19.8;20.1;13261483
20100330;20.09;20.25;20.05;20.17;13782019
20100331;20;20.35;20;20.21;13626752
20100401;20.28;20.55;20.23;20.38;15886126
20100405;20.49;20.75;20.42;20.66;8385252
20100406;20.6;20.6;20.27;20.45;10403630
20100407;20.34;20.44;19.97;20.07;12289659
20100408;19.93;19.94;19.56;19.82;16862835
20100409;19.86;19.93;19.63;19.67;12740910
20100412;19.75;20.05;19.75;19.98;9890395
20100413;19.93;20.07;19.81;20.03;9765212
20100414;20.16;20.32;19.91;20.31;10612661
20100415;20.26;20.44;20.18;20.22;9846712
20100416;20.15;20.3;19.75;19.9;11986781
20100419;19.94;20.2;19.62;19.98;13453552
20100420;20.11;20.2;19.78;20.1;11942147
20100421;20.2;20.58;20.15;20.4;11502748
20100422;20.39;20.76;20.03;20.69;12896842
20100423;20.74;20.85;20.58;20.84;11267623
20100426;20.9;21;20.82;20.92;11963663
20100427;20.92;21.1;20.1;20.12;19254522
20100428;20.56;20.6;19.79;20.07;20945947
20100429;20.29;20.36;19.86;19.94;21346617
20100430;20.14;20.24;19.23;19.25;20394488
20100503;19.47;19.92;19.26;19.81;12945025
20100504;19.59;19.63;18.81;18.94;15090386
20100505;18.7;18.9;18.24;18.67;19674806
20100506;18.47;18.5;15.51;17.5;34028592
20100507;17.65;17.82;16.88;17.54;24251585
20100510;18.45;18.69;18.19;18.41;18552840
20100511;18.18;18.47;18.05;18.22;12950142
20100512;18.31;18.8;18.22;18.53;12848643
20100513;18.51;18.82;18.43;18.52;13647181
20100514;18.26;18.3;17.67;17.96;18009225
20100517;18.07;18.36;17.75;18.32;19691611
20100518;18.35;18.66;17.97;18.04;17848977
20100519;17.92;18.05;17.47;17.54;22029835
20100520;17.19;17.27;16.81;16.81;27925602
20100521;16.5;17.14;16.31;16.98;18569095
20100524;16.92;17.1;16.82;16.86;15879311
20100525;16.39;16.96;16.16;16.95;17627774
20100526;17.28;17.28;16.77;16.84;20326386
20100527;17.24;17.52;17.06;17.52;17767907
20100528;17.52;17.6;17.11;17.43;22682117
20100601;17.07;17.1;16.37;16.4;22686108
20100602;16.52;16.83;16.38;16.83;16190865
20100603;16.95;17.09;16.54;16.81;20740922
20100604;16.55;16.67;16.17;16.23;14267030
20100607;16.35;16.58;15.99;16;14471687
20100608;16.46;17.08;16.35;17.05;28814563
20100609;17.27;17.76;17.2;17.29;33066446
20100610;17.74;17.85;17.41;17.81;18543410
20100611;17.7;18.68;17.65;18.14;26207208
20100614;18.4;18.56;18.23;18.37;16856053
20100615;18.2;18.75;18.08;18.74;20497386
20100616;18.63;18.75;18.13;18.26;21865392
20100617;18.26;18.34;17.89;18.31;15100872
20100618;18.28;18.34;17.99;18.23;13962188
20100621;18.48;18.68;18.28;18.42;12382564
20100622;18.43;18.48;18.06;18.13;16672741
20100623;18.02;18.31;17.86;18.14;11906290
20100624;18.05;18.05;17.62;17.69;16361772
20100625;17.79;17.83;17.27;17.33;31617620
20100628;17.46;17.46;17.15;17.25;13339685
20100629;16.95;17.05;16.3;16.46;20276514
20100630;16.48;16.5;16.07;16.15;19629466
20100701;16.06;16.38;15.68;16.15;19523777
20100702;16.2;16.45;16.13;16.33;12292777
20100706;16.71;16.82;16.21;16.38;14033674
20100707;16.44;17.11;16.35;17.08;11097190
20100708;17.22;17.4;17;17.4;11866105
20100709;17.5;17.76;17.38;17.51;13982578
20100712;17.23;17.48;17.16;17.31;10715667
20100713;17.55;17.81;17.31;17.73;10983339
20100714;17.8;17.95;17.56;17.7;10828135
20100715;17.64;17.68;17.24;17.62;15184796
20100716;17.52;17.52;16.82;16.96;21542401
20100719;17;17.2;16.88;16.98;9523342
20100720;16.5;16.73;16.25;16.66;23715104
20100721;16.8;17.19;16.7;16.8;16420613
20100722;17.24;18.16;17.24;18.1;25790348
20100723;18.15;18.24;17.82;18.01;21377363
20100726;17.96;18.04;17.82;17.9;16472470
20100727;18.12;18.21;17.92;18;15886086
20100728;17.67;17.85;17.38;17.66;17591177
20100729;17.69;18.32;17.68;18.16;22752867
20100730;17.78;18.33;17.6;18.12;14838351
20100802;18.73;19.32;18.45;19.15;22027893
20100803;19.3;19.39;18.78;19.04;13434963
20100804;19.12;19.32;19;19.24;13036243
20100805;19.14;19.28;18.98;19.22;11654608
20100806;19;19.13;18.47;18.8;19493071
20100809;18.94;19.05;18.72;18.94;10705633
20100810;18.73;18.75;18.31;18.55;18416678
20100811;18.12;18.23;17.93;18.05;15116771
20100812;17.7;17.72;17.33;17.5;17661602
20100813;17.48;17.48;16.83;16.87;22920914
20100816;16.76;16.76;16.39;16.55;23240393
20100817;16.73;16.82;16.55;16.57;23224688
20100818;16.6;16.92;16.6;16.72;18092747
20100819;16.64;16.64;15.99;16.03;25358767
20100820;15.79;16.11;15.6;16.1;20446980
20100823;16.23;16.26;15.9;15.94;15479908
20100824;15.76;15.91;15.47;15.72;16622412
20100825;15.87;16.3;15.64;16.18;23436864
20100826;16.27;16.36;15.66;15.81;18511538
20100827;15.91;16.05;15.45;15.98;14666215
20100830;15.99;16.24;15.94;15.95;13722104
20100831;15.91;16.05;15.59;15.68;12466220
20100901;16.03;16.49;15.86;16.32;14015251
20100902;16.26;16.65;16.22;16.45;12311219
20100903;16.73;16.85;16.47;16.81;13271109
20100907;16.73;16.93;16.71;16.85;12983931
20100908;16.87;16.9;16.64;16.7;9168770
20100909;16.94;16.99;16.3;16.3;14784014
20100910;16.39;16.42;15.95;16.08;13597915
20100913;16.22;16.82;16.2;16.81;22543259
20100914;17.03;17.89;17.03;17.61;32038294
20100915;17.52;17.61;16.95;17.14;20088085
20100916;17.07;17.22;16.89;17.03;10672321
20100917;17.19;17.27;16.9;17;13189260
20100920;17.03;17.65;17.01;17.61;12653555
20100921;17.72;17.98;17.48;17.61;18771309
20100922;17.28;17.4;17.04;17.16;18214435
20100923;17.01;17.83;16.95;17.4;16671481
20100924;17.7;17.83;17.61;17.75;10431142
20100927;17.74;17.96;17.57;17.76;9519579
20100928;17.78;18.31;17.66;18.27;16907120
20100929;18.33;18.77;18.27;18.38;17196972
20100930;18.53;18.65;18.1;18.28;11318970
20101001;18.37;18.5;18.03;18.23;9333459
20101004;18.19;18.3;17.73;17.92;9914577
20101005;18.17;18.58;18.11;18.51;11354687
20101006;18.45;18.67;18.07;18.36;11331041
20101007;18.41;18.41;17.83;18.22;13926456
20101008;18.21;18.43;18.14;18.37;8889333
20101011;18.51;18.53;18.25;18.31;7321577
20101012;18.29;18.55;18.16;18.45;7434413
20101013;18.56;18.96;18.55;18.7;10243251
20101014;18.62;18.75;18.27;18.39;8419440
20101015;18.54;18.83;18.49;18.78;10814473
20101018;18.74;18.87;18.57;18.86;9060526
20101019;18.54;18.58;18.09;18.29;11591857
20101020;18.32;18.7;18.26;18.54;8737067
20101021;18.66;18.71;18.25;18.53;8097815
20101022;18.59;18.66;18.46;18.6;5598231
20101025;18.74;18.93;18.62;18.71;6603829
20101026;18.57;18.57;18.25;18.46;9452970
20101027;18.31;18.58;18.19;18.43;8324370
20101028;18.61;18.75;18.3;18.49;10552757
20101029;18.46;18.67;18.27;18.28;14470567
20101101;18.61;18.75;18.35;18.5;16141544
20101102;18.53;18.6;18.1;18.33;11593575
20101103;18.29;18.65;18.05;18.59;13286568
20101104;18.81;19;18.7;18.92;21769039
20101105;18.95;18.99;18.68;18.88;8025852
20101108;18.71;19.1;18.54;18.98;9338317
20101109;18.99;19.25;18.86;18.97;11467802
20101110;18.98;19.04;18.5;18.79;20321244
20101111;18.66;18.66;18.33;18.61;9513961
20101112;18.46;18.63;18.22;18.37;9347691
20101115;18.42;18.44;18.14;18.15;9340450
20101116;18;18.02;17.42;17.45;21384856
20101117;17.15;17.7;17.15;17.44;17751917
20101118;17.67;17.78;17.54;17.73;10178112
20101119;17.74;17.84;17.61;17.83;9251494
20101122;17.79;18.29;17.75;18;15705476
20101123;17.75;17.9;17.62;17.74;11238784
20101124;17.85;18.18;17.81;18.15;16227030
20101126;17.94;18.16;17.94;18.11;4537451
20101129;17.76;17.93;17.56;17.83;11237007
20101130;17.62;17.8;17.5;17.66;11686403
20101201;18;18.27;17.79;18.04;15172287
20101202;18.04;18.82;18.04;18.72;17145429
20101203;18.69;18.92;18.55;18.74;11839620
20101206;18.61;18.94;18.61;18.69;9696571
20101207;18.94;18.97;18.55;18.64;11845517
20101208;19.02;19.27;18.82;18.86;17670155
20101209;18.97;19.16;18.75;19;13291791
20101210;19.01;19.11;18.8;18.83;8900496
20101213;19.16;19.69;19.16;19.3;17430410
20101214;19;19.3;18.67;18.87;24093983
20101215;18.85;18.86;18.6;18.64;8284309
20101216;18.6;18.77;18.58;18.75;8485001
20101217;18.76;19.03;18.65;18.99;13115524
20101220;19.01;19.1;18.83;18.92;6149326
20101221;18.99;19.25;18.87;19.24;10362594
20101222;19.23;19.43;19.16;19.43;9783037
20101223;19.36;19.44;19.28;19.39;8850653
20101227;19.27;19.5;19.25;19.41;7383723
20101228;19.47;19.5;19.25;19.34;9668485
20101229;19.31;19.45;19.26;19.27;4293488
20101230;19.25;19.38;19.15;19.35;4692808
20101231;19.31;19.4;19.2;19.32;4759158
20110103;19.43;19.5;19.13;19.19;13770407
20110104;19.16;19.19;19;19.07;9789279
20110105;19.02;19.12;18.93;18.98;10525344
20110106;19.08;19.62;18.99;19.51;17077837
20110107;19.55;19.59;19.09;19.46;20240919
20110110;19.4;19.51;19.12;19.5;12350499
20110111;19.68;19.75;19.39;19.48;8589010
20110112;19.69;20.02;19.43;19.93;14630551
20110113;19.88;19.98;19.78;19.85;7054577
20110114;19.85;19.92;19.7;19.81;14883230
20110118;19.97;20;19.62;19.84;10718470
20110119;19.91;19.91;19.58;19.66;10935550
20110120;19.5;19.55;19.19;19.38;12952011
20110121;19.54;19.56;19.25;19.33;12027815
20110124;19.28;19.78;19.24;19.64;17782133
20110125;20.65;21.32;20.5;21.21;53384131
20110126;21.35;21.97;21.2;21.78;28785242
20110127;21.8;22.23;21.63;22.16;15827191
20110128;22.04;22.25;21.54;21.8;18323546
20110131;21.83;22.29;21.8;22.21;14899708
20110201;22.33;23.04;22.26;22.69;17604023
20110202;22.6;23;22.52;22.79;9478206
20110203;22.71;22.71;22.21;22.57;18675492
20110204;22.82;23.43;22.45;23.37;26442955
20110207;22.75;23.05;22.55;22.69;23731266
20110208;22.74;22.95;22.46;22.61;14743598
20110209;22.57;22.8;22.48;22.8;13567982
20110210;22.56;22.57;22.09;22.16;21479858
20110211;22.03;22.4;21.73;22.36;14774655
20110214;22.44;22.48;22.16;22.24;8797007
20110215;22.17;22.17;21.82;21.85;12611521
20110216;22.02;22.64;22;22.28;15318507
20110217;22.32;23.21;22.29;22.96;27756610
20110218;23.04;23.39;22.81;23.23;20015491
20110222;22.68;22.92;22.46;22.6;18349542
20110223;22.54;22.64;22.25;22.38;16457310
20110224;22.33;22.79;22.3;22.76;12079624
20110225;22.92;22.92;22.36;22.6;13599078
20110228;22.8;23.13;22.78;23.06;13143533
20110301;23.1;23.22;22.01;22.03;17775519
20110302;22;22.62;22;22.32;15591381
20110303;22.67;23;22.52;22.85;10471364
20110304;22.87;23.1;22.61;22.92;9640795
20110307;22.86;23.12;22.41;22.59;15097528
20110308;22.7;22.85;22.35;22.69;8892045
20110309;22.55;22.55;21.65;22.17;18640655
20110310;21.84;21.94;21.26;21.32;15552589
20110311;21.19;21.41;21.11;21.31;12129169
20110314;21.19;21.58;21.15;21.42;10095670
20110315;20.63;21.22;20.08;21.09;16419407
20110316;20.92;21.27;20.23;20.53;16592342
20110317;20.89;21.02;20.53;20.71;12457231
20110318;21.04;21.15;20.58;20.75;12517035
20110321;21.15;21.15;20.75;20.77;11222453
20110322;20.84;20.97;20.69;20.8;9440912
20110323;20.74;21;20.44;20.85;13859730
20110324;21.04;21.43;20.79;21.35;15322870
20110325;21.37;21.49;21.22;21.46;10111264
20110328;21.56;21.61;21.33;21.45;9378007
20110329;21.34;21.43;21.02;21.11;12449444
20110330;21.23;21.23;20.79;20.8;20458911
20110331;20.88;21.02;20.61;20.63;14649767
20110401;20.98;20.98;20.48;20.61;18769145
20110404;20.71;20.75;20.54;20.58;9196135
20110405;20.62;20.69;20.37;20.4;14533525
20110406;20.6;20.6;20.38;20.39;14117518
20110407;20.39;20.7;20.17;20.2;19721690
20110408;20.17;20.2;19.53;19.58;31683893
20110411;19.52;19.84;19.52;19.6;16777545
20110412;19.5;19.54;19.06;19.18;19730127
20110413;19.36;19.52;19.12;19.34;14777291
20110414;19.17;19.66;19.06;19.62;16059520
20110415;19.75;19.83;19.67;19.77;18007944
20110418;19.5;19.55;19.32;19.49;10930832
20110419;19.47;19.93;19.35;19.69;11988383
20110420;20.04;20.53;19.99;20.47;17804048
20110421;20.63;20.65;20.23;20.39;9834715
20110425;20.48;20.62;20.26;20.27;12231397
20110426;20.47;20.84;20.31;20.6;11785031
20110427;21.92;22.05;20.66;21.08;32890909
20110428;21.02;21.12;20.82;21.04;12337725
20110429;20.93;21.04;20.79;20.94;10753642
20110502;21.08;21.15;20.72;20.76;7490846
20110503;20.71;20.76;20.35;20.61;11578268
20110504;20.55;20.6;20.16;20.39;9788955
20110505;20.3;20.46;20.01;20.11;13454238
20110506;20.32;20.69;20.19;20.3;9651350
20110509;20.59;21.03;20.55;20.83;12151770
20110510;20.8;20.96;20.54;20.95;9307760
20110511;20.91;21.14;20.61;20.77;9501332
20110512;20.77;21.14;20.55;21.05;10009683
20110513;21.06;21.06;20.54;20.73;7666356
20110516;20.61;21.02;20.52;20.57;9361338
20110517;20.5;20.5;19.97;20.28;10802860
20110518;20.31;20.51;20.18;20.31;10569722
20110519;20.32;20.38;19.95;20.23;12149399
20110520;20.19;20.22;19.72;19.95;21444009
20110523;19.69;19.72;19.41;19.48;18693200
20110524;19.62;19.7;19.5;19.55;10598221
20110525;19.53;19.74;19.32;19.58;11151890
20110526;19.5;19.79;19.38;19.73;9366872
20110527;19.79;19.92;19.54;19.87;8675577
20110531;20.11;20.29;19.89;20.15;9651467
20110601;20.15;20.15;19.62;19.72;15452852
20110602;19.76;19.84;19.4;19.47;13361648
20110603;19.14;19.32;18.96;19.03;13211733
20110606;18.95;19.12;18.82;18.86;11462245
20110607;18.93;19.13;18.87;18.89;9029681
20110608;18.7;18.76;18.46;18.66;12081775
20110609;18.67;18.86;18.54;18.71;8434705
20110610;18.65;18.65;18.25;18.37;11184593
20110613;18.46;18.52;18.18;18.28;10264459
20110614;18.5;18.74;18.5;18.53;7455383
20110615;18.33;18.41;17.88;17.98;13972541
20110616;17.96;18.07;17.66;17.95;13006979
20110617;18.12;18.2;17.76;17.8;10529880
20110620;17.7;18.03;17.58;17.92;9420086
20110621;17.99;17.99;17.59;17.66;22796046
20110622;17.65;17.84;17.62;17.73;20490838
20110623;17.5;17.81;17.27;17.79;19540546
20110624;17.8;17.84;17.5;17.55;15285334
20110627;17.56;17.56;17.2;17.37;18067381
20110628;17.43;17.64;17.3;17.55;12994483
20110629;17.62;17.84;17.5;17.67;13368529
20110630;17.77;18.16;17.7;18.15;15389583
20110701;18.33;18.7;18.16;18.54;18175054
20110705;18.69;18.72;18.25;18.31;12211798
20110706;18.3;18.44;18.19;18.24;13281157
20110707;18.53;18.6;18.06;18.19;16828429
20110708;17.96;18.05;17.71;17.86;11386852
20110711;17.64;17.64;17.2;17.25;19684166
20110712;17.2;17.2;16.87;16.89;18281392
20110713;17.07;17.29;16.86;16.91;13537942
20110714;16.99;16.99;16.51;16.56;20423087
20110715;16.63;16.74;16.5;16.74;13612912
20110718;16.6;16.61;16.36;16.5;12298042
20110719;16.58;16.86;16.51;16.85;10133964
20110720;16.99;17.13;16.82;16.86;10652701
20110721;17.02;17.12;16.85;17;17757532
20110722;16.98;17.15;16.87;17.14;16034563
20110725;16.97;17.07;16.9;17.02;15793468
20110726;17.09;17.35;17;17.29;23332701
20110727;16.42;16.45;15.93;16.04;44289663
20110728;15.99;16.28;15.96;16;17143154
20110729;15.86;16.05;15.66;15.91;15358428
20110801;16.07;16.15;15.4;15.63;18340184
20110802;15.45;15.69;15.11;15.13;18875411
20110803;15.12;15.42;14.99;15.38;17784500
20110804;15.15;15.15;14.45;14.49;30064139
20110805;14.72;14.86;13.8;14.32;29155855
20110808;13.74;14.07;13.39;13.39;31649989
20110809;13.59;14.38;13.35;14.34;26972575
20110810;14;14.02;13.15;13.2;26461095
20110811;13.54;14.42;13.52;14.24;33979980
20110812;14.44;14.62;14.14;14.4;19586586
20110815;14.6;15.59;14.57;15.56;29806911
20110816;15.24;15.5;14.99;15.16;24742870
20110817;15.22;15.24;14.99;15.07;16911612
20110818;14.62;14.9;14.2;14.4;31055017
20110819;14.25;14.84;14.16;14.32;21637458
20110822;15.04;15.04;14.08;14.16;23789490
20110823;14.22;14.59;14.13;14.59;18443526
20110824;14.47;14.49;14.07;14.46;14464600
20110825;14.56;14.62;14;14.02;19232675
20110826;13.96;14.48;13.62;14.37;23226368
20110829;14.56;15.13;14.56;15.09;10262778
20110830;15.02;15.06;14.66;14.84;17299988
20110831;14.99;15.24;14.87;15.03;13746013
20110901;15.07;15.28;14.71;14.74;14911005
20110902;14.5;14.52;13.99;14.12;11833214
20110906;13.72;14.08;13.59;14.04;15732474
20110907;14.32;14.53;14.15;14.53;17016795
20110908;14.28;14.78;14.2;14.36;22378822
20110909;14.19;14.26;13.49;13.58;29544844
20110912;13.41;13.54;13.11;13.51;30174030
20110913;13.57;13.79;13.46;13.7;22283955
20110914;13.76;13.92;13.43;13.72;26247129
20110915;13.93;14;13.59;13.92;19816044
20110916;13.95;14.19;13.8;13.94;17878943
20110919;13.74;13.75;13.25;13.37;22876539
20110920;13.49;13.62;13.42;13.42;23261572
20110921;13.4;13.58;12.86;12.89;19312159
20110922;12.45;12.65;11.9;12.13;41446605
20110923;12.04;12.55;12;12.35;17353233
20110926;12.5;12.5;11.97;12.34;29636695
20110927;12.58;13.16;12.51;12.78;24646447
20110928;12.79;12.97;12.47;12.49;20336389
20110929;12.8;12.94;12.35;12.66;28082387
20110930;12.43;12.68;12.35;12.36;23454066
20111003;12.24;12.24;11.78;11.88;28021570
20111004;11.64;11.94;11.51;11.9;29164689
20111005;11.95;12.66;11.89;12.6;20649864
20111006;12.95;13.51;12.9;13.5;38889064
20111007;13.71;13.73;13.2;13.4;17346482
20111010;13.75;13.97;13.54;13.73;13200433
20111011;13.67;13.95;13.59;13.7;11044295
20111012;13.96;14;13.55;13.56;17772678
20111013;13.49;13.62;13.09;13.56;13803991
20111014;13.85;13.93;13.49;13.71;12669474
20111017;13.7;13.79;13.01;13.06;15756575
20111018;13.14;13.67;13.07;13.6;14968451
20111019;13.52;13.55;13.19;13.25;10459289
20111020;13.32;13.36;12.97;13.18;14547969
20111021;13.45;13.75;13.4;13.74;16295003
20111024;13.9;14.38;13.82;14.29;20080462
20111025;14.27;14.27;13.7;13.72;20213971
20111026;14.4;14.94;13.5;14.13;46591796
20111027;15.39;15.62;14.8;15.41;40057174
20111028;15.45;15.48;14.97;15.31;22372954
20111031;14.98;15;14.29;14.29;31216398
20111101;13.93;14.09;13.71;13.89;30942067
20111102;14.12;14.29;13.91;13.96;24065715
20111103;14.15;14.41;13.87;14.36;19821945
20111104;14.21;14.62;14.12;14.54;13754927
20111107;14.57;14.83;14.42;14.76;15080135
20111108;14.85;14.95;14.63;14.89;15567954
20111109;14.44;14.69;14.16;14.22;18292294
20111110;14.62;14.71;14.28;14.57;14699880
20111111;15.07;15.41;15;15.19;22536612
20111114;15.58;15.58;15.15;15.34;22912309
20111115;15.32;15.75;15.28;15.53;29382984
20111116;15.44;15.66;15.31;15.43;22682717
20111117;15.36;15.43;15;15.04;26871182
20111118;15.1;15.28;15;15;16165520
20111121;14.63;14.75;14.2;14.53;21584854
20111122;14.57;14.69;14.32;14.45;13554954
20111123;14.24;14.25;14.01;14.05;14110127
20111125;14.08;14.35;13.94;13.95;6635056
20111128;14.7;15.04;14.65;14.78;21355903
20111129;13.57;13.66;12.64;13.19;72064034
20111130;13.24;13.28;13.04;13.27;41297771
20111201;13.17;13.57;13.12;13.47;19023949
20111202;13.64;13.68;13.2;13.22;20827604
20111205;13.44;13.84;13.34;13.62;19983742
20111206;13.61;13.95;13.46;13.88;19557992
20111207;13.8;14.08;13.62;14;17685880
20111208;13.88;14.01;13.48;13.52;17869862
20111209;13.77;13.89;13.64;13.79;11718714
20111212;13.58;13.59;13.05;13.48;19688985
20111213;13.56;13.64;13.05;13.14;19451239
20111214;13.06;13.25;12.98;13.14;15920179
20111215;13.28;13.32;13.12;13.17;23851273
20111216;13.35;13.35;13.03;13.08;23157535
20111219;13.21;13.23;12.54;12.57;26271482
20111220;12.75;12.97;12.57;12.58;35588710
20111221;12.59;12.69;12.41;12.55;33426391
20111222;12.65;13.08;12.63;13.03;14782674
20111223;13.1;13.38;13.01;13.38;8817942
20111227;13.29;13.38;13.2;13.2;10616365
20111228;13.18;13.19;12.82;12.93;10357160
20111229;12.95;13.14;12.91;13.05;7691191
20111230;12.99;13.05;12.87;12.98;8374212
20120103;13.26;13.42;13;13.04;17780322
20120104;13.07;13.25;13.01;13.17;10832437
20120105;13.11;13.32;13.02;13.28;10257834
20120106;13.33;13.66;13.24;13.52;16390596
20120109;13.65;13.79;13.5;13.74;14147925
20120110;13.92;14.05;13.77;13.99;16895327
20120111;13.96;14.38;13.95;14.32;17099267
20120112;14.42;14.46;14.01;14.2;16017263
20120113;14.03;14.13;13.88;14;18491703
20120117;14.16;14.35;14.06;14.15;12371908
20120118;14.18;14.42;14.09;14.28;17594607
20120119;14.37;14.59;14.28;14.45;17408963
20120120;14.39;14.53;14.29;14.42;16917317
20120123;14.51;14.55;14.07;14.37;21394396
20120124;14.25;14.62;14.16;14.62;18913523
20120125;13.5;13.64;13.04;13.05;60611186
20120126;12.99;13.09;12.58;12.67;47483840
20120127;12.6;12.7;12.52;12.62;22355366
20120130;12.63;12.66;12.53;12.61;22498952
20120131;12.75;12.88;12.62;12.87;27152445
20120201;12.99;13.09;12.87;12.9;24683704
20120202;13.05;13.07;12.93;12.94;18139483
20120203;13.24;13.63;13.06;13.58;30636167
20120206;13.72;13.83;13.46;13.73;29665682
20120207;13.74;13.81;13.61;13.75;21265549
20120208;13.89;13.93;13.7;13.75;17442558
20120209;13.78;13.85;13.64;13.79;23434279
20120210;13.67;13.82;13.58;13.6;17185866
20120213;13.75;13.78;13.56;13.67;22374960
20120214;13.66;13.69;13.33;13.48;21150948
20120215;13.48;13.68;13.46;13.52;16282090
20120216;13.52;13.9;13.49;13.81;15171314
20120217;13.97;13.97;13.65;13.84;13422573
20120221;13.92;14;13.74;13.77;15692872
20120222;13.65;13.72;13.52;13.56;12342758
20120223;13.56;13.61;13.13;13.58;17964295
20120224;13.63;13.87;13.6;13.75;10234073
20120227;13.65;13.66;13.45;13.52;14857055
20120228;13.58;13.67;13.3;13.34;20691604
20120229;13.35;13.37;13.02;13.04;27311277
20120301;13.09;13.1;12.89;12.97;26124592
20120302;12.99;13.06;12.95;12.99;23952458
20120305;12.93;13.02;12.78;12.88;17331752
20120306;12.72;12.84;12.7;12.81;19764207
20120307;12.86;13.09;12.81;12.96;18015870
20120308;13.18;13.44;13.16;13.41;20645360
20120309;13.46;13.54;13.25;13.29;18094345
20120312;13.29;13.46;13.25;13.45;16789978
20120313;13.64;13.93;13.61;13.9;23847351
20120314;13.93;14.06;13.83;14.05;28935233
20120315;14.03;14.24;14;14.2;17549442
20120316;14.27;14.37;14.13;14.33;25458441
20120319;14.27;14.4;14.12;14.28;18758167
20120320;14.22;14.26;13.95;14.05;22580036
20120321;14.04;14.12;13.93;13.93;14510172
20120322;13.88;14;13.77;13.86;17229072
20120323;13.82;14.05;13.77;14.02;13930421
20120326;14.18;14.44;14;14.41;16105168
20120327;14.4;14.54;14.2;14.21;15846295
20120328;14.2;14.27;13.9;14.02;16398776
20120329;13.93;14.04;13.81;14.03;17686893
20120330;14.1;14.16;13.89;14.08;16074322
20120402;14.02;14.06;13.8;13.9;16209150
20120403;13.91;14.01;13.78;13.87;14563159
20120404;13.76;13.84;13.6;13.7;15656241
20120405;13.64;13.69;13.5;13.54;9830578
20120409;13.35;13.57;13.26;13.48;12144960
20120410;13.51;13.65;13.3;13.39;17156489
20120411;13.55;13.61;13.45;13.53;11601143
20120412;13.62;13.81;13.54;13.73;11232437
20120413;13.67;13.75;13.58;13.58;11402529
20120416;13.65;13.69;13.5;13.57;12549071
20120417;13.64;13.79;13.58;13.7;9432140
20120418;13.63;13.65;13.49;13.54;9003282
20120419;13.55;13.74;13.43;13.53;12751523
20120420;13.54;13.6;13.15;13.18;20140995
20120423;13.1;13.29;13.03;13.21;11413023
20120424;13.15;13.46;13.15;13.35;19511970
20120425;14.05;14.33;13.88;14.3;38095911
20120426;14.23;14.42;14.18;14.3;18044615
20120427;14.34;14.51;14.2;14.45;13438943
20120430;14.34;14.53;14.27;14.35;12266557
20120501;14.28;14.44;14.2;14.32;9346297
20120502;14.35;14.58;14.2;14.26;14510737
20120503;14.29;14.35;13.91;14;11698382
20120504;13.94;14.01;13.66;13.67;11189797
20120507;13.57;13.72;13.57;13.6;9967821
20120508;13.53;13.54;13.2;13.36;18518126
20120509;13.21;13.47;13.18;13.38;10923793
20120510;13.48;13.48;13.28;13.32;10992284
20120511;13.24;13.47;13.2;13.31;6632624
20120514;13.19;13.39;13.16;13.31;10475417
20120515;13.32;13.36;13.11;13.16;14636877
20120516;13.23;13.3;12.9;12.92;14289758
20120517;12.9;13;12.76;12.82;12478195
20120518;12.9;12.94;12.7;12.75;16321187
20120521;12.78;13.24;12.75;13.18;13317557
20120522;13.16;13.29;13.02;13.11;12792646
20120523;12.96;13.56;12.48;12.77;28914390
20120524;12.88;12.91;12.71;12.81;21761968
20120525;12.77;12.98;12.77;12.91;10229006
20120529;12.99;13.14;12.95;13.1;16600250
20120530;13;13.01;12.86;12.86;11827119
20120531;12.86;13.13;12.75;12.99;20607030
20120601;12.74;13.02;12.57;12.61;23629706
20120604;12.64;12.64;12.17;12.24;20326430
20120605;12.23;12.52;12.21;12.47;15894522
20120606;12.64;12.85;12.59;12.83;19071798
20120607;12.98;13.09;12.88;12.9;14198409
20120608;12.82;13.15;12.82;13.13;11503105
20120611;13.28;13.29;12.9;12.91;12789737
20120612;12.95;13.2;12.9;13.18;11742039
20120613;13.18;13.19;12.97;13.05;10897428
20120614;13.06;13.09;12.84;13.02;10410558
20120615;13.13;13.19;12.98;13.01;17387417
20120618;12.98;13.17;12.95;13.1;10551875
20120619;13.17;13.39;13.13;13.25;10321148
20120620;13.2;13.32;13.07;13.26;9372699
20120621;13.23;13.3;12.73;12.78;15772973
20120622;12.86;12.91;12.72;12.86;13646944
20120625;12.7;12.73;12.4;12.45;10563222
20120626;12.47;12.57;12.3;12.43;11347044
20120627;12.47;12.67;12.44;12.59;8181737
20120628;12.5;12.6;12.4;12.59;9367256
20120629;12.85;12.96;12.71;12.93;12473380
20120702;12.92;12.93;12.77;12.91;8171648
20120703;12.94;13.12;12.86;13.08;4611891
20120705;13.05;13.14;13;13;8227970
20120706;12.88;12.95;12.65;12.79;9071571
20120709;12.79;12.79;12.54;12.67;10744556
20120710;12.7;12.81;12.45;12.54;8913586
20120711;12.47;12.6;12.32;12.42;10996826
20120712;12.28;12.37;12.1;12.33;16681050
20120713;12.34;12.39;12.23;12.32;9848756
20120716;12.31;12.31;12.17;12.25;9457746
20120717;12.3;12.37;12.14;12.34;9782146
20120718;12.29;12.55;12.28;12.39;14800056
20120719;12.51;12.54;12.4;12.46;10233209
20120720;12.37;12.41;12.17;12.27;10936277
20120723;12.09;12.17;11.95;12.12;9605409
20120724;12.17;12.19;11.94;12.07;11260712
20120725;11.99;12.02;11.05;11.14;38348377
20120726;11.12;11.34;10.98;11.23;22643583
20120727;11.25;11.63;11.18;11.53;12643823
20120730;11.5;11.55;11.35;11.42;9473754
20120731;11.4;11.49;11.31;11.41;11246288
20120801;11.43;11.45;10.62;11.31;26500388
20120802;11.14;11.31;11.06;11.23;10391968
20120803;11.36;11.43;11.23;11.34;9517586
20120806;11.41;11.42;11.26;11.28;10397716
20120807;11.32;11.58;11.32;11.53;14379812
20120808;11.48;11.73;11.48;11.61;17502167
20120809;11.56;11.64;11.43;11.59;13746093
20120810;11.55;11.6;11.47;11.57;6678075
20120813;11.58;11.72;11.45;11.52;11593974
20120814;11.58;11.62;11.48;11.52;12799116
20120815;11.53;11.62;11.47;11.59;11362965
20120816;11.6;11.75;11.59;11.75;11858364
20120817;11.8;12;11.75;11.99;14798883
20120820;11.95;12;11.81;11.99;11823463
20120821;12.02;12.13;11.8;11.86;10854959
20120822;11.85;11.86;11.57;11.73;10455344
20120823;11.66;11.67;11.5;11.55;10385301
20120824;11.52;11.53;11.34;11.52;11073904
20120827;11.53;11.62;11.47;11.59;7423670
20120828;11.55;11.75;11.54;11.68;7627571
20120829;11.67;11.82;11.56;11.76;8532947
20120830;11.69;11.71;11.52;11.62;8658570
20120831;11.98;12.17;11.93;11.99;16641749
20120904;12.02;12.1;11.77;11.91;9507396
20120905;11.9;11.92;11.75;11.85;6980221
20120906;11.91;12.4;11.91;12.3;17893843
20120907;12.29;12.57;12.26;12.55;12994349
20120910;12.55;12.7;12.5;12.58;13383072
20120911;12.58;12.86;12.53;12.77;12140145
20120912;12.78;12.87;12.64;12.7;8826149
20120913;12.71;12.9;12.57;12.86;9882475
20120914;12.93;13.14;12.88;13.12;14297649
20120917;13.12;13.15;12.84;12.88;11933947
20120918;12.88;12.95;12.72;12.73;10748282
20120919;13.16;13.25;12.87;12.88;27779900
20120920;12.95;13.13;12.91;13.1;14683677
20120921;13.19;13.37;13.17;13.22;16543103
20120924;13.09;13.38;13.03;13.25;12566530
20120925;13.28;13.31;12.92;12.93;14168264
20120926;12.91;12.99;12.68;12.86;12396523
20120927;12.95;13.4;12.89;13.3;18517778
20120928;13.21;13.26;13.02;13.15;12532446
20121001;13.23;13.33;13.06;13.09;11513902
20121002;13.12;13.25;13.09;13.24;10347865
20121003;13.25;13.55;13.17;13.38;19304369
20121004;13.43;13.5;13.34;13.4;16050940
20121005;13.46;13.61;13.26;13.3;11522529
20121008;13.24;13.34;13.18;13.29;10628141
20121009;13.2;13.33;12.98;13.04;14053573
20121010;13.07;13.1;12.91;12.95;15865626
20121011;13.11;13.16;12.94;13.02;13726466
20121012;13;13.05;12.78;12.98;14550231
20121015;13;13.1;12.96;13.08;8028143
20121016;13.22;13.62;13.19;13.56;17817663
20121017;13.55;13.96;13.49;13.83;19219560
20121018;13.75;13.85;13.67;13.74;14220630
20121019;13.7;13.77;13.49;13.52;10705108
20121022;13.38;13.57;13.32;13.52;14609458
20121023;13.39;13.44;13.15;13.41;12071556
20121024;12.7;12.8;11.96;12.15;45336573
20121025;12.3;12.31;12.04;12.09;23049898
20121026;12.05;12.16;11.81;11.82;17642701
20121031;12.04;12.08;11.7;11.75;14113184
20121101;11.8;12.01;11.65;11.74;22120377
20121102;11.88;11.88;11.65;11.7;13542328
20121105;11.68;11.91;11.64;11.85;8402986
20121106;11.89;11.97;11.82;11.9;12010202
20121107;11.83;11.87;11.5;11.51;15494702
20121108;11.56;11.6;11.38;11.4;17099887
20121109;11.47;11.47;11.3;11.34;11424618
20121112;11.36;11.4;11.22;11.27;9372464
20121113;11.25;11.32;11.13;11.16;10156909
20121114;11.14;11.19;10.91;10.94;14159178
20121115;10.95;11.02;10.83;10.88;17846293
20121116;10.89;10.95;10.71;10.9;17996058
20121119;11.02;11.06;10.95;11.05;8439588
20121120;11.13;11.33;11.11;11.18;13042035
20121121;11.18;11.22;11.01;11.12;13965590
20121123;11.23;11.3;11.16;11.29;3553604
20121126;11.26;11.36;11.09;11.35;10625936
20121127;12.09;12.33;12;12.13;42197425
20121128;12.18;12.28;12.06;12.22;20755375
20121129;12.24;12.41;12.2;12.33;12865486
20121130;12.34;12.4;12.21;12.23;13362998
20121203;12.31;12.35;12.1;12.15;12429609
20121204;12.22;12.38;12.1;12.22;19057270
20121205;12.19;12.47;12.19;12.38;12400684
20121206;12.33;12.71;12.24;12.48;10529911
20121207;12.52;12.56;12.37;12.54;9532065
20121210;12.5;12.7;12.46;12.63;10185591
20121211;12.67;12.7;12.54;12.6;9951041
20121212;12.63;12.85;12.59;12.73;12866914
20121213;12.76;12.9;12.69;12.74;11309928
20121214;12.77;12.78;12.52;12.62;11541118
20121217;12.59;12.73;12.54;12.65;11316023
20121218;12.61;13.02;12.6;12.99;13492871
20121219;12.95;13.09;12.77;12.77;12595204
20121220;12.79;12.87;12.74;12.79;18190336
20121221;12.6;12.74;12.53;12.6;26691398
20121224;12.62;12.75;12.54;12.74;5056732
20121226;12.73;12.81;12.54;12.59;7718827
20121227;12.62;12.63;12.41;12.58;10300731
20121228;12.48;12.65;12.45;12.47;10766585
20121231;12.44;12.64;12.36;12.62;12705325
20130102;12.93;13;12.75;12.86;14049507
20130103;12.86;13;12.76;12.77;10662552
20130104;12.81;12.95;12.65;12.73;22631983
20130107;12.71;12.78;12.62;12.63;18643538
20130108;12.6;12.65;12.43;12.48;20357302
20130109;12.51;12.63;12.27;12.4;24456564
20130110;12.48;12.69;12.47;12.64;18285774
20130111;12.42;12.48;12.13;12.45;24430963
20130114;12.42;12.55;12.36;12.5;9909897
20130115;12.41;12.63;12.37;12.62;10382334
20130116;12.62;12.65;12.43;12.52;9446760
20130117;12.45;12.49;12.28;12.3;16463815
20130118;12.39;12.39;11.99;12.1;19471300
20130122;12.09;12.31;11.99;12.31;14416537
20130123;12.31;12.34;12.19;12.23;11891262
20130124;12.23;12.26;12.07;12.16;15952398
20130125;12.17;12.29;12.08;12.24;16232121
20130128;12.07;12.16;11.87;12.15;32207123
20130129;12.25;12.42;12.16;12.23;24360146
20130130;12.25;12.25;11.9;12;22021716
20130131;12;12.08;11.93;12;25381791
20130201;12.05;12.08;11.88;11.91;17839474
20130204;11.91;11.93;11.75;11.79;21390937
20130205;11.83;12.03;11.77;11.96;29742339
20130206;11.94;12.18;11.88;12.18;13759415
20130207;12.16;12.33;12.14;12.32;16208020
20130208;12.35;12.48;12.11;12.28;18009613
20130211;12.32;12.48;12.27;12.44;10354791
20130212;12.46;12.69;12.45;12.57;13459712
20130213;12.61;12.82;12.59;12.78;17239045
20130214;12.76;12.99;12.69;12.95;16363707
20130215;12.97;12.98;12.73;12.79;14372591
20130219;12.83;12.95;12.83;12.9;13870808
20130220;12.92;12.94;12.58;12.63;11497676
20130221;12.59;12.63;12.42;12.51;13285985
20130222;12.58;12.65;12.55;12.61;6884578
20130225;12.68;12.75;12.35;12.35;12159041
20130226;12.33;12.44;12.2;12.29;14353318
20130227;12.29;12.61;12.25;12.59;9534984
20130228;12.6;12.75;12.57;12.61;12516079
20130301;12.47;12.54;12.31;12.52;8935001
20130304;12.49;12.5;12.29;12.38;13082103
20130305;12.46;12.6;12.37;12.52;12337695
20130306;12.56;12.64;12.45;12.56;9816706
20130307;12.66;12.68;12.53;12.66;7642433
20130308;12.74;12.77;12.61;12.71;11898481
20130311;12.71;12.77;12.58;12.63;9174335
20130312;12.63;12.8;12.61;12.67;9537826
20130313;12.72;12.74;12.61;12.64;8081866
20130314;12.66;12.82;12.61;12.81;9723369
20130315;12.74;12.92;12.65;12.92;18598888
20130318;12.76;12.93;12.66;12.85;17278063
20130319;12.88;12.96;12.73;12.83;14676579
20130320;12.89;13.25;12.87;13.18;19257456
20130321;13.15;13.17;12.92;12.99;12561267
20130322;13.03;13.12;12.93;13.05;9371805
20130325;13.11;13.15;12.95;13.01;11341746
20130326;13.08;13.2;12.99;13.11;15027328
20130327;13.03;13.18;13;13.15;12859184
20130328;13.18;13.35;13.13;13.33;11639613
20130401;13.35;13.4;13.17;13.33;13569825
20130402;13.31;13.4;13.25;13.33;10571948
20130403;13.3;13.44;13.28;13.34;14961657
20130404;13.34;13.49;13.32;13.34;10232025
20130405;13.12;13.36;12.98;13.31;15349569
20130408;13.33;13.39;13.24;13.35;11858351
20130409;13.35;13.44;13.28;13.35;14206653
20130410;13.39;13.47;13.35;13.4;13222350
20130411;13.41;13.45;13.27;13.37;12965394
20130412;13.35;13.37;13.21;13.3;14513599
20130415;13.25;13.26;13.09;13.13;18762227
20130416;13.2;13.2;13.1;13.18;9790612
20130417;13.09;13.18;12.89;12.96;18552629
20130418;12.96;13.11;12.77;13.06;22186394
20130419;13.07;13.1;12.84;12.84;14828674
20130422;12.86;12.86;12.64;12.82;10634538
20130423;12.86;13.13;12.76;13.13;11487083
20130424;13.5;13.95;13.41;13.85;34442836
20130425;13.92;14.41;13.88;14.23;24422455
20130426;14.24;14.29;14.01;14.23;9655398
20130429;14.35;14.55;14.3;14.41;16583025
20130430;14.39;14.5;14.24;14.5;11662917
20130501;14.45;14.5;14.26;14.33;8028534
20130502;14.3;14.43;14.25;14.37;7558304
20130503;14.5;14.99;14.48;14.87;17347719
20130506;14.84;15;14.81;14.88;10698236
20130507;14.93;14.95;14.78;14.87;7030476
20130508;14.85;14.9;14.73;14.88;14550955
20130509;14.83;15.25;14.83;15.06;14645770
20130510;15.03;15.23;15.02;15.1;9141551
20130513;15.36;15.5;15.16;15.24;12371614
20130514;15.27;15.53;15.23;15.53;13370813
20130515;15.53;15.71;15.4;15.68;11219237
20130516;15.67;15.77;15.31;15.45;14200477
20130517;15.42;16.14;15.39;16.14;24333962
20130520;16.06;16.43;16.05;16.31;19384190
20130521;16.3;16.32;16.01;16.19;14824152
20130522;16.2;16.34;15.65;15.8;14338286
20130523;15.36;15.79;15.23;15.75;13759937
20130524;15.6;15.74;15.51;15.66;10226517
20130528;15.73;15.97;15.71;15.76;10188751
20130529;15.52;15.7;15.47;15.59;11165360
20130530;15.53;15.73;15.52;15.59;9875262
20130531;15.54;15.71;15.37;15.37;10292509
20130603;15.42;15.7;15.38;15.7;12680019
20130604;15.66;15.79;15.43;15.57;11310801
20130605;15.5;15.5;14.96;14.99;18431509
20130606;15.02;15.1;14.82;15.01;18588154
20130607;15.1;15.41;15.1;15.38;15014530
20130610;15.42;15.45;15.17;15.22;10071575
20130611;15.09;15.23;14.97;14.99;8978449
20130612;15.09;15.13;14.75;14.78;9574824
20130613;14.7;15.18;14.52;15.09;11533536
20130614;15.12;15.15;14.89;14.92;7531808
20130617;15.01;15.21;14.98;15.11;7969738
20130618;15.1;15.22;15.09;15.19;10244537
20130619;15.2;15.25;14.88;14.93;13439552
20130620;14.69;14.89;14.24;14.31;18670495
20130621;14.43;14.44;14.12;14.26;15305150
20130624;14.09;14.19;13.86;13.96;11963158
20130625;14.08;14.24;13.92;14.21;9723548
20130626;14.27;14.34;14.08;14.33;10055300
20130627;14.42;14.49;14.28;14.3;7723517
20130628;14.26;14.36;14.12;14.23;13675682
20130701;14.36;14.55;14.29;14.45;6831326
20130702;14.45;14.55;14.3;14.42;7492387
20130703;14.31;14.31;14.1;14.28;6011242
20130705;14.41;14.58;14.36;14.52;5753906
20130708;14.62;14.65;14.46;14.55;6542655
20130709;14.63;14.89;14.63;14.77;11628078
20130710;14.79;14.88;14.66;14.8;6337567
20130711;15;15.08;14.85;15.04;8341485
20130712;15.02;15.08;14.86;15.03;8459437
20130715;15.05;15.17;14.96;15.09;5687593
20130716;15.07;15.14;14.87;15.02;6828274
20130717;14.96;15;14.54;14.82;13594741
20130718;14.57;14.89;14.53;14.79;10030374
20130719;14.83;15.11;14.76;15.11;16081808
20130722;15.15;15.17;14.93;14.99;9306343
20130723;14.98;15.1;14.91;15.02;6417621
20130724;15.11;15.33;15.05;15.14;11658874
20130725;15.14;15.33;15.05;15.28;9276176
20130726;15.22;15.25;15.05;15.25;9573694
20130729;15.27;15.45;15.23;15.39;16833801
20130730;15.22;15.44;14.7;15.19;27864791
20130731;15.24;15.4;15.11;15.19;14507556
20130801;15.32;15.51;15.32;15.45;12931634
20130802;15.44;15.46;15.34;15.4;12102632
20130805;15.37;15.5;15.31;15.34;7387905
20130806;15.31;15.32;14.96;15.07;14720973
20130807;14.98;15.08;14.93;15.03;8584210
20130808;15.04;15.2;14.94;15.13;7464018
20130809;15.14;15.19;15.03;15.09;5786258
20130812;15.05;15.19;15.03;15.11;5376919
20130813;15.12;15.24;15.07;15.21;6503757
20130814;15.23;15.27;15.09;15.12;6587254
20130815;14.96;15.03;14.88;14.91;8887038
20130816;14.87;15.08;14.84;15.03;12241554
20130819;15;15.03;14.69;14.72;9513944
20130820;14.73;14.75;14.41;14.47;14362821
20130821;14.44;14.71;14.39;14.55;10935121
20130822;14.6;14.79;14.5;14.62;7170845
20130823;14.71;14.8;14.61;14.77;6857964
20130826;14.76;14.92;14.75;14.75;9927655
20130827;14.62;14.63;14.2;14.22;12149178
20130828;14.15;14.3;14.1;14.17;7544547
20130829;14.13;14.27;14.08;14.18;7773697
20130830;14.18;14.21;13.94;14.04;8466318
20130903;14.06;14.17;13.84;13.92;12256936
20130904;13.91;14.32;13.89;14.18;13520351
20130905;14.23;14.5;14.21;14.45;9632843
20130906;14.48;14.5;14.23;14.4;11556169
20130909;14.41;14.66;14.41;14.63;8429764
20130910;14.73;14.86;14.69;14.86;9345598
20130911;14.87;14.93;14.79;14.89;7728455
20130912;14.88;14.89;14.4;14.49;16781632
20130913;14.56;14.64;14.42;14.64;7336618
20130916;14.78;14.8;14.48;14.49;12346847
20130917;14.49;14.65;14.38;14.65;11418947
20130918;14.73;15.09;14.7;15.02;18398522
20130919;15.09;15.11;14.83;14.87;10313687
20130920;14.87;14.96;14.67;14.67;13653372
20130923;14.74;14.93;14.6;14.82;15072150
20130924;14.79;14.93;14.76;14.88;11720388
20130925;14.87;15;14.76;14.92;9578800
20130926;14.94;15;14.84;14.94;10756446
20130927;14.89;14.91;14.63;14.73;9651175
20130930;14.58;14.7;14.47;14.59;10507467
20131001;14.6;14.74;14.53;14.74;8261440
20131002;14.6;14.66;14.47;14.53;12603896
20131003;14.5;14.57;14.25;14.3;12940032
20131004;14.27;14.65;14.27;14.63;13314063
20131007;14.43;14.6;14.37;14.48;11501387
20131008;14.47;14.49;14;14;16333125
20131009;14.02;14.1;13.82;14.01;15463188
20131010;14.23;14.47;14.14;14.46;13484064
20131011;14.27;14.45;14.17;14.45;15281182
20131014;14.3;14.5;14.2;14.41;11265715
20131015;14.32;14.5;14.18;14.27;12971509
20131016;14.35;14.47;14.31;14.42;13434515
20131017;14.36;14.89;14.36;14.83;14746979
20131018;14.94;15.04;14.83;15;15029817
20131021;15.02;15.13;14.99;15.09;8176749
20131022;15.18;15.48;15.17;15.35;23647003
20131023;18.04;18.07;16.73;17.52;87157113
20131024;17.49;17.52;16.83;17.48;36889685
20131025;17.47;17.52;17.14;17.35;15555227
20131028;17.29;17.4;17.14;17.3;10179477
20131029;17.34;17.55;17.22;17.51;14496911
20131030;17.66;17.7;16.92;17;15906886
20131031;16.86;17.27;16.8;17.09;17040548
20131101;17.09;17.34;17.02;17.13;10208852
20131104;17.21;17.34;17.15;17.26;10089622
20131105;16.63;16.82;16.45;16.5;24345849
20131106;16.53;16.59;16.31;16.55;12358716
20131107;16.57;16.69;16.22;16.31;13162183
20131108;16.34;16.61;16.24;16.58;13788802
20131111;16.57;16.65;16.46;16.59;7464883
20131112;16.57;16.84;16.54;16.73;11422528
20131113;16.57;16.97;16.54;16.85;12204394
20131114;16.87;16.99;16.64;16.79;13278732
20131115;16.85;17.01;16.82;17.01;14419046
20131118;16.97;17.08;16.7;16.78;10751427
20131119;16.77;17.02;16.76;16.86;9312524
20131120;16.88;17.08;16.75;16.84;7963166
20131121;16.91;17.22;16.91;17.14;9605811
20131122;17.12;17.26;16.94;17.26;10401322
20131125;17.28;17.32;17;17.08;8277924
20131126;17.08;17.26;16.98;17.08;12868802
20131127;17.08;17.19;17.07;17.17;5739069
20131129;17.16;17.2;16.98;17.08;4489869
20131202;17.08;17.25;17.01;17.06;10191129
20131203;16.98;16.98;16.63;16.78;15031255
20131204;16.72;16.93;16.63;16.78;11231466
20131205;16.73;16.86;16.63;16.63;19715156
20131206;16.84;17.16;16.84;17.11;10788923
20131209;17.09;17.13;16.97;17.02;7602818
20131210;17.03;17.37;17.02;17.26;8807490
20131211;17.21;17.24;16.89;16.94;12758613
20131212;16.79;17.06;16.77;17.01;10629851
20131213;17.13;17.15;16.86;16.88;9572693
20131216;16.98;17.11;16.94;17.05;7725376
20131217;17.15;17.24;17.13;17.22;10024152
20131218;17.15;17.42;17.05;17.37;11490850
20131219;17.38;17.48;17.35;17.42;7637218
20131220;17.4;17.65;17.36;17.43;15861914
20131223;17.46;17.68;17.46;17.56;6694245
20131224;17.58;17.72;17.58;17.64;2769422
20131226;17.65;17.76;17.64;17.73;6314057
20131227;17.75;17.85;17.73;17.77;4206906
20131230;17.75;17.84;17.73;17.78;5497140
20131231;17.8;17.89;17.76;17.82;5144363
20140102;17.74;17.81;17.62;17.77;7571718
20140103;17.77;17.96;17.77;17.89;7592073
20140106;17.99;18;17.68;17.73;15343360
20140107;17.76;18;17.74;17.84;9730161
20140108;17.86;17.98;17.73;17.98;9015969
20140109;18.01;18.16;17.95;18;8262268
20140110;18.09;18.33;18.06;18.29;9828919
20140113;18.27;18.33;17.97;18.02;10196441
20140114;18.04;18.49;18.04;18.49;10475343
20140115;18.46;18.58;18.33;18.41;9358711
20140116;18.41;18.61;18.37;18.51;8110396
20140117;18.55;18.81;18.53;18.77;11381476
20140121;18.88;18.9;18.63;18.76;11635393
20140122;18.76;19.12;18.69;19;11532803
20140123;18.85;19.02;18.77;18.98;15890953
20140124;18.77;18.77;18.17;18.21;19275825
20140127;18.28;18.55;18.05;18.22;20673080
20140128;16.97;17.64;16.55;17.1;41320721
20140129;17;17.36;16.95;17.16;15090565
20140130;17.29;17.5;17.25;17.38;9301155
20140131;17.15;17.37;17.1;17.21;12660945
20140203;17.29;17.34;16.9;17.05;19568229
20140204;17.1;17.25;16.99;17.19;12050374
20140205;17.17;17.65;17.13;17.55;14424184
20140206;17.55;18.11;17.51;18.08;18087473
20140207;18.06;18.41;17.92;18.36;17389768
20140210;18.32;18.59;18.27;18.43;12893927
20140211;18.38;18.96;18.38;18.8;15491117
20140212;18.81;19.08;18.8;19.01;10749486
20140213;18.82;19.1;18.75;19.09;9019759
20140214;19;19.22;19;19.11;10025141
20140218;19.05;19.19;18.98;19.08;13754508
20140219;18.98;19.1;18.91;18.92;11401141
20140220;18.95;19.11;18.92;19;8443269
20140221;19;19.14;18.95;19.07;12835042
20140224;19.04;19.44;19.03;19.31;12403786
20140225;19.31;19.36;19.12;19.28;8853209
20140226;19.17;19.35;19.13;19.27;8092221
20140227;19.13;19.35;19.13;19.34;9252723
20140228;19.32;19.38;19.04;19.27;11578496
20140303;18.99;19.15;18.84;19.04;8396860
20140304;19.39;19.5;19.2;19.5;20544887
20140305;19.5;19.82;19.36;19.66;11179142
20140306;19.73;19.77;19.5;19.54;13693497
20140307;19.68;19.78;19.57;19.64;8485566
20140310;19.58;19.64;19.26;19.39;11030236
20140311;19.41;19.53;19.16;19.26;8339703
20140312;19.17;19.38;19.13;19.3;8513962
20140313;19.33;19.51;19.1;19.17;8771363
20140314;19.05;19.12;18.8;18.87;13638365
20140317;18.96;19.19;18.94;19.13;12153157
20140318;19.13;19.41;19.13;19.31;8087350
20140319;19.25;19.31;18.91;19.04;13186841
20140320;19.03;19.66;19.03;19.42;12860894
20140321;19.58;19.69;19.44;19.52;19273588
20140324;19.61;19.7;19.33;19.61;10662748
20140325;19.69;20.24;19.64;20.06;21216934
20140326;20.34;20.69;20.3;20.43;19411291
20140327;20.43;20.75;20.22;20.46;11889687
20140328;20.5;20.75;20.37;20.61;9459093
20140331;20.66;20.99;20.66;20.82;11764380
20140401;20.9;21.1;20.89;20.97;9523832
20140402;20.99;21.47;20.9;21.36;14586557
20140403;21.42;21.76;21.39;21.59;15741039
20140404;21.73;21.77;21.15;21.35;14030584
20140407;21.27;21.36;21.06;21.1;10383051
20140408;21.07;21.26;20.88;21.01;14925250
20140409;20.99;21.24;20.99;21.16;10109139
20140410;21.19;21.29;20.72;20.77;11011831
20140411;20.33;20.64;20.28;20.38;17334390
20140414;20.29;20.53;20.23;20.53;9443395
20140415;20.6;20.64;20.25;20.55;10582131
20140416;20.71;20.84;20.64;20.73;11221357
20140417;20.7;21.05;20.66;21.04;11158246
20140421;20.98;21.15;20.82;21.02;7441609
20140422;21.04;21.35;21.02;21.23;7460508
20140423;21.19;21.26;20.95;21.15;7700784
20140424;21.3;21.34;21.03;21.19;7533689
20140425;21.14;21.14;20.67;20.74;14563424
20140428;21.3;21.3;20.35;20.97;17078012
20140429;20.91;21.1;20.83;20.86;11222667
20140430;20.17;20.98;20.17;20.91;11067700
20140501;20.91;21.24;20.87;21.06;8491659
20140502;20.98;21.19;20.95;20.99;8210556
20140505;20.87;20.96;20.66;20.95;8313927
20140506;20.93;20.94;20.6;20.66;12821063
20140507;20.7;20.88;20.63;20.88;9051881
20140508;20.79;21.13;20.76;20.82;11041571
20140509;20.79;20.84;20.61;20.74;28638487
20140512;20.88;21.42;20.81;21.42;11073611
20140513;21.48;21.68;21.27;21.3;9807492
20140514;21.31;21.38;21.11;21.19;6487383
20140515;21.17;21.23;20.85;20.96;9632591
20140516;20.94;21.1;20.81;20.95;10922185
20140519;20.91;21.19;20.87;21.12;6665063
20140520;21.14;21.18;20.9;21.07;7770510
20140521;21.11;21.31;20.98;21.15;7332836
20140522;21.19;21.41;21.16;21.22;6342324
20140523;21.22;21.46;21.15;21.33;6848276
20140527;21.42;21.6;21.31;21.44;9587428
20140528;21.44;21.56;21.26;21.26;6588246
20140529;21.37;21.5;21.27;21.4;5540728
20140530;21.35;21.45;21.23;21.3;9798856
20140602;21.29;21.47;21.25;21.3;6320867
20140603;21.23;21.43;21.22;21.41;7899256
20140604;21.36;21.44;21.29;21.36;4770992
20140605;21.38;21.59;21.27;21.58;5804989
20140606;21.59;21.73;21.47;21.57;7470732
20140609;21.52;21.6;21.36;21.46;5409431
20140610;21.45;21.58;21.35;21.58;7615821
20140611;21.5;21.61;21.4;21.45;5712785
20140612;21.44;21.47;20.94;21;10003834
20140613;20.99;21.3;20.99;21.2;6026713
20140616;21.2;21.34;21.04;21.11;5711474
20140617;21.03;21.35;20.91;21.28;6873546
20140618;21.23;21.49;21.08;21.45;5698454
20140619;21.46;21.67;21.43;21.67;5623087
20140620;21.77;21.99;21.73;21.85;12941313
20140623;21.87;21.89;21.69;21.76;5976653
20140624;21.82;22.2;21.78;21.8;10559397
20140625;21.84;22.04;21.8;22;7957127
20140626;22.04;22.06;21.64;21.75;7170587
20140627;21.71;22.06;21.7;22;12245199
20140630;21.96;22.06;21.85;21.95;7189032
20140701;22.06;22.17;22.01;22.08;6746714
20140702;22.05;22.25;21.91;21.98;7066210
20140703;22.08;22.37;22.03;22.33;5100691
20140707;22.17;22.34;22.14;22.27;4508243
20140708;22.27;22.31;21.88;21.94;6551138
20140709;21.98;22.21;21.97;22.02;5176452
20140710;21.78;21.85;21.55;21.63;9318490
20140711;21.63;21.71;21.56;21.69;5087316
20140714;21.8;22.01;21.8;21.91;6419253
20140715;21.97;22.09;21.9;21.96;7525558
20140716;22.06;22.1;21.78;21.82;11156197
20140717;21.77;21.88;21.47;21.49;5602742
20140718;21.59;21.85;21.53;21.83;9736934
20140721;21.83;21.97;21.78;21.92;3871761
20140722;21.97;22.25;21.95;22.17;4525864
20140723;22.12;22.23;22.05;22.18;4070268
20140724;22.22;22.26;22.03;22.09;5157209
20140725;22.05;22.12;21.97;22.02;3688985
20140728;22;22.09;21.8;22.05;5937522
20140729;21.04;21.1;19.83;20;30121123
20140730;20.1;20.11;19.57;19.87;13123284
20140731;19.63;19.88;19.61;19.65;13197599
20140801;19.62;19.95;19.56;19.88;11729307
20140804;19.92;20.1;19.76;20.05;8001958
20140805;19.98;20.09;19.82;19.88;8540209
20140806;19.75;20;19.7;19.79;6841788
20140807;19.94;20.02;19.61;19.68;5317709
20140808;19.68;19.94;19.62;19.94;5975983
20140811;20.03;20.25;20;20.12;4825803
20140812;20.1;20.22;20.01;20.19;4395364
20140813;20.3;20.39;20.17;20.32;4511809
20140814;20.29;20.4;20.21;20.26;5235659
20140815;20.33;20.38;19.9;20.16;8644202
20140818;20.29;20.42;20.29;20.37;5286662
20140819;20.36;20.38;20;20.34;10518120
20140820;20.27;20.76;20.13;20.7;11470738
20140821;20.73;20.84;20.61;20.65;7693448
20140822;20.63;20.69;20.43;20.54;5400105
20140825;20.61;20.77;20.59;20.63;3913866
20140826;20.7;21.04;20.7;20.74;6036859
20140827;20.68;20.78;20.44;20.49;5699532
20140828;20.4;20.69;20.35;20.57;4251403
20140829;20.55;20.86;20.53;20.86;7647463
20140902;20.88;20.98;20.75;20.97;6270163
20140903;20.99;21.07;20.91;21;6446819
20140904;21;21.42;20.95;21.12;10544033
20140905;21.09;21.29;21;21.29;5868607
20140908;21.25;21.28;20.98;21.11;6185484
20140909;21.23;21.38;20.93;20.99;10347066
20140910;21;21.21;20.93;21.02;5274459
20140911;20.99;21.1;20.78;20.94;6858391
20140912;20.88;20.91;20.6;20.73;5260492
20140915;20.69;20.7;20.36;20.6;5700572
20140916;20.53;20.77;20.51;20.64;4831037
20140917;20.65;20.85;20.58;20.71;5495976
20140918;20.76;20.8;20.68;20.75;4431971
20140919;20.86;20.89;20.39;20.4;11742497
20140922;20.33;20.35;20.13;20.23;5412587
20140923;20.16;20.2;19.94;19.94;9465902
20140924;19.93;20.2;19.92;20.19;5211974
20140925;20.18;20.19;19.8;19.81;6130214
20140926;19.89;19.91;19.72;19.87;4952321
20140929;19.69;19.7;19.43;19.55;7491115
20140930;19.63;19.66;19.23;19.34;8926848
20141001;19.27;19.31;18.79;18.8;14990801
20141002;18.75;18.89;18.32;18.7;12836933
20141003;18.82;19.01;18.81;18.93;8011875
20141006;18.96;19.47;18.91;19.17;13546179
20141007;19.05;19.09;18.69;18.69;7723566
20141008;18.77;18.99;18.39;18.96;9357091
20141009;18.94;19.01;18.57;18.58;8325662
20141010;18.53;18.59;18.16;18.17;7983853
20141013;18.14;18.24;17.63;17.64;11013544
20141014;17.46;17.83;17.27;17.57;11794574
20141015;17.21;17.63;17.03;17.56;11713397
20141016;17.21;17.74;17.12;17.5;10893935
20141017;17.67;18;17.64;17.75;8524358
20141020;17.7;18.1;17.7;18.08;5926195
20141021;18.28;18.57;18.23;18.53;8099853
20141022;18.6;18.75;18.4;18.41;7514680
20141023;18.65;18.85;18.58;18.68;5304953
20141024;18.71;18.83;18.5;18.8;5121910
20141027;18.76;18.91;18.57;18.85;7395389
20141028;18.21;19.7;18.15;19.6;18359619
20141029;19.77;20.2;19.6;19.89;11459858
20141030;19.9;20.21;19.85;20.07;7764745
20141031;20.44;20.51;20.19;20.43;10747361
20141103;20.41;20.73;20.4;20.55;10294545
20141104;20.53;20.68;20.4;20.68;10985702
20141105;20.78;20.82;20.56;20.76;6616022
20141106;20.84;20.9;20.61;20.68;9340359
20141107;20.69;20.76;20.45;20.55;13174765
20141110;20.6;20.88;20.58;20.8;6707338
20141111;20.8;20.86;20.68;20.81;5529421
20141112;20.6;20.8;20.5;20.71;4135518
20141113;20.66;20.72;20.21;20.35;8660342
20141114;20.3;20.48;20.26;20.41;6631425
20141117;20.4;20.4;20.26;20.36;4271616
20141118;20.38;20.57;20.35;20.42;6255731
20141119;20.36;20.52;20.18;20.47;7736433
20141120;20.4;20.75;20.34;20.61;6163090
20141121;20.81;20.94;20.73;20.92;9339687
20141124;20.92;21;20.8;20.98;6336707
20141125;21;21.11;20.98;21.02;7385793
20141126;21.02;21.1;20.96;21.07;4070012
20141128;21.05;21.09;20.92;21.02;2777424
20141201;20.9;20.99;20.74;20.91;5494016
20141202;20.88;21.12;20.85;21.01;5781710
20141203;21.02;21.69;20.97;21.54;14731876
20141204;21.56;21.61;21.2;21.23;9738137
20141205;21.27;21.46;21.25;21.34;9244359
20141208;21.34;21.34;20.94;21.01;6894847
20141209;20.94;21.7;20.93;21.48;16771437
20141210;21.44;21.55;21.1;21.15;8513451
20141211;21.28;21.55;21.12;21.19;6083937
20141212;21.05;21.11;20.63;20.63;7434024
20141215;20.74;20.85;20.38;20.61;6943461
20141216;20.53;20.95;20.45;20.75;10766456
20141217;20.78;21.34;20.63;21.29;9124146
20141218;21.85;22.19;21.71;22.18;14379101
20141219;22.2;22.74;22.2;22.66;14899324
20141222;22.62;22.72;22.52;22.7;6941648
20141223;22.74;23.27;22.74;23.14;8320346
20141224;23.15;23.39;23.15;23.22;3718763
20141226;23.24;23.52;23.21;23.32;4108148
20141229;23.19;23.4;23.13;23.19;4630229
20141230;23;23.25;22.99;23.19;4239657
20141231;23.3;23.44;22.91;22.93;6251551
20150102;23.03;23.11;22.75;23.01;5009277
20150105;22.84;22.95;22.57;22.69;7039677
20150106;21.89;22.77;21.89;22.3;7835628
20150107;22.48;22.77;22.35;22.62;5839899
20150108;22.93;23.49;22.9;23.35;9533590
20150109;23.38;23.47;23.22;23.31;6461732
20150112;23.38;23.45;23.08;23.28;5866955
20150113;23.41;23.89;22.95;23.15;9155936
20150114;22.91;23.27;22.74;23.25;6828959
20150115;23.8;23.8;23.01;23.02;9173223
20150116;22.95;23.29;22.79;23.17;9960814
20150120;23.35;23.36;22.92;23.15;8305289
20150121;23.07;23.33;22.83;23.29;8283028
20150122;23.44;23.75;23.27;23.72;6610299
20150123;23.69;23.93;23.63;23.85;6603106
20150126;23.75;24.12;23.54;23.91;8039633
20150127;23.71;24.98;23.7;24.73;16548015
20150128;24.87;25.16;24.17;24.22;14824551
20150129;24.36;24.36;23.27;23.79;14157385
20150130;23.65;24.15;23.61;23.77;11472405
20150202;23.87;24.19;23.23;24.15;9573655
20150203;24.17;24.4;23.95;24.35;9609463
20150204;24.31;24.52;24.15;24.27;9187695
20150205;24.22;24.65;24.17;24.48;8666047
20150206;24.5;24.65;24.17;24.21;10167112
20150209;24.22;24.51;24.17;24.24;7757255
20150210;24.41;24.9;24.2;24.85;8830549
20150211;24.84;24.87;24.43;24.55;5990254
20150212;24.63;25.05;24.61;24.86;7373194
20150213;24.86;25.03;24.76;25;6191300
20150217;24.96;25;24.53;24.6;6591412
20150218;24.64;24.69;24.37;24.63;6260188
20150219;24.6;24.75;24.5;24.65;7059068
20150220;24.59;24.96;24.26;24.96;6922457
20150223;24.94;24.96;24.72;24.78;4922072
20150224;24.74;24.82;24.57;24.78;5006321
20150225;24.58;24.72;24.43;24.6;5410474
20150226;24.6;24.79;24.41;24.47;6489728
20150227;24.5;24.67;24.34;24.4;7659958
20150302;24.32;24.65;24.25;24.63;6901968
20150303;24.57;24.87;24.48;24.6;7297586
20150304;24.5;24.89;24.28;24.75;7113913
20150305;24.7;24.85;24.56;24.62;4808081
20150306;24.53;24.62;23.98;24.03;6211266
20150309;24.04;24.14;23.64;23.76;9646243
20150310;23.58;23.58;23.04;23.05;11204561
20150311;23.23;23.23;22.66;22.7;10837991
20150312;22.75;23.17;22.55;23.13;10354114
20150313;22.96;23.12;22.64;23;7769035
20150316;23.17;23.73;23.14;23.71;7456117
20150317;23.68;23.71;23.37;23.37;7177739
20150318;23.25;23.86;23.13;23.76;6871164
20150319;23.62;23.7;23.07;23.13;8291185
20150320;23.19;23.6;23.17;23.39;12800943
20150323;23.38;23.64;23.36;23.47;5931068
20150324;23.5;23.61;23.4;23.41;6116469
20150325;23.45;23.57;22.69;22.71;9335758
20150326;22.61;22.62;22.25;22.47;12019873
20150327;22.52;22.77;22.41;22.74;4843152
20150330;22.9;23.3;22.9;23.24;6636921
20150331;23.13;23.13;22.61;22.68;8067527
20150401;22.62;22.66;22.19;22.25;9290231
20150402;22.21;22.44;22.07;22.32;9155035
20150406;22.22;22.47;22.1;22.37;8828930
20150407;22.37;22.38;21.97;22;8084110
20150408;22.04;22.18;21.76;22.06;11006739
20150409;22.04;22.28;22.01;22.24;8297198
20150410;22.28;22.43;22.19;22.42;6751000
20150413;22.47;22.72;22.33;22.36;6653675
20150414;22.39;22.49;22.08;22.34;7289701
20150415;22.42;22.58;22.32;22.33;7181423
20150416;22.27;22.75;22.25;22.64;9309703
20150417;22.43;22.46;22.1;22.46;9955924
20150420;22.58;22.92;22.53;22.68;8010917
20150421;22.86;22.9;22.4;22.61;8106518
20150422;22.5;22.59;22.05;22.44;7870496
20150423;22.36;22.98;22.36;22.79;10749159
20150424;22.85;22.87;22.44;22.52;7346387
20150427;22.56;22.8;22.3;22.38;12915820
20150428;22.3;22.36;21.76;22.07;16599689
20150429;21.77;21.78;20.87;21.36;22635143
20150430;21.28;21.44;20.7;20.93;14806761
20150501;21.02;21.45;21.02;21.44;10765843
20150504;21.45;21.62;21.41;21.44;6281683
20150505;21.35;21.43;20.7;20.8;11100445
20150506;20.87;21.09;20.59;21.06;13314288
20150507;21.04;21.19;20.9;21.04;11614411
20150508;21.18;21.4;21.07;21.15;8717829
20150511;21.09;21.5;21.08;21.31;8352893
20150512;21.14;21.26;20.98;20.99;5946858
20150513;20.98;21.25;20.81;21.08;10999176
20150514;21.25;21.39;21.12;21.37;5990959
20150515;21.4;21.46;21.24;21.29;5953849
20150518;21.25;21.46;21.25;21.35;7848387
20150519;21.45;21.62;21.2;21.49;9458858
20150520;21.43;21.76;21.37;21.59;8403616
20150521;21.68;22.05;21.64;21.82;9715350
20150522;21.79;21.82;21.5;21.5;7743939
20150526;21.38;21.4;21;21.21;9092452
20150527;21.19;21.21;20.89;21.13;9760685
20150528;21.16;21.16;20.83;21.05;8575769
20150529;21.04;21.12;20.81;20.92;9786358
20150601;20.98;21.1;20.81;20.88;8118669
20150602;20.86;21;20.82;20.85;8397599
20150603;20.95;20.99;20.79;20.8;8205253
20150604;20.75;20.76;20.43;20.65;12959308
20150605;20.59;20.77;20.43;20.71;8754940
20150608;21.2;21.2;20.7;20.76;14186295
20150609;20.77;20.77;20.31;20.63;10989897
20150610;20.64;21.02;20.64;21.02;12288596
20150611;21;21.09;20.77;20.8;8644515
20150612;20.68;20.84;20.55;20.75;7674298
20150615;20.66;20.66;20.26;20.38;11146341
20150616;20.6;20.99;20.5;20.9;14505924
20150617;20.98;21.12;20.75;20.91;6967735
20150618;20.99;21.29;20.97;21.22;7743691
20150619;21.17;21.19;20.94;20.94;9573017
20150622;21.11;21.14;20.91;21.06;7942210
20150623;21.03;21.06;20.88;20.97;6724920
20150624;20.87;20.98;20.56;20.77;13670192
20150625;20.9;20.92;20.52;20.55;8793983
20150626;20.51;20.6;20.33;20.33;14402300
20150629;20.22;20.24;19.66;19.7;13547227
20150630;19.9;20.06;19.57;19.73;15155652
20150701;19.87;20.02;19.7;19.8;8697095
20150702;19.86;19.97;19.64;19.7;7447585
20150706;19.51;19.83;19.42;19.62;8651601
20150707;19.6;19.63;19.09;19.57;14206494
20150708;19.37;19.38;19.14;19.14;9430970
20150709;19.46;19.59;19.12;19.16;10142404
20150710;19.34;19.38;19.12;19.28;8702230
20150713;18.96;19.16;18.67;19.15;17219714
20150714;19.15;19.32;19.13;19.25;7544727
20150715;19.3;19.31;18.97;19.06;8866874
20150716;19.38;19.62;19.33;19.54;10976983
20150717;19.43;19.52;19.08;19.08;11535597
20150720;19.1;19.1;18.9;18.91;9543523
20150721;18.82;18.92;18.58;18.75;12235902
20150722;18.64;18.85;18.46;18.78;12198895
20150723;18.83;19.03;18.71;18.78;9955312
20150724;18.72;18.82;18.45;18.58;11529486
20150727;18.44;18.66;18.31;18.45;13062415
20150728;18.65;18.71;18.06;18.37;15400247
20150729;18.26;18.65;18.05;18.54;15920361
20150730;18.55;18.78;18.46;18.63;9830214
20150731;18.75;18.81;18.63;18.68;10523123
20150803;18.6;18.64;18.11;18.19;14349113
20150804;18.19;18.43;18.18;18.28;9883092
20150805;18.39;18.64;18.31;18.37;7553260
20150806;18.28;18.38;18.12;18.26;8624535
20150807;18.28;18.32;18.06;18.13;6357763
20150810;18.25;18.5;18.21;18.46;7615868
20150811;18.26;18.27;17.78;17.89;10749933
20150812;17.79;18.02;17.73;17.94;10800454
20150813;17.92;18;17.79;17.81;6663541
20150814;17.72;17.99;17.71;17.96;6041568
20150817;17.9;18.19;17.81;18.16;5586485
20150818;18.07;18.11;17.87;17.92;5897891
20150819;17.76;17.94;17.63;17.74;9230428
20150820;17.6;17.63;17.22;17.23;8687387
20150821;17.08;17.27;16.79;16.79;13337736
20150824;15.83;16.77;15.42;16.29;22789602
20150825;16.88;16.88;15.95;15.97;20076645
20150826;16.35;16.57;15.83;16.52;16738968
20150827;16.6;17.02;16.57;16.96;11897414
20150828;16.92;17.25;16.9;17.18;11534126
20150831;17.05;17.27;16.97;17.21;9809575
20150901;16.77;16.9;16.57;16.7;14692262
20150902;17;17;16.65;16.99;8524818
20150903;17.01;17.62;17.01;17.26;10944708
20150904;17.01;17.35;17.01;17.24;10529650
20150908;17.55;17.82;17.5;17.79;11552976
20150909;18;18.16;17.52;17.56;10537584
20150910;17.56;17.78;17.47;17.61;9943105
20150911;17.47;17.67;17.42;17.67;5698165
20150914;17.68;17.75;17.47;17.62;5972135
20150915;17.95;18.06;17.71;18.03;7823621
20150916;18;18.43;17.96;18.31;11141410
20150917;18.29;18.48;18.1;18.17;8404466
20150918;18.02;18.03;17.55;17.62;16717927
20150921;17.69;17.76;17.43;17.52;10460889
20150922;17.22;17.28;16.85;16.98;14266212
20150923;16.95;16.97;16.7;16.77;8381418
20150924;16.59;16.75;16.24;16.68;14593292
20150925;16.63;16.84;16.42;16.57;14809197
20150928;16.48;16.5;16.28;16.35;13183877
20150929;16.32;16.73;16.23;16.7;11540998
20150930;16.97;17.18;16.93;17.12;10471294
20151001;17.15;17.24;16.67;16.83;9414201
20151002;16.64;17.06;16.36;17.05;10396029
20151005;17.24;17.71;17.24;17.64;8598048
20151006;17.68;17.93;17.6;17.81;7738352
20151007;17.96;18.13;17.74;17.84;9495045
20151008;17.8;18.04;17.76;17.97;8113830
20151009;17.97;18.04;17.51;17.52;9482600
20151012;17.55;17.56;17.19;17.26;7814509
20151013;17.11;17.18;16.78;16.88;12346183
20151014;16.9;17.12;16.86;17;15359826
20151015;17.03;17.08;16.72;16.85;15097875
20151016;16.87;16.94;16.75;16.89;15398778
20151019;16.82;17.02;16.68;16.82;17272972
20151020;16.78;17.01;16.73;16.85;11998158
20151021;16.83;16.97;16.68;16.71;9557209
20151022;16.88;17.74;16.79;17.6;41477700
20151023;17.76;17.76;17.39;17.6;15563118
20151026;17.53;17.55;17.18;17.32;11936823
20151027;17.6;18.35;16.93;18.26;23645815
20151028;18.25;18.82;18.2;18.82;15775576
20151029;18.77;19;18.7;18.85;18520385
20151030;18.94;18.94;18.59;18.6;13584921
20151102;18.59;18.89;18.58;18.82;8395316
20151103;18.7;18.98;18.68;18.83;11701019
20151104;18.85;19.04;18.73;18.87;7904583
20151105;18.79;19.2;18.79;19.06;8124466
20151106;18.99;19.13;18.85;18.92;11458152
20151109;18.83;18.93;18.7;18.77;12218704
20151110;18.59;18.86;18.55;18.78;10860276
20151111;18.81;18.87;18.51;18.51;6130221
20151112;18.38;18.55;18.12;18.14;7813095
20151113;18.04;18.23;17.82;17.93;15623983
20151116;17.88;18.46;17.84;18.34;7600765
20151117;18.35;18.7;18.3;18.45;8907884
20151118;18.51;18.89;18.42;18.83;9558044
20151119;18.83;19.2;18.8;18.99;9799741
20151120;18.99;19.11;18.93;18.98;9289798
20151123;19.02;19.29;18.98;19.06;9167794
20151124;18.89;19.07;18.74;18.96;9965132
20151125;18.98;19.15;18.79;18.97;9375442
20151127;18.94;18.98;18.76;18.76;2958933
20151130;18.85;18.97;18.71;18.73;10030050
20151201;18.88;18.93;18.68;18.82;7530036
20151202;18.79;19.01;18.7;18.74;9623958
20151203;18.84;18.88;17.76;17.83;20092149
20151204;17.82;18.06;17.7;18.03;13985176
20151207;17.96;18.11;17.79;18.04;9693212
20151208;17.83;17.91;17.6;17.83;11101667
20151209;17.72;18.07;17.68;17.75;9748835
20151210;17.75;17.99;17.59;17.69;8096970
20151211;18.75;18.75;18.1;18.68;28733412
20151214;18.62;18.63;17.96;18.07;16421036
20151215;18.17;18.26;17.77;17.87;10991040
20151216;17.98;18.59;17.94;18.52;19688519
20151217;18.18;18.32;18.07;18.09;13301058
20151218;17.96;18.15;17.89;18;22787979
20151221;18.06;18.18;17.92;18.03;12009323
20151222;18.06;18.25;18.02;18.16;8461683
20151223;18.25;18.58;18.24;18.55;10409474
20151224;18.57;18.82;18.52;18.56;3162956
20151228;18.48;18.52;18.09;18.21;6398459
20151229;18.32;18.55;18.32;18.49;7058224
20151230;18.46;18.65;18.45;18.49;5701080
20151231;18.35;18.52;18.26;18.28;7590076
20160104;17.95;17.98;17.75;17.91;10840676
20160105;17.92;18.07;17.73;17.9;11931450
20160106;17.59;17.69;17.39;17.5;12620506
20160107;17.15;17.41;17.04;17.1;11555110
20160108;17.18;17.43;17.1;17.15;16851514
20160111;17.19;17.56;17.15;17.31;15858539
20160112;17.49;17.61;17.11;17.34;14399612
20160113;17.4;17.64;17.02;17.06;16646501
20160114;17.12;17.47;17.03;17.3;10051349
20160115;16.95;17.16;16.72;16.87;16369051
20160119;17.02;17.12;16.59;16.76;11239024
20160120;16.26;16.81;16.13;16.69;17553081
20160121;16.76;17.3;16.57;16.93;14564035
20160122;17.2;17.27;16.94;17.1;12870749
20160125;17.05;17.13;16.62;16.76;13527446
20160126;16.78;18.05;16.76;17.71;19514153
20160127;17.61;18.27;17.52;17.91;16926254
20160128;18.12;18.2;17.89;17.99;11327087
20160129;18.11;18.61;18.1;18.61;12134565
20160201;18.4;18.7;18.31;18.57;8548809
20160202;18.29;18.38;17.92;18.09;11196687
20160203;18.27;18.48;17.96;18.38;11285032
20160204;18.36;19.07;18.34;18.86;13743468
20160205;18.75;18.98;18.24;18.34;17089779
20160208;18.07;18.14;17.79;17.96;11642506
20160209;17.84;18.68;17.81;18.47;17643169
20160210;18.51;18.68;18.12;18.14;9627016
20160211;17.81;18.03;17.61;17.81;14133525
20160212;18;18.4;17.9;18.39;14134016
20160216;18.59;18.71;18.49;18.64;12054695
20160217;18.72;19.12;18.68;18.95;12950631
20160218;19.05;19.11;18.71;18.73;9977519
20160219;18.59;18.69;18.42;18.55;13248085
20160222;18.77;18.88;18.59;18.69;12812270
20160223;18.38;18.52;18.19;18.21;9564737
20160224;18.12;18.17;17.69;17.99;12597198
20160225;17.99;18.18;17.93;18.12;12371420
20160226;18.23;18.4;18.16;18.31;18385554
20160229;18.36;18.57;18.29;18.3;14432597
20160301;18.42;18.76;18.25;18.63;9535952
20160302;18.66;18.9;18.61;18.8;7750250
20160303;18.92;18.95;18.67;18.89;7807093
20160304;18.93;19.21;18.89;18.96;9478156
20160307;18.91;19.59;18.83;19.57;14397811
20160308;19.5;19.57;19.02;19.03;9052542
20160309;19.1;19.41;19.1;19.18;6818157
20160310;19.19;19.41;18.8;19;7665690
20160311;19.23;19.55;19.2;19.45;9139828
20160314;19.31;19.54;19.31;19.41;6462101
20160315;19.24;19.48;19.16;19.44;7293088
20160316;19.45;19.61;19.33;19.45;7096440
20160317;19.49;20.15;19.47;20.04;11048778
20160318;20.15;20.31;20;20.02;13135531
20160321;20;20.25;19.98;20.17;6402097
20160322;20.12;20.43;20.07;20.31;8554617
20160323;20.26;20.27;20.02;20.13;6757905
20160324;19.89;20.29;19.83;20.25;7009483
20160328;20.37;20.54;20.27;20.38;7587641
20160329;20.23;20.68;20.2;20.65;8909898
20160330;20.75;21.07;20.7;20.84;8169600
20160331;20.91;21;20.74;20.89;9698973
20160401;20.68;20.89;20.61;20.83;7563798
20160404;20.79;20.96;20.77;20.78;6557561
20160405;20.58;20.74;20.43;20.61;5955743
20160406;20.58;20.85;20.41;20.81;6230542
20160407;20.75;20.85;20.59;20.66;7349315
20160408;20.79;20.93;20.44;20.53;8799662
20160411;20.58;20.84;20.57;20.62;6415664
20160412;21.02;21.08;20.76;20.83;11371407
20160413;20.96;21.13;20.9;21.08;9355859
20160414;21;21.1;20.5;20.77;8666897
20160415;20.77;21;20.74;20.92;8954971
20160418;20.73;21.03;20.73;20.92;5680565
20160419;21.04;21.06;20.81;20.93;5342552
20160420;20.94;21.08;20.92;20.98;4651162
20160421;20.95;21.07;20.78;20.8;7025989
20160422;20.69;21.12;20.69;20.99;5901783
20160425;20.87;21.01;20.8;20.97;8113405
20160426;20.57;20.74;19.19;19.22;39904850
20160427;19.23;19.4;19.1;19.3;18557464
20160428;19.24;19.24;18.88;18.89;14631769
20160429;18.88;18.9;18.52;18.67;10593077
20160502;18.74;18.94;18.7;18.81;8493829
20160503;18.62;18.69;18.45;18.62;9115238
20160504;18.54;18.63;18.21;18.37;7729682
20160505;18.38;18.53;18.32;18.32;7108666
20160506;18.27;18.58;18.23;18.44;5995335
20160509;18.44;18.62;18.29;18.34;7128127
20160510;18.47;18.88;18.39;18.86;8972369
20160511;18.79;18.99;18.74;18.87;10805078
20160512;18.92;19.06;18.65;18.88;14750977
20160513;18.85;19.04;18.68;18.69;11932908
20160516;18.7;19.23;18.7;19.21;11122892
20160517;19.17;19.36;19.04;19.11;8376479
20160518;19.01;19.42;18.93;18.98;7966654
20160519;18.83;19.03;18.75;18.94;9203652
20160520;19.09;19.56;19.09;19.51;10284590
20160523;19.57;19.88;19.51;19.72;12146318
20160524;19.82;20.17;19.8;20.09;8054412
20160525;20.17;20.24;19.95;20;8334331
20160526;19.94;20.15;19.91;20.13;7378018
20160527;20.07;20.51;20.01;20.51;12534291
20160531;20.46;20.95;20.45;20.89;15890517
20160601;20.69;20.88;20.54;20.77;7380386
20160602;20.77;21.19;20.73;21.16;9981112
20160603;20.99;21.13;20.77;21.08;6973217
20160606;21.16;21.3;21;21.06;8399492
20160607;21.1;21.3;21.06;21.09;10188947
20160608;21.1;21.15;20.85;20.98;7927659
20160609;20.87;21.07;20.68;21.03;7786999
20160610;20.41;20.6;20.13;20.52;10906262
20160613;20.37;20.51;20.22;20.24;9868472
20160614;20.18;20.45;20.14;20.27;5687153
20160615;20.42;20.44;20.18;20.2;4995915
20160616;20.04;20.18;19.92;20.11;6785277
20160617;20.06;20.39;20.05;20.29;10866979
20160620;20.66;20.71;20.42;20.43;6495862
20160621;20.46;20.5;20.34;20.37;5332730
20160622;20.47;20.84;20.42;20.55;7828695
20160623;20.79;20.9;20.59;20.79;6270901
20160624;20.06;20.32;19.69;19.69;13941913
20160627;19.5;19.5;18.88;19.06;9036309
20160628;19.29;19.48;19.18;19.38;7098588
20160629;19.6;19.86;19.39;19.81;9259240
20160630;19.91;20.56;19.9;20.48;9738861
20160701;20.34;20.57;20.24;20.29;5449178
20160705;20.2;20.2;19.82;19.93;3731828
20160706;19.86;20.14;19.78;20.11;3701012
20160707;20.52;20.78;20.34;20.42;7302649
20160708;20.57;20.92;20.57;20.91;5830085
20160711;20.88;21.12;20.88;20.99;4539335
20160712;21.13;21.5;21.09;21.45;7262475
20160713;21.45;21.55;21.35;21.37;4253522
20160714;21.5;21.55;21.39;21.42;4485241
20160715;21.45;21.45;21.27;21.35;4907563
20160718;21.39;21.44;21.31;21.38;4386728
20160719;21.32;21.44;21.25;21.32;3698317
20160720;21.39;21.65;21.25;21.61;4890980
20160721;21.64;21.77;21.46;21.5;3896049
20160722;21.46;21.67;21.36;21.65;3034664
20160725;21.6;21.72;21.54;21.65;4536719
20160726;21.7;21.85;21.65;21.71;8220712
20160727;20.97;21.53;20.76;21.49;17900675
20160728;21.49;22.62;21.41;22.29;22400825
20160729;22.36;22.47;22.18;22.22;27644400
20160801;22.25;22.47;22.22;22.29;12726225
20160802;22.26;22.37;22.08;22.11;8686989
20160803;22.12;22.36;22.07;22.2;24294804
20160804;22.16;22.49;22.16;22.38;7728491
20160805;22.45;22.73;22.44;22.64;10726075
20160808;22.64;22.92;22.6;22.8;21734974
20160809;22.87;23;22.84;22.91;5756025
20160810;22.89;22.94;22.75;22.83;5700248
20160811;22.9;23;22.87;22.92;6531651
20160812;22.87;22.95;22.78;22.87;6336867
20160815;22.9;23.13;22.87;23.07;7735522
20160816;22.95;23.07;22.68;22.74;9179272
20160817;22.77;22.8;22.45;22.59;10100432
20160818;22.59;22.76;22.56;22.67;9902474
20160819;22.71;22.9;22.65;22.77;11328230
20160822;22.65;22.8;22.58;22.73;8571440
20160823;22.88;23.01;22.81;22.83;9692748
20160824;22.83;22.94;22.62;22.66;7588138
20160825;22.62;22.84;22.54;22.68;7680438
20160826;22.75;22.9;22.58;22.67;9418420
20160829;22.59;22.88;22.54;22.69;8485539
20160830;22.66;22.79;22.65;22.77;7238386
20160831;22.7;22.74;22.56;22.69;7859515
20160901;22.67;22.8;22.59;22.71;5918412
20160902;22.75;22.94;22.7;22.77;5110556
20160906;22.77;22.88;22.72;22.88;6963234
20160907;22.85;22.92;22.71;22.82;10390961
20160908;22.71;22.84;22.66;22.76;14202066
20160909;22.59;22.64;22.3;22.38;13999046
20160912;22.2;22.57;22.14;22.48;12405728
20160913;22.33;22.5;22.24;22.35;10036519
20160914;22.32;22.57;22.31;22.37;6984956
20160915;22.24;22.67;22.24;22.59;7059802
20160916;22.54;22.68;22.48;22.62;13055936
20160919;22.7;23;22.7;22.7;6141630
20160920;22.85;22.91;22.66;22.7;7664830
20160921;22.82;23.03;22.7;22.96;11700124
20160922;23.03;23.23;23.02;23.11;8373873
20160923;22.95;23.23;22.91;23.14;10115486
20160926;23;23.05;22.91;23;8212724
20160927;22.99;23.35;22.96;23.33;10186997
20160928;23.4;23.64;23.36;23.63;11990036
20160929;23.57;23.78;23.49;23.52;7643236
20160930;23.66;23.81;23.41;23.65;9828456
20161003;23.59;23.71;23.57;23.66;8666695
20161004;23.7;23.75;23.32;23.41;9446725
20161005;23.51;23.89;23.51;23.8;8362894
20161006;23.79;23.95;23.69;23.87;9753935
20161007;23.86;23.95;23.66;23.78;8529596
20161010;23.86;23.96;23.78;23.81;6739830
20161011;23.72;23.81;23.56;23.64;5939106
20161012;23.58;23.61;23.25;23.41;9556058
20161013;23.2;23.28;23.06;23.2;8697865
20161014;23.4;23.61;23.37;23.39;6775478
20161017;23.41;23.58;23.4;23.43;5821220
20161018;23.65;23.83;23.59;23.61;8054864
20161019;23.63;23.93;23.56;23.76;6462550
20161020;23.72;23.87;23.69;23.8;4177366
20161021;23.63;23.85;23.51;23.82;5938610
20161024;23.95;24.14;23.73;23.89;9829373
20161025;23.43;23.43;22.73;22.97;17599143
20161026;22.91;23.24;22.88;23.02;12335666
20161027;23.1;23.15;22.88;22.92;8345440
20161028;22.87;23.13;22.66;22.68;14260447
20161031;22.73;22.75;22.53;22.71;10242788
20161101;22.82;22.89;22.39;22.58;8994615
20161102;22.51;22.69;22.31;22.46;11589889
20161103;22.48;22.55;22.23;22.33;10994661
20161104;22.35;22.62;22.33;22.4;21053128
20161107;22.8;23.09;22.76;22.98;11174170
20161108;22.98;23.28;22.95;23.16;6608788
20161109;22.77;23.32;22.54;23.21;10550748
20161110;23.31;23.58;23.17;23.19;13188903
20161111;23.12;23.47;23.11;23.4;9153718
20161114;23.48;23.65;23.4;23.49;7637193
20161115;23.3;23.7;23.3;23.65;6632742
20161116;23.55;23.9;23.52;23.67;6311515
20161117;23.74;23.88;23.74;23.82;4411976
20161118;23.82;23.89;23.69;23.83;4752072
20161121;23.9;24;23.77;23.87;5198690
20161122;23.98;24.07;23.88;24;5668964
20161123;23.96;24.22;23.93;24.19;4577347
20161125;24.18;24.36;24.16;24.29;2605050
20161128;24.25;24.42;24.18;24.2;4544325
20161129;24.2;24.4;24.16;24.17;5566123
20161130;24.22;24.46;23.98;24.03;7854198
20161201;24.03;24.13;23.48;23.53;8877076
20161202;23.54;23.73;23.52;23.55;5690894
20161205;23.67;23.96;23.61;23.63;8595922
20161206;23.6;24.02;23.59;23.99;5312896
20161207;24;24.61;23.97;24.58;7055927
20161208;24.88;25.35;24.84;24.88;11903525
20161209;24.82;24.92;24.42;24.56;11681853
20161212;24.5;24.57;24.2;24.32;7961771
20161213;24.38;24.54;24.32;24.46;9691703
20161214;24.45;24.62;24.31;24.34;7254645
20161215;24.31;24.5;24.17;24.24;9802463
20161216;24.27;24.53;24.24;24.3;16791017
20161219;24.31;24.65;24.31;24.36;5386063
20161220;24.41;24.7;24.41;24.59;5466165
20161221;24.55;24.94;24.53;24.83;4796834
20161222;24.72;24.89;24.66;24.75;8180543
20161223;24.75;24.8;24.66;24.77;3800238
20161227;24.72;25;24.72;24.94;3399246
20161228;24.98;25.06;24.4;24.45;5109846
20161229;24.45;24.61;24.38;24.44;4575158
20161230;24.51;24.58;24.2;24.27;4422472
20170103;24.4;24.53;24.12;24.3;6856032
20170104;24.38;24.64;24.38;24.46;6486427
20170105;24.37;24.69;24.3;24.31;7228474
20170106;24.38;24.64;24.29;24.52;5554076
20170109;24.59;24.74;24.46;24.47;6682485
20170110;24.52;24.77;24.41;24.49;7040668
20170111;24.44;24.74;24.42;24.67;4988649
20170112;24.62;24.64;24.18;24.53;4506337
20170113;24.6;24.86;24.55;24.84;3849630
20170117;24.7;24.7;24.13;24.19;6138549
20170118;24.3;24.58;24.25;24.56;5860684
20170119;24.56;24.69;24.36;24.42;4544390
20170120;24.54;24.93;24.54;24.79;6958789
20170123;24.79;24.92;24.63;24.77;10441110
20170124;25.23;26.23;24.65;26.18;21332629
20170125;26.14;26.99;26.14;26.68;14941781
20170126;26.61;26.73;26.18;26.55;12557496
20170127;26.51;26.95;26.47;26.68;8604282
20170130;26.58;26.66;26.34;26.65;9411331
20170131;26.67;26.68;26.19;26.49;8965231
20170201;26.29;26.49;25.97;26.21;9607376
20170202;26.15;26.4;26.04;26.38;5987155
20170203;26.47;26.8;26.45;26.73;7144135
20170206;26.6;26.75;26.51;26.71;5171723
20170207;26.73;26.84;26.56;26.59;5555172
20170208;26.6;26.62;26.46;26.48;4848089
20170209;26.51;26.87;26.5;26.8;6048308
20170210;26.8;26.85;26.62;26.7;5809615
20170213;26.52;26.92;26.31;26.73;7050861
20170214;26.71;27.24;26.68;27.24;8983599
20170215;27.15;27.5;27.14;27.36;7288032
20170216;27.4;27.88;27.38;27.71;9934879
20170217;27.63;27.67;27.34;27.65;4456285
20170221;27.66;27.89;27.66;27.73;6207146
20170222;27.61;27.84;27.59;27.74;7972391
20170223;27.74;27.83;27.47;27.56;5658575
20170224;27.27;27.74;27.12;27.73;5297979
20170227;27.57;27.74;27.41;27.65;5252408
20170228;27.55;27.67;27.39;27.61;9030642
20170301;27.86;28.36;27.85;28.2;8173605
20170302;28.12;28.17;27.87;27.88;4837345
20170303;27.8;28.02;27.77;27.88;4706013
20170306;27.74;27.8;27.61;27.72;5651767
20170307;27.75;27.84;27.65;27.72;5256900
20170308;27.81;27.88;27.56;27.62;4986412
20170309;27.66;27.73;27.51;27.57;4568362
20170310;27.59;27.8;27.51;27.56;5828197
20170313;27.59;27.75;27.55;27.71;4073586
20170314;27.22;27.23;26.8;26.85;8448541
20170315;27;27.41;26.97;27.23;6139038
20170316;27.42;27.49;27.24;27.28;4881951
20170317;27.3;27.31;27.17;27.24;9728535
20170320;27.31;27.54;27.25;27.3;4685226
20170321;27.41;27.68;26.79;26.87;6172194
20170322;26.87;27.45;26.87;27.35;5619910
20170323;27.33;27.56;27.28;27.34;5355395
20170324;27.44;27.58;27.26;27.41;4461895
20170327;27.11;27.48;26.86;27.41;4429595
20170328;27.4;27.68;27.31;27.55;4867690
20170329;27.5;27.6;27.4;27.48;3466647
20170330;27.43;27.86;27.43;27.56;5690214
20170331;27.32;27.37;26.85;27;9246305
20170403;27.07;27.19;26.61;26.84;7317319
20170404;26.83;27.06;26.76;26.79;3849540
20170405;27;27.17;26.66;26.7;5351647
20170406;26.7;26.98;26.59;26.78;4407184
20170407;26.72;26.94;26.69;26.81;4338762
20170410;26.81;27.04;26.66;26.79;4847615
20170411;26.77;26.9;26.59;26.85;4397595
20170412;27.02;27.07;26.39;26.48;5305979
20170413;26.45;26.66;26.32;26.32;4005085
20170417;26.44;26.6;26.39;26.54;3965260
20170418;26.48;27.29;26.43;26.89;12790025
20170419;27;27.22;26.73;26.86;6028907
20170420;26.97;27.22;26.9;27.11;7306353
20170421;27.06;27.15;26.83;27.02;6434143
20170424;27.38;27.64;27.28;27.52;9714207
20170425;28.11;28.73;27.85;28.54;13817000
20170426;28.63;28.63;28.2;28.39;7572848
20170427;28.46;29.08;28.45;29.02;10145258
20170428;28.99;29;28.77;28.85;7706994
20170501;28.93;29.18;28.83;29.11;5814108
20170502;29.12;29.16;28.89;29.02;6626420
20170503;28.85;28.93;28.68;28.76;5461372
20170504;28.78;28.96;28.73;28.84;3933522
20170505;28.91;29.02;28.76;28.91;7926343
20170508;28.96;29.25;28.86;29.12;5684289
20170509;29.11;29.29;29;29.08;6323491
20170510;29.02;29.13;28.9;29.11;3903576
20170511;28.96;29.09;28.64;28.8;5360008
20170512;29.22;29.25;28.83;29.06;6332676
20170515;29.13;29.53;29.12;29.33;5839160
20170516;29.43;29.72;29.3;29.6;9531624
20170517;29.29;29.42;28.63;28.64;6318920
20170518;28.59;28.93;28.33;28.77;5567631
20170519;29;29.2;28.86;29.05;4705804
20170522;29.19;29.35;29.02;29.31;4761363
20170523;29.34;29.46;29.05;29.18;5759945
20170524;29.31;29.35;29.05;29.17;4284550
20170525;29.25;29.66;29.16;29.57;7902801
20170526;29.38;29.51;29.28;29.3;3387375
20170530;29.24;29.45;29.22;29.32;5911139
20170531;29.34;29.45;29.06;29.1;6045455
20170601;29.24;29.67;29.23;29.67;6385294
20170602;29.71;29.9;29.58;29.69;5419066
20170605;29.8;29.87;29.52;29.54;5263166
20170606;29.42;29.76;29.39;29.57;5465791
20170607;29.64;29.68;29.25;29.49;6028745
20170608;29.39;29.55;29.2;29.3;8360953
20170609;29.3;29.57;28.65;28.95;8758903
20170612;28.92;29.08;28.37;29.06;6903915
20170613;29.41;29.51;29.13;29.4;4799482
20170614;29.41;29.5;29.1;29.25;4120031
20170615;28.93;29.44;28.93;29.39;6634879
20170616;29.42;29.49;29.05;29.41;6631877
20170619;29.59;29.9;29.54;29.88;6620151
20170620;29.8;29.97;29.66;29.67;3877429
20170621;29.82;29.85;29.61;29.76;4996943
20170622;29.76;29.8;29.56;29.71;4039699
20170623;29.74;30;29.7;29.99;7550260
20170626;29.99;30.41;29.98;30.23;5814525
20170627;30.18;30.34;29.99;29.99;6225388
20170628;30.27;30.6;30.03;30.5;5936922
20170629;30.55;30.58;29.95;30.37;8850444
20170630;30.42;30.42;29.96;30.05;8881441
20170703;30.25;30.31;30.07;30.13;3348203
20170705;30.25;30.62;30.11;30.49;5984114
20170706;30.31;30.43;29.76;29.81;6236459
20170707;29.88;30.38;29.85;30.28;4356755
20170710;30.17;30.6;30.12;30.54;3462488
20170711;30.56;30.68;30.24;30.33;4863474
20170712;30.52;30.95;30.52;30.85;5353117
20170713;30.82;30.97;30.69;30.82;4187090
20170714;30.82;31.18;30.82;31.07;3921064
20170717;31.19;31.42;31.12;31.32;4361791
20170718;31.3;31.41;31.13;31.41;3867247
20170719;31.42;31.75;31.42;31.73;5470964
20170720;31.42;31.77;30.98;31.71;11737282
20170721;31.66;32.06;31.63;31.85;12130159
20170724;31.85;32.07;31.65;31.85;8120094
20170725;31.9;32.17;31.7;32.13;9552285
20170726;31.54;31.74;30.01;30.42;16073342
20170727;30.42;30.57;29.17;29.49;15722354
20170728;29.48;29.52;29.15;29.25;9132054
20170731;29.43;29.58;29.02;29.14;9434710
20170801;29.26;29.63;29.15;29.52;8018196
20170802;29.67;30.12;29.55;29.77;9899818
20170803;29.74;29.8;29.11;29.28;10426863
20170804;29.37;29.5;29.2;29.25;4879974
20170807;29.3;29.34;29.13;29.24;4967568
20170808;29.16;29.63;29.12;29.3;5799701
20170809;29.17;29.45;29.14;29.36;4786487
20170810;29.19;29.36;28.56;28.57;6846788
20170811;28.67;29.12;28.67;28.98;3743820
20170814;29.3;29.51;29.22;29.41;3735146
20170815;28.52;28.89;28.27;28.49;12248730
20170816;28.6;28.76;28.32;28.45;7186021
20170817;28.29;28.51;27.85;27.87;7107004
20170818;27.82;28.14;27.71;27.88;5178017
20170821;27.9;28.25;27.79;28.19;5138372
20170822;28.27;28.6;28.27;28.5;5140645
20170823;28.24;28.59;28.2;28.48;4000838
20170824;28.53;28.65;28.43;28.56;6384493
20170825;28.61;28.85;28.59;28.66;3299854
20170828;28.74;28.91;28.67;28.76;4009158
20170829;28.37;28.65;28.26;28.57;4724061
20170830;28.55;28.7;28.42;28.64;4876736
20170831;28.78;28.9;28.73;28.76;4451425
20170901;28.82;29.1;28.81;28.91;6641303
20170905;28.85;28.9;28.28;28.62;5837425
20170906;28.72;28.81;28.55;28.58;4860170
20170907;28.64;28.82;28.6;28.73;5741960
20170908;28.57;28.72;28.35;28.54;4572011
20170911;28.82;29.02;28.74;28.92;4120945
20170912;28.97;29.18;28.96;29.15;3645155
20170913;29.16;29.31;28.99;29.2;3881843
20170914;29.1;29.34;29.1;29.25;3852736
20170915;29.18;29.43;29.14;29.35;7749101
20170918;29.46;29.69;29.41;29.54;3317559
20170919;29.54;30.12;29.53;29.91;4612880
20170920;29.99;30.15;29.81;30.03;4264006
20170921;30.03;30.14;29.97;30.1;4502975
20170922;30.04;30.25;29.91;30.05;4278858
20170925;30.07;30.37;29.82;30.01;7358092
20170926;30.16;30.16;29.75;29.81;5232663
20170927;29.91;30.19;29.8;30.04;3584939
20170928;29.97;30.05;29.8;29.95;4452160
20170929;29.91;30.01;29.73;29.92;4064508
20171002;29.94;30.18;29.89;30.16;4085523
20171003;30.21;30.34;30.06;30.31;2915401
20171004;30.27;30.53;30.23;30.47;3678991
20171005;30.54;30.6;30.4;30.45;4882666
20171006;30.37;30.39;30.01;30.09;4632920
20171009;30.11;30.2;30.02;30.12;3133738
20171010;30.11;30.14;29.65;30.03;5119060
20171011;30.03;30.09;29.8;29.89;3829929
20171012;29.64;30.01;29.52;29.94;6266873
20171013;29.96;29.99;29.57;29.74;5989516
20171016;29.87;30.07;29.79;29.89;3405316
20171017;29.78;29.8;29.65;29.67;3728933
20171018;29.74;29.97;29.66;29.92;4052250
20171019;29.8;30.07;29.7;30.06;3484214
20171020;30.17;30.38;30;30.06;6756555
20171023;30.15;30.42;29.96;30.01;12616210
20171024;30.6;32.31;30.3;31.94;24151112
20171025;31.65;31.83;31.08;31.54;10872229
20171026;31.54;31.94;31.53;31.7;5888889
20171027;31.75;31.96;31.5;31.51;5726683
20171030;31.5;31.6;31.19;31.26;4669108
20171031;31.5;31.55;31.25;31.31;5235054
20171101;31.55;31.75;31.37;31.63;5162999
20171102;31.63;31.68;31.39;31.58;3699162
20171103;31.62;31.89;31.61;31.67;3251932
20171106;31.59;31.88;31.58;31.84;4119855
20171107;31.81;32.25;31.78;32.25;6206912
20171108;32.19;32.33;32;32.22;4537019
20171109;32;32;31.54;31.79;5902242
20171110;31.59;31.87;31.57;31.73;3346279
20171113;31.59;31.77;31.55;31.66;3219035
20171114;31.58;31.79;31.4;31.7;3068377
20171115;31.34;31.48;31.08;31.32;3601161
20171116;31.42;31.8;31.4;31.65;4753390
20171117;31.54;31.8;31.49;31.63;3418637
20171120;31.65;31.83;31.61;31.73;2720837
20171121;31.86;31.96;31.75;31.93;5739190
20171122;31.95;32.09;31.77;31.8;3092345
20171124;31.93;31.97;31.67;31.85;1968941
20171127;31.78;32.08;31.7;32.05;6402655
20171128;32.1;32.64;32.05;32.44;6798217
20171129;32.53;32.72;32.22;32.48;6212686
20171130;32.58;32.78;32.36;32.39;10616665
20171201;32.39;32.53;31.2;31.85;6243592
20171204;32.08;32.4;32.04;32.21;6656669
20171205;32.21;32.39;32.08;32.24;4383430
20171206;32.14;32.25;31.64;31.67;5298265
20171207;31.66;31.92;31.62;31.73;4459921
20171208;31.86;32.37;31.79;32.35;4271418
20171211;32.4;32.75;32.4;32.57;4752701
20171212;32.48;32.81;32.36;32.64;4909008
20171213;32.61;32.64;32.28;32.29;5254989
20171214;32.25;32.37;31.8;31.81;6568654
20171215;31.99;32.1;31.82;32.05;13376278
20171218;32.27;32.45;32.2;32.32;5104436
20171219;32.38;32.5;32.24;32.26;3612661
20171220;32.39;32.47;32.23;32.42;2781205
20171221;32.62;32.67;32.29;32.3;2921386
20171222;32.36;32.46;32.29;32.38;2392696
20171226;32.33;32.4;32.25;32.38;2861293
20171227;32.4;32.46;32.21;32.35;1689276
20171228;32.46;32.53;32.23;32.3;2684144
20171229;32.35;32.39;31.98;31.99;3138094
20180102;32.32;32.7;32.22;32.62;6127226
20180103;32.56;33.44;32.56;33.42;5716248
20180104;33.54;33.78;33.42;33.76;5908221
20180105;33.81;33.89;33.51;33.64;6174627
20180108;33.64;33.8;33.42;33.77;4827948
20180109;33.76;33.92;33.65;33.65;5149863
20180110;33.53;33.68;33.3;33.33;4217251
20180111;33.44;33.77;33.44;33.76;3611505
20180112;33.8;34.69;33.8;34.66;6589326
20180116;34.7;34.79;34.2;34.41;9858799
20180117;34.61;35;34.55;34.83;4195544
20180118;34.77;35.07;34.71;34.85;5945282
20180119;35.05;35.1;34.55;34.66;5832642
20180122;34.66;34.74;34.45;34.71;5120801
20180123;34.71;34.83;34.54;34.56;6271966
20180124;34.67;34.78;33.93;34.12;5877497
20180125;34.34;34.35;33.71;33.81;4523522
20180126;33.97;34.38;33.85;34.38;6445357
20180129;34.38;34.59;34.13;34.25;6526907
20180130;32.31;32.93;31.19;32.33;16979243
20180131;32.49;32.53;31.08;31.22;15339214
20180201;31.04;31.95;30.76;31.69;8963082
20180202;31.4;31.62;31.24;31.28;6868012
20180205;30.98;31.39;29.76;29.78;11270345
20180206;29.12;30.11;28.95;29.8;17326767
20180207;29.66;30.4;29.6;29.82;11510843
20180208;29.82;29.87;28.45;28.45;9669312
20180209;28.75;29.05;27.82;28.77;12064197
20180212;29.12;29.63;29.01;29.45;9879495
20180213;29.35;29.46;29.12;29.24;5822351
20180214;29;29.65;29;29.52;7435744
20180215;29.84;29.87;29.37;29.54;7264520
20180216;29.45;29.77;29.39;29.47;9889945
20180220;29.43;29.85;29.42;29.65;8014971
20180221;29.65;29.8;29.26;29.26;10319322
20180222;29.33;29.54;29.07;29.21;7124338
20180223;29.43;29.45;29.16;29.3;9050149
20180226;29.45;29.94;29.41;29.83;10015439
20180227;29.68;30.01;29.33;29.33;7724078
20180228;29.43;29.6;29.07;29.08;6962229
20180301;29.2;29.33;28.33;28.4;9279569
20180302;28.22;28.88;28.1;28.8;6479404
20180305;28.58;29.22;28.55;28.88;7101979
20180306;29.08;29.31;29;29.2;5147358
20180307;28.89;29.42;28.85;29.34;5193232
20180308;29.45;29.54;29.14;29.33;5572560
20180309;29.5;29.98;29.4;29.93;5930822
20180312;29.95;30.1;29.83;29.84;4646085
20180313;29.97;30.15;29.74;29.84;5989936
20180314;29.95;30;29.41;29.54;5325645
20180315;29.6;29.73;29.42;29.53;6224273
20180316;29.61;29.85;29.5;29.5;10013406
20180319;29.31;29.38;28.64;28.89;7057511
20180320;28.98;29.4;28.95;29.26;7784250
20180321;29.25;29.62;29.13;29.37;7054147
20180322;28.95;29.19;28.56;28.56;7008494
20180323;28.55;28.71;27.74;27.78;5836824
20180326;28.28;28.35;27.81;28.31;4902053
20180327;28.34;28.42;27.63;27.74;6390927
20180328;27.79;27.84;27.19;27.35;7078839
20180329;27.56;28.17;27.51;27.88;5922316
20180402;27.78;27.9;26.7;27.03;5985516
20180403;27.13;27.4;26.92;27.36;5455694
20180404;26.78;27.48;26.71;27.39;9690642
20180405;27.64;27.74;27.39;27.46;5894922
20180406;27.2;27.37;26.31;26.55;10279320
20180409;26.78;27.22;26.67;26.71;7614749
20180410;27.18;27.5;27.09;27.34;7083125
20180411;27.12;27.63;27.09;27.41;5167926
20180412;27.56;27.7;27.46;27.57;4381370
20180413;27.71;27.77;27.32;27.42;5752638
20180416;27.55;27.66;27.14;27.49;6121281
20180417;27.66;27.87;27.56;27.75;5325366
20180418;27.74;28;27.69;27.87;4496321
20180419;27.71;27.77;27.51;27.62;5615079
20180420;27.52;27.73;27.4;27.55;7209812
20180423;27.57;27.93;27.33;27.5;7643518
20180424;27.17;27.5;26.45;26.73;10746275
20180425;26.73;27.12;26.35;27.06;7388219
20180426;27.04;27.12;26.83;26.9;6022784
20180427;27.03;27.33;26.88;27.23;5324963
20180430;27.27;27.46;27.02;27.02;4730024
20180501;26.89;26.93;26.6;26.82;5810534
20180502;26.89;27.07;26.64;26.7;4645034
20180503;26.61;26.66;26.11;26.57;6051911
20180504;26.5;27.2;26.49;27.08;3495301
20180507;27.13;27.16;26.94;26.96;3474913
20180508;26.93;26.99;26.73;26.8;6888817
20180509;26.95;27.19;26.84;27.08;3726140
20180510;27.18;27.41;27.14;27.36;5231478
20180511;27.4;28.04;27.37;28;10460411
20180514;28.17;28.28;27.98;28.07;6977528
20180515;27.95;28.04;27.55;27.72;5464043
20180516;27.71;28.15;27.7;28.12;5606762
20180517;27.98;28.1;27.73;27.83;6077143
20180518;27.75;27.85;27.67;27.69;4398213
20180521;27.92;28.04;27.65;27.76;3935691
20180522;27.83;27.89;27.56;27.64;5792123
20180523;27.43;27.77;27.4;27.77;5142232
20180524;27.66;27.75;27.3;27.33;4583820
20180525;27.25;27.36;26.93;27.06;4457522
