20100104;14.45;14.9;14.42;14.82;4911426
20100105;14.89;15.07;14.7;15.05;5109737
20100106;14.96;15.19;14.86;14.91;3639238
20100107;14.82;14.93;14.53;14.74;2857254
20100108;14.93;15.08;14.75;15;3073549
20100111;15.01;15.16;14.9;15.01;2703562
20100112;14.81;14.86;14.54;14.71;3067986
20100113;14.73;15.09;14.5;15.05;4607497
20100114;15.21;15.62;15.08;15.33;5782752
20100115;15.24;15.42;14.73;14.78;5321376
20100119;15.04;15.1;14.79;14.86;4664265
20100120;14.95;14.99;14.53;14.71;6881142
20100121;14.54;14.88;13.95;14.5;13940075
20100122;14.39;14.54;13.74;13.81;10511690
20100125;13.89;14.11;13.75;13.95;3026515
20100126;13.88;13.88;13.27;13.37;7477310
20100127;13.34;13.68;13.2;13.56;3802530
20100128;13.78;13.82;12.88;13.24;7523386
20100129;13.42;13.57;12.64;12.69;6066767
20100201;12.67;13.35;12.65;13.24;5537511
20100202;13.5;13.86;13.41;13.68;7371225
20100203;13.68;13.99;13.58;13.77;4171076
20100204;13.63;13.66;13.23;13.39;7248386
20100205;13.38;13.63;13.1;13.48;6422132
20100208;13.61;13.78;13.33;13.51;3650800
20100209;13.7;13.89;13.53;13.76;5078799
20100210;13.75;14.03;13.69;13.75;5137286
20100211;13.73;13.98;13.5;13.89;3951971
20100212;13.64;14.08;13.25;13.87;4896901
20100216;14.1;14.13;13.73;14.12;3487974
20100217;14.19;14.32;14.1;14.32;3679110
20100218;14.19;14.64;14.14;14.63;3339621
20100219;14.61;14.73;14.38;14.58;3251270
20100222;15;15.4;14.94;15.29;8725465
20100223;15.22;15.26;14.6;14.75;5876210
20100224;14.92;15.21;14.84;15.2;7070453
20100225;14.71;15.02;14.45;14.97;7126271
20100226;15.11;15.3;14.87;15.27;5891868
20100301;15.25;15.75;15;15.67;9259740
20100302;15.85;16.04;15.69;15.76;6332080
20100303;15.84;16.15;15.52;15.54;4822414
20100304;15.65;15.75;15.35;15.52;2776183
20100305;15.59;15.83;15.45;15.77;3047886
20100308;15.86;15.99;15.7;15.92;3434124
20100309;15.91;16.06;15.73;15.8;4295690
20100310;15.81;15.94;15.63;15.75;4337564
20100311;15.67;15.69;15.28;15.63;4859842
20100312;15.65;15.65;15.28;15.36;3315435
20100315;15.36;15.41;15.15;15.36;4263521
20100316;15.33;15.77;15.32;15.67;3857775
20100317;15.78;16.28;15.75;16.09;4792725
20100318;16.18;16.18;15.75;15.82;2673539
20100319;15.83;15.83;15.24;15.32;4935041
20100322;15.18;15.74;15.15;15.69;4799838
20100323;15.81;16.55;15.79;16.41;6734095
20100324;16.32;16.4;16.01;16.05;5489858
20100325;16.3;16.6;16.22;16.32;5555796
20100326;16.4;16.55;15.82;15.96;5554927
20100329;16.01;16.17;15.66;15.78;3855796
20100330;15.85;16.07;15.73;16.03;3337536
20100331;15.9;16.03;15.59;15.6;4691506
20100401;15.7;15.95;15.34;15.49;4367148
20100405;15.63;16;15.62;15.98;2697975
20100406;15.89;15.99;15.75;15.9;2079077
20100407;15.85;15.92;15.6;15.74;5357965
20100408;15.63;15.65;15.4;15.59;3157519
20100409;15.66;15.77;15.54;15.75;2415434
20100412;15.86;15.92;15.66;15.8;3257986
20100413;15.7;15.94;15.67;15.91;4582258
20100414;15.99;16.44;15.92;16.28;4692615
20100415;16.26;16.55;16.19;16.42;3365128
20100416;16.36;16.36;15.8;16.16;3588608
20100419;16.09;16.1;15.45;15.81;4245606
20100420;15.91;16.1;15.71;16;2981497
20100421;16.31;16.4;15.74;15.93;3783823
20100422;15.62;15.71;15.31;15.65;8798071
20100423;15.6;15.76;15.42;15.55;5030493
20100426;15.55;16;15.55;15.75;4596242
20100427;15.66;15.86;15.41;15.42;4399115
20100428;15.6;15.84;15.37;15.72;4920822
20100429;15.93;16.24;15.73;16.24;7316298
20100430;18.06;18.14;16.75;16.83;21678687
20100503;17.45;17.71;17.15;17.44;7334991
20100504;17.36;17.37;16.73;16.8;7424921
20100505;16.5;16.81;15.95;16.43;7080481
20100506;16.3;16.6;14.41;15.53;8939473
20100507;15.23;15.49;14.27;15.01;10379950
20100510;15.81;16.04;15.03;15.78;4976836
20100511;15.68;16.07;15.32;15.68;5870031
20100512;15.71;16.12;15.7;16.03;4152268
20100513;15.94;16.23;15.66;15.76;4455251
20100514;15.64;15.8;15.12;15.59;5484913
20100517;15.59;15.68;14.9;15.32;6500150
20100518;15.51;15.55;14.31;14.52;10614957
20100519;14.4;14.83;14.18;14.69;5889481
20100520;14.32;14.65;13.91;14.23;9163017
20100521;13.91;14.9;13.75;14.58;6447957
20100524;14.94;15.32;14.78;14.9;8171215
20100525;14.45;14.95;14.09;14.91;6589590
20100526;15.42;15.65;14.95;15.02;7504926
20100527;15.48;16.14;15.37;16.12;16236727
20100528;16.16;16.23;15.79;15.93;7150892
20100601;15.83;16.33;15.7;15.71;5061937
20100602;15.8;16.61;15.74;16.61;7626338
20100603;16.62;16.85;16.43;16.78;5260447
20100604;16.4;16.83;15.98;16.07;6101063
20100607;16.12;16.27;15.36;15.46;5405930
20100608;15.53;15.84;15.14;15.48;4864152
20100609;15.6;15.93;15.18;15.29;5070232
20100610;15.52;15.87;15.35;15.79;3970420
20100611;15.51;16.34;15.46;16.31;5722609
20100614;16.52;16.8;16.39;16.43;6150963
20100615;16.59;17.29;16.52;17.24;5267162
20100616;16.7;17.29;16.32;17.17;7764996
20100617;17.22;17.74;16.96;17.7;10304744
20100618;17.77;18.18;17.74;17.88;8964757
20100621;18.22;18.34;17.39;17.49;6970378
20100622;17.58;18.01;17.29;17.36;6768132
20100623;17.47;17.82;17.06;17.62;5239827
20100624;17.74;17.74;16.98;17.09;6512442
20100625;17.15;17.94;16.95;17.59;29528907
20100628;17.77;18.19;17.34;17.91;6068750
20100629;17.39;17.42;16.84;17.01;6127565
20100630;17.01;17.6;16.74;16.79;7734356
20100701;16.86;17.01;16.1;16.69;8560119
20100702;16.78;16.82;16.3;16.64;3119949
20100706;16.9;17.14;16.14;16.33;5928222
20100707;16.26;17.35;16.17;17.29;5709051
20100708;17.4;17.52;16.82;17.15;3777877
20100709;16.95;17.34;16.84;17.25;3325462
20100712;17.19;17.49;16.9;17.2;3492817
20100713;17.42;17.6;17.15;17.54;4753435
20100714;17.71;17.86;17.45;17.63;3503516
20100715;17.66;17.76;17.3;17.56;3432719
20100716;17.48;17.48;16.95;17.03;4612457
20100719;17.17;17.4;16.91;17.33;3691100
20100720;16.98;17.24;16.6;17.09;6902022
20100721;17.5;17.61;17;17.21;7498332
20100722;17.55;18.16;17.51;18.05;7783793
20100723;17.77;18.99;17.72;18.75;12350022
20100726;18.7;19.24;18.66;19.13;29020521
20100727;19.29;19.29;18.77;18.88;5932814
20100728;18.8;19.11;18.59;18.72;5451630
20100729;18.89;18.89;17.83;18.1;8215831
20100730;17.84;17.95;17.33;17.53;10213245
20100802;17.8;18.26;17.55;18.09;5255669
20100803;18.04;18.06;17.72;17.87;2745152
20100804;18.07;18.21;17.82;18.17;4451128
20100805;18.23;18.27;17.84;17.88;3886105
20100806;17.7;18.35;17.63;18.3;4804113
20100809;18.42;18.51;18.27;18.33;3674005
20100810;18.07;18.09;17.71;17.93;3393592
20100811;17.56;17.6;16.9;17.29;5331993
20100812;16.97;17.55;16.71;17.34;5292034
20100813;17.24;17.6;17.04;17.05;2789662
20100816;17.01;17.36;16.86;17.13;3250815
20100817;17.28;17.8;17.21;17.49;3581038
20100818;17.52;17.92;17.39;17.78;2949770
20100819;17.69;17.95;17.38;17.56;2677884
20100820;17.56;17.81;17.45;17.68;2137576
20100823;17.75;17.92;17.22;17.25;2653494
20100824;16.94;17.49;16.54;17.28;5302895
20100825;17.04;17.3;16.86;17.17;5923264
20100826;17.22;17.35;16.99;17.32;5396772
20100827;17.5;18.45;17.2;18.39;8361887
20100830;18.26;18.5;17.79;17.79;3369723
20100831;17.69;18.12;17.55;17.82;4499129
20100901;18.23;18.48;18.14;18.27;4047305
20100902;18.24;18.58;18.2;18.45;3430025
20100903;18.73;18.97;18.46;18.88;3594936
20100907;18.82;18.82;18.48;18.54;3039187
20100908;18.59;18.79;18.42;18.76;3133465
20100909;18.92;19;18.58;18.8;3074856
20100910;18.8;18.83;18.08;18.34;3688024
20100913;18.52;18.86;18.5;18.79;3205706
20100914;18.79;19.24;18.38;19.17;4418107
20100915;19.06;19.41;18.95;19.26;4596664
20100916;19.24;19.49;19.1;19.43;2730931
20100917;19.65;19.92;19.64;19.7;6084192
20100920;19.72;19.95;19.56;19.79;5097404
20100921;19.67;19.99;19.16;19.75;9720489
20100922;19.77;19.99;19.47;19.91;5938106
20100923;19.74;20.65;19.63;19.97;5823226
20100924;20.28;20.87;20.28;20.85;4287694
20100927;20.85;21.17;20.6;20.88;4144744
20100928;20.89;21.15;20.6;21.09;3981192
20100929;21;21.42;20.87;20.93;4690223
20100930;21.14;21.3;20.56;20.67;4173751
20101001;20.85;21.05;20.42;20.65;3509541
20101004;20.52;20.62;20.05;20.3;3047122
20101005;20.6;21.15;20.42;20.94;4561731
20101006;20.98;20.99;19.97;20.17;4567568
20101007;20.28;20.34;19.82;20.08;3709568
20101008;20.12;20.61;19.86;20.5;2466068
20101011;20.48;21.13;20.45;20.51;2463476
20101012;20.62;21.41;20.45;21.21;3675495
20101013;21.41;21.49;21.04;21.25;3419148
20101014;21.25;21.46;20.94;21.32;3945216
20101015;21.61;21.98;21.39;21.82;5565226
20101018;21.96;22;21.49;21.63;3093088
20101019;21.2;21.65;21.01;21.27;3389902
20101020;21.33;21.69;21.16;21.51;1698255
20101021;21.6;21.62;20.24;20.71;6535026
20101022;20.82;21.59;20.8;21.48;3645617
20101025;21.53;22.09;21.5;21.97;2881772
20101026;22.02;22.32;21.62;21.66;4042962
20101027;21.71;22.95;21.66;22.85;5498081
20101028;23;23.06;22.32;22.68;2602603
20101029;22.66;23.09;22.49;22.92;2854485
20101101;23.01;23.25;22.39;22.61;3113947
20101102;22.89;23.25;22.72;23.02;2700820
20101103;23.03;23.05;22.51;22.76;5344245
20101104;23.32;23.72;22.96;23.68;5095797
20101105;23.76;24.68;23.6;24.17;8175214
20101108;23.63;23.94;23.1;23.87;7684563
20101109;23.87;23.99;23.66;23.8;5221925
20101110;23.6;23.85;23.32;23.8;3741846
20101111;23.5;23.5;23.01;23.32;4936991
20101112;23.12;23.52;22.72;23.14;3332779
20101115;23.19;23.46;22.93;22.94;3044349
20101116;22.76;23;22.07;22.36;5254380
20101117;22.5;23.19;22.35;22.91;2678507
20101118;23.26;23.97;23;23.8;3911495
20101119;23.82;24.14;23.56;24.12;3137144
20101122;23.94;24.88;23.79;24.84;3586453
20101123;24.42;24.77;24.27;24.76;3279930
20101124;24.81;26.16;24.81;26.14;6387288
20101126;25.99;26.17;25.9;25.99;1124764
20101129;25.84;26.05;25.45;25.8;2554060
20101130;25.56;25.82;25.3;25.45;6483664
20101201;25.89;26.49;25.86;26.48;4544429
20101202;26.5;27.05;26.5;26.99;2815108
20101203;26.9;27.65;26.84;27.57;2903564
20101206;27.63;27.75;27.11;27.62;3505350
20101207;27.98;28.25;27.2;27.28;4047645
20101208;27.24;27.7;27.15;27.36;2703751
20101209;27.64;27.73;27.43;27.73;2169564
20101210;27.87;28.11;27.39;28.04;4132960
20101213;28.25;28.25;27.05;27.09;3095475
20101214;27.29;27.43;26.76;26.89;3703528
20101215;26.71;27.59;26.64;27;4014549
20101216;26.94;27.94;26.92;27.81;3854102
20101217;27.91;28.64;27.81;28.44;4749954
20101220;28.74;28.74;28.02;28.13;1808852
20101221;28.21;28.47;27.97;28.24;1745208
20101222;28.32;28.33;27.8;28.1;1730734
20101223;28.1;28.55;28.06;28.39;1331011
20101227;28.35;28.77;28.06;28.75;1384043
20101228;28.86;29.14;28.55;28.8;2566181
20101229;28.78;29.43;28.66;29.18;2124375
20101230;29.22;29.75;29.08;29.08;3083425
20101231;29.08;29.18;28.61;28.63;1803957
20110103;29.14;30.14;29.04;29.56;3791344
20110104;29.8;29.93;29.16;29.63;3528419
20110105;29.78;30.26;29.43;30.2;3572597
20110106;30.42;30.92;30.05;30.15;4088230
20110107;30.28;30.43;29.35;30.24;3367193
20110110;29.98;31.95;29.73;31.7;6446412
20110111;31.85;32.19;31.06;31.61;3675014
20110112;31.98;32.24;31.61;31.88;3082067
20110113;31.82;32.08;31.4;31.8;2840380
20110114;31.84;32.57;31.55;32.51;3474157
20110118;32.54;32.99;32.28;32.76;3832634
20110119;32.75;33.07;31.82;31.91;4010468
20110120;30.98;30.98;28.33;30.03;10299215
20110121;31.1;31.1;29.01;29.19;11325503
20110124;29.3;29.33;28.6;29.19;5956399
20110125;29.67;30.03;29.32;30.01;6204213
20110126;30.3;31.75;29.77;31.49;7596421
20110127;32;33.22;31.9;32.75;6848379
20110128;33;33;30.93;31.33;6499768
20110131;31.43;32;31.08;31.77;3157567
20110201;32.11;32.97;32.11;32.72;3154288
20110202;32.47;33.08;31.82;32.92;2678684
20110203;32.9;33.85;32.68;33.81;3962832
20110204;34;35;33.85;34.92;4569943
20110207;35.72;36.26;35.12;35.54;6295695
20110208;35.66;35.7;34.67;35.46;4836812
20110209;35.25;35.82;35.04;35.19;3950010
20110210;34.45;35.99;34;35.72;5670085
20110211;35.58;36.79;35.5;36.55;4624319
20110214;36.95;37.82;36.66;36.95;4759088
20110215;36.9;37.5;36.01;36.33;3239669
20110216;36.57;37.15;36.42;36.66;3345364
20110217;37;37.1;36.41;36.98;2703719
20110218;37.02;37.1;36.46;36.65;2183997
20110222;35.31;35.76;33.35;34.31;6113503
20110223;34.11;34.37;31.69;33.41;8876739
20110224;33.39;35.14;33.08;34.91;5312780
20110225;35.7;36.15;35.4;35.99;3707043
20110228;36.67;37.38;35.29;35.94;4458899
20110301;36.13;36.46;34.43;34.75;3667005
20110302;34.58;35.54;34.26;34.53;4443470
20110303;35.26;35.86;34.89;35.41;4186362
20110304;35.86;35.88;34.74;34.98;2736518
20110307;34.99;35.32;33.4;34.41;4687661
20110308;34.31;34.4;33.29;33.82;3401799
20110309;33.64;33.73;31.91;32.01;9881219
20110310;30.91;32;30.5;31.64;8945276
20110311;30.63;32.18;30.6;31.84;5194707
20110314;31.28;32.32;31.1;31.27;3845169
20110315;29.42;32.02;29.25;31.64;5224249
20110316;31.6;32.23;30.5;30.85;4509373
20110317;31.24;31.43;29.66;29.95;6646303
20110318;30.38;30.74;29.67;29.97;5381203
20110321;30.51;31.3;30.21;31.18;2957872
20110322;30.55;30.93;30.12;30.47;4499027
20110323;30.29;30.92;29.98;30.76;2433473
20110324;31.11;31.92;30.72;31.88;3213326
20110325;32.08;33.05;31.99;32.31;4422342
20110328;32.57;33.12;32.51;32.57;3879912
20110329;32.57;32.94;32.15;32.59;2160319
20110330;32.99;33.24;32.33;32.65;3375314
20110331;32.65;32.79;32.11;32.4;1651272
20110401;32.53;32.7;31.24;31.45;3423530
20110404;31.39;31.7;30.36;30.79;4579169
20110405;30.7;31.38;30.25;30.88;3672130
20110406;31.17;31.25;27.52;28.73;19454449
20110407;28.51;28.52;27.22;27.74;12719915
20110408;27.84;28.16;27.31;27.55;5871992
20110411;27.63;27.81;26.94;27.13;6216692
20110412;26.62;26.65;25.89;26.36;8824376
20110413;26.68;26.86;26.12;26.65;5286614
20110414;26.52;26.55;25.87;26.4;4162461
20110415;26.23;26.5;25.93;26.32;3377051
20110418;25.86;26.26;25.46;26.05;4708591
20110419;26.15;27.05;26.07;26.87;6458886
20110420;27.53;27.97;27.36;27.92;5725649
20110421;28.76;28.9;28.09;28.19;4825291
20110425;28.29;28.42;27.84;28.22;3271241
20110426;28.31;28.36;27.91;28.29;2547637
20110427;28.04;28.07;27.1;27.52;5050870
20110428;27.5;28.18;27.37;27.51;5141261
20110429;31.39;31.95;29.7;31.46;11984914
20110502;31.59;31.69;30.5;30.58;4687912
20110503;30.51;30.53;29.58;29.82;3522749
20110504;29.77;30.36;29.21;29.5;3250308
20110505;29.16;30.56;28.75;29.82;4180962
20110506;30.17;30.29;29.43;29.61;3187127
20110509;29.54;30.2;29.33;29.66;3129980
20110510;29.83;30.31;29.51;29.94;3152338
20110511;29.84;29.92;28.44;28.77;4006051
20110512;28.48;29.14;28.28;28.57;4628755
20110513;28.6;28.85;28.18;28.34;3266817
20110516;28.21;28.34;27.16;27.24;3989164
20110517;27.24;27.24;26.36;26.64;4731772
20110518;27.67;27.93;26.92;27.75;4761020
20110519;27.91;27.91;27.32;27.51;2528093
20110520;27.64;27.74;27.09;27.31;2155954
20110523;26.66;26.92;26.26;26.63;2695727
20110524;26.89;27.05;26.36;26.52;2350027
20110525;26.37;27;26.37;26.84;2138156
20110526;26.9;27.05;26.53;27.03;2103803
20110527;27.2;27.24;24.79;25.5;11536983
20110531;25.65;25.91;24.57;25.47;6118698
20110601;25.3;25.5;24.43;24.56;4762665
20110602;24.48;24.99;24.22;24.92;4344555
20110603;24.31;24.47;23.06;23.06;9490546
20110606;23.01;23.7;23;23.28;4771816
20110607;24.11;25.89;24;25.08;12612341
20110608;24.84;24.88;24.1;24.42;5438920
20110609;24.61;25.52;24.3;24.94;6051634
20110610;24.77;24.84;23.9;24.32;3959619
20110613;24.36;24.54;23.36;23.52;3121006
20110614;23.94;25.18;23.9;24.91;5850591
20110615;24.47;24.66;24.08;24.12;3000722
20110616;24.13;24.24;23.22;23.51;2713205
20110617;23.93;24.09;23.03;23.16;3392900
20110620;22.34;22.58;21.49;21.7;13008577
20110621;21.79;23.1;21.41;22.53;5619959
20110622;22.4;22.76;22.14;22.39;2747850
20110623;22.03;23.32;21.82;23.28;5619505
20110624;23.3;23.66;22.8;22.87;3029398
20110627;22.73;23.37;22.47;22.92;2462119
20110628;22.96;23.75;22.9;23.56;3076315
20110629;23.6;23.8;22.36;22.62;5391669
20110630;22.73;23.3;22.62;22.98;3321052
20110701;23.05;23.58;22.93;23.44;2059357
20110705;23.43;23.54;22.92;23.06;2404594
20110706;22.99;24.08;22.52;23.65;5064811
20110707;24.18;25.49;24.12;25.21;5922454
20110708;24.88;25.09;24.52;24.72;3524896
20110711;24.38;25.17;24.09;24.23;3199867
20110712;24.07;24.08;22.51;22.65;5124421
20110713;22.87;23.55;22.8;22.83;3652878
20110714;22.87;23.56;22.36;22.38;5030411
20110715;22.64;22.75;22.25;22.68;2419970
20110718;22.57;22.7;21.83;22.23;3320320
20110719;22.34;23.16;22.34;22.9;2796721
20110720;24.06;24.5;23.41;23.61;4515698
20110721;23.81;24;22.56;22.68;6664242
20110722;25;27.09;24.9;26.98;14556024
20110725;26.8;26.84;26.1;26.46;6936048
20110726;26.66;27.36;26.6;27;5280040
20110727;26.92;26.92;25.95;26.1;5913698
20110728;26.46;26.5;25.42;25.55;5155166
20110729;24.99;25.91;24.6;25.31;4310428
20110801;26;26.22;24.45;25;4784983
20110802;24.65;24.84;23.54;23.55;4654666
20110803;23.64;24.41;22.87;24.3;4683076
20110804;23.8;23.81;22.27;22.3;5866282
20110805;22.84;22.89;20.12;20.68;10623626
20110808;19.6;20.4;19.1;19.39;9716580
20110809;19.7;20.55;18.89;20.53;7141795
20110810;20.14;21.17;19.7;20.27;5158724
20110811;20.28;22.41;20.18;22.02;5372884
20110812;22.25;22.89;21.93;22.07;3869735
20110815;22.32;23.24;22.26;23.11;3877368
20110816;22.74;22.85;20.77;21.47;6297850
20110817;21.62;22.16;21.1;21.36;2921032
20110818;20.5;20.51;19.23;19.42;4515152
20110819;18.79;20.05;18.75;18.78;3981292
20110822;19.37;19.74;19;19.11;2938618
20110823;19.3;20.13;19.21;20.04;4670288
20110824;19.97;20.2;19.56;20.05;2668871
20110825;20.07;20.18;19.4;19.46;2231804
20110826;19.31;20.15;18.94;19.89;3273079
20110829;20.33;20.83;20.18;20.8;2828208
20110830;20.64;21.1;20.47;20.85;2308452
20110831;21.02;21.47;20.44;20.63;2524745
20110901;20.69;21.68;20.44;20.92;4024662
20110902;20.3;20.63;19.48;19.62;3495246
20110906;18.9;19.37;18.17;19.3;4150495
20110907;20.32;20.48;20;20.17;4247653
20110908;20;20.9;20;20.33;4003556
20110909;20.14;20.85;19.39;19.58;5322686
20110912;19.25;20.42;19.24;20.28;3964401
20110913;20.33;21.36;20.28;21.19;4959378
20110914;21.77;22.49;21.03;22.18;6081886
20110915;22.38;22.57;21.79;22.35;3403799
20110916;22.38;22.54;21.92;22.07;2825892
20110919;21.49;21.8;21.17;21.59;2341846
20110920;21.66;22.13;21.35;21.57;3242574
20110921;21.61;22.59;21.49;21.92;4348371
20110922;21.07;21.2;19.6;20.31;4150637
20110923;20.05;20.95;19.9;20.91;2342710
20110926;21;21.04;19.7;20.57;2798778
20110927;21;21.38;20.45;20.58;2658115
20110928;20.65;20.81;19.71;19.85;3935216
20110929;20.31;20.47;18.54;19.09;3627303
20110930;18.63;18.71;17.94;17.96;4683686
20111003;17.81;18.33;16.93;16.96;4638309
20111004;16.64;18.2;16.34;18.16;4504728
20111005;18.25;19.73;17.71;19.34;6582099
20111006;19.42;19.55;18.86;19.33;3676763
20111007;19.48;19.74;18.82;19.13;2834880
20111010;19.73;19.88;19.1;19.56;2890211
20111011;19.4;20.02;19.21;19.91;5748914
20111012;20.37;21.95;20.28;20.72;8680611
20111013;20.54;21.72;20.08;21.43;9505991
20111014;22.57;23.47;21.75;22.4;6559695
20111017;22.31;22.34;21.01;21.24;3527720
20111018;21.25;22.08;20.82;21.92;3663528
20111019;21.64;21.64;20.71;20.83;4011147
20111020;20.88;20.99;19.92;20.68;3785609
20111021;21.04;21.71;20.81;20.93;3530553
20111024;21.09;21.93;21.02;21.89;4430642
20111025;21.69;21.94;20.91;21.02;3172987
20111026;21.41;21.6;20.54;21.39;3369703
20111027;22.03;22.18;21.2;21.38;7226329
20111028;21.28;21.33;19.85;20.29;9459909
20111031;20.17;20.27;19.68;19.81;5114410
20111101;19.05;19.55;19;19.11;5060371
20111102;19.42;19.75;18.72;19.08;5561475
20111103;20.14;20.58;19.63;20.5;8401525
20111104;19.56;21.98;19.44;21.83;12401901
20111107;21.43;21.82;20.81;21.32;4483293
20111108;21.45;21.6;20.6;21.13;3407578
20111109;20.31;20.5;19.56;19.62;4812643
20111110;19.91;20.04;18.9;19.08;5242423
20111111;19.4;19.89;19.16;19.77;3186395
20111114;19.62;19.85;19.25;19.49;2144734
20111115;19.38;19.7;19.02;19.53;3303853
20111116;19.31;19.63;18.96;18.99;2999166
20111117;18.98;19;17.24;17.4;7748532
20111118;17.71;17.81;16.91;16.99;4089685
20111121;16.64;16.85;16.23;16.57;8101362
20111122;16.6;16.74;15.84;15.9;5818289
20111123;15.72;15.81;14.35;14.54;10479363
20111125;14.65;14.81;14.11;14.13;3144446
20111128;14.81;14.99;14.12;14.35;9100198
20111129;14.13;14.7;14.08;14.51;9891060
20111130;15.1;16.36;15.1;16.31;11139663
20111201;16.2;16.52;16;16.16;8162388
20111202;16.39;16.77;16.3;16.35;6998838
20111205;16.66;16.82;16.25;16.38;4669635
20111206;16.32;16.55;15.99;16.1;3806605
20111207;15.97;16.15;15.43;15.85;8544087
20111208;15.73;15.9;15.23;15.27;3682537
20111209;15.31;15.62;15;15.49;3011957
20111212;15.2;15.22;14.82;14.99;3579191
20111213;15.09;15.27;13.98;14.08;6766821
20111214;14.08;14.37;13.72;14.04;4937456
20111215;14.67;14.93;14.22;14.29;4359823
20111216;14.38;14.78;14.34;14.37;6169060
20111219;14.49;14.86;14.4;14.74;8226005
20111220;15;15.58;14.98;15.53;5916393
20111221;15.41;15.52;15.03;15.47;4136622
20111222;15.44;16.4;15.44;16.33;3566726
20111223;16.41;16.51;16.04;16.2;2035659
20111227;16.06;16.3;16.01;16.19;1641394
20111228;16.17;16.41;15.92;15.98;2653533
20111229;16.04;16.22;15.97;16.1;1955288
20111230;16.04;16.39;16.04;16.22;1937678
20120103;16.9;17.22;16.63;16.82;4603021
20120104;16.68;16.86;16.56;16.78;2745935
20120105;16.64;17.33;16.48;17.28;4667982
20120106;16.6;17.35;16.55;17.15;4999059
20120109;17.18;17.93;17.13;17.81;8397392
20120110;18.09;18.18;17.64;17.98;4128699
20120111;17.89;18.11;17.44;18.03;2913244
20120112;18.14;18.15;17.66;17.98;2557944
20120113;17.82;17.89;17.5;17.64;2749953
20120117;17.99;18.43;17.93;18.29;4498150
20120118;18.39;19.26;18.34;19.08;5356804
20120119;19.29;19.5;18.91;19.23;9521586
20120120;20.36;21.49;20.17;21.39;15867907
20120123;21.19;21.64;21;21.29;5476241
20120124;21.2;21.59;21;21.56;3727610
20120125;22.26;22.45;21.43;21.77;6621297
20120126;22.01;22.25;21.47;21.62;5492445
20120127;21.45;22.28;21.21;22;4620869
20120130;21.75;21.97;21.4;21.76;5215091
20120131;22.08;22.12;21.41;21.58;3764321
20120201;21.75;21.99;21.36;21.83;6299658
20120202;22.22;23.3;22.08;22.83;7481855
20120203;23.25;24.01;23.07;23.68;5541832
20120206;23.43;23.62;23.21;23.44;3401004
20120207;23.4;23.73;22.9;23.69;4664283
20120208;23.69;24.56;23.69;24.28;4353888
20120209;24.4;24.68;23.83;24.55;4780612
20120210;24.13;24.36;23.39;23.46;4487996
20120213;23.84;23.99;23.1;23.63;3758850
20120214;23.33;24;23.3;23.98;3014602
20120215;24.1;24.83;24.03;24.24;4364114
20120216;23.92;25.25;23.9;25.22;3727570
20120217;25.41;25.41;24.6;24.86;2643164
20120221;25.32;25.47;24.63;24.78;2547120
20120222;24.9;24.99;24.56;24.85;2612350
20120223;24.78;25.6;24.6;25.56;4359940
20120224;25.65;25.98;25.56;25.86;3035368
20120227;25.96;26.99;25.4;26.6;5520687
20120228;26.74;27.36;26.3;26.89;6005000
20120229;27.02;27.19;26.63;26.97;3714617
20120301;27.4;27.54;26.87;27.37;4891454
20120302;27.33;28.16;27.22;27.46;5231420
20120305;27.31;27.4;25.83;26.07;6803139
20120306;25.6;25.68;24.89;25.38;8333427
20120307;25.99;26.17;25.5;26.09;5228929
20120308;26.33;26.84;26.08;26.77;3199227
20120309;27.01;27.31;26.66;26.91;5232527
20120312;26.83;26.92;26.36;26.45;3171409
20120313;26.63;27.15;26.47;27.15;4050030
20120314;27.23;27.92;27.17;27.73;3683214
20120315;27.88;28.4;27.74;28.29;3718137
20120316;28.33;28.5;27.68;28.05;4307881
20120319;28.16;29.01;27.95;28.66;4235326
20120320;28.48;28.58;27.82;28.27;4091182
20120321;28.44;28.73;28.32;28.49;3397217
20120322;28.22;28.64;27.93;28.4;4395862
20120323;28.43;28.43;27.9;28.16;4551446
20120326;28.55;28.81;28.26;28.52;3818026
20120327;28.6;28.78;28.25;28.61;3337047
20120328;28.65;28.76;27.42;27.82;3547960
20120329;27.62;27.79;27.05;27.66;3537167
20120330;27.87;28.02;27.35;27.65;2535098
20120402;27.66;27.95;27.34;27.71;2901210
20120403;27.79;28;27.33;27.53;2514294
20120404;27.1;27.22;26.11;26.38;5742887
20120405;26.2;26.99;26.2;26.94;3434113
20120409;26.26;26.77;26.08;26.35;2760701
20120410;26.37;27.04;25.68;25.75;5008100
20120411;26.15;26.54;25.76;26.35;3515743
20120412;26.31;27.47;26.24;27.02;2528500
20120413;26.92;27.1;26.24;26.29;2335980
20120416;26.55;26.78;25.69;26.05;2688198
20120417;26.31;26.95;26.25;26.9;2854529
20120418;26.62;27.36;26.42;27.23;3801075
20120419;27.23;27.25;25.63;25.91;9899021
20120420;25.87;25.95;24.14;24.38;13381849
20120423;23.64;23.74;23.11;23.31;9461197
20120424;23.29;23.94;23.16;23.76;7449849
20120425;25.51;25.76;24.66;25.22;7509550
20120426;24.87;25.61;24.67;25.5;7271210
20120427;26.85;28.15;26.64;27.81;10090946
20120430;27.59;27.77;27.02;27.14;5035250
20120501;27.1;27.69;26.84;27.2;3371609
20120502;26.8;27.44;26.5;27.29;4212677
20120503;27.28;27.45;25.96;26.15;3526236
20120504;25.84;26.23;25.46;25.57;4283103
20120507;25.24;25.71;24.94;25.25;3511391
20120508;25.1;25.13;24.01;24.67;7741465
20120509;24.21;25.06;23.84;24.92;5413283
20120510;25.27;25.36;24.5;25.24;4442343
20120511;24.89;25.81;24.49;25.39;4058730
20120514;24.9;25.09;24.52;24.91;3011572
20120515;24.87;26.11;24.6;25.54;6200369
20120516;25.75;26.23;25.46;25.71;6317709
20120517;25.66;25.89;24.46;24.5;4151506
20120518;24.41;24.48;23.32;23.43;5488950
20120521;23.57;25.15;23.25;25.09;3681383
20120522;25.09;25.66;24.67;25.53;4401140
20120523;24.95;26.2;24.89;26.11;4200669
20120524;26.24;26.24;25.2;25.51;4019112
20120525;25.65;26.38;25.63;25.68;3140715
20120529;25.9;27;25.81;26.98;5322029
20120530;26.62;26.73;25.67;25.81;3954100
20120531;25.93;27.08;25.43;26.86;5480817
20120601;25.79;26.21;25.17;25.23;3677890
20120604;25.46;25.96;24.92;25.84;5081058
20120605;25.8;26.92;25.71;26.71;3415803
20120606;27.04;28.51;26.88;28.4;6526777
20120607;28.51;29.09;27.38;27.47;4685081
20120608;27.48;28.04;27.11;27.96;2549160
20120611;28.43;28.49;26.75;26.9;3765811
20120612;27.12;27.83;26.7;27.76;3442563
20120613;27.76;28.67;27.45;28.37;5516077
20120614;28.25;28.3;26.84;27.42;6815011
20120615;27.13;28.22;27.01;28.1;4626766
20120618;27.8;28.38;27.58;28.26;3475971
20120619;28.51;28.51;28.01;28.07;3085857
20120620;28.11;28.49;27.8;28.19;2435415
20120621;28.11;28.15;26.54;26.66;3890183
20120622;27.33;27.38;26.29;26.85;3374530
20120625;26.44;26.62;25.22;25.48;3501668
20120626;25.6;25.71;24.68;25;4686329
20120627;25.25;25.91;25;25.76;3176699
20120628;25.5;25.94;25.2;25.79;3341169
20120629;26.54;27.4;26.43;27.32;3699765
20120702;27.21;27.42;26.7;27.24;2346146
20120703;27.21;27.8;27.21;27.68;1155044
20120705;27.45;27.74;27.25;27.6;2334636
20120706;27.38;27.43;26.1;26.49;2477832
20120709;26.36;26.95;25.94;26.65;3475428
20120710;26.72;27.18;25.58;25.78;3223171
20120711;25.83;26.25;25.56;25.84;2773034
20120712;25.65;26.43;25.05;26.32;3412000
20120713;26.34;26.95;26.15;26.82;3526236
20120716;26.55;26.73;25.57;25.86;3815835
20120717;26;26.15;25.25;25.52;3481689
20120718;25.39;26.85;25.39;26.64;5363063
20120719;28.98;29.75;28.5;29.17;14692371
20120720;28.54;28.99;28.38;28.58;4460911
20120723;27.99;28;27.27;27.54;5441971
20120724;27.68;27.98;26.32;26.57;5779277
20120725;26.92;27.47;26.62;26.75;5761735
20120726;27.33;27.59;27;27.41;2848820
20120727;27.7;28.28;27.28;28.12;3959697
20120730;28.38;28.67;27.52;27.83;2522064
20120731;28.53;30.1;28.21;28.93;7679956
20120801;29.03;29.48;28.08;28.18;4609562
20120802;27.84;28.22;27.15;27.87;4167105
20120803;28.5;28.5;28.02;28.32;3637181
20120806;28.49;28.69;28.12;28.5;2171466
20120807;28.55;29.49;28.55;29.06;2889465
20120808;28.81;29.07;28.52;28.65;2249328
20120809;28.66;29.14;28.64;29;2364021
20120810;28.85;29.69;28.67;29.63;2611273
20120813;29.42;29.57;28.97;29.39;2684668
20120814;29.63;29.73;29.13;29.23;2599703
20120815;29.17;29.37;28.48;28.58;3363597
20120816;28.67;29.76;28.52;29.63;3911092
20120817;29.71;29.87;29.4;29.8;2843903
20120820;29.8;29.8;29.15;29.46;3446010
20120821;29.68;30.07;29.47;29.65;4706332
20120822;29.63;29.64;29.03;29.24;2311719
20120823;29.29;30.14;29.05;29.79;4925601
20120824;29.67;29.83;29.3;29.64;2567012
20120827;29.8;29.91;28.86;28.95;2446374
20120828;28.87;29.56;28.74;29.49;2427269
20120829;29.64;29.85;29.29;29.73;2105941
20120830;29.51;29.6;29.03;29.4;2559148
20120831;29.71;30.54;29.38;30.46;4865309
20120904;29.85;30.18;29;30.02;5239020
20120905;29.94;30.05;29.06;29.2;3014213
20120906;29.66;31.19;29.61;31.18;5983376
20120907;31.14;31.44;30.7;31.16;3199084
20120910;31.03;31.33;29.85;29.91;4469574
20120911;30.02;30.13;29.39;29.46;4179704
20120912;29.7;29.7;28.75;29.06;6169664
20120913;29.29;29.75;28.78;28.93;5210632
20120914;29.03;29.93;28.99;29.61;4269781
20120917;29.67;29.74;28.91;29;2704446
20120918;28.92;29.34;28.65;29.22;3461372
20120919;29.25;29.65;28.99;29.48;3595907
20120920;28.1;28.5;23.27;24.03;33942239
20120921;24.82;25.99;24.63;24.81;22281150
20120924;24.38;24.6;23.9;24.03;9026473
20120925;24.35;24.45;23.43;23.51;7289721
20120926;23.34;23.53;22.36;23.18;8001463
20120927;23.9;24.12;23.36;23.95;6198464
20120928;23.98;24.26;23.45;23.56;5226866
20121001;23.7;23.75;22.88;22.99;6715500
20121002;23.26;23.5;23.01;23.42;4450365
20121003;23.6;23.75;23.16;23.39;3252935
20121004;23.58;23.59;23.01;23.54;3063809
20121005;24;24.45;23.46;23.5;5435992
20121008;23.36;23.68;23.04;23.15;2825424
20121009;23.15;23.21;22.6;22.98;4415326
20121010;22.98;23.04;22.43;22.48;4380638
20121011;22.73;22.81;22.2;22.41;3229052
20121012;22.27;22.44;21.96;22.17;3159163
20121015;22.29;22.58;22.05;22.51;2938988
20121016;22.53;23.58;22.49;23.55;5411335
20121017;23.49;23.65;23.04;23.15;3345778
20121018;23.06;23.1;22.52;22.55;3047170
20121019;22.56;22.56;22.11;22.14;3707752
20121022;22.1;22.62;21.98;22.59;4825536
20121023;22.23;22.77;22.1;22.71;3766895
20121024;23.1;23.17;22.59;22.68;2723123
20121025;23.44;23.84;22.77;22.87;4277919
20121026;23.1;23.55;22.59;23.17;3585537
20121031;23.05;23.58;23;23.39;3278753
20121101;23.27;24.21;23.15;24.08;5744183
20121102;22.41;22.63;19.75;19.95;17257020
20121105;20.21;20.89;19.21;20.85;9768029
20121106;20.93;21.14;20.7;20.84;3726231
20121107;20.46;20.65;20.01;20.07;4407920
20121108;20.34;20.6;20;20.02;3119943
20121109;20.2;20.75;20.05;20.57;4249412
20121112;20.58;20.99;20.44;20.81;3646206
20121113;20.29;21.02;20.26;20.85;3804170
20121114;20.95;21.07;20.55;20.73;3139349
20121115;20.74;20.9;20.21;20.25;3880438
20121116;20.23;20.26;19.51;19.82;4452025
20121119;20.35;20.87;20.2;20.66;6012725
20121120;20.64;21.09;20.38;21.05;3773313
20121121;21.13;21.48;21.08;21.35;2310470
20121123;21.4;21.8;21.29;21.77;1554397
20121126;21.58;21.93;21.54;21.63;2495731
20121127;21.46;21.88;21.25;21.65;3131572
20121128;21.42;21.64;20.97;21.56;3409503
20121129;21.69;22.44;21.62;22.41;5826122
20121130;22.31;22.74;22.29;22.65;4616618
20121203;22.83;23.09;22.64;22.75;5497885
20121204;22.7;23.2;22.69;23.17;5047704
20121205;23.07;23.58;22.97;23.51;6471079
20121206;23.43;23.68;23.23;23.37;3890335
20121207;23.44;23.5;22.64;22.84;3485733
20121210;22.79;22.84;22.28;22.33;4435482
20121211;22.59;23.69;22.43;22.88;2807686
20121212;23.06;23.1;22.44;22.5;3630648
20121213;22.4;22.45;20.84;21.05;11208284
20121214;20.73;20.73;19.25;19.8;12056011
20121217;20.07;20.76;19.71;20.76;5566306
20121218;20.98;21.2;20.93;21.1;5575367
20121219;21.14;21.29;20.8;20.87;4071945
20121220;20.86;20.9;20.27;20.4;4281374
20121221;19.92;20.18;19.61;20.08;6132832
20121224;20.19;20.35;20.01;20.27;1687637
20121226;20.25;20.37;19.79;19.8;2616585
20121227;19.85;20.02;19.64;19.97;3182781
20121228;19.85;20.17;19.8;19.88;2397460
20121231;19.82;20.33;19.73;20.3;3330268
20130102;21.04;21.75;21.04;21.65;5464737
20130103;21.83;22.04;21.43;21.49;3063766
20130104;21.5;21.57;20.6;20.95;6131025
20130107;20.89;21.49;20.77;21.26;2651027
20130108;21.22;21.27;20.35;20.41;4622934
20130109;20.7;21.1;20.47;21.01;3096752
20130110;21.65;22.01;21.22;21.32;4737445
20130111;21.38;21.55;21.07;21.37;2049616
20130114;20.63;21.28;20.62;21.01;3050200
20130115;20.86;20.97;20.25;20.5;3808253
20130116;20.62;21.5;20.44;21.31;4019729
20130117;21.46;21.81;21.35;21.66;3568481
20130118;21.55;21.82;20.84;20.88;4200620
20130122;21.01;21.17;20.72;20.76;4114123
20130123;21.09;22.31;20.8;21.84;5376235
20130124;20.76;22.11;20.45;21.44;7083434
20130125;21.58;21.81;20.98;21.05;4192667
20130128;21.39;21.61;21.16;21.31;4542389
20130129;21.45;21.51;21.1;21.17;4446879
20130130;21.15;21.84;21.15;21.56;7536500
20130131;24.29;24.69;23.78;23.94;13535258
20130201;24.26;24.68;24.08;24.33;7412067
20130204;24;24.5;23.34;23.53;5318623
20130205;23.69;23.82;23.43;23.59;3030879
20130206;23.73;24.19;23.56;24.18;3893838
20130207;24.02;24.25;23.55;23.77;2946615
20130208;23.87;24.31;23.87;23.93;2522548
20130211;23.87;24.34;23.73;24.25;2388014
20130212;24.14;24.5;24.03;24.2;2991270
20130213;24.21;24.5;24.06;24.3;2684874
20130214;24.12;25.04;24.1;24.97;4413204
20130215;24.95;25;24.39;24.5;2876718
20130219;24.75;25.1;24.48;24.54;2511078
20130220;24.54;24.57;23.57;23.62;3727210
20130221;23.4;23.48;20.4;21.16;20354287
20130222;21.65;22.34;21.6;21.85;9046261
20130225;21.96;22.08;20.9;20.93;7601833
20130226;21.1;21.15;20.28;20.44;5795976
20130227;20.35;21.46;20.35;21.19;5244697
20130228;21.5;21.64;21.2;21.3;3672672
20130301;21.08;21.18;20.6;20.7;5449468
20130304;20.68;20.83;20.25;20.42;5361187
20130305;20.67;20.96;20.36;20.87;6769540
20130306;20.9;21.24;20.48;21.16;6465013
20130307;21.33;21.51;21.04;21.09;2768163
20130308;21.23;21.51;21.05;21.4;2690506
20130311;21.3;21.64;21.15;21.44;2945131
20130312;21.36;21.66;21.33;21.51;2788807
20130313;21.55;22.56;21.52;22.17;3844030
20130314;22.42;22.67;22.16;22.3;2863979
20130315;22.24;22.48;21.66;21.74;6062014
20130318;21.36;21.75;20.98;21.57;3395651
20130319;21.69;21.85;21.42;21.64;3211197
20130320;21.75;21.93;21.4;21.68;2570826
20130321;21.44;21.67;21.13;21.52;2945161
20130322;21.58;21.7;21.33;21.49;2565391
20130325;21.69;21.81;21.15;21.27;2927920
20130326;21.48;21.76;21.16;21.6;2986748
20130327;21.54;21.77;21.21;21.64;2706379
20130328;21.59;22.06;21.54;22.03;2027561
20130401;21.98;22.08;21.15;21.2;2798380
20130402;21.33;21.55;20.85;20.97;3669429
20130403;21.07;21.12;20.35;20.53;3755523
20130404;20.52;21.02;20.44;21.01;2589732
20130405;20.58;20.95;20.25;20.91;2291499
20130408;20.88;21.29;20.77;21.24;1829990
20130409;21.37;21.39;20.83;21.1;1859220
20130410;21.23;22.02;21.1;21.84;2975914
20130411;21.66;22.5;21.51;22.42;5056348
20130412;22.14;22.35;21.92;22.11;3538040
20130415;21.99;22.13;21.22;21.25;2470160
20130416;21.56;21.7;21.23;21.64;2387962
20130417;21.31;21.35;20.49;20.68;4466739
20130418;20.84;20.99;20.1;20.15;2475680
20130419;20.16;20.32;19.57;20.17;3029646
20130422;20.17;20.62;19.57;20.58;3859343
20130423;20.8;21.32;20.63;20.8;3588617
20130424;21.06;21.6;20.86;21.44;3248583
20130425;21.47;22.26;21.45;22.02;5248991
20130426;22.03;22.3;21.05;21.42;5431623
20130429;21.66;22.35;21.31;22.05;5946344
20130430;21.92;22.12;21.69;22.07;3776237
20130501;22.17;22.18;21.37;21.57;3914848
20130502;21.72;22.03;21.61;21.95;2329861
20130503;22.24;22.61;22.12;22.36;3215505
20130506;22.49;23.34;22.46;23.04;3587848
20130507;23.01;23.09;22.5;22.68;2992975
20130508;22.68;23.08;22.62;23.01;2419057
20130509;22.91;23.4;22.81;23.26;2186852
20130510;23.2;23.78;23.2;23.69;3351802
20130513;23.68;23.8;23.43;23.56;2688511
20130514;23.54;23.78;23.49;23.68;2912509
20130515;23.55;23.95;23.5;23.95;2404863
20130516;23.77;24.08;23.54;23.6;2614216
20130517;23.81;23.91;23.58;23.89;2800449
20130520;23.76;23.89;23.55;23.73;1905215
20130521;23.73;24;23.54;23.68;2089724
20130522;23.75;23.89;22.98;23.23;2736590
20130523;22.72;23.21;22.34;23.09;3055588
20130524;22.92;22.97;22.32;22.64;2757259
20130528;23;23.16;22.71;22.86;2131116
20130529;22.74;22.76;22.41;22.58;2732100
20130530;22.94;23.73;22.86;23.64;4906415
20130531;23.62;24.58;23.51;23.86;5957220
20130603;24.04;24.15;23.38;23.57;3234320
20130604;23.54;24.01;23.28;23.6;3130067
20130605;23.44;23.55;22.93;23.13;3629107
20130606;23.24;23.29;21.9;22.66;6071485
20130607;22.63;22.75;21.84;22.4;3956623
20130610;22.46;22.58;22.14;22.17;2170851
20130611;21.87;21.97;21.29;21.34;3848331
20130612;21.5;21.59;20.62;20.72;3656311
20130613;20.94;22.09;20.87;21.98;4660392
20130614;22.34;22.34;21.73;21.77;1803229
20130617;22;22.15;21.69;21.83;1371978
20130618;21.92;22.46;21.92;22.31;2407057
20130619;22.37;22.6;22.2;22.21;3406771
20130620;21.88;22.09;21.55;21.62;3954567
20130621;21.77;22;21.35;21.8;4304660
20130624;21.54;21.57;20.95;21.16;5310884
20130625;21.44;21.63;21.11;21.4;3052627
20130626;21.71;22.06;21.55;21.76;3240883
20130627;21.95;22.16;21.45;21.6;2759440
20130628;21.42;22.08;21.33;21.89;3457374
20130701;22.1;22.27;21.86;21.92;1592608
20130702;21.86;22.15;21.46;21.58;2548129
20130703;21.51;21.99;21.44;21.81;1438032
20130705;22;22.01;21.63;21.85;1873414
20130708;21.96;22.01;20.95;20.99;3515522
20130709;21.15;21.37;20.97;21.35;3146960
20130710;21.3;21.75;21.3;21.47;2473158
20130711;21.75;21.99;21.6;21.94;2765573
20130712;21.94;22.49;21.94;22.19;2752397
20130715;22.21;22.4;21.89;21.94;3004922
20130716;21.95;22.77;21.95;22.74;3217430
20130717;22.85;23.04;22.68;22.82;2318751
20130718;22.95;23.07;22.24;22.45;6561936
20130719;24.27;24.94;23.85;23.89;15356637
20130722;23.89;24;23.4;23.93;3930320
20130723;24.11;24.37;23.92;24.25;2934249
20130724;24.5;24.84;24.32;24.51;6297856
20130725;24.4;24.58;24.19;24.41;3180237
20130726;24.24;24.27;23.75;23.95;2716756
20130729;23.72;24.08;23.55;23.6;2381702
20130730;23.63;24.05;23.6;23.77;1863020
20130731;23.75;24.25;23.51;24.04;3079041
20130801;24.2;24.85;24.13;24.74;3759776
20130802;24.52;24.71;24.3;24.61;2273738
20130805;24.53;24.78;24.53;24.65;1763225
20130806;24.57;24.66;24.11;24.26;1862677
20130807;24.02;24.21;23.61;23.63;3407662
20130808;23.77;23.91;23.5;23.64;2098330
20130809;23.57;24.03;23.57;23.75;2209230
20130812;23.75;24.45;23.75;24.25;2380718
20130813;24.25;24.82;24.06;24.74;2401219
20130814;24.75;24.8;24.46;24.68;3485813
20130815;24.36;24.58;24.04;24.41;2473240
20130816;24.36;24.73;24.33;24.5;1940756
20130819;24.44;24.85;24.43;24.49;2439661
20130820;24.55;25.19;24.53;24.85;3274126
20130821;24.73;25.02;24.62;24.77;1928111
20130822;24.82;25.29;24.78;25.09;1140185
20130823;25.36;25.36;24.8;25.16;1539191
20130826;25.13;25.39;24.99;25.21;1499437
20130827;25;25.03;24.33;24.44;3176458
20130828;24.46;25.55;24.44;25.36;3857321
20130829;25.41;26.1;25.34;25.92;3247835
20130830;26;26;25.05;25.36;3239674
20130903;25.76;26.09;25.01;25.41;3325161
20130904;25.56;25.99;25.38;25.82;2289637
20130905;25.87;26.05;25.36;25.91;1918200
20130906;26;26.05;25.45;25.72;2942378
20130909;25.89;26.18;25.76;25.99;2282199
20130910;26.22;26.46;26.02;26.33;2768839
20130911;26.2;26.2;25.53;25.58;6116758
20130912;25.62;25.75;25.28;25.4;2556978
20130913;25.38;25.63;25.12;25.27;1957668
20130916;25.59;25.64;25.23;25.31;1879349
20130917;25.44;25.89;25.4;25.68;2812557
20130918;25.75;25.91;25.52;25.77;1815153
20130919;25.88;25.91;25.54;25.63;1704117
20130920;25.68;26;25.59;25.59;3591099
20130923;26.15;26.3;25.63;25.86;3084567
20130924;25.85;26.12;25.57;25.83;2381609
20130925;25.57;25.62;24.88;25.13;3927466
20130926;25.15;25.41;24.86;25.01;2333951
20130927;24.86;25.15;24.55;24.77;2441077
20130930;24.47;25.07;24.26;24.84;2202049
20131001;24.93;25.61;24.85;25.56;3184754
20131002;25.3;25.68;25.08;25.19;2122367
20131003;25.1;25.31;24.65;24.92;2039010
20131004;25.04;25.85;24.94;25.64;2479685
20131007;25.38;25.66;25.12;25.29;1574251
20131008;25.14;25.44;24.69;24.87;2148164
20131009;24.9;24.95;24.54;24.7;1968640
20131010;24.95;25.23;24.95;25.08;2241426
20131011;25;25.16;24.88;25.05;1898146
20131014;24.82;25.27;24.76;25.21;1701342
20131015;25.18;25.3;24.81;24.85;1965787
20131016;25.07;25.24;24.92;25.19;2041791
20131017;25.07;25.09;24.54;24.6;4074459
20131018;24.71;24.94;24.31;24.92;2740318
20131021;25;25.61;24.99;25.6;2538570
20131022;25.63;25.7;25.09;25.3;2396905
20131023;24.92;24.94;23.27;23.84;7190165
20131024;23.6;23.86;23.42;23.71;4276441
20131025;23.85;24;23.74;23.86;2421922
20131028;24.07;24.38;24.02;24.24;3165379
20131029;24.42;24.64;24.36;24.61;2396731
20131030;24.62;24.74;24.27;24.48;4003436
20131031;26.3;26.3;25.6;25.8;7206675
20131101;25.86;26.13;25.82;25.97;4626465
20131104;26.14;26.15;25.77;25.81;2259068
20131105;25.68;26.01;25.46;25.81;1783556
20131106;26;26.2;25.78;26.18;2207029
20131107;26.13;26.2;25.21;25.25;3472405
20131108;25.28;25.41;25;25.35;2034382
20131111;25.21;25.28;24.88;25.15;1973941
20131112;24.98;25.76;24.97;25.56;3430419
20131113;25.53;26.07;25.44;26.01;2516345
20131114;26.03;26.25;25.94;26.07;1889980
20131115;26.07;26.2;25.88;25.93;1644606
20131118;26;26;25.29;25.33;2616101
20131119;25.68;25.8;25.05;25.12;2420941
20131120;25.12;25.89;25.11;25.67;3073870
20131121;25.8;26.67;25.67;26.57;3682302
20131122;26.27;26.65;26.27;26.51;1881003
20131125;26.59;26.75;26.22;26.72;1693429
20131126;26.47;26.7;26.33;26.48;2227565
20131127;26.44;26.65;26.3;26.61;1741805
20131129;26.63;26.78;26.51;26.59;865943
20131202;26.59;27.37;26.43;27.18;3089203
20131203;27.11;27.64;27.05;27.58;2986785
20131204;27.4;27.74;27.19;27.63;2590232
20131205;27.8;28.31;27.7;28.15;2782692
20131206;28.48;28.48;27.47;27.5;3264586
20131209;27.69;28.54;27.49;28.43;3125687
20131210;28.41;28.5;28.06;28.24;1863603
20131211;28.35;28.56;27.84;27.87;1930421
20131212;27.85;28.13;27.63;27.73;1609335
20131213;27.68;27.76;27.28;27.32;2170695
20131216;27.5;27.87;27.41;27.67;2249862
20131217;27.78;28.61;27.67;28.41;3262546
20131218;28.35;28.44;27.61;27.97;2642349
20131219;28.09;28.09;27.44;27.47;2503183
20131220;27.56;27.96;27.47;27.69;4205955
20131223;28;28.21;27.85;27.86;2338160
20131224;27.94;28.37;27.9;28.08;1287835
20131226;28.23;28.42;27.77;27.92;1774993
20131227;27.96;28.09;27.78;27.85;1479420
20131230;27.89;28.38;27.86;28.32;1573235
20131231;28.29;28.64;28.22;28.56;1593922
20140102;28.3;28.34;27.2;27.4;3534856
20140103;27.4;27.75;27.4;27.72;1974176
20140106;27.87;27.93;27.35;27.63;2180925
20140107;27.65;28;27.61;27.79;1799073
20140108;27.95;28.04;27.76;27.92;2729946
20140109;28.06;28.06;27.53;27.72;2920379
20140110;27.66;27.84;27.4;27.75;1956470
20140113;28.38;29.21;28.14;28.44;4978289
20140114;28.64;29.17;28.61;28.92;2492653
20140115;29.14;29.3;28.9;29.11;2792672
20140116;29.11;29.15;28.38;28.62;6670100
20140117;31.55;31.8;30.27;30.53;13657239
20140121;30.61;31.32;30.56;31.22;6948187
20140122;31.37;31.69;31.32;31.59;4008836
20140123;31.55;31.67;31.02;31.43;3103281
20140124;31.27;31.35;30.66;30.77;3002899
20140127;30.98;31.16;30.22;30.38;3038835
20140128;29.51;30.11;29.02;30.05;6464453
20140129;29.95;30.28;29.61;30.14;4446423
20140130;30.64;30.69;30.15;30.56;1865349
20140131;30.21;30.68;30.2;30.25;1936671
20140203;30.15;30.29;29.29;29.57;4866445
20140204;29.76;29.84;29.34;29.71;2782035
20140205;29.53;30.14;29.25;29.86;2348289
20140206;30.11;30.73;30;30.26;2566549
20140207;30.41;30.69;30.35;30.47;1617969
20140210;30.57;31.06;30.5;30.7;2131702
20140211;30.81;31.59;30.66;31.09;3382245
20140212;31.31;32.13;31.3;32.12;3846157
20140213;31.99;32.19;31.75;32.11;2927643
20140214;32.1;32.2;31.83;32;1813355
20140218;32.14;32.15;31.57;31.8;2682262
20140219;31.68;31.8;31.27;31.32;2468019
20140220;32;33.4;31.9;33.32;8262415
20140221;33.44;33.44;32.69;32.72;3552614
20140224;33.7;34.45;33.3;34.4;7786308
20140225;34.49;34.6;33.58;33.76;4152612
20140226;33.7;35.05;33.7;35.02;4803711
20140227;34.88;35.13;34.5;34.95;3528286
20140228;34.84;35.98;34.83;35.46;5197808
20140303;35.31;36.3;34.86;36.2;5168855
20140304;36.62;36.98;36.08;36.75;5712677
20140305;36.83;36.97;36.54;36.8;2752521
20140306;37.03;37.31;36.83;37;3119122
20140307;37.22;37.24;36.41;36.65;2843498
20140310;36.43;36.95;36.12;36.5;1871986
20140311;36.65;36.77;36.03;36.23;2538653
20140312;36.22;37.48;36.05;37.32;4157962
20140313;37.43;37.69;36.52;36.83;3270414
20140314;36.6;37.05;36.6;36.68;2514402
20140317;36.82;37.08;36.68;36.88;1963417
20140318;37.2;37.59;36.88;37.49;1714287
20140319;37.42;38.14;37.31;37.69;2169628
20140320;37.69;39.34;37.6;39.27;4667520
20140321;39.22;39.33;37.48;37.55;5640475
20140324;37.84;38.16;37.04;37.38;3035209
20140325;37.81;38.26;37.58;37.72;1975840
20140326;37.88;38.2;36.67;36.74;3192969
20140327;37.42;37.44;36.54;36.91;2440143
20140328;37.14;37.24;36.78;36.94;1812796
20140331;37.32;37.98;37.3;37.52;2785048
20140401;37.52;37.83;36.94;37.61;3787234
20140402;37.73;37.82;37.13;37.58;2693996
20140403;37.58;38.3;37.44;37.67;2066564
20140404;37.99;38.15;35.77;35.9;3838952
20140407;35.6;36.47;35.1;35.72;3544654
20140408;35.78;36.38;35.48;36.02;2235906
20140409;36.54;37.05;36.28;36.89;2312380
20140410;36.82;36.97;35.44;35.51;2378207
20140411;35;35.76;34.3;34.9;2377328
20140414;35.23;35.67;34.9;35.33;2351889
20140415;35.36;35.92;34.98;35.76;2958499
20140416;35.92;35.92;34.96;35.81;3119216
20140417;35.57;36.52;35.56;36.08;2833617
20140421;36.53;37.13;36.19;37.02;3951377
20140422;37.21;37.97;36.87;37.96;6631585
20140423;41.5;41.97;40.36;41.5;11148717
20140424;41.63;42.49;41.23;42.16;4799562
20140425;41.51;42.15;41;41.46;3114614
20140428;41.9;42.3;40.35;41.38;4050108
20140429;41.63;41.85;40.97;41.03;3520438
20140430;41.03;41.47;40.86;41.05;3254496
20140501;41.2;41.93;40.95;41.25;2442381
20140502;41.45;41.65;40.91;41.43;1953575
20140505;41.38;42.15;41.01;41.97;2196893
20140506;42.06;42.16;41.27;41.37;2325364
20140507;41.51;41.54;39.95;41.05;3137177
20140508;40.99;42.45;40.67;41.44;3117955
20140509;41.14;41.49;40.69;41.35;1862706
20140512;41.58;42.97;41.55;42.72;3196714
20140513;43;44.17;42.42;42.52;3509529
20140514;42.5;42.6;41.84;41.92;2482165
20140515;41.84;41.99;40.08;40.84;4787559
20140516;40.76;40.87;40.14;40.75;2621110
20140519;40.7;41.54;40.66;41.11;2447902
20140520;41;41.08;40.25;40.53;2646638
20140521;40.77;41.39;40.69;41.26;1865272
20140522;41.53;41.88;41.21;41.24;1911199
20140523;41.23;41.97;40.94;41.79;2126215
20140527;42.18;42.38;41.85;42.18;1909177
20140528;42.32;42.45;41.8;42.24;2506740
20140529;42.41;43.2;42.33;42.91;2733521
20140530;43;43.63;42.87;43.31;3096294
20140602;43.91;44.78;42.9;43.07;2506762
20140603;44.65;45.89;44.25;45.65;7168596
20140604;45.5;46.79;45.5;46.76;4015422
20140605;46.84;46.97;46.03;46.48;3104414
20140606;46.69;46.94;46.16;46.81;2775590
20140609;47.06;47.36;46.6;46.69;2906150
20140610;46.71;46.96;45.88;46.88;3484252
20140611;46.98;48.32;46.93;47.81;4093497
20140612;47.63;48.17;46.69;46.92;3414745
20140613;47.2;47.85;47.03;47.19;2360592
20140616;47.05;47.61;46.77;47.37;2527479
20140617;47.24;48.57;47.16;47.95;3381834
20140618;48.14;48.14;47.33;47.53;2010630
20140619;47.57;47.9;46.93;47.48;2137859
20140620;47.66;48.5;47.46;48.34;2892213
20140623;48.86;49.1;47.68;47.89;2608553
20140624;48.04;48.15;46.42;46.81;3670546
20140625;46.8;46.93;45.26;46.79;4192373
20140626;47.13;47.15;45.75;46.36;2553975
20140627;46.16;46.33;45.76;46.06;4653795
20140630;46.29;47.05;46.29;46.96;3070434
20140701;47.27;48.28;47.27;47.73;3675217
20140702;47.55;48;47.23;47.62;1997338
20140703;47.9;48.21;47.59;48.09;1522151
20140707;48;48.59;47.31;47.39;2684081
20140708;47.2;47.38;46;47.17;3412843
20140709;47.04;47.79;46.63;47.67;2450494
20140710;46.15;47.26;45.5;46.85;3531075
20140711;46.64;47.35;46.59;47.23;1977148
20140714;47.57;47.86;47.11;47.46;1908114
20140715;47.51;47.75;46.83;47.55;2587995
20140716;47.81;48.2;47.41;47.78;3490544
20140717;47.66;47.87;46.21;46.34;6421808
20140718;50.11;53.45;49.67;52.87;18366515
20140721;52.7;54.5;52.62;54.24;6952279
20140722;54.3;54.4;53.56;54.22;4442134
20140723;54.24;54.26;53.41;53.45;3669862
20140724;53.4;53.76;52.41;52.65;3867006
20140725;52.68;52.7;51.36;51.44;4108830
20140728;51.67;52.34;50.75;52.18;3611630
20140729;52.26;52.97;52.06;52.14;2960757
20140730;52.41;52.76;51.68;52.17;2416987
20140731;51.5;51.76;50.27;50.76;3666913
20140801;50.29;52.34;50.27;52.07;3999719
20140804;52.37;52.53;51.42;52.12;2720376
20140805;51.67;52.2;51.32;51.89;2505464
20140806;51.75;52.49;51.73;52.15;2417052
20140807;52.4;52.75;50.88;51.13;3037512
20140808;51.12;51.35;50.47;51.27;3131870
20140811;51.99;52.72;51.6;52.12;2425577
20140812;52.6;52.66;51.51;52.41;2215899
20140813;52.42;54.05;52.36;54.01;3865534
20140814;54.12;54.31;53.12;53.5;2771597
20140815;53.97;54.88;53.5;54.39;2909570
20140818;54.68;54.78;53.5;54.3;2754939
20140819;54.32;55.64;54.3;55.38;2574483
20140820;55.01;56.08;55.01;55.82;1820355
20140821;55.87;55.99;55.09;55.26;1847778
20140822;55.42;55.45;54.51;55.15;2223057
20140825;55.6;55.66;54.61;54.76;2225206
20140826;54.87;54.89;53.88;54.7;2335307
20140827;55.02;55.13;53.99;54.86;1858762
20140828;54.49;55.66;54.18;55.54;1843499
20140829;56.12;56.94;56.1;56.66;3071231
20140902;57.16;57.18;56.11;56.29;3327364
20140903;56.32;56.56;54.76;55.49;3586930
20140904;55.65;56.16;54.7;54.94;2595751
20140905;54.9;56.3;54.88;56.28;2561108
20140908;56.49;56.74;56;56.52;2193518
20140909;56.59;56.76;55.62;55.63;2341535
20140910;55.63;56.19;54.8;56.01;2099830
20140911;55.55;56;55.19;55.84;1752376
20140912;55.83;55.93;54.82;55.02;2518984
20140915;55.02;55.44;53.71;54;3016441
20140916;53.76;55.9;53.53;55.82;3092655
20140917;55.66;56.24;55.36;55.88;2025922
20140918;56.52;57.98;56.25;57.8;3539404
20140919;58.12;58.48;56.61;57.68;5958880
20140922;57.69;58.44;56.55;56.77;3069997
20140923;56.43;57.33;56.07;56.9;2296594
20140924;57.24;58.87;57.06;58.84;3141755
20140925;58.79;59.25;57.32;57.52;2998964
20140926;57.89;58.75;57.59;58.41;2435866
20140929;57.71;58.79;57.51;58.53;1825503
20140930;58.64;58.76;57.67;58.05;2621210
20141001;57.69;57.8;52.57;53.31;10660807
20141002;53.68;54.28;51.63;53.62;6320915
20141003;54.24;55.91;54.13;55.25;4518702
20141006;55.89;55.93;53.2;54.1;3781388
20141007;53.6;53.6;52.3;52.41;4429809
20141008;52.36;54.4;51.41;54.26;4041018
20141009;54.03;54.25;52.15;52.23;2926148
20141010;50.1;50.13;44.06;47.01;12384008
20141013;47.43;47.55;45.1;45.32;7259581
20141014;48.28;50.99;47.5;48.91;12935935
20141015;47.55;50.46;47.25;49.61;7577876
20141016;48.38;52;48.38;51.53;6961995
20141017;52.75;53.16;50.7;51.06;4906275
20141020;50.89;51.97;50.45;51.86;3536299
20141021;53.32;54.71;53;54.7;4658871
20141022;55;55.23;53.56;53.69;3353643
20141023;54.5;55.94;54.28;55.34;3934545
20141024;55.14;55.5;54.56;55.04;3007968
20141027;54.64;55.11;54.21;54.86;2649325
20141028;54.99;55.85;54.66;55.81;3358494
20141029;55.37;57.36;55.37;57.32;3105694
20141030;56.94;57.35;55.31;56.04;3529280
20141031;57.53;58.37;57.4;58.24;3686116
20141103;58.47;60.65;58.26;60.23;5158237
20141104;60.04;60.71;59.5;60.42;3898454
20141105;60.75;61.29;60;60.88;4500870
20141106;61;62.34;60.33;62.14;6192206
20141107;62.85;63.39;56.68;59.88;11115819
20141110;60.24;61.54;60.08;60.97;4277487
20141111;61;61.09;60.24;60.97;2705382
20141112;60.9;61.8;60.76;60.99;3438572
20141113;61.07;61.74;60.33;60.71;3186167
20141114;60.89;63.2;60.4;62.8;5876406
20141117;62.74;62.95;61.23;62.15;3711544
20141118;62.2;63.97;62.18;63.9;4050735
20141119;63.85;63.99;62.66;63.81;3144009
20141120;63.2;64.91;62.81;64.66;3036882
20141121;65.14;65.35;64.05;64.36;3148023
20141124;64.68;66;64.5;65.73;2686622
20141125;66.38;66.5;64.94;65.47;10064917
20141126;65.68;68;65.68;67.9;3950859
20141128;67.9;68;67.08;67.47;1774302
20141201;67.26;67.35;64.33;65.77;4437650
20141202;64.84;66.25;64.03;65.8;4766915
20141203;66.02;66.84;65.04;66.67;3870029
20141204;68;70.14;67.22;69.75;6626585
20141205;70.15;71.09;69.34;70.36;3988456
20141208;70.01;70.94;68.14;69.15;3816900
20141209;66.87;69.81;65.63;69.22;3000118
20141210;69.76;70.68;68.31;68.52;3454235
20141211;68.9;71.34;68.76;70.08;3375104
20141212;69.01;70.27;69.01;69.1;2384744
20141215;69.94;70.25;67.7;68.51;3576412
20141216;67.84;69.81;67.27;68.12;2881250
20141217;68.63;70.91;67.5;70.82;2825993
20141218;73;73.19;71.85;73.19;3716366
20141219;73.57;73.73;71.59;72.7;4409197
20141222;72.95;74.82;72.2;74.42;2627142
20141223;74.84;74.97;73.22;73.4;2596746
20141224;73.83;74.55;73.56;74.32;922816
20141226;74.37;74.67;73.94;74.49;1398563
20141229;72.84;73.4;71.06;73.17;3932189
20141230;72.72;73.29;72.6;72.86;1673324
20141231;73.23;74.51;72.7;72.71;2012871
20150102;73.6;73.92;72.12;73.32;2852390
20150105;73.1;73.4;72.05;72.13;2924525
20150106;72.2;72.55;68.71;69.83;4755862
20150107;71.47;71.89;70.31;70.98;2896229
20150108;72;74.74;71.75;74.2;3773010
20150109;74.74;74.76;72.51;74.08;2865436
20150112;74.15;74.25;71.61;72.32;2739044
20150113;74;74.8;72.1;72.84;3039598
20150114;71.37;72.67;70.6;71.6;3062237
20150115;72.02;72.96;70.81;71.33;2734652
20150116;71.06;74;71.03;73.85;3080719
20150120;74.65;75.9;74.47;75.56;3621439
20150121;75.6;77.34;75.02;77.3;3158254
20150122;77.8;79.42;75.57;79.33;6670132
20150123;78.41;82.78;78.26;80.86;7677459
20150126;80.86;82.5;79.65;82.48;3533830
20150127;81.24;82.5;81.11;81.52;3332553
20150128;83.5;83.95;81.65;81.83;4507284
20150129;82.22;84.55;81.4;84.19;4108249
20150130;84;84.95;82.95;83.05;3505662
20150202;83.07;83.73;80.15;82.02;4119001
20150203;81.89;82.9;80.72;82.27;2789965
20150204;81.43;82.85;81.38;82.3;2420170
20150205;82.6;82.6;80.52;81.4;3303044
20150206;81.38;83.04;80.69;81.44;2928754
20150209;80.63;80.87;77.2;79.08;5478454
20150210;80.12;81.76;78.86;81.64;3230211
20150211;82.06;82.73;81.2;82.36;2444915
20150212;83.08;83.25;81.46;82.42;2251329
20150213;82.94;82.98;80.84;81.85;2637773
20150217;81.68;82.98;81.45;82.74;1866990
20150218;82.87;82.97;81.91;82.56;1651907
20150219;82.47;83.33;82.19;83.06;1745593
20150220;82.81;84.4;82.81;84.3;2346006
20150223;84.89;86.09;84.15;86.01;3430063
20150224;86;88.27;84.9;88.18;3797214
20150225;88.25;88.93;87.28;87.73;3104877
20150226;88.45;89.69;87.32;88.58;3980996
20150227;88.94;89.38;87.32;87.75;2193527
20150302;88.24;91.21;88.12;91.13;3456635
20150303;90.96;91.22;88.61;88.74;4561110
20150304;88.52;90.2;87.65;90.16;2872007
20150305;90.55;91.84;90.28;91.55;3004539
20150306;91.47;91.82;89.82;90.75;3406889
20150309;90.95;92.43;90.65;92.12;2618306
20150310;92.76;92.99;90.14;91.2;5344368
20150311;92.13;93.35;91.83;92.2;40723116
20150312;92.26;93.16;91.68;92.86;3997980
20150313;92.59;93.48;92.14;92.92;3659191
20150316;93.23;96.86;93.23;96.78;4697585
20150317;96.51;97.45;95.14;97.31;3404141
20150318;96.83;97.7;95.35;97.12;3710833
20150319;97.45;99.78;97.25;99.57;4131618
20150320;100.14;102.2;99.75;102.05;4122700
20150323;102.25;102.77;101.68;101.76;3600442
20150324;101.94;102.71;100.36;101.46;3644486
20150325;101.24;101.46;94.02;95.57;10500008
20150326;91.97;93.47;88.25;93.04;13850746
20150327;93.59;99.53;93.55;98.83;9735671
20150330;100.09;101.1;99.11;100.13;4715410
20150331;99.57;100.59;98.02;98.29;3861148
20150401;97.98;98.3;94.77;96.84;4613291
20150402;97.11;97.64;96.01;96.51;3025664
20150406;94.14;96.12;93.61;95.47;3263793
20150407;95.53;97.7;95.25;96.78;3088045
20150408;96.65;97.7;96.08;97.47;2974678
20150409;97.24;99.94;97.06;99.84;3253064
20150410;99.87;100.43;98.8;99.64;2127956
20150413;99.5;100.57;98.39;98.58;2450045
20150414;98.24;98.47;94.57;95.64;4966499
20150415;96.7;97.39;95.53;96.23;3041336
20150416;95.55;96.39;95.06;95.68;2606784
20150417;94.76;94.9;93.25;94.28;3517314
20150420;94.99;96;94.61;94.93;2304906
20150421;96.05;96.29;94.91;95.42;2075708
20150422;95.79;96.99;94.8;96.83;2454282
20150423;95.46;96.45;95.1;95.82;1914006
20150424;95.74;95.81;92.1;93.39;4133853
20150427;93.81;96.22;93.55;94.55;3831298
20150428;95.28;95.49;90.68;94.55;4526161
20150429;93.26;94.21;92.3;93.59;3534536
20150430;94.15;94.75;91.34;92.25;5306384
20150501;95.87;98.33;94.2;98.3;7376272
20150504;98.94;99.47;97.57;99.11;4707802
20150505;98.49;98.74;94.62;94.63;4777723
20150506;95.19;95.49;92.33;94.57;4255068
20150507;96;97.35;95.93;97.07;3199379
20150508;97.87;98.5;97.41;97.71;3028125
20150511;97.74;97.74;96.31;97.16;2035065
20150512;96.33;97.4;95.91;96.79;2022210
20150513;97.05;97.99;96.49;96.65;1618139
20150514;97.46;98.9;96.97;98.48;2222509
20150515;98.71;99;97.31;97.56;2019718
20150518;97.83;103.75;97.67;103.03;6081111
20150519;103.75;105.99;103.32;103.99;5683165
20150520;104.55;105.15;103.13;103.74;2683905
20150521;104.43;104.49;102.75;103.89;1947029
20150522;104.15;106.83;104.15;104.69;2966789
20150526;104.7;104.77;102.96;103.72;2204121
20150527;104.06;108.71;104.06;108.63;4782231
20150528;108.59;110.39;106.95;107.65;3731997
20150529;108.57;109.86;107.72;109.36;3632602
20150601;110.38;111.6;109.18;109.45;2943457
20150602;109.55;109.57;107.65;108.12;2338013
20150603;108.46;108.9;105.34;105.39;3723405
20150604;104.43;106.95;103.61;105.62;3655095
20150605;105.01;106.09;103.67;105.74;3529559
20150608;106.54;106.75;102.2;102.32;3547969
20150609;101.58;102.74;98.07;102.24;6186667
20150610;103.44;105.97;103.28;105.54;3554150
20150611;105.85;106.54;104.93;105.63;2529083
20150612;104.49;105.71;103.98;104.95;1672193
20150615;104.04;106.28;102.84;106.11;2465791
20150616;105.59;107;105.25;106.33;1899506
20150617;106.34;107.03;105.56;106.57;1943413
20150618;107.07;110.21;107.07;109.98;3606496
20150619;110.77;112.88;109.43;110.2;4114289
20150622;110.72;112.23;109.54;110.92;2253908
20150623;111.52;111.6;109.03;110.28;1886429
20150624;108.6;109.73;108.07;108.4;1982113
20150625;109.09;110.9;108.55;109.87;1923225
20150626;109.5;109.65;106.13;106.9;4270663
20150629;102.89;105.8;100.33;102.04;6050466
20150630;104.13;105.1;102.6;104.1;3931240
20150701;106;106.74;103.6;103.91;2395248
20150702;104.68;105;103.42;104.85;1805596
20150706;103.13;104.15;101.25;101.94;2944653
20150707;101.34;101.43;94.21;100.49;8426431
20150708;97.4;98.48;94.7;95.6;7241886
20150709;98.16;98.66;93.27;94.51;6788789
20150710;97.05;101.05;96.51;100.2;5566393
20150713;102.93;103;99.56;100.49;4039731
20150714;101.18;102.4;100.13;102.03;2451058
20150715;102.26;102.37;100.29;100.9;1934583
20150716;101.48;102.53;100.11;102.37;2381550
20150717;102.9;103.32;101.5;102.91;2310056
20150720;104.19;105.41;102.98;103.14;3133802
20150721;103.13;104.14;102.07;103.97;2551790
20150722;97.47;100.13;96;99.64;6546728
20150723;102.49;105;100.5;103.12;5896534
20150724;106.43;106.5;97.44;97.71;10488695
20150727;96.1;96.3;92.26;93.49;6172730
20150728;94.82;96.53;93.21;95.68;3631263
20150729;95.74;96.1;93.65;95.19;3355421
20150730;95.19;97.05;93.56;96.76;4306320
20150731;96.83;97.22;95.18;95.67;7096726
20150803;95.17;95.75;91.63;92.78;5236206
20150804;90.89;91;85.07;88.69;12171326
20150805;86.63;90.57;86.63;88.96;4794161
20150806;89.99;89.99;84.33;85.98;6850733
20150807;85.25;88.4;85.01;88.36;5157998
20150810;89.9;91.45;88.58;91.03;4561492
20150811;88.53;91.14;87.68;88.97;4769907
20150812;86.88;90.59;86.5;89.9;4220432
20150813;90.12;91.53;89.42;89.64;2666155
20150814;89.04;89.38;87.6;89.1;2824967
20150817;88.59;91;88.16;90.93;2577166
20150818;90.8;90.9;85.15;85.7;5824293
20150819;86.54;88.22;85.35;87.23;5614964
20150820;85.89;86.88;82.42;82.44;5447557
20150821;80.17;82;78.22;79.07;7272181
20150824;71.01;84.8;70.8;80.51;12093517
20150825;85.38;86.65;80.31;80.56;5995581
20150826;83.52;86.28;81.56;86.15;5399076
20150827;88.94;90.08;86.62;89.77;5726405
20150828;88.37;89.97;87.57;88.62;3834721
20150831;87.87;89.79;87.29;87.35;3063328
20150901;84.48;86.33;82.4;83.05;4780330
20150902;85.45;85.74;83.51;85.74;2930134
20150903;86.31;87.44;85.04;85.34;2269133
20150904;84.03;85.55;83.08;83.37;2880701
20150908;85.74;87.9;84.87;87.73;3614367
20150909;88.8;89.77;86.17;86.42;3767207
20150910;86.99;89.43;86.51;88.07;3930851
20150911;87.4;88.64;86.55;88.16;2176599
20150914;90.06;90.67;89.09;89.5;3049501
20150915;89.82;91.86;89.7;91.66;3282921
20150916;91.64;91.88;90.13;91.52;2552813
20150917;91.17;92.63;90.23;90.74;2380581
20150918;89;90.84;88.64;89.37;3298719
20150921;90.22;91.09;88.58;89.22;2072954
20150922;87.58;88.48;86.3;86.7;3518398
20150923;86.73;89.04;86.17;88.12;2852033
20150924;87.31;87.79;84.43;86.35;4603898
20150925;88.6;89.72;86.5;87.77;3723654
20150928;87.43;88.11;82.67;82.71;3423041
20150929;82.5;84.99;82;82.85;3479905
20150930;84.11;85.25;82.73;84.21;3926216
20151001;83.98;84.03;81.51;83.37;4801510
20151002;81.89;84.08;81.11;84.06;3592397
20151005;84.49;84.75;81.8;81.87;4257148
20151006;81.84;82.49;74.51;80.71;15091109
20151007;81.16;83.65;79.84;83.61;5818296
20151008;82.91;83.04;77.3;79.43;7537274
20151009;79.56;80.26;78.45;79.5;3301764
20151012;79.93;80.5;78.86;79.59;2655135
20151013;78.99;79.55;77.39;77.47;3186919
20151014;77.19;78.82;75.84;77.82;4586520
20151015;78.72;80.75;78.41;80.24;4519077
20151016;80.27;80.29;78.71;79.6;2485711
20151019;79.15;79.91;77.41;77.83;2587562
20151020;77.47;78.55;76.74;78.29;3171976
20151021;78.71;79.24;77.59;77.67;3327561
20151022;78.97;81.72;78.7;81.69;4254819
20151023;82.75;83.18;81.39;82.55;2976557
20151026;81;81;77;77.91;5660585
20151027;77;79.17;75.51;76.31;4922836
20151028;77.9;79.02;76.45;77.5;6349478
20151029;74.77;76.39;74.01;74.63;4783267
20151030;75.07;77.7;74.69;77.24;4138679
20151102;77.28;79.56;77.17;79.3;3297363
20151103;79.01;79.36;77.5;79.08;3200225
20151104;79.67;80.34;78.87;80.18;3423486
20151105;80.93;81.2;78.82;80.28;5120350
20151106;84.04;86.92;83.11;85.99;7145545
20151109;85.85;85.85;83.81;84.89;4468253
20151110;81.15;81.35;79.75;80.37;5691355
20151111;81.67;81.75;79.04;79.1;3350375
20151112;78.78;78.8;75.8;75.84;4735862
20151113;75.71;76.25;74.16;74.83;3278341
20151116;74.6;75.64;73.65;75.28;3238250
20151117;75.47;77.79;75.33;77.15;3131683
20151118;77.63;80.54;77.19;80.41;4021311
20151119;80.2;80.24;77.16;78;2914205
20151120;78.56;79.4;77.65;78.57;2368282
20151123;78.91;78.91;77.51;77.72;1616911
20151124;78.25;80.1;77.81;79.72;3537615
20151125;79.93;80.48;79.02;80.31;3182987
20151127;80.63;82.13;80;81.9;1556839
20151130;81.89;83.19;80.77;83.02;3607084
20151201;83.63;84.49;83.28;83.76;3725047
20151202;83.95;85.78;83.3;84.63;3429774
20151203;86.71;87.1;83.13;83.44;4183687
20151204;83.24;88.52;82.13;87.92;5119096
20151207;87.92;87.99;86.17;86.69;2867920
20151208;85.43;87.77;84.5;87.1;3000363
20151209;86.53;86.74;83.92;84.68;4055055
20151210;84.51;86.18;84.17;84.89;2573662
20151211;83.07;83.56;80.81;81.43;4162728
20151214;79.64;79.99;76.45;78.5;6047213
20151215;78.18;78.78;76.85;77.78;4571332
20151216;78.25;79.46;77.13;78.97;3020748
20151217;79.82;80.63;77.76;77.8;2298624
20151218;77.23;78.44;76.15;76.38;3788177
20151221;77.5;78.42;76.4;78.42;2287394
20151222;78.81;79.11;76.71;78.41;2586166
20151223;78.86;79.86;77.66;79.17;1919692
20151224;79.17;80.48;79;79.32;1022734
20151228;78.81;79.9;77.57;79.31;3210343
20151229;79.43;81.35;79.08;80.43;2437690
20151230;80.18;80.93;79.15;79.19;1368825
20151231;78.91;79.25;76.8;76.83;2341330
20160104;75.01;78;74.91;77.93;3848005
20160105;78.04;78.12;72.78;73.29;6008270
20160106;71.55;72.06;68.33;69.15;8047303
20160107;66.6;70.28;66.1;67.16;7120079
20160108;68.56;69.12;66.55;66.89;7170980
20160111;67.18;68;64.93;66.05;5140186
20160112;66.72;67.81;65.06;66.63;3352393
20160113;64.2;65.66;61.9;62.16;7247222
20160114;62.01;65.14;60.07;64.54;5674198
20160115;61.1;62.45;59.92;60.67;6045114
20160119;62.38;63.34;59.87;60.38;4928361
20160120;59.37;62.31;58.5;61.62;5997313
20160121;62.23;64.73;61.52;63.29;4253051
20160122;65;67.42;64.97;67.03;5714318
20160125;66.85;66.92;65.49;65.59;3068996
20160126;65.75;67.04;64.99;65.8;2789449
20160127;65.68;66.46;61.71;62.14;5848291
20160128;62.77;64.9;62.61;64.79;7098877
20160129;68.82;69.77;66.22;68.92;8200661
20160201;68.18;70.39;67.52;69.62;4726274
20160202;69.07;69.2;66.38;66.48;3834888
20160203;67.8;68.79;64.88;66.19;4894048
20160204;66.58;66.79;65.12;66;4337281
20160205;64.87;65.85;61;62.16;6333707
20160208;60.81;61.19;58.23;59.3;5708661
20160209;58.24;60.08;57.46;57.7;4610779
20160210;58.68;59.76;57.01;57.2;3450110
20160211;56.1;56.97;54.5;55.85;6580130
20160212;57.06;57.96;56.01;57.63;3899524
20160216;59.27;62.44;59.14;61.44;4853515
20160217;61.82;64.88;61.57;63.71;4505680
20160218;64.43;64.49;61.1;62.07;2995938
20160219;61.51;63.5;61.29;63.03;3374735
20160222;63.6;65.19;63.29;64.29;3207155
20160223;63.74;63.76;62.07;62.62;2455727
20160224;61.58;63.86;61.11;63.71;2673219
20160225;63.53;64.56;62.59;64.55;2550012
20160226;65.08;65.4;64.43;64.9;2227082
20160229;65.88;68.79;65.54;66.45;5593641
20160301;67.62;70.42;67.03;70.4;4636584
20160302;69.94;70.85;68.45;68.98;3967780
20160303;68.42;70.49;68.3;70.1;4119292
20160304;71.18;75.11;70.33;73.01;7334848
20160307;72.16;74.73;71.81;72.92;4225457
20160308;72;72.1;69.25;69.91;4802428
20160309;70.32;71.91;69.96;71.02;3002489
20160310;71.5;72.36;68.58;69.97;3640525
20160311;70.83;72.8;70.62;72.77;3359207
20160314;72.17;73.21;71.52;72.79;3010484
20160315;73.52;74.4;72.35;73.61;3822398
20160316;73;75.05;72.9;75;4198958
20160317;74.26;75.16;73.08;74.92;5458909
20160318;75.41;77.13;74.86;77.02;4479673
20160321;76.68;77.24;75.43;77.21;2554432
20160322;76.1;77;75.61;76.89;2425316
20160323;76.45;76.72;75.83;76.3;2946051
20160324;75.57;76.24;75.01;76.2;2286612
20160328;76.44;77.18;75.72;76.92;2114809
20160329;74.51;76.88;73.61;76.47;4270034
20160330;76.99;78.22;76.8;77.85;2690120
20160331;77.61;78.29;77.31;77.9;2950156
20160401;77.16;78.23;76.32;78.18;2015674
20160404;78.36;78.46;76.44;77.5;2054273
20160405;76.45;77.38;76.14;77.07;2075133
20160406;76.87;78.45;75.22;78.21;2532024
20160407;77.58;77.72;76.57;77.31;4515614
20160408;78;78.11;76.6;77.36;4375290
20160411;77.73;78;76.02;76.07;2003543
20160412;76.23;76.35;73.66;74.64;3768372
20160413;75.26;77.22;75;77.07;2004727
20160414;75.89;76.9;74.59;76.77;2422511
20160415;76.64;77.16;74.95;75.06;3255556
20160418;74.4;75.21;73.9;74.74;2340154
20160419;75.15;75.15;71.88;72.23;3745298
20160420;71.84;73.51;70.89;72.84;3110214
20160421;72.59;72.79;71.07;71.69;2909302
20160422;71.58;72.15;70.56;71.5;2645134
20160425;71.03;71.47;70.01;70.72;2589414
20160426;71.34;72.5;71.03;71.7;2557137
20160427;68.68;72.84;68.48;72.32;6350460
20160428;71.88;73.59;71.31;71.78;4429223
20160429;70.42;72.01;66.04;66.82;8591989
20160502;66.77;67.28;65.7;67.12;3873318
20160503;66.94;67.39;66.54;67.02;3413557
20160504;66.49;67.01;64.78;65.23;2505886
20160505;66.12;66.19;64.25;64.35;2815551
20160506;64.2;64.65;62.62;64.63;3016322
20160509;64.42;65.57;64.42;65.05;2494293
20160510;64.9;65.11;63.75;64.86;2398645
20160511;64.66;65.31;64.35;64.59;2168599
20160512;64.85;64.95;60.92;61.66;5182256
20160513;60.97;62.24;60.43;60.75;4892430
20160516;61.11;62.86;60.96;62.42;3261553
20160517;62.13;63.58;61.94;62.31;3119249
20160518;62.1;64.36;62.01;63.57;2633155
20160519;63;63.84;61.83;62.8;2578672
20160520;63.47;64.8;62.91;64.56;2237159
20160523;65.85;67.46;65.76;65.81;3368119
20160524;66.07;66.67;65.85;66.46;2768025
20160525;66.45;66.78;65.11;66.27;2389482
20160526;66;66.8;65.89;66.17;1699697
20160527;65.93;66.55;65.81;66.5;1128047
20160531;66.32;67.1;66.3;66.76;1756841
20160601;66.37;67.64;66.37;67.27;2039751
20160602;67.03;67.56;66.26;66.58;2172276
20160603;67.74;68.5;66.27;66.94;3682635
20160606;66.94;67.26;66.06;66.11;1938338
20160607;66.39;68.96;66.17;68.67;3066195
20160608;68.53;68.98;67.71;68.38;2093035
20160609;66.5;68.09;66.35;67.97;2504938
20160610;66.91;67.08;65.42;65.55;2416971
20160613;65.02;66.13;64.82;64.96;1252998
20160614;64.75;65.19;64.01;65.01;1570210
20160615;65.19;65.51;64.76;64.99;1597124
20160616;64.25;64.94;63.36;64.78;1734401
20160617;64.74;64.74;63.31;63.97;2401411
20160620;64.95;66.62;64.74;65.95;3590147
20160621;66.14;67.1;65.34;65.46;1638437
20160622;65.41;66.77;65.29;65.35;1833720
20160623;66.23;67.23;65.83;67.21;1462904
20160624;64;65.09;61.37;61.61;3913497
20160627;60.16;60.8;57.11;58.01;5201846
20160628;59.29;60.77;59.13;60.26;3095503
20160629;61.08;62.23;60.75;61.73;2156164
20160630;62.03;63.31;61.68;63.28;3375732
20160701;62.48;63.22;61.87;62.6;2110214
20160705;60.67;60.74;58.08;58.82;3668120
20160706;58.25;59.26;57.19;59.16;3848006
20160707;59.39;61.2;59.34;60.89;2860688
20160708;61.67;63.15;61.52;62.91;2299126
20160711;63.6;65.2;63.57;64.64;2179220
20160712;65.49;66.42;65.21;65.8;2076660
20160713;66.44;66.48;65.08;65.35;1940294
20160714;66.31;67.6;65.48;67.39;2089231
20160715;67.72;67.74;67.02;67.39;1791446
20160718;68.18;68.95;67.71;68.7;1951383
20160719;68.33;68.55;67.81;68.33;1464367
20160720;68.47;69.8;67.96;69.49;3220759
20160721;70;71.33;69.76;70.92;5387437
20160722;66.74;67.15;62.4;64.81;12772246
20160725;64.99;65.52;64.68;64.94;4223741
20160726;65.36;66.38;64.05;65.87;4316855
20160727;68.14;68.19;66.22;66.47;4701466
20160728;66.17;66.59;65.2;66.47;2332068
20160729;66.48;66.7;65.5;66.02;1576995
20160801;65.92;66.87;65.8;66.14;2073405
20160802;65.57;65.96;64.43;65.04;2304121
20160803;63.33;65.03;63.3;64.39;3477207
20160804;64.45;65.26;64.02;65.16;3069764
20160805;65.59;66.57;65.14;66.55;2178465
20160808;66.57;67.22;65.72;65.94;1236290
20160809;66.45;67.64;66.33;67;1725275
20160810;67.03;67.04;65.7;66.41;1385441
20160811;66.38;67.58;66.22;67.41;1580804
20160812;67.45;67.85;67.01;67.53;1452201
20160815;67.61;69.59;67.55;69.5;2218252
20160816;69.35;69.81;68.6;69.6;2404305
20160817;69.7;70.42;69.2;70.19;3107157
20160818;70.48;72.06;70.29;71.8;3744935
20160819;71.56;73.4;71.56;72.29;3110033
20160822;72.34;72.89;71.94;72.62;1735799
20160823;73.13;73.9;72.89;73.78;1771657
20160824;73.95;74.31;72.98;73.29;2138832
20160825;73.16;74.75;73.11;74.33;2791263
20160826;74.35;75;73.74;74.84;2630334
20160829;74.79;75.65;74.5;75.22;2021934
20160830;74.4;75.79;73.84;74.2;3899207
20160831;74.13;75.24;73.9;74.86;2114706
20160901;74.79;75.19;74.21;75.09;2095130
20160902;75.25;75.43;74.21;74.62;1509550
20160906;74.29;74.52;72.25;73.01;4263577
20160907;73.18;73.77;71.57;72.05;3401154
20160908;71.93;71.94;70.84;71.43;3039400
20160909;70.51;70.69;66.06;66.76;7590724
20160912;66;68.58;65.76;68.34;4484140
20160913;68.5;70.45;68.25;69.36;4815760
20160914;69.73;72.43;69.51;72.4;5309118
20160915;73;77.25;72.98;77.02;7857983
20160916;77.15;77.24;75;76.07;5447708
20160919;76.74;77.88;75.79;76.09;2554484
20160920;76.3;76.36;75.02;75.72;2729242
20160921;76.19;77;75.7;76.74;2552409
20160922;77.28;77.44;76.37;76.9;1736463
20160923;76.68;76.91;74.06;74.77;3570296
20160926;73.94;74.42;72.73;72.82;3044648
20160927;72.95;73.97;72.35;73.92;2409435
20160928;74.84;75.64;73.85;74.27;1938098
20160929;73.79;74.43;72.06;73.26;3419777
20160930;73.91;76.32;73.88;76.14;4110161
20161003;75.76;76.77;75.16;75.33;2286040
20161004;75.4;77.17;75.4;76.59;2961977
20161005;77.15;78.19;76.81;77.75;2111332
20161006;78.18;79.42;77.71;79.34;2603949
20161007;79.36;79.57;77.63;79.37;2985327
20161010;79.78;81.19;79.61;80.15;2328142
20161011;80.71;82.28;78.66;79.43;5012654
20161012;79.46;79.51;78.15;78.82;2056111
20161013;77.98;78.03;76.2;77.41;2204784
20161014;77.86;79.49;77.44;77.63;2067851
20161017;77.63;78.14;76.48;76.7;1726865
20161018;78.1;78.37;77.53;77.65;1112164
20161019;77.19;78.03;76.77;77.91;1072172
20161020;77.72;78.5;77.05;78.09;1264733
20161021;77.75;78.09;76.87;77.47;1900479
20161024;78.01;79.19;78.01;78.49;1727971
20161025;78.18;79.14;77.91;78.08;1669647
20161026;77.44;78.69;77.19;77.54;2190421
20161027;78.18;78.58;77.05;77.26;1460728
20161028;77.91;77.99;75.62;75.72;2715625
20161031;75.95;77.26;75.02;76.94;1886394
20161101;76.92;77.76;74.76;75.81;1783271
20161102;75.65;76.37;74.82;75.03;1681778
20161103;74.65;76.82;74.39;74.67;3566745
20161104;72.6;76.86;72.5;75.07;5718645
20161107;76.67;77.3;75.3;77.24;2703052
20161108;76.86;78.02;76.01;77.33;2209180
20161109;74.79;78.24;74.5;77.66;3458092
20161110;77.89;79.49;74.77;75.91;3267582
20161111;76;77.89;74.2;74.51;4015186
20161114;74.79;74.82;73.59;74.04;2614918
20161115;74.18;76.25;73.72;75.93;2101460
20161116;75.36;76.48;75;76.12;1631371
20161117;76.15;77.97;75.69;77.95;1616791
20161118;77.82;78.94;76.92;78.21;2190012
20161121;78.46;79.13;78.2;78.93;1526877
20161122;79.39;80.14;78.99;79.36;1218603
20161123;79.21;79.51;78.02;78.31;1585165
20161125;78.27;78.31;76.49;77.01;1174799
20161128;77.06;77.84;75.82;77.3;1807043
20161129;77.09;77.72;76.28;77.22;1721670
20161130;77.49;77.79;76.44;76.85;1595434
20161201;76.92;77.07;71.65;71.78;4086921
20161202;71.69;73.44;71.65;73.34;1927115
20161205;73.72;74.98;73.49;74.82;2899638
20161206;75.33;76.55;74.82;76.17;3299041
20161207;75.78;77.66;74.25;77.34;2471531
20161208;77.3;79.74;76.98;79.52;2716780
20161209;80.6;81.04;75.65;76.93;4750178
20161212;76.36;77.08;75.37;76.26;2303202
20161213;76.8;77.63;75.95;76.88;1714312
20161214;76.49;77;74.62;75.14;2620883
20161215;75.21;77.83;74.63;77.21;2331317
20161216;77.51;78.59;76.67;76.81;2335513
20161219;76.95;78.33;76.91;77.44;1116640
20161220;77.52;77.79;76.32;76.61;1339694
20161221;76.66;77.15;76.01;77.07;1494894
20161222;77.93;78.33;77;78.15;1705611
20161223;78.22;78.45;77.62;78.03;826697
20161227;77.9;78.83;77.66;78.33;718325
20161228;78.47;78.6;76.91;77.03;1070610
20161229;76.74;77.12;75.63;76.56;1165128
20161230;76.83;76.83;74.32;74.66;1844970
20170103;75.22;76.24;74.4;75.15;2609426
20170104;75.46;75.66;74.5;74.99;1683879
20170105;74.66;75.38;73.94;74.57;1832555
20170106;74.82;75.48;74.32;74.96;1609218
20170109;75.96;76.96;75.23;75.65;2331287
20170110;75.69;77.52;75.66;77.31;1768561
20170111;77.33;78.72;76.51;78.41;2119898
20170112;76.2;76.91;74.67;76.75;4265199
20170113;76.91;78.49;76.69;78.33;1963387
20170117;77.64;78.43;76.49;76.89;2392146
20170118;77.39;79.27;77.16;79.27;3106093
20170119;78.87;79.45;78.18;78.46;4062382
20170120;85;88.9;84.69;88.67;15776664
20170123;88.87;91.07;87.72;90.17;6523246
20170124;90.31;92.74;90.31;92.27;4553330
20170125;93;93.78;91.32;91.87;3223492
20170126;92;92.64;90.94;91.01;2344718
20170127;91.55;92.44;91.25;92.01;1706221
20170130;91.43;93.08;90.22;92.99;2482193
20170131;92.32;92.48;90.28;91.74;2486505
20170201;93.54;94.49;91.31;91.74;3804797
20170202;90.8;91.54;90.06;91.11;2524583
20170203;91.32;91.91;90.88;91.56;1272523
20170206;91.45;91.58;90.71;91.39;1458764
20170207;91.4;92.2;91.17;91.78;1305566
20170208;91.61;92.34;90.94;91.69;1861650
20170209;92.07;93.13;91.24;92.47;2753403
20170210;92.73;92.75;91.41;92.21;1947332
20170213;92.69;93.3;92.27;92.63;1290117
20170214;92.32;92.48;90.53;91.8;1610538
20170215;92.02;92.61;91.25;92.13;1562561
20170216;92.34;92.56;91.6;92.43;1287095
20170217;92.24;96.67;91.92;96.35;5406554
20170221;96.63;97.51;95.7;96.57;2578203
20170222;96.49;97.17;96.04;96.71;1397948
20170223;96.86;96.94;94.3;95.31;1640306
20170224;94.24;95;93.02;94.7;1448447
20170227;94.54;95.68;93.85;95.63;1243010
20170228;95.61;95.85;94;94.81;1722652
20170301;95.97;97.15;94.37;96.74;2322497
20170302;96.98;97.57;94.71;94.76;2348763
20170303;95.03;95.32;94.16;94.92;1505851
20170306;94.21;95.71;93.43;95.45;3186353
20170307;95.22;95.49;94.21;95.05;1545443
20170308;96.36;96.91;95.39;96.69;4069504
20170309;96.21;97.67;95.06;97.14;2826163
20170310;97.74;98.7;97.5;98.18;2259550
20170313;98.48;99.34;98.06;99.04;2399531
20170314;98.74;98.94;97.95;98.79;1214414
20170315;98.71;99.38;98.12;99.11;1528958
20170316;99.22;99.22;98;98.11;1796943
20170317;98.51;98.61;97.51;97.93;2423569
20170320;97.95;98.81;97.15;98.19;1290754
20170321;98.37;98.64;95.34;95.52;1804767
20170322;95.47;96.78;94.59;96.74;1736058
20170323;96.54;97.29;96.03;96.5;1111649
20170324;97.36;98.35;96.88;97.3;1270823
20170327;96.41;97.71;95.33;97.19;1203234
20170328;97.31;98.7;96.55;97.93;1152861
20170329;97.85;97.85;97;97.23;1088837
20170330;97.29;98.5;97.06;98.14;1200076
20170331;98.31;98.49;97.71;97.98;1065287
20170403;98.15;98.48;96.95;97.72;1149443
20170404;98.68;100.7;98.14;99.35;2907723
20170405;99.56;100.58;98.61;98.89;2024960
20170406;98.97;99.81;97.73;99.42;1388186
20170407;99.43;102.64;99.11;101.82;3974689
20170410;101.9;102.54;100.66;101.53;1994143
20170411;100.5;100.82;99.11;100.14;2914741
20170412;100.23;100.4;96.98;97.59;3726969
20170413;96.82;99.44;96.15;97.47;2097643
20170417;97.92;98.88;97.92;98.76;927867
20170418;98.18;99.6;98.05;99.03;1564127
20170419;99.8;100.6;99.09;99.24;1695821
20170420;99.5;101.88;99.35;101.63;1900532
20170421;101.56;101.76;100.35;101.6;1530427
20170424;103;105.34;102.67;103.91;3582970
20170425;104.26;104.79;103.96;104;2726777
20170426;104.3;104.3;102.07;102.97;2170002
20170427;103.42;104.38;103.05;104.2;3035082
20170428;102.79;104.33;99.57;99.74;4690246
20170501;100.26;100.81;98.51;99.81;2295236
20170502;100;100.73;99.33;100.67;1759863
20170503;100.18;101.78;99.6;101.43;2382868
20170504;101.32;102.44;100.88;100.92;1514622
20170505;101.35;101.68;100.31;101.46;1113112
20170508;101.57;101.81;100.6;101.02;1102313
20170509;101.33;102.34;101.17;101.93;1094838
20170510;102.65;103.07;101.66;102.5;1240553
20170511;102.2;102.92;101.35;102.61;1089686
20170512;102.6;102.88;101.9;102.52;1032913
20170515;102.99;104.23;102.63;103.76;1293815
20170516;104.05;105.51;103.46;105.5;1686953
20170517;104.5;104.72;100.47;100.55;2079328
20170518;100.63;103.87;100.22;103.2;1889107
20170519;103.65;104.32;103.31;103.87;1236841
20170522;104.45;105.1;104.12;104.96;1214684
20170523;105.02;105.38;103.56;105.17;958695
20170524;105.49;105.98;104.7;105.42;970720
20170525;105.65;107.18;105.13;106.04;1303718
20170526;106;106.34;104.5;105.89;1051595
20170530;105.8;107.25;105.77;106.36;753234
20170531;106.98;107;105.43;106.43;1468572
20170601;106.79;107.68;106.25;107.68;1649429
20170602;108.13;108.67;106.51;108.42;1577198
20170605;108.2;109.2;107.75;108.15;1300558
20170606;107.5;109.43;107.3;107.86;1121498
20170607;108;109.8;107.71;109.48;1527258
20170608;109.82;111.06;108.82;111.01;1526786
20170609;111.4;112.11;104.29;107.01;2974289
20170612;105.26;105.85;101;103.76;4118915
20170613;104.67;105.69;103.47;104.85;2062379
20170614;105.27;105.56;101.02;102.47;1701765
20170615;100.74;102.64;100.56;102.28;1675290
20170616;102.35;103.61;101.09;101.9;1923244
20170619;102.72;104.55;102.72;104.06;1239840
20170620;103.9;104.59;101.61;101.81;1377891
20170621;102.32;103.57;101.61;103.3;1123561
20170622;103.37;103.65;101.38;103.25;1309999
20170623;103.25;104.51;102.57;104.36;2462195
20170626;104.47;105.25;101.26;101.32;1947399
20170627;100.5;100.62;97.71;97.86;2896375
20170628;98.74;98.88;96.37;98.36;2328328
20170629;97.96;98.42;94.35;96.13;3107460
20170630;96.64;97.27;95.11;95.95;2194259
20170703;96.44;97.48;95.15;95.34;1180907
20170705;95.79;97.82;95.79;97.53;2346245
20170706;97.14;99.04;96.61;97.79;2241850
20170707;98.19;100.42;98.06;99.7;1556335
20170710;99.93;100.3;98.42;100.05;1295889
20170711;100.05;101.07;99.69;100.73;1375246
20170712;101.45;102.29;101.14;101.73;1605743
20170713;102;103.18;101.48;102.75;1682371
20170714;103.42;104.03;103.17;103.99;1352015
20170717;104.02;104.42;103.18;103.3;1693941
20170718;103.05;103.87;101.87;103.83;1281644
20170719;104.5;105.5;104.06;105.41;1810622
20170720;106.18;108.21;105.5;107.64;4144552
20170721;106.73;107.98;105.23;107.47;3844869
20170724;107.65;107.73;105.37;105.86;3085999
20170725;106.39;106.74;104.71;106.39;1700099
20170726;107;107.94;106.3;107.33;1319676
20170727;107.61;108.56;105.55;107;3054552
20170728;106.64;107.15;105.42;105.76;1604629
20170731;106.37;106.51;104.39;104.87;1249299
20170801;105.11;105.38;103.5;104.28;2064363
20170802;106.82;106.98;103.35;104.43;2025188
20170803;104.43;104.53;101.29;101.79;2148488
20170804;101.67;103.65;101;102.55;1713466
20170807;102.29;104.7;102.29;104.5;1257224
20170808;104.5;105.98;104.25;104.73;1319283
20170809;103.7;105.07;103.51;104.74;1012568
20170810;103.6;103.99;101.49;101.6;1650760
20170811;101.71;103.59;101.45;103.18;1051178
20170814;104.04;105.66;103.81;105.47;1252734
20170815;105.73;106.11;104.83;105.8;2056685
20170816;106.1;106.1;105.09;105.93;1018651
20170817;105.48;105.56;102.11;102.21;1617325
20170818;102.57;102.93;101.17;102.21;1139401
20170821;102.58;102.62;100.06;101.01;1365581
20170822;101.64;103.38;101.39;103.01;981179
20170823;102.53;103.03;102.21;102.71;861104
20170824;102.93;103.31;101.94;102.5;1131686
20170825;102.74;103.13;101.55;101.98;1105720
20170828;102.09;102.29;99.77;100.7;1952162
20170829;99.98;101.97;99.11;101.52;1137735
20170830;101.8;104.08;101.24;103.94;1602888
20170831;104.01;105.6;103.67;105.36;1412895
20170901;105.56;106.38;105.43;105.57;1106422
20170905;106.92;108.94;105.33;106.93;2198692
20170906;107.63;107.99;105.8;106.17;1469107
20170907;106.43;107.3;105.94;106.43;1394727
20170908;106.05;106.35;104.31;104.64;969549
20170911;105.7;107.43;105.25;107.19;1268599
20170912;107.6;107.75;106.65;106.87;1029304
20170913;106.45;106.86;105.58;106.8;899307
20170914;105.78;108.11;105.77;107.08;1635944
20170915;107.06;109.73;106.71;109.55;2366271
20170918;109.8;110.61;107.38;107.49;2274571
20170919;107.89;108.66;107.22;107.93;1091674
20170920;108.24;108.28;101.76;103.51;3559422
20170921;103.28;103.85;101.23;102.13;2126681
20170922;101.71;103.52;101.5;103.08;1377378
20170925;102.17;102.17;98.7;99.59;2491273
20170926;100.36;100.75;98.97;99.35;2120500
20170927;100.49;101.97;99.88;101.6;1538207
20170928;101.31;101.94;100.52;101.24;1297622
20170929;101.34;102;100.82;101.9;1212294
20171002;102.16;102.86;101.25;102.28;1257110
20171003;102.28;103.05;101.7;102.61;796400
20171004;102.2;103.38;101.8;103.32;1363005
20171005;103.77;104.2;102.96;103.84;1117646
20171006;103.37;105.07;103.18;104.96;1453941
20171009;105.17;105.25;104.43;104.74;1026379
20171010;105;105.15;103.33;104.35;1031284
20171011;104.06;105.68;104.06;105.47;1152289
20171012;105.23;106.04;104.92;105.04;1103417
20171013;105.53;107.13;105.15;106.66;1253015
20171016;107.16;107.3;106.11;106.98;1099204
20171017;106.58;107.45;106.15;107.35;997495
20171018;107.56;107.82;105.72;107.34;1043951
20171019;105.4;105.45;101.67;103.32;3140260
20171020;104.47;105.31;103.85;105.15;1821575
20171023;105.66;106.1;104.47;104.77;1505508
20171024;104.73;106.04;104.25;105.21;1545472
20171025;104.91;105.99;103.38;104.57;1350161
20171026;104.99;105.74;104.75;105.52;1020924
20171027;106.29;108.37;105.75;107.91;2283576
20171030;108.4;112.3;108.13;112;2815215
20171031;112.4;114.8;111.44;113.86;2809273
20171101;114.52;114.6;110.59;111.32;2614820
20171102;111.21;111.9;108.6;111.76;2401382
20171103;113.64;114.44;111.15;113.19;2758692
20171106;115.24;117.65;114.3;116.33;6242587
20171107;109.87;113.24;107.75;111.19;8180259
20171108;111.33;113.25;110.87;113.15;2773578
20171109;111.71;112.6;109.53;111.12;2162965
20171110;110.69;111.48;109.95;110.41;1921682
20171113;109.29;110.9;108.57;110.3;1203195
20171114;109.92;111.74;109.74;111.21;1454038
20171115;110.57;110.57;107.14;108.89;2097552
20171116;109.86;110.67;109.54;110.06;1459880
20171117;110.35;110.62;108.89;110;1378433
20171120;109.63;110.54;109.4;109.79;1163547
20171121;110.28;111.08;109.81;110.25;1638222
20171122;110.19;110.25;108.48;108.54;1537373
20171124;108.67;109.85;108.42;109.75;617129
20171127;109.2;109.21;107.14;107.22;1726607
20171128;107.43;107.88;106.23;107.55;2073350
20171129;107.2;107.42;103.38;105.33;2878750
20171130;105.47;106.27;104.28;104.74;2817898
20171201;103.7;103.99;99.72;102.23;3225049
20171204;102.95;102.99;98.23;98.26;3761180
20171205;97.71;99.58;95.36;97.6;2932845
20171206;95.15;97.12;93.05;96.47;5396996
20171207;98.15;98.3;95.13;96.68;3576633
20171208;97.94;98.3;95.79;96.28;2493811
20171211;96.16;97.02;95.88;96.98;1937212
20171212;96.24;97.22;95.01;96.47;2639674
20171213;97.07;97.5;95.59;95.86;1977730
20171214;95.51;96;93.6;94.09;3554298
20171215;94.51;95.49;93.58;94.63;3952724
20171218;95;96.24;94.63;95.84;2593478
20171219;95.83;96.52;95.3;95.68;1837325
20171220;96.46;97.93;95.88;97.43;2096546
20171221;98;98.95;97.32;97.49;1960699
20171222;97.64;97.97;96.8;97.07;1511210
20171226;94.19;97.07;93.6;95.2;2378577
20171227;95.27;96.51;95.13;95.82;1420540
20171228;96.45;96.72;95.97;96.54;954427
20171229;96.49;96.71;94.93;94.95;1551630
20180102;96;98.5;95.12;98.43;2488212
20180103;98.73;100.49;98.54;99.93;2359389
20180104;100.61;100.96;99.1;100.77;1866762
20180105;101.12;102.08;100.15;101.23;1779449
20180108;100.85;101.76;100.09;101.25;1689298
20180109;101.54;101.8;100.39;100.68;1694449
20180110;100.09;100.48;97.57;98.6;2316014
20180111;98.83;100.43;98.1;99.92;1595035
20180112;100.2;101.62;99.77;101.21;1751342
20180116;102.2;103.11;99.31;99.86;2515853
20180117;100.78;102.51;100.28;102.19;2119156
20180118;102.23;103.71;101.54;102.29;1974912
20180119;102.47;102.47;98.05;99.2;3317647
20180122;99.05;99.14;96.97;98.72;2345172
20180123;98.4;100.73;98.13;99.37;3096580
20180124;99.13;100.15;96.84;97.13;3342335
20180125;98.1;98.32;95.02;95.05;2945084
20180126;95.66;97.41;95.14;97.35;2698350
20180129;96.68;97.57;96.08;97.1;2896031
20180130;96.01;99.96;95.51;97.21;3111141
20180131;98.75;99.1;96.26;97.21;3235553
20180201;98.54;103.91;98.5;103.15;5172360
20180202;102.28;102.49;98.93;98.96;3767699
20180205;97.95;99.72;94.33;94.68;5451830
20180206;101.05;106.74;100.75;104.56;8628644
20180207;103.5;104.39;101.35;101.35;3704691
20180208;101.51;103.31;99.03;99.04;3388617
20180209;100.06;103.33;98.61;102.64;3294917
20180212;103.11;105;102.48;104.1;3045373
20180213;103.33;104.2;102.67;103.58;1955125
20180214;102.82;105.1;102.79;104.65;2601431
20180215;104.98;104.98;102.28;104.37;2567311
20180216;103.63;105.17;103.6;104.11;2089566
20180220;104.42;107.79;103.72;106.41;2588699
20180221;106.6;107.4;105.73;106;1611111
20180222;106.6;107.5;105.97;107.26;2342731
20180223;108;108.35;107.01;108.23;1598819
20180226;108.55;110.45;108.27;110.39;1870864
20180227;110.01;112.28;110.01;110.3;1982152
20180228;110.62;111.18;108.94;109.25;2009014
20180301;109.55;109.62;106.29;106.59;2200039
20180302;105.72;109.72;105.6;109.14;1878036
20180305;109.22;111.56;108.3;111.48;2488912
20180306;112;112.1;110.27;111.85;1928510
20180307;110.9;112.33;110.64;111.54;1336010
20180308;111.95;111.95;110.16;111.44;1338501
20180309;112.22;114.05;111.88;113.56;1934663
20180312;114.52;115.98;113.81;115.16;2753700
20180313;115.4;115.8;111.38;112;2655152
20180314;112.2;112.2;110.41;111.94;1680077
20180315;111.86;112.16;110.5;111.29;1230938
20180316;111.45;111.91;110.45;110.63;2158314
20180319;110.33;110.98;107.5;109.33;1917961
20180320;109.16;109.33;107.69;109.07;1428571
20180321;109;110.32;107.73;108.47;1618513
20180322;106.87;108.58;105.18;105.24;1702982
20180323;105.32;105.55;101.37;101.41;2469168
20180326;104.03;105;102.35;104.93;2070946
20180327;105.5;105.54;100.85;101.52;1492102
20180328;100.85;102.69;98.39;98.87;2038136
20180329;99.72;101.24;98.85;100.26;2209278
20180402;99.88;99.88;95.69;96.53;1965176
20180403;97.02;98.14;95.95;97.63;2106813
20180404;95.62;99.88;95.59;99.63;2267611
20180405;99.9;100.84;98.09;98.8;1194034
20180406;97.66;98.57;95.22;95.56;1778327
20180409;96.53;98.75;95.97;96.02;1535324
20180410;98.13;98.75;96.53;98.01;1465362
20180411;97.55;98.95;97.1;98.37;1205997
20180412;98.83;100.19;98.51;99.91;1779547
20180413;100.63;100.98;98.15;98.47;1236111
20180416;98.86;99.5;97.27;97.73;1837601
20180417;98.34;99.86;97.88;99.45;1338378
20180418;99.21;99.73;97.92;98.96;1330583
20180419;97.22;97.24;93.73;93.88;3228657
20180420;93.37;93.7;90.38;91.18;5078565
20180423;91.5;91.78;88.47;88.64;2737307
20180424;88.47;89.66;86.86;87.77;2627789
20180425;87.9;88.74;86.31;87.81;2541576
20180426;88.9;89.65;87.92;88.4;2242670
20180427;88.77;89.03;86.94;87.08;1415334
20180430;87.08;88.46;86.13;86.76;2255357
20180501;86.79;91.03;86.75;90.9;3833838
20180502;93.1;93.75;90.66;91.36;2894138
20180503;90.5;92.98;89.53;92.25;3350721
20180504;89.83;96.28;88;96.2;4731717
20180507;96.27;96.45;92.47;95.34;3618153
20180508;95.42;96.79;95.3;96.62;2331439
20180509;96.71;96.98;94.5;95.55;2291120
20180510;95.91;97.17;95.8;97.07;1925352
20180511;96.88;97.73;96.57;97.01;1853477
20180514;98.1;100.2;97.65;99.02;1678866
20180515;98.31;98.33;97.13;97.89;2560202
20180516;98.42;98.88;97.93;98.84;1466988
20180517;98.42;100.1;98.3;99.71;1743618
20180518;98.31;99.18;97.85;98.49;2068773
20180521;99.65;100.37;98.2;98.85;2017385
20180522;99.41;101.29;99.16;100.04;1549747
20180523;99.34;100.08;98.84;100.06;1519242
20180524;100.18;100.48;99.08;99.58;1816894
20180525;99.54;100.71;99.54;100.37;1208251
