20100104;25.41;25.7;25.3;25.63;14376151
20100105;25.51;25.55;25.01;25.23;16973560
20100106;25.17;25.29;25.07;25.22;15529059
20100107;25.18;25.41;25.1;25.24;15761938
20100108;25.3;25.34;24.72;24.82;18731290
20100111;24.94;25.11;24.86;25.08;14107027
20100112;25.01;25.2;24.71;24.81;11940812
20100113;24.79;25.08;24.7;24.99;14428082
20100114;25.02;25.11;24.88;25.05;11354534
20100115;25.05;25.18;24.9;25.07;13449629
20100119;25.11;26;25.07;25.65;19371542
20100120;25.45;25.88;25.19;25.46;16368387
20100121;25.42;25.64;24.89;24.95;16781195
20100122;24.98;25.05;24.5;24.6;15947508
20100125;24.74;24.81;24.3;24.33;11292980
20100126;24.27;24.37;23.5;24.3;13540419
20100127;24.28;24.41;24.08;24.3;12404698
20100128;24.63;24.82;24.1;24.1;18706688
20100129;24.14;24.62;23.96;24.36;20527133
20100201;24.77;24.77;24.23;24.38;15287543
20100202;24.37;24.8;24.14;24.78;9866931
20100203;24.67;24.72;24.32;24.5;8116181
20100204;24.31;24.51;23.9;23.99;16695331
20100205;23.94;24.08;23.49;23.97;15208610
20100208;23.91;24.3;23.76;23.96;12495929
20100209;24.1;24.41;23.9;24.25;9906506
20100210;24.27;24.27;23.76;23.92;10597495
20100211;23.85;23.98;23.57;23.89;11005502
20100212;23.76;24;23.55;23.91;9663085
20100216;24.03;24.28;23.86;24.21;10274549
20100217;24.33;24.64;24.29;24.51;9011163
20100218;24.51;24.88;24.42;24.84;11287935
20100219;24.78;25.01;24.66;24.95;10744493
20100222;24.95;24.98;24.44;24.68;8654954
20100223;24.6;24.8;24.37;24.44;8651479
20100224;24.54;24.74;24.38;24.71;8538503
20100225;24.52;24.55;24.2;24.48;10154749
20100226;24.48;24.62;24.45;24.51;7107296
20100301;24.59;24.63;24.3;24.39;10867413
20100302;24.59;24.78;24.45;24.72;10436046
20100303;24.74;24.78;24.25;24.33;14352346
20100304;24.38;24.49;24.34;24.47;14242214
20100305;24.93;25.33;24.77;25.28;19878161
20100308;25.23;25.35;25.15;25.31;12386020
20100309;25.15;25.27;25.01;25.2;11099744
20100310;25.09;25.67;25.08;25.65;16804121
20100311;25.6;26.01;25.47;25.96;15856759
20100312;25.88;25.97;25.78;25.89;11790020
20100315;25.75;25.95;25.67;25.95;9240249
20100316;25.89;26.02;25.74;25.99;8606323
20100317;25.97;26.07;25.78;25.98;14715307
20100318;25.91;26.12;25.85;26.07;9516630
20100319;26.13;26.25;25.86;26.01;14936613
20100322;25.93;26.6;25.9;26.48;15307257
20100323;26.51;26.81;26.33;26.79;11539198
20100324;26.7;26.78;26.63;26.69;16057593
20100325;26.87;26.93;26.7;26.78;13532129
20100326;26.81;26.86;26.66;26.69;12398142
20100329;26.78;27.07;26.7;27;12628303
20100330;26.76;26.93;26.52;26.76;15433904
20100331;26.65;26.81;26.29;26.7;12553636
20100401;26.77;27.01;26.77;26.95;11472759
20100405;26.94;26.95;26.56;26.77;12280950
20100406;26.72;26.77;26.33;26.38;10694693
20100407;26.34;26.69;26.27;26.55;10212141
20100408;26.54;26.54;26.16;26.17;13065681
20100409;26.2;26.36;26.1;26.25;11263975
20100412;26.25;26.4;26.15;26.29;10924929
20100413;26.24;26.3;25.97;25.98;12611768
20100414;25.91;25.96;25.59;25.7;13460731
20100415;25.64;25.64;25.3;25.34;18520401
20100416;25.27;25.56;25.2;25.48;16421249
20100419;25.22;25.82;24.97;25.81;23618187
20100420;25.86;25.9;25.34;25.43;13356303
20100421;25.41;25.43;24.97;25.1;15927569
20100422;25.01;25.05;24.28;24.44;21751532
20100423;24.47;24.84;24.12;24.74;13667317
20100426;24.8;24.84;24.48;24.5;10644413
20100427;24.45;24.57;24.13;24.21;13627646
20100428;24.3;24.59;24.07;24.34;14144152
20100429;25.28;25.93;25;25.37;20658350
20100430;25.42;25.58;25.18;25.31;14368168
20100503;25.31;25.4;25.1;25.13;10414408
20100504;25.1;25.7;25.02;25.27;16761005
20100505;25.1;25.37;24.92;25.06;14107888
20100506;24.94;25.03;22.8;24.28;19603161
20100507;24.28;24.96;24.07;24.34;23348519
20100510;24.34;24.75;23.93;24.14;25475046
20100511;24.03;24.71;24.02;24.37;15510411
20100512;24.46;24.5;24.19;24.44;10141082
20100513;24.4;24.44;23.97;24;13393605
20100514;24;24;23.38;23.56;14148753
20100517;23.75;24;23.36;23.7;13588857
20100518;23.9;23.92;23.5;23.55;9615419
20100519;23.46;23.85;23.31;23.71;16424092
20100520;23.4;23.71;23.05;23.09;18729343
20100521;22.9;23.05;22.5;22.96;17800100
20100524;22.93;23.18;22.74;22.99;13281493
20100525;22.6;22.89;22.24;22.86;13904013
20100526;23.03;23.07;22.64;22.72;14181752
20100527;23.07;23.35;23.01;23.34;10748589
20100528;23.38;23.45;23.11;23.21;9876659
20100601;23.11;23.47;22.9;23.02;10663705
20100602;23.06;23.24;22.86;23;17113794
20100603;23.18;23.18;22.73;22.88;21818270
20100604;22.71;22.85;22.31;22.44;26551428
20100607;23.85;24.36;23.53;23.86;42053740
20100608;23.93;24.35;23.74;24.3;35451706
20100609;24.34;24.4;24.09;24.14;21197867
20100610;24.34;24.68;24.25;24.64;16660271
20100611;25.54;25.76;24.95;25.08;19797625
20100614;25.08;25.5;25.06;25.29;16879200
20100615;25.39;25.67;25.23;25.63;12514856
20100616;25.3;25.88;25.3;25.88;15463123
20100617;25.72;25.91;25.65;25.86;16802499
20100618;25.8;25.87;25.46;25.78;16439628
20100621;25.89;25.95;25.3;25.44;11063481
20100622;25.41;25.78;25.38;25.44;10918095
20100623;25.43;25.49;25.14;25.24;12683319
20100624;25.12;25.49;25.01;25.35;14839998
20100625;25.45;25.83;25.23;25.57;26249145
20100628;25.64;25.68;25.3;25.57;12951834
20100629;25.4;25.61;25.14;25.29;22261953
20100630;24.98;25.22;24.73;24.94;18910630
20100701;24.84;24.94;24.22;24.76;19143560
20100702;24.87;25.04;24.5;24.69;9900198
20100706;24.93;25.4;24.76;25.24;16934744
20100707;25.24;25.88;25.13;25.8;17387985
20100708;25.95;25.95;25.39;25.58;16704022
20100709;25.57;25.65;25.29;25.6;11509142
20100712;25.6;25.6;25.11;25.26;12715512
20100713;25.36;25.6;25.2;25.31;14046128
20100714;25.22;25.26;24.9;25.09;14552440
20100715;25.1;25.53;25.03;25.5;14704066
20100716;25.44;25.47;25.1;25.17;13136232
20100719;25.27;25.27;24.78;24.84;11804744
20100720;24.65;25.09;24.46;25.02;10655472
20100721;24.92;25.11;24.59;24.75;9839410
20100722;24.96;25.22;24.75;24.93;10385243
20100723;24.94;24.95;24.26;24.65;13048282
20100726;24.57;25.03;24.57;24.97;8827138
20100727;25.09;25.35;24.84;25.32;14154586
20100728;25.25;25.36;25.02;25.12;8072320
20100729;25.37;25.5;24.85;25.08;9465767
20100730;24.98;25.13;24.78;24.92;11438207
20100802;25.33;25.61;25.29;25.53;9770821
20100803;25.65;25.85;25.58;25.68;6842861
20100804;25.7;26.13;25.61;26.03;10233670
20100805;25.83;26.38;25.8;26.38;12264581
20100806;26.29;26.45;26.05;26.37;8774813
20100809;26.37;26.54;26.3;26.51;6825294
20100810;26.32;26.78;26.3;26.66;7009482
20100811;26.32;26.5;26.15;26.25;8808007
20100812;26.01;26.39;26;26.33;7354271
20100813;26.24;26.46;26.1;26.32;5765836
20100816;26.24;26.34;26.04;26.28;10380700
20100817;26.4;26.79;26.26;26.59;12325620
20100818;26.53;26.57;26.23;26.28;12235779
20100819;26.2;26.29;25.81;26.06;8217985
20100820;26.31;26.54;26.08;26.44;18140015
20100823;26.48;26.76;26.38;26.48;12146788
20100824;26.26;26.37;25.95;26.02;11627893
20100825;25.9;26.15;25.74;26.08;16811268
20100826;26.11;26.18;25.75;25.85;7934313
20100827;25.97;26.27;25.66;26.12;6402361
20100830;26.04;26.18;25.84;25.85;7939713
20100831;26.11;26.34;25.97;26.08;13412774
20100901;26.24;26.55;26.11;26.41;9320680
20100902;26.35;26.49;26.26;26.43;6860733
20100903;26.46;26.62;26.38;26.58;6645843
20100907;26.45;26.76;26.37;26.61;10042594
20100908;26.67;26.97;26.64;26.75;8859542
20100909;26.91;26.99;26.7;26.87;6108289
20100910;26.9;27.1;26.72;27.05;8504072
20100913;27.14;27.2;26.93;27.16;8994848
20100914;27.15;27.2;26.78;26.96;10988049
20100915;26.92;27.08;26.8;27.01;8570256
20100916;27.01;27.15;26.85;26.95;8017512
20100917;27.02;27.44;27;27.31;14921372
20100920;27.42;27.87;27.41;27.81;11939637
20100921;27.87;28;27.71;27.79;37450364
20100922;27.66;27.9;27.57;27.82;33089736
20100923;27.62;28;27.54;27.68;31215153
20100924;27.75;27.93;27.57;27.62;12524873
20100927;27.65;27.77;27.59;27.6;9206480
20100928;27.68;27.99;27.6;27.93;9899981
20100929;27.57;27.71;27.21;27.37;10197100
20100930;27.44;27.53;27.03;27.11;11189368
20101001;27.11;27.32;26.95;27.28;8901937
20101004;26.95;27.14;26.69;26.73;9482826
20101005;26.89;27.2;26.89;27.14;10965425
20101006;27.1;27.28;27.09;27.19;8154165
20101007;27.34;27.4;27.22;27.3;5767634
20101008;27.3;27.38;27.1;27.16;6555020
20101011;27.14;27.56;27.14;27.36;5799715
20101012;27.28;27.48;27.1;27.23;7958333
20101013;27.28;27.42;27.23;27.34;8904700
20101014;27.41;27.65;27.35;27.51;8218099
20101015;27.62;27.72;27.18;27.2;19512226
20101018;27.29;27.33;26.95;27.33;9717833
20101019;27.03;27.14;26.62;26.84;10937785
20101020;26.82;27.13;26.8;26.89;7245911
20101021;27;27.17;26.91;27.11;7702006
20101022;27.1;27.15;26.93;26.96;4840677
20101025;27.01;27.23;26.99;27.16;8223344
20101026;27.01;27.08;26.69;26.86;9423640
20101027;26.72;26.99;26.7;26.87;10060777
20101028;26.97;27.03;26.73;26.99;8285211
20101029;26.97;27.02;26.71;26.9;7975206
20101101;27.06;27.32;26.92;27.07;8926982
20101102;27.11;27.24;26.79;26.9;9404366
20101103;26.89;26.95;26.44;26.65;13115755
20101104;26.83;26.89;26.56;26.83;10090388
20101105;26.88;26.9;26.52;26.69;9220547
20101108;26.54;26.63;26.29;26.47;7169030
20101109;26.49;26.49;26.17;26.25;8132653
20101110;26.19;26.41;26.12;26.31;10309762
20101111;26.23;26.31;26.14;26.27;6124173
20101112;26.2;26.35;26;26.02;10708683
20101115;25.97;26.67;25.93;26.32;14206997
20101116;26.15;26.24;25.85;26.04;9893688
20101117;26.17;26.22;25.8;25.96;8289822
20101118;26.14;26.39;26.11;26.32;8428413
20101119;26;26.12;25.85;25.95;15588680
20101122;25.87;26;25.7;25.9;9396973
20101123;25.69;25.7;25.43;25.56;9131039
20101124;25.74;25.83;25.57;25.65;6103011
20101126;25.55;25.65;25.55;25.55;2150914
20101129;25.42;25.49;25.1;25.42;8334606
20101130;25.12;25.4;25.1;25.24;11286868
20101201;25.67;25.67;25.42;25.56;8769879
20101202;25.63;25.87;25.52;25.84;8105613
20101203;25.73;25.93;25.61;25.91;8938939
20101206;25.84;25.99;25.8;25.89;14891109
20101207;25.97;26.01;25.75;25.83;8405841
20101208;25.89;25.93;25.67;25.9;6929515
20101209;25.95;25.97;25.75;25.9;5406080
20101210;25.95;26.1;25.91;26.04;7854855
20101213;26.04;26.4;26;26.26;9690599
20101214;26.27;26.55;26.25;26.55;9159177
20101215;26.58;26.88;26.51;26.65;9673605
20101216;26.65;26.8;26.6;26.72;6503801
20101217;26.67;26.72;26.43;26.49;11897997
20101220;26.52;26.61;26.49;26.51;7347226
20101221;26.6;26.68;26.28;26.36;14981297
20101222;26.4;26.51;26.28;26.34;9676955
20101223;26.34;26.5;26.27;26.32;6984058
20101227;26.27;26.61;26.22;26.5;6275223
20101228;26.63;26.68;26.47;26.59;8532577
20101229;26.62;26.73;26.55;26.55;5496275
20101230;26.51;26.6;26.42;26.45;4736933
20101231;26.48;26.63;26.4;26.48;6223967
20110103;26.65;26.72;26.56;26.58;12585390
20110104;26.67;26.68;26.45;26.5;14222288
20110105;26.22;26.27;25.88;26.06;14256888
20110106;26.01;26.15;25.78;25.84;12178915
20110107;25.91;25.96;25.71;25.8;11287598
20110110;25.7;25.82;25.66;25.74;10536853
20110111;25.75;25.76;25.45;25.61;10959059
20110112;25.7;25.95;25.63;25.95;10465040
20110113;25.89;25.95;25.78;25.9;7806761
20110114;25.85;25.92;25.73;25.84;6583364
20110118;25.89;25.89;25.66;25.76;8633419
20110119;25.7;25.85;25.56;25.61;6901056
20110120;25.62;25.91;25.56;25.83;8704328
20110121;25.92;26.09;25.86;26.06;18221102
20110124;26.01;26.13;25.97;26;8812439
20110125;25.97;26.05;25.85;26.03;7221348
20110126;26.13;26.17;25.92;25.93;6985132
20110127;25.96;26.6;25.92;26.35;13671223
20110128;26.41;26.44;25.79;25.79;10454404
20110131;25.88;25.9;25.16;25.18;15263919
20110201;25.35;25.44;25.21;25.27;10506225
20110202;25.4;25.41;25.25;25.28;9808134
20110203;25.15;25.67;25.1;25.5;10675028
20110204;25.46;25.76;25.32;25.7;7098068
20110207;25.86;26.05;25.79;25.83;11577084
20110208;25.91;25.97;25.71;25.75;8416184
20110209;25.75;25.84;25.62;25.72;8427483
20110210;25.73;25.75;25.5;25.54;9345801
20110211;25.5;25.5;25.21;25.22;10407627
20110214;25.26;25.6;25.23;25.56;9601144
20110215;25.36;25.61;25.33;25.61;6863831
20110216;25.6;25.74;25.52;25.62;6362286
20110217;25.59;25.79;25.5;25.77;5630004
20110218;25.68;25.72;25.32;25.49;15697851
20110222;25.33;25.51;25.13;25.38;8956769
20110223;25.31;25.45;25.2;25.22;9303389
20110224;25.17;25.47;25.17;25.4;9581861
20110225;25.41;25.52;25.27;25.49;7071484
20110228;25.59;25.82;25.56;25.81;10481076
20110301;25.66;25.84;25.56;25.58;9894605
20110302;25.63;25.64;25.25;25.39;8976369
20110303;25.56;26.22;25.49;26.14;31797769
20110304;26.16;26.43;26.07;26.43;31694735
20110307;26.42;26.5;26.2;26.31;33773727
20110308;26.38;26.53;26.23;26.45;13389683
20110309;26.35;26.45;26.25;26.35;8476781
20110310;26.24;26.39;26.13;26.26;9797160
20110311;26.18;26.43;26.13;26.41;9147755
20110314;26.14;26.37;26.02;26.2;10761376
20110315;25.78;25.88;25.55;25.57;22975574
20110316;25.54;25.54;24.97;24.97;13516919
20110317;25.23;25.53;25.15;25.43;14755683
20110318;25.64;25.83;25.5;25.73;13604560
20110321;25.9;26.18;25.83;26;10643158
20110322;26.75;26.9;26.27;26.29;19932671
20110323;26.15;26.29;25.86;26.16;14533307
20110324;26.16;26.52;26.08;26.43;10154172
20110325;26.51;27.96;26.29;27.29;41340004
20110328;27.35;27.38;26.94;26.98;18385354
20110329;27.02;27.09;26.8;26.84;18701279
20110330;26.64;26.82;26.39;26.47;19103199
20110331;26.46;26.68;26.17;26.43;16912953
20110401;26.51;26.66;26.4;26.46;10038546
20110404;26.48;27;26.48;26.72;10420363
20110405;26.67;26.92;26.58;26.87;11375085
20110406;26.93;27.29;26.89;27.19;15441126
20110407;27.18;27.25;26.96;27.08;13104020
20110408;27.06;27.55;27.04;27.51;16208774
20110411;27.32;27.66;27.31;27.4;11111645
20110412;27.23;27.62;27.23;27.44;10331864
20110413;27.48;27.5;27.21;27.33;9587684
20110414;27.23;27.72;27.21;27.61;12737449
20110415;27.69;27.97;27.66;27.88;12639206
20110418;27.67;27.68;27.38;27.58;12053859
20110419;27.68;27.82;27.36;27.45;9691714
20110420;27.65;27.82;27.56;27.7;10387353
20110421;27.65;27.95;27.62;27.82;8864201
20110425;27.68;27.86;27.61;27.74;5922751
20110426;27.82;28.17;27.82;28.12;11163226
20110427;28.11;28.44;28.11;28.28;11755425
20110428;28.43;28.5;28.15;28.29;11381958
20110429;28.34;28.39;27.9;28.1;8462185
20110502;28.24;28.57;28.23;28.45;10280660
20110503;28.5;28.95;28.46;28.83;23061843
20110504;28.65;28.79;28.41;28.71;11827517
20110505;28.64;28.73;28.35;28.49;8938459
20110506;28.63;28.8;28.54;28.64;8435948
20110509;28.66;28.8;28.41;28.72;7201152
20110510;28.74;28.82;28.46;28.81;8037681
20110511;28.54;28.88;28.53;28.76;10335112
20110512;28.7;28.96;28.51;28.91;9954876
20110513;28.82;28.99;28.69;28.81;9671386
20110516;28.82;28.97;28.74;28.79;6791344
20110517;28.67;28.7;28.29;28.65;11516283
20110518;28.61;28.86;28.45;28.86;9408554
20110519;28.9;28.9;28.43;28.6;8897911
20110520;28.48;28.54;28.12;28.37;10221099
20110523;28.12;28.25;28;28.2;8242153
20110524;28.23;28.4;28.1;28.25;5826049
20110525;28.08;28.32;28.02;28.28;7316968
20110526;28.17;28.46;28.11;28.41;7893375
20110527;28.46;28.5;28.32;28.47;4619245
20110531;28.62;28.76;28.48;28.76;7733226
20110601;28.71;28.76;28.24;28.27;10181683
20110602;28.25;28.25;28.01;28.09;8090074
20110603;27.89;28.04;27.85;27.98;10005505
20110606;27.79;28.05;27.45;27.97;13978889
20110607;27.98;28.27;27.97;27.99;7888351
20110608;27.96;28.05;27.84;27.92;9539893
20110609;28.01;28.05;27.82;27.86;11632087
20110610;27.8;27.83;27.43;27.45;11486437
20110613;27.43;27.68;27.42;27.6;10383961
20110614;27.72;27.82;27.67;27.69;10281061
20110615;27.55;27.71;27.32;27.42;8430544
20110616;27.18;27.62;27.18;27.47;9352118
20110617;27.64;27.81;27.44;27.52;11457848
20110620;27.52;27.84;27.48;27.81;7182838
20110621;27.96;28.11;27.84;27.98;15506047
20110622;27.91;28.12;27.73;27.74;8188964
20110623;29.5;29.54;28.83;29.33;35229647
20110624;29.26;29.32;28.9;28.93;19131881
20110627;29.03;29.12;28.33;28.47;19192235
20110628;28.58;28.66;28.5;28.6;10666457
20110629;28.28;28.64;28.27;28.54;11223067
20110630;28.65;29;28.64;28.96;11293795
20110701;28.95;29.15;28.95;29.15;8148364
20110705;29.03;29.21;28.99;29.16;9081204
20110706;29.13;29.28;29.08;29.22;9019481
20110707;29.37;29.41;29.15;29.37;11489679
20110708;29.26;29.34;28.95;29.12;9336493
20110711;28.9;29.02;28.78;28.89;7277999
20110712;28.8;29.11;28.74;29.01;9384676
20110713;29.1;29.36;28.92;29.03;8709882
20110714;29.01;29.29;28.83;29.1;8561205
20110715;29.1;29.16;28.76;28.97;11335065
20110718;28.78;28.88;28.5;28.66;9832663
20110719;28.72;28.94;28.65;28.81;11105918
20110720;28.82;29.11;28.7;28.89;9708188
20110721;29.05;29.73;29.03;29.56;12831029
20110722;29.59;29.62;29.35;29.49;7262231
20110725;29.22;29.51;29.16;29.21;8145549
20110726;29.18;29.23;28.97;29.04;8764097
20110727;28.95;29.07;28.58;28.61;12780219
20110728;28.71;29.35;28.71;29.05;15345874
20110729;28.84;28.95;28.55;28.66;11114744
20110801;29.06;29.09;28.25;28.55;14078309
20110802;28.79;28.98;28.03;28.04;15846707
20110803;28.07;28.31;27.75;28.29;16006180
20110804;27.99;28;27.16;27.18;16561321
20110805;27.39;27.8;26.62;27.43;19459789
20110808;26.69;27.18;26.36;26.38;32386496
20110809;26.66;27.14;25.69;27.1;24397024
20110810;26.87;27.17;26.36;26.46;23107842
20110811;26.76;28.05;26.72;27.8;21417237
20110812;28.02;28.17;27.67;27.97;13780558
20110815;28.16;28.2;27.78;28.17;10891722
20110816;28.2;28.61;27.87;28.39;11373646
20110817;28.49;28.72;28.33;28.51;8723206
20110818;28.03;28.2;27.6;27.85;16375017
20110819;27.65;28.24;27.62;27.88;16406821
20110822;28.3;28.64;27.94;28.05;13334589
20110823;28.19;28.78;28.16;28.76;12255436
20110824;28.67;28.95;28.56;28.91;12915127
20110825;28.89;28.89;28.31;28.48;10479761
20110826;28.39;28.89;27.88;28.72;10864871
20110829;29.3;29.42;29.1;29.29;12814239
20110830;29.13;29.3;28.77;29.12;16093426
20110831;29.31;29.92;29.27;29.75;16926169
20110901;29.75;30;29.6;29.69;12358450
20110902;29.4;29.64;28.97;29.01;14927761
20110906;28.52;29.35;28.37;29.24;17942309
20110907;29.56;29.97;29.39;29.91;13060895
20110908;29.59;30.14;29.55;29.84;12042168
20110909;29.52;29.75;28.96;29.16;13905985
20110912;28.84;29.45;28.7;29.44;12953399
20110913;29.4;29.62;29.22;29.55;9014835
20110914;29.77;29.93;29.31;29.63;11541627
20110915;29.85;29.96;29.65;29.96;7738644
20110916;30.03;30.53;29.97;30.53;15753771
20110919;30.53;30.93;30.48;30.72;18163227
20110920;30.92;31.64;30.67;31.49;18573789
20110921;31.53;31.78;30.95;30.95;14028834
20110922;30.31;30.88;30.18;30.62;23164306
20110923;30.36;31.16;29.66;30.89;19652158
20110926;31.15;31.24;30.75;30.94;21086556
20110927;31.48;31.5;31.13;31.24;14637798
20110928;31.15;31.4;30.79;30.84;13671818
20110929;31.13;31.41;30.73;31.12;16176221
20110930;30.91;31.91;30.78;31.38;16133304
20111003;31.3;31.93;31.16;31.49;25810540
20111004;31.07;32.09;30.95;32.09;26880149
20111005;31.99;32.75;31.81;32.73;23873788
20111006;32.32;32.55;32.12;32.45;23455604
20111007;32.47;32.6;32.28;32.38;18926019
20111010;32.81;32.89;32.65;32.83;12904686
20111011;32.62;33.08;32.59;32.96;13076993
20111012;32.94;33.2;32.77;32.82;12440975
20111013;32.61;32.93;32.61;32.76;9967286
20111014;32.94;33;32.18;32.44;16447357
20111017;32.16;32.55;32.11;32.44;10166635
20111018;32.36;32.78;32.11;32.56;11930827
20111019;32.58;32.77;32.2;32.35;10773018
20111020;32.4;32.67;32.26;32.44;11623840
20111021;32.73;32.79;32.38;32.56;11330169
20111024;32.51;32.64;32.35;32.53;10371651
20111025;32.51;32.58;32.08;32.11;11565857
20111026;32.12;32.54;31.91;32.51;11713974
20111027;33.18;33.27;32.4;32.96;18978416
20111028;32.39;32.7;31.75;32.09;20611144
20111031;31.89;32.08;31.57;31.59;10720231
20111101;31.07;31.75;31.01;31.31;16255504
20111102;31.59;31.65;30.89;31.17;12778813
20111103;31.38;31.8;31.3;31.74;13186214
20111104;31.41;31.58;31.09;31.34;12622439
20111107;31.2;31.46;31.1;31.39;7955543
20111108;31.42;31.75;31.32;31.73;10894079
20111109;31.35;31.4;30.84;30.97;10477158
20111110;31.16;31.41;30.99;31.32;8795243
20111111;31.65;31.95;31.63;31.79;7582562
20111114;31.59;31.73;31.41;31.51;8602117
20111115;31.39;31.56;31.2;31.21;9973448
20111116;31.02;31.24;30.81;30.84;9872000
20111117;30.83;30.89;30.32;30.63;10120616
20111118;30.79;30.98;30.63;30.81;8811044
20111121;30.49;30.63;30.21;30.42;8469959
20111122;30.47;30.66;30.3;30.51;9179743
20111123;30.35;30.44;30.15;30.15;6793959
20111125;30.16;30.37;30.1;30.16;3386717
20111128;30.8;31.15;30.61;31.11;10720548
20111129;31.23;31.65;31.16;31.5;9862762
20111130;32.22;32.73;32.17;32.72;14642346
20111201;32.28;33.1;32.27;32.9;13311981
20111202;33.04;33.21;32.75;32.77;14539213
20111205;32.88;33.19;32.68;32.83;15191072
20111206;32.87;33.35;32.82;33.12;11193912
20111207;33.08;33.72;33.07;33.53;12941380
20111208;33.24;33.66;33.24;33.31;10612562
20111209;33.46;33.66;33.29;33.54;7843562
20111212;33.37;33.59;33.03;33.18;8855013
20111213;33.31;33.68;33.27;33.53;10680559
20111214;33.45;33.85;33.35;33.74;11432584
20111215;33.98;34.4;33.94;34.27;11571086
20111216;34.41;34.5;34.08;34.22;15432185
20111219;34.3;34.68;34.18;34.27;8276060
20111220;34.54;35.21;34.46;35.03;17005445
20111221;34.9;35.29;34.88;35.29;8166304
20111222;35.2;35.35;35;35.09;9068770
20111223;35.14;35.23;34.98;35.11;8911976
20111227;35.09;35.31;35.02;35.23;7208090
20111228;35.25;35.29;35;35.06;4718583
20111229;35.03;35.3;34.95;35.27;6467816
20111230;35.3;35.44;35.22;35.24;5150478
20120103;35.33;35.44;34.8;35.01;17234512
20120104;34.57;34.64;34.16;34.34;11616392
20120105;34;34.25;33.76;34.16;13196666
20120106;34.21;34.38;34.13;34.22;7915931
20120109;34.1;34.17;33.65;33.91;15949035
20120110;34.29;34.71;34.15;34.62;12398400
20120111;34.43;34.5;33.97;34.1;11328512
20120112;34.21;34.22;33.89;34.12;8768515
20120113;33.89;33.92;33.72;33.8;6990212
20120117;33.9;34.19;33.67;33.72;10894206
20120118;33.73;33.92;33.64;33.73;9061005
20120119;33.6;33.61;32.57;32.71;26197071
20120120;32.59;32.82;32.53;32.65;16611673
20120123;32.67;32.75;32.46;32.47;15377793
20120124;32.39;32.56;32.22;32.25;11445153
20120125;32.41;32.74;32.28;32.7;17254400
20120126;32.81;32.97;32.23;32.48;18845697
20120127;32.5;32.54;32.01;32.29;12028183
20120130;32.06;32.32;32.01;32.25;8273450
20120131;32.29;32.47;31.89;32.24;11709242
20120201;32.53;32.6;32.31;32.43;11873353
20120202;32.56;32.56;32.17;32.31;7294492
20120203;32.43;32.56;32.18;32.26;8353520
20120206;32.23;32.38;32.09;32.13;6610780
20120207;32.04;32.21;32.02;32.15;8809380
20120208;32.05;32.16;31.93;32.08;7321850
20120209;32.06;32.13;31.8;31.99;6452345
20120210;31.75;31.94;31.65;31.9;8086838
20120213;31.95;32.03;31.31;31.99;8312068
20120214;31.91;32.03;31.66;31.85;8160041
20120215;31.84;31.99;31.69;31.87;8450501
20120216;31.89;32.13;31.81;32.04;8745001
20120217;32.65;33.26;32.5;33.12;20494897
20120221;33.16;33.19;32.25;32.32;12504105
20120222;32.29;32.47;32.17;32.23;11632306
20120223;32.24;32.41;32.19;32.35;7311269
20120224;32.38;32.69;32.35;32.6;7222704
20120227;32.46;32.74;32.37;32.65;5618972
20120228;32.61;32.64;32.4;32.45;9342051
20120229;32.52;32.54;32.17;32.17;10314722
20120301;32.05;32.69;32.05;32.64;12021874
20120302;32.56;32.72;32.46;32.59;6648344
20120305;32.46;32.95;32.42;32.92;6881875
20120306;32.68;32.82;32.27;32.33;9302017
20120307;32.32;32.53;32.09;32.48;6598870
20120308;32.74;32.88;32.63;32.78;5477792
20120309;32.81;32.95;32.75;32.91;5708506
20120312;32.82;33.08;32.82;33.05;6172277
20120313;33.17;33.45;33.06;33.42;8169271
20120314;33.41;33.63;33.39;33.55;7453552
20120315;33.45;33.57;33.11;33.23;9570027
20120316;33.21;33.41;33.11;33.18;9245283
20120319;33.1;33.21;33.05;33.15;5832421
20120320;33.17;33.22;33;33.08;4434646
20120321;33.08;33.16;32.85;33.12;9736579
20120322;33.03;33.13;32.84;32.9;24128854
20120323;32.97;33.03;32.75;32.96;25022329
20120326;33.14;33.59;33.1;33.59;24620323
20120327;33.63;33.76;33.51;33.67;6417537
20120328;33.57;33.85;33.48;33.67;9889853
20120329;33.72;33.75;33.25;33.56;6498833
20120330;33.68;33.92;33.58;33.75;7845036
20120402;33.65;33.93;33.63;33.89;8390016
20120403;33.46;33.9;33.46;33.87;11729999
20120404;33.58;33.83;33.58;33.7;6447968
20120405;33.55;33.71;33.45;33.68;6001199
20120409;33.35;33.47;33.04;33.04;9055433
20120410;33;33.09;32.47;32.47;11257530
20120411;32.64;32.78;32.52;32.59;9800378
20120412;32.65;32.65;32.39;32.55;8480487
20120413;32.46;32.57;32.28;32.54;12085263
20120416;32.62;33;32.59;32.93;10409493
20120417;33.05;33.42;32.9;33.39;9786027
20120418;33.33;33.7;33.22;33.57;10013087
20120419;34.72;35;33.8;33.93;23493182
20120420;34.03;34.27;33.87;34.23;13794940
20120423;33.95;34.16;33.83;33.94;6890735
20120424;33.84;34.11;33.83;33.97;7604154
20120425;34.12;34.31;34.1;34.29;7869214
20120426;34.35;34.35;33.49;33.76;13860138
20120427;33.63;33.79;33.28;33.32;11699950
20120430;33.23;33.43;33.17;33.37;7749626
20120501;33.55;33.74;33.39;33.52;8311204
20120502;33.39;33.7;33.39;33.49;6721666
20120503;33.35;33.68;33.28;33.5;6478612
20120504;33.4;33.76;33.33;33.37;7789758
20120507;33.22;33.63;33.2;33.46;7455283
20120508;33.27;33.33;32.96;33.21;10327587
20120509;33;33.13;32.78;32.81;8627018
20120510;33.05;33.31;32.97;33.19;8881857
20120511;33.23;33.29;33.07;33.11;6472874
20120514;32.96;33.19;32.76;32.91;6921906
20120515;32.79;33.1;32.78;32.98;10180608
20120516;33.25;33.29;32.9;33.02;9703999
20120517;33.15;33.36;32.75;32.75;13318314
20120518;32.83;32.99;32.6;32.72;11234629
20120521;32.75;32.89;32.52;32.71;7925791
20120522;32.68;33.02;32.65;32.83;8732382
20120523;32.76;32.86;32.36;32.52;7728586
20120524;32.51;33.02;32.51;32.99;7344112
20120525;32.93;33.3;32.92;33.09;5297571
20120529;33.08;33.47;33.05;33.34;7516119
20120530;33.2;33.65;33.16;33.48;10142860
20120531;33.41;33.67;33.18;33.34;10365620
20120601;32.87;33.34;32.83;33.33;12351864
20120604;34.02;34.07;33.28;33.66;15818785
20120605;33.56;33.91;33.52;33.9;9935828
20120606;34.07;34.11;33.85;34.04;12122194
20120607;34.17;34.31;34.1;34.25;15363728
20120608;34.16;34.38;34.09;34.37;7562367
20120611;34.53;34.58;34.17;34.18;6575705
20120612;34.3;34.38;33.97;34.25;8889528
20120613;34.15;34.45;34.12;34.21;6615769
20120614;34.29;34.83;34.26;34.55;11720830
20120615;34.65;34.71;34.2;34.23;15928465
20120618;34.15;34.64;34.12;34.58;8443876
20120619;34.76;34.9;34.7;34.83;8164959
20120620;34.76;34.85;34.45;34.74;8677413
20120621;34.85;34.98;34.71;34.79;8540011
20120622;34.89;35.38;34.81;35.36;29330268
20120625;33.89;34.42;33.87;34.13;21542469
20120626;34.1;34.69;34.1;34.52;8646135
20120627;34.86;35.17;34.72;35.09;7208710
20120628;34.99;35.12;34.67;35.08;12169464
20120629;35.3;35.95;35.3;35.95;11189884
20120702;35.74;36.34;35.71;36.05;15680364
20120703;35.51;35.52;34.77;34.91;12136860
20120705;34.87;34.99;34.7;34.77;7854393
20120706;34.59;34.85;34.37;34.61;7689963
20120709;34.49;35.03;34.47;35.02;7392611
20120710;35.1;35.12;34.64;34.72;10639541
20120711;34.8;34.87;34.43;34.59;9025372
20120712;34.54;35.06;34.46;34.91;9746462
20120713;35;35.5;34.96;35.37;8481599
20120716;35.41;35.59;35.18;35.43;7381624
20120717;35.49;36.06;35.43;35.98;9475776
20120718;35.9;36.15;35.83;36.09;8134047
20120719;36.1;36.15;35.92;36.15;7311912
20120720;36.06;36.06;35.39;35.42;10405264
20120723;35.11;35.18;34.9;34.97;7246060
20120724;35;35;34.54;34.73;6374973
20120725;34.81;35.15;34.48;34.95;6643740
20120726;35.42;35.95;35.16;35.8;9306903
20120727;35.99;36.18;35.94;36.05;15218821
20120730;35.95;35.99;35.57;35.63;7356052
20120731;35.69;35.8;35.52;35.6;7621954
20120801;35.73;36;35.54;35.6;7036138
20120802;33.08;33.47;32.41;32.55;43525084
20120803;32.96;33.1;32.56;32.64;18311914
20120806;32.78;32.82;32.53;32.59;11521413
20120807;32.69;32.78;32.52;32.54;8109497
20120808;32.54;32.54;32;32.1;13485655
20120809;32.13;32.23;31.72;31.77;15343074
20120810;31.78;31.94;31.67;31.73;17032881
20120813;31.67;31.71;31.48;31.57;12806108
20120814;31.6;31.75;31.5;31.73;12160427
20120815;31.67;31.99;31.67;31.88;9877207
20120816;31.86;32.07;31.75;31.92;9925324
20120817;32.02;32.07;31.47;31.57;13686863
20120820;31.51;31.72;31.37;31.7;12007402
20120821;31.69;31.84;31.51;31.62;9225157
20120822;31.55;31.81;31.54;31.81;8895789
20120823;31.92;32.41;31.88;32.15;15441550
20120824;32.28;32.74;32.2;32.57;11765411
20120827;32.62;32.98;32.47;32.89;11116783
20120828;32.78;33.15;32.73;32.96;10661218
20120829;32.9;33.12;32.76;32.9;8311361
20120830;32.78;32.97;32.74;32.87;6070492
20120831;33.04;33.26;32.85;33.01;7334555
20120904;33.04;33.23;32.9;33.14;6710247
20120905;33.2;33.31;32.84;33.08;8719022
20120906;33.33;33.5;33.09;33.5;7600657
20120907;33.48;33.58;33.12;33.3;7830336
20120910;33.2;33.32;33.13;33.14;7961234
20120911;33.56;33.75;33.45;33.56;10662248
20120912;33.58;33.69;33.5;33.6;6952979
20120913;33.55;33.85;33.38;33.71;10064530
20120914;33.68;33.75;33.14;33.24;11752456
20120917;33.3;33.38;32.93;33.07;17065341
20120918;33;33.18;32.86;32.9;14648074
20120919;33.02;33.1;32.85;32.9;11071940
20120920;32.85;33.1;32.82;33.08;10386676
20120921;33.17;33.71;33.08;33.61;11949134
20120924;33.6;33.96;33.52;33.87;9157864
20120925;34.05;34.24;33.91;33.97;11356416
20120926;34.02;34.05;33.61;33.66;8615438
20120927;33.88;33.99;33.77;33.85;6776920
20120928;33.78;33.87;33.64;33.75;20973985
20121001;33.79;34.13;33.78;33.91;20400889
20121002;33.99;34.15;33.75;33.95;9162157
20121003;33.59;35.59;33.39;33.56;7483984
20121004;33.52;33.95;33.51;33.69;7255851
20121005;33.79;33.84;33.55;33.64;6660912
20121008;33.53;33.68;33.37;33.56;5185569
20121009;33.49;33.66;33.23;33.23;7656028
20121010;33.23;33.39;33.02;33.26;10614288
20121011;33.32;33.39;32.92;32.95;10373495
20121012;33.05;33.3;32.97;33.09;6381288
20121015;33.05;34.55;33;33.93;22301186
20121016;34.05;34.36;34.01;34.13;9746222
20121017;34.27;34.44;34.19;34.38;5984055
20121018;34.3;34.37;34.2;34.29;6131634
20121019;34.25;34.28;33.74;33.81;8550157
20121022;33.65;34.04;33.57;34.04;9672782
20121023;33.71;33.75;33.1;33.24;10124280
20121024;32.85;33.21;32.7;33.05;12524291
20121025;33.22;33.73;33.14;33.73;16764539
20121026;33.81;33.83;33.44;33.62;9164553
20121031;33.6;33.69;33.03;33.25;7950647
20121101;33.47;33.86;33.44;33.48;11474445
20121102;33.66;33.75;33.17;33.18;14852794
20121105;33.1;33.21;32.97;33.09;7639478
20121106;33.2;33.45;33.04;33.27;7544028
20121107;33.05;33.11;32.33;32.62;9238059
20121108;32.54;32.61;32.12;32.12;7168129
20121109;32.03;32.44;31.99;32.23;6998520
20121112;32.19;32.25;31.92;31.94;8010936
20121113;31.81;32.2;31.75;31.87;6695200
20121114;31.85;31.9;31.38;31.48;11418095
20121115;31.38;31.38;30.64;30.81;23039284
20121116;30.78;31.83;30.75;31.71;18815794
20121119;31.91;32.05;31.78;32.03;8239119
20121120;32.05;32.19;31.86;32.15;6498119
20121121;32.25;32.43;32.04;32.41;5576094
20121123;32.5;32.67;32.45;32.62;3453781
20121126;32.51;32.73;32.39;32.73;6786957
20121127;32.7;32.82;32.57;32.61;6876270
20121128;32.48;32.78;32.1;32.73;6113894
20121129;32.86;33.04;32.76;32.82;6014878
20121130;32.78;32.8;32.54;32.63;8590038
20121203;32.71;32.88;32.4;32.67;9350922
20121204;32.74;32.83;32.43;32.7;7261007
20121205;32.71;32.95;32.59;32.79;8381716
20121206;32.76;32.88;32.54;32.72;5547459
20121207;32.5;32.72;32.37;32.56;7278649
20121210;32.5;32.86;32.46;32.81;6906046
20121211;32.89;33.24;32.79;33.07;7486461
20121212;33.38;33.55;33.08;33.21;11161848
20121213;33.13;33.2;32.7;32.79;9106661
20121214;32.59;32.89;32.56;32.73;7627935
20121217;32.72;32.96;32.66;32.8;10174125
20121218;32.82;33.1;32.67;33.02;16620357
20121219;32.99;33.04;32.53;32.57;8865538
20121220;32.53;32.63;32.34;32.57;7304335
20121221;32.39;32.64;32.18;32.56;13800636
20121224;32.42;32.55;32.32;32.46;2805761
20121226;32.48;32.5;32.2;32.35;4105481
20121227;32.28;32.35;31.85;32.14;6860898
20121228;31.93;32.25;31.87;31.9;6489799
20121231;32.34;32.73;32.17;32.59;12463933
20130102;32.84;32.84;32.5;32.71;12153134
20130103;32.73;33.28;32.62;33.24;10281364
20130104;33.33;33.43;33.09;33.35;8631811
20130107;33.27;33.54;33.21;33.4;6047872
20130108;33.36;33.66;33.35;33.49;9656677
20130109;33.5;33.69;33.39;33.68;11742272
20130110;33.75;34.11;33.69;34.09;7943332
20130111;34.01;34.23;33.95;34.13;7067294
20130114;34.13;34.3;34.11;34.22;5605004
20130115;34.03;34.37;34.02;34.3;8170342
20130116;34.2;34.4;34.18;34.33;6278612
20130117;34.42;34.46;34.18;34.27;6722385
20130118;34.21;34.48;34.1;34.46;7424464
20130122;34.37;34.86;34.32;34.85;9315935
20130123;34.75;34.91;34.61;34.9;12752530
20130124;34.94;35.97;34.9;35.81;21433064
20130125;35.86;36.71;35.85;36.69;20039859
20130128;36.18;36.56;36.04;36.41;13036293
20130129;36.23;36.66;36.21;36.54;9501773
20130130;36.52;36.67;36.35;36.62;10989617
20130131;36.49;36.65;35.77;36.14;14268671
20130201;36.42;36.97;36.34;36.91;11814227
20130204;36.49;36.8;36.38;36.52;8562131
20130205;36.67;37.09;36.5;36.51;10766147
20130206;36.41;36.74;36.39;36.55;15233775
20130207;36.58;36.77;36.28;36.49;8029860
20130208;36.5;37.03;36.49;37.03;8462351
20130211;36.85;37.08;36.8;36.93;5318733
20130212;36.91;36.96;36.52;36.52;6694758
20130213;36.49;36.53;36.03;36.12;11953797
20130214;36.06;36.7;36.04;36.58;7408473
20130215;36.69;36.83;36.48;36.58;7042328
20130219;36.58;36.98;36.58;36.94;5517386
20130220;36.85;36.99;36.67;36.69;5774621
20130221;36.61;36.78;36.51;36.69;7063247
20130222;36.71;36.97;36.71;36.9;5027741
20130225;36.98;37.09;36.34;36.34;7779208
20130226;36.54;36.78;36.32;36.39;6692239
20130227;36.42;37.22;36.31;37.1;7370021
20130228;37.07;37.15;36.75;36.97;9328904
20130301;36.89;37.25;36.78;37.15;9752614
20130304;36.43;36.95;36.43;36.94;7199737
20130305;37;37.6;37;37.57;7663963
20130306;37.61;37.85;37.49;37.76;7229606
20130307;37.78;37.81;37.51;37.53;7642513
20130308;37.55;37.65;37.3;37.4;10532756
20130311;37.29;37.66;37.26;37.52;6715191
20130312;37.53;38.22;37.53;38.22;10266921
20130313;38.16;38.57;37.96;38.49;9564424
20130314;38.5;38.61;38.13;38.48;12371833
20130315;38.47;38.98;38.26;38.96;13220884
20130318;38.44;39.13;38.41;38.88;9022814
20130319;38.94;39.41;38.85;39.34;9687194
20130320;39.49;39.96;39.38;39.87;12546434
20130321;39.81;39.9;39.68;39.71;8730695
20130322;39.94;40.48;39.8;40.39;25838656
20130325;40.46;40.46;39.99;40.26;26234363
20130326;40.3;40.74;40.15;40.68;6782062
20130327;40.49;40.84;40.36;40.78;5793373
20130328;40.95;41.25;40.81;41.19;10888071
20130401;41.12;41.36;40.93;41.14;6613467
20130402;41.18;41.79;41.17;41.68;9127311
20130403;41.22;41.37;40.95;41.07;12053675
20130404;40.96;41.21;40.66;40.78;8597346
20130405;40.22;40.76;40.05;40.61;6492207
20130408;40.52;40.74;40.14;40.73;7201689
20130409;40.7;41;40.67;40.83;8696100
20130410;40.84;41.22;40.68;41.19;7598014
20130411;41.27;41.46;41.06;41.3;6939290
20130412;41.03;41.5;41.02;41.42;7196329
20130415;41.36;41.5;40.7;40.75;9014909
20130416;41.08;41.1;40.56;41.06;9873677
20130417;40.88;41.11;40.53;40.81;8612596
20130418;40.72;40.83;40.31;40.55;8538766
20130419;40.71;41.26;40.52;41.15;8233943
20130422;41.17;42;40.95;41.93;10884689
20130423;42.22;42.87;42;42.3;8818035
20130424;42.26;42.28;41.39;41.45;6818657
20130425;40.82;40.91;40.03;40.22;13873663
20130426;40.13;40.41;39.72;40.28;10986236
20130429;40.13;40.28;39.81;39.91;6720431
20130430;39.83;39.83;39.18;39.72;11859015
20130501;39.47;39.83;39.18;39.72;9960271
20130502;39.89;40.03;39.67;40.01;8235887
20130503;40.35;40.38;40.06;40.2;6184809
20130506;40.12;40.16;39.85;40.02;5827165
20130507;40.18;40.2;39.65;40.02;8143593
20130508;40.06;40.19;39.56;39.68;7680291
20130509;39.71;40;39.32;39.93;7654539
20130510;40.06;40.49;39.94;40.49;7725618
20130513;40.4;40.96;40.26;40.94;7301069
20130514;41;42.32;40.95;42.21;16785247
20130515;42.22;45.59;42.16;44.34;33360373
20130516;43.69;44.54;42.63;42.77;26067638
20130517;42.99;43.43;42.7;43.3;11130086
20130520;43.36;44.14;43.35;43.76;9534240
20130521;43.82;44.44;43.45;44.06;10156820
20130522;44.84;47.48;44.84;46.4;25347565
20130523;46.18;47.22;45.87;47;11956366
20130524;46.56;47.55;45.81;47.4;12605344
20130528;47.63;48.83;47.45;47.68;15042452
20130529;47.15;47.29;46.21;46.71;9825124
20130530;46.98;47.83;46.83;47.02;9857608
20130531;46.82;47.44;46;46.01;12291883
20130603;47.1;49.57;46.75;47.59;27387694
20130604;47.03;48.18;46.4;46.83;21513209
20130605;46.73;47.08;45.77;46.17;13963948
20130606;46.38;47.29;45.92;47;12446648
20130607;47.09;47.5;46.85;47.5;11201914
20130610;47.6;47.82;47.11;47.31;7341698
20130611;47;47.72;46.75;47.29;9303103
20130612;47.59;47.93;46.56;46.57;8841790
20130613;46.27;47.25;46.25;47.17;8514841
20130614;47.25;47.49;46.77;46.8;7540671
20130617;46.97;47.08;46.13;46.44;9537039
20130618;46.6;47;46.46;46.85;7155486
20130619;46.6;47.03;46.03;46.05;7827558
20130620;45.81;45.87;44.32;44.58;12531052
20130621;45.01;46.07;44.83;45.73;15315781
20130624;45.32;45.96;44.89;45.47;8740033
20130625;45.77;45.77;45.07;45.18;6948962
20130626;45.56;46.72;45.23;46.47;9040845
20130627;46.57;46.85;46.17;46.3;5902089
20130628;46.01;46.53;44.68;44.69;16342555
20130701;45.06;45.54;44.63;44.82;10018936
20130702;44.42;44.9;43.87;43.99;10522699
20130703;43.95;43.95;42.96;43.32;7266494
20130705;43.74;44.25;43.41;44.18;5466739
20130708;44.06;44.42;43.9;43.97;6758296
20130709;44.28;44.69;44.14;44.54;6101215
20130710;44.46;45.05;44.46;44.86;5259855
20130711;45.5;46.14;45.38;46.03;8573715
20130712;45.66;46.01;45.25;45.81;8595470
20130715;45.66;45.68;45.04;45.16;5922540
20130716;45.19;45.52;44.89;44.99;4515574
20130717;45.18;45.44;44.51;44.51;8249991
20130718;44.62;44.64;43.85;43.95;8159829
20130719;43.99;44.34;43.53;44.19;9123542
20130722;44.26;45;44.14;45;7308674
20130723;45.02;45.32;44.71;45.19;6991684
20130724;45.21;45.39;44.51;44.59;5237312
20130725;43.83;45.45;43.5;43.93;13016379
20130726;43.82;44.27;43.15;44.22;8224471
20130729;44.1;44.32;43.7;43.76;8874955
20130730;44.02;44.05;43.04;43.33;9837318
20130731;43.38;43.65;43.19;43.24;7961890
20130801;43.7;44.23;43.46;43.99;7702997
20130802;44.07;44.28;43.76;43.84;6182163
20130805;43.71;43.99;43.4;43.62;5975488
20130806;43.74;44.39;43.45;44.14;6843827
20130807;43.96;44.07;43.69;43.74;4710407
20130808;44.02;44.19;43.39;44;5931561
20130809;43.79;44.1;43.49;43.69;4189131
20130812;43.39;43.45;43.01;43.11;6177653
20130813;43.03;43.37;42.76;43.33;6495098
20130814;43.18;43.69;42.91;42.93;5096251
20130815;42.56;42.62;41.71;41.98;7261705
20130816;41.85;42.14;41.26;41.68;8485186
20130819;41.49;42.23;41.46;41.95;6968497
20130820;41.95;42.26;41.57;41.57;6078701
20130821;41.5;41.72;41.22;41.32;6794714
20130822;41.37;41.81;41.11;41.66;4615883
20130823;41.76;42.34;41.67;42.24;6673939
20130826;42.24;42.53;42.08;42.42;7087649
20130827;42.01;42.06;41.5;41.67;5999488
20130828;41.69;42.17;41.37;42.03;6096755
20130829;41.93;42.2;41.71;41.79;4466263
20130830;41.8;41.82;41.41;41.69;5960965
20130903;42.01;42.12;41.55;41.72;5043668
20130904;41.75;42;41.56;41.99;6948641
20130905;41.92;41.92;41.32;41.72;6381469
20130906;41.82;42.2;41.62;41.89;7240232
20130909;41.95;42.33;41.95;42.3;7220269
20130910;42.48;42.62;42.24;42.52;4672928
20130911;42.61;43.29;42.47;43.26;6526116
20130912;43.21;43.76;43.12;43.68;6565168
20130913;43.7;43.7;43.29;43.56;4606326
20130916;44.48;45.42;44.37;45.14;10213799
20130917;45.09;45.47;45.08;45.4;5845779
20130918;45.48;46.64;45.41;46.52;10419009
20130919;46.51;47.58;46.38;47.53;10868531
20130920;47.56;47.59;46.67;46.78;9966698
20130923;46.61;46.62;45.98;46.55;5769180
20130924;46.36;47.12;46.26;46.82;7264180
20130925;46.75;46.89;46.41;46.61;6792062
20130926;46.61;47.09;46.52;46.93;4145250
20130927;46.59;46.72;45.9;46.2;8514355
20130930;45.71;46.54;45.7;46.28;11389227
20131001;46.45;47.26;46.42;47.24;7915392
20131002;46.85;47.24;46.4;46.93;6041560
20131003;46.78;46.93;46.14;46.56;5362311
20131004;46.68;47.55;46.33;47.52;6265246
20131007;47.21;47.47;47.01;47.02;4908624
20131008;46.93;47.04;46.57;46.6;6375498
20131009;46.69;46.8;46.16;46.41;5345160
20131010;46.85;47.9;46.79;47.84;6864811
20131011;47.88;47.88;47.36;47.68;5153754
20131014;47.37;47.94;47.18;47.67;6007009
20131015;47.52;47.94;47.36;47.39;5004218
20131016;47.85;48.88;47.7;48.8;7092379
20131017;48.58;49.78;48.51;49.67;7330084
20131018;49.91;49.91;49.17;49.72;6559214
20131021;49.67;49.67;48.75;49.27;4534548
20131022;49.25;49.92;49.21;49.73;7796254
20131023;49.82;49.84;48.68;48.96;5408869
20131024;49.38;49.7;49.17;49.37;5637349
20131025;49.23;49.35;48.53;48.77;5949891
20131028;50.36;52.36;50.31;52.02;28012668
20131029;52.01;53.68;51.9;53.32;13576286
20131030;53.59;53.59;52.63;53.13;6748504
20131031;53.09;53.14;52.5;52.52;6520904
20131101;52.63;53.2;52.36;52.48;7328589
20131104;52.71;53.14;52.67;53.04;9217168
20131105;53.09;53.1;52.13;52.52;7996587
20131106;52.87;52.89;51.91;52.04;5466029
20131107;52.11;52.24;51.01;51.3;6434057
20131108;51.32;52.42;51.26;52.35;7655282
20131111;52.38;53.24;52.35;52.58;5688168
20131112;52.4;52.85;52.02;52.54;5878813
20131113;52.09;52.3;51.6;51.86;12104905
20131114;52.2;53.14;52.12;52.74;10478599
20131115;52.76;53;52.14;52.42;9196772
20131118;52.62;52.68;51.76;51.86;5572052
20131119;51.9;52.1;51.4;51.98;5163158
20131120;51.79;52.09;51.31;51.79;6255483
20131121;52;52.36;51.77;52.35;5911298
20131122;52.46;53.54;52.19;53.41;8475598
20131125;53.39;53.61;52.72;52.85;5835089
20131126;52.77;52.87;51.35;51.88;10806621
20131127;52.17;52.35;51.47;51.67;5428654
20131129;51.95;52.08;51.34;51.38;3020658
20131202;51.29;52;51.22;51.48;5884759
20131203;51.37;51.6;50.81;50.96;4933910
20131204;50.65;51.54;50.52;51.08;8181552
20131205;50.96;51.6;50.64;50.8;5443433
20131206;51.2;51.31;50.22;50.68;8421284
20131209;50.59;52;50.51;51.21;7682074
20131210;50.99;51.33;50.79;51.23;6119807
20131211;51.11;51.11;50.39;50.65;6774277
20131212;50.54;50.79;50.11;50.55;6328219
20131213;50.71;50.87;50.11;50.73;5361707
20131216;50.79;51.16;50.31;50.88;5557656
20131217;51;51.32;50.39;51.1;6398884
20131218;51.29;52.7;50.73;52.59;8875347
20131219;53.47;54.49;52.92;53.84;11879055
20131220;54;54.38;53.14;53.37;11075263
20131223;53.42;53.59;53.02;53.33;5004133
20131224;53.09;53.29;52.62;53.2;2533888
20131226;53.18;53.62;52.98;53.6;2644610
20131227;53.66;53.8;53.08;53.15;3658583
20131230;53.03;53.48;52.56;53.42;4418217
20131231;53.05;53.39;52.59;53.15;3994897
20140102;52.52;53.16;52.14;52.27;5654293
20140103;52.41;53.18;52.37;52.85;4485149
20140106;53.07;53.1;52.43;52.64;7741888
20140107;52.6;53.46;52.5;52.56;8966522
20140108;52.48;53.44;52.3;53.42;6442449
20140109;53.69;55.09;53.64;55.03;10360412
20140110;55.82;56.28;55.42;56.18;14494885
20140113;55.96;56.83;55.31;55.42;12153604
20140114;55.49;55.98;54.83;55.68;10012169
20140115;55.7;55.72;54.3;54.5;10144475
20140116;54.25;55.07;54.14;54.8;9356029
20140117;54.92;55.07;54.26;54.36;8919343
20140121;54.43;55.18;54.22;54.59;7880020
20140122;54.74;55.18;54.59;54.81;6549233
20140123;54.31;54.31;52.71;53.95;14128034
20140124;54.6;55.47;50.31;50.94;29327432
20140127;51.08;51.09;49.45;49.72;19695610
20140128;49.92;51.5;49.91;51.07;13142634
20140129;50.72;51.23;49.85;50.22;11328848
20140130;50.61;51.06;50.17;50.49;7533737
20140131;50.04;50.47;49.76;49.97;7726354
20140203;50.13;50.29;48.54;48.64;10149923
20140204;48.78;49.38;48.51;48.94;7643511
20140205;48.58;49;47.52;48.54;12446914
20140206;48.81;49.18;48.6;48.98;8136709
20140207;48.98;50.37;48.96;50.33;8585289
20140210;50.9;52.17;50.62;52.12;11142205
20140211;51.66;52.98;51.38;52.62;10613858
20140212;52.62;53.33;52.54;52.85;8110369
20140213;52.6;53.5;52.51;53.49;6074717
20140214;53.41;54.47;53.4;54.37;8241355
20140218;54.24;54.96;54.21;54.63;7657774
20140219;54.23;54.62;53.42;53.46;8402458
20140220;53.64;53.9;53.44;53.85;12437806
20140221;53.41;54.57;53.38;54.14;7107321
20140224;54.24;54.77;54.23;54.31;6620924
20140225;54.33;54.53;53.63;53.68;7250352
20140226;53.64;54.04;53.45;53.57;5898011
20140227;53.56;54.1;53.5;53.95;6487365
20140228;53.91;54.92;53.4;53.77;7803059
20140303;53.17;53.68;52.91;53.49;5198604
20140304;53.98;56.74;53.98;56.42;11926668
20140305;56.22;57.06;55.52;56.61;8941337
20140306;56.43;57.49;55.54;55.56;8018589
20140307;55.73;55.91;54.87;55.83;5138372
20140310;55.88;56.16;55.21;56.14;4327398
20140311;55.99;56.31;55.73;55.83;4736074
20140312;55.29;55.35;54.87;55.24;7812574
20140313;55.32;55.52;54.13;54.18;8184573
20140314;54.16;54.44;53.88;54;8054511
20140317;54.48;54.9;54.18;54.72;7305584
20140318;54.68;54.93;54.28;54.73;5307022
20140319;54.9;55.47;54.57;54.74;6697992
20140320;54.58;54.58;53.5;53.78;10382325
20140321;54.31;54.97;52.06;52.06;17016749
20140324;52.21;52.24;50.16;51.04;19823853
20140325;51.44;51.57;50.58;51.04;8380682
20140326;51.27;52.93;51.24;52.66;16144660
20140327;52.56;52.57;51.51;52.33;8062269
20140328;52.71;53.02;51.47;51.82;6318789
20140331;52.15;52.3;51.7;51.95;6768949
20140401;52.23;52.39;51.23;51.87;7331608
20140402;51.57;51.91;51.41;51.59;7908078
20140403;51.55;51.8;50.7;50.87;7858350
20140404;51.28;51.71;49.89;49.89;8436223
20140407;49.77;50.89;49.77;50.28;7987701
20140408;50.77;50.77;49.01;49.06;11008381
20140409;49.3;50.62;49.06;50.57;9247005
20140410;50.15;50.56;49.01;49.29;9566962
20140411;49.08;49.48;48.75;48.83;8079440
20140414;49.29;49.29;47.42;47.96;10249403
20140415;48.29;48.48;47.48;48.17;13265208
20140416;48.42;49.21;48.41;49.11;7649940
20140417;49.04;49.68;48.95;49.46;6670783
20140421;49.66;50.6;49.58;50.51;5414774
20140422;50.47;51.49;50.32;50.99;7609576
20140423;51.16;51.16;50.69;50.95;6524171
20140424;51.03;51.03;50.31;50.71;5499974
20140425;50.58;50.88;50.31;50.5;5581579
20140428;50.89;51.22;49.4;50.36;7700934
20140429;48.56;49.85;48.26;49.32;12550715
20140430;49.44;50.42;49.32;50.09;10277022
20140501;49.95;49.95;48.86;49.52;8886440
20140502;49.5;49.85;49.28;49.8;8288267
20140505;49.55;50.07;49.17;50.03;5823046
20140506;49.98;51.24;49.72;50.93;10593247
20140507;50.8;51.01;50.04;50.77;9114319
20140508;50.57;51.06;50.25;50.74;7817150
20140509;50.9;51.39;50.3;51.18;6987174
20140512;51.52;52.31;51.35;52.01;8001229
20140513;52.01;52.49;51.86;52.19;4637006
20140514;52.24;52.39;51.75;52.12;6297392
20140515;49.51;49.89;48.1;48.93;28558998
20140516;49.06;49.18;48.58;48.78;11151358
20140519;48.62;49.45;48.54;49.34;7059619
20140520;49.13;49.33;48.47;48.76;7341730
20140521;48.92;49.15;48.68;48.71;5162362
20140522;48.58;49.24;48.43;48.8;8124177
20140523;48.82;49.09;48.57;48.79;4340353
20140527;48.89;49.14;48.67;48.89;5884619
20140528;48.89;49;48.48;48.63;4867837
20140529;49.25;49.68;48.76;49.52;6092998
20140530;49.56;49.99;49.35;49.74;8678886
20140602;49.9;50;48.37;49.09;11302604
20140603;48.96;49.24;48.7;48.98;5809010
20140604;48.69;48.78;47.06;47.52;23032266
20140605;47.53;47.69;46.3;47.21;16331115
20140606;47.4;47.49;46.89;47.25;7643375
20140609;47.31;47.35;46.51;46.59;11932197
20140610;46.54;47.13;46.5;46.91;8838920
20140611;46.81;47.52;46.67;46.96;9221869
20140612;46.8;47.45;46.71;46.88;7207600
20140613;46.88;47.37;46.76;47.09;6284994
20140616;47.17;47.56;46.84;47.27;8530382
20140617;47.23;47.64;47.11;47.46;7927757
20140618;47.54;48.14;47.4;48.06;9095160
20140619;48.16;48.44;47.64;47.84;7364272
20140620;47.67;48.01;47.49;47.79;15352444
20140623;47.98;48.06;47.54;48;6592275
20140624;47.74;48.44;47.64;48.3;10705969
20140625;49.27;49.99;49.11;49.73;16412163
20140626;49.79;49.91;49.22;49.55;7884536
20140627;49.55;49.8;48.91;49.05;13492257
20140630;49.17;49.3;48.36;48.51;9553337
20140701;48.51;48.52;47.95;48.12;8836415
20140702;47.67;48.37;47.64;48.24;7527715
20140703;48.4;48.62;48.12;48.44;3204129
20140707;48.48;48.58;47.84;48.01;4919554
20140708;47.77;47.89;47.34;47.86;6872546
20140709;47.86;47.93;47.55;47.92;5019084
20140710;47.64;48.81;47.55;48.51;7811809
20140711;48.4;48.7;48.27;48.62;3759372
20140714;48.76;49.22;48.46;49.08;6139333
20140715;49.06;49.34;48.54;48.71;8278914
20140716;48.86;49.09;48.41;48.8;6084017
20140717;48.46;48.89;48.23;48.42;5834409
20140718;48.5;49.19;48.28;49.12;7450147
20140721;48.86;49.22;48.79;48.92;7534727
20140722;49.11;49.57;49.07;49.12;5015923
20140723;49.16;49.49;49;49.32;6281228
20140724;48.96;49.89;48.56;49.46;8752157
20140725;49.34;49.48;49.02;49.39;5872244
20140728;49.39;49.91;49.08;49.8;6378347
20140729;49.92;51.34;49.83;51.01;12662179
20140730;51.21;51.3;50.68;51.12;9151941
20140731;50.62;51.14;50.49;50.62;8217512
20140801;50.79;50.97;49.71;49.81;7957399
20140804;49.82;50.21;49.68;49.98;6006606
20140805;49.73;49.93;49.14;49.36;5605696
20140806;49.22;49.9;49.06;49.48;5035387
20140807;49.56;49.69;48.51;48.65;6767710
20140808;48.77;49.22;48.52;49.19;4408689
20140811;49.52;49.73;49;49.09;3613069
20140812;49.01;49.39;48.83;48.98;4565850
20140813;49.35;49.66;49.08;49.17;6010306
20140814;49.3;49.93;49.26;49.82;5862243
20140815;49.98;50.18;49.24;49.68;5324866
20140818;49.94;50.13;49.77;49.99;4616955
20140819;50.16;50.3;49.83;50.3;4382866
20140820;50.07;50.29;49.88;50.04;3569959
20140821;49.95;50.24;49.79;49.99;3709140
20140822;49.94;50.25;49.92;50.18;4724778
20140825;50.25;50.9;50.09;50.73;4197322
20140826;50.75;50.94;50.57;50.77;2970919
20140827;50.95;50.95;50.1;50.25;4864958
20140828;50.16;50.65;50.16;50.54;3436344
20140829;50.67;50.68;50.3;50.65;4020592
20140902;50.62;50.79;50.12;50.58;4381788
20140903;50.68;50.76;50.29;50.53;4769836
20140904;50.67;50.68;50.3;50.55;4933176
20140905;50.6;51.14;50.34;51.12;5728931
20140908;51.01;51.25;50.93;51.19;3469018
20140909;51.25;51.25;50.38;50.48;4995693
20140910;50.58;51.3;50.41;51.08;6256934
20140911;51;51.27;50.42;50.68;4110516
20140912;50.64;50.89;50.13;50.26;4021389
20140915;50.19;50.37;49.75;49.95;3911685
20140916;49.98;51.17;49.7;51.15;7004495
20140917;51.09;51.14;50.58;50.88;5208416
20140918;51.05;51.43;50.92;51.12;4917885
20140919;51.44;51.77;51.38;51.51;7082766
20140922;51.5;51.8;51.45;51.67;4684921
20140923;51.28;51.64;50.83;51.29;4113327
20140924;51.35;52.11;51.33;51.96;7454062
20140925;51.92;51.99;51.47;51.62;6014078
20140926;51.78;51.85;50.64;51.1;5708805
20140929;50.8;52.17;50.7;51.71;6322404
20140930;51.7;51.96;51.14;51.18;6066989
20141001;51.01;51.01;50.25;50.53;6095829
20141002;50.53;50.9;50.01;50.21;5891415
20141003;50.51;50.99;50.4;50.85;5499341
20141006;51.07;51.22;50.54;51.11;5309756
20141007;50.66;50.79;49.75;49.77;6974789
20141008;49.94;50.25;49.12;50.21;6968059
20141009;50.19;50.65;49.47;49.5;6586641
20141010;49.77;51.01;49.77;50.28;8427868
20141013;50.24;50.42;48.97;49.09;5052495
20141014;49.35;49.68;48.61;48.92;4967554
20141015;48.36;49.13;47.55;48.96;7472355
20141016;48.87;49.65;48.56;49.22;7188277
20141017;49.57;50.78;49.41;50.42;9481484
20141020;50.38;50.63;50.06;50.56;5871016
20141021;51.01;52.11;50.76;51.95;6774295
20141022;52.01;52.31;51.67;51.84;6227175
20141023;52;52.89;52;52.5;7491417
20141024;52.56;54.36;52.48;53.63;9029190
20141027;53.67;54;53.09;53.53;7450668
20141028;53.78;54.7;53.76;54.2;10166844
20141029;54.15;54.19;53.62;54.16;6607019
20141030;55.72;59.03;55.61;58.98;28343499
20141031;58.52;58.88;57.32;58.19;18999067
20141103;58.31;58.77;57.35;57.8;11947207
20141104;57.72;58.39;57.59;57.84;6774404
20141105;57.97;58.34;57.38;57.82;4629058
20141106;57.65;58.81;57.52;58.46;9610792
20141107;58.26;58.4;58.01;58.32;4590155
20141110;58.16;58.83;57.72;58.81;4957221
20141111;58.68;59.17;58.51;58.72;4120506
20141112;58.68;58.79;58.28;58.61;3837849
20141113;58.22;58.32;57.43;57.8;7531157
20141114;57.54;58.02;57.35;57.95;5014921
20141117;57.73;58.57;57.72;58.43;4704120
20141118;58.3;58.98;58.16;58.7;6699588
20141119;58.58;58.83;58.22;58.81;6554502
20141120;58.42;58.77;58.29;58.61;5233733
20141121;59.47;59.5;58.66;58.8;5924454
20141124;58.92;59;58.5;58.87;3260697
20141125;58.82;58.86;58.09;58.52;5774757
20141126;58.69;58.9;58.36;58.86;3746655
20141128;58.79;59.72;58.79;59.05;3236122
20141201;59.21;60.43;58.85;59.05;7134592
20141202;59.18;59.51;58.88;59.24;4503345
20141203;59.26;59.76;58.92;59.03;4643955
20141204;59.06;59.43;58.6;58.89;4427204
20141205;58.96;60.87;58.79;60.65;11459894
20141208;60.8;61.2;60.55;60.67;6698189
20141209;59.89;60.01;59.12;59.97;4781575
20141210;60.18;60.26;59.19;59.28;4220641
20141211;59.36;60.52;59.36;59.68;5559068
20141212;59.5;59.95;58.74;58.75;6515774
20141215;58.85;59.07;57.61;58.55;6944503
20141216;58.3;58.95;57.67;57.69;7603903
20141217;57.87;59.38;57.6;59.19;7136963
20141218;59.96;60.79;59.57;60.79;6976010
20141219;60.84;61.64;60.6;61.3;10975053
20141222;60.92;61.4;60.5;61.06;5572555
20141223;61.77;61.77;58.7;59.16;8482982
20141224;59.17;59.5;59.12;59.15;2312092
20141226;59.37;60;59.33;59.58;2862680
20141229;59.36;59.9;59.36;59.81;3589337
20141230;59.41;59.72;59.19;59.39;3458904
20141231;59.3;60.14;58.96;59.03;4352255
20150102;59.43;59.93;59.3;59.51;4892115
20150105;59.36;59.4;58.04;58.58;5936540
20150106;58.87;59.5;58.11;58.48;6040892
20150107;59.15;59.54;58.82;59.24;6278438
20150108;59.83;61.07;59.83;60.72;8405132
20150109;60.87;60.92;60.09;60.32;3904860
20150112;64.23;64.44;61.98;62.18;14173796
20150113;62.56;63.54;62.31;63.12;12833629
20150114;62.04;63.15;61.74;62.95;5500341
20150115;63;63.3;61.48;61.63;9095572
20150116;61.39;62.4;61.25;62.31;6846810
20150120;62.55;63.1;62.01;62.45;7138924
20150121;62.19;62.52;61.77;61.95;4943054
20150122;62.19;62.49;61.37;62.09;9247516
20150123;62.15;62.49;61.76;62.07;3741340
20150126;61.83;62.65;61.67;62.46;4908414
20150127;61.86;62.99;61;61.99;7767830
20150128;62.42;62.85;61.17;61.33;6294896
20150129;61.2;61.31;60.27;61.14;6394609
20150130;60.77;61.34;60.17;60.27;8227058
20150202;60.71;60.74;59.24;60.23;6929521
20150203;60.6;60.77;59.19;59.86;7309731
20150204;59.51;59.75;58.76;59.24;7261852
20150205;59.41;60.33;59.28;60.23;3895686
20150206;59.98;60.28;59.44;59.67;4356576
20150209;59.32;59.75;58.65;58.85;3965666
20150210;59.17;59.91;59.13;59.83;5403283
20150211;59.62;59.96;58.85;59.31;4104286
20150212;59.65;59.76;59.23;59.48;4557720
20150213;59.71;60.05;59.46;60.04;5163191
20150217;60.08;60.45;59.78;60.1;4479440
20150218;60.06;60.06;58.84;60.01;6787698
20150219;59.65;59.99;58.97;59.55;4252364
20150220;59.32;60.56;59.28;60.52;6660457
20150223;60.48;61.49;60.34;61.29;5763639
20150224;61.15;61.5;60.64;61.45;4622759
20150225;61.37;61.48;60.7;61.22;4937395
20150226;61.19;61.61;60.75;61.46;3982628
20150227;61.24;61.55;60.87;60.92;3990307
20150302;61.12;62.46;61.04;62.3;6553255
20150303;62.25;62.25;61.34;61.92;4236232
20150304;61.75;65.92;61.18;65.67;17454450
20150305;65.99;67.18;65.69;66.05;12553679
20150306;66.21;66.21;64.87;65.12;6529096
20150309;65.25;66.55;65.07;66.36;7412239
20150310;65.78;66.5;64.95;65.53;6377990
20150311;66.11;66.3;65.43;65.6;4815980
20150312;65.79;67.38;65.73;66.65;7556566
20150313;66.43;67.46;66.37;66.87;5223637
20150316;67.11;68.2;67.08;68.03;6416196
20150317;67.61;67.84;67.26;67.62;5293728
20150318;67.27;68.69;66.78;68.47;6641962
20150319;68.37;68.68;68.09;68.32;4078408
20150320;69;69.2;67.74;67.76;10018133
20150323;67.72;68.12;67.29;67.58;4523257
20150324;66.82;67.26;65.54;65.69;10532632
20150325;65.7;66.39;64.65;64.7;7000981
20150326;64.56;65.52;64.15;65;5799704
20150327;65.19;66.11;65;65.26;4964387
20150330;65.57;66.12;65.29;65.76;4159215
20150331;65.48;65.74;64.5;64.5;7823563
20150401;64.2;64.2;62.88;63.56;8836559
20150402;63.72;63.94;63.06;63.23;5025748
20150406;62.74;63.56;62.66;63;5185950
20150407;63.4;63.9;62.98;63;4318049
20150408;63.08;63.85;62.89;63.52;4179522
20150409;63.53;64.1;62.96;63.46;4107586
20150410;63.35;64.89;63.19;64.64;4958101
20150413;64.23;65.5;63.94;63.95;6215023
20150414;64.18;64.41;63.56;64.03;4484224
20150415;64.39;64.83;63.43;63.43;7056296
20150416;63.3;63.84;62.93;63.68;4107360
20150417;66.08;66.26;64.82;65.35;14385979
20150420;65.73;66.25;65.24;65.86;9362365
20150421;67.11;67.53;66.09;66.81;6746531
20150422;66.81;66.97;66.35;66.6;5351689
20150423;66.29;66.39;65.69;66;4442740
20150424;65.82;66.12;65.2;65.8;5393455
20150427;66.05;66.16;64.73;65.16;7510071
20150428;64.71;64.86;63.4;64.54;8777428
20150429;64.39;64.98;63.58;64.29;4987083
20150430;64.26;64.66;63.42;63.73;6815183
20150501;64.28;64.74;64.15;64.66;4422552
20150504;64.75;65.53;64.72;65.32;4645217
20150505;64.7;65.34;64.7;65.03;6069754
20150506;65.15;65.15;64.43;64.67;6448570
20150507;64.57;65.25;64.51;65.05;4339720
20150508;65.6;66.96;65.6;66.93;5464298
20150511;66.99;68.43;66.95;68.11;7213529
20150512;67.55;67.68;67.08;67.5;5027580
20150513;67.54;68.01;67.03;67.4;4583767
20150514;66.9;67.88;66.37;67.45;6516604
20150515;67.61;68.13;67.07;67.64;6700612
20150518;67.64;68.13;67.59;68;4287950
20150519;68.04;68.49;67.91;68.27;3938399
20150520;68.41;69.86;68.29;69.08;7379827
20150521;68.94;69.01;68.46;68.89;3987378
20150522;68.73;68.73;68.2;68.3;4419017
20150526;68.02;68.24;67.22;67.5;5696302
20150527;67.65;68.66;67.44;68.4;6611574
20150528;68.28;69.23;68.19;69.15;4633676
20150529;69.16;69.44;63.16;64.6;28412637
20150601;66.63;67.31;66.01;66.48;17656671
20150602;66.55;66.55;65.27;65.8;9920069
20150603;65.65;66.23;65.42;65.7;5683429
20150604;65.35;66.77;65.18;65.77;10707779
20150605;65.56;66.26;65.03;66.2;7697565
20150608;65.85;66.04;65.15;65.32;6939711
20150609;65.26;65.42;64.89;65.08;7134295
20150610;65.32;65.89;65.05;65.53;8057155
20150611;65.78;66;65.54;65.85;6107054
20150612;65.69;65.95;64.89;65.28;6326712
20150615;64.9;66.18;64.26;65.42;6076422
20150616;65.47;65.99;65.12;65.97;3349983
20150617;65.72;66.5;65.52;66.3;6432760
20150618;66.32;67.22;66.32;66.62;5485662
20150619;66.49;67.44;66.49;66.8;8432636
20150622;67.31;67.73;66.93;67.06;4326961
20150623;67.24;68.14;67.16;67.33;5639638
20150624;67.29;67.38;66.71;66.81;4104626
20150625;67;67.59;66.74;66.84;5097532
20150626;67.04;67.68;66.94;67.54;17278027
20150629;67.24;67.49;65.9;65.97;4710487
20150630;66.63;66.71;65.94;66.54;6236090
20150701;66.45;67.71;66.36;67.67;7486104
20150702;67.87;68.08;67.34;67.48;5204332
20150706;67.17;68.19;67.01;67.5;5896861
20150707;67.89;68.39;67.09;68.23;4781962
20150708;67.88;68.28;67.46;67.74;6179228
20150709;68.45;68.66;67.89;67.89;4953783
20150710;68.66;69.49;68.4;69.27;6123604
20150713;69.65;69.85;69.26;69.66;4572954
20150714;69.66;70.28;69.45;70.06;3546226
20150715;69.95;70.42;69.09;69.28;5218048
20150716;69.68;69.95;69.36;69.38;4139717
20150717;69.26;69.35;68.89;69.29;3522835
20150720;70.44;70.54;69.72;69.97;4758162
20150721;70.11;70.2;68.86;68.87;6107105
20150722;68.79;69.55;68.47;69.37;7786070
20150723;69.66;69.66;67.74;68.24;8947014
20150724;68.07;68.07;65.98;65.98;6866757
20150727;65.7;65.7;64.29;64.3;9237536
20150728;64.45;64.72;64.11;64.66;9173089
20150729;64.99;65.12;64.31;64.89;4920464
20150730;64.55;64.83;63.82;64.46;4168208
20150731;64.8;66.78;64.64;65.64;7955156
20150803;65.95;66.13;64.69;65.34;4611621
20150804;65.47;65.55;64.65;64.84;3890142
20150805;65.11;65.48;65.05;65.06;3902904
20150806;65.13;65.27;63.34;63.54;4732639
20150807;63.5;63.59;62.16;63.41;7424040
20150810;63.97;64.35;63.84;63.89;5681532
20150811;63.41;63.78;62.37;62.66;5409089
20150812;62.31;62.6;61.27;62.39;6787744
20150813;62.4;62.69;61.8;62.42;3686926
20150814;62.45;63.28;62.41;63.08;6060667
20150817;62.71;63.61;62.57;63.47;3993806
20150818;63.5;64.62;63.46;64.28;7992213
20150819;63.27;64.97;63.22;64.12;5245786
20150820;63.49;63.79;62.71;62.71;5333966
20150821;62.26;62.83;61.01;61.07;7516392
20150824;57.99;60.94;51.82;58.65;15215037
20150825;60.19;60.54;57.88;57.88;8146154
20150826;59.31;60.12;57.75;60.03;10246517
20150827;60.51;60.88;59.48;60.82;7446914
20150828;60.22;61.05;59.77;60.61;5326332
20150831;60.64;60.99;59.28;59.47;5680015
20150901;58.55;59.29;57.94;58.2;8879135
20150902;58.95;59.72;58.55;59.61;7219265
20150903;60.42;60.97;58.61;58.75;8231051
20150904;58.08;58.48;56.9;57.3;9289194
20150908;58.38;59.08;56.32;58.99;11438193
20150909;59.46;59.52;57.86;58.03;7931492
20150910;58.22;59.15;58.04;58.75;7520504
20150911;58.5;59.28;58.49;59.22;9623979
20150914;59.4;59.82;58.82;59.17;4960634
20150915;59.28;60.2;58.84;60.09;7190002
20150916;60.24;61.77;60.1;61.61;9551045
20150917;61.41;63.12;61.28;62.19;7396427
20150918;62.18;64.68;62.04;64.34;18650256
20150921;64.42;64.68;62.2;62.72;10273273
20150922;61.96;62.9;61.35;62.09;7557939
20150923;62.35;62.71;61.47;61.74;4766706
20150924;61.27;62.02;60.45;61.8;6380638
20150925;62.33;62.48;59.63;60.24;9427788
20150928;59.8;59.93;57.03;57.46;11017436
20150929;57.93;59.92;57.42;58.95;10515114
20150930;59.44;59.61;58.61;59.2;11274740
20151001;59.26;60.52;58.97;60.05;11280898
20151002;59.08;63.18;58.96;62.23;13527829
20151005;62.66;63.22;61.33;61.97;8039898
20151006;61.77;62.13;58.39;59.88;10075507
20151007;59.97;61.38;59.06;60.55;8243817
20151008;60.2;60.87;59.6;60.51;6268591
20151009;59.88;61.53;59.82;61.44;9492139
20151012;60.98;62.9;60.65;62.71;5888341
20151013;62.56;63.33;62.13;62.34;7260635
20151014;62.4;63.25;61.91;62.08;4457274
20151015;62.05;63.72;61.66;63.62;4641728
20151016;64.04;64.71;63.76;64.49;5919360
20151019;64.49;65.49;64.25;65.08;6023507
20151020;64.93;64.99;63.08;63.89;5965102
20151021;64.24;64.27;61.5;62.51;8095841
20151022;62.87;63.4;61.69;63.18;7908026
20151023;63.58;65.55;63.48;65.16;8081611
20151026;64.74;65.77;64.35;64.55;6679469
20151027;65.5;66.98;64.95;66.8;9075700
20151028;66.81;68.17;66.12;67.59;6446679
20151029;67.5;68.48;66.98;67.31;4570360
20151030;67.34;67.6;65.95;65.95;6458018
20151102;66.56;66.9;65.57;65.75;7508161
20151103;65.77;66.27;65.1;66.08;5509932
20151104;65.94;66.14;65.01;65.62;5241709
20151105;65.79;66;65.2;65.55;3918371
20151106;65.48;65.58;64.14;65.45;5504028
20151109;65.08;65.44;64.54;64.99;3987396
20151110;65.03;65.59;64.7;65.05;4023959
20151111;65.39;65.39;64.19;64.24;3989967
20151112;64.09;64.69;63.69;63.72;4037335
20151113;63.74;64.53;63.57;64.15;6239054
20151116;64.15;65.13;63.71;65.02;4660337
20151117;64.93;66.61;64.67;65.73;4959586
20151118;66;67.71;65.96;67.61;6169900
20151119;67.42;67.88;66.74;66.94;4010165
20151120;67.37;69;67.16;67.82;6052230
20151123;67.82;68.46;67.41;67.99;5605472
20151124;67.63;67.95;67.24;67.82;6022358
20151125;67.82;68.45;67.59;68.08;3706900
20151127;68.08;68.44;67.81;67.85;1385063
20151130;67.85;67.99;66.85;67.01;6167705
20151201;67.54;68.37;66.93;68.26;5529935
20151202;68.62;69.71;67.66;67.78;5924541
20151203;67.59;68.04;66.14;66.45;6804388
20151204;66.88;69.31;66.85;69.11;6775150
20151207;69;69.45;68.48;68.84;4865506
20151208;68.38;69.85;68.35;69.4;5215206
20151209;69.1;69.39;68.27;68.56;4814941
20151210;68.56;69.42;68.17;68.94;3784057
20151211;68.09;68.46;67.47;67.62;4187037
20151214;67.89;68.69;67.34;68.64;5966866
20151215;69.3;70.48;69.3;70.22;8250218
20151216;70.35;70.84;69.07;70.71;6232264
20151217;70.79;70.87;69.21;69.28;7068720
20151218;68.81;69.18;67.63;67.64;9868458
20151221;68.23;68.65;67.31;68.04;4123994
20151222;68.3;68.44;67.36;68.31;3320739
20151223;68.55;69.1;68.24;68.99;4048886
20151224;68.78;69.25;68.44;68.97;1668247
20151228;68.76;69.18;68.63;69.17;3003950
20151229;69.49;70.14;69.35;69.74;4038270
20151230;69.5;70.03;69.35;69.52;3446043
20151231;69.12;69.73;68.79;68.79;4006957
20160104;67.45;67.91;66.38;67.03;7113665
20160105;67.5;68.9;67.42;68.35;7812690
20160106;67.47;68.27;66.85;67.15;6691449
20160107;65.85;66.69;64.95;65.29;8436592
20160108;65.6;65.79;63.5;63.63;9076390
20160111;63.71;63.99;61.98;62.98;10337826
20160112;63.25;63.79;62.12;63.44;7796178
20160113;63.6;64.48;61.19;61.28;9706373
20160114;61.32;63.91;60.89;63.51;9343607
20160115;61.69;62.92;61.07;62.78;11230577
20160119;63.61;64.43;62.56;63.21;8463211
20160120;62.24;64.58;61.8;63.55;8702941
20160121;63.94;63.97;62.5;63.13;5665356
20160122;64.46;64.8;63.65;64.4;6644011
20160125;64.23;64.42;62.64;62.92;7957093
20160126;63.03;63.05;61.92;62.69;5531497
20160127;62.94;62.95;61.16;61.71;7537371
20160128;64.17;64.25;60;61.16;17001388
20160129;61.65;62.64;61.16;62.16;10139282
20160201;61.87;62.36;60.05;60.82;10195792
20160202;60.03;60.3;58.46;58.87;9915432
20160203;59.2;60.18;57.94;60.12;11153896
20160204;59.62;60.75;59.19;59.7;7987211
20160205;59.75;60.06;58.99;59.63;7129501
20160208;59.04;61.17;58.77;60.72;10656014
20160209;60.27;61.98;60.03;61.02;6391917
20160210;61.25;62.42;60.92;61.08;5933605
20160211;59.88;60.25;58.94;59.52;6632313
20160212;60.2;60.41;59.16;60.2;5979602
20160216;62.72;62.72;61.35;62.18;7807975
20160217;62.89;64.02;61.96;63.92;6971397
20160218;63.95;64.02;62.91;63.32;6338699
20160219;62.92;64.54;62.91;63.8;5873207
20160222;63.9;64.42;63.33;63.7;5821705
20160223;63.28;63.35;62.02;62.07;6293877
20160224;61.84;62.36;60.83;62.23;4825877
20160225;62.63;63.06;62.3;63.03;4500491
20160226;63.35;63.58;62.24;62.25;5345088
20160229;62.26;62.73;61.92;61.93;7416313
20160301;62.31;64.24;61.92;64.22;5203804
20160302;64.18;65.09;63.71;64.9;6150511
20160303;64.49;65.24;63.64;65;8198215
20160304;65;65.29;64.17;64.71;7111954
20160307;64.5;66.63;64.45;66.49;6979770
20160308;66.11;66.36;65.73;66.26;6494637
20160309;66.66;66.68;64.95;65.54;5431428
20160310;66.17;66.26;64.48;64.94;5992080
20160311;65.18;65.59;64.54;64.96;7107621
20160314;64.68;64.7;64.01;64.12;5721830
20160315;63.97;64.28;63.32;63.68;5400319
20160316;63.38;64.32;62.21;62.64;8666370
20160317;62.52;62.61;60.98;61.47;9640096
20160318;61.54;62.83;61;62.83;17343776
20160321;62.53;62.88;62.13;62.7;4002082
20160322;62.58;63.25;62.38;62.8;5756338
20160323;63.08;63.08;62.26;62.34;3651484
20160324;62.18;62.56;61.73;62.52;5342149
20160328;62.58;63.15;62.22;62.77;4699331
20160329;62.45;64.45;62.33;64.19;6146263
20160330;63.96;64.16;63.2;63.44;4489223
20160331;63.6;64.04;63.3;63.88;5811599
20160401;63.66;65.19;63.5;64.91;5804376
20160404;65.01;66.33;64.77;65.97;5726478
20160405;65.83;66.8;65.6;65.76;4340119
20160406;65.76;67.14;65.76;66.54;5743946
20160407;66.05;66.63;65.6;66.28;6309162
20160408;66.83;66.93;65.64;66.07;4404524
20160411;66.2;66.49;65.77;65.98;3545773
20160412;65.96;67.29;65.86;66.84;4394111
20160413;67;67.66;66.42;67.57;5643555
20160414;67.66;68.31;67.52;67.87;3456860
20160415;67.94;68.3;67.57;68.05;3247446
20160418;68.08;68.95;67.59;68.86;3346257
20160419;68.85;69.74;68.19;68.91;4019892
20160420;69.18;69.55;68.41;69.23;6918825
20160421;69.02;70.24;68.88;70.16;5420497
20160422;70.25;71.07;70.25;70.68;5803996
20160425;70.61;70.83;70.04;70.63;4231412
20160426;70.64;71.07;70.13;70.86;4608437
20160427;70.86;71;68.61;70.23;7572214
20160428;71.78;73.06;69.5;72.26;13740722
20160429;72.06;72.69;71.37;72.18;9503415
20160502;72.19;72.34;71.49;71.96;7739057
20160503;71.95;72.03;70.75;71.13;5758736
20160504;70.42;70.95;70.14;70.78;6835183
20160505;70.56;71.19;70.04;71.15;6368257
20160506;71;71.5;69.88;71.22;4770096
20160509;71.34;71.98;71.29;71.34;5283532
20160510;71.75;71.75;70.85;71.53;5758820
20160511;71.32;71.52;70.6;70.81;5356462
20160512;71.04;71.39;70.59;71.28;4922625
20160513;71.27;71.9;71;71.18;3935187
20160516;71.42;73.01;71.02;72.83;5030729
20160517;72.23;72.97;70.9;71.21;10779565
20160518;70.91;71.8;70.64;71.09;5070958
20160519;70.63;71;69.56;70.33;5425000
20160520;70.55;71.16;70.32;70.77;5164177
20160523;70.93;71;69.61;70.4;5905283
20160524;70.94;71.44;70.83;71.23;3878782
20160525;71.3;71.57;70.53;70.69;5815797
20160526;70.54;70.98;70.29;70.73;3994957
20160527;70.94;71.54;70.71;71.31;3630886
20160531;71.36;71.88;70.94;71.7;7162549
20160601;71.71;72.11;71.4;71.87;3726024
20160602;71.92;73;71.79;73;4610844
20160603;72.76;73.37;72.33;72.89;5039457
20160606;73.42;75.12;73.41;74.29;9599927
20160607;74.24;74.65;73.69;73.91;5037478
20160608;73.96;73.99;73.28;73.41;5702712
20160609;73.37;73.71;72.64;72.73;5693650
20160610;72.5;72.98;72.18;72.65;5007081
20160613;72.67;73.17;72;72.22;4726820
20160614;72.22;73.15;72.16;73.1;4691859
20160615;73.25;73.76;72.49;72.57;5390075
20160616;72.35;72.52;70.77;71.73;10778234
20160617;72;72;70.13;70.67;15007684
20160620;71.33;71.75;70.96;70.96;5165827
20160621;71.16;71.5;70.36;71.25;6450861
20160622;71.25;73.44;71.22;72.31;8093816
20160623;72.86;72.91;72.15;72.64;5624535
20160624;70.75;71.85;70.53;70.61;7414129
20160627;70.39;71.13;70.09;70.32;7477388
20160628;70.95;72.08;70.67;72.01;7066389
20160629;72.12;73.17;71.96;73;6539785
20160630;73.1;73.75;72.71;73.55;5763885
20160701;73.66;74.16;73.33;73.78;3123075
20160705;73.75;74.19;73.29;73.78;4255906
20160706;74.01;74.06;72.87;73.86;6517612
20160707;73.85;74.15;73.63;74.08;4056693
20160708;74.29;75.72;74;75.28;5428134
20160711;75.3;75.84;75.03;75.39;5277992
20160712;75.48;76.55;75.48;76.2;5935551
20160713;76.69;76.89;76.1;76.58;4651040
20160714;76.79;76.92;76.29;76.77;4352625
20160715;77.11;77.12;75.08;76;7523623
20160718;76.27;76.36;75.62;75.96;3794127
20160719;75.9;76.19;75.43;75.47;3693247
20160720;75.71;76.04;75.54;75.72;3949784
20160721;75.61;76.08;75.15;75.5;3420459
20160722;75.5;75.98;75;75.68;5276211
20160725;75.7;75.75;75.07;75.56;3988974
20160726;75.78;75.87;74.89;75.06;3826419
20160727;75.2;76.8;75.01;76.47;5542648
20160728;75.41;76.48;74.5;74.66;7412612
20160729;74.57;75.16;74.22;74.81;4861139
20160801;75.13;76.3;74.89;76.19;5081858
20160802;76.02;76.07;74.71;75.05;4479810
20160803;74.93;75.06;74.25;74.8;4349626
20160804;74.96;75.62;74.57;75.32;3474924
20160805;62;64.77;61.56;63.28;86212615
20160808;63.5;63.65;60;60.3;60132826
20160809;60.65;62.25;60.57;61.61;25005611
20160810;61.77;61.83;60.5;60.58;14455087
20160811;60.7;61.13;60.25;60.97;14576344
20160812;61.23;61.3;60.61;60.63;9376495
20160815;60.74;60.86;60.01;60.03;12142914
20160816;60.02;60.39;59.3;59.41;13273714
20160817;59.5;59.52;58.07;58.3;21007446
20160818;58.27;59.48;58.26;58.68;14693323
20160819;58.74;59.35;58.53;59.29;12134850
20160822;59.65;59.68;59.01;59.26;11133617
20160823;59.51;60.04;59.3;59.86;10582999
20160824;59.8;60;58.4;58.59;13198695
20160825;58.59;59.41;58.36;58.76;9116511
20160826;58.76;59.4;58.54;58.77;7845194
20160829;58.89;59.14;58.46;58.76;6573273
20160830;58.97;58.97;57.16;57.24;16800450
20160831;57.37;57.51;56.92;57.39;12533948
20160901;57.6;57.62;56.49;56.76;12873853
20160902;56.93;56.93;55.11;56.35;34001001
20160906;56.69;57.13;56.12;56.96;11710635
20160907;57.02;57.45;56.42;56.57;11719312
20160908;56.63;57.25;56.28;56.81;11571495
20160909;56.6;57.01;55.66;55.66;12349552
20160912;55.3;56.44;55.02;56.32;9958857
20160913;56.08;56.13;55.09;55.6;9473392
20160914;55.85;56.09;55.11;55.23;9007207
20160915;55.35;56.34;55.27;55.97;9844567
20160916;56.22;56.41;55.53;55.6;12082897
20160919;55.95;55.97;55.02;55.08;10517424
20160920;55.35;56.28;55.16;55.56;9940177
20160921;55.86;56.12;55.26;55.93;11651434
20160922;56.03;56.65;55.87;56.42;10611009
20160923;56.3;56.95;56.26;56.48;8569054
20160926;56.26;56.31;55.4;55.48;8599822
20160927;55.68;55.89;55.5;55.74;8619892
20160928;55.81;55.81;54.93;55.09;13768416
20160929;55.26;55.27;53.76;53.87;17228510
20160930;53.93;54.37;53.9;53.92;13326712
20161003;53.94;54.7;53.56;54.66;9697216
20161004;54.9;55.82;54.8;55.21;14042673
20161005;54.9;55.2;54.49;54.79;10964066
20161006;54.57;55.36;54.48;55.05;10955332
20161007;55.22;55.9;55.06;55.43;12714378
20161010;50.79;51.3;49.54;49.81;65259694
20161011;49.67;50.23;49.5;49.55;24532533
20161012;49.82;50.97;49.74;50.01;18137465
20161013;49.63;50.49;49.12;50.24;15095991
20161014;50.35;50.65;49.76;49.77;13848384
20161017;49.69;49.79;49.1;49.34;11577968
20161018;49.48;50.35;49.34;50.05;8773340
20161019;49.95;50.18;49.8;49.87;7636179
20161020;49.81;50.48;49.76;50.36;9310189
20161021;50.11;50.45;49.88;50.02;8558673
20161024;50.11;50.17;49.04;49.23;12107557
20161025;49.22;50.13;49.03;49.55;10212818
20161026;49.58;49.76;49.07;49.29;8331095
20161027;52.42;53.17;50.66;51.96;31896653
20161028;52.11;52.22;50.66;51;13798712
20161031;51.05;51.62;50.65;50.91;11326176
20161101;50.93;51.36;50.38;50.8;8740777
20161102;50.93;50.98;50.53;50.57;8197345
20161103;50.51;50.88;50.1;50.21;14924787
20161104;50.5;51.45;50.46;51.01;12817975
20161107;51.7;53.1;51.59;52.62;12825281
20161108;52.29;53.34;52.02;53.16;10093969
20161109;55.25;57.3;54.9;56.3;28681017
20161110;57;57.55;56.22;56.66;17744691
20161111;56.31;56.73;55.88;56.37;12438294
20161114;56.66;56.85;56.02;56.56;7234945
20161115;56.73;56.78;55.76;56.69;9312808
20161116;56.7;56.72;55.93;56.2;8935479
20161117;56.75;57.1;56.06;56.68;6820451
20161118;56.58;56.84;56.25;56.76;7387424
20161121;56.71;56.85;56.4;56.73;11312292
20161122;56.66;56.9;56.26;56.55;10349954
20161123;56.05;56.78;55.78;56.75;10159776
20161125;56.85;57.14;56.71;56.98;6228571
20161128;56.92;56.96;56.25;56.51;8724213
20161129;56.62;56.89;56.14;56.36;9818891
20161130;56.29;56.69;56;56.44;16418924
20161201;55.94;56.27;55.44;55.8;12719553
20161202;55.69;56.11;55.3;55.96;9281504
20161205;55.86;55.96;55.23;55.55;9904426
20161206;55.71;56.04;55.56;56.03;5924415
20161207;55.55;55.68;54.36;55.24;12210792
20161208;54.93;55.42;54.78;55.23;8191230
20161209;55.16;57.18;55.1;57.04;11782750
20161212;56.83;56.97;56.4;56.55;8829260
20161213;57;57.34;56.7;57.17;6902818
20161214;57.3;58.52;57.27;58.5;12603939
20161215;58.51;59.8;58.28;58.65;13210797
20161216;58.92;59.05;58.2;58.62;12218246
20161219;59.04;59.85;59.02;59.42;8399106
20161220;59.3;59.53;58.94;59.12;3918827
20161221;59.23;59.58;58.68;58.69;4471195
20161222;58.74;58.98;58.52;58.76;4812301
20161223;58.85;59.93;58.77;59.61;5412829
20161227;59.61;59.75;59.29;59.33;4251889
20161228;59.29;59.44;58.53;58.61;4249121
20161229;58.81;59.19;58.63;58.9;3642660
20161230;58.86;58.96;58.21;58.44;7008874
20170103;58.78;59.68;58.58;59.45;10061749
20170104;59.46;59.75;59.03;59.14;6703370
20170105;59.39;60.42;59.31;60.13;8422274
20170106;60.04;60.33;58.85;59.95;10104635
20170109;59.75;59.92;59.65;59.73;5263011
20170110;59.78;60.45;59.72;59.98;6103701
20170111;58.12;58.87;56.53;56.8;20497892
20170112;56.5;56.78;56.02;56.55;9977917
20170113;56.56;56.73;56.05;56.22;7660198
20170117;55.89;56.58;55.21;56.28;10416327
20170118;56.51;56.55;55.89;56.07;6640000
20170119;56.1;56.31;55.34;55.49;7122292
20170120;50.01;50.69;48.92;49.23;77021216
20170123;49.53;50.31;49.15;50;23886066
20170124;50.05;50.14;48.93;48.96;17172827
20170125;49.34;49.57;48.8;49.55;15978452
20170126;48.59;49.51;46.01;46.82;44800782
20170127;47.26;48.62;47.12;47.74;22918662
20170130;48.22;49.1;47.96;48.69;15738223
20170131;48.4;49.42;48.21;49.16;15094048
20170201;49.13;49.32;48.32;49.29;16021890
20170202;49.35;50.89;49.27;50.5;18610222
20170203;50.6;50.91;50.36;50.78;10933979
20170206;50.65;51.09;50.56;51.04;8263438
20170207;51.49;52.32;51.26;51.66;15747761
20170208;51.29;52.12;51.12;52;12236543
20170209;52;52.25;51.46;51.51;5813111
20170210;51.61;51.97;51.52;51.65;5845618
20170213;51.83;52.09;51.62;52.03;6769739
20170214;52.31;54.27;52.09;53.71;19785205
20170215;53.7;55.34;53.6;55.03;11860785
20170216;55.08;55.16;53.92;54.28;9917069
20170217;54.3;54.72;54.08;54.59;9706078
20170221;54.41;57.21;53.41;54.78;26919342
20170222;55.49;56.45;55.29;55.35;21293710
20170223;55.63;56.09;55.02;55.77;14410368
20170224;55.92;56.47;55.88;56.44;11382544
20170227;56.5;57;56.24;56.56;11285328
20170228;56.54;56.93;56.21;56.71;9046039
20170301;57;57.24;56.52;57.18;13349282
20170302;56.89;57.49;56.59;56.86;12103706
20170303;56.74;57.34;56.63;57.26;9657427
20170306;57.02;57.23;56.23;56.97;7917208
20170307;56.27;56.63;55.78;56.33;16970337
20170308;56.33;57.5;56.22;57.12;13556428
20170309;57.37;58.05;57.2;57.99;7535226
20170310;58.03;58.54;57.81;58.32;8547335
20170313;58.3;58.3;56.86;56.93;11689400
20170314;56.95;57.6;56.58;56.69;11746430
20170315;56.67;57.93;56.67;57.65;10337688
20170316;57.33;57.58;57.12;57.31;9903868
20170317;57.23;57.25;56.11;56.29;15881880
20170320;56.33;56.71;56.24;56.41;8481366
20170321;56.5;56.66;55.38;55.71;9394520
20170322;55.7;56.42;55.17;56.36;9808349
20170323;56.08;56.53;55.68;55.77;7624712
20170324;55.87;56.25;55.68;55.89;6170612
20170327;55.6;56.35;55.53;56.04;11139741
20170328;56.04;56.37;55.93;56.2;8525945
20170329;56.17;56.55;55.93;55.95;6136155
20170330;55.96;56;55.25;55.36;8147515
20170331;55.3;55.67;54.16;54.38;12390392
20170403;54.53;55.16;53.87;54.21;16315772
20170404;54.21;54.35;53.95;54.14;8996731
20170405;53.99;54.13;53;53.08;10095811
20170406;53.05;53.53;52.51;53.29;7404812
20170407;53.27;53.66;52.88;53.42;7969317
20170410;53.35;53.71;53.2;53.35;7409110
20170411;53.29;53.44;52.94;52.98;6996461
20170412;52.82;53.14;52.75;52.99;7192973
20170413;53.05;53.19;52.78;52.83;7169365
20170417;52.75;53.22;52.53;52.95;6471385
20170418;52.68;53.15;52.59;52.93;8036674
20170419;53;53.66;52.88;53.2;8140605
20170420;53.41;53.56;53.19;53.44;6092535
20170421;53.4;53.71;53.15;53.48;5224373
20170424;53.85;54;53.51;53.55;9783267
20170425;53.65;54.32;53.65;53.94;9321100
20170426;54.05;54.65;53.71;53.77;9453860
20170427;55.36;56.13;54.62;55.67;15317773
20170428;55.7;56.33;55.37;56.05;8248689
20170501;56.34;56.83;55.91;56.31;7420255
20170502;56.34;56.79;55.55;55.95;17278054
20170503;55.49;55.58;54.72;55.06;10651062
20170504;55.07;55.55;54.95;55.19;6205069
20170505;55.25;55.33;54.96;55.15;5938317
20170508;54.99;55.18;54.54;54.94;4730500
20170509;54.88;55.48;54.75;55.32;7134581
20170510;55.18;55.31;54.88;55.14;6361374
20170511;55.14;55.66;54.89;55.14;6810192
20170512;55.2;55.38;54.8;55.03;5176967
20170515;55.03;55.23;54.83;55.1;4935028
20170516;55;55.28;54.2;54.39;9259459
20170517;54.03;54.62;53.7;54.41;7724335
20170518;54.2;54.49;53.32;53.78;12419941
20170519;53.82;54.28;53.82;54.02;8640912
20170522;54.02;54.34;53.88;54.1;4462813
20170523;54.16;54.43;54.14;54.21;7187085
20170524;54.45;54.45;53.47;53.82;6461299
20170525;53.89;54.58;53.69;54.39;8493124
20170526;54.37;54.82;53.9;53.97;4968194
20170530;53.93;54.24;53.76;53.93;7138167
20170531;54.14;54.35;53.86;53.95;8140698
20170601;54;54.53;53.88;54.53;6561557
20170602;54.71;55.17;54.51;54.97;7470872
20170605;53.76;54.36;52.21;52.36;18743053
20170606;52.3;52.4;51.63;51.66;11724718
20170607;51.86;52.58;51.56;52.57;10562722
20170608;52.6;53.36;52.55;52.85;8687199
20170609;52.77;54.18;52.65;53.75;7553349
20170612;53.75;54.55;53.49;54.36;8766726
20170613;54.19;54.32;53.9;54.19;4777358
20170614;54.24;54.81;54.13;54.52;5622423
20170615;54.49;54.73;54.02;54.28;5679722
20170616;54.52;54.6;53.61;54.46;12535386
20170619;54.46;55.37;54.32;55.22;6210603
20170620;55.27;56.41;55.1;55.66;7461055
20170621;55.75;56.58;55.6;56.07;8783585
20170622;56.27;57.9;56.15;57.33;8289648
20170623;57.27;57.36;56.24;56.64;20794767
20170626;56.72;57.27;56.35;56.92;5596327
20170627;56.8;56.86;55.85;55.9;5477476
20170628;56.15;56.38;55.77;55.87;5126889
20170629;55.91;56.13;55.49;55.82;5037800
20170630;55.99;56.07;55.68;55.72;4679652
20170703;56.27;56.88;56.18;56.27;6257560
20170705;56.27;56.39;55.55;56.35;5887394
20170706;56.1;56.21;55.2;55.28;5546105
20170707;55.51;56;55.08;55.91;5487495
20170710;56.1;56.32;55.82;55.93;4050817
20170711;55.81;56.1;55.1;55.33;4630317
20170712;55.64;56.24;54.85;55.04;9080986
20170713;55.06;55.18;54.22;54.67;8130932
20170714;54.81;55.45;54.5;55.15;6042860
20170717;55.28;55.53;54.58;54.79;3719657
20170718;54.77;54.82;54.42;54.74;3702019
20170719;54.77;55.2;54.61;55.07;3321722
20170720;55.28;55.72;55.18;55.44;3862419
20170721;55.41;55.77;55.38;55.65;5009128
20170724;55.65;55.94;55.15;55.6;6700926
20170725;55.86;56.18;55.77;55.95;7312939
20170726;55.95;56.15;55.5;55.98;8049264
20170727;53.33;54.44;52.06;54.24;21645111
20170728;54.24;55.59;53.94;55.27;9099647
20170731;55.59;57.2;55.5;56.9;10824270
20170801;57.15;57.17;55.67;56.11;11075279
20170802;56.29;56.45;55.1;55.23;6294198
20170803;55.1;55.88;55.08;55.5;5484412
20170804;55.56;56.22;55.52;55.95;4161468
20170807;56;56.35;55.57;56.3;5126033
20170808;56.35;57.57;56.3;56.91;7887217
20170809;56.79;57.56;56.51;57.4;7675555
20170810;57.25;57.25;56.55;56.59;5134568
20170811;56.61;57.01;56.41;56.73;4060530
20170814;56.96;57.76;56.7;57.62;5654336
20170815;57.66;57.99;57.5;57.87;5843318
20170816;57.33;57.69;56.94;57.5;7881340
20170817;57.48;57.53;56.73;56.77;4393721
20170818;56.68;56.94;56.41;56.42;4809885
20170821;56.42;56.92;56.25;56.64;4879394
20170822;56.79;57.8;56.65;57.67;4441031
20170823;57.63;58.17;57.43;57.87;4017429
20170824;57.98;58.34;57.8;58.17;4470989
20170825;58.29;58.67;58.18;58.37;4070765
20170828;58.64;58.89;58.45;58.58;3292255
20170829;58.35;59.02;58.18;58.86;3984514
20170830;58.87;59.7;58.82;59.38;5327786
20170831;59.63;60.75;59.61;60.48;9716921
20170901;60.36;60.65;59.72;59.9;6284460
20170905;59.54;60.22;59.39;59.81;4383655
20170906;60;60.29;59.77;59.87;5389284
20170907;60.5;63.47;60.49;62.84;17301923
20170908;62.74;63.18;62.23;62.62;6579322
20170911;62.62;63.14;62.14;62.72;6086467
20170912;62.44;63.09;62.42;63.02;4780698
20170913;62.88;63.08;62.23;62.48;4356991
20170914;62.38;63.11;62.32;62.69;5347129
20170915;62.9;63.38;62.31;62.48;10407558
20170918;62.49;63.21;62.27;62.7;6976468
20170919;62.7;63.13;62.59;62.93;4844305
20170920;62.92;63.72;62.72;63.49;5561290
20170921;63.35;63.74;63.03;63.33;5250092
20170922;63.33;63.55;63.04;63.36;3667703
20170925;63.33;63.69;63.06;63.19;5959010
20170926;63.12;63.6;62.81;62.93;3497913
20170927;62.78;63.15;62.57;62.95;4674205
20170928;62.79;63.46;62.59;63.01;5842502
20170929;63.16;63.75;63.06;63.74;5404324
20171002;63.8;64.78;63.64;64.56;5991743
20171003;64.41;64.79;64.17;64.29;5056183
20171004;64.47;64.79;64.38;64.74;4583823
20171005;64.22;64.34;63.73;63.8;6091778
20171006;63.89;65.03;63.83;64.81;6161423
20171009;64.76;64.86;64.08;64.15;3267679
20171010;64.24;65.26;64.16;65.13;5008533
20171011;65.13;65.5;64.93;65.11;3875585
20171012;65.15;65.73;64.9;65.35;5339734
20171013;65.51;66.1;65.14;65.29;6209580
20171016;64.54;65.04;63.31;63.65;6692649
20171017;63.63;64.37;63.41;64.18;5030781
20171018;64.25;64.7;63.55;63.7;5595032
20171019;63.82;64.69;63.68;64.67;4919544
20171020;64.79;64.99;64.21;64.42;5227420
20171023;64.62;64.69;63.69;63.75;5990197
20171024;63.75;64.05;63.36;63.65;6197622
20171025;63.46;64.56;63.41;64;6202868
20171026;62.51;63.25;60.4;60.95;13116258
20171027;60.98;61.69;59.79;59.94;9539873
20171030;61.09;61.53;60.28;60.84;8443729
20171031;60.94;61.9;60.68;61.66;8234174
20171101;61.86;62.35;61.49;62.16;4713267
20171102;62.15;62.87;61.73;62.23;4058167
20171103;62.08;62.25;61.8;62.22;3327317
20171106;62.24;62.27;61.28;61.68;4222569
20171107;61.58;62.43;61.45;61.91;4047238
20171108;61.63;62.82;61.63;62.58;4535865
20171109;62.21;62.35;61.76;61.99;3671373
20171110;61.75;61.75;60.34;60.86;5592728
20171113;60.7;61.21;60.5;60.99;4222587
20171114;60.96;61.65;60.67;61.25;3986891
20171115;61.26;61.28;60.53;61.07;3349184
20171116;61.25;61.97;61.01;61.87;4286221
20171117;61.56;61.9;60.99;61.32;4147934
20171120;61.17;61.22;60.15;60.8;4902710
20171121;61.2;61.74;60.98;61.24;3967968
20171122;61.28;61.77;61;61.14;3192233
20171124;61.15;61.61;61.03;61.43;1985668
20171127;61.53;61.84;61.34;61.61;3032616
20171128;61.72;62.96;61.61;62.52;8515746
20171129;62.43;63.39;61.9;62.9;5064185
20171130;63.09;63.8;62.53;63.19;8050700
20171201;63.16;63.62;62.44;63.24;4186236
20171204;63.17;63.87;62.44;62.47;4893852
20171205;62.66;63;61.63;62.02;4828815
20171206;62.09;62.29;60.83;60.97;4758697
20171207;60.96;61.89;60.96;61.84;5140490
20171208;61.82;62.72;61.68;62.42;5309959
20171211;62.22;63.41;62.09;63.02;4502938
20171212;63.19;63.65;63.19;63.28;4832382
20171213;63.14;63.97;63;63.47;4352438
20171214;63.48;63.52;61.72;62.13;5507924
20171215;62.57;62.84;61.97;62.41;8856775
20171218;62.58;62.75;62.18;62.4;5608892
20171219;62.64;62.76;61.52;61.56;5546036
20171220;61.57;61.75;60.59;61.2;6980326
20171221;61.45;61.8;61.03;61.5;6195597
20171222;61.48;61.71;60.6;60.96;5477246
20171226;60.98;61.55;60.96;61.26;3674245
20171227;61.35;62.02;61.3;61.68;3722252
20171228;61.6;61.85;61.37;61.77;2500533
20171229;61.97;62.26;61.26;61.28;3953493
20180102;61.4;61.51;60.84;61.31;6472651
20180103;61.21;61.51;60.7;61.36;7433967
20180104;61;61.82;60.78;61.75;6403211
20180105;61.87;62.18;61.48;61.89;6113360
20180108;61.78;62.2;61.21;61.91;4663711
20180109;61.87;62.1;61.55;61.85;5156771
20180110;61.52;62.07;61.18;62.01;5096335
20180111;61.99;62.52;61.8;62.47;6591063
20180112;62.75;63.22;62.52;62.81;5489236
20180116;61.75;61.86;59.42;59.92;14471659
20180117;60.33;62;60.28;61.85;10608482
20180118;61.81;61.9;61.1;61.83;7904177
20180119;62.1;62.42;61.56;62.28;7490267
20180122;62.29;63.43;62.02;63.28;6748074
20180123;62.99;63.68;62.8;63.43;6459887
20180124;63.71;64;63.14;63.76;6430049
20180125;64;64.26;63.2;63.52;6183219
20180126;63.93;64.73;63.63;64.25;6727310
20180129;64.12;64.96;64.08;64.43;6763254
20180130;63.93;64.61;63.31;63.96;5847968
20180131;63.96;64.03;61.94;62.6;8886885
20180201;62.18;62.98;61.95;62.8;7132976
20180202;62.89;64.29;62.85;63.48;11719210
20180205;65.43;65.89;60.93;60.96;23181859
20180206;59.83;61.21;58.44;60.9;18286290
20180207;60.64;62.77;60.3;62.63;12176593
20180208;62.55;64.77;62.53;62.69;14961705
20180209;63.3;63.32;60.57;62.7;11158002
20180212;62.95;63.59;62.3;63.16;7502933
20180213;62.8;64.11;62.69;63.87;7519098
20180214;63.59;65.94;63.27;65.35;10290569
20180215;67.31;69.44;67.18;68.98;15684900
20180216;68.86;70.05;68.52;68.96;10547419
20180220;68.49;68.83;67.04;67.35;8703677
20180221;67.34;67.75;66.51;66.53;7046249
20180222;67;67;65.86;65.94;6528408
20180223;66.17;68.03;66.17;67.95;5240848
20180226;67.99;68.86;67.88;68.63;4229351
20180227;68.54;68.88;67.82;67.84;4398540
20180228;67.85;67.94;66.17;66.2;8363900
20180301;66.1;66.52;64.83;65.69;7801327
20180302;65.45;66.5;65.13;66.17;5391365
20180305;65.83;67.14;65.6;66.82;6339604
20180306;67.22;67.4;65.19;65.47;6543428
20180307;64.9;66.26;64.7;66.1;5927647
20180308;66.2;66.96;66.08;66.75;3728442
20180309;66.95;68.05;66.67;67.92;6260866
20180312;67.9;68.18;67.18;67.45;5031691
20180313;67.81;68.22;66.27;66.68;5905826
20180314;67.08;67.26;66.27;66.63;4859343
20180315;66.76;66.93;66.21;66.25;3422215
20180316;66.18;67.44;66.18;66.6;9506059
20180319;66.62;66.98;65.18;66.07;5553650
20180320;66.38;67.16;65.72;66.43;6307368
20180321;66.54;66.99;66.09;66.1;4331812
20180322;65.58;65.89;63.91;63.95;6778659
20180323;64.05;64.05;61.94;62.06;8481501
20180326;62.78;63.57;61.73;63.4;6676542
20180327;63.64;63.67;61.8;62.41;6221379
20180328;62.58;63.36;62.42;62.57;5521237
20180329;62.87;63.75;62.38;63.25;5732270
20180402;62.93;63.23;60.73;62;6319734
20180403;62.32;62.86;61.53;62.77;6070446
20180404;61.87;63.23;61.55;62.98;5259791
20180405;62.99;63.19;62.16;62.31;3856731
20180406;62.07;62.13;59.98;60.88;6462049
20180409;60.91;61.04;58.34;60.48;10349080
20180410;61.36;61.48;60.53;61.21;6847955
20180411;60.6;60.77;59.94;60.18;7817775
20180412;59.3;59.31;57.85;58.84;14987225
20180413;59.15;59.28;57.91;58.65;11551327
20180416;58.41;58.67;52.7;54.08;34837341
20180417;54.2;54.23;52.2;52.38;27808170
20180418;52.35;52.85;52.04;52.3;14688401
20180419;52.35;52.54;51.51;51.61;17146122
20180420;51.62;51.85;51.02;51.17;11669063
20180423;51.25;51.53;50.66;50.9;10409578
20180424;51.02;51.98;50.72;51.58;12137776
20180425;51.48;51.87;50.56;51.76;14309569
20180426;51.53;52.76;50.56;52.04;14220726
20180427;52.33;52.87;52.01;52.27;7201825
20180430;52.67;52.68;51.83;52.13;11437475
20180501;51.98;52.74;51.62;52.69;9821887
20180502;52.36;52.4;51.28;51.5;8251968
20180503;51.6;51.85;50.76;51.45;8177468
20180504;51.16;51.5;50.67;51.33;6149498
20180507;51.32;51.68;51.04;51.32;6800648
20180508;51.2;51.2;49.96;50.53;12207233
20180509;50.51;51.21;50.35;51.09;11587311
20180510;51.33;51.71;51;51.15;9126071
20180511;51.38;52.11;51.05;51.86;8987721
20180514;51.94;52.6;51.7;52.02;8716944
20180515;51.95;52.34;51.71;52.3;8133051
20180516;52.45;52.62;52.12;52.21;5417361
20180517;52.05;53.4;51.96;52.74;8097423
20180518;52.88;53.15;52.43;52.71;6440125
20180521;52.07;52.76;51.92;52.24;5440782
20180522;52.28;52.82;52.2;52.34;3782827
20180523;52.34;52.63;52.11;52.5;5962154
20180524;52.54;52.75;52.12;52.69;4930385
20180525;52.81;53;52.54;52.77;3735456
