20100104;18.35;18.77;18.31;18.72;3612054
20100105;18.45;18.66;18.28;18.52;7942359
20100106;18.37;18.5;18.26;18.34;6838038
20100107;18.19;18.34;18.02;18.03;6825818
20100108;17.7;17.8;16.75;17.42;20293253
20100111;17.44;17.82;17.44;17.77;8390539
20100112;17.51;17.75;17.34;17.41;4852321
20100113;17.5;17.88;17.43;17.81;4700882
20100114;17.75;17.97;17.73;17.87;7066258
20100115;17.62;18.22;17.62;18.2;7216450
20100119;18.1;18.75;18.09;18.74;9341796
20100120;18.6;18.73;18.11;18.22;5802532
20100121;18.27;18.43;17.88;17.94;5505510
20100122;17.92;18.07;17.74;17.78;5598139
20100125;17.68;18;17.68;17.68;3789948
20100126;17.58;18.2;17.57;18.09;11144579
20100127;18.1;18.26;17.98;18.25;5142918
20100128;18.25;18.29;17.65;17.93;6756556
20100129;18.01;18.47;18;18.23;7603426
20100201;18.35;18.45;18;18.12;4803642
20100202;18.21;18.24;17.82;18.2;4753887
20100203;18.31;18.32;17.86;18.01;7157603
20100204;17.89;18.03;17.55;17.78;6957862
20100205;17.86;17.99;17.49;17.89;7505491
20100208;17.99;18;17.71;17.76;3469304
20100209;17.8;17.96;17.54;17.68;5953376
20100210;17.61;17.8;17.29;17.61;5483458
20100211;17.53;18.31;17.51;18.29;7887341
20100212;17.96;18.34;17.8;18.31;3703592
20100216;18.4;18.7;18.29;18.68;4256885
20100217;18.7;18.92;18.51;18.87;4493910
20100218;18.9;18.95;18.7;18.86;3725915
20100219;18.85;19.1;18.84;19.07;4826214
20100222;19.15;19.7;19.01;19.61;11222282
20100223;19.58;19.7;19.13;19.16;7143241
20100224;19.12;19.57;19.12;19.42;8684043
20100225;20.03;21.03;19.96;20.7;27066815
20100226;20.7;21.47;20.56;21.34;13308655
20100301;21.4;21.6;21.12;21.38;19329555
20100302;21.47;21.51;21.24;21.35;11763540
20100303;21.44;21.44;21.04;21.13;7016076
20100304;21.01;21.4;20.86;21.29;8046462
20100305;21.38;21.87;21.21;21.77;8994459
20100308;21.59;21.72;21.39;21.42;7429714
20100309;21.6;21.62;21.35;21.61;6069212
20100310;21.69;22;21.57;21.81;10665578
20100311;21.77;22.05;21.72;21.98;6294572
20100312;22;22.04;21.79;21.95;3526297
20100315;22;22;21.72;21.95;6283276
20100316;21.77;22.1;21.76;22.09;3711872
20100317;22.05;22.22;21.99;22.1;3235887
20100318;22.04;22.42;22.04;22.36;4580786
20100319;22.5;22.88;22.33;22.53;10817550
20100322;22.59;23;22.57;22.91;8485861
20100323;23.24;23.3;22.9;22.92;9305736
20100324;22.86;22.93;22.54;22.66;6586457
20100325;22.87;22.96;22.22;22.26;5504551
20100326;22.4;22.44;22.01;22.38;5310945
20100329;22.53;22.95;22.35;22.87;5610359
20100330;22.82;22.9;22.58;22.65;7809328
20100331;22.8;22.97;22.59;22.71;4773955
20100401;22.9;23.33;22.79;23.16;9407453
20100405;23.14;23.63;23.01;23.25;6847061
20100406;23.2;23.23;22.81;22.83;8325321
20100407;22.8;23.03;22.55;22.72;6361843
20100408;22.59;22.68;22.28;22.55;5550883
20100409;22.63;22.7;22.43;22.54;2660353
20100412;22.6;22.82;22.45;22.53;6061324
20100413;22.53;22.73;22.49;22.53;3398207
20100414;22.54;22.55;21.88;22.1;6898536
20100415;21.89;22.18;21.86;22.05;5189551
20100416;21.99;22.12;21.6;21.75;6881552
20100419;21.59;21.85;21.41;21.57;6216540
20100420;21.6;21.91;21.5;21.81;4005247
20100421;21.81;22.12;21.62;22.08;6665714
20100422;22.08;22.18;21.7;21.96;9234472
20100423;22.04;22.25;21.87;22.24;5603724
20100426;22.4;22.4;21.7;21.75;5960685
20100427;21.72;21.89;21.32;21.36;7836654
20100428;21.41;21.84;21.37;21.71;8084836
20100429;21.47;21.86;20.52;21.77;25934693
20100430;21.72;22.19;21.65;22.01;10353562
20100503;21.91;22.34;21.88;22.03;9073588
20100504;21.73;21.91;21.28;21.36;8909673
20100505;21.4;22.06;21.29;21.83;9387887
20100506;21.79;21.93;20.51;21.37;9885369
20100507;21.38;21.66;20.89;21.34;14260829
20100510;21.59;21.96;21.43;21.82;12232186
20100511;21.5;21.93;21.42;21.77;13738761
20100512;21.66;21.68;20.96;21.6;11543793
20100513;21.5;21.65;21.06;21.14;6570973
20100514;21.1;21.13;20.32;20.52;9804160
20100517;20.5;20.64;20.06;20.6;6725947
20100518;20.75;20.77;19.97;19.99;10627335
20100519;19.84;20.43;19.68;20.23;9257748
20100520;19.88;20.07;19.35;19.44;9860006
20100521;19.25;19.59;19.15;19.51;11457946
20100524;19.32;19.51;19.15;19.24;9728160
20100525;18.7;19.16;18.69;19.15;17766511
20100526;19.18;19.72;19.15;19.32;16055335
20100527;19.79;19.85;19.58;19.82;5475310
20100528;19.76;19.8;19.4;19.44;5901791
20100601;19.32;19.44;18.89;18.94;4374030
20100602;18.9;19.07;18.65;18.95;16391741
20100603;19.06;19.11;18.68;18.85;7506001
20100604;18.51;18.81;18.4;18.5;6727138
20100607;18.5;18.83;18.43;18.43;6139958
20100608;18.39;18.4;17.64;17.83;13448674
20100609;18.12;18.25;17.82;17.96;9719192
20100610;18.32;18.33;18;18.28;7386564
20100611;18.08;18.42;18.08;18.32;5761525
20100614;18.43;18.48;17.91;17.95;5793651
20100615;18.17;18.43;17.97;18.39;6215270
20100616;18.02;18.23;17.51;17.9;21308644
20100617;17.95;18.38;17.95;18.36;9091517
20100618;18.45;18.81;18.29;18.63;9233054
20100621;18.74;18.84;17.89;17.97;7348181
20100622;18.08;18.39;17.97;18.07;6115854
20100623;18.34;18.34;17.65;17.79;6713383
20100624;17.79;17.86;17.65;17.74;5684625
20100625;17.75;17.98;17.62;17.93;5055261
20100628;17.91;18.02;17.59;17.67;3648921
20100629;17.52;17.56;17.1;17.25;8878850
20100630;17.18;17.41;16.89;17.04;12276426
20100701;16.91;16.98;16.55;16.86;9866943
20100702;16.83;17.13;16.64;16.89;5558485
20100706;17;17.27;16.89;17.02;7359288
20100707;16.94;17.48;16.81;17.44;6787818
20100708;17.22;17.92;17.22;17.85;8581539
20100709;17.86;17.86;17.4;17.61;6172962
20100712;17.59;17.67;17.42;17.52;2283780
20100713;17.63;17.95;17.62;17.85;5472788
20100714;17.78;17.99;17.68;17.85;5791015
20100715;17.98;18.44;17.85;18.32;8011736
20100716;18.31;18.31;17.58;17.71;7222290
20100719;17.76;18.26;17.62;18.11;6516132
20100720;17.81;18.18;17.73;18.17;5134917
20100721;18.15;18.29;17.72;17.78;4409451
20100722;17.9;18.18;17.54;17.79;9553503
20100723;17.8;17.92;17.57;17.76;6655414
20100726;17.74;18.33;17.72;18.28;5993924
20100727;18.38;18.69;18.06;18.09;9123577
20100728;18.1;18.29;17.9;17.91;5437827
20100729;17.91;18.26;17.26;17.49;14817436
20100730;17.12;17.54;16.87;17.4;7970978
20100802;17.64;17.87;17.45;17.79;8328750
20100803;17.49;17.95;17.4;17.48;5595692
20100804;17.45;17.76;17.39;17.74;5024028
20100805;17.64;17.75;17.57;17.63;3608982
20100806;17.47;17.67;17.26;17.65;5066961
20100809;17.91;18.15;17.82;18.1;5967602
20100810;18.02;18.24;17.86;18.1;4972378
20100811;17.82;17.88;17.43;17.53;6392265
20100812;17.23;17.64;17.22;17.45;4477195
20100813;17.32;17.57;17.25;17.46;3134600
20100816;17.32;17.52;17.24;17.42;3401012
20100817;17.64;18.01;17.53;17.95;6990027
20100818;18;18.01;17.7;17.77;3924023
20100819;17.74;17.8;17.43;17.6;4550220
20100820;17.56;17.66;17.21;17.54;4603406
20100823;17.56;17.81;17.49;17.55;4459277
20100824;17.43;17.54;17.18;17.35;4770655
20100825;17.25;17.44;17.19;17.38;4602189
20100826;17.38;17.39;16.97;16.97;5240257
20100827;17.19;17.47;16.98;17.34;4687647
20100830;17.25;17.3;17.02;17.03;2191194
20100831;16.97;17.3;16.97;17.16;5380148
20100901;17.32;17.51;17.25;17.45;4733370
20100902;17.42;17.65;17.34;17.44;3585507
20100903;17.57;17.83;17.45;17.79;3168833
20100907;17.78;17.78;17.59;17.65;3371581
20100908;17.73;17.83;17.47;17.57;6663169
20100909;17.75;17.78;17.57;17.7;4161698
20100910;17.82;17.95;17.75;17.9;5181311
20100913;18;18.05;17.84;17.95;4112014
20100914;17.88;18.12;17.86;18.02;3734913
20100915;17.95;18.11;17.89;18.02;6652505
20100916;18;18.18;17.89;18.15;6451585
20100917;18.11;18.3;18.04;18.2;5207760
20100920;18.25;18.43;18.21;18.4;3816343
20100921;18.41;18.45;18.16;18.3;6014747
20100922;18.3;18.42;18.02;18.37;7095902
20100923;18.54;18.8;18.41;18.45;10979087
20100924;18.66;18.97;18.57;18.92;7392253
20100927;18.87;18.93;18.64;18.65;6200870
20100928;18.75;18.9;18.39;18.8;6227469
20100929;18.72;18.95;18.72;18.8;4775091
20100930;18.84;18.99;18.72;18.81;6973986
20101001;18.85;18.97;18.63;18.9;7545221
20101004;18.9;18.99;18.6;18.68;7218033
20101005;18.88;18.92;18.68;18.85;11042841
20101006;18.8;18.96;18.64;18.79;4532291
20101007;18.79;18.86;18.53;18.62;3801695
20101008;18.59;18.69;18.47;18.6;6594420
20101011;18.57;18.6;18.33;18.4;3527314
20101012;18.6;18.8;18.45;18.73;9444343
20101013;18.86;19.03;18.7;18.93;8399497
20101014;18.84;18.99;18.83;18.94;4728802
20101015;19.11;19.33;18.9;19.31;7680537
20101018;19.31;19.36;18.59;18.94;11645995
20101019;18.9;19.02;18.7;18.83;5730312
20101020;18.89;19.24;18.8;18.98;5731277
20101021;19.01;19.35;18.81;19.17;7428317
20101022;19.22;19.46;19.07;19.38;4869135
20101025;19.54;19.8;19.48;19.65;6150636
20101026;19.65;19.77;19.45;19.6;8797551
20101027;19.17;20.26;19.15;20.25;11330280
20101028;20.21;20.55;20.11;20.5;9738627
20101029;20.43;20.54;20.26;20.32;6183876
20101101;20.37;20.46;20.13;20.18;5463036
20101102;20.42;20.57;20.08;20.16;7166765
20101103;20.16;20.28;19.95;20.16;5831781
20101104;20.3;20.38;20.03;20.24;5606815
20101105;20.32;20.33;20.04;20.14;2377355
20101108;20.03;20.18;19.88;19.99;2636593
20101109;20.04;20.05;19.34;19.48;9046579
20101110;19.5;19.6;19.33;19.5;5938800
20101111;19.43;19.58;19.3;19.47;5488883
20101112;19.41;19.52;19.08;19.25;5463135
20101115;19.45;19.51;19.15;19.24;6983954
20101116;19.07;19.25;18.95;18.96;9959878
20101117;18.89;19.18;18.82;19.01;10558528
20101118;19.35;19.45;19.2;19.25;10798921
20101119;19.2;19.85;18.99;19.85;26398725
20101122;19.75;20.18;19.63;20.14;9886761
20101123;19.92;20.14;19.75;20.14;15772601
20101124;20.28;20.63;20.25;20.52;34482878
20101126;20.38;20.43;20.17;20.33;3819842
20101129;20.18;20.63;19.7;20.04;8791010
20101130;19.82;19.94;19.49;19.57;7807865
20101201;19.75;20.08;19.64;19.78;7137797
20101202;19.74;19.79;19.6;19.74;5862327
20101203;19.74;19.93;19.52;19.9;4786028
20101206;19.83;20.23;19.72;20.16;6615389
20101207;20.35;20.43;20.05;20.13;5802735
20101208;20.13;20.25;19.97;20.08;4145671
20101209;20.17;20.23;20;20.11;7263190
20101210;20.21;20.21;19.97;20.14;5483189
20101213;20.13;20.2;19.79;19.84;4257024
20101214;19.97;20.72;19.9;20.68;10633603
20101215;20.63;20.95;20.63;20.85;6442401
20101216;20.92;21.36;20.73;21.33;6499646
20101217;21.29;21.46;21.14;21.4;13628244
20101220;21.48;21.48;21.01;21.2;4458959
20101221;21.28;21.34;21.07;21.21;4926106
20101222;21.21;21.49;21.21;21.41;4189692
20101223;21.39;21.42;21.26;21.41;2472398
20101227;21.35;21.49;21.17;21.42;2124862
20101228;21.4;21.48;21.24;21.26;2403457
20101229;21.33;21.37;21.14;21.2;2282601
20101230;21.2;21.26;21.1;21.17;1555877
20101231;21.11;21.21;20.94;21.13;2059658
20110103;21.2;21.76;21.2;21.66;5724308
20110104;21.64;21.67;21.4;21.55;5327489
20110105;21.38;21.73;21.3;21.69;7136136
20110106;21.81;22.5;21.76;22.46;12037387
20110107;22.46;22.54;22.11;22.32;4798267
20110110;22.17;22.55;22.08;22.42;4716447
20110111;22.44;22.72;22.4;22.59;3978973
20110112;22.71;22.79;22.4;22.6;6329103
20110113;22.53;22.83;22.52;22.73;3333636
20110114;22.63;22.8;22.6;22.8;2259236
20110118;22.91;24.07;22.9;23.83;11400224
20110119;23.62;23.66;22.91;23.01;8075021
20110120;22.94;23.59;22.94;23.41;7294942
20110121;23.29;23.46;22.97;23.01;6367832
20110124;23.03;23.56;23;23.52;4497384
20110125;23.51;23.85;23.33;23.8;6555934
20110126;23.82;24.17;23.76;23.96;7739226
20110127;24;24.07;23.5;23.7;5459948
20110128;23.76;23.85;22.88;22.91;4806415
20110131;22.91;23.27;22.79;23.16;3668198
20110201;23.25;23.8;23.25;23.54;5700987
20110202;23.42;23.59;23.1;23.14;4741938
20110203;23.08;23.55;22.9;23.55;2767269
20110204;23.54;23.58;23.02;23.15;3841863
20110207;23.2;23.4;23.02;23.32;4588293
20110208;23.32;23.34;22.97;23;5390268
20110209;23.09;23.33;23;23.32;3365440
20110210;23.3;23.45;23.06;23.42;2547962
20110211;23.33;23.52;23.27;23.35;4070266
20110214;23.31;23.41;22.94;23.37;4114006
20110215;23.29;23.5;23.25;23.34;4684006
20110216;23.35;23.57;23.22;23.34;4597777
20110217;23.41;23.64;23.25;23.61;5189835
20110218;23.54;23.6;23.26;23.34;4834790
20110222;23.32;23.38;22.83;22.85;6224015
20110223;22.82;23.05;22.27;22.46;8026669
20110224;22.34;22.4;21.52;22.13;19698086
20110225;22.28;22.86;22.03;22.61;12321604
20110228;22.95;23.21;22.58;22.87;15670961
20110301;22.98;22.98;22.59;22.67;10481122
20110302;22.64;22.93;22.57;22.66;6530497
20110303;22.84;23.21;22.82;23.1;7439111
20110304;23.08;23.13;22.68;22.74;5950000
20110307;22.93;23.03;22.34;22.53;7594569
20110308;22.49;23;22.39;22.84;4539493
20110309;22.82;22.82;22.46;22.66;3749050
20110310;22.37;22.54;22.05;22.33;3766765
20110311;22.26;22.52;22;22.35;4180636
20110314;22.19;22.29;22.06;22.23;4672166
20110315;21.72;22.11;21.59;21.8;4729382
20110316;21.66;21.66;20.95;21.14;12721630
20110317;21.4;21.57;21.22;21.48;6840989
20110318;21.68;21.82;21.46;21.66;6745792
20110321;21.95;22.17;21.78;21.8;4754195
20110322;21.8;22.11;21.72;22.06;5788619
20110323;21.98;22.03;21.56;21.96;3511506
20110324;22.05;22.42;21.78;22.34;4545242
20110325;22.32;22.49;22.08;22.31;4393478
20110328;22.36;22.42;22.12;22.12;3568036
20110329;22.16;22.45;22.1;22.45;3727331
20110330;22.49;22.88;22.47;22.78;4963490
20110331;22.81;22.86;22.49;22.66;3993753
20110401;22.88;23.23;22.6;23.23;5910198
20110404;23.21;23.5;23.15;23.37;3203907
20110405;23.27;23.46;23.08;23.33;4164399
20110406;23.47;23.56;22.96;23.2;4288740
20110407;23.18;23.44;23.08;23.24;3183698
20110408;23.37;23.5;23.09;23.44;4499105
20110411;23.5;23.79;23.5;23.6;4883546
20110412;23.5;23.66;23.32;23.48;2241821
20110413;23.5;23.62;23.35;23.49;2588272
20110414;23.31;23.39;23.1;23.17;5043609
20110415;23.32;23.98;23.09;23.89;7636315
20110418;23.69;23.75;23.26;23.48;4957849
20110419;23.55;24.06;22.96;24.02;11342899
20110420;24.1;25.1;24.1;24.79;17284543
20110421;24.74;24.93;24.56;24.66;10277707
20110425;24.85;25.04;24.66;25.02;6145119
20110426;25.03;25.35;24.84;25.2;7330835
20110427;25.37;25.46;25.02;25.23;6146339
20110428;25.15;25.21;24.93;25.01;5447295
20110429;24.95;25.07;24.79;24.92;6765806
20110502;25.13;25.24;24.73;24.84;7742460
20110503;24.59;24.68;23.84;24.23;12963213
20110504;23.98;24.28;23.73;24.08;7817722
20110505;23.92;24.23;23.71;24.04;5158365
20110506;24.23;24.24;23.69;23.9;7550276
20110509;23.9;24.05;23.66;23.99;7677814
20110510;24.01;24.26;23.73;24.21;6414868
20110511;24.1;24.2;23.5;23.58;8055579
20110512;23.58;24.13;23.41;24.09;6736738
20110513;24.21;24.23;23.8;24.09;5088455
20110516;23.95;24.09;23.63;23.81;5096686
20110517;23.72;23.72;23.39;23.64;3403932
20110518;23.65;23.95;23.46;23.91;2912421
20110519;23.95;24.1;23.6;24.08;4565953
20110520;24.1;24.21;23.74;23.82;4220425
20110523;23.46;23.62;23.09;23.31;4756241
20110524;23.5;23.61;23.29;23.38;3933822
20110525;23.24;23.32;22.89;22.97;6639662
20110526;22.88;23.08;22.76;23.01;6652002
20110527;23.01;23.44;22.95;23.4;3494984
20110531;23.57;23.65;23.26;23.55;5008801
20110601;23.55;23.6;23.11;23.21;5454982
20110602;23.21;23.27;22.94;23.24;3712490
20110603;22.98;23.1;22.77;22.84;3406146
20110606;22.73;22.8;22.39;22.42;3672376
20110607;22.44;22.71;22.38;22.56;2775904
20110608;22.55;22.62;22.37;22.53;3753395
20110609;22.54;22.63;22.42;22.56;3735604
20110610;22.42;22.53;22.01;22.04;3274333
20110613;22.02;22.3;21.91;22.09;3507661
20110614;22.24;22.67;22.12;22.53;4172713
20110615;22.35;22.47;22.05;22.07;3702989
20110616;22.16;22.29;21.99;22.15;3322117
20110617;22.43;22.46;22.1;22.27;7495886
20110620;22.25;22.67;22.15;22.57;4230174
20110621;22.6;22.9;22.31;22.85;5791692
20110622;22.71;23.65;22.63;22.85;4620408
20110623;22.6;22.99;22.3;22.92;5041751
20110624;23.1;23.37;22.79;23.11;6970367
20110627;23.04;23.33;22.84;23.23;6589285
20110628;23.32;23.76;23.23;23.75;7621249
20110629;23.76;24.2;23.63;24.18;6158875
20110630;24.22;24.9;24.16;24.67;8997770
20110701;24.67;24.99;24.52;24.97;4782821
20110705;24.87;24.91;24.69;24.78;4305634
20110706;24.83;24.9;24.62;24.75;4898893
20110707;24.98;25;24.76;24.9;5830340
20110708;24.74;25;24.57;24.98;5433887
20110711;24.74;24.78;24.27;24.33;4133124
20110712;24.39;24.6;24.13;24.13;4477769
20110713;24.28;24.4;23.99;24.02;4961143
20110714;24.18;24.31;23.8;23.86;4727294
20110715;23.91;23.95;23.47;23.57;6388114
20110718;23.54;23.54;22.87;23.13;7904264
20110719;23.25;23.71;23.2;23.69;5867181
20110720;23.6;23.69;23.34;23.39;3835231
20110721;23.56;23.85;23.48;23.71;3288187
20110722;23.65;23.94;23.54;23.94;3672810
20110725;23.83;23.91;23.53;23.56;3715976
20110726;23.61;23.76;23.42;23.55;4787474
20110727;23.36;23.54;22.77;22.9;8129099
20110728;22.91;23.4;22.85;23.2;6878494
20110729;23.05;23.26;22.73;22.78;7209591
20110801;22.99;23.15;22.02;22.15;6866560
20110802;22.08;22.15;20.82;20.85;11350425
20110803;20.86;21.08;20.33;20.41;14735156
20110804;20.13;20.32;18.98;19.07;13648897
20110805;19.27;19.56;18.45;19.26;16531122
20110808;18.69;19.03;17.88;17.88;15334617
20110809;18.07;18.64;17.29;18.59;15751537
20110810;18.17;18.36;17.36;17.38;20582407
20110811;17.44;19.04;17.36;18.79;11959673
20110812;18.97;19.53;18.8;19.24;9171942
20110815;19.39;19.86;19.39;19.82;6620868
20110816;19.58;20.09;19.47;20.01;8464139
20110817;20.03;20.15;19.54;19.85;8422020
20110818;19.19;19.49;18.38;18.56;8715571
20110819;18.31;18.52;17.74;17.83;11507984
20110822;18.27;18.32;17.67;17.74;6057478
20110823;17.79;18.4;17.6;18.37;7471701
20110824;18.2;18.75;18.12;18.73;4644132
20110825;18.81;18.84;18.14;18.27;4491118
20110826;18.15;19.41;17.86;19.23;12887559
20110829;19.37;20.06;19.37;20.04;6220286
20110830;19.93;20.47;19.76;20.39;8415260
20110831;20.44;20.88;20.4;20.75;9784836
20110901;20.88;20.96;20.23;20.25;10519271
20110902;19.96;19.96;19.34;19.4;4868106
20110906;18.95;19.49;18.84;19.27;6786543
20110907;19.53;19.85;19.32;19.85;5735732
20110908;19.76;19.83;19.45;19.49;3586794
20110909;19.33;19.54;18.97;19.36;8049769
20110912;19.06;19.56;18.96;19.53;7612469
20110913;19.6;20.54;19.27;20.22;10629364
20110914;20.18;20.35;19.19;20.07;14002816
20110915;20.33;20.8;19.8;20.14;8831600
20110916;20.28;20.88;20.06;20.51;12409277
20110919;20.19;20.41;19.88;20.29;5429584
20110920;20.34;20.61;20.16;20.19;5055827
20110921;20.24;20.41;19.4;19.41;6059837
20110922;18.82;18.95;18;18.32;11588866
20110923;18.19;18.6;18.13;18.29;4423173
20110926;18.43;18.67;17.79;18.48;8393575
20110927;18.48;18.95;18.39;18.51;5596581
20110928;18.54;18.58;17.65;17.71;8389776
20110929;17.97;18.29;17.37;17.69;8759981
20110930;17.41;17.54;16.99;16.99;8470277
20111003;16.84;17.07;16.17;16.19;8457324
20111004;15.92;16.18;15.49;16.16;10140444
20111005;16.2;16.91;16.02;16.84;9251818
20111006;16.84;17.6;16.16;17.54;8137517
20111007;17.64;17.73;17.3;17.32;5554652
20111010;17.75;17.96;17.45;17.88;4900511
20111011;17.83;18.13;17.6;17.91;7805517
20111012;18.1;18.24;17.89;18.04;6812250
20111013;17.94;18.01;17.65;17.87;5804082
20111014;18.03;18.03;17.35;17.67;7246002
20111017;17.64;17.9;17.28;17.34;5868477
20111018;17.34;17.68;17.1;17.55;4741104
20111019;17.59;17.73;17.29;17.33;5061639
20111020;17.39;17.68;17.02;17.38;4377038
20111021;17.59;18.05;17.49;18.04;5678247
20111024;18.03;18.63;17.88;18.53;8364768
20111025;18.53;18.78;18.1;18.21;7391900
20111026;18.97;19.87;18.34;19.56;11937543
20111027;20.15;20.52;19.97;20.35;11593992
20111028;20.25;20.39;20.01;20.28;5883832
20111031;20.13;20.13;19.57;19.57;5298538
20111101;19.06;19.33;18.55;18.58;9158183
20111102;18.78;19.12;18.47;18.7;9603364
20111103;18.82;18.98;18.51;18.89;6066561
20111104;18.71;18.84;18.35;18.51;6593194
20111107;18.51;18.69;18.15;18.68;6173738
20111108;18.8;19.11;18.54;18.99;6217010
20111109;18.56;19.28;17.95;18.1;6631776
20111110;18.31;18.44;17.96;18.35;4389445
20111111;18.55;18.81;18.46;18.73;2915466
20111114;18.65;18.7;18.33;18.46;3701756
20111115;18.45;18.78;18.26;18.7;3224171
20111116;18.45;18.64;18.14;18.17;4121514
20111117;18.1;18.22;17.64;17.9;6632252
20111118;17.93;18.15;17.82;17.86;5155269
20111121;17.71;17.84;17.49;17.66;4831180
20111122;17.64;18.06;17.22;17.89;8686630
20111123;17.81;18.1;17.57;17.62;5216332
20111125;17.59;17.66;17.4;17.41;1785950
20111128;17.76;18.27;17.69;18.27;4117901
20111129;18.27;18.68;18.08;18.49;6314561
20111130;19.04;19.53;19;19.53;8595687
20111201;19.71;19.86;19.57;19.69;7538202
20111202;19.86;19.94;19.41;19.5;5815632
20111205;19.84;20.35;19.78;19.99;5221405
20111206;20.03;20.14;19.73;19.81;4967989
20111207;19.68;20.13;19.44;20.03;8078033
20111208;19.81;19.89;19.31;19.37;9096686
20111209;19.46;20.05;19.38;20;4505731
20111212;19.74;20.65;19.71;20.1;9168548
20111213;20.25;20.56;19.88;20.04;8612288
20111214;19.97;20.16;19.92;19.95;4856887
20111215;20.14;20.37;20.12;20.24;3794014
20111216;20.37;21.07;20.15;20.88;9791028
20111219;20.92;21.03;20.51;20.62;4885447
20111220;20.96;21.49;20.83;21.46;7048776
20111221;21.4;21.48;20.97;21.25;5942711
20111222;21.34;21.66;21.14;21.57;4294894
20111223;21.67;21.84;21.49;21.83;2364783
20111227;21.83;21.84;21.45;21.49;2863906
20111228;21.57;21.77;21.37;21.49;3865369
20111229;21.64;21.84;21.52;21.81;2389822
20111230;21.7;21.78;21.45;21.46;2190884
20120103;21.96;22.33;21.91;22.15;5825584
20120104;22.11;22.12;21.64;21.74;5090096
20120105;21.53;21.67;21.33;21.49;10373681
20120106;21.58;21.73;21.38;21.47;7296463
20120109;21.58;21.75;21.34;21.71;5351876
20120110;21.97;22.21;21.79;22.19;4583072
20120111;22.19;22.35;22.01;22.31;8325565
20120112;22.28;22.35;21.83;22.28;5035961
20120113;22.09;22.25;21.64;21.71;4140543
20120117;21.73;22.05;21.48;21.57;3907419
20120118;21.52;21.91;21.38;21.84;4284251
20120119;21.79;22.04;21.73;21.87;3459380
20120120;21.87;21.87;21.44;21.56;4089411
20120123;21.6;21.93;21.5;21.52;3827037
20120124;21.41;21.49;20.72;20.84;8051084
20120125;20.37;21.43;20.37;21.21;5788629
20120126;21.33;21.5;21.01;21.2;6784625
20120127;21.2;21.38;20.87;21.04;4279711
20120130;20.83;21.04;20.69;20.98;4373333
20120131;21.03;21.21;20.62;20.75;4414543
20120201;20.96;22.34;20.94;21.97;12070475
20120202;21.98;22.04;21.62;21.76;4556217
20120203;22.07;22.47;22.02;22.44;5039636
20120206;22.32;22.43;22.2;22.33;5262432
20120207;22.34;22.56;22.12;22.53;6329645
20120208;22.53;22.91;22.44;22.89;4689547
20120209;22.88;23.07;22.67;22.96;4631351
20120210;22.78;22.89;22.55;22.8;3033378
20120213;22.88;23.05;22.8;22.96;2975213
20120214;23.46;23.82;23.11;23.24;6848811
20120215;23.36;23.6;23.03;23.16;6915228
20120216;23.21;23.66;23.14;23.6;6607912
20120217;23.49;23.66;23.31;23.42;5956526
20120221;23.82;23.88;22.53;22.7;11037792
20120222;22.72;23.85;22.72;23.44;9387447
20120223;23.36;23.78;23.27;23.69;6257350
20120224;23.71;23.86;23.38;23.48;4532374
20120227;23.24;23.36;22.92;23.19;4320756
20120228;23.27;23.32;22.88;23.19;7347059
20120229;23.13;23.6;23.05;23.44;8367223
20120301;23.4;23.72;23.24;23.64;5053875
20120302;23.66;23.68;23.07;23.16;3969693
20120305;23.15;23.21;22.59;22.65;5673850
20120306;22.41;22.57;22.02;22.21;6900429
20120307;22.28;22.49;22.17;22.37;4244859
20120308;22.5;22.77;22.46;22.58;6046416
20120309;22.65;23.02;22.53;22.97;5121397
20120312;22.91;23;22.67;22.79;3430776
20120313;22.91;23.15;22.86;23.13;5367294
20120314;23.05;23.2;22.59;22.66;6193019
20120315;22.91;23.13;22.79;22.97;4899008
20120316;22.88;23.08;22.69;22.89;5452906
20120319;22.78;22.93;22.55;22.87;5507083
20120320;22.82;22.98;22.69;22.74;3069736
20120321;22.67;23.09;22.65;23.06;4273152
20120322;22.94;23.16;22.82;23.07;4997190
20120323;23.07;23.1;22.82;22.98;3570292
20120326;23.1;23.34;23.05;23.32;4506548
20120327;23.38;23.45;23.21;23.35;3491970
20120328;23.35;23.35;22.91;23.15;3262506
20120329;23;23.25;22.93;23.2;2979126
20120330;23.35;23.49;23.23;23.45;3914851
20120402;23.42;23.63;23.36;23.51;4135068
20120403;23.4;23.55;23.33;23.54;3949510
20120404;23.41;23.41;23.03;23.16;3040489
20120405;23.14;23.18;22.39;22.59;8985578
20120409;22.2;22.29;21.92;21.98;4547320
20120410;21.91;22.02;21.41;21.53;5358724
20120411;21.67;22.09;21.64;21.9;5883659
20120412;22;22.55;21.93;22.39;5956566
20120413;22.34;22.4;22;22.07;5548767
20120416;22.11;22.23;21.98;22.1;3871740
20120417;22.23;22.8;22.2;22.67;4688213
20120418;22.6;22.66;22.36;22.51;5389464
20120419;22.43;22.45;21.73;22.09;9688199
20120420;22.17;22.2;21.72;21.84;6175547
20120423;21.7;21.7;21.4;21.56;5122934
20120424;21.59;22;21.51;21.94;3847784
20120425;21.95;22.33;21.9;22.2;4174087
20120426;22.6;22.79;21.85;22.13;5807083
20120427;22.11;22.27;21.98;22.08;3655574
20120430;22.09;22.19;21.55;21.69;8900338
20120501;21.62;21.92;21.56;21.71;6160319
20120502;21.68;21.7;21.22;21.42;7654977
20120503;21.44;21.51;21.18;21.23;3977766
20120504;21.13;21.2;20.94;21;3624198
20120507;20.92;21.2;20.9;21.05;3753608
20120508;20.94;21.06;20.58;21;4754172
20120509;20.82;20.87;20.21;20.64;5487915
20120510;21.27;21.45;21.01;21.08;5465278
20120511;21.12;21.78;21.06;21.52;7494732
20120514;21.31;21.55;21.17;21.42;8361183
20120515;21.41;21.51;21.12;21.22;5197485
20120516;21.22;21.77;21.15;21.28;8271049
20120517;21.25;21.64;21.16;21.16;7558063
20120518;21.23;21.35;20.74;20.81;7562370
20120521;20.83;21.38;20.73;21.21;6278048
20120522;21.26;21.56;21.15;21.27;5662600
20120523;21.12;21.22;20.51;20.89;7644819
20120524;20.93;21.32;20.9;21.28;7429364
20120525;21.25;21.69;21.21;21.63;5504546
20120529;21.74;22.25;21.7;21.89;5649979
20120530;21.75;21.8;21.37;21.53;8344038
20120531;21.52;21.91;21.32;21.67;6273801
20120601;21.49;21.5;20.98;20.98;6375047
20120604;21.01;21.32;20.52;20.9;7045520
20120605;20.84;21.04;20.69;20.99;2993200
20120606;21.08;21.41;20.95;21.37;3397937
20120607;21.51;21.66;21.34;21.39;3865973
20120608;21.49;21.59;21.31;21.55;3543511
20120611;21.69;21.74;21.08;21.11;3776222
20120612;21.12;21.23;20.81;21.01;5882794
20120613;21.02;21.11;20.72;20.86;5894716
20120614;20.89;21.11;20.85;21.03;4087665
20120615;21.09;21.27;20.96;21.2;5413122
20120618;21.15;21.18;20.91;21.07;3680531
20120619;21.16;21.4;21.07;21.34;2732761
20120620;21.37;21.7;21.32;21.53;3427734
20120621;21.55;21.66;21.06;21.12;3531051
20120622;21.15;21.34;21.04;21.23;3675227
20120625;21;21.05;20.68;20.8;3515581
20120626;20.78;20.85;20.56;20.67;2577345
20120627;20.71;21.08;20.69;20.95;2430048
20120628;20.82;20.86;20.5;20.82;3468443
20120629;21.11;21.41;21.1;21.37;4856181
20120702;21.44;21.9;21.38;21.74;3808174
20120703;21.78;22.26;21.75;22.07;2103433
20120705;21.91;22.07;21.59;21.77;2830407
20120706;21.69;21.91;21.38;21.59;2290180
20120709;21.6;21.91;21.49;21.82;3496380
20120710;21.89;21.99;21.5;21.59;3298948
20120711;21.56;21.78;21.45;21.65;3023786
20120712;21.54;21.71;21.2;21.58;3262155
20120713;21.58;22.22;21.55;22.06;4138023
20120716;22.14;22.25;22.05;22.09;2511954
20120717;22.18;22.67;22.05;22.5;5322096
20120718;22.46;22.72;22.4;22.55;3971481
20120719;22.5;22.66;22.33;22.61;3988940
20120720;22.5;22.52;22.25;22.3;3522785
20120723;22.05;22.07;21.61;22;3295220
20120724;21.92;21.95;21.31;21.54;4568441
20120725;21.64;21.83;21.46;21.69;3921238
20120726;22.45;23;22.16;22.75;10929190
20120727;22.97;23.4;22.93;23.27;9649606
20120730;23.2;23.42;23.15;23.34;4750735
20120731;23.34;23.43;23;23.03;5038354
20120801;23.11;23.31;22.88;22.95;4037205
20120802;22.81;22.97;22.5;22.74;5348928
20120803;23.05;23.28;23;23.13;5225639
20120806;23.17;23.36;23.08;23.25;3739142
20120807;23.3;23.35;23.2;23.25;6892418
20120808;23.24;23.3;23.08;23.18;4946619
20120809;23.13;23.36;23.04;23.3;2886574
20120810;23.34;23.48;23.1;23.46;4076136
20120813;23.4;23.5;23.29;23.49;3665891
20120814;23.5;23.5;23.32;23.4;3063941
20120815;23.37;23.73;23.35;23.62;4410176
20120816;23.68;23.96;23.55;23.74;3688458
20120817;23.79;23.8;23.46;23.63;2600695
20120820;23.56;23.91;23.54;23.88;3734789
20120821;23.98;23.99;23.75;23.83;3584954
20120822;23.75;23.89;23.66;23.76;2925266
20120823;23.67;23.75;23.3;23.56;3525032
20120824;23.57;23.87;23.51;23.79;2210474
20120827;23.79;23.82;23.55;23.59;3916906
20120828;23.6;23.6;23.36;23.43;3273876
20120829;23.4;23.71;23.34;23.61;2538308
20120830;23.49;23.57;23.24;23.48;2197401
20120831;23.65;23.83;23.48;23.57;3006389
20120904;23.57;23.75;23.28;23.64;2810533
20120905;23.6;23.84;23.5;23.79;2135841
20120906;23.9;24.24;23.87;24.07;4809984
20120907;24.09;24.2;24.02;24.06;1973180
20120910;24.06;24.17;23.95;23.95;2844588
20120911;23.94;24.14;23.91;24.01;3020652
20120912;24;24.23;23.85;23.96;3904313
20120913;23.91;24.4;23.91;24.26;3452944
20120914;24.39;24.48;24.16;24.3;3743996
20120917;24.3;24.35;24;24.2;2391141
20120918;24.21;24.38;24.1;24.35;2069394
20120919;24.39;24.51;24.25;24.41;3147069
20120920;24.31;24.64;24.21;24.49;4233556
20120921;24.46;24.67;24.3;24.55;6949406
20120924;24.49;24.55;24.12;24.2;3769185
20120925;24.29;24.5;24.16;24.22;2981248
20120926;24.25;24.43;23.93;24.05;2569138
20120927;24.14;24.52;23.92;24.5;4917721
20120928;24.49;24.49;24.14;24.37;4189619
20121001;24.5;24.82;24.23;24.33;5355118
20121002;24.4;24.52;24.26;24.35;3515059
20121003;24.39;24.63;24.35;24.53;2911766
20121004;24.53;24.71;24.42;24.67;2803273
20121005;24.78;24.88;24.56;24.63;3231563
20121008;24.62;24.65;24.39;24.55;1405907
20121009;24.5;24.52;24.05;24.07;3296889
20121010;24.15;24.19;23.8;23.94;3320976
20121011;24.14;24.15;23.96;23.96;2737525
20121012;23.99;24.05;23.65;23.78;3843671
20121015;23.82;24.01;23.81;23.96;3407541
20121016;24.05;24.1;23.95;24.04;3068030
20121017;24.1;24.49;24.05;24.28;4665968
20121018;24.25;24.3;24.05;24.13;3264583
20121019;24.15;24.29;23.53;23.65;5514013
20121022;23.59;23.74;23.55;23.68;3096297
20121023;23.5;23.5;23.25;23.44;4785232
20121024;23.48;23.98;23.45;23.94;8254099
20121025;24.43;25.02;24.25;25;10388584
20121026;25.2;25.51;24.88;25.22;10145233
20121031;25.2;25.4;24.95;25.34;5652154
20121101;25.3;26;25.3;25.89;5759977
20121102;25.93;26;25.66;25.68;3970947
20121105;25.63;25.97;25.44;25.84;3604081
20121106;25.88;26.2;25.63;26.02;5406642
20121107;25.8;25.99;25.36;25.82;4656554
20121108;25.8;26.02;25.63;25.65;4275762
20121109;25.68;26.24;25.55;25.87;6437541
20121112;25.95;26.55;25.85;26.04;8108455
20121113;26.04;26.28;25.95;26.15;5344368
20121114;26.1;26.15;25.42;25.6;5891962
20121115;25.54;25.8;25.4;25.5;5402879
20121116;25.7;25.92;25.46;25.54;9081678
20121119;25.73;26.12;25.7;25.94;6555432
20121120;25.97;26.15;25.89;26.03;4711624
20121121;26.19;26.58;26.19;26.49;4911961
20121123;26.63;27.31;26.57;27.11;3189091
20121126;27;27.07;26.63;26.99;6032957
20121127;26.95;27.4;26.92;27.2;7207773
20121128;27.09;27.2;26.75;27.19;5281615
20121129;27.29;27.45;27.16;27.29;3907150
20121130;27.34;27.5;27.15;27.18;6190092
20121203;27.26;27.46;27.12;27.36;3912261
20121204;27.3;27.49;27.23;27.39;2423615
20121205;27.4;27.54;27.13;27.27;4761551
20121206;27.3;27.35;27.09;27.31;4256950
20121207;27.38;27.38;26.92;27.26;4082988
20121210;27.22;28.1;27.15;28.02;5988627
20121211;28.04;28.07;27.56;27.85;8078327
20121212;27.88;28.03;27.69;27.84;7499713
20121213;27.59;28.13;27.58;27.97;7200529
20121214;27.94;28.08;27.78;27.97;4753937
20121217;28.03;28.22;27.94;28.19;9521202
20121218;28.19;28.5;28.05;28.3;9743395
20121219;28.34;28.35;27.5;27.74;9113780
20121220;27.77;27.9;27.68;27.77;5619730
20121221;27.58;27.91;27.49;27.81;8774026
20121224;27.76;28.02;27.67;27.95;2497819
20121226;28.07;28.08;27.36;27.45;3415126
20121227;27.48;27.62;26.95;27.35;3064103
20121228;27.17;27.4;26.91;26.92;3450837
20121231;26.99;27.49;26.93;27.45;3996362
20130102;27.84;28.05;27.4;27.7;7450717
20130103;27.62;27.75;27.52;27.62;5120063
20130104;27.65;28.24;27.65;28.2;5440585
20130107;28.05;28.14;27.76;27.91;5954846
20130108;27.6;27.78;27.38;27.78;7200199
20130109;27.83;28.22;27.77;28.03;3838623
20130110;28.28;28.6;28.22;28.25;4795503
20130111;28.32;28.51;27.77;27.84;7195167
20130114;27.78;27.87;27.54;27.54;8678585
20130115;27.5;28.05;27.5;27.98;4852590
20130116;27.99;28.22;27.93;28.07;5793396
20130117;28.12;28.19;27.89;28.04;5962659
20130118;28;28.07;27.75;28;2635812
20130122;27.97;28;27.74;27.89;3952127
20130123;27.85;28.36;27.66;28.15;5376534
20130124;28.13;28.6;28.12;28.32;3406827
20130125;28.39;28.6;28.32;28.46;3546185
20130128;28.5;28.5;28.19;28.25;4087994
20130129;28.25;28.39;28.11;28.29;4137607
20130130;28.26;28.42;28.12;28.2;4355268
20130131;28.15;28.4;28.06;28.27;6203802
20130201;28.44;29.05;28.35;28.89;5102696
20130204;28.81;29.01;28.64;28.64;4586516
20130205;28.79;29.04;28.71;28.96;4706009
20130206;28.83;28.89;28.61;28.81;3853572
20130207;28.77;28.87;28.58;28.8;4974200
20130208;28.89;29.05;28.77;28.86;3564483
20130211;28.78;28.92;28.72;28.85;2686982
20130212;28.81;28.95;28.72;28.8;4452118
20130213;28.91;28.95;28.75;28.86;3236480
20130214;28.72;29.21;28.63;29.16;5730764
20130215;29.09;29.28;28.95;29.22;4590997
20130219;29.18;29.3;28.97;29.11;2987186
20130220;29.09;29.15;28.7;28.71;4808386
20130221;28.69;28.92;28.34;28.81;6370245
20130222;28.83;29.01;28.71;28.98;4546599
20130225;29.12;29.27;28.51;28.52;3943218
20130226;28.56;28.61;27.95;28.33;5105919
20130227;28.23;28.68;28.18;28.57;3583044
20130228;29.34;30.47;29.34;29.61;12600360
20130301;29.63;30.41;29.44;30.1;8696433
20130304;30.06;30.77;29.76;30.73;9271309
20130305;30.87;30.97;30.5;30.69;6969124
20130306;30.71;30.92;30.46;30.9;6639587
20130307;31;31;30.68;30.79;5740925
20130308;30.85;30.96;30.69;30.73;4573713
20130311;30.6;30.83;29.97;30.77;7328537
20130312;30.73;31.02;30.58;30.95;6807619
20130313;30.95;31.22;30.61;30.98;6145829
20130314;31.01;31.13;30.53;31.01;8099248
20130315;30.97;31.01;30.42;30.47;8876746
20130318;30.15;30.74;29.95;30.68;6615499
20130319;30.79;30.84;30.43;30.77;6249323
20130320;30.86;31.02;30.61;30.77;4860675
20130321;30.58;30.68;30.12;30.19;4304205
20130322;30.34;30.41;29.64;29.82;5402884
20130325;29.39;29.57;29.22;29.27;7382220
20130326;29.4;29.51;28.9;29.02;7326600
20130327;28.79;28.92;28.64;28.74;7509359
20130328;28.79;28.99;28.65;28.95;6734659
20130401;28.95;28.99;28.5;28.7;3716004
20130402;28.73;28.81;28.12;28.6;10850692
20130403;28.55;28.64;27.86;28.51;17083945
20130404;28.54;28.75;28.38;28.64;7617868
20130405;28.36;28.66;28.2;28.63;4066296
20130408;28.64;28.65;28.35;28.37;5077576
20130409;28.51;28.75;28.4;28.61;4234145
20130410;28.7;28.85;28.44;28.55;4870576
20130411;28.65;29.15;28.53;28.95;4639487
20130412;28.96;28.99;28.6;28.68;4254141
20130415;28.64;28.73;28.04;28.1;5804306
20130416;28.18;28.32;28.05;28.3;6217096
20130417;28.1;28.21;27.81;28.02;4968557
20130418;28.03;28.09;27.66;27.96;5260646
20130419;27.93;28.41;27.92;28.34;4756743
20130422;28.5;28.5;28.16;28.33;5335158
20130423;28.49;28.75;28.39;28.62;4430559
20130424;28.7;28.81;28.55;28.69;5908094
20130425;28.82;29.31;28.73;29.28;9660497
20130426;29.3;29.5;29.17;29.31;6768289
20130429;29.3;29.51;28.99;29.01;4884699
20130430;28.89;29.13;28.73;29.11;6278402
20130501;29.08;29.14;28.68;28.7;4853782
20130502;28.75;28.93;28.48;28.83;5378868
20130503;29.03;29.17;28.8;28.9;4872587
20130506;29;29.49;28.67;29.45;6633119
20130507;29.57;29.9;29.53;29.69;4555583
20130508;29.67;29.93;29.3;29.33;4414217
20130509;29.21;29.41;28.87;29.27;5827229
20130510;29.12;29.66;28.99;29.65;4961696
20130513;29.56;29.63;29.05;29.2;3709705
20130514;29.3;31;29.02;30.1;9796054
20130515;27.77;30.53;27.77;30.5;5630939
20130516;30.8;31.47;30.34;30.7;7257003
20130517;30.9;31.47;30.84;31.4;5720298
20130520;31.35;31.89;31.14;31.28;4321381
20130521;31.23;31.38;30.95;31.23;3568494
20130522;31.25;32.09;31.15;31.55;8435010
20130523;31.27;32;31.17;31.75;4088698
20130524;31.69;31.69;31.04;31.18;5952812
20130528;31.58;32.27;31.44;31.63;4299086
20130529;31.63;31.67;30.95;31.11;3845690
20130530;31.07;31.33;30.9;30.97;4317885
20130531;30.84;31.01;30.48;30.48;4798102
20130603;30.46;30.85;30.11;30.4;4567190
20130604;30.31;30.4;29.5;29.87;6481177
20130605;29.9;30.45;29.73;29.89;5448755
20130606;29.9;30.42;29.7;30.41;3589614
20130607;30.52;30.96;30.15;30.58;2540884
20130610;30.65;30.9;30.43;30.71;2560562
20130611;30.51;31.12;30.3;30.77;4127506
20130612;30.92;31.36;30.73;30.82;4410406
20130613;30.81;31.42;30.44;31.34;3451230
20130614;31.45;32;31.3;31.68;3841099
20130617;31.83;32;31.21;31.54;4009318
20130618;31.62;31.96;31.41;31.87;3417262
20130619;31.89;31.92;31.14;31.27;3461719
20130620;31.04;31.06;30.18;30.35;5468792
20130621;30.49;30.81;29.9;30.63;10274229
20130624;30.33;30.51;29.93;30.25;3813992
20130625;30.55;30.72;30.1;30.4;5096231
20130626;30.45;30.81;30.34;30.48;3138901
20130627;30.72;30.98;30.6;30.9;3778896
20130628;30.85;31.47;30.73;31.03;5697301
20130701;30.95;31.39;30.85;30.86;3266535
20130702;30.83;30.89;30.28;30.37;3793828
20130703;30.18;30.57;30.01;30.47;1726073
20130705;30.73;30.96;30.57;30.84;2300876
20130708;31.02;31.12;30.59;30.9;3394391
20130709;31.13;31.5;30.91;31.19;3631688
20130710;31.23;31.49;30.98;31.28;3234259
20130711;31.57;31.75;31.42;31.44;4823768
20130712;31.55;32.1;31.51;32.09;3558313
20130715;32.1;32.24;31.64;32.13;3153366
20130716;32.23;32.28;31.92;32.1;3670290
20130717;32.1;32.24;31.76;31.98;3222854
20130718;32.01;32.62;32;32.3;2753532
20130719;32.42;32.7;32;32.67;2839729
20130722;33;33.07;32.53;32.65;2447794
20130723;32.72;32.75;32.15;32.32;3815072
20130724;32.32;32.61;32.16;32.38;1894167
20130725;32.19;32.65;32;32.59;2001406
20130726;32.58;33.5;32.4;33.43;4305283
20130729;33.33;33.62;33.05;33.1;2852087
20130730;33.27;33.48;33.03;33.41;3763154
20130731;33.37;33.74;33.2;33.56;4442263
20130801;33.73;34.62;33.53;33.98;6080719
20130802;35.41;36.77;35.33;36.4;14189785
20130805;36.61;36.99;36.34;36.88;7182791
20130806;36.93;37.1;36.53;36.82;4620145
20130807;36.8;37.47;36.71;37.08;6350340
20130808;37.1;37.32;36.77;37.05;3442988
20130809;36.86;37.39;36.84;37.19;2986900
20130812;36.99;37.3;36.78;37.19;5976512
20130813;37.13;37.35;36.98;37.15;7604969
20130814;37.21;37.25;36.61;36.82;3991253
20130815;36.59;36.79;36.07;36.2;5761150
20130816;36.1;36.6;36.09;36.19;3354930
20130819;36.88;36.88;35.88;35.99;4145725
20130820;35.99;36.07;35.67;35.73;4053391
20130821;35.62;35.81;35.19;35.44;5044152
20130822;35.42;35.85;35.41;35.58;2047440
20130823;35.71;35.88;35.52;35.79;2333270
20130826;35.7;35.99;35.52;35.52;1883018
20130827;35.26;35.31;34.46;34.76;2658335
20130828;34.84;35.24;34.59;35.06;2434221
20130829;34.83;35.54;34.82;35.34;2546206
20130830;35.37;35.45;35.05;35.34;3197105
20130903;35.75;35.88;35.45;35.71;5851313
20130904;35.65;36.08;35.51;35.93;2589775
20130905;35.95;36.07;35.65;35.88;1711177
20130906;35.89;35.99;34.86;35.29;5327201
20130909;35.46;36.56;35.1;36.49;6830518
20130910;37.53;38.56;37.39;38.24;11219453
20130911;38.24;38.5;37.83;38.05;5598528
20130912;38.21;38.88;38.09;38.72;5729873
20130913;38.8;38.98;38.64;38.92;4046016
20130916;39.35;39.41;38.77;38.95;4652637
20130917;39.36;39.36;38.49;38.5;3791521
20130918;38.44;38.81;38.06;38.6;6085856
20130919;38.59;38.91;38.26;38.33;4004586
20130920;38.42;39.03;38.42;38.66;5430808
20130923;38.5;38.54;37.83;38.07;3343040
20130924;38.15;38.38;37.87;38.13;2368518
20130925;38.01;38.3;37.71;38.14;3704233
20130926;38.21;38.42;38.03;38.37;2822265
20130927;38.24;38.59;37.95;38.32;2394615
20130930;38;38.51;37.95;38.17;2363133
20131001;38.13;39.45;37.93;39.45;4617180
20131002;39.17;39.6;39.07;39.49;3188784
20131003;39.35;40.22;39.12;39.99;6341882
20131004;40.01;40.55;40;40.25;5709114
20131007;39.87;40.35;39.77;40.06;3818421
20131008;40.06;40.2;38.83;38.87;5579637
20131009;39.2;39.2;38.43;38.92;3992852
20131010;39.38;39.78;39.21;39.74;3984108
20131011;39.83;40.33;39.73;39.91;3496744
20131014;39.23;39.5;38.95;39.48;3888956
20131015;39.54;39.67;39.03;39.19;2694734
20131016;39.3;40;39.26;39.69;2741222
20131017;39.66;39.92;39.38;39.71;3059739
20131018;39.86;39.86;37.27;38.55;8880072
20131021;38.49;38.7;38.19;38.56;4434843
20131022;38.65;39.21;38.61;38.99;4252663
20131023;38.7;38.86;38.17;38.63;2557950
20131024;38.76;39.01;38.34;38.49;3311084
20131025;38.52;38.52;37.87;38.43;3460243
20131028;38.43;38.48;38.1;38.24;2427165
20131029;38.25;38.74;38.25;38.65;2312572
20131030;38.99;39;37.89;38.41;6158206
20131031;37.81;38.22;36.97;37.87;9264908
20131101;38.12;38.22;37.43;38.01;6227360
20131104;38.25;39.45;38.15;39.38;5526633
20131105;39.17;39.99;39.02;39.88;5232591
20131106;39.88;39.93;39.18;39.51;5668118
20131107;39.76;39.77;38.74;38.99;4109277
20131108;38.73;40.54;38.73;40.41;4927981
20131111;40.41;41.17;40.03;41.06;5084870
20131112;41.13;41.51;40.71;41.42;4502996
20131113;40.46;41.7;40.36;41.62;4756829
20131114;41.91;42.18;41.59;41.98;4201044
20131115;41.94;42.45;41.8;42.36;3927924
20131118;42.31;42.44;41.51;41.81;4577937
20131119;41.87;42.2;41.58;41.9;4374032
20131120;41.77;42.45;41.77;42.32;3289994
20131121;42.35;42.65;42.14;42.38;2812871
20131122;42.58;42.68;42.37;42.67;2242170
20131125;42.75;44.37;42.63;44.22;5708281
20131126;44.22;44.73;43.91;44.5;4778912
20131127;44.5;44.71;43.76;44.14;3189186
20131129;44.05;44.33;44.01;44.13;1368008
20131202;44.3;44.68;44.13;44.35;2505443
20131203;44.12;44.33;43.16;43.22;4194292
20131204;42.97;43.33;42.55;42.97;4245611
20131205;43.02;43.75;42.68;43.35;4240010
20131206;43.87;44.27;43.62;44.14;2536289
20131209;44.5;44.54;43.73;43.86;3606456
20131210;43.87;43.98;42.06;42.61;8075070
20131211;42.75;42.8;41.29;41.42;6116884
20131212;41.36;42.17;41.26;41.86;3993933
20131213;42.01;42.25;41.67;41.78;2999054
20131216;42.03;42.62;41.86;41.9;3521576
20131217;41.79;41.98;41.41;41.86;3378459
20131218;42;42.89;41.55;42.84;3043712
20131219;41.84;42.6;41.79;42.53;3146252
20131220;42.53;43.1;42.28;42.51;5997578
20131223;42.93;42.93;42.33;42.72;2517411
20131224;42.72;42.81;42.31;42.57;856218
20131226;42.55;42.92;42.34;42.82;1171430
20131227;42.92;42.93;42.57;42.78;1535517
20131230;42.77;43.01;42.62;42.91;1371970
20131231;43.26;43.57;42.98;43.4;1930910
20140102;43.38;43.42;42.55;42.58;2625267
20140103;42.4;42.92;42.35;42.72;1876910
20140106;42.83;43.23;41.97;42.26;5120615
20140107;42.37;43.47;42.3;42.98;3109174
20140108;43.1;45.12;43.01;44.73;5937630
20140109;44.83;45.28;44.45;45.1;3081299
20140110;45.24;46.01;45.01;45.97;3633908
20140113;45.76;46.2;45.14;45.24;4485629
20140114;45.41;46.38;45.2;46.22;2955705
20140115;45.94;46.12;45.31;45.46;3247023
20140116;45.48;45.75;45.24;45.41;2474187
20140117;45.54;46.21;45.41;45.75;3392107
20140121;46.13;46.63;45.93;46.45;2980139
20140122;46.62;46.73;45.87;45.91;2482396
20140123;45.55;45.74;44.89;45.26;2745148
20140124;44.99;45.22;44.21;44.31;3171126
20140127;44.2;44.64;43.92;44.01;4867206
20140128;44.27;44.98;44.09;44.7;2850754
20140129;44.2;45;44.07;44.48;2840791
20140130;44.73;45.77;44.66;45.55;2459563
20140131;44.85;45.8;44.75;45.41;4200596
20140203;46.13;46.13;43.49;43.65;4583183
20140204;43.79;44.05;43.14;43.65;2858386
20140205;43.55;43.68;42.43;43.44;5018041
20140206;43.44;43.93;43.04;43.49;2405696
20140207;43.65;45.15;43.5;45.08;3008956
20140210;44.97;45.44;44.37;44.84;3463143
20140211;44.92;45.81;44.54;45.49;3574941
20140212;45.43;45.74;45.21;45.65;2142447
20140213;45.26;46.32;45;46.19;3027451
20140214;45.98;46.48;45.78;46.1;2317345
20140218;48.01;50.46;47.22;48.3;7479437
20140219;48.31;51.2;48.27;51.15;12675848
20140220;50.98;52.44;50.55;52.26;8810097
20140221;52.4;52.4;51.26;51.92;4695798
20140224;52;52.1;50.65;51.05;6253555
20140225;51;51.93;50.3;51.33;4043830
20140226;51.17;52.23;51.02;51.42;6905976
20140227;54.14;57.07;53.64;56.27;12899373
20140228;56.02;56.92;54.88;55.57;6043820
20140303;54.77;55.8;54.52;55.52;3234205
20140304;56.15;57.52;56.11;57.2;4836136
20140305;57.06;57.41;55.5;55.84;4972253
20140306;56.35;56.35;53.65;54.54;6510618
20140307;54.78;55.16;53.7;54.86;5204023
20140310;54.79;54.84;53.31;53.41;5614924
20140311;53.47;54.18;53.22;53.99;4920102
20140312;53.49;53.89;52.47;53.06;5248732
20140313;53.1;53.61;51.87;52.02;4864119
20140314;52.3;53.46;51.86;52.63;7393621
20140317;52.97;54.22;52.86;53.52;4232689
20140318;53.44;54.38;53.31;53.9;2687925
20140319;54.03;54.16;52.94;53.3;2756055
20140320;52.33;53.08;52.02;52.61;4510558
20140321;53.49;53.49;52.03;52.14;10806428
20140324;52.2;52.41;49.26;49.97;7758684
20140325;50.57;51.5;49.76;50.71;5157376
20140326;50.7;51.56;49.12;49.16;3795881
20140327;47.72;49.35;47.72;48.58;4503146
20140328;48.75;50.36;48.41;48.83;3944749
20140331;49.2;49.2;47.36;48.83;7880698
20140401;49.08;49.49;48.63;49.31;6001880
20140402;49.68;50.98;49.61;50.77;5445700
20140403;50.67;50.95;49.27;49.86;6226212
20140404;53;55.3;50.57;50.63;17757922
20140407;50.95;51.81;48.29;48.4;10579018
20140408;48.17;48.27;45.8;47.64;15098386
20140409;47.53;48.76;46.48;48.57;12165852
20140410;48.74;48.92;46.29;47.07;8843524
20140411;46.21;47.03;45.41;45.72;7297398
20140414;46.05;47.03;45.31;46.03;4857313
20140415;46.12;47.17;44.74;46.23;4383826
20140416;46.88;47.31;46.35;47.21;4055353
20140417;47.01;47.13;46;46.92;4912909
20140421;47.92;48.34;47.1;48.32;3596186
20140422;48.93;50.4;48.93;49.85;6789190
20140423;49.92;50.45;49.45;50.28;4935241
20140424;50.95;51.44;49.87;50.35;6854474
20140425;49.86;53.57;49.06;52.1;15890403
20140428;50.45;50.99;49.11;50.67;8902232
20140429;51.02;51.5;50.26;50.88;5415110
20140430;50.76;51.17;49.86;50.78;6871628
20140501;51.44;52;49.35;49.74;8178574
20140502;49.97;50.01;49.09;49.82;4114250
20140505;49.66;50.2;48.95;49.89;3191419
20140506;49.44;49.81;48.4;48.48;4053763
20140507;48.62;48.97;47.22;48.15;5708996
20140508;48.16;49.06;47.01;47.33;5238634
20140509;46.87;46.97;45.11;46.14;8768807
20140512;46.26;47.69;46.18;47.57;5467638
20140513;47.64;48.09;47.51;47.57;2784345
20140514;47.62;48.19;47.4;47.46;2443409
20140515;47.54;48.11;46.66;48.02;4506045
20140516;48.41;48.41;46.83;46.96;3960402
20140519;46.31;47.63;46.21;47.14;3723146
20140520;47.19;47.27;45.8;46.19;5055859
20140521;46.31;46.8;46.21;46.46;2647677
20140522;46.37;47.51;46.1;47.41;2712052
20140523;47.59;48.35;47.26;48.02;3106165
20140527;48.6;48.64;48.08;48.42;3604601
20140528;48.44;49.56;48.44;48.87;5252535
20140529;49.07;49.78;49;49.73;3461352
20140530;49.93;50.4;49.58;49.84;3834401
20140602;49.96;50.16;49.37;49.98;2341417
20140603;49.68;50.09;49.5;49.9;3138615
20140604;49.93;49.93;49.46;49.59;2675726
20140605;49.81;50.16;49.1;49.84;3057453
20140606;50.08;50.09;49.37;49.73;2112255
20140609;49.8;49.96;49.01;49.42;1438565
20140610;49.22;49.37;48.42;49.22;2304072
20140611;49.32;49.88;48.81;49.68;3246034
20140612;49.64;50.35;48.5;49.64;2183631
20140613;49.58;50.57;49.26;50.2;2914583
20140616;50.06;50.76;50.02;50.4;3026588
20140617;50.11;51.22;50.1;50.7;2067897
20140618;50.74;50.85;50.36;50.62;2557796
20140619;50.95;50.95;50.18;50.41;2032984
20140620;50.73;51.23;50.12;51.12;4911626
20140623;51;51.68;50.73;50.78;2416866
20140624;50.88;51.81;50.57;51.58;3354502
20140625;51.36;52.05;51.36;51.63;2498568
20140626;53.56;53.56;50.9;51.87;2119209
20140627;51.75;52.12;51.05;51.51;3529968
20140630;51.91;52;50.81;51.56;3946965
20140701;51.86;53.05;51.67;51.89;3454757
20140702;52.13;52.47;51.32;52.14;2925979
20140703;52.34;52.34;51.22;51.79;1785170
20140707;51.67;51.67;50.18;50.56;4339243
20140708;50.53;50.64;49.78;50.27;3682989
20140709;50.65;50.65;49.69;50.06;2644470
20140710;49.7;50.91;49.31;50.71;2754140
20140711;50.62;50.8;49.95;50.2;2647473
20140714;52.5;53;50.34;51.24;20032376
20140715;51.14;52.9;51.06;52.17;10598812
20140716;51.39;52.34;51.27;51.63;7198191
20140717;51.28;51.75;51;51.43;4853636
20140718;51.6;52.03;51.01;51.9;3660112
20140721;51.73;51.84;51.12;51.39;2852265
20140722;51.68;52.34;51.58;52.06;3493149
20140723;52.36;52.93;52.28;52.34;5775187
20140724;52.64;52.9;51.88;51.9;3013512
20140725;51.29;51.88;51.1;51.74;3937926
20140728;51.62;52.48;50.45;50.53;5227822
20140729;50.62;51;49.97;50.4;8784645
20140730;50.77;50.96;49.89;50.55;4335621
20140731;50.26;50.36;48.95;49.37;4391541
20140801;49.32;49.79;48.68;49.23;3851587
20140804;49.52;49.52;48.83;49.1;2755175
20140805;48.71;48.93;48.02;48.47;9437070
20140806;47.83;48.04;47.53;47.92;6777785
20140807;47;47.82;45.36;46.49;11594623
20140808;46.11;47.34;45.23;45.85;8791225
20140811;46.03;46.15;45.21;45.36;4981679
20140812;45.35;45.76;44.85;44.97;6342793
20140813;44.97;45.55;44.8;45.39;5425603
20140814;45.42;46.42;45.41;46.15;4486802
20140815;46.32;46.84;45.96;46.45;6054074
20140818;46.88;46.98;46.33;46.48;3923385
20140819;46.51;47.07;46.14;47.04;4564412
20140820;47.1;48.85;46.86;48.59;7589440
20140821;48.52;48.74;47.66;47.75;3786623
20140822;48.15;49;47.87;48.21;2794822
20140825;48.49;48.82;48.33;48.51;2505458
20140826;48.63;48.83;48.27;48.3;2404131
20140827;48.48;48.63;47.9;48.08;3030132
20140828;48.1;48.16;47.56;48.13;1985697
20140829;48.43;48.63;48.2;48.6;3027224
20140902;48.77;49;48.46;48.68;2358397
20140903;48.73;48.99;47.65;47.81;3833071
20140904;48.09;48.12;45.66;46.94;4654183
20140905;46.85;47.22;46.27;46.98;6321532
20140908;46.79;48.58;46.79;47.96;6434699
20140909;48.09;48.13;47.38;47.47;4377613
20140910;47.63;47.79;47.2;47.44;3614060
20140911;47.39;47.9;46.8;47.79;3472271
20140912;47.94;47.94;46.99;47.06;2112574
20140915;47.26;47.63;46.48;46.75;2280294
20140916;46.7;48.01;46.56;47.96;3261054
20140917;48.11;48.28;47.57;48;2117229
20140918;48.3;48.96;48.01;48.43;3152410
20140919;48.67;48.97;47.31;47.36;6686567
20140922;47.4;47.45;46.29;46.53;2923494
20140923;45.52;46.9;44.81;46.61;7161608
20140924;46.78;46.97;46.15;46.44;4507051
20140925;46.15;46.64;45.64;45.95;5184285
20140926;45.93;46.4;45.44;46.29;2990282
20140929;45.95;46.39;45.59;45.79;3055548
20140930;45.95;46.14;44.8;45.49;3843165
20141001;45.64;45.73;45.02;45.27;3443482
20141002;45.17;51;45.12;46.5;15729393
20141003;48.95;51.19;48.11;50.23;15981606
20141006;50.62;52.1;50.41;50.98;7861753
20141007;51.09;51.09;49.77;50.14;4062953
20141008;50.29;51.33;49.35;51.23;3702986
20141009;51.05;51.64;50.05;50.12;3551792
20141010;50.1;50.46;49.19;49.35;2976606
20141013;49.26;49.74;47.57;47.64;3242530
20141014;47.75;48.08;46.73;46.82;4443959
20141015;46.1;48.13;45.1;47.38;7089367
20141016;46.45;49.2;46.23;48.77;5011150
20141017;49.95;50.12;48.63;49.46;4412364
20141020;49.48;50.39;48.67;50.31;5946582
20141021;50.84;52.12;50.64;52.05;5281961
20141022;52;52.18;50.33;50.36;6964559
20141023;51.24;51.55;50.4;50.43;3349756
20141024;50.65;51.41;50.45;51.22;3396435
20141027;51.2;51.39;50.3;50.95;2771522
20141028;51.14;51.76;51;51.71;2011417
20141029;51.64;51.94;50.63;50.85;3077088
20141030;50.49;52.46;50.49;52.37;3191064
20141031;54.44;56.1;53.15;53.55;9047346
20141103;53.6;54;53.25;53.59;3313445
20141104;53.55;53.99;53.37;53.75;3847577
20141105;53.99;54.41;53.39;53.47;2550564
20141106;53.89;53.89;52.93;53.5;2966099
20141107;53.58;53.59;52.33;53.11;4126366
20141110;53.31;54.23;52.44;53.95;3133847
20141111;53.81;54.1;53.31;53.51;2341511
20141112;53;54.06;53;53.8;2680768
20141113;53.16;56.25;53.16;54.73;4833266
20141114;54.92;54.94;53.5;54.05;2546840
20141117;54.23;55.69;54.02;55.13;4017413
20141118;55.48;56.7;55.05;56.24;4137823
20141119;55.9;56.08;54.72;55.68;4250249
20141120;55.55;55.84;55.01;55.22;1861963
20141121;56.02;56.16;55.52;55.79;2631113
20141124;55.93;56.12;55.25;55.96;3287066
20141125;55.64;56.19;55.31;56.17;2679834
20141126;56.87;59.12;56.73;58.62;6204986
20141128;59.42;59.6;57.58;58.61;2761139
20141201;58.27;58.55;57.52;57.79;3360260
20141202;57.97;58.63;57.55;57.83;3082580
20141203;58.01;58.57;57.52;58.23;3273833
20141204;57.3;58.86;57.3;58.23;2410625
20141205;58.22;58.53;57.81;58.41;2156713
20141208;58.3;58.74;57.11;57.23;4042181
20141209;56.21;56.82;55.41;56.59;4730793
20141210;56.57;57.15;54.89;54.99;3863830
20141211;55.06;55.65;54.56;54.71;2540644
20141212;54.07;54.58;53.27;53.32;3291836
20141215;53.75;54.84;53.61;54.52;3553198
20141216;54.37;55.16;53.46;53.56;2563828
20141217;53.67;55.36;53.33;55.26;3198664
20141218;55.95;56.85;55.79;56.83;3611527
20141219;56.8;57.83;56.56;57.51;7724578
20141222;57.59;57.83;56.69;57;2033419
20141223;57.19;57.35;55.64;56.58;2112505
20141224;56.61;57.19;56.25;56.97;871516
20141226;56.99;57.72;56.99;57.6;1038920
20141229;57.58;58.07;57.14;57.71;1821112
20141230;57.44;57.68;56.87;56.94;1570678
20141231;56.85;57.39;56.27;56.37;1453126
20150102;56.54;57.32;56.06;56.35;1404556
20150105;56.12;56.28;55.43;55.72;3002128
20150106;56.21;56.83;53.77;54.18;6610871
20150107;54.72;56.35;53.83;56.11;3663022
20150108;56.68;57.29;56.35;56.65;3164005
20150109;56.68;56.94;55.77;55.84;2193618
20150112;55.94;56.49;54.93;55.27;2955056
20150113;56.01;56.68;54.81;55.48;2327265
20150114;55.37;55.86;54.17;54.59;2420470
20150115;55;55.66;52.68;52.74;4026406
20150116;52.65;56.11;52.39;56;5626919
20150120;56;56.33;54.36;55.13;3342485
20150121;55.03;55.5;54.31;54.59;2651584
20150122;54.94;55.26;53.6;54.44;3947095
20150123;54.36;55;53.85;54.21;3124194
20150126;54.02;57.04;54.02;56.8;6471755
20150127;56.63;56.98;55.66;56.3;3883101
20150128;56.4;56.5;55.13;55.24;3501934
20150129;55.2;55.23;54.48;54.89;3470665
20150130;54.25;55;53.01;53.15;6399419
20150202;53.55;53.84;52.21;53.19;4618801
20150203;52.82;54.67;52.31;54.59;5857610
20150204;54.01;54.04;52.82;53.22;3370530
20150205;53.44;54.55;53.4;54.3;3989478
20150206;54.23;54.49;53.55;53.89;1910851
20150209;53.8;53.84;52.92;53;1492284
20150210;53.33;54.29;52.7;53.97;2149468
20150211;53.97;54.42;53.64;53.76;1566194
20150212;54.17;54.54;53.85;54.51;1417646
20150213;54.57;55.99;54.32;55.85;2740939
20150217;55.13;56.73;55.13;56.53;2246879
20150218;56.65;56.72;56.04;56.55;1890694
20150219;56.37;57.36;56.31;57.22;2865858
20150220;57.28;57.9;56.86;57.87;3163136
20150223;58;58.03;57.41;57.65;1988311
20150224;57.74;57.83;57.11;57.22;1952482
20150225;57.11;57.32;56.1;56.5;3365278
20150226;56.5;57.28;56.18;57.25;2029526
20150227;57.92;58.37;56.89;57.33;5229157
20150302;58;58.36;57.05;57.89;3572755
20150303;56.76;57.2;55;55.44;6511135
20150304;55.79;55.95;54.89;55.61;3810065
20150305;56.26;58.26;56.09;56.69;4946797
20150306;56.43;56.64;55.17;55.44;2302150
20150309;55.76;56;55.14;55.74;1853177
20150310;55.27;55.95;54.81;55.31;2784587
20150311;55.64;59.92;55.25;59;12635315
20150312;59.07;62.45;59.05;62.3;11356372
20150313;61.26;61.39;59.19;59.76;7191090
20150316;60.36;61.3;59.94;61.27;5429151
20150317;60.47;62.84;60.47;62.72;3630339
20150318;62.41;65.63;62.06;64.96;6325156
20150319;64.44;64.75;62.9;63.94;4970463
20150320;64.37;64.57;63.06;63.06;5245978
20150323;63.15;64.3;62.11;63.28;3974324
20150324;63.04;64.06;62.94;63.09;3973466
20150325;62.88;63.97;60.93;61.23;4423918
20150326;60.41;63.02;60.02;61.88;5428020
20150327;61.88;62.45;61.29;61.63;4802364
20150330;58.8;60.06;57.62;60;9994074
20150331;59.56;60.41;58.9;59.35;8447303
20150401;58.44;58.52;57.46;57.94;35152867
20150402;58.37;58.65;58.02;58.1;8827694
20150406;58.12;58.77;58;58.48;10176563
20150407;58.98;59.74;58.4;59.57;13511057
20150408;60.17;70.21;60;68.36;50879247
20150409;67.95;72.62;67.51;70.1;26635269
20150410;69.87;70.44;68.3;70.24;10947419
20150413;69.72;71.1;68.32;68.56;7770101
20150414;68.36;69.37;67.75;68.62;6172536
20150415;68.49;68.74;66.71;66.77;8302214
20150416;67.02;68.47;66.15;66.83;9038607
20150417;66.48;72.16;66.31;69.82;19396822
20150420;69.64;69.81;67.21;68.05;9735730
20150421;74.3;74.9;72.99;74.07;42315773
20150422;75;75.4;71.12;72.4;19062810
20150423;72.33;73.82;72.01;73.69;10276903
20150424;73.58;76.69;72.71;76.06;12236778
20150427;75.4;75.4;71.21;71.72;20059738
20150428;72.5;74.13;71.45;72.71;9460656
20150429;72.48;74.72;72.07;74.5;10419906
20150430;74.45;75.26;71.13;72.26;8070771
20150501;72.72;74.61;72.28;73.89;8592734
20150504;74.2;74.23;72.94;73.05;5087610
20150505;73.23;73.76;72.32;72.89;5803890
20150506;73.09;73.85;70.39;71.05;10831942
20150507;71.05;71.72;69.62;70.39;9585216
20150508;71.1;71.52;69.73;71.31;10074176
20150511;71.28;71.95;70.31;71.63;6188258
20150512;70.99;71.41;69.85;70.33;4219404
20150513;70.37;71.2;70.06;70.85;3237072
20150514;71.29;71.68;70.13;71.53;4672369
20150515;71.23;71.98;70.59;70.67;3418852
20150518;70.45;71.42;69.5;71.38;7446345
20150519;70.28;71.69;70.28;71.35;4109927
20150520;71.5;71.54;70.24;70.45;3963220
20150521;70.16;71.03;69.75;69.94;4578286
20150522;70;70.55;69.49;69.66;4333753
20150526;69.5;71.05;69.49;70.55;5445442
20150527;70.59;72.48;70.57;72.04;6467324
20150528;72.5;73.15;72.08;72.68;4730244
20150529;72.73;73.86;72.56;72.63;7327921
20150601;72.42;73.76;72.39;73.32;3337331
20150602;72.9;73.3;72.05;72.28;2888903
20150603;72.62;73.25;72.15;72.39;3785866
20150604;72;74.66;71.31;74.28;8875073
20150605;74.47;74.62;73.32;74.14;7507844
20150608;74.01;74.38;73.48;73.65;4938445
20150609;73.78;74.18;73.43;73.8;3633462
20150610;73.88;74.25;73.38;74.06;4535011
20150611;74.18;74.33;73.63;74.11;3743694
20150612;74.02;74.4;73.18;73.7;3552434
20150615;73.64;73.77;72.56;73.59;3122490
20150616;72.89;73.01;71.58;72.05;8753491
20150617;72.24;72.85;71.18;71.23;4491705
20150618;71.72;72.99;71.5;72.56;5491773
20150619;72.34;72.87;71.44;71.62;10459834
20150622;71.95;72.26;71.33;71.42;2289142
20150623;71.98;72;70.57;71.02;3040588
20150624;71.02;71.45;70.6;70.86;4750771
20150625;70.9;71.21;69.85;70.36;2530826
20150626;70.68;70.86;69.01;69.06;9251174
20150629;68.15;68.99;67.33;67.63;4020806
20150630;68.28;68.46;67.37;67.86;4672814
20150701;68.52;69.76;67.92;69.7;3595978
20150702;69.67;70.41;69.34;70.12;2574521
20150706;69.14;73.91;69;70.75;8299791
20150707;71.21;71.58;69.6;71.49;4377311
20150708;71.22;71.99;68.89;68.96;4609245
20150709;69.71;70.53;68.64;70.35;4417719
20150710;71.37;72.99;70.63;71.22;5804390
20150713;71.6;71.73;70.11;71.06;4221781
20150714;71.08;71.95;70.5;71.42;4323149
20150715;71.2;71.42;68.28;70.06;4503343
20150716;70.46;70.81;68.05;68.44;8372325
20150717;68.4;69.01;68;68.47;5457673
20150720;68.32;68.45;66.76;66.98;6750923
20150721;67.61;67.61;66.6;67.21;3688774
20150722;67.2;68.09;66.69;67.9;3492572
20150723;66.99;68.04;66.36;66.56;5788098
20150724;66.44;67.34;65.46;65.94;5386349
20150727;56.04;57.58;55.4;56.37;34543245
20150728;56.74;57;53.81;56.35;17876369
20150729;56.5;58.05;55.62;57.24;16199778
20150730;57.4;57.6;56.34;56.35;9049062
20150731;56.48;56.64;55.61;55.99;5640912
20150803;55.89;56.73;54.98;55.2;6919296
20150804;54.93;55.39;53.89;54.67;7903014
20150805;55;55.16;54.1;54.6;8430610
20150806;55.35;55.99;52.59;55.4;16214423
20150807;55.9;56.41;55.16;56.35;9934388
20150810;56.98;57.81;56.82;57.53;9656143
20150811;57.38;57.77;56.42;57.13;7070988
20150812;56.25;56.84;54.23;55.36;10441770
20150813;55.09;55.4;54.17;54.22;5794573
20150814;56;56.13;53.68;54.36;6859428
20150817;54.37;55.56;54.05;55.49;6530734
20150818;55.66;56.44;54.85;55.75;9083546
20150819;55.66;55.73;54.69;55.09;6782113
20150820;54.5;54.83;53.02;53.03;8020755
20150821;52.36;53.14;51.2;51.5;8589074
20150824;47.88;51.26;45.5;49.81;10869336
20150825;51.98;52.04;49.07;49.11;8587300
20150826;50.23;51.42;48.39;51.13;12172689
20150827;51.52;52.93;50.42;51.49;8263131
20150828;51.64;51.93;49.82;50.37;7615291
20150831;50.59;51.66;49.45;49.59;5784934
20150901;48.56;49.66;47.9;48.29;6601930
20150902;49;49.43;47.6;48.62;6139650
20150903;49.05;49.51;47.24;47.42;6766793
20150904;46.73;48.39;46.55;48.05;6034827
20150908;48.75;49.43;48;48.72;6259717
20150909;48.98;49.34;47.41;47.56;5545816
20150910;47.49;48.26;47.01;47.8;5993677
20150911;47.43;48.77;47.28;48.65;4579469
20150914;48.47;49.07;48.27;49.06;4711883
20150915;49.21;50.07;48.95;49.56;5833516
20150916;49.81;49.85;48.48;49.01;3911511
20150917;49.55;50.16;48.78;49.37;5163217
20150918;49.23;49.71;48.56;49.59;10785366
20150921;49.4;49.59;47.53;48.16;6081087
20150922;47.47;47.7;45.44;46.65;8650655
20150923;46.78;47.08;45.33;45.41;6073608
20150924;45.1;45.76;44.22;45.56;7667791
20150925;45.8;46.09;42.14;43.61;10032172
20150928;43.13;43.55;39.51;40.86;17425531
20150929;40.79;41.66;39.16;39.8;12549141
20150930;40.91;41.26;39.3;40.26;10626098
20151001;40.6;41.62;39.63;41.41;9863161
20151002;40.3;43.83;40.22;43.66;9844845
20151005;43.75;44.43;42.55;43.9;7933861
20151006;44.39;44.47;42.25;42.85;7819691
20151007;42.89;42.99;41.01;42.23;9310851
20151008;42.38;42.94;41.32;42.67;4934988
20151009;42.8;43.17;42.07;42.55;5994639
20151012;43.18;43.69;42.52;42.9;5265902
20151013;42.9;43.54;41.27;41.42;5658524
20151014;41.56;42.67;41.5;42.24;5971208
20151015;41.78;42.91;41.58;42.73;7258171
20151016;43;43.77;42.66;43.55;10111748
20151019;44.04;44.25;42.76;43.74;7192155
20151020;44.2;44.2;42.46;42.55;7297032
20151021;42.49;42.52;39.44;40.89;12509927
20151022;40.6;40.6;37.59;39.16;17896313
20151023;39.74;41.56;38.91;40.96;10283523
20151026;40.9;42.16;40.4;41.85;7877913
20151027;42.12;44.11;42.01;44.09;10324842
20151028;44.38;45.37;43.56;44.89;8865401
20151029;46.68;48.04;45.08;45.78;13115967
20151030;45.49;46.05;43.43;44.09;11617394
20151102;44.87;46.33;44.25;45.81;9012983
20151103;45.46;47.49;45.46;46.57;11600068
20151104;47.05;47.46;46.4;46.58;10611086
20151105;46.42;46.78;44.64;44.79;7093785
20151106;45.01;45.45;44.2;44.96;6387821
20151109;45.1;46.23;44.4;45.14;8699885
20151110;45.34;45.85;44.75;45.44;11547251
20151111;45.66;46.43;44.28;44.49;7521114
20151112;44.65;44.73;42.56;43.2;12577679
20151113;47.6;49.49;46.48;48.78;38841753
20151116;48.86;50.51;48.4;50;11171931
20151117;50.19;51.45;50.1;50.66;8075082
20151118;50.85;52.24;50.42;52.02;10975938
20151119;52.46;52.46;50.2;51.22;6773074
20151120;51.58;51.97;50.35;51.87;8889144
20151123;51.86;52.45;50.53;50.88;8408351
20151124;50.56;50.97;50.18;50.39;8805547
20151125;50.27;51.85;50.24;51.8;5309803
20151127;51.85;52.02;51.47;51.74;1850429
20151130;51.71;52;50.87;51.3;4844326
20151201;51.88;53.34;51.51;53.08;7531750
20151202;52.78;54.5;51.77;52.08;8390461
20151203;52.21;52.42;50.24;51.07;7611845
20151204;50.7;51.47;50.15;51.41;7805958
20151207;51.23;51.55;50.13;51.09;5363949
20151208;50.5;51.53;50.23;51.26;7402686
20151209;51.04;52.05;50.26;50.7;6716769
20151210;51;52.99;50.82;52.93;5227552
20151211;52.26;53.28;51.91;52.56;6871843
20151214;53.64;53.81;51.85;53.37;9710338
20151215;53.88;55;53.77;53.99;7696800
20151216;54.2;54.74;53.17;54.39;4889068
20151217;55.04;55.3;52.94;52.97;6230001
20151218;52.44;53.74;52.15;53.17;9257775
20151221;53.52;53.85;53.17;53.64;4697458
20151222;53.62;54.29;53.41;54.19;2840651
20151223;54.26;55.06;54.12;54.79;4303818
20151224;55.09;55.15;54.35;54.82;1579347
20151228;54.48;54.48;53.58;54.33;2469842
20151229;54.61;55.51;54.48;55.28;3507114
20151230;55.01;55.5;54.5;54.62;2383642
20151231;54.36;54.77;54.02;54.07;2658884
20160104;52.88;54;52.7;53.28;6719257
20160105;53.67;54.42;53.25;54.09;5617029
20160106;52.96;54.44;52.78;53.36;5581304
20160107;52.52;52.67;51.57;51.61;6384590
20160108;51.72;51.93;49.26;49.42;7232526
20160111;50.06;50.23;48.33;49.5;6719496
20160112;49.73;50.67;48.77;50.09;4310804
20160113;50.5;50.99;48.77;48.89;4085450
20160114;49;51.65;48.41;50.7;7410166
20160115;48.9;50.41;48.03;49.71;9087547
20160119;50.57;51.78;48.74;50.22;8135780
20160120;49.71;52.16;49.54;51.4;5542962
20160121;51.86;52.27;50.44;51.44;4235462
20160122;52.6;53.41;51.94;53.11;3625116
20160125;52.96;53.63;52.4;52.62;3482167
20160126;52.73;54.23;52.05;53.93;3611193
20160127;53.85;53.92;50.83;51.23;6522016
20160128;51.89;51.94;49.5;50.43;5625723
20160129;50.84;52.77;50.29;52.69;4842397
20160201;51.92;52.67;50.62;52.35;5205455
20160202;52.01;53.05;50.53;50.82;5163472
20160203;51.38;52.55;49.33;52.26;5683087
20160204;51.94;53.21;51.15;52.31;4032516
20160205;52.21;52.91;50.95;51.39;4300563
20160208;50.81;51.15;49.34;50.45;4949561
20160209;49.72;51.59;49.14;50.74;5909894
20160210;51.21;51.73;49.14;50.54;11128807
20160211;43.95;44;40.04;41.42;33288630
20160212;41.34;42;40.05;41.83;15531140
20160216;42.27;43.2;41.94;43.15;10111358
20160217;43.8;46.42;43.72;46.27;10084603
20160218;46.46;47.05;44.62;44.71;8324758
20160219;43.8;45.98;43.8;45.34;5046761
20160222;46.35;46.9;45.63;46.81;5244846
20160223;46.7;47.97;46.54;46.71;6558874
20160224;45.7;46.78;44.86;46.6;4786879
20160225;46.98;47.43;46.18;47.42;3552965
20160226;47.07;47.77;46.83;47.14;3078750
20160229;47;47.04;45.04;45.07;5230767
20160301;46.46;46.79;45.19;46.06;6181767
20160302;45.95;46.17;44.87;46.12;4288503
20160303;45.82;46.12;45.17;45.73;4107785
20160304;46;46.02;44.3;44.78;5902712
20160307;44.89;47.02;44.62;46.14;5425129
20160308;45.95;46;44.56;44.75;4683362
20160309;44.98;46.59;44.64;46.55;5809233
20160310;47.22;48.71;46.66;47.29;7332726
20160311;47;48.61;46.95;48.6;5169589
20160314;48.4;48.43;46.36;47.87;4389890
20160315;47.18;47.3;45.34;45.92;6865883
20160316;45.64;47.18;45.61;46.4;5004951
20160317;46.08;46.2;43.65;44.22;7655139
20160318;44.62;45.28;43.84;45.05;6555754
20160321;45.13;46.13;45.1;45.46;3992582
20160322;45.29;46.38;45.25;46.21;5709968
20160323;46.22;46.45;45.37;45.41;2217563
20160324;45;46.13;44.47;45.88;2573576
20160328;45.98;46.07;44.82;45.2;3590415
20160329;45.07;47.2;44.76;47.01;3091216
20160330;46.91;47.2;45.95;46.4;2240871
20160331;46.21;46.68;45.57;46.35;3312658
20160401;46.22;47.66;45.73;47.5;3556846
20160404;47.49;48.46;47.06;47.23;3693783
20160405;46.25;46.55;45.6;45.92;5763083
20160406;45.92;48.39;45.77;48.34;5661936
20160407;47.95;48.81;47.66;48.07;3773043
20160408;48.91;48.91;46.63;47;4405759
20160411;47.32;47.47;45.21;45.56;5767946
20160412;45.61;46.94;45.61;46.25;8074991
20160413;46.71;47.61;46.15;47.22;4064797
20160414;47.33;48;46.78;47.59;6559827
20160415;47.16;47.6;46.64;46.89;7538323
20160418;46.95;47.93;46.64;47.6;2577860
20160419;47.77;48.96;47.65;47.77;3111185
20160420;48.09;48.43;47.5;47.93;2619341
20160421;48.04;49.2;48.01;48.8;3505765
20160422;48.75;49.42;47.82;48.29;2749058
20160425;46.85;47;44.98;45.02;8933997
20160426;45.5;45.5;43.8;44.99;6889679
20160427;44.85;45.13;44.25;44.48;6421545
20160428;43.88;43.88;42.46;42.6;8658284
20160429;42.37;42.73;41.31;41.71;7688093
20160502;42.1;42.76;41.51;42.71;5999549
20160503;43.37;44.56;41.85;43.69;11911918
20160504;43.4;43.5;41.58;41.94;5547625
20160505;41.84;42.03;40.76;41.4;9059233
20160506;40.31;41.22;38.46;39.65;11473521
20160509;40.52;41.1;40.16;40.77;5440596
20160510;40.88;41.37;40.56;40.81;4606599
20160511;40.71;40.75;39.57;39.64;3858274
20160512;39.65;39.89;38.01;38.62;7383699
20160513;38.38;39.32;38.05;39.16;5623316
20160516;39.47;40.53;39.2;40.45;4880148
20160517;40.4;41.72;40.21;41.02;6067188
20160518;41.18;42.76;41.15;42.04;5298805
20160519;41.83;42.42;40.5;41.12;3702086
20160520;41.17;42.09;41.09;41.51;3550456
20160523;41.56;41.66;40.95;41.21;3710879
20160524;41.55;42.6;41.5;42.44;3702759
20160525;42.47;42.97;42.14;42.68;3340459
20160526;42.66;43;42.41;42.86;1953702
20160527;43.06;43.84;42.89;43.06;3054222
20160531;43.21;43.59;42.97;43.34;3456039
20160601;43.24;44.86;42.97;44.46;5555649
20160602;44.75;45.68;44.55;44.96;6713804
20160603;44.95;45.29;43.53;44.52;2792743
20160606;45.12;46.55;44.8;46.52;4955902
20160607;46.28;46.68;45.42;46.61;4569970
20160608;46.67;47;46.18;46.51;4764757
20160609;46.29;46.71;45.71;45.76;3919152
20160610;44.39;44.58;43;44.53;7341041
20160613;44.15;45.37;44.05;44.77;4893113
20160614;44.67;45.43;44.1;44.87;4302799
20160615;44.97;45.8;44.66;44.74;3455286
20160616;44.4;45.12;44.09;45.05;3046105
20160617;45.05;45.58;44.47;45.01;9207438
20160620;45.66;46.21;45.09;45.38;3812650
20160621;45.56;45.79;44.06;44.88;5221269
20160622;44.74;46.29;44.7;45;3360358
20160623;45.64;46.22;45.46;46.16;2964764
20160624;43.68;45.14;43.2;43.56;9367084
20160627;43.18;43.19;41.62;41.81;5371165
20160628;42.18;43.07;42.14;42.82;3755256
20160629;43.17;43.93;42.67;43.22;4748841
20160630;43.25;43.37;42.47;43.24;7206393
20160701;43.34;43.59;42.84;43.48;5332439
20160705;43.3;43.31;42.33;42.67;4036186
20160706;42.64;43.6;41.99;43.54;3764035
20160707;43.76;43.92;43.14;43.7;2110943
20160708;44.18;44.79;43.8;44.54;2490633
20160711;44.72;44.88;44.31;44.55;3109913
20160712;44.78;45.39;44.74;45.16;2632546
20160713;45.94;46.78;45.28;45.3;3604347
20160714;45.85;45.97;45.28;45.38;2502777
20160715;45.83;45.9;45.15;45.45;2696040
20160718;45.56;45.92;45.41;45.53;3529839
20160719;45.32;45.75;44.74;44.93;3856154
20160720;45.07;47.21;44.99;47.2;5311777
20160721;47.02;47.69;45.97;46.86;4706277
20160722;47.04;47.06;46.09;46.59;2236395
20160725;46.58;47.34;46.51;47.28;2763552
20160726;47.13;48.34;46.42;46.48;3797008
20160727;46.53;47.01;46.38;46.93;2952149
20160728;46.82;46.92;45.82;46.72;3866723
20160729;46.7;46.94;46.11;46.79;2658918
20160801;46.79;47.12;46.36;46.74;3122660
20160802;46.4;46.74;45.68;46.53;4814256
20160803;46.33;48.54;46.3;48.41;7782505
20160804;48.31;49.19;48.25;48.55;11709851
20160805;48.98;49.11;48.3;48.46;4747340
20160808;48.42;49.32;48.24;48.53;6708711
20160809;48.6;50.4;48.6;49.92;7814186
20160810;49.3;49.91;48.01;48.79;7499878
20160811;49.09;49.4;48.56;48.71;3496756
20160812;48.4;48.52;47.73;48.46;3623229
20160815;48.72;48.9;48.5;48.75;3320814
20160816;48.71;49.02;48.49;48.53;2225331
20160817;48.76;49.16;48.32;48.9;2591780
20160818;49;49.42;48.86;49.32;2984020
20160819;48.99;49.2;48.1;48.66;5148807
20160822;48.54;49.09;47.57;47.9;7281876
20160823;47.45;47.59;45.53;45.62;13105583
20160824;45.5;45.99;42.78;43.15;17938577
20160825;44.65;45.11;42.33;42.85;17728692
20160826;43.11;43.98;42.63;43.03;8349591
20160829;43.99;44.24;42.47;43.22;11697567
20160830;43.25;44.1;42.59;42.75;4960783
20160831;42.56;42.63;41.87;42.36;6204921
20160901;42.52;42.63;41.55;41.92;5691722
20160902;42.01;42.09;39.82;39.97;17238016
20160906;40;40.93;39.9;40.4;9142783
20160907;40.84;40.88;40.21;40.31;6903937
20160908;40.5;40.78;39.97;40.57;4767101
20160909;40.39;40.39;39.75;39.89;5738724
20160912;40.03;41.57;40;41.33;8179971
20160913;41.09;41.17;40.5;40.91;5426788
20160914;41.29;41.55;40.55;40.84;4465007
20160915;40.91;41.58;40.66;41.49;3772754
20160916;41.44;41.86;40.93;41.79;8748894
20160919;41.97;42.06;41.25;41.49;3394410
20160920;41.56;42.04;41.13;41.26;5676819
20160921;41.05;42.07;40.92;41.91;4165326
20160922;42.42;43.72;42.29;42.59;7752616
20160923;42.69;42.69;41.95;42.06;5357598
20160926;41.79;41.9;41.13;41.18;6502251
20160927;41.04;41.43;40.82;41.31;5547824
20160928;41.2;41.43;40.04;40.22;5648023
20160929;40.17;40.22;37.65;38.47;19125112
20160930;38.33;38.83;37.85;38.12;7298747
20161003;38.1;38.22;37.41;38.2;7093747
20161004;38.07;38.35;37.62;37.97;6046464
20161005;38.08;38.46;37.82;38.03;5565243
20161006;37.75;37.8;36.43;36.84;10538955
20161007;36.81;36.84;35.58;35.94;10871234
20161010;40.32;40.45;38.71;38.87;17944346
20161011;38.69;39.28;38.11;38.31;8497535
20161012;38.22;38.35;36.9;37.07;7198672
20161013;36.84;38.27;36.77;37.88;6493424
20161014;38;38.13;36.47;36.49;5773120
20161017;36.69;36.8;36.09;36.44;6709068
20161018;36.95;37.47;36.69;37.39;5793491
20161019;37.79;37.99;37.17;37.2;3861272
20161020;37.3;37.88;37.17;37.61;3596666
20161021;37.57;37.71;36.82;37.02;6171261
20161024;37.25;37.89;37.02;37.56;3149737
20161025;37.69;39.39;37.62;38.68;9299309
20161026;38.48;38.77;37.65;38.08;7049833
20161027;38.24;38.38;37.61;38.02;4523717
20161028;37.86;38.75;36.67;37.19;7763795
20161031;37.29;37.48;36.48;36.5;5473112
20161101;36.54;37.31;36.51;37.16;6489146
20161102;37.12;37.56;36.35;36.67;5947007
20161103;37.04;37.1;33.6;34.14;17832220
20161104;34.01;35.63;34;35;7932413
20161107;35.69;36.81;35.28;36.59;5780695
20161108;35.61;37.77;35.45;37.11;9116487
20161109;40;40.5;38.55;38.92;17363437
20161110;39.45;40.41;37.55;38.28;11946530
20161111;37.92;38.54;37.41;37.93;5721957
20161114;37.56;38.53;37.56;38.44;4971098
20161115;38;38.78;37.4;38.66;5328576
20161116;38.5;38.6;37.7;37.9;4776147
20161117;38.08;38.13;37;37.56;5441114
20161118;37.45;37.59;36.41;36.47;6108768
20161121;36.53;37.11;36.42;36.68;3700089
20161122;36.62;36.94;35.9;36.32;3485888
20161123;35.91;36.9;35.26;36.85;4268142
20161125;36.93;37.04;36.58;36.68;1306383
20161128;36.72;37.15;36.67;36.74;3607636
20161129;36.76;37;35.95;36.06;3698152
20161130;36.03;36.72;35.69;36.61;5523736
20161201;36.62;37.16;35.92;36.03;5125269
20161202;36.07;36.42;35.68;35.99;3543448
20161205;36.31;36.66;35.37;35.65;3528345
20161206;35.45;36.02;34.91;35.86;5788874
20161207;35.52;35.52;33.79;34.5;11556368
20161208;34.5;36.08;34.24;36.06;9101676
20161209;36.08;37.15;36.07;36.51;6118816
20161212;36.69;37.3;36.35;37.13;4876606
20161213;37.7;38.45;37.64;38.3;7035612
20161214;38.15;38.17;37.13;37.69;5845650
20161215;37.64;38.1;37.32;37.76;4591679
20161216;38.09;38.23;37.63;37.82;6542310
20161219;37.63;38.29;37.38;37.49;2727895
20161220;37.56;37.83;37.14;37.29;2480694
20161221;37.4;37.89;37.05;37.52;4093743
20161222;37.39;37.81;37.13;37.31;3122957
20161223;37.26;37.55;37.2;37.5;2077667
20161227;37.48;38.24;37.46;37.58;3860116
20161228;37.69;37.79;36.9;37.21;5533599
20161229;37.47;38;37.18;37.38;3553008
20161230;37.98;38.79;37.84;38.15;6312717
20170103;38.48;39.28;38.42;39.11;5031866
20170104;39.32;40.08;39.25;39.63;6581808
20170105;38.95;39.47;38.77;39.16;5799320
20170106;38.87;39.08;37.95;38.5;5723567
20170109;38.5;39.13;38.41;38.95;3382719
20170110;39.23;39.37;38.67;38.95;3410246
20170111;39.55;39.58;37.08;37.28;11809823
20170112;37.44;37.44;36.17;36.77;7167246
20170113;36.79;37.02;36.35;36.73;5031791
20170117;36.86;37.36;36.45;37.07;4542867
20170118;37.18;37.38;36.71;37.19;4247697
20170119;37.11;37.3;36.71;36.95;4062738
20170120;36.93;37.35;36.8;37.07;3587008
20170123;36.87;37.19;35.82;36.03;4735328
20170124;36.03;36.13;35.16;35.81;5067774
20170125;36;36.64;35.98;36.48;5150249
20170126;36.54;36.59;35.83;36.1;3517896
20170127;36.16;36.83;36.01;36.66;2982078
20170130;36.57;36.73;35.5;36.34;5237857
20170131;37.02;38.09;36.41;38.05;7353697
20170201;38.68;38.75;38.07;38.66;5917169
20170202;38.26;39.35;38.16;39;6225389
20170203;39.27;39.5;38.52;39.21;5719534
20170206;39.36;40.25;39.34;39.98;6182779
20170207;40.26;40.3;39.21;39.39;6061655
20170208;39.22;39.65;39;39.19;5939525
20170209;39.36;39.6;39;39.3;5517734
20170210;39.09;39.46;39;39.31;2521887
20170213;39.71;39.88;39.56;39.78;3920308
20170214;39.59;40.91;39.56;40.75;5501861
20170215;40.67;42.59;40.59;42.44;10793852
20170216;42.6;42.65;41.56;42;4437549
20170217;41.86;42.33;41.78;42.05;6616387
20170221;42.46;42.7;42.07;42.3;7442762
20170222;42.21;42.3;41.86;42;5059524
20170223;42.03;42.54;41.77;42.33;4395227
20170224;42.31;42.35;41.76;42.16;4857746
20170227;42.04;42.5;41.77;42.44;4060275
20170228;42.45;42.48;41.42;41.85;6874112
20170301;44.34;45.87;44.1;44.87;15930341
20170302;44.67;45.73;44.4;45.28;7235878
20170303;45.21;45.75;44.91;45.18;5382298
20170306;45.31;45.44;43.98;44.04;5353290
20170307;43.45;43.75;42.79;43.33;6585147
20170308;43.32;43.88;43.07;43.47;4298419
20170309;43.62;43.66;42.9;43.23;4391539
20170310;43.68;43.73;42.97;43.4;3671441
20170313;43.5;43.5;42.89;42.98;3195234
20170314;42.68;42.93;42.32;42.77;3593080
20170315;42.89;43;42.6;42.83;6844232
20170316;42.71;42.89;42.3;42.49;4394457
20170317;42.59;42.63;41.94;42.03;6070643
20170320;42.1;42.52;41.95;42.17;5027254
20170321;42.17;42.17;41.58;41.67;4241458
20170322;41.6;41.86;41.37;41.7;4364730
20170323;41.2;42.06;41.12;41.61;5029960
20170324;40.28;41.27;40.25;40.96;24463423
20170327;40.86;41.75;40.79;41.71;8049698
20170328;41.94;42.48;41.55;41.72;4381423
20170329;41.5;41.89;40.13;40.35;10250610
20170330;40.21;40.43;39.5;39.59;7331495
20170331;39.48;39.66;38.95;38.99;6588060
20170403;38.63;39.16;38.57;39.01;7582231
20170404;38.98;39.02;38.34;38.7;5425727
20170405;38.74;39.24;38.59;38.82;5372521
20170406;39.03;39.31;38.79;38.96;4102395
20170407;38.86;39.82;38.68;39.6;6607454
20170410;39.75;40.07;39.24;39.25;4782142
20170411;39.16;39.16;38.25;38.45;7015986
20170412;38.33;38.5;37.68;38.04;4225830
20170413;37.8;37.95;37.1;37.67;2967990
20170417;37.74;37.85;37;37.55;3634333
20170418;36.96;37.31;36.75;37.03;4422877
20170419;37.17;37.29;36.85;36.96;3848901
20170420;37.18;37.22;36.6;37.08;3597191
20170421;37.11;37.45;36.54;36.83;3876749
20170424;37.25;37.7;37.14;37.47;4490466
20170425;37.47;37.5;36.57;36.85;5844133
20170426;36.92;38.02;36.83;37.44;6161221
20170427;37.4;37.84;37.31;37.72;3467280
20170428;37.73;37.83;37.12;37.35;3499415
20170501;37.64;37.83;37.39;37.4;2460473
20170502;37.47;38.39;37.24;38.17;5166236
20170503;38;38;36.59;37.19;6301534
20170504;37.22;38.24;37.16;38.01;4808496
20170505;38.1;38.2;37.32;37.9;5568919
20170508;37.66;37.72;37.14;37.38;3878084
20170509;37.8;38.48;37.26;38.01;7378703
20170510;38.65;38.94;36.79;38.21;12114902
20170511;38.51;39.77;38.33;39.43;9857136
20170512;39.3;39.54;38.87;38.94;5020896
20170515;39.08;39.13;38.55;38.68;4695515
20170516;39.01;39.35;38.67;39.15;4942208
20170517;38.78;39.22;38.6;38.65;4540129
20170518;38.76;38.8;37.96;38.15;4891101
20170519;38.13;38.47;37.92;37.94;3434774
20170522;38.71;38.76;38.18;38.64;4457414
20170523;38.93;40.1;38.79;39.59;7414662
20170524;39.82;39.83;39.13;39.18;3471352
20170525;39.2;39.85;38.95;39.83;4691769
20170526;39.75;39.99;39.43;39.72;3974189
20170530;39.78;39.9;39.19;39.36;3485793
20170531;39.39;39.66;38.74;38.98;5535348
20170601;39.08;39.58;39.05;39.56;5097061
20170602;39.42;39.48;39;39.08;6066530
20170605;38.91;39.1;38.22;38.64;4247599
20170606;38.59;38.85;38.38;38.55;2275391
20170607;38.63;39.42;38.61;39.34;5181363
20170608;39.74;39.96;39.44;39.71;7981115
20170609;39.74;40.67;39.71;40.09;9299326
20170612;39.78;40.04;38.84;38.88;6319977
20170613;38.8;38.92;37.67;37.77;7519479
20170614;37.82;38.05;37.44;37.88;5768232
20170615;37.41;37.53;36.5;36.98;8417135
20170616;36.91;37.06;36.56;36.72;8784868
20170619;36.88;37.58;36.87;37.23;4024543
20170620;37.15;37.79;36.82;37.42;3739015
20170621;37.47;38.3;37.45;38.27;4222955
20170622;38.46;39.2;38.35;39.01;6319879
20170623;39.03;39.29;38.67;39.03;16048933
20170626;39.11;39.31;38.87;39.03;5316240
20170627;39.18;39.22;38.41;38.43;4765334
20170628;38.8;39.27;38.61;39.07;3467250
20170629;39.21;39.4;38.58;38.76;3118374
20170630;38.86;38.93;38.37;38.82;2418851
20170703;38.93;39.23;38.78;38.81;1854665
20170705;39.04;39.07;38.05;38.47;3803400
20170706;38.22;38.35;37.55;37.65;3202283
20170707;37.7;37.89;37.28;37.61;2806373
20170710;37.6;37.83;37.47;37.72;3136014
20170711;37.58;37.88;37.42;37.65;3208138
20170712;37.91;38.61;37.89;38.58;3249508
20170713;38.95;39.45;38.75;39.05;4804783
20170714;39.37;39.58;39.04;39.21;3397120
20170717;39.2;39.41;38.65;38.75;4496677
20170718;38.59;38.59;37.59;38.11;4664027
20170719;38.06;38.48;37.76;38.34;3751398
20170720;38.69;39.58;38.62;39.49;5349093
20170721;39.8;39.8;39.03;39.17;2991857
20170724;39.04;39.13;38.63;38.76;3404123
20170725;38.91;39.12;38.72;38.82;2063453
20170726;38.85;39.46;38.64;39.19;2606773
20170727;39.27;39.35;38.22;38.49;3395574
20170728;38.35;38.87;38.16;38.74;2304230
20170731;38.98;39.39;38.91;38.99;4043432
20170801;39.05;39.05;38.48;38.59;2768529
20170802;38.42;38.43;36.71;36.92;7517149
20170803;35.49;36.53;34.31;34.7;11843291
20170804;34.33;34.34;32.77;32.92;12669007
20170807;31.48;32.71;31.47;32;19740836
20170808;32.36;32.68;31.28;31.79;11391234
20170809;29.9;32.69;29.58;32.08;32038119
20170810;32.04;33.48;31.99;32.29;12327439
20170811;32.29;32.4;30.4;30.88;11080764
20170814;31.42;31.5;29.56;29.63;11948301
20170815;29.49;30.6;29.39;30.13;6564933
20170816;31.28;31.33;30.14;30.47;8994741
20170817;30.3;31.18;30.3;30.56;8867793
20170818;30.5;31.23;30.5;30.72;7185271
20170821;30.71;31.05;30.34;30.44;5724002
20170822;30.32;30.83;30.03;30.73;4604346
20170823;30.51;30.8;30.17;30.32;3893356
20170824;30.14;30.81;30.1;30.21;6235543
20170825;30.27;30.78;30.21;30.53;3856561
20170828;30.77;31.08;30.59;30.83;3920642
20170829;30.56;30.6;30.2;30.5;4719968
20170830;30.4;30.73;29.53;30.59;7085883
20170831;30.81;31.71;30.8;31.48;6685889
20170901;31.51;31.88;31.16;31.57;4180035
20170905;31.76;32;31.32;31.59;5659569
20170906;31.95;32.52;31.82;32.24;6244498
20170907;32.5;32.97;31.78;31.91;6359624
20170908;31.88;32.21;31.62;32.1;4187818
20170911;32.54;33.26;32.46;33.04;5568062
20170912;33.32;33.67;33.21;33.6;5745180
20170913;33.31;33.64;33.28;33.56;4157292
20170914;33.48;33.58;32.8;32.87;4941539
20170915;32.86;32.86;31.8;32.03;20184738
20170918;32.02;32.36;31.35;31.5;7750953
20170919;31.52;31.69;30.72;30.98;7119191
20170920;31.12;31.69;30.95;31.39;6279901
20170921;31.27;31.52;30.94;31.24;4836476
20170922;31.27;31.45;30.69;31.3;5203980
20170925;31.19;31.94;31.13;31.48;4415586
20170926;31.37;31.87;31.09;31.13;4583918
20170927;31.23;32.03;31.18;31.93;3952019
20170928;32.01;32.03;30.73;30.86;5673567
20170929;31.45;32.27;31.22;31.37;8833585
20171002;31.18;32.41;31.03;32.39;5524802
20171003;32.47;32.64;31.84;32.53;4166479
20171004;38;39.24;37.41;37.8;36946485
20171005;38;38.48;36.39;37.92;11211385
20171006;37.93;38.51;37.65;38.29;6284973
20171009;38.16;38.54;38;38.25;4013008
20171010;38.1;38.59;37.72;38.45;4543638
20171011;38.27;38.7;38.15;38.29;2767016
20171012;38.25;38.26;37.6;37.76;3954181
20171013;37.57;38.34;37.07;37.95;4860646
20171016;38.03;38.54;37.82;38.18;6493299
20171017;38.03;38.66;38.01;38.54;4239818
20171018;38.6;38.63;37.27;37.51;4793179
20171019;37.3;38.33;37.26;38.29;3001883
20171020;38.43;38.63;37.95;38.51;3998501
20171023;38.48;38.64;38.12;38.47;2571469
20171024;38.5;39.27;38.21;38.92;5906255
20171025;38.66;39.1;38.51;39.02;4596380
20171026;39.25;39.68;38.27;38.57;4486808
20171027;38.34;38.78;38.23;38.35;3812811
20171030;38.35;38.61;38.12;38.24;3805214
20171031;38.24;38.44;34.72;35.71;17996203
20171101;35.63;37.25;35.3;36.85;5703621
20171102;36.08;36.37;34.96;35.34;7329218
20171103;35.07;36;35.03;35.72;5468471
20171106;36.11;38.33;35.7;37.39;8418518
20171107;38.39;38.44;36.56;36.67;5187694
20171108;36.72;37.75;36.26;37.24;5854406
20171109;36.63;38.18;36.57;38.08;4659451
20171110;37.93;38.19;37.53;38.16;2451879
20171113;37.69;38.21;37.37;37.57;3572110
20171114;37.29;38.05;37.13;37.85;3732870
20171115;37.78;37.95;37.24;37.8;2446933
20171116;37.28;37.6;36.81;37.5;4741100
20171117;37.43;37.76;36.65;37.59;3378077
20171120;37.4;37.47;36.25;36.5;4333582
20171121;36.17;37.49;36.17;37.23;8026949
20171122;37.11;37.76;36.99;37.28;3324696
20171124;37.17;37.57;36.89;37.37;4938554
20171127;37.26;37.28;36.12;36.46;5693462
20171128;36.52;37.19;35.92;36.88;8740227
20171129;36.82;37.6;36.75;36.86;4432838
20171130;36.85;36.99;36.31;36.53;5677691
20171201;36.97;38.62;36.95;38.12;7799330
20171204;38.47;38.6;37.4;37.44;5736314
20171205;37.21;37.8;36.54;37.41;6462448
20171206;37.1;37.43;36.59;36.99;5686653
20171207;36.72;37.51;36.06;37.37;7303709
20171208;37.56;39.21;37.37;38.67;7119759
20171211;38.57;39.75;38.36;39.49;7628859
20171212;39.25;40.18;39.01;39.29;10735600
20171213;39.35;39.99;39.11;39.53;6082461
20171214;39.8;41.59;39.75;40.01;19491982
20171215;40.32;40.78;39.21;40.52;11767734
20171218;40.57;42.09;40.51;41.67;9344680
20171219;41.47;41.98;41.2;41.24;5987024
20171220;41.34;41.78;41.17;41.22;5456334
20171221;41.17;42.18;41.05;41.96;4620833
20171222;41.92;42.2;41.73;42.05;4022305
20171226;42.12;42.53;42.03;42.27;2538431
20171227;42.15;42.24;41.84;42;2218508
20171228;42;42.14;41.59;41.86;2100458
20171229;42;42.53;41.86;42.31;4335392
20180102;42.35;43.77;42.28;43.11;6752914
20180103;42.85;43.47;42.67;43.14;6735539
20180104;43.34;44.86;42.92;44.31;8232643
20180105;44.59;44.97;44.21;44.54;5325511
20180108;44.5;45.01;44.12;44.56;6911999
20180109;44.6;45.6;44.21;44.29;6205055
20180110;44.42;44.79;43.44;44.39;4638470
20180111;44.91;46.76;44.91;46.71;8970668
20180112;46.7;47.19;46.24;46.9;5816230
20180116;46.7;47.25;46.6;46.64;5412728
20180117;46.45;47.04;46.37;46.78;4744034
20180118;46.32;46.63;45.69;46.51;6317298
20180119;46.59;46.96;45.05;46.73;7894686
20180122;46.72;47.69;46.6;47.64;4730582
20180123;47.47;47.82;46.83;46.85;5140922
20180124;46.97;47.17;45.63;46.12;5956241
20180125;46.42;46.78;45.8;45.99;5793632
20180126;46.2;46.59;46.02;46.2;4821137
20180129;45.8;46.64;45.73;45.98;4021197
20180130;44.6;44.7;43.88;44.02;7271486
20180131;43.88;44.19;42.51;42.85;8731421
20180201;42.65;43.5;42.35;43.05;4732546
20180202;42.63;43.01;41.85;42.1;4230556
20180205;41.61;41.84;39.9;40.33;6924784
20180206;39.7;41.59;39.55;40.98;6434480
20180207;40.52;41.08;39.95;40.45;5188482
20180208;40.67;41.34;39.22;39.25;8111755
20180209;39.27;39.73;38.1;39.28;7204391
20180212;39.6;41.47;39.59;40.6;8377860
20180213;40.29;40.98;40.11;40.41;4266032
20180214;40.17;41.59;39.99;41.34;4471693
20180215;41.87;41.95;40.88;41.65;3216900
20180216;41.75;42.46;41.71;42.14;3417162
20180220;42.12;42.16;40.82;41.34;5560855
20180221;41.38;42.03;40.91;41.21;3447487
20180222;41.49;42.04;41.06;41.28;3581990
20180223;41.69;42;41.16;41.45;3371242
20180226;41.57;41.89;40.91;41.78;3217463
20180227;41.75;41.96;40.87;41.11;4335521
20180228;41.43;41.43;40.3;40.32;5143669
20180301;41.6;43.04;40.66;40.69;10688102
20180302;40.35;41.2;39.55;40.97;7072373
20180305;40.55;41.78;40.17;41.54;4599924
20180306;43.09;44.18;42.5;43.23;8017426
20180307;42.94;43.21;42.31;42.49;5814966
20180308;42.54;42.88;41.78;42.01;4317878
20180309;42.43;42.56;41.8;42.51;5582442
20180312;42.76;43.08;42.37;42.78;5910002
20180313;43.04;43.32;42.21;42.35;3462969
20180314;42.52;42.69;41.57;42.02;3157975
20180315;42.18;42.32;41.59;41.67;2484739
20180316;41.79;42.4;41.65;41.73;7309002
20180319;41.55;41.7;40.38;40.8;4479352
20180320;40.82;41.08;40.02;40.41;3174189
20180321;40.42;41.48;40.14;41.16;3190810
20180322;40.62;41;39.79;39.87;3961468
20180323;39.92;40.06;38.8;38.87;3522672
20180326;39.52;39.96;38.58;39.86;4109938
20180327;40.13;40.25;39.36;39.53;3593753
20180328;40.01;40.71;39.76;40.5;5646686
20180329;40.58;41.45;40.27;41.17;4118142
20180402;40.86;40.87;39.15;39.54;4484280
20180403;39.93;40.61;39.39;40.39;2685002
20180404;39.91;40.95;39.7;40.8;3007368
20180405;40.93;40.99;40.26;40.45;2267812
20180406;40.28;40.61;39.07;39.52;3107488
20180409;39.79;40.68;39.35;39.85;4637233
20180410;40.42;41.94;40.4;41.52;5788854
20180411;41.13;41.88;39.47;40.39;6875362
20180412;40.79;41.56;40.55;41.26;4450481
20180413;41;41.01;39.74;40.62;4683297
20180416;41.02;41.36;40.41;40.72;2099082
20180417;40.91;41.07;40.67;40.98;2280616
20180418;41.11;41.23;40.41;40.74;2461188
20180419;40.82;41.24;40.34;40.81;2736311
20180420;40.72;40.99;40.43;40.72;3430277
20180423;40.79;40.99;40.5;40.78;2930545
20180424;40.9;41.2;39.85;40.25;4932780
20180425;40.08;40.15;38.44;38.94;6332807
20180426;39.1;39.64;38.56;39.5;3230255
20180427;39.46;39.91;39.21;39.34;2982549
20180430;39.47;39.79;38.75;38.76;3564177
20180501;38.56;39.09;38.37;38.78;4197549
20180502;38.63;38.65;36.67;36.77;8679690
20180503;36.78;37.25;34.95;36.05;9445277
20180504;35.38;36.07;35.38;35.98;4371000
20180507;36.1;36.47;35.76;36.11;3960429
20180508;36;36.16;35.12;35.37;5100228
20180509;35.61;37.18;35.4;36.72;6111633
20180510;36.69;38.24;36.54;37.9;4443649
20180511;37.89;38.58;37.6;38.41;4468994
20180514;38.32;38.88;38;38.26;3232568
20180515;38.09;38.7;37.91;38.5;3328766
20180516;38.46;39.24;38.3;39.18;3943947
20180517;39.2;40.46;39.03;40.08;6222237
20180518;40.26;40.26;39.55;39.66;4590536
20180521;39.82;40.13;39.34;39.55;2594543
20180522;39.74;40.07;39.13;39.21;2819859
20180523;38.97;39.71;38.84;39.63;3892481
20180524;39.62;39.89;38.94;39.33;3329930
20180525;39.37;39.89;39.19;39.38;2235264
