20100104;40.26;40.63;40.26;40.35;546494
20100105;40.2;40.2;38.54;38.79;1387532
20100106;38.98;39.2;37.88;38.3;1742154
20100107;38.14;38.24;37.74;37.99;601225
20100108;38.02;38.15;37.46;37.78;632085
20100111;38.59;39.51;38.23;39.44;1289794
20100112;39.86;41.53;39.86;41.11;1353767
20100113;41.29;42.2;41.22;41.91;885345
20100114;41.7;42.15;41.65;42.13;550765
20100115;42.16;42.32;41.82;42.15;762487
20100119;42.14;43.11;42.02;43.01;1044123
20100120;42.74;42.88;42.15;42.78;581096
20100121;42.87;43.1;42.17;42.55;725806
20100122;42.48;43.06;42.26;42.56;959214
20100125;42.65;42.69;41.54;41.58;847008
20100126;41.37;42.8;41.25;42.5;1191531
20100127;42.44;43.17;42.44;43.05;839288
20100128;43.06;43.82;42.82;43.53;764272
20100129;43.7;44.59;43.48;44.28;1116048
20100201;44.46;44.83;43.71;44.2;1246378
20100202;43.28;46.1;43.1;45.92;3039226
20100203;45.29;46.9;45.05;46.27;1630189
20100204;46.1;46.48;45.77;45.78;1229764
20100205;45.88;45.91;44.7;45.29;1242933
20100208;45.41;46.18;45.2;45.74;1015790
20100209;46.25;46.67;46.04;46.32;1032630
20100210;46.27;46.27;45.7;45.81;439234
20100211;45.68;47.26;45.01;47.06;1323009
20100212;46.91;48.63;46.36;48.55;2082017
20100216;48.98;48.98;48.35;48.47;991362
20100217;48.42;48.71;47.88;48.12;1103279
20100218;48.12;49.23;47.97;49.2;1217752
20100219;49.31;50.16;49.15;49.88;1218402
20100222;49.65;49.65;48.61;49.2;971355
20100223;49.15;49.31;48.76;48.97;929703
20100224;48.63;49.04;48.43;48.71;857684
20100225;48.49;50.02;48.44;49.65;1510430
20100226;49.79;49.96;49.32;49.57;571518
20100301;50.36;51.33;50.35;51.16;1223750
20100302;51.39;52.72;51.26;52.68;1314073
20100303;52.62;52.73;51.86;52.24;904926
20100304;52.4;52.48;51.15;51.28;1109539
20100305;51.63;51.85;49.85;50.73;2312826
20100308;50.74;50.99;49.51;50.14;1747596
20100309;49.96;49.98;49.2;49.33;1432027
20100310;49.17;50.14;49.12;50.1;903411
20100311;50.1;50.9;50;50.77;844632
20100312;50.77;50.94;50.28;50.68;515912
20100315;50.55;50.98;50.31;50.94;829933
20100316;51.11;51.58;50.97;51.52;497986
20100317;51.83;51.85;49.76;50.06;1698929
20100318;50.25;50.3;49.82;50.19;648765
20100319;50.28;50.48;49.84;50.38;910884
20100322;50.32;51.41;50.3;51.13;429814
20100323;54.21;57.49;53.64;57.2;5727671
20100324;57.27;57.96;56.46;57.8;2279407
20100325;57.95;58.67;56.41;56.53;2023022
20100326;56.67;56.84;55.91;56.79;981225
20100329;57.01;58.22;57;58.22;798210
20100330;58.2;59.25;58;58.68;1049633
20100331;58.75;59.74;58.65;58.72;899866
20100401;59.38;59.64;58.88;59.08;705339
20100405;59.36;61.41;59.27;61.01;932168
20100406;60.7;61.1;60.06;60.69;692414
20100407;60.33;60.45;59.14;59.58;992460
20100408;59.05;59.09;58;59;782256
20100409;59.06;59.28;58.55;59;471643
20100412;59.29;59.98;58.82;59.91;894375
20100413;59.98;60.92;59.8;60.77;801468
20100414;60.99;61.43;60.47;60.99;647052
20100415;60.87;62.35;60.75;61.98;715583
20100416;61.98;62.23;59.89;60.35;975794
20100419;60;60.49;58.9;59.47;913896
20100420;59.83;60.15;59.45;60;526751
20100421;60.08;60.08;58.67;59.07;537654
20100422;58.89;60.4;58;59.87;1059396
20100423;60.07;60.89;59.6;60.58;909079
20100426;59.82;60.64;59.82;60.24;838143
20100427;59.83;60.29;58.69;59.42;912030
20100428;59.27;59.28;58.07;59.04;1206929
20100429;59.27;64.59;59.12;63.47;3449712
20100430;63.22;63.34;61.02;61.14;1343697
20100503;60.9;63.11;60.82;62.87;1175672
20100504;62.01;62.38;61.44;61.96;797449
20100505;61.16;61.9;59.81;61.67;964790
20100506;61.38;61.96;54.04;59.33;1409132
20100507;59.28;60;57.22;57.57;1481602
20100510;60.25;62.36;60.25;61.98;1281933
20100511;61;63.74;60.61;63.43;1641474
20100512;63.61;64.66;63.52;64.35;1603061
20100513;64.08;64.08;62.15;62.45;1067182
20100514;62.04;62.21;60.34;60.51;1018969
20100517;60.84;61.32;59.06;59.97;1018416
20100518;60.51;60.85;58.46;58.51;949527
20100519;58.46;59.38;57.55;58.3;1155897
20100520;57.66;57.81;54.92;56.05;2217039
20100521;55.21;58.7;54.17;58.59;1947630
20100524;58.3;58.65;56.88;57.04;987738
20100525;55.6;56.25;53.1;56.1;2237999
20100526;57.06;59.49;56.82;58.1;2374710
20100527;59.03;60.5;59.03;60.24;1952559
20100528;60.09;60.72;59.37;59.41;1536010
20100601;57.35;59.13;56.5;56.52;1861276
20100602;56.9;57.96;56.64;57.49;1227035
20100603;57.75;59.32;57.51;58.9;1736287
20100604;57.71;58.76;56.86;56.98;1766099
20100607;56.8;57.53;55.71;55.82;1434207
20100608;55.89;57.67;55.24;57.67;1620809
20100609;57.36;59.69;57.36;58.34;1557514
20100610;59.01;59.89;58.77;59.59;718581
20100611;58.97;60.65;58.9;59.9;865794
20100614;60.57;60.69;59.65;59.76;808969
20100615;60.07;60.29;59.28;60.18;737268
20100616;59.7;59.78;58.81;59.23;1160866
20100617;59.48;59.78;58.82;59.42;455591
20100618;59.43;60;58.67;58.77;652124
20100621;59.45;60.91;59.45;59.97;1211825
20100622;60.23;60.71;59.06;59.15;717817
20100623;59.52;60.39;57.91;58.55;946782
20100624;57.73;58.27;57.15;57.78;931706
20100625;58;59.37;57.61;59.19;1499144
20100628;59.25;59.36;57.81;59.3;1011010
20100629;58.87;60.16;58.2;59.21;2168050
20100630;59.28;60.16;58.9;59.07;1299506
20100701;59.18;59.18;56.31;57.49;1613412
20100702;57.61;58.82;56.87;57.25;1029247
20100706;57.88;58.78;56.85;57.06;1120129
20100707;55.85;56.49;54.9;56.44;2410682
20100708;56.85;57.94;56.82;57.5;875817
20100709;57.53;58.12;56.75;58.05;720420
20100712;58.04;58.15;56.44;56.88;973742
20100713;57.49;57.97;57.07;57.34;744294
20100714;56.85;57.35;56.29;57.11;568306
20100715;57;58.95;56.89;58.8;1117837
20100716;58.55;58.9;57.14;57.29;977635
20100719;56.04;56.3;54.62;55.28;3229645
20100720;54.94;55.75;54.71;55.58;1430234
20100721;55.74;55.91;54.97;55.12;1278538
20100722;55.58;57.16;55.58;56.01;1639715
20100723;55.94;56.47;55.23;56.18;901866
20100726;54.89;58.5;54.89;58.15;1205368
20100727;58.68;59.42;57.39;57.74;1314176
20100728;58.3;58.56;55.68;56.16;1180928
20100729;56.65;56.67;54.9;55.25;1290282
20100730;54.73;56.3;54.58;56.01;821112
20100802;56.83;57.44;56.33;56.72;600498
20100803;56.41;57.99;55.94;57.61;951363
20100804;57.96;58.76;57.9;58.22;848572
20100805;58.1;59.67;56.33;57.89;2103617
20100806;57.49;58.33;56.69;58.07;824843
20100809;58.48;59.08;58.15;58.94;534726
20100810;58.47;59.22;58.11;58.98;904120
20100811;58.27;58.37;56.88;56.95;1060201
20100812;57.56;60.25;56.56;59.21;3135693
20100813;59.31;59.53;58.64;58.94;1243905
20100816;58.96;60;58.37;58.75;1349396
20100817;59;59.47;58.32;59;933495
20100818;59.11;59.5;58.52;58.8;869734
20100819;58.88;59.14;58.31;58.82;726322
20100820;58.53;58.85;57.61;58.2;602765
20100823;58.32;58.8;57.85;58.01;428912
20100824;57.32;58.18;56.81;57.5;622766
20100825;56.51;57.72;56.09;57.48;1058145
20100826;57.54;57.59;57.13;57.41;972575
20100827;57.66;58.21;56.97;58.13;603462
20100830;58.08;58.45;57.55;57.62;453476
20100831;57.15;57.61;56.96;57.01;995893
20100901;57.81;58.99;57.71;57.99;674783
20100902;58.12;58.48;57.46;57.9;913960
20100903;58.32;58.72;57.95;58.26;892354
20100907;58.38;58.4;57.68;58.01;604928
20100908;58.31;59.4;58.16;58.9;1012903
20100909;59.45;59.5;58.64;58.89;572365
20100910;59.01;59.24;58.53;58.9;526862
20100913;59.39;60.68;59.27;60.38;863418
20100914;60.09;62.28;59.98;62.16;1193266
20100915;62.07;64.61;62.07;64.43;1621747
20100916;65.11;65.38;62.83;63.24;1667015
20100917;63.37;64.14;61.32;61.95;1176436
20100920;62.06;63.84;62.06;63.12;698303
20100921;64.1;64.26;63.12;63.54;730496
20100922;63.2;64.69;63;64.52;1059983
20100923;64.03;64.9;63.54;64.23;641767
20100924;64.99;67.49;64.76;66.64;1584163
20100927;66.83;66.97;65.39;65.85;1035177
20100928;66.06;66.26;65.14;65.46;856591
20100929;65.25;65.48;63.96;64.51;1231144
20100930;64.57;65.15;63.29;64.22;1120339
20101001;64.66;65;64.07;64.47;579952
20101004;64.67;65.98;64.01;64.18;777480
20101005;65.07;66.12;65.02;65.72;640115
20101006;66.1;66.56;65.48;65.75;509744
20101007;65.81;66.15;65.39;65.81;437501
20101008;65.78;66.9;65.51;66.43;560406
20101011;66.34;66.61;65.31;65.57;404282
20101012;65.25;66.83;64.95;66.67;692275
20101013;66.99;67.94;66.41;66.56;903278
20101014;66.12;66.19;65.42;65.66;661079
20101015;66.19;66.56;64.48;65.03;862485
20101018;65.06;65.39;64.2;64.67;1123689
20101019;63.67;64.66;62.91;63.68;764360
20101020;64.12;64.66;64.12;64.46;452234
20101021;64.82;65.71;64.38;64.68;512429
20101022;64.85;65.47;64.85;65;278161
20101025;66.04;66.47;65.74;66.2;431103
20101026;66.09;66.52;65.64;66.38;523089
20101027;66.45;67.15;66.01;66.53;519593
20101028;67.09;67.3;66.28;66.56;281929
20101029;66.27;66.58;65.26;65.88;371892
20101101;66.44;67.76;66.23;66.97;899446
20101102;67.75;68.38;66.11;66.32;1526054
20101103;65.5;65.99;63.1;63.75;1606066
20101104;64.33;64.58;62.85;64.3;1154564
20101105;64.15;64.45;63.01;63.91;893484
20101108;63.8;64.15;63.66;64.03;478271
20101109;64;64.26;58.25;59.74;4406209
20101110;60.23;64.39;58.78;60.33;2017972
20101111;59.78;60.4;59.35;60.33;849503
20101112;59.9;60.18;58.77;59.07;735555
20101115;59.5;60.3;59.41;60.08;947937
20101116;59.78;60.41;59.34;59.49;821763
20101117;59.96;60.29;59.34;59.68;622758
20101118;60.32;61.85;60.32;60.9;897342
20101119;61.06;61.55;59.83;60.82;448853
20101122;61.47;63.05;61.4;62.95;921554
20101123;62.4;62.48;61.64;62.02;618810
20101124;62.55;63.75;62.43;63.11;617585
20101126;62.86;62.86;62.32;62.42;155749
20101129;61.87;62.31;60.74;61.01;854048
20101130;60.32;60.59;59.87;60.24;695005
20101201;61.1;61.8;60.99;61.13;541623
20101202;60.95;62.94;60.82;62.85;536184
20101203;62.8;64.7;62.59;64.12;787348
20101206;64.45;64.72;64.03;64.31;550029
20101207;64.75;65;64.11;64.54;516508
20101208;64.37;65.87;64.37;65.83;672191
20101209;66.28;67.79;65.96;66.66;621352
20101210;66.5;66.58;65.06;66.06;780918
20101213;66.34;66.63;65.69;66.42;495406
20101214;66.43;66.44;65.7;65.88;451742
20101215;65.64;66.8;65.64;66.29;543392
20101216;66.51;68.01;66.04;68;461162
20101217;67.83;68.06;67.03;67.03;1374464
20101220;67.1;67.47;66.37;66.47;485128
20101221;66.59;67.39;65.52;65.89;552434
20101222;66;66.26;65.07;65.52;656806
20101223;65.52;66.15;65.37;65.89;215965
20101227;65.89;65.89;64.86;65.4;210513
20101228;65.31;65.86;64.8;64.88;196387
20101229;65.31;65.62;63.88;65.08;510041
20101230;64.47;64.49;63.32;63.36;409128
20101231;63.26;63.98;62.88;63.33;603363
20110103;63.75;65.29;63.65;63.71;529728
20110104;63.92;63.93;62.35;63.27;775255
20110105;62.95;63.84;62.31;63.17;491853
20110106;63.31;66.68;63.29;66.04;1037456
20110107;66.15;66.38;65.27;65.9;567447
20110110;65.53;66.85;64.91;66.26;755927
20110111;66.61;67.24;66.35;66.83;550277
20110112;67.37;67.46;66.15;66.15;623551
20110113;65.91;66.56;65.49;66.16;609714
20110114;66.07;67.47;65.59;67.06;625366
20110118;67.2;68.09;66.01;66.8;1096433
20110119;66.7;67.05;66.06;66.25;541705
20110120;68;72.92;67.91;71.18;3628796
20110121;71.72;72.1;69.98;70.2;821984
20110124;70.19;71.86;70.09;70.78;710182
20110125;70.52;73.54;70.45;73.46;1251421
20110126;73.8;74.41;73.23;73.68;1139128
20110127;73.21;74.46;73;74.07;592660
20110128;74.1;74.45;72.69;72.79;660419
20110131;71.33;72.91;70.87;72.72;911266
20110201;71.29;74.1;70.76;74;1857213
20110202;73.61;73.83;72.26;72.76;1027607
20110203;71.99;72.31;70.59;71.58;1158678
20110204;71.83;72.09;71.24;71.67;668506
20110207;71.53;72.45;71.24;71.42;678319
20110208;71.46;72;71.2;71.88;788399
20110209;71.95;72.21;71.48;72;845971
20110210;71.39;72.15;70.94;71.94;720944
20110211;71.55;73.95;71.32;73.46;842823
20110214;73.46;74.97;73.18;74.66;629357
20110215;74.15;74.2;73.09;73.55;576956
20110216;74.51;76.69;74.31;74.31;1097542
20110217;74.6;76.87;74.6;76.12;765041
20110218;76.05;76.27;75.23;75.7;830191
20110222;75.2;75.97;74;74.22;692905
20110223;74.03;74.25;72.71;73.17;510347
20110224;71.97;73.04;71.54;72.4;1126340
20110225;72.9;75.96;72.66;75.91;977011
20110228;76.23;76.89;75.81;76.43;867153
20110301;76.8;77.96;75.67;76.06;1075710
20110302;75.79;77.49;75.49;76.23;897169
20110303;76.5;77.64;76.33;77.45;520234
20110304;77.34;77.85;77.11;77.6;489884
20110307;77.64;77.75;75.9;76;737518
20110308;75.9;77.4;75.27;77.19;990957
20110309;76.46;76.94;75.77;76.54;571780
20110310;75.53;77.19;74.55;77.19;920309
20110311;76.83;77.59;76.67;77.12;671730
20110314;76.25;76.87;75.4;75.79;425462
20110315;73.93;75.87;73.61;75.45;707232
20110316;75.44;75.53;73.85;74.04;468394
20110317;75.1;75.6;74.35;74.96;437431
20110318;75.9;76;75.07;75.18;489652
20110321;76.4;76.7;75.85;75.89;375306
20110322;76.44;76.77;75.68;75.8;543310
20110323;75.57;75.89;74.23;74.82;775928
20110324;73.21;75.17;72.51;74.91;1788306
20110325;75.12;76.58;74.92;75.92;428626
20110328;76.46;77.07;76.1;76.16;424971
20110329;76.48;77.4;76.26;76.99;393026
20110330;77.92;79.35;77.91;78.54;520165
20110331;78.89;79.58;78.8;79.52;543725
20110401;79.59;79.96;79.01;79.9;542276
20110404;79.66;80.29;78.8;79.86;373817
20110405;79.91;81.35;79.91;80.57;525381
20110406;81.09;81.19;80.1;80.75;263935
20110407;80.15;81.09;80.05;81.04;552086
20110408;80.99;81.49;80.82;81.29;307654
20110411;81.99;84.49;81.99;84.31;1053586
20110412;84.91;85.47;84;85.4;2072862
20110413;86.8;87.75;85.88;87.5;901212
20110414;87.47;88.4;87.02;88.19;749402
20110415;88.18;89.32;87.76;88.57;628165
20110418;88.04;88.22;86.11;86.99;594553
20110419;87.29;88.02;86.8;87.41;510520
20110420;88.5;88.63;87.43;88.2;504139
20110421;88.2;89.27;88.07;89.11;353432
20110425;89.2;89.24;87.97;88.27;326826
20110426;88.67;90.17;88.67;89.59;602130
20110427;90;91.95;89.81;91.75;693938
20110428;91.97;92.3;90.22;90.43;899375
20110429;90.39;90.99;89.65;90.36;611093
20110502;88.46;90.89;88.01;89.98;814452
20110503;87.33;89.4;84.64;88.53;1744624
20110504;88.45;89.5;86.33;86.97;719262
20110505;85.77;86.47;85;86;1064388
20110506;86.63;87.91;86.04;86.49;535894
20110509;86.82;88.4;86.63;87.47;498648
20110510;87.74;87.99;86.67;87.43;458546
20110511;86.89;88.03;86.01;87.13;470925
20110512;86.49;87.63;85.77;87.53;445048
20110513;87.41;88.33;86.2;86.6;466384
20110516;85.24;86.47;85.07;85.65;671710
20110517;85.05;85.44;84.1;85.1;435298
20110518;85.27;86.9;84.44;86.11;509715
20110519;86.81;87.65;86.13;86.9;407205
20110520;86.54;87.14;85.25;85.5;424420
20110523;84.56;84.56;82.22;83.11;612235
20110524;83.21;83.4;82.27;82.97;432578
20110525;81.74;83.22;80.83;83.1;456557
20110526;82.98;84.79;82.67;84.71;316871
20110527;85.35;85.36;84.8;85;405963
20110531;84.93;85.64;84.7;85.56;673593
20110601;84.47;85.74;84.23;84.31;440466
20110602;84.27;85.78;84.13;85.77;605620
20110603;84.34;86.19;84.3;84.3;554526
20110606;83.38;84.32;82.64;82.65;452119
20110607;83.23;85.66;82.71;85.1;609386
20110608;85.25;85.49;83.86;83.97;484058
20110609;83.9;85.16;83.42;84.69;241148
20110610;84.45;84.45;83.33;83.46;269085
20110613;82.77;83.82;82.26;83.11;561168
20110614;83.51;85.18;83.27;84.66;470497
20110615;83.12;84.46;82.62;83.78;761764
20110616;83.64;84.33;81.69;83.87;472918
20110617;84.33;84.83;83.7;83.73;428560
20110620;83.46;86.07;83.46;85.16;556782
20110621;86.3;88.39;86.27;87.58;535514
20110622;87.6;88.12;87.15;87.35;406867
20110623;86.73;87.18;84.72;86.61;443197
20110624;86.48;86.91;85.55;85.86;360431
20110627;85.5;86.27;85.06;85.6;465950
20110628;86.17;87;85.96;86.58;409429
20110629;86.81;87.55;85.92;86.95;289349
20110630;87.46;88.04;87.2;87.87;375525
20110701;88.2;89.4;87.83;89.29;353860
20110705;89.39;90.25;89.23;89.99;324603
20110706;90.05;92;89.69;90.81;428374
20110707;91.61;91.95;90.58;91.02;296433
20110708;90.29;91.42;90;91.15;302245
20110711;90.36;90.71;89;89.92;331929
20110712;89.63;91.07;89.55;90.47;448866
20110713;91;93.7;90.86;92.13;973114
20110714;92.65;93.5;92.12;92.63;572123
20110715;93.03;93.19;91.16;91.8;374897
20110718;91.39;92.21;89.79;90.64;316950
20110719;91.41;93.39;91.34;93.13;464386
20110720;93.71;94.1;92;92.48;243519
20110721;93.23;94.61;93.03;94.32;547897
20110722;94.42;94.42;93.5;93.68;229166
20110725;93.4;94.42;93.05;93.24;332190
20110726;93.7;93.99;93.36;93.68;285669
20110727;93.22;93.64;91.01;91.22;440348
20110728;90.75;92.46;90.21;90.95;384305
20110729;90.23;91.8;89.15;90.31;411657
20110801;91.09;91.09;87.57;89.41;598906
20110802;88.87;89.69;85.74;85.8;871328
20110803;85.99;88.35;81.8;87.98;1488787
20110804;86.56;86.8;83.4;83.79;1253007
20110805;84.59;84.81;78.21;82.03;1297029
20110808;79.51;80.45;75.89;77.19;1217032
20110809;77.7;85.45;77.54;85.45;1329095
20110810;83.03;86.08;82.06;83.64;1135732
20110811;84.47;89.54;84.1;88.41;1591540
20110812;89.15;89.82;87.38;88.01;1204470
20110815;88.81;90.51;87.95;88.38;1037916
20110816;82.67;90.39;80.14;89.56;2848452
20110817;90;91.1;89.15;89.51;1090530
20110818;86.73;87.47;84.36;85.01;981680
20110819;84.09;86.75;83.83;85.16;936027
20110822;87.87;88.33;85.86;86.53;577459
20110823;87.12;90.74;86.52;90.65;608114
20110824;90;94.01;89.4;93.67;1072893
20110825;93.29;93.65;90.05;90.94;632906
20110826;90.01;92.71;87.89;91.68;662411
20110829;92.78;94.11;90.96;93.61;697696
20110830;93.62;97.29;93.4;96.13;1209720
20110831;96.7;96.88;93.78;94.74;916834
20110901;94.75;95.8;93.17;93.43;602373
20110902;92.45;92.65;89.1;89.87;1070952
20110906;87.21;91.77;86.5;90.76;884951
20110907;92.32;93.7;90.73;93.19;770214
20110908;92.1;95.43;91.66;93.72;571470
20110909;92.97;93.75;90.15;90.89;932075
20110912;88.4;90.54;87.9;90.53;808897
20110913;89.74;91.07;89.01;89.47;922207
20110914;90.1;93.98;89.13;92.99;694346
20110915;93.8;94.68;92.22;94.58;634836
20110916;94.98;96.9;94.9;96.35;1733077
20110919;95.04;97.16;93.63;96.44;570021
20110920;97.2;99.54;96.75;97.29;1021569
20110921;98.05;98.93;95.8;95.89;730475
20110922;93.33;94.5;91.73;93.89;792191
20110923;93.74;95.47;93;94.99;654801
20110926;95.82;95.82;93.67;94.98;719645
20110927;97;100.99;97;97.79;987423
20110928;98.15;100.5;96.47;96.72;861049
20110929;98.37;99.17;97.03;98.53;730519
20110930;97.21;99.19;96.65;97.11;920035
20111003;96.33;96.93;90.02;91.09;1278831
20111004;91;92.99;88.71;92.83;1105606
20111005;93.52;95.45;92.39;94.51;507168
20111006;95.26;97.34;94.51;97.31;439287
20111007;97.39;97.39;95.23;95.31;529788
20111010;97.48;99.62;97.48;98.33;572093
20111011;98.26;99.5;97.87;98.22;456360
20111012;99.39;99.44;96.98;97.19;443899
20111013;96.77;97.98;96.75;97.69;371686
20111014;98.76;98.76;97.22;97.89;396871
20111017;98.71;99.32;97.19;97.55;813366
20111018;97.63;98.6;96.88;98.05;502209
20111019;98.02;98.52;95.61;96.13;441525
20111020;96.41;97.67;95.5;96.31;370448
20111021;97.46;97.96;96.13;97.16;384440
20111024;98;101.42;97.91;101.01;888446
20111025;101;101.46;98.01;98.19;645629
20111026;99.82;99.92;98.1;98.83;580582
20111027;96.5;96.51;90.14;90.44;4276646
20111028;92.2;92.5;89.5;89.94;1235398
20111031;89.35;91.49;89.25;90.28;1165180
20111101;87.97;90.1;87.01;88.15;1166030
20111102;90.05;90.71;88.62;89.86;898659
20111103;90.46;91.34;89.3;89.42;671847
20111104;89.03;89.29;87.06;88.84;826918
20111107;89.07;89.95;87.91;89.37;840112
20111108;89.79;92.03;88.84;91.85;786914
20111109;90.15;91.42;88.62;89.31;1256126
20111110;90.65;91.16;89.83;90.29;855853
20111111;91.14;92.25;90.5;91.72;551721
20111114;92.15;92.95;91.78;91.84;529602
20111115;92.06;94.28;92.05;93.97;863757
20111116;93.8;93.9;91.62;91.76;588478
20111117;92.08;92.51;89.72;90.26;557181
20111118;91.22;91.8;89.83;91.45;649807
20111121;89.95;90.32;88.54;89.96;956011
20111122;89.5;90.65;88.72;90;521860
20111123;89.17;91.19;88.65;89.97;681096
20111125;89.35;90.04;89.07;89.57;276392
20111128;92.04;95.5;92.04;95.14;1079346
20111129;94.51;97.94;94.27;97.74;1146674
20111130;98.74;99.63;96.16;97.9;1205698
20111201;97.63;99.16;97.15;97.16;509984
20111202;97.92;100.9;97.92;98.96;1078830
20111205;101;101.94;99.83;101.51;3067435
20111206;101.41;101.48;99.38;100.83;935900
20111207;99.92;99.97;96.99;99.53;804621
20111208;99.17;99.93;97.1;97.39;608182
20111209;99.55;100.23;97.95;99.63;1115379
20111212;98.73;99.1;97.59;98.38;755917
20111213;99.35;99.96;96.71;97.22;689394
20111214;95.63;96.96;95.04;95.83;1208781
20111215;97.02;97.59;96.37;96.97;696206
20111216;97.36;99.36;95.6;98.18;20700083
20111219;98.32;99.19;97.15;98.03;1109600
20111220;99.4;101.64;99.31;100.8;1307927
20111221;100.98;102.65;99.58;102.47;1361959
20111222;102.28;104.7;100.42;100.78;1675488
20111223;100.81;101.44;99.82;100.96;753097
20111227;102.08;102.39;99.97;100.68;584517
20111228;101.04;101.04;98.56;98.9;540025
20111229;98.52;99.51;98.52;99.04;476587
20111230;99.4;99.63;97.3;97.3;681677
20120103;98.73;99.29;96.97;98.55;1090383
20120104;97.03;97.48;95.09;95.09;1132393
20120105;94.2;96.44;94.04;96.15;995130
20120106;96.21;96.91;94.8;96.06;819152
20120109;96.47;96.96;95.79;96.56;784535
20120110;97.8;100.38;97.78;99.58;1455938
20120111;99.06;99.24;96.91;97.42;951516
20120112;97.97;98.99;97.25;97.49;528119
20120113;96.98;97.58;96.5;97.02;596080
20120117;98.41;98.75;97.57;97.89;463690
20120118;98.28;99.85;98.13;99.85;712438
20120119;100.45;100.61;99.23;99.43;672004
20120120;99.51;100.03;98.23;98.48;635062
20120123;98.89;100.76;98.67;99.66;634463
20120124;99.01;99.24;96.36;97.54;982746
20120125;96.99;99.13;96.27;98.77;591987
20120126;97.44;99.22;95.91;96.13;714066
20120127;96.16;96.53;94.86;96.1;1068817
20120130;95.18;95.57;93.76;95.22;769402
20120131;95.9;95.9;94.85;95.6;678435
20120201;96.25;97.24;94.95;94.99;921434
20120202;94.79;94.96;92.62;93.13;1100202
20120203;94.11;95.46;92.68;93.66;1419980
20120206;92.09;95.07;92.09;94.01;1638108
20120207;98.11;98.66;94.56;95.26;2736649
20120208;94.6;95;90.18;93.95;2266568
20120209;94.21;94.45;93;94.05;871464
20120210;93.47;93.47;92.6;93.31;637712
20120213;93.86;95.7;93.78;94.97;939954
20120214;94.49;95.18;94.07;94.73;505035
20120215;94.94;95.04;93.24;93.5;577048
20120216;93.5;94.82;93.17;94.52;917685
20120217;95;96;94.32;94.9;946199
20120221;94.84;95.19;93.45;94.35;916045
20120222;94.01;95.39;93.13;94.76;800582
20120223;94.18;96.16;93.8;96;808682
20120224;95.69;96.73;95.04;96.24;1039071
20120227;94.21;98.48;94.2;98.01;1586004
20120228;97.76;104.62;97.58;100.4;2901513
20120229;101;104;99.95;103.06;1884712
20120301;102.41;107.25;102.12;107.12;2196853
20120302;106.92;107.18;105.5;105.8;935872
20120305;106.33;108.5;104.27;105.5;1261806
20120306;104.04;104.78;102.51;103.28;800354
20120307;104.04;105.33;103.75;105.04;713955
20120308;105.01;106.67;105.01;105.55;587516
20120309;105.9;105.95;104.98;105.09;685002
20120312;104.78;104.98;104.19;104.55;494344
20120313;104.49;105.22;103.26;104.25;567828
20120314;104.02;104.53;103.2;103.68;727532
20120315;103.79;104.04;102.28;102.6;515448
20120316;101.96;102.24;100.6;101.29;1098963
20120319;101.22;102.96;100.9;102.19;678001
20120320;101.81;102.28;101.35;102.09;372827
20120321;102.43;103.1;102.28;102.69;769506
20120322;102.22;103.65;101.9;103.54;461676
20120323;103.28;103.62;101.62;102.58;421193
20120326;103.82;104.48;102.68;103.26;579904
20120327;103.68;104.1;102.55;102.76;504645
20120328;102.69;102.98;101.58;102.67;403889
20120329;102.37;103;101.84;102.98;459265
20120330;103.67;104.51;103.27;103.31;594647
20120402;103.6;105.39;103.44;105.14;610522
20120403;105.41;105.73;104.71;105.22;476407
20120404;104.62;105.31;104.35;104.43;372664
20120405;104.38;105.84;104.36;105.66;494270
20120409;104.23;104.56;103.11;104.3;325873
20120410;103.89;105.05;102.69;103.16;541615
20120411;103.82;104.41;102.46;103.29;494034
20120412;103.54;104.45;102.74;103.94;404607
20120413;103.7;104.24;102.73;104.14;447294
20120416;104.7;105.16;103.36;104.53;599676
20120417;105.5;106.98;105.03;106.54;847157
20120418;105.98;107.9;105.73;107.49;795876
20120419;106.78;107.38;105.02;105.81;860480
20120420;106.45;108.6;105.08;105.68;753478
20120423;104.95;105.19;103.55;104.8;591176
20120424;106.16;107.14;104.2;104.28;594719
20120425;104.81;105.37;104.12;104.65;443197
20120426;104.6;106;104.28;105.63;366112
20120427;106.24;106.99;105.7;106.18;592450
20120430;106;106.15;104.33;104.9;402121
20120501;104.9;105.49;104.31;104.84;329370
20120502;104.17;104.53;103.72;104.35;563277
20120503;104.88;105.94;103.99;104.18;517759
20120504;103.86;104.08;102.37;102.64;466136
20120507;103.6;104.85;103.44;103.78;761756
20120508;99.5;100.34;96.52;100;2817900
20120509;99.32;100;98.59;99.08;1448852
20120510;100.21;101.16;99.86;100.82;480587
20120511;100.81;102.81;100.36;101.61;702847
20120514;101.16;101.2;99.83;99.91;440681
20120515;100.38;102.69;99.69;101.89;773022
20120516;102.34;102.8;101.7;102.05;647360
20120517;101.34;102.07;100.04;100.04;452951
20120518;100.78;100.78;98.25;99.32;1038922
20120521;99.27;100.8;99.04;100.62;644750
20120522;100.64;102.29;100.39;101.43;557358
20120523;100.55;101.34;99.66;101.22;570180
20120524;101.27;102.93;100.81;102.92;549342
20120525;103.24;103.48;102.28;103;387547
20120529;103.46;104.6;103.07;104.27;513226
20120530;103.35;104.87;102.69;104.63;609964
20120531;103.68;104.69;103.32;103.89;884226
20120601;102.48;102.9;100.82;101.44;505850
20120604;101.67;103.55;101.06;103.39;588507
20120605;103.41;105.04;102.85;104.72;544845
20120606;105.03;105.53;104.57;105.44;591665
20120607;105.9;106.25;104.47;104.63;492594
20120608;104.38;106.46;104.24;106.2;514226
20120611;106.61;107.71;106.21;106.92;624819
20120612;107.1;109.75;106.61;109.66;822616
20120613;109.7;111.5;109.25;109.84;908326
20120614;108.79;112.26;108.12;110.41;1996941
20120615;110.62;112.07;110.19;111.62;744207
20120618;111.75;114.66;111.58;114.56;687220
20120619;115.08;115.11;113.87;114.74;630123
20120620;114.99;116.33;114.44;115.5;620081
20120621;115.43;116.5;113.89;114.42;767131
20120622;115.17;115.42;113.88;115.13;1215851
20120625;114.4;116.29;113.58;115.4;556735
20120626;115.64;116.03;115.23;115.28;470068
20120627;115.8;117.16;115.74;116.76;612052
20120628;116.17;116.17;113.11;114.62;685560
20120629;116.53;118.27;116.29;117.93;971777
20120702;117.88;118.9;117.47;118.58;555271
20120703;118.64;119;117.74;118.74;256321
20120705;119.05;119.29;117.63;118.32;549207
20120706;117.28;118.91;117.24;118.08;564011
20120709;117.91;118.53;117.36;117.97;407561
20120710;118.5;118.64;114.51;114.75;1148758
20120711;115.48;115.75;113.55;114.69;602131
20120712;112.32;114.36;110.45;113.96;718901
20120713;114.53;115.08;113.94;114.75;373862
20120716;114.04;114.39;113.33;113.83;473462
20120717;114.21;115.59;113.56;115.24;707470
20120718;114.47;115.59;113.67;114.73;573885
20120719;113.76;115.4;112.82;114.76;542735
20120720;113.68;114.1;112.65;112.88;930727
20120723;111;112.31;110.01;111.79;440687
20120724;112.16;112.24;110.11;110.72;424391
20120725;111.14;112.55;110.51;112.07;576825
20120726;114;115.29;113.51;114.13;494337
20120727;115.21;117.46;114.75;116.01;594300
20120730;116.54;116.54;114.42;115.08;731942
20120731;115.2;115.47;113.68;114.02;476088
20120801;114.74;116.24;113.51;113.98;551261
20120802;113.07;114.67;111.79;114.21;531226
20120803;116.06;116.73;115.5;115.84;391674
20120806;115.83;116.44;114.64;115.76;408360
20120807;115.63;115.8;114.55;115.02;487387
20120808;115.1;116.11;114.96;115.42;387563
20120809;115.48;115.94;114.9;115.11;411730
20120810;115.29;115.6;114.49;115.5;356062
20120813;114.61;115.29;114.23;115.06;424871
20120814;115.83;119.18;115.83;116.59;510931
20120815;114.79;116.95;114.79;116.6;462409
20120816;110.79;110.98;104.86;108.93;3278636
20120817;109;109;105.33;106.93;1595492
20120820;105.89;108.94;105.89;108.64;780371
20120821;108.9;109.32;107.39;107.68;786230
20120822;107.57;108.54;106.93;107.9;463701
20120823;107.77;109.1;106.85;108.62;595879
20120824;108.73;110.86;108.67;110.49;514120
20120827;109.2;111.17;108.45;110.66;767846
20120828;110.2;111.43;110.07;111.08;826727
20120829;111.49;111.49;109.76;110.04;658831
20120830;108.87;110.05;108.38;109.73;432368
20120831;110.56;111.2;109.3;109.97;504244
20120904;109.48;111.26;109.17;110.64;518249
20120905;110.76;110.85;109.52;110.33;326531
20120906;110.81;112.6;110.48;111.96;435030
20120907;112.69;112.69;111.53;111.84;378732
20120910;111.32;112.88;111.01;111.39;394885
20120911;111.58;112.02;110.29;110.51;1388257
20120912;111.13;111.13;109.57;109.93;441196
20120913;110.1;111.49;109.7;110.91;1444656
20120914;112.82;114.13;111.8;112.45;630515
20120917;111.96;113.51;111.69;112.78;542278
20120918;113.11;114.98;112.57;114.81;473016
20120919;114.8;115.09;114;114.69;400947
20120920;114.18;115.08;113.95;115.06;506029
20120921;115.41;117.4;115.1;117.23;1642046
20120924;116.01;117.53;115.73;117.27;438192
20120925;117.28;118.51;116.69;116.8;534587
20120926;117.04;117.49;115.95;116.25;277036
20120927;117.8;117.93;116.34;116.59;470504
20120928;116.49;116.84;115.59;116.17;471366
20121001;116.32;117.6;116.32;117.28;1078964
20121002;118;118.15;116.85;118.15;747916
20121003;119.1;119.51;118.58;119.18;643686
20121004;119.74;120.43;119.3;119.97;386248
20121005;120.17;120.78;119.7;119.85;418170
20121008;119.45;119.91;118.9;119.59;286784
20121009;120.25;120.25;117.63;117.93;465579
20121010;118;118.32;116.73;117.14;450734
20121011;118.58;118.59;117.51;117.75;585381
20121012;117.35;118.02;116.97;117.94;443729
20121015;119.04;119.26;117.73;118.1;453004
20121016;118.87;119.63;118.35;119.3;544184
20121017;119.7;119.94;119.11;119.22;367000
20121018;119.64;119.82;118.81;119.2;566302
20121019;119.05;119.19;117.42;117.77;559254
20121022;118.33;118.57;117.65;118.23;510142
20121023;117.56;117.91;116.41;117.13;444861
20121024;117.69;117.91;116.94;117.15;383635
20121025;118.08;118.39;116.87;117.37;346639
20121026;117.09;117.47;116.26;116.71;270466
20121031;116.9;116.97;113.48;114.92;619832
20121101;115.77;116.11;114.44;114.55;475239
20121102;114.7;116.78;114.06;115;376192
20121105;114.93;116.55;114.38;116.05;383017
20121106;116.37;116.41;114.77;115.37;421668
20121107;110.5;111.59;105.71;109.65;2738249
20121108;108.99;109.73;104.08;105.18;1585421
20121109;104.56;107;103;105.57;1319493
20121112;107.62;107.62;104.88;105.12;555250
20121113;104.85;105.04;103.35;103.43;764059
20121114;103.52;104.22;100.34;100.84;1059982
20121115;100.92;102.01;99.93;100.56;862312
20121116;100.57;102.5;100.13;101.9;810392
20121119;102.99;103.48;100.3;101.92;1070561
20121120;101.96;102.48;100.99;102.28;532633
20121121;102.32;102.5;101.42;102.14;512204
20121123;102.22;103.4;101.61;103.38;307759
20121126;103.7;103.88;101.95;102.67;543110
20121127;102.45;102.51;100.92;102.2;406262
20121128;102.01;103.33;100.51;103.27;522488
20121129;103.75;103.98;102.44;103.19;465713
20121130;103.02;103.69;102.89;103.5;759732
20121203;103.64;103.86;102.31;102.54;454055
20121204;102.97;105.64;102.75;105;866015
20121205;105.53;105.67;103.9;104.81;729564
20121206;104.44;104.55;102.52;102.71;581745
20121207;103;103;101.81;102.34;670390
20121210;102.64;104.91;102.06;104.87;537070
20121211;105.8;106.39;104.31;105.42;723976
20121212;105.63;105.67;103.55;104.81;854538
20121213;107.86;108.5;104.02;104.14;1295850
20121214;103.71;104.44;103.3;104.2;834111
20121217;104.07;104.49;102.56;102.67;826482
20121218;103.15;104.05;102.04;103.74;898372
20121219;103.96;104.58;102.65;102.92;1020850
20121220;102.95;103.88;102.22;103.64;692417
20121221;102.52;103.33;101.45;102.78;1014842
20121224;102.58;103.62;102.22;103.56;208002
20121226;103.82;103.89;102.3;102.89;381849
20121227;103.4;104.49;102.28;103.38;439432
20121228;102.63;103.47;102.05;102.28;354945
20121231;102.8;104.03;102.15;104.03;439159
20130102;105.21;106.71;105.09;106.71;799496
20130103;107.38;108.62;107.1;108.02;786649
20130104;107.88;108.64;107.63;108.48;407905
20130107;108.5;110.21;108.5;109.03;883895
20130108;109.11;109.53;108.62;108.86;435180
20130109;108.85;109.77;108.85;109.64;426423
20130110;109.77;110.33;109.13;110.23;463561
20130111;106.1;107.48;103.07;103.85;1901914
20130114;103.65;105.1;103.52;104.47;585466
20130115;103.96;105.49;103.96;105.1;407056
20130116;105.55;106.08;104.42;104.69;478385
20130117;104.87;104.95;103.51;103.72;493160
20130118;103.5;104.02;103.44;104;593498
20130122;103.92;104.5;103.61;104.21;518485
20130123;104.11;104.49;102.95;103.57;359174
20130124;103.6;103.62;100.47;101.61;2385008
20130125;101.97;103.35;101.68;103.12;671760
20130128;102.85;102.89;101.2;101.35;457305
20130129;101.37;101.67;98.79;99.25;1273648
20130130;99;100.83;98.86;99.34;1441344
20130131;99.47;100.99;99.08;100.51;1503466
20130201;105.5;108.95;104.89;105.28;2609378
20130204;106.33;107.92;105.51;105.75;1568751
20130205;106.39;107.75;106.11;106.94;1376458
20130206;106.6;107.02;105.81;106.56;587637
20130207;106.43;107.41;106.26;106.85;872218
20130208;106.98;108.34;106.98;108.3;525311
20130211;109.5;111.89;109.02;111.4;1345563
20130212;111.6;112.38;111.35;111.55;857423
20130213;111.44;112.28;111.38;111.72;534538
20130214;111.69;113.29;111.37;113.16;750916
20130215;113.16;113.64;112.69;113.58;686881
20130219;113.8;115;113.8;114.73;618402
20130220;115.1;115.43;114.13;114.13;431488
20130221;113.61;114.48;112.77;113.58;643398
20130222;114.14;114.5;112.85;113.31;389927
20130225;115.71;116.9;114.6;114.6;1060638
20130226;114.7;115.09;113.33;113.67;635596
20130227;113.39;114.61;112.45;114.14;397416
20130228;114.32;114.88;113.14;113.17;744910
20130301;113.25;113.66;112.3;113.05;659798
20130304;113.2;114.67;113.2;114.6;694426
20130305;115.28;116.25;114.02;114.99;432044
20130306;115.13;116.72;115.13;116.69;734339
20130307;116.1;116.28;115.15;115.44;574184
20130308;115.91;116.03;115.02;115.69;405285
20130311;115.84;116.45;115.47;116.4;559494
20130312;116.25;117.75;115.63;117.6;587101
20130313;117.18;117.41;116.3;117.02;364438
20130314;117.19;117.7;116.49;116.7;615547
20130315;116.09;116.78;115.97;116.22;753010
20130318;115.51;117.23;115.18;117.2;497230
20130319;117.46;117.75;116.87;117.3;475486
20130320;118.35;118.37;117.05;117.65;541518
20130321;117.16;118.37;117.14;118.27;598176
20130322;117.88;118.74;117.57;118.25;361505
20130325;118.6;118.6;117.42;118.08;430197
20130326;118.34;118.6;117.42;117.54;446203
20130327;117.15;117.82;116.42;117.17;349190
20130328;117.35;118.86;117.09;118.74;702214
20130401;118.42;119.33;117.77;118.87;573612
20130402;119.07;120.94;119.07;119.74;963216
20130403;119.43;119.85;117.76;118.5;357129
20130404;118.7;118.73;117.49;118.51;245169
20130405;117.35;118.21;116.68;118.05;307438
20130408;117.65;118.7;116.7;118.7;346628
20130409;118.37;118.88;117.87;118.39;373505
20130410;118.75;119.74;118.09;119.68;368029
20130411;119.93;120.09;119.28;119.74;418942
20130412;120.13;120.49;119.33;119.92;367189
20130415;119.76;120.48;117.1;117.3;530471
20130416;117.79;118.66;116.38;118.41;521550
20130417;117.52;117.98;116.18;117.85;473108
20130418;117.4;117.87;116.62;117.7;335451
20130419;117.16;119.56;117.16;119.47;369927
20130422;120.47;120.89;118.87;119.76;659956
20130423;120.3;121.12;118.6;119.98;410165
20130424;120.11;120.11;117.55;117.8;538243
20130425;117.95;119.54;117.48;119.02;593175
20130426;119.17;119.87;118.38;118.81;266908
20130429;119.12;120.28;118.58;120.08;268538
20130430;119.55;119.67;118.27;119.41;369083
20130501;119.25;119.95;118.1;118.53;247624
20130502;118.73;119.49;118.05;118.61;244194
20130503;119.69;120.67;118.9;119.23;407541
20130506;119.2;119.5;118.35;118.84;414133
20130507;116.86;116.86;113.38;116.29;1755126
20130508;116.17;120.3;115.93;118.28;623883
20130509;117.82;118.75;116.71;117.03;470055
20130510;117.33;119.72;117.32;119.64;385284
20130513;119.45;120.07;119.19;119.41;371509
20130514;119.56;120.72;118.92;120.38;508507
20130515;120.45;121.33;119.8;121.05;597760
20130516;120.6;120.95;119.72;119.81;590212
20130517;120.32;120.74;119.22;119.48;493749
20130520;119.48;120.52;118.74;119.03;320423
20130521;118.59;119.31;117.93;118.65;322751
20130522;119.01;120.44;117.25;118.07;505155
20130523;117.71;118.7;116.97;117.86;562099
20130524;117.35;119.13;116.67;118.92;403796
20130528;119.6;119.95;118.9;119.34;675812
20130529;119.08;119.35;116.7;117.03;727181
20130530;117.18;118.18;116.87;117.2;358324
20130531;116.8;116.97;115.36;115.84;905307
20130603;116.24;116.35;114.1;115.95;673043
20130604;116.38;116.55;113.98;114.62;596492
20130605;115.4;115.43;112.05;113.14;4750020
20130606;113.86;117.8;113.76;117.52;1177653
20130607;117.87;118.4;116.29;116.81;551247
20130610;117.38;117.9;116.67;117.39;470569
20130611;116.39;117.85;115.88;117.15;408550
20130612;118.15;118.57;115.89;116.47;798658
20130613;116.18;118.21;115.43;118.07;804280
20130614;117.31;119.06;117.31;118.6;456675
20130617;119.89;120.5;118.69;119.51;764419
20130618;119.47;121.3;119.44;121.16;502364
20130619;120.3;122.04;119.96;120.09;667495
20130620;119.79;119.79;118.14;118.45;619781
20130621;119.25;119.78;118.21;119.61;719506
20130624;118.88;119.55;117.9;118.5;774570
20130625;119.55;119.55;117.78;118.79;403485
20130626;119.14;120.12;118.86;119.6;498003
20130627;119.86;120.94;119.52;120.88;396618
20130628;120.86;121.96;119.95;121;744007
20130701;121.19;122.55;120.6;121.94;670493
20130702;121.47;122.26;120.94;122.01;506823
20130703;121.84;122.3;120.99;122.13;417311
20130705;122.15;123.95;121.65;123.77;685154
20130708;124.4;124.56;123.37;124.32;514121
20130709;125.09;126.71;124.7;126.42;1268066
20130710;126.51;128.03;126.51;127.84;1173140
20130711;128.57;129.08;127.57;128.21;753122
20130712;128.64;129;127.7;128.49;604662
20130715;128.26;128.5;126.73;128.33;515036
20130716;128.66;128.66;126.88;127.95;419682
20130717;128.46;128.82;127.52;127.85;444635
20130718;127.95;129.11;127.77;128.99;532008
20130719;128.32;133.49;128.24;129.37;481489
20130722;129.53;130.6;128.92;130.19;318414
20130723;130.17;130.28;129.13;129.28;566720
20130724;129.55;130.71;129.47;130.01;452290
20130725;129.53;132.55;129.11;132.37;665433
20130726;132.22;134.31;131.35;134.23;473564
20130729;129.9;131.11;122.99;125.17;10879068
20130730;127.71;128.5;125.3;126.21;3896123
20130731;126.88;127.17;124.2;124.39;2594179
20130801;125.52;126.68;125.21;125.41;1634427
20130802;125.4;128.39;124.71;128.39;1954567
20130805;128.48;128.48;127.05;127.21;1210409
20130806;127.35;128.48;127.06;127.89;873811
20130807;127.81;128.7;127.69;128.49;1048798
20130808;128.38;129.18;127.62;128.93;864832
20130809;129.43;129.43;128.2;128.37;714684
20130812;128.1;128.71;128.04;128.3;551206
20130813;127.98;128.23;127.05;127.64;534318
20130814;127.84;128.07;125.96;126.42;1473222
20130815;124;124.82;122;122.31;2588764
20130816;120.23;120.98;119.28;120;3695696
20130819;120.26;120.91;118.5;118.74;1168578
20130820;119.26;119.51;118.11;119.02;1002087
20130821;118.4;119.48;118.36;118.5;805715
20130822;118.5;119.91;118.46;119.78;597004
20130823;120.31;120.31;119.15;119.38;445220
20130826;119.3;119.93;118.82;119.22;519905
20130827;117.91;117.99;116.29;116.83;996122
20130828;116.36;118.79;115.94;118.26;1324233
20130829;118.31;121.49;117.8;121.04;1558536
20130830;120.61;121.67;119.85;121.55;1063107
20130903;122.23;122.5;121.2;122;1248921
20130904;122.24;124.11;122.03;123.73;1265514
20130905;124.03;124.03;122.5;123.38;659476
20130906;123.5;124.5;122.42;123.94;886827
20130909;123.59;124.41;122.23;123.23;1099143
20130910;123.7;124.04;123.08;123.74;749233
20130911;123.5;124.24;123.05;123.58;718878
20130912;123.27;124;122.83;122.92;518788
20130913;123.41;123.76;122.94;123.44;682965
20130916;124.34;124.99;123.75;123.91;749836
20130917;124.29;124.92;124.2;124.64;622198
20130918;124.5;125.06;123.23;125;748936
20130919;125.61;126.02;124.99;125.33;856642
20130920;125.93;126.22;124.91;124.98;1479371
20130923;125.17;125.26;123.97;124.44;918088
20130924;124.36;125.24;124.05;124.36;692511
20130925;124.6;124.67;123.08;123.14;713171
20130926;123.28;124.09;122.5;122.86;1027840
20130927;122.25;124.13;122.12;123.7;1696270
20130930;123.14;124.35;122.56;123.38;871795
20131001;123.35;125.29;123.11;125.2;941005
20131002;125.01;125.4;124.3;125.11;1055827
20131003;125.88;126.47;124.84;125.21;1416573
20131004;125.56;129.14;125.32;129.05;1428205
20131007;129.04;129.91;128.32;129.2;1422745
20131008;129.34;129.99;127.69;128.18;1289815
20131009;128.86;128.91;127.48;128.43;863133
20131010;129.24;129.84;128.68;129.84;880569
20131011;129.86;129.86;128.42;129.59;1166232
20131014;128.87;130.95;128.69;130.95;1121972
20131015;130.39;131.06;129.46;130.63;1396568
20131016;131.32;132.12;130.78;131.94;1262509
20131017;131.54;132.28;131.16;132.19;528377
20131018;132.64;132.69;131.48;132.65;714133
20131021;133.02;133.06;130.82;131.25;485357
20131022;131.32;132.34;130.56;131.02;781240
20131023;131.12;131.19;128.3;129.35;1592547
20131024;129.83;130.22;128.39;129.2;1360634
20131025;129.16;130.63;128.88;130.61;707627
20131028;130.64;131.24;130.07;130.81;494792
20131029;130.79;131.19;130.15;130.6;474730
20131030;131.02;131.49;128.05;128.62;1252104
20131031;133.5;139.32;133.39;137.89;4064002
20131101;138.22;142.58;137.03;142.38;2538096
20131104;142.83;143.74;141.53;143.73;1327145
20131105;143.58;144.03;141.84;142.5;1273759
20131106;143.13;145.34;142.69;145.28;948823
20131107;145.54;145.85;142.67;145.19;1227798
20131108;145.44;148.85;144.38;148.75;1294465
20131111;148.98;149.76;147.92;149.61;863190
20131112;149.38;150.48;148.9;150.03;1020598
20131113;149.82;150.76;149.13;150.71;948263
20131114;151.06;153.38;150.76;152.51;966697
20131115;152.19;153.19;151.38;153.13;916483
20131118;153.64;153.8;151.84;152.29;804620
20131119;152.76;152.85;151.28;152.21;820946
20131120;151.59;153.8;151.59;152.81;721640
20131121;153.11;155.09;153.07;155;596085
20131122;155.37;156.1;154.58;155.28;567071
20131125;156.47;156.6;155.06;156.44;943916
20131126;156.69;157.02;155.36;156.45;584767
20131127;156.6;156.73;155.38;155.8;451392
20131129;155.82;156.37;155.36;155.89;257306
20131202;156.88;157.47;156.14;156.88;821087
20131203;156.83;157.07;154.58;155.23;551627
20131204;155.03;155.31;153.04;154.89;704397
20131205;155.19;156.43;155.13;155.62;808280
20131206;156.15;156.82;155.25;155.63;1246879
20131209;156.37;156.75;154.18;154.51;1047252
20131210;153.57;155.57;153.42;154.4;969766
20131211;154.14;154.52;150.98;151.11;1202134
20131212;150.72;154.39;149.32;153.68;1761125
20131213;153.3;153.43;151.5;151.82;1709645
20131216;152.23;152.51;149.49;151.04;2064659
20131217;149.7;153.25;149.12;153.25;6033380
20131218;153.45;156.47;153.02;155.67;9790229
20131219;155.55;155.55;148.86;151.14;2484653
20131220;151.61;152.26;148.15;152.26;3168796
20131223;153.06;153.34;151;151.8;1024315
20131224;151.57;152.12;150.53;151.6;285505
20131226;151.58;152.98;151.51;152.17;503160
20131227;152.5;152.5;150.81;152.12;508806
20131230;152.71;153.5;151.81;153.11;910818
20131231;153.59;154.13;152.52;153.46;758304
20140102;152.45;154.52;152.11;153.1;1209456
20140103;152.99;154.38;152.61;154.23;712255
20140106;154.89;155.27;152.43;152.93;1029774
20140107;154.73;155.33;153.71;154.58;1384571
20140108;154.61;158.16;154.6;158.03;1720224
20140109;158.2;158.99;157.05;158.95;949197
20140110;158.83;161.76;158;161.7;1278862
20140113;161.68;162.35;159.2;160.88;2047019
20140114;160.07;160.64;155.77;158.01;2052208
20140115;157.39;158.83;157.12;157.7;1049673
20140116;157.54;158.09;156.43;157.16;532303
20140117;157.34;158.84;155.83;156.03;1177956
20140121;155.68;157.12;153.59;155.21;1436437
20140122;155.82;157.47;155.76;157.07;806967
20140123;155.28;156.02;154.14;155.16;795398
20140124;154.8;155.88;152.76;152.79;751961
20140127;152.89;154.56;151.13;153.32;1043047
20140128;153.91;157.16;153.91;157.05;803821
20140129;154.94;155.55;152.96;153.68;1159494
20140130;153.77;156.18;153.2;155.9;914282
20140131;154.73;156.69;152.04;155.66;784958
20140203;155.02;155.35;151.53;152.07;1062509
20140204;152.65;156.15;152.48;155.79;1187696
20140205;155.64;155.75;151.91;153.28;1549147
20140206;153.87;155.22;144.46;146.49;3765158
20140207;146.49;146.49;144.67;145.74;2259855
20140210;145.73;147.66;144.83;147.32;1914556
20140211;147.42;147.87;145.91;147.83;1059972
20140212;147.66;149.14;147.4;148.87;1012812
20140213;148.95;150.9;148.41;150.76;1450785
20140214;150.96;151.95;148.86;149.28;930226
20140218;150.58;156.38;150.53;156.14;1520358
20140219;155.95;157.38;154.49;154.72;892204
20140220;155.11;161.51;154.54;161.03;1546682
20140221;160.21;161.03;158.41;159.06;1554375
20140224;158.87;161;158.43;160.51;881519
20140225;160.5;161.94;159.41;161.15;818641
20140226;161.42;166.75;161;162.96;1409657
20140227;163.14;166.36;162.53;166.32;1278633
20140228;166.56;168.39;161.58;164.44;2114786
20140303;162.95;165.01;162.01;164.95;1375712
20140304;167.11;168.01;165.82;167.6;864807
20140305;167.83;167.97;166.01;166.95;523230
20140306;167.88;168.24;163.4;163.89;659623
20140307;164.58;165.45;162.3;164.48;694103
20140310;164.26;165.4;163.5;165.32;775458
20140311;165.06;165.84;163.81;163.91;477034
20140312;163.69;166.57;163.63;165.85;823604
20140313;166.35;167.25;162.48;162.82;849867
20140314;162.82;165.58;161.25;165.49;1110152
20140317;165.73;167.39;164.64;165.15;658513
20140318;165.54;168.23;164.96;167.48;536972
20140319;167;168.1;165;166.16;782989
20140320;166.1;166.43;163.37;164;615221
20140321;164.8;165.99;158.93;159.01;1801466
20140324;159.66;160.01;155.5;155.94;1232184
20140325;157.41;160.18;155.51;158.05;858652
20140326;158.27;159.03;155.36;155.55;719807
20140327;156.56;156.83;152.97;154.05;997145
20140328;153.25;155.98;151.87;153.16;741424
20140331;154.16;154.8;152.71;154.66;774114
20140401;154.86;156.88;154.37;155.85;646436
20140402;156.78;158.99;156.58;157.2;793696
20140403;157.22;157.22;151.87;152.77;1338387
20140404;153.1;155.87;150.91;151.03;726029
20140407;152.32;152.85;146.47;146.99;1315865
20140408;149.58;149.79;145.02;148.27;1442829
20140409;148.8;149.83;147.4;149.66;990829
20140410;149.78;150;141.73;144.25;1977454
20140411;143.28;144.49;139.22;140.07;1607051
20140414;140.47;143.63;138.1;140.48;1312453
20140415;141.07;141.96;137.53;140.86;1359451
20140416;141.48;143.77;141.12;143.32;934380
20140417;142.56;143.69;141.29;141.99;842652
20140421;141.82;145.69;141.16;145.15;610605
20140422;147.61;156;147.41;151.55;2188183
20140423;151.55;151.81;148.73;149.93;1007909
20140424;150.92;151.01;147.28;147.7;777373
20140425;146.42;148.57;145.24;146.7;878340
20140428;147.44;149;145.17;147.04;1104934
20140429;147.25;147.88;144.82;145.69;850765
20140430;144.85;145.52;143.6;144.86;1079092
20140501;145.15;146.49;144.98;146.02;808967
20140502;145.23;146.34;144.67;145.28;495973
20140505;144.22;146.32;143.21;145.8;727691
20140506;144.97;145.9;142.99;142.99;921529
20140507;134.38;135.49;129.18;130.55;4591105
20140508;130.55;131.76;125.37;126.87;3195573
20140509;126.24;129.66;125.84;129.51;2092940
20140512;130.56;132.52;130.37;130.82;1479901
20140513;131.39;131.92;130.74;131.31;1173600
20140514;131.32;132.15;130.98;131.26;1203017
20140515;131.76;132.51;130.2;132.37;1491861
20140516;132.7;132.93;131.06;132.8;1810291
20140519;132.9;134.13;132.24;133.17;1194146
20140520;133.27;133.41;131.76;132.9;1082591
20140521;133.35;133.78;132.55;133.14;1252474
20140522;132.98;137.02;132.84;136.83;1104440
20140523;137.2;139.24;135.07;138.63;1723268
20140527;139.88;140.01;135.77;135.84;1205376
20140528;135.36;137.16;134.89;136.72;2031465
20140529;137.33;139.69;137.01;138.8;936380
20140530;138.17;138.97;137.47;138.2;1002314
20140602;138.75;139.83;138.24;138.66;861053
20140603;138.04;138.71;136.66;137.51;935621
20140604;136.96;137.68;136.18;136.54;1371703
20140605;137.25;140.21;136.25;139.34;1575591
20140606;139.88;139.88;138.22;138.95;659893
20140609;140.44;140.63;139.22;140.03;1128713
20140610;140.13;140.79;139;139.41;943404
20140611;139.05;141.25;138.52;141.17;780885
20140612;141.72;143.58;141.02;142.68;1671593
20140613;142.68;142.68;140;140.39;874112
20140616;140.21;142.27;140.12;141.68;871347
20140617;141.65;142.01;140.63;141.5;502281
20140618;141.53;143.67;141.41;143.62;1093443
20140619;143.59;143.6;141.35;141.86;1244319
20140620;141.92;144.06;141.92;143.91;1344601
20140623;144.42;144.69;143.27;144.3;558334
20140624;144.77;145.51;144.18;145;760491
20140625;144.74;148.02;144.74;147.94;984015
20140626;148.28;149.01;147.07;148.9;1296849
20140627;148.22;148.85;145.66;145.97;2490161
20140630;145.1;146.68;145.02;145.76;1184328
20140701;146.35;150.74;146.06;150.42;1370113
20140702;150.87;153.72;148.86;153.31;1610110
20140703;152.92;153.74;150.6;153.31;1111484
20140707;153.59;155.67;150.43;151.15;1540963
20140708;151.76;152.04;146.71;148.84;1297906
20140709;149.45;149.79;147.19;148.06;1494029
20140710;145.98;147.6;144.5;147.27;945090
20140711;145.5;146.81;143.48;146.15;1316513
20140714;147.13;160.65;144.15;158.85;8133193
20140715;156.25;157.53;152.54;153.44;2710739
20140716;154.4;155.42;152.57;155.35;1230192
20140717;155.14;155.55;151.44;151.86;1198403
20140718;152;154.91;150.5;154.81;800283
20140721;154.44;154.63;150.75;151.09;1009929
20140722;152.17;155.78;151.82;155.33;1295614
20140723;155.88;157.52;155.21;157.28;1176761
20140724;157.23;157.42;155.49;157.07;804810
20140725;156.95;156.95;154.8;154.99;402455
20140728;155.2;155.58;153.25;153.84;683497
20140729;154.33;155.05;153.1;154.64;443220
20140730;155.28;155.59;153.52;153.89;586707
20140731;153.33;153.44;150.33;150.45;913874
20140801;150.01;152.48;150.01;151.59;792593
20140804;151.74;152.33;148.33;150.01;705766
20140805;148.76;150.01;147.05;148.1;728194
20140806;146.05;146.38;141.48;142.82;2091784
20140807;143.26;143.59;141.26;141.56;778625
20140808;141.46;143.42;140.06;143.28;1188700
20140811;144.68;144.68;142.19;142.25;892908
20140812;141.84;142.32;137.78;139;1652585
20140813;139.62;140.11;137.29;139.15;1897027
20140814;145.41;149.77;145.15;149.29;2593036
20140815;149.7;149.7;146.72;148.53;1274931
20140818;147.99;148.4;146.37;147.88;1063348
20140819;146.84;151.47;146.84;150.84;1099150
20140820;149.59;150.76;148.72;149.43;607466
20140821;149.23;149.8;147.55;147.75;486403
20140822;147.78;149.77;147.44;149.22;528489
20140825;148.41;149.37;147.8;147.99;514535
20140826;149.21;149.21;147.98;148.12;560404
20140827;149.5;150.26;148.38;148.82;980114
20140828;148.57;150.17;148.02;150.03;709588
20140829;152.63;153;148.19;148.74;578654
20140902;149.44;150.57;148.82;148.95;930413
20140903;149.84;150.56;149.13;149.94;939184
20140904;150.16;150.16;145.74;146.07;885635
20140905;146.59;146.94;145.16;146.27;839315
20140908;146.45;146.45;143.92;144.83;1296068
20140909;144.47;144.74;142.52;143.18;951751
20140910;143.73;146.38;143.38;145.89;1159021
20140911;145.52;146.14;144.36;145.15;541213
20140912;145.55;145.55;144.08;144.5;681800
20140915;145.46;145.46;142.48;143.68;564628
20140916;143.32;145.6;135;145.26;885686
20140917;145.78;146.75;145.28;146;942065
20140918;146.8;146.88;146.28;146.64;803928
20140919;146.46;147.86;145.96;147.27;1425488
20140922;147.65;149.88;147.3;149.76;1017199
20140923;146.96;149.94;146.96;149.42;926203
20140924;149.71;153.17;149.13;152.89;771129
20140925;152.83;153.1;150.62;150.77;732699
20140926;151.52;151.91;149.83;150.72;564795
20140929;150.12;150.59;148.58;149.73;561782
20140930;150.21;151.18;149.31;150.19;917092
20141001;151.04;151.04;148.44;149.18;796622
20141002;149.54;151.93;149.54;151.46;772614
20141003;152.66;157.36;151.63;155.16;1033480
20141006;155.65;155.84;152.72;153.02;601596
20141007;152.54;152.84;149.52;149.96;1092113
20141008;150.35;151.52;147.52;151.43;884686
20141009;150.76;153.87;150.5;152.39;1099984
20141010;152.66;154.7;149.19;149.19;853643
20141013;148.8;149.43;145.63;145.72;862373
20141014;146.09;148.56;144.98;147.18;680606
20141015;145.71;147.06;142.68;145.85;958849
20141016;144.57;146.47;142.38;145.69;814759
20141017;147.42;148.68;144.51;145.78;825792
20141020;146.69;149.63;146.39;148.47;964713
20141021;149.6;150.16;148.21;150.16;642255
20141022;149.95;151.48;148.94;150.26;587850
20141023;151.36;155.42;151.22;153.91;815162
20141024;154.97;155.49;153.4;155.15;464514
20141027;155.17;155.61;154.17;154.81;596798
20141028;155.36;156.35;154.87;156.17;409557
20141029;155.7;156.2;154.12;155;512394
20141030;156.6;161.35;156.3;161.33;1206371
20141031;163.63;163.63;160.85;161.45;836450
20141103;160.59;161.15;159.23;159.95;884524
20141104;159.49;160.29;159.23;159.85;571141
20141105;160.05;160.49;158.3;158.5;876501
20141106;160.78;160.85;145.41;152.49;4923944
20141107;153.14;155.89;152.62;155.77;1927068
20141110;155.1;156.56;153.89;156.56;1510563
20141111;156.18;157.32;155.26;155.44;1083841
20141112;154.77;155.04;153.85;154.87;1399869
20141113;154.72;156.01;154.27;155.53;688026
20141114;155.06;155.47;153.77;154.46;764794
20141117;153.05;155.56;152.97;153.31;1017810
20141118;152.9;160.16;152.88;159.94;1347712
20141119;160.18;160.4;158.34;158.81;620333
20141120;154.57;157.96;154;154.27;1515816
20141121;153.3;155.45;152.61;154.5;3125624
20141124;154.71;158.24;154.56;156.89;876662
20141125;157.29;157.82;155.84;156.47;1199385
20141126;156.95;159.35;156.72;159.22;782194
20141128;159.51;160.89;159.2;160.19;471915
20141201;160.43;160.48;158.09;158.19;678890
20141202;159.66;159.89;157.66;158.01;964410
20141203;157.71;159.66;157.01;159.58;581664
20141204;159.28;159.54;157.26;159.03;689408
20141205;160.22;160.22;156.66;157.13;674134
20141208;156.02;158.62;156.02;158.23;914622
20141209;157.59;159.2;155.94;159.12;657542
20141210;158.42;159.39;157.3;157.39;804119
20141211;156.93;159.5;156.2;156.54;658245
20141212;155.51;156.92;153.41;153.41;686629
20141215;153.22;155.25;151.71;154.2;959763
20141216;153.87;156.46;153.62;153.77;771283
20141217;154.75;159.44;154.55;159.15;1427777
20141218;158.46;164.92;158.39;164.85;1615511
20141219;166.02;171.57;166.02;168.14;3290566
20141222;168.83;169.4;167.44;168.76;588723
20141223;168.42;169.21;162.09;164.15;919061
20141224;163.84;167.25;163.84;166.11;304255
20141226;166.36;166.65;165.24;165.96;231439
20141229;165.19;168.25;165.1;167.7;382261
20141230;166.65;167.81;166.23;167.04;483267
20141231;167.71;168.94;166.96;167.16;543585
20150102;165.99;167.34;165.17;166.63;712584
20150105;165.06;166.71;164.29;164.91;726570
20150106;164.38;166.35;161.97;164.6;878482
20150107;165.11;168.8;164.5;167.35;851457
20150108;169.05;171.5;168.96;171.17;1118658
20150109;172;172;169.17;169.75;399837
20150112;170.89;171.45;168.21;169.32;489929
20150113;170.59;171.11;161.58;163.79;1488092
20150114;163.21;164.87;162.12;162.69;920270
20150115;163.09;163.86;158.33;158.51;934941
20150116;157.95;160.55;157.69;160.52;767902
20150120;161.35;162.33;159.12;161.97;562253
20150121;162.62;162.62;158.38;158.89;689879
20150122;158.59;158.95;152.71;156.21;1613110
20150123;156.46;158.67;156.15;157;637782
20150126;156.56;157.62;155.16;157.53;895114
20150127;157.11;157.59;155.78;156.01;474792
20150128;156.91;157.76;153.08;153.51;631247
20150129;153.91;154.43;151.43;154;1023241
20150130;152.88;153.77;151.39;151.74;1138829
20150202;151.88;152.65;150.85;152.4;1104243
20150203;152.4;153.25;149.76;151.34;1357856
20150204;151.66;151.95;150.73;151.48;1528954
20150205;151.71;157.65;150.51;155.03;1628402
20150206;155.47;155.47;148;150.33;1479548
20150209;149.56;150.49;147.77;147.85;1173904
20150210;149.11;150.39;148.48;149.96;813327
20150211;150.45;150.46;147.21;147.77;1024111
20150212;148.28;151.24;147.82;150.68;1273805
20150213;150.52;151.39;150.2;150.9;1012429
20150217;152.35;152.65;151;151.9;1176660
20150218;152.26;152.26;150.19;150.6;869793
20150219;151.3;152.03;151.06;151.59;841735
20150220;151.1;151.81;149.53;151.37;933987
20150223;152.22;152.65;151.18;152.05;1684149
20150224;152.21;153.75;151.9;153.48;847971
20150225;153.74;154.04;151.3;152.73;865590
20150226;153.22;155.29;152.58;155.25;864596
20150227;155.13;155.95;153.7;154.47;1312011
20150302;155.39;158.17;155.15;157.55;1184625
20150303;157.55;157.55;153.69;156.22;1410974
20150304;155.54;158.08;154.32;158;1014876
20150305;158.57;160.32;157.81;160;872329
20150306;159.43;160.73;156.57;156.83;866361
20150309;157.68;160.5;157.06;160.15;706004
20150310;159.48;160.58;158.84;158.94;834526
20150311;159.54;161.5;158.57;161.25;1210571
20150312;162.12;166.61;161.88;166.48;973146
20150313;166.49;167.9;164.07;166.42;1025005
20150316;167.42;171.9;167.42;171.77;1354705
20150317;170.7;172.56;169.49;172.48;1018505
20150318;171.36;174.65;170.89;173.7;1082564
20150319;173.32;173.32;168.15;170.37;1989364
20150320;170.89;173.71;170.89;172.87;1799580
20150323;169.84;169.84;165.75;166.37;1492310
20150324;167.19;168.36;165.8;165.92;951525
20150325;167.16;168.15;162.91;163.01;741856
20150326;163.51;166.23;162.34;164.32;790958
20150327;164.5;166.36;163.63;165.97;677415
20150330;167.64;168.75;165.34;168.26;981441
20150331;167.68;167.75;165.55;165.55;606875
20150401;166.26;166.39;162.16;163.99;1138463
20150402;165.01;166.81;163.41;163.73;851764
20150406;162.55;166.01;161.86;165;861122
20150407;165.03;166.49;163.98;164.71;522249
20150408;164.7;215.73;164.63;195;17687328
20150409;195.26;200.12;191.83;198.7;7320453
20150410;198.5;200.69;197.55;198.55;3531264
20150413;199;203.74;198.44;201.88;2021026
20150414;200.82;204.9;200.18;203.69;1810101
20150415;203.27;205.69;202.54;203.21;1285013
20150416;202.48;203.13;199;199;1788204
20150417;196.86;200.37;189.63;198.98;5847274
20150420;197.87;199.91;195.86;198.08;1923479
20150421;195.2;197;192.35;192.82;5959089
20150422;195;202.27;194.86;201.5;4779926
20150423;199.62;202.12;199.53;201.63;1857866
20150424;201.53;205.72;192.89;192.89;8219088
20150427;193.86;195.79;187.96;188.28;3856600
20150428;188.54;190.47;185.57;186.39;3693185
20150429;190.08;192.19;184.63;184.74;6209409
20150430;184.98;185.77;181.42;183.28;2972445
20150501;186.8;186.86;182.65;186.26;2136588
20150504;186.28;189.64;185.34;187.94;1456477
20150505;187.91;189.1;186.48;188.13;1367686
20150506;188.3;190.08;187.62;189.87;1336050
20150507;189.87;195;189.82;191;2536671
20150508;190.71;195;190.71;192.6;1310882
20150511;193.93;194.05;191.84;193.58;899645
20150512;191.96;195;191.96;194.26;1058265
20150513;194.21;195;193.11;193.79;584550
20150514;194.41;194.79;193.25;194.15;683870
20150515;193.26;194.57;192.65;194.5;850587
20150518;193.9;200.96;193.29;198.37;2045552
20150519;199.81;199.81;197.12;197.68;597397
20150520;197.85;198.77;196.94;197.54;541334
20150521;197.58;199.74;195.73;198.26;1017952
20150522;198.3;199.73;197.21;198.47;771509
20150526;197.2;199.01;195.32;195.75;946372
20150527;195.79;196.37;193.6;194.5;1011348
20150528;192.23;194.91;192.23;193.96;856705
20150529;195;195;190.22;190.3;1613154
20150601;191.7;195.23;191.51;192.99;1212775
20150602;193.05;195.73;191.91;194.31;1046958
20150603;194.46;196.55;192.09;195.88;937442
20150604;195.75;196.55;192.4;192.88;1088388
20150605;192.54;192.87;190.9;191.26;969000
20150608;191.45;191.76;188.18;188.93;1104556
20150609;188.87;190.48;188.01;188.17;1197158
20150610;187.58;188.78;186.83;188;990831
20150611;187.21;189.34;186.4;186.91;1026463
20150612;185.81;186.8;184.12;184.57;1236459
20150615;183.35;186.34;182.91;183.3;1121432
20150616;187.12;192.05;186.44;191.25;2242911
20150617;190.39;190.8;188.04;188.33;860221
20150618;188.5;189.87;188.24;188.28;756544
20150619;188.09;190;184.24;185;3409414
20150622;186.52;186.76;184.32;184.87;739213
20150623;186.01;190.67;185.79;189.39;1138405
20150624;189.64;190.17;188.06;189.16;947189
20150625;190.46;191.75;187.6;189.21;693621
20150626;190.01;190.68;187.2;190.55;757066
20150629;187.53;188.29;183.88;184.14;1026112
20150630;186.26;187.47;183.96;184.83;927635
20150701;185.74;188.79;184.29;185.06;1031276
20150702;185.18;186.85;183.13;183.68;830876
20150706;183.99;188.56;182.32;185.66;2002180
20150707;185.32;185.86;181.21;182.94;1549997
20150708;181.79;182.91;178.89;180.32;879563
20150709;182.35;182.54;179.49;180.01;805640
20150710;181.61;182.11;179;180.86;999211
20150713;182.7;185;182.08;184.02;923645
20150714;183.3;187.4;182.69;186.19;1026746
20150715;186.2;187.17;183.88;186.68;914387
20150716;187.5;187.5;185.19;186.81;966750
20150717;186.65;187.4;184.27;185.86;920093
20150720;185.95;187.85;184.28;187.64;452697
20150721;187.38;188.49;185.19;187.07;450387
20150722;186.95;190.31;185.93;189.05;796609
20150723;191.61;192.47;187.26;189.71;870514
20150724;187.44;190.46;185.38;186.5;872137
20150727;192;196.9;191.71;193.6;5944967
20150728;192.78;193.5;187.84;192.07;2574212
20150729;190.89;194.5;190.46;192.83;1464737
20150730;191.6;193.21;191.29;191.43;638535
20150731;192.74;193.79;191;192.2;586358
20150803;192.2;194.5;191.13;192.5;667779
20150804;191.69;192.49;187.76;190.64;1181385
20150805;192.15;192.46;188.51;189.65;1147113
20150806;189.94;189.94;180.4;188.24;2268323
20150807;188.05;190.29;186.01;190.21;1024797
20150810;191.31;194.04;190.67;193.99;768496
20150811;192.69;193.04;190.18;192.8;1265550
20150812;191.96;192.07;186.06;186.06;1556754
20150813;187.93;193.27;187.52;192.5;1854119
20150814;190.4;196.6;188.95;196;2929652
20150817;195;197.83;194.71;197.06;1641914
20150818;196.47;198.42;194.96;195.54;795568
20150819;194.31;196.61;194.31;195.44;965376
20150820;194.85;196.21;192.61;192.66;800825
20150821;191.06;192;184.39;186.89;2816904
20150824;172.68;183;170.69;178.5;2301727
20150825;182.73;184;177.27;178;1820775
20150826;180.61;183.84;176.74;183.76;1098227
20150827;184.14;188.34;183.43;188.19;1131160
20150828;190.09;190.16;183.91;185.42;1070266
20150831;183.85;186.24;182.21;182.97;634781
20150901;181.17;182.35;178.18;179.46;787599
20150902;180.79;181.59;177.15;181.59;760222
20150903;181.18;182.2;177.04;177.95;610477
20150904;176.59;180.27;176.11;178.8;576559
20150908;178.58;183.14;178.46;180.65;689680
20150909;181.26;182.51;176.66;177.07;710612
20150910;176.77;179.61;175.78;178.17;948489
20150911;177.12;179.81;176.5;179.67;655916
20150914;179.84;181.94;176.5;181.26;568058
20150915;182;184.77;180.37;183.46;725471
20150916;182.92;183.64;178.77;182.39;947082
20150917;180.5;183.57;180.38;181.08;1180044
20150918;179.77;180.92;178.24;178.57;1365639
20150921;177.79;178.57;172.41;174.83;1036994
20150922;171.57;173.53;169.56;171.97;832341
20150923;171.76;173.48;170.03;170.87;520372
20150924;170.14;170.14;166.56;169.26;1036811
20150925;170.5;170.73;158.35;160.9;1452175
20150928;159.29;159.47;150.64;152.57;2745230
20150929;154.44;162.69;150.82;154.9;2341638
20150930;156.15;157.94;152.89;157.27;1514163
20151001;159.02;159.5;152.69;156.37;1530681
20151002;154.8;160.85;153.34;160.73;1513706
20151005;161.92;162.65;160.26;161.83;1248646
20151006;161.54;162.4;157.27;159.71;799335
20151007;159.84;159.92;153.2;156.12;1838168
20151008;155.77;158.87;154.09;158.34;579290
20151009;158.36;161.6;157.47;160.6;1004039
20151012;162.14;162.59;160.04;161.53;367714
20151013;159.73;163.35;157.59;158.18;817350
20151014;159.56;161.67;158.05;160.91;1316513
20151015;161.25;162.73;159.66;162.62;801767
20151016;163.87;166.15;162.76;166.15;1478745
20151019;166.22;166.5;163.44;165.66;1279396
20151020;165.65;165.69;161.28;162.61;1161851
20151021;162.4;162.9;151.05;155.24;2684830
20151022;152.6;153.95;142.62;147.68;4178165
20151023;149.31;152.1;147.6;150.57;1997875
20151026;151.88;155.85;149.7;154.27;1764508
20151027;155.34;156.85;154.75;156.25;1263596
20151028;157.6;162.15;157.47;160.44;2436930
20151029;163.37;167.92;162.4;165.81;2291294
20151030;165.15;165.88;156.58;157.74;2122097
20151102;160.16;160.27;157.26;159.35;1398974
20151103;159.16;162.76;157.91;159.74;1683426
20151104;161.17;162.64;159.57;162.29;1960704
20151105;164.98;165.29;160.17;160.5;1407622
20151106;159.75;164.13;157.6;162.25;1417357
20151109;160.22;162.16;157.51;159.72;2266188
20151110;159.31;163.51;158.81;163.03;2191128
20151111;163.79;165.63;160.86;161.06;2172584
20151112;160.1;165.18;156.1;156.55;3514488
20151113;140.54;149.16;140.4;146.9;27518243
20151116;149.91;152.25;147.33;149;6785879
20151117;149.14;153.85;148.9;153.5;5267347
20151118;154.59;155.68;152.27;155.64;3457572
20151119;155.8;155.8;153.36;154.63;2273730
20151120;154.79;156.03;153.81;154.92;2664783
20151123;155.72;155.79;147.5;148.4;2411524
20151124;148.25;150.85;146.25;150;2404511
20151125;150.3;151.14;149.4;150.63;940096
20151127;150.87;151;149.77;150.49;354988
20151130;151.03;151.45;149.01;149.39;1632907
20151201;150.79;150.88;147.28;149.21;1180740
20151202;149.45;150.91;147.53;147.86;1074127
20151203;148.24;148.53;143.61;145.59;1486948
20151204;145.99;148.34;145.05;147.69;1488247
20151207;147.5;148.16;145.61;147.34;1182943
20151208;146.37;149.19;146.3;148.39;1413131
20151209;148.46;150.27;147.69;148.16;1911490
20151210;149.53;149.65;148.05;148.89;1270522
20151211;147.99;148.26;145.65;147.19;867620
20151214;148.33;149.37;146.82;148.99;1635722
20151215;150.91;150.95;148.43;149.31;1656138
20151216;149.27;150.67;146.2;149.45;1658662
20151217;151.05;151.65;145.56;146.26;1492065
20151218;146.15;146.4;144.26;144.33;1706479
20151221;144.75;144.75;142.51;144.28;883278
20151222;144.93;146.13;144.29;145.27;994656
20151223;145.55;148.33;145.51;147.7;1178812
20151224;148.21;148.47;147.51;147.54;280552
20151228;147.78;147.79;144.8;145.84;650142
20151229;146.5;146.99;145.55;146.59;711655
20151230;146.52;146.99;144.86;145.24;569934
20151231;144.89;145.65;144.28;144.7;602941
20160104;142.01;143.42;141.13;142.5;1679433
20160105;143.12;145.6;141.26;142.68;1170251
20160106;141.21;144.98;141;144.28;2507009
20160107;142.3;145.19;142.1;144.31;1679559
20160108;144.53;145.01;140.2;140.69;1487597
20160111;146.21;146.21;138.74;143.61;2278166
20160112;144.95;147.35;143.94;146.57;1615506
20160113;147.37;147.66;142.52;143.08;1593395
20160114;143.31;146.69;140.32;145.41;1812211
20160115;141.91;145.26;141.34;145.01;1861007
20160119;145.84;147;144.24;146.5;2492170
20160120;144.6;147.41;140.74;145.84;3056914
20160121;146.29;147.92;143.91;146.79;2850168
20160122;147.68;152.36;147.43;148.58;3667151
20160125;149.09;151.18;148.43;149.06;1807869
20160126;149.59;151.5;148.28;148.94;1756639
20160127;148.14;148.89;143.04;144.52;1980084
20160128;145.18;145.41;140.05;143.23;2246482
20160129;143.63;145.66;142.64;144.58;1612620
20160201;143.14;144.27;142.57;143.7;1437390
20160202;142.83;144.08;141.62;144.01;1556399
20160203;145.02;146.29;142.2;145.68;1009116
20160204;145.42;147.58;142.25;144.11;1069591
20160205;142.76;145.32;142.28;143.88;1480281
20160208;142.27;142.46;135.87;137.82;1778204
20160209;136.91;140.37;136.32;138.77;1213158
20160210;138.91;139.65;136.82;137.46;1133115
20160211;136.6;137.26;133.23;135.07;1824342
20160212;135.07;138.92;133.81;138.6;1577469
20160216;139.29;141.71;138.51;141.21;1806926
20160217;141.41;146.16;141.41;145.17;2175093
20160218;134.95;136.82;128.66;130.4;7484077
20160219;129.16;130.2;125.68;129.34;4056556
20160222;127.62;128.61;122.62;124.08;3703562
20160223;123.96;126.61;123.7;124.85;2182568
20160224;123.78;127.31;123.61;126.26;1456002
20160225;126.66;129.26;125.36;129.15;1156850
20160226;129.9;130.71;128.2;129.23;1632618
20160229;128.71;129.58;126.16;126.25;1392049
20160301;127.07;127.14;124.72;126.21;1434554
20160302;126.19;126.31;123.85;125.81;1171995
20160303;125.91;126.79;125.08;126.42;1489157
20160304;126.3;128.48;125.02;126.61;1710350
20160307;125.81;129.42;125.8;129.08;1657581
20160308;128.92;130.94;128.6;129.06;1623590
20160309;129.88;131.52;129.39;131.41;1065515
20160310;132.16;134.33;131.28;133.88;1750349
20160311;134.08;136.44;133.93;136;1460717
20160314;136.8;140.65;136.21;140.14;2380833
20160315;139.34;139.55;132.66;134.37;2717039
20160316;134.34;135.27;132.39;133.07;1310362
20160317;133.81;133.86;128.22;131.21;1882968
20160318;131.88;132.2;127.28;128.46;3335219
20160321;127.86;131.82;127.68;131.27;1624778
20160322;130.9;133.93;130.51;132.92;1070032
20160323;133.25;133.71;129.97;130.23;1530613
20160324;129.32;130.83;128.62;130.31;1107739
20160328;130.15;130.3;125.65;127.51;1636284
20160329;127.32;129.68;126.07;129.59;1179158
20160330;130.37;131;129.53;129.62;992440
20160331;129.36;129.95;127.62;127.93;1358169
20160401;127.44;127.88;125.72;126.73;2125189
20160404;127;129.94;126.75;128.54;1401463
20160405;126.27;129.44;125.1;128.51;2490448
20160406;128.83;132.06;128.7;130.71;2388817
20160407;129.82;133.53;129.82;131.37;1914260
20160408;132.48;132.74;128.36;128.7;1321437
20160411;129.61;129.66;125.05;127.23;2189128
20160412;127.51;127.51;124.07;125.76;1777417
20160413;126.22;128.85;125.5;127.79;1353063
20160414;128.14;128.68;127.12;128.03;793847
20160415;128.06;128.18;126.45;127.99;914766
20160418;128.4;129.62;127.7;128.94;1672605
20160419;129.27;130.65;128.02;130.62;2301537
20160420;131.74;132.22;128.01;128.62;1755912
20160421;128.68;129.98;127.71;128.68;2038377
20160422;123.19;125.8;120.1;121.35;8646207
20160425;106;110.38;98.81;99.4;30032038
20160426;98.76;102.78;98.75;99.55;7850401
20160427;99.44;100.33;96.37;97.24;4251892
20160428;97;97.46;95.6;96.45;2897410
20160429;96.35;96.76;94.86;96.67;3354367
20160502;98.05;98.09;94.82;96.11;3191084
20160503;95.94;98.89;95.74;96.61;3583723
20160504;96;96.6;94.77;95.7;2192342
20160505;95.85;97.93;95.29;97.07;1850560
20160506;96.24;96.78;91.82;92.39;3458487
20160509;92.76;95.38;92.76;93.78;2118418
20160510;94.22;94.45;92.95;93.07;1339705
20160511;93;93.42;90.8;92.75;3546839
20160512;93.5;93.5;88.8;89.04;3426462
20160513;86.62;89.36;84.85;88.36;3932509
20160516;88.56;89.39;87.72;88.73;2221284
20160517;87.49;90.89;87.48;90.29;2680005
20160518;90.67;93.92;90.55;93.55;2857180
20160519;94.04;94.13;91.05;91.94;2034196
20160520;92.34;94.07;92.11;93.78;1346214
20160523;94.56;94.6;92.95;93.5;1910844
20160524;94.16;96.33;93.95;96.26;2297240
20160525;96.59;96.75;95.01;96.42;1796463
20160526;96.79;97.2;95.65;96.2;1281180
20160527;96.78;97.89;96.19;96.61;1279261
20160531;98;98.16;95.2;95.84;2201116
20160601;95.4;97.79;95.18;96.95;1589396
20160602;96.64;98.4;96.57;98.15;1355762
20160603;97.8;98;95.88;97.23;1248458
20160606;98.09;99.35;97.27;99.26;1302612
20160607;98.79;99.17;97.42;99.11;1491944
20160608;99.62;100.8;99.38;100.32;1752446
20160609;100.68;102.31;100.06;100.48;1407160
20160610;99.7;99.94;97.7;98.51;1427130
20160613;97.99;99.3;97.7;99.06;1651948
20160614;99.3;111;98.23;108.13;8357623
20160615;102.86;106.18;97.93;98.19;8783390
20160616;98.22;99.81;97.25;98.54;3006154
20160617;99.14;99.59;96.9;98.04;4093586
20160620;99;99.41;95.93;96.75;4870167
20160621;97.15;97.33;95.47;96.45;2642413
20160622;96.11;96.72;93.46;93.81;2173803
20160623;94.64;95.2;93.9;95.2;2419511
20160624;91.53;94.08;90.94;91.01;3016164
20160627;90.4;90.48;87.61;87.75;3233092
20160628;89.04;89.07;86.34;87.27;2412720
20160629;88.19;92.62;88.01;91.55;2918454
20160630;91.23;91.38;89.21;90.67;2018030
20160701;90.41;91.49;89.97;91.12;2068494
20160705;90.8;91.88;90.51;90.89;1993088
20160706;90.65;93.09;90.26;92.84;1663154
20160707;92.94;94.45;92.14;93.08;1522836
20160708;93.34;93.91;92.85;93.73;881914
20160711;94.32;94.47;93.27;93.67;1130650
20160712;93.71;95.34;93.64;94.98;1306800
20160713;95.9;97.23;95.01;95.49;1365282
20160714;96.32;96.58;93.39;93.63;1541609
20160715;94.11;97.29;93;94.7;4740905
20160718;95.01;95.06;92.33;92.47;1461387
20160719;92.3;93.35;92.26;93.05;1506542
20160720;93.89;95.21;93.68;94.85;1669711
20160721;95.08;95.65;91.2;91.52;1489427
20160722;92.66;93.35;91.42;92.46;2237730
20160725;92.61;93.19;92.08;92.52;1940731
20160726;92.5;92.5;90.2;90.78;2065695
20160727;91.54;91.69;90.58;91.34;1640754
20160728;90.89;91.39;90.48;91.08;1765987
20160729;91.26;91.79;90.1;91.39;1260207
20160801;91.7;91.71;90.65;91.1;1929343
20160802;91.16;91.87;90.83;91.61;1473436
20160803;91.1;94.45;90.8;94.25;1223992
20160804;94.22;94.6;92.19;92.24;1104339
20160805;92.34;93.15;91.68;93.15;719366
20160808;93.36;94.35;93.09;93.44;1175921
20160809;93.79;95.36;93.62;95.09;1924492
20160810;82.65;86.7;82.5;86;13728640
20160811;86.05;86.55;85.02;85.8;6003467
20160812;85.99;88.05;84.89;87.96;3571601
20160815;87.88;88.81;87.64;88.29;1894066
20160816;87.94;89.48;87.94;88.66;1565193
20160817;88.57;89.54;88.25;89.54;1466775
20160818;89.61;90.83;88.77;90.8;1506726
20160819;90.47;91.92;89.68;91.83;1771407
20160822;91.86;92.7;91.46;91.52;1295655
20160823;92.16;92.17;90.83;91.54;3327658
20160824;91.4;92.46;87.11;87.85;2987865
20160825;87.6;89.93;87.6;88.48;3212987
20160826;88.28;89.02;87.22;88.61;3146797
20160829;88.34;89.1;87.86;89.04;1328901
20160830;88.89;91.17;88.87;91.02;1641515
20160831;90.73;91.08;90.08;90.99;1303977
20160901;90.94;92.06;90.28;91.25;1711822
20160902;91.21;91.53;90.07;90.75;1650833
20160906;90.93;94.74;90.93;92.07;3023359
20160907;92.21;93.09;90.11;90.39;1948816
20160908;90.53;91.16;89.91;90.7;1306714
20160909;90.4;90.67;88.7;88.71;1269559
20160912;91.96;96.23;91.28;95.23;5304559
20160913;95.13;95.3;92.36;93.58;2039289
20160914;93.66;95.06;92.65;92.93;1519529
20160915;92.79;94.19;92.26;93.95;1518988
20160916;93.7;94.71;92.53;93.3;4258590
20160919;93.63;95.08;92.76;93.28;1228381
20160920;93.5;93.73;92.74;93.37;851334
20160921;92.86;93.96;92.25;93.69;1570379
20160922;94.06;97.54;94.06;97.12;1558352
20160923;96.97;99.14;96.85;97.4;1660871
20160926;96.65;96.76;95.21;95.73;1017915
20160927;95.34;97.2;94.85;96.77;2005101
20160928;96.24;97.7;96.1;97.28;1789248
20160929;97.63;98.15;92.51;93.24;1844553
20160930;93.62;94.23;91.64;92.33;2198492
20161003;92.34;93.89;91.26;93.78;2081473
20161004;94.11;95.06;93.29;94.07;2017632
20161005;94.69;97.17;94.46;96.73;1463497
20161006;95.99;96.2;94.45;94.84;1364942
20161007;94.83;94.95;90.4;90.95;2907127
20161010;91.9;92.97;91.36;92.73;1473868
20161011;92.29;92.71;88.38;89.23;2250959
20161012;89.44;89.52;87.47;88;2348041
20161013;87.55;88.68;87.12;87.9;1271355
20161014;88.25;88.25;85.75;86.39;1577420
20161017;86.7;87.05;85.74;86.43;790264
20161018;87.55;88.49;87;88.24;742084
20161019;88.09;88.73;87.85;88.18;805609
20161020;88.36;88.69;87.87;88.51;848925
20161021;88.08;92.64;87.45;90.31;2382669
20161024;90.42;91.08;90.07;90.61;1207542
20161025;90.17;90.75;89.56;90.17;1482779
20161026;89.94;91.45;89.72;90.71;1036001
20161027;90.9;91.9;90.65;91;1134559
20161028;90.6;90.75;86.1;87.06;2610580
20161031;86.53;86.78;82.93;83.19;3799904
20161101;83.15;85.1;82.92;84.7;1597204
20161102;84.33;85.5;82.6;82.91;1596941
20161103;83.49;84.93;79.72;79.95;5048660
20161104;80.09;83.16;80;82.39;1849660
20161107;84.18;84.48;83;83.96;1269526
20161108;82.53;83.55;79.96;80.6;2940062
20161109;87.48;87.68;80.9;83.51;4263151
20161110;84.4;90.22;83.78;89.11;4646565
20161111;89.19;90.19;87.94;89.27;1768603
20161114;88.76;91.95;88.55;91.55;1832571
20161115;90.77;90.77;86.62;89.1;2731204
20161116;88.34;88.43;86.17;86.39;1435868
20161117;86.55;88.67;85.72;88.39;1243509
20161118;88.14;89.07;87.86;88.14;989113
20161121;87.83;89.7;87.48;89.31;924566
20161122;88.92;89.49;86.85;87.84;1304076
20161123;86.77;89.66;86.37;89.33;800373
20161125;89.44;89.81;87.64;87.84;467754
20161128;87.31;88.43;86.1;88.19;1705356
20161129;88.8;88.81;85.73;85.79;1187396
20161130;86.05;87.12;85.5;86.34;957172
20161201;86.22;87.15;85.53;85.8;1334430
20161202;86.15;86.2;85.02;85.96;1387916
20161205;86.33;86.77;84.37;84.66;1398914
20161206;84.76;84.76;82.91;84.47;1356222
20161207;83.09;83.98;82.51;83.94;2009949
20161208;83.43;83.67;81.69;81.95;1827018
20161209;82.4;83.7;82.16;82.5;1613326
20161212;82.6;82.93;81.7;82.3;1811161
20161213;82.47;83.92;82.39;83.74;1888765
20161214;83.72;84.03;81.45;83.21;1278253
20161215;83.21;83.79;82.42;82.61;1371982
20161216;83.01;83.37;82.22;82.88;4827400
20161219;82.93;85.83;82.8;84.55;1469459
20161220;85.18;86.37;84.43;84.72;1135272
20161221;84.65;85.59;84.3;84.79;1368499
20161222;84.32;85.08;84.09;84.34;958660
20161223;84.31;85.07;84.07;84.98;1625728
20161227;84.7;86.29;84.61;85.18;1153936
20161228;85.15;85.18;82.72;82.84;1539209
20161229;82.77;83.29;82.01;82.31;1124296
20161230;82.62;83.74;82.43;83.23;914151
20170103;84.03;86.5;83.52;86.5;1622010
20170104;86.18;87.48;85.34;87.23;1633789
20170105;86.36;86.94;85.79;86.53;1165365
20170106;86.36;87.36;85.18;85.25;1150158
20170109;85.04;86.1;84.71;85.43;920191
20170110;85.48;85.64;83.57;83.65;1214427
20170111;83.01;83.04;76.08;77.88;6215734
20170112;77.34;79.02;77.15;78.18;2264276
20170113;78.4;79.34;77.75;77.8;1527759
20170117;77.32;77.32;75.25;76.55;1566909
20170118;76.94;77.11;74.9;76.46;1345766
20170119;75.76;77.51;75.2;76.47;2766466
20170120;76.5;77.28;74.77;75.06;2272134
20170123;73.51;74.93;72.68;73.48;3377290
20170124;73.51;73.65;71.84;71.92;1669490
20170125;72.25;73.21;71.96;72.8;1465051
20170126;72.83;73.14;72.05;72.39;1096281
20170127;72.98;74.21;72.5;73.9;1424211
20170130;73.65;74.47;73.26;74.4;1916128
20170131;73.63;76.2;72.34;76.15;1657463
20170201;75.89;76.89;75.35;76.77;1171006
20170202;75.41;79;75.3;78.42;2336550
20170203;78.91;79.05;77.46;77.99;1972203
20170206;77.22;78.19;76.75;78.08;1486576
20170207;79.29;79.45;76.88;77.76;2378274
20170208;77.54;78.4;77.38;77.93;2046860
20170209;78.42;79.48;77.64;79.44;1651546
20170210;79.31;79.96;78.75;79.4;1043119
20170213;80.18;80.34;79.41;80.16;869571
20170214;79.94;82.56;79.94;82.13;1498160
20170215;81.4;85.27;81.39;84.9;1860111
20170216;84.55;84.64;82.5;83.12;1438742
20170217;83.09;84.64;82.54;84.47;1282001
20170221;83.8;84.91;83.58;84.67;1843950
20170222;84.67;84.67;83.41;84.09;1435135
20170223;83.73;84.5;83.61;84.07;1395413
20170224;84.37;84.8;83.07;84.43;1284171
20170227;83.58;85.62;82.6;84.68;2360275
20170228;75.3;76.88;72.43;74.77;14396687
20170301;73.59;75.89;73.16;74.97;4266999
20170302;74.2;76;73.75;75.56;3123797
20170303;75.38;76.49;72.12;72.76;3693810
20170306;72.35;72.74;70.8;71.59;2443471
20170307;69.4;70.6;69;70.3;2983341
20170308;70.33;70.55;69.35;70.32;1748504
20170309;69.91;70.68;69.71;70.41;1496576
20170310;70.62;71.55;70.36;71.22;1265671
20170313;71.06;71.22;69.79;70.29;1364409
20170314;69.45;69.71;68.69;69.3;1470192
20170315;69.12;70.63;68.9;70.6;1506377
20170316;71;71.16;70.2;70.87;1192585
20170317;70.71;70.97;69.32;69.5;2932717
20170320;69.52;69.8;68.05;68.42;2233350
20170321;68.17;68.52;67.08;68.14;1828769
20170322;68.06;68.75;67.36;68.43;1155593
20170323;68.08;69.05;67.91;68.16;878396
20170324;68.26;68.59;67.8;67.96;1122597
20170327;66.86;69.47;66.86;69.18;1646355
20170328;68.87;69.05;68.14;68.91;1131135
20170329;68.57;69.67;68.49;69.09;1449001
20170330;68.88;68.93;66.78;66.93;1647336
20170331;67.03;67.58;66.29;66.39;1294898
20170403;66.04;67.07;65.74;66.81;1981813
20170404;66.6;66.78;65.47;66.67;1963942
20170405;66.54;68.06;66.18;66.61;2484954
20170406;66.6;68.04;66.54;67.6;1941206
20170407;67.27;69.13;66.9;68.76;1582636
20170410;69.2;70.99;68.94;69.77;2011703
20170411;69.87;69.97;68.57;69.01;1744462
20170412;68.85;68.85;67.17;68.05;1794272
20170413;67.79;67.98;67.34;67.65;980088
20170417;67.74;68.06;67.26;67.89;898051
20170418;67;67.03;65.79;66.14;2348592
20170419;66.26;67.11;66.2;66.43;1353656
20170420;66.71;67.36;66.04;66.76;1288137
20170421;66.7;66.89;65.87;66.43;966413
20170424;67.18;67.74;65.66;67.05;2124229
20170425;67.05;68.32;65.79;67.81;3278457
20170426;69.81;74.5;69.46;73.02;6057449
20170427;72.82;74.15;71.75;74.01;1986333
20170428;74.02;74.74;73.11;73.94;1385482
20170501;73.84;74.52;73.73;74.05;1293184
20170502;74.02;76.33;73.71;76.23;2019353
20170503;72.75;72.93;70.32;72.35;3779392
20170504;72.45;74.47;72.27;73.12;1689040
20170505;73.53;73.53;72.4;73.41;852582
20170508;73.19;73.77;72.88;73.07;1185615
20170509;74.09;74.99;72.88;74.73;1353121
20170510;74.59;74.99;73.23;74.54;1119280
20170511;74.74;76.28;73.95;75.37;1821159
20170512;75.24;75.52;74.02;74.97;1288742
20170515;74.92;75.56;74.6;75.05;979120
20170516;75.75;75.75;74.1;74.55;946742
20170517;73.8;74.16;72.89;73.07;1455440
20170518;73.04;73.04;70.46;70.5;1788334
20170519;70.69;71.92;69.23;70.79;2190924
20170522;70.8;71.79;70.33;71.36;1198096
20170523;70.06;73.35;69.96;73.07;2812278
20170524;72.59;72.76;71.19;71.93;2394064
20170525;71.92;72.39;71.47;71.85;1181856
20170526;71.92;71.92;69.84;69.95;1724938
20170530;69.65;69.71;66.71;67.92;3187926
20170531;68.72;73.35;68.27;72.85;5014407
20170601;72.33;76.64;72.21;74.73;3363541
20170602;74.74;75.24;73.16;73.44;1348125
20170605;70.37;71.88;68.61;71.78;3785840
20170606;71.08;71.41;70;70.34;2346507
20170607;69.99;70.8;69.89;70.53;1476789
20170608;70.87;71.84;70.54;71.22;1670973
20170609;71.11;71.91;70.14;71.52;1199246
20170612;71.38;73.14;71.37;71.64;2211868
20170613;71.69;71.82;70.48;71.7;1122109
20170614;71.8;73.15;71.77;72.32;1161158
20170615;72.05;74.05;71.9;72.82;1497487
20170616;73.31;74.47;72.16;73.02;1765723
20170619;73.7;73.81;72.94;73.14;1082048
20170620;73.19;74;72.29;72.36;1216390
20170621;72.98;74.5;72.82;73.33;1585678
20170622;73.29;75.5;73.19;74.65;1256473
20170623;74.72;75.41;74.05;75.28;1502678
20170626;75.71;77.74;75.58;75.86;1887632
20170627;75.89;76;74.68;74.7;1579425
20170628;75.8;77.09;75.7;76.5;1522320
20170629;76.85;77.26;75.33;75.92;1491297
20170630;76.2;76.38;74.99;75.52;1188299
20170703;75.89;76.29;75.41;75.75;415705
20170705;75.72;75.72;74.24;74.7;831062
20170706;74.2;74.27;72.2;72.32;1528438
20170707;72.68;72.86;71.09;72.46;1329600
20170710;72.14;72.45;71.67;72.01;1028743
20170711;71.93;72.85;71.72;72.47;918124
20170712;72.95;73.57;72.74;73.28;464359
20170713;73.95;74.29;73.21;73.95;613744
20170714;74.07;74.12;73.57;73.88;529033
20170717;74.37;74.85;73.66;73.87;854952
20170718;73.89;73.94;71.85;72.9;1446197
20170719;73.13;73.16;72.04;72.65;1180578
20170720;73.11;75.64;72.94;75.51;1486309
20170721;75.54;76.28;75.21;76.21;980093
20170724;76.02;76.7;75.65;76.35;777745
20170725;76.53;77.01;75.94;76.28;542779
20170726;76.27;76.32;75.51;76.24;595194
20170727;76.16;76.18;73.33;73.91;1364649
20170728;74;74.7;73.89;74.47;812899
20170731;75.08;76.05;74.72;74.92;838703
20170801;74.99;75.02;73.37;74.2;1224366
20170802;74.57;74.57;71.96;72.13;1576526
20170803;70;70.5;68.25;68.31;2874356
20170804;68.31;68.44;66.51;67.43;1666370
20170807;67.25;68.19;66.91;67.51;1967630
20170808;67.19;67.81;66.24;66.57;1834288
20170809;64.49;66.41;63.68;66.37;4830530
20170810;75.49;80;74.64;76.84;10424741
20170811;77.69;79.54;76.69;78.49;3098187
20170814;79.35;79.6;77.28;77.3;1408559
20170815;77.08;77.95;76.7;77.77;1259842
20170816;78.18;79.26;77.88;79.18;1409970
20170817;79.24;79.53;77.64;77.69;1117519
20170818;77.59;78.76;77.24;77.27;1446753
20170821;77.19;78.16;76.7;77.58;1111307
20170822;77.7;79.26;77.7;78.6;890719
20170823;78.16;78.3;77.16;77.42;928791
20170824;77.32;78.31;77.3;77.5;1141900
20170825;77.82;78.23;77.37;77.42;1060784
20170828;77.64;78.5;77.63;78.37;1620259
20170829;77.48;77.97;77.11;77.65;1262593
20170830;77.31;77.7;76.1;77.52;1494459
20170831;77.41;79.21;77.41;78.96;1293995
20170901;79;79.35;77.9;78.91;769128
20170905;78.04;78.5;77.45;78.06;1202139
20170906;78.22;79;77.89;78.33;1162301
20170907;78.52;83.18;78.51;82.19;3830512
20170908;82.11;83.79;81.51;82.79;1828531
20170911;83.7;85.21;83.35;85.07;1932496
20170912;84.68;89.74;84.67;89.01;4135870
20170913;88.43;89.87;87.86;89.01;1549752
20170914;88.76;89.39;88.33;88.87;1004252
20170915;88.63;88.83;86.48;86.9;3571502
20170918;88.29;88.29;86.17;86.62;1154083
20170919;86.89;86.89;85;85.3;1136142
20170920;85.35;86.17;84.42;85.48;1191555
20170921;85.4;85.87;84.42;85.04;964477
20170922;85.28;85.78;84.55;84.93;653667
20170925;84.45;85.86;84.39;84.99;991063
20170926;85.07;85.48;84.34;84.79;1077411
20170927;84.67;85.36;84.19;85.14;769222
20170928;84.84;84.99;82.7;83.2;1181532
20170929;83.17;85.3;83;84.65;1437345
20171002;84.38;86.24;83.78;86.24;944793
20171003;86.69;86.81;85.39;86.25;948976
20171004;86.34;87.74;86.34;86.69;829487
20171005;87.41;87.78;86.59;87.23;1692248
20171006;87.22;87.36;86.45;86.82;932023
20171009;86.83;87.24;86.24;87.01;731561
20171010;87;88.11;86.51;88.05;1121654
20171011;87.98;88.47;86.8;87.31;1060742
20171012;87.39;88.1;86.86;87.66;1307495
20171013;87.49;87.97;86.45;87.78;828036
20171016;87.71;88.46;86.8;87.04;1114557
20171017;87;88.94;86.06;88.58;1126411
20171018;88.55;89.19;87.79;88.55;977945
20171019;87.99;88.36;86.63;87.53;1361777
20171020;87.98;87.98;87.23;87.44;918877
20171023;87.7;87.8;86.24;86.32;1101525
20171024;85.86;86.62;84.9;86.06;1239641
20171025;86.18;86.38;84.39;85;1270896
20171026;85.41;85.76;83.1;83.54;1103253
20171027;83.72;83.93;82.62;83.15;1132472
20171030;83.66;84.63;83.19;83.7;1082480
20171031;83.37;83.72;80.08;80.99;2432311
20171101;81.58;83.88;81.27;82.55;1292997
20171102;81.47;83.34;80.73;81.27;1103615
20171103;80.86;82.64;80.7;82.36;1060866
20171106;83.69;84.09;82.51;83.43;1158020
20171107;83.3;83.31;80.35;80.7;971166
20171108;80.13;82.02;79.7;81.2;2184515
20171109;91.06;91.73;87.68;87.99;6938279
20171110;89;89;86.79;87.7;1406417
20171113;87.51;88.35;86.45;86.8;1744400
20171114;86.72;86.82;85.55;86;1930550
20171115;85.8;86.51;84.63;85.8;1022999
20171116;86.06;87.76;85.99;87;1329959
20171117;86.51;86.78;85.8;85.89;1188585
20171120;85.73;85.76;84.65;85.2;968575
20171121;85.6;87.53;85.4;86.75;703615
20171122;86.5;86.91;86.24;86.7;481956
20171124;87.13;87.41;85.89;86.57;224113
20171127;86.93;87.23;85.42;86.06;859354
20171128;86.66;87.43;85.63;87.03;737388
20171129;87.1;88.31;87.1;87.72;680564
20171130;88.58;88.71;86.9;87.21;1035567
20171201;87.39;88.4;86.18;87;834515
20171204;87.94;88.13;86.24;86.3;870574
20171205;86.49;86.64;83.36;83.58;1341482
20171206;83.54;83.7;81.68;82.38;999677
20171207;82.54;83.16;81.28;82.87;847054
20171208;84.7;85.74;83.79;85.6;963615
20171211;85.32;86.72;85.21;85.59;1868127
20171212;85.48;87.56;85.42;85.92;1400364
20171213;86.19;86.62;85.4;86.02;1106478
20171214;85.59;86.43;82.13;84.04;2198333
20171215;85.12;86.58;84.13;86.5;2098862
20171218;86.65;86.93;85.79;86.38;1428738
20171219;85.56;86.29;85.3;85.89;935634
20171220;87.08;87.21;86.01;86.53;1002570
20171221;86.87;87.66;86.33;87.18;609077
20171222;87.01;87.41;86.6;87.01;415346
20171226;87.62;88.97;87.51;87.93;746926
20171227;88.53;89.37;87.98;88.51;606745
20171228;88.52;88.7;87.14;87.27;651990
20171229;87.57;87.79;87.04;87.16;442315
20180102;87.75;90.82;87.65;89.69;798163
20180103;89.59;89.93;88.86;89.44;868112
20180104;91.58;92.04;89.59;91.08;1597955
20180105;91.41;91.72;89.78;91.18;662790
20180108;91.39;91.39;87.73;90.13;1655186
20180109;90.66;91.12;90.02;90.84;1056960
20180110;90.43;90.88;89.23;90.08;884926
20180111;90.17;92.16;90.03;91.99;981054
20180112;92.19;92.75;91.09;91.8;559679
20180116;91.19;92.58;90.38;90.86;848824
20180117;90.72;92.36;90.5;91.6;894204
20180118;91.34;91.74;89.37;91.69;1036762
20180119;92;92.23;90.66;91.88;1239265
20180122;91.66;93.47;91.53;93.44;765096
20180123;92.6;94.17;92.38;93.99;919086
20180124;94.05;94.81;92.7;93.61;723769
20180125;94.26;94.69;93.72;94.59;692380
20180126;95.06;95.93;94.29;95.15;989263
20180129;93.66;95.04;92.36;92.36;1287825
20180130;90.71;90.99;89.64;90.16;889381
20180131;90.27;90.97;89.49;90.62;1203185
20180201;90.63;92.3;90.63;90.96;793160
20180202;90.72;91.06;89.88;90.4;859882
20180205;90.22;90.66;86.84;86.89;1215950
20180206;86.34;88.58;85.84;88.04;1154939
20180207;87.2;88.43;86.98;87.52;744747
20180208;87.14;87.95;84.44;84.44;1103170
20180209;85.09;86.26;82.79;85.31;1059843
20180212;85.95;86.15;84.42;85.3;1001717
20180213;84.76;86.69;84.09;85.81;875483
20180214;85.19;87.34;84.99;86.66;743162
20180215;87.32;89.69;86.7;89.65;800261
20180216;89.27;90.72;89.2;89.55;781759
20180220;88.73;89.13;86.86;87.04;1323330
20180221;87.04;88.8;86.85;87.1;626325
20180222;87.1;88.72;86.84;87.07;705858
20180223;87.5;88.42;87.02;88.25;739650
20180226;88.44;89.5;87.56;88.3;1133321
20180227;85;85.53;81.71;82;2486373
20180228;83.08;83.45;81.37;81.46;1788499
20180301;80.98;81.49;78.5;79.57;2178358
20180302;80.5;84.53;79.21;82.99;2456575
20180305;82.65;83.33;80.8;82.81;1379601
20180306;82.58;82.92;81.64;82.42;688867
20180307;81.73;83.32;81.42;82.86;623803
20180308;83.6;85.22;83.31;85.06;901570
20180309;85.73;85.73;83.92;84.95;1275893
20180312;84.59;86.42;84.42;86.14;994702
20180313;86.5;87.69;86.08;86.51;789824
20180314;86.72;86.84;85.04;85.78;857987
20180315;85.97;86.33;84.04;84.45;936241
20180316;84.59;85.39;84.01;84.23;1440167
20180319;83.84;84.18;81.46;82.2;1045316
20180320;82.23;82.23;80.44;80.76;1143086
20180321;80.5;82.92;80.5;82.34;758420
20180322;81.45;82.86;81.32;81.55;939289
20180323;81.79;82.3;80.23;80.37;815308
20180326;80.66;82;79.57;81.9;916143
20180327;81.97;83.3;81.34;81.93;1032584
20180328;82.45;84.3;82.45;82.6;988026
20180329;82.62;83.72;82.28;83.34;711719
20180402;82.95;83.22;80.34;81.05;1207439
20180403;81.5;82.93;80.89;82.82;1020438
20180404;81.49;83.58;81.31;83.39;742867
20180405;83.89;84.94;83.05;83.72;975257
20180406;83.4;84.15;81.19;81.99;1150414
20180409;82.45;83.91;82.27;82.89;747809
20180410;83.64;84.85;83.17;84;786308
20180411;82.63;83.37;81.45;81.94;1855807
20180412;82.25;82.62;80.74;80.86;1162644
20180413;81.05;81.32;80.25;80.77;922980
20180416;81.16;81.66;80.87;81.47;1006074
20180417;82.11;82.63;81.83;82.48;464403
20180418;82.52;83.26;81.78;82.77;637322
20180419;82.48;82.95;81.68;82.73;819328
20180420;82.51;82.81;80.92;81.54;652268
20180423;82;82.34;81.53;81.91;526190
20180424;81.79;82.85;80.21;80.49;894247
20180425;80.28;80.53;77.56;77.82;1544358
20180426;78.45;79.07;77.88;78.6;1379168
20180427;78.5;79.86;78.5;79.4;1220985
20180430;79.16;79.67;78.07;78.14;833958
20180501;77.84;78.54;77.55;78.07;967560
20180502;77.82;78.13;76.23;76.32;1097224
20180503;76.49;76.68;74.68;75.25;1940094
20180504;75.06;76.46;74.51;76.26;2310078
20180507;76.28;77.66;76.28;77.24;1521662
20180508;78.4;79.56;73.67;74.5;2601763
20180509;74.54;74.67;72.62;73.45;1609242
20180510;73.22;76.12;73.18;75.54;1701803
20180511;75.6;78.03;75.43;77.52;1625275
20180514;72.6;75.37;71.37;74.94;3174320
20180515;74.37;75.7;73.9;75.55;1407672
20180516;75.85;76.29;75.4;75.68;743492
20180517;75.69;76.37;75.46;75.86;693285
20180518;76.6;76.61;75.58;76.21;805352
20180521;77.07;77.1;75.44;75.69;860466
20180522;75.78;76.55;75.66;75.97;734126
20180523;75.46;76.25;74.97;75.16;990334
20180524;75.5;75.7;74.63;75.11;1033595
20180525;74.88;75.48;74.77;75.24;1170674
