20100104;47.19;47.43;47;47.17;780520
20100105;47.67;47.85;47.41;47.84;846008
20100106;47.95;48.49;47.75;48.13;810004
20100107;48.07;48.07;47.11;47.34;975782
20100108;47.33;47.47;47;47.39;675384
20100111;47.54;48.25;47.52;47.64;1192423
20100112;47.52;48.15;47.49;48.1;1159738
20100113;48.21;49.01;48.11;48.96;926725
20100114;49.01;49.49;48.7;48.99;781298
20100115;49.03;49.03;48;48.35;784987
20100119;48.42;49.38;48.25;49.31;753136
20100120;49.35;49.89;48.75;48.86;854966
20100121;48.99;49.2;47.93;47.99;1180193
20100122;47.95;49.48;47.78;48.5;2023171
20100125;48.77;48.83;48.12;48.51;1880903
20100126;48.54;50.05;48.28;49.78;1724943
20100127;49.81;49.81;48.45;48.97;1708763
20100128;50.44;50.44;49.11;49.77;1563862
20100129;49.79;50.74;49.57;50.29;1596444
20100201;50.86;50.86;49.44;50.12;1403361
20100202;50.28;50.7;49.56;50.6;901415
20100203;50.5;50.55;49.8;49.88;859249
20100204;49.4;49.44;48.33;48.41;1286327
20100205;48.3;48.31;46.96;47.77;1713456
20100208;47.77;47.89;47.12;47.5;1288621
20100209;47.78;48.43;47.55;47.88;969830
20100210;47.8;47.83;47.05;47.33;715276
20100211;47.28;47.86;47;47.65;616339
20100212;47.52;47.77;47.01;47.58;552311
20100216;47.6;48.12;47.55;48.01;1030776
20100217;48.03;48.74;48.02;48.67;573923
20100218;48.69;49;48.5;48.68;731615
20100219;48.58;48.69;48.1;48.36;1001558
20100222;48.54;49;48.36;48.73;951974
20100223;48.6;48.96;48.3;48.34;1011166
20100224;48.6;48.94;48.41;48.84;689915
20100225;48.46;48.8;48.2;48.63;1167343
20100226;48.76;49.47;48.71;48.97;1609092
20100301;49.06;50.47;49;50.28;1072700
20100302;50.26;50.85;50.26;50.61;799385
20100303;50.63;50.79;50.32;50.38;958044
20100304;50.51;50.68;50.28;50.48;1035046
20100305;50.7;52.38;50.64;52.38;1541854
20100308;52.53;52.6;52.3;52.47;889249
20100309;52.36;53.27;52.33;52.97;1328923
20100310;52.9;53.55;52.83;53.35;913735
20100311;53.32;53.32;52.53;52.79;858971
20100312;52.96;52.96;52.46;52.84;958410
20100315;52.84;53.32;52.75;53.25;451601
20100316;53.22;53.31;52.7;52.79;876895
20100317;52.98;53.37;52.74;53.32;600826
20100318;53.34;53.86;53.25;53.8;589254
20100319;53.94;54;53.12;53.3;714273
20100322;53.08;54.39;53.08;53.93;860926
20100323;54.08;54.89;53.99;54.8;1237011
20100324;54.77;54.88;54.49;54.75;839072
20100325;54.9;56.32;54.9;55.81;1861818
20100326;56.04;56.04;55.17;55.65;1224646
20100329;55.65;56.25;55.55;56.15;659832
20100330;56.26;56.26;55.48;55.66;1022500
20100331;55.6;55.63;55.15;55.33;797608
20100401;55.47;56.38;55.45;56.38;1014711
20100405;56.55;56.77;55.78;56;1309354
20100406;55.83;55.91;55.45;55.81;603324
20100407;55.6;55.61;54.91;55.28;616770
20100408;55.28;55.37;54.67;54.87;662425
20100409;54.99;55.66;54.83;55.37;1053780
20100412;55.46;55.48;55.17;55.26;661721
20100413;55.5;55.63;55.08;55.56;1049950
20100414;55.7;55.7;54.98;55.36;1297984
20100415;55.28;57.47;55.18;57.46;1499477
20100416;57.41;57.7;56.31;56.41;1032914
20100419;56.34;56.6;55.92;56.16;933814
20100420;56.45;56.93;56.33;56.74;583268
20100421;56.8;56.87;55.47;55.66;1070045
20100422;55.17;55.43;54.7;55.33;1064200
20100423;55.05;55.5;54.79;55.44;720030
20100426;55.6;55.72;54.73;54.96;840236
20100427;54.59;55.21;54.4;54.72;1200595
20100428;54.99;56.03;54.88;55.82;1231802
20100429;55.65;56.45;55;55.95;1483871
20100430;56.13;56.75;55.91;56.38;1251950
20100503;56.69;57.33;56.07;57.27;1157569
20100504;56.91;56.91;56;56.24;1222028
20100505;55.66;56.3;55.52;55.87;967795
20100506;55.83;55.87;52.9;52.9;3289306
20100507;53.22;53.22;50.05;50.93;3596888
20100510;53.11;53.49;52.46;53.2;1748637
20100511;53.04;53.78;52.55;53.49;1259135
20100512;53.7;54.5;53.68;54.39;813521
20100513;54.44;54.55;53.98;54.03;715922
20100514;53.63;53.77;52.28;52.83;1292642
20100517;52.83;53.42;52.33;53.32;981109
20100518;53.7;54.07;52.91;53.01;1307363
20100519;52.69;52.72;51.51;52.36;1627742
20100520;51.51;51.51;49.35;49.35;2729270
20100521;48.18;49.3;47.84;48.52;3573605
20100524;48.3;49.59;48.13;48.93;1614656
20100525;47.92;49.09;47.25;49.07;2189098
20100526;49.41;50.26;48.75;48.81;1780395
20100527;49.59;50.48;49.56;50.47;987133
20100528;50.45;50.75;49.94;50.09;920286
20100601;49.56;50.88;49.56;49.76;1659861
20100602;50.18;51.12;49.27;51.11;1430124
20100603;51.26;52.19;51.22;51.85;1203044
20100604;50.99;51.09;49.3;49.5;1679103
20100607;49.62;49.76;48.73;48.8;1487049
20100608;48.95;49.05;48.1;48.68;1906400
20100609;48.96;50.08;48.74;48.87;1616107
20100610;49.54;50.59;49.43;50.54;1314467
20100611;49.85;50.92;49.85;50.47;1233799
20100614;50.69;51.25;50.28;50.31;1765855
20100615;50.72;51.84;50.72;51.81;1084892
20100616;51.34;52.62;51.25;52.49;1212601
20100617;52.39;52.79;51.66;52.63;1380118
20100618;52.45;53.8;52.45;53.38;1860034
20100621;53.64;54.76;53.64;54.13;2035383
20100622;54.27;54.96;53.1;53.22;1557900
20100623;53.33;53.38;52.04;52.91;1415563
20100624;52.61;52.94;51.75;51.94;1115672
20100625;52.08;52.99;51.84;52.67;1119249
20100628;53.3;53.59;52.42;53.28;951187
20100629;52.78;53.07;51.44;52.25;1862036
20100630;52.24;53.27;51.78;52.28;1228172
20100701;52.34;52.34;50.2;51.77;1711941
20100702;51.85;52.24;51.23;51.53;907809
20100706;51.9;52.61;50.83;52.38;1549088
20100707;52.34;53.59;51.92;53.54;1049428
20100708;53.99;53.99;52.78;53.36;1214835
20100709;53.24;53.76;53.14;53.38;678715
20100712;53.19;53.58;53;53.38;451572
20100713;53.79;54.84;53.79;54.68;924612
20100714;54.54;55.11;54.19;54.71;969729
20100715;54.62;54.67;54.12;54.54;904312
20100716;54.28;54.38;53.48;53.51;965918
20100719;53.75;54.12;53.46;53.9;598352
20100720;53.23;54.54;52.83;54.53;897771
20100721;54.67;54.67;53;53.16;704398
20100722;53.92;55.11;53.91;54.87;1101749
20100723;54.67;55.9;54.57;55.8;958818
20100726;55.9;56.96;55.77;56.25;963353
20100727;56.37;56.93;55.49;55.53;1215126
20100728;55.36;55.65;54.41;54.63;1691545
20100729;56.04;57.42;54.14;54.79;2348190
20100730;54.3;55.59;53.7;55.2;716232
20100802;55.89;56.15;54.72;55.09;1479801
20100803;55;56.07;55;55.98;1763670
20100804;56.15;57;55.72;56.97;1507683
20100805;56.66;56.66;55.91;56.21;830959
20100806;55.75;56.07;54.8;55.8;800705
20100809;56.12;56.42;55.9;56.4;803131
20100810;56;57.14;55.8;56.59;1726084
20100811;55.44;55.93;55.14;55.39;1178853
20100812;54.48;55.82;54.32;55.56;1356453
20100813;55.2;55.86;55;55.33;1184555
20100816;54.9;54.98;54.33;54.66;1071312
20100817;55.19;56.51;55.02;56.45;1539686
20100818;56.33;56.52;55.76;55.81;954410
20100819;55.51;55.51;54.3;54.75;748922
20100820;54.38;54.65;53.47;54.22;748201
20100823;54.42;55.24;53.82;53.91;792856
20100824;53.24;53.35;51.96;52.08;1245919
20100825;51.67;53.15;51.01;52.83;1339870
20100826;52.91;53.49;52.85;53.06;1091454
20100827;53.3;54.21;52.58;54.2;982959
20100830;54.11;54.2;53.28;53.28;723078
20100831;52.84;53.72;52.37;53.24;1021770
20100901;53.91;54.82;53.81;54.63;906701
20100902;54.66;55.54;54.66;55.45;674245
20100903;55.95;56.51;55.68;56.18;984492
20100907;55.88;56.24;55.66;56.08;1003710
20100908;56.08;57;55.96;56.31;1214965
20100909;56.91;57.57;56.83;57.08;831223
20100910;57.1;58.35;57.06;58.35;890466
20100913;58.67;59.49;58.52;58.9;1649061
20100914;58.51;59.45;58.51;58.86;579985
20100915;58.44;59.93;58.21;59.93;853038
20100916;59.72;59.77;58.83;59.04;1217856
20100917;59.42;59.89;58.93;59.19;1059889
20100920;59.43;59.93;59.21;59.82;732408
20100921;59.77;60.5;59.77;60.3;1356153
20100922;60.24;60.55;59.9;59.92;758225
20100923;59.53;60.29;59.22;59.6;905616
20100924;60;60.81;59.83;60.8;1159611
20100927;59.82;60.44;58.83;60;2305249
20100928;60.4;60.49;59.38;60.38;1024227
20100929;60.4;60.98;60.13;60.59;756459
20100930;60.8;61.38;60.4;60.5;1069019
20101001;60.82;61.14;60.23;60.68;644899
20101004;60.52;61.01;60.05;60.57;613130
20101005;61.31;62;61.08;61.78;703294
20101006;61.69;61.99;61.63;61.8;423080
20101007;61.66;61.98;61.37;61.93;1374525
20101008;61.93;62.42;61.42;61.58;1226894
20101011;61.72;61.86;61.14;61.46;876773
20101012;61.18;61.78;60.96;61.68;797432
20101013;61.88;62.23;61.49;61.98;877546
20101014;61.95;62.31;61.75;61.91;848956
20101015;61.93;62.6;61.77;62.12;783957
20101018;62.12;62.36;61.75;62.25;777330
20101019;61.46;61.77;60.35;61.4;1189885
20101020;60.52;62;59.52;61.33;1657697
20101021;61.45;61.8;60.86;61.39;1098917
20101022;61.42;61.54;60.67;61.03;956817
20101025;61.3;62;61.12;61.15;837427
20101026;61.03;61.83;60.5;61.17;1538481
20101027;60.74;61.33;60.38;61.07;806938
20101028;61.48;61.95;60.59;60.71;1158773
20101029;60.78;63.75;60.25;63.22;2641989
20101101;63.37;63.37;62.1;62.69;1153203
20101102;62.91;62.91;62.23;62.56;1024710
20101103;62.46;63.2;62.46;63.2;1275764
20101104;63.78;64.64;63.25;64.41;1047469
20101105;64.39;65;64.29;65;877143
20101108;64.57;64.8;64.39;64.8;599446
20101109;64.86;64.9;64.49;64.8;623694
20101110;64.69;64.83;64.02;64.83;694595
20101111;64.38;64.78;64.2;64.66;649692
20101112;64.28;64.32;63.76;64.01;382683
20101115;63.74;64.6;63.47;64.09;416204
20101116;63.53;63.83;63;63.25;643981
20101117;63.23;63.61;62.88;63.51;661943
20101118;63.95;64.68;63.69;64.5;781432
20101119;64.5;65.01;64.38;65;771811
20101122;64.95;65.57;64.26;65.04;637892
20101123;64.63;64.65;64.01;64.46;622321
20101124;64.76;65.88;64.74;65.63;563415
20101126;65.61;65.87;65.39;65.52;311578
20101129;65.08;65.92;65;65.73;793772
20101130;65.01;66.14;64.83;65.83;1097115
20101201;66.51;67.91;66.36;67.72;993312
20101202;67.57;68.87;67.48;68.6;894058
20101203;68.35;69.45;68.24;69.23;1173020
20101206;69.1;69.39;68.66;68.87;1520972
20101207;69.21;69.25;67.55;67.63;1650136
20101208;66.62;67.55;66.4;67.37;1216527
20101209;68.41;69.61;66.38;67.22;1515202
20101210;67.51;67.9;67.38;67.73;638173
20101213;67.93;68.45;67.57;67.62;847234
20101214;67.61;68.98;67.61;68.37;748938
20101215;67.9;68.45;67.9;68.34;873206
20101216;68.33;69.89;68.07;69.73;1249401
20101217;69.52;70.47;69.52;70.37;1623398
20101220;70.5;70.84;70.15;70.45;825103
20101221;70.77;70.97;70.14;70.16;850458
20101222;70.34;70.77;70.17;70.6;574916
20101223;70.64;70.92;70.33;70.69;676006
20101227;70.66;70.66;70;70.64;739948
20101228;70.66;70.77;70.25;70.56;495534
20101229;70.58;70.69;69.33;69.59;949140
20101230;70.26;70.26;69.47;70.03;578731
20101231;69.85;69.96;69.28;69.28;741183
20110103;69.79;70.35;69.6;69.79;1169409
20110104;69.8;69.9;69.11;69.46;1318763
20110105;69.14;69.78;69;69.59;663352
20110106;69.45;69.57;68.83;69;579931
20110107;68.83;69.26;68.04;68.56;817456
20110110;67.99;68.76;67.42;68.67;658301
20110111;68.83;69.53;68.78;69.46;633268
20110112;69.67;69.83;69.08;69.58;630302
20110113;69.55;70;69.49;69.98;727719
20110114;69.88;70.48;69.68;70.47;670136
20110118;70.35;71.84;70.35;71.73;1081624
20110119;71.78;71.96;70.49;70.84;556978
20110120;70.56;71.06;69.87;70.6;622795
20110121;71.06;72.13;70.91;71.41;925596
20110124;71.35;71.68;70.78;71.35;589951
20110125;71.11;71.48;70.57;71.31;529953
20110126;71.57;72.19;71.16;71.96;765842
20110127;68.68;70.93;67.76;68.7;2850853
20110128;68.61;70.34;68.31;68.67;1749312
20110131;68.68;69.04;67.37;67.57;1365135
20110201;67.9;68.06;66.27;66.9;2644703
20110202;66.33;67.54;66.33;67.2;1282923
20110203;67.07;68.31;66.8;67.98;943199
20110204;68.1;68.1;67.39;67.4;869305
20110207;67.54;67.99;67.16;67.81;1382967
20110208;67.69;68.53;67.61;68.36;739162
20110209;68.16;68.87;68.02;68.46;540406
20110210;68.22;69.28;68.12;69.08;571804
20110211;68.81;69.36;68.35;69.11;587474
20110214;69.3;71.47;69.3;71.36;980430
20110215;71.27;71.75;70.7;70.75;979574
20110216;70.85;71.33;70.56;70.91;735791
20110217;70.62;70.92;70.22;70.57;472492
20110218;70.59;70.72;69.8;70;1270611
20110222;68.39;69.24;66.49;68.45;1510088
20110223;68.28;68.44;66.96;67.09;953863
20110224;67.26;68.76;67.01;67.88;862291
20110225;67.89;69.05;67.89;68.66;631452
20110228;69.02;69.63;68.75;69.28;1078115
20110301;69.74;70.52;68.95;69.08;967487
20110302;68.84;69.21;68.51;68.72;886392
20110303;69.1;71.61;69.1;71.46;1410302
20110304;71.16;71.32;70;70.5;782133
20110307;70.79;71.13;69.35;69.78;935408
20110308;69.85;70.3;69.35;69.69;1037017
20110309;69.5;69.85;67.95;68.45;1966493
20110310;68.02;68.29;67.21;67.55;788584
20110311;67.36;68.16;66.42;67.32;861148
20110314;66.57;67.31;65.88;66.52;1138344
20110315;65.15;66;64.82;65.54;1285322
20110316;65.19;66.01;64.13;64.6;1100491
20110317;65.5;65.8;65.1;65.34;1023473
20110318;65.81;66.25;65.48;65.77;932784
20110321;65.89;66.71;65.89;66.33;704812
20110322;66.43;66.5;65.79;66.27;730120
20110323;66.06;66.37;65.24;66.17;786730
20110324;66.39;66.59;65.97;66.45;639097
20110325;66.55;67.05;66.31;66.52;742429
20110328;66.58;67.21;66.58;66.96;482519
20110329;66.82;67.41;66.61;67.35;525530
20110330;67.61;67.76;67.11;67.18;871338
20110331;67.16;67.88;67.15;67.64;965856
20110401;68.41;68.89;68.05;68.68;757601
20110404;68.7;68.94;68.32;68.64;477531
20110405;68.38;69.14;68.38;69.07;917670
20110406;69.39;69.64;68.55;68.85;970479
20110407;68.64;69.27;68.46;68.78;585784
20110408;69.06;69.07;68.41;68.77;826571
20110411;68.84;69.09;68.6;68.8;470814
20110412;68.6;69.47;68.52;69.33;958684
20110413;69.49;69.52;68.91;69.04;966308
20110414;68.84;69.32;68.63;69.19;510994
20110415;69.4;69.99;69.24;69.75;611808
20110418;69.12;69.43;68.72;69.16;667666
20110419;69.32;69.74;69.07;69.64;451876
20110420;70.24;71.19;69.94;70.55;837000
20110421;70.86;71.19;69.65;70.34;670914
20110425;70.2;70.22;69.14;69.22;1125979
20110426;69.67;70.35;69.54;70.26;990804
20110427;70.34;71.55;70.24;71.43;1221677
20110428;70.69;71.85;69.58;70.46;1437210
20110429;70.55;70.55;69.73;70.2;1014728
20110502;70.35;70.95;70.11;70.47;991463
20110503;70.12;70.46;69.84;70.31;702573
20110504;70.35;70.4;69.5;69.66;1005769
20110505;69.44;70;69.2;69.51;1091170
20110506;70;71.06;69.95;70.24;809619
20110509;70.15;70.83;69.86;70.45;653283
20110510;70.55;71.32;70.18;71.16;1236047
20110511;71.23;71.33;69.98;70.18;1182465
20110512;70.12;70.17;69.09;69.91;949003
20110513;69.97;70.29;68.86;69.09;1085627
20110516;69.01;69.09;68.63;68.81;830800
20110517;68.47;68.52;67.95;68.42;768973
20110518;68.5;68.89;68.13;68.71;1211227
20110519;69;69.18;68.33;69.14;715083
20110520;69.19;69.25;68.44;68.92;1474377
20110523;68.22;68.22;67.28;67.37;1403442
20110524;67.35;67.37;66.88;66.9;844017
20110525;66.79;67.27;66.69;66.93;855306
20110526;66.69;67.33;66.6;67.13;992581
20110527;67.24;67.34;66.74;67.01;831473
20110531;67.22;67.72;66.94;67.54;1350024
20110601;67.35;67.63;66.31;66.31;1377557
20110602;66.42;66.47;65.94;66.28;923207
20110603;65.55;66.27;65.34;65.95;983896
20110606;65.59;65.89;65.17;65.4;1099889
20110607;65.67;66;65.28;65.65;894761
20110608;65.3;65.8;64.89;65.61;997423
20110609;65.64;66.69;65.45;66.43;984321
20110610;66.05;66.1;65.36;65.48;853456
20110613;65.58;66.46;65.53;66.11;1027377
20110614;66.54;67.07;66.48;66.8;829258
20110615;66.45;67.29;65.95;65.95;1241095
20110616;66.13;66.3;65.18;65.43;1115535
20110617;65.95;66.38;65.61;66.2;1371235
20110620;66.17;67.61;66.05;67.49;794300
20110621;67.77;68.35;67.44;68.11;812847
20110622;67.92;68.8;67.92;68.42;1047026
20110623;67.73;68.41;66.79;68.24;1246690
20110624;68.2;68.2;66.87;67.64;975880
20110627;67.72;68.98;67.33;68.56;836326
20110628;68.66;69.63;68.51;69.6;712270
20110629;69.93;70.19;69.46;69.67;813262
20110630;69.53;70.4;69.53;70.02;591906
20110701;70.16;70.98;69.87;70.87;781253
20110705;70.66;70.89;70.35;70.62;611007
20110706;70.61;71;70.36;70.99;688576
20110707;71.2;71.58;71.07;71.36;593531
20110708;70.4;70.91;70.4;70.77;694778
20110711;70.71;71.3;70.29;70.72;1227643
20110712;70.23;71.15;70.22;70.28;857181
20110713;70.72;71.39;70.53;70.79;670356
20110714;71.03;71.23;69.94;70.05;734260
20110715;70.36;70.59;69.9;70.39;473046
20110718;70.08;70.3;69.16;69.61;389132
20110719;70.44;70.98;69.91;70.92;719453
20110720;70.9;70.9;70.04;70.19;492735
20110721;70.65;71.33;70.51;71.28;746004
20110722;71.18;71.23;70.54;70.92;484879
20110725;70.25;70.5;69.97;70.19;465888
20110726;70.35;70.35;68.51;68.57;599737
20110727;68.25;68.49;67.03;67.12;2092994
20110728;63.77;64.21;61.71;62;4272573
20110729;61.68;63.16;61;62.76;1870657
20110801;62.61;63.1;59.96;60.38;1808653
20110802;59.99;61.23;59.99;60.43;2352856
20110803;60.55;60.84;58.73;60.11;1655849
20110804;59.53;59.96;56.81;57;1985306
20110805;57.52;59.38;56.66;57.91;3002651
20110808;56.7;57.51;52.55;52.66;2057067
20110809;53.04;55.53;52.53;55.42;2146572
20110810;54.5;54.96;51.49;51.68;4214564
20110811;52.03;54.91;51.92;54.19;2520974
20110812;54.6;55.82;54.2;55.44;1169826
20110815;55.42;56.87;55.02;56.65;2277499
20110816;56.29;57.23;55.91;57.03;1381904
20110817;57.38;57.79;55.91;56.4;1468107
20110818;55.04;55.05;52.52;53.01;1968431
20110819;52.38;53.38;52.06;52.48;1453763
20110822;53.54;53.74;52.28;52.47;796629
20110823;52.68;54.66;52.32;54.62;1223883
20110824;54.61;55.21;53.9;55.2;1586783
20110825;55.35;55.51;53.61;54.2;1198171
20110826;53.93;55.77;52.76;55.61;1861351
20110829;55.96;57.14;55.96;57.14;1307234
20110830;57.29;57.46;56.04;56.77;1317867
20110831;57.22;57.63;56.28;56.96;1191628
20110901;56.73;56.73;55.04;55.25;2250620
20110902;53.59;54.59;53.19;53.38;1524084
20110906;51.87;53.42;51.64;53.25;1454659
20110907;54.08;55.04;53.69;54.86;2054602
20110908;54.45;54.92;53.57;53.81;1145596
20110909;53.31;53.31;51.44;51.56;1404209
20110912;50.88;51.3;50.11;51.17;1802835
20110913;51.41;51.51;50.74;51.23;1549252
20110914;51.61;53.2;50.82;52.52;2124813
20110915;53.25;53.92;52.29;53.69;2207186
20110916;54.01;54.36;53.52;53.88;1390895
20110919;52.89;52.93;51.91;52.44;1614141
20110920;52.72;54;52.72;53.29;1562455
20110921;53.38;53.4;50.95;50.96;1179147
20110922;49.73;50.48;49.16;49.63;1868135
20110923;49.47;50.46;49.4;49.85;1516664
20110926;50.29;51.18;49.68;51.13;1093792
20110927;52.33;55.13;52.27;54.27;2379830
20110928;54.07;54.2;52.04;52.1;1886232
20110929;53.17;53.3;51.1;52.1;1458069
20110930;51.74;53.29;51.46;52.16;1567396
20111003;51.76;52.17;49.94;50.1;1859754
20111004;49;51.98;48.72;51.96;1523336
20111005;51.92;55.07;51.92;53.38;2302038
20111006;53.44;55.09;52.65;54.58;2120677
20111007;54.8;56;54.19;54.95;2050094
20111010;56.01;57.15;55.71;56.96;1411457
20111011;56.54;57.41;56.1;56.3;1190451
20111012;56.53;56.79;55.92;55.94;1230175
20111013;55.81;56.3;55.35;55.96;1357939
20111014;56.76;56.99;56.03;56.55;804336
20111017;56.57;56.57;54.61;54.96;1058900
20111018;55.07;56.76;54.43;55.95;1214493
20111019;56.2;56.99;55.94;56;1244856
20111020;55.94;56.31;55.2;55.88;967747
20111021;56.65;57.94;56.31;57.68;960928
20111024;57.57;59.72;57.57;59.51;1108967
20111025;59.48;59.48;57.43;57.6;1387918
20111026;58.21;58.56;56.71;56.84;1855271
20111027;59.56;59.91;57.57;59.52;2034181
20111028;59.01;62.44;57.87;60.57;2788215
20111031;59.58;59.91;58.69;58.72;1572002
20111101;56.79;57.17;55.81;55.98;2102816
20111102;56.84;56.99;55.99;56.21;1400783
20111103;56.97;57.11;56.05;57.11;1441130
20111104;56.65;58.72;56.57;57.98;1578928
20111107;58.11;58.27;56.9;58.18;875010
20111108;58.37;59.11;57.9;59.04;847184
20111109;57.56;57.88;56.15;56.39;1039244
20111110;57.12;57.53;56.41;56.91;772176
20111111;57.77;58.38;57.74;57.9;412630
20111114;57.39;57.95;56.8;57.05;637336
20111115;56.76;61.15;56.57;60.6;3035356
20111116;59.16;60.77;58.9;59.83;1654669
20111117;59.78;59.78;58.27;58.58;1051619
20111118;58.88;58.92;58;58.05;642995
20111121;57.17;57.64;56.71;57.29;1038532
20111122;57.34;58.28;56.87;57.65;1109145
20111123;57.11;57.25;56.38;56.53;921185
20111125;56.45;57.5;56.29;56.87;644235
20111128;58.64;59.28;58.12;58.64;1029828
20111129;58.82;59.83;58.62;58.99;978732
20111130;61.17;62.36;61.01;62.23;1430075
20111201;61.94;63.68;61.87;63.06;1066779
20111202;63.85;64.74;62.47;62.83;1610930
20111205;64.17;64.5;63.67;64.18;1067758
20111206;64.4;64.76;63.86;64.43;1060255
20111207;64.5;64.89;63.6;64.54;765644
20111208;64.18;64.41;62.94;63.07;1018227
20111209;63.53;64.74;63.31;64.42;716661
20111212;63.9;64.78;63.57;64.75;1239588
20111213;65;65.29;63.63;64.02;1213700
20111214;63.72;63.86;63.03;63.09;960010
20111215;63.93;64.01;63.42;63.56;599557
20111216;64.12;64.26;63.03;63.19;1387401
20111219;63.66;63.98;63.04;63.2;729283
20111220;64.43;65.41;64.18;65.02;706233
20111221;65.11;65.44;64.63;65.21;674235
20111222;65.57;66.06;65.25;65.59;614226
20111223;65.94;66.27;65.66;66.21;326963
20111227;66.03;66.88;66.01;66.68;344452
20111228;66.52;66.57;65.49;65.77;492423
20111229;65.91;66.88;65.54;66.83;427421
20111230;66.91;67.82;66.66;67.13;863181
20120103;67.95;69.77;67.73;69.3;1210376
20120104;68.97;69.11;68.19;68.27;1167414
20120105;67.97;68.64;67.54;68.55;1401263
20120106;68.54;69.05;67.85;68.9;676725
20120109;68.94;69.67;68.67;69.09;962121
20120110;69.89;69.98;68.7;69.51;1159572
20120111;69.2;69.85;69.15;69.46;599178
20120112;69.59;71.95;69.13;71.7;1452090
20120113;71.1;71.1;69.97;70.05;904408
20120117;70.84;71.47;70.34;70.4;574630
20120118;70.2;70.77;69.42;70.64;621524
20120119;70.94;71.92;70.77;71.7;889866
20120120;71.04;71.05;68.36;69.1;1969324
20120123;69.1;69.65;68.19;68.58;1274363
20120124;68.3;69.24;68.04;68.51;1131357
20120125;68.56;70.12;68.56;69.24;1573966
20120126;70.41;70.41;65;67.3;3503579
20120127;66.96;67.31;65.76;66.09;1722411
20120130;65.34;65.74;64.93;65.56;1139380
20120131;65.8;66.43;65.02;65.87;1303480
20120201;66.35;67;66.13;66.72;1345705
20120202;66.76;67.47;66.38;66.95;821457
20120203;67.49;68.35;67.41;67.77;689547
20120206;67.31;68.09;66.94;67.71;529623
20120207;67.42;67.82;66.78;67.5;652349
20120208;67.48;67.59;65.71;66.25;1225885
20120209;66.58;66.59;64.8;64.87;1110850
20120210;64.39;65.27;64.22;64.73;1010642
20120213;65.8;66.27;65.02;65.12;1151900
20120214;65.25;66.26;64.84;65.77;840049
20120215;65.85;67;65.7;66.13;683838
20120216;66.2;67.48;66.06;67.1;745582
20120217;67.24;67.42;66.37;66.44;468996
20120221;66.67;66.88;65.89;66.1;519125
20120222;66.01;66.63;65.69;65.82;639620
20120223;65.63;66.15;65.15;65.99;468381
20120224;66.16;66.89;65.91;66.56;403893
20120227;65.89;66.56;65.37;66.45;498871
20120228;66.55;67.07;66.2;66.4;589518
20120229;66.37;66.45;65.11;65.25;962949
20120301;65.14;66.02;65.14;65.92;631484
20120302;65.79;66.56;65.77;66.2;811706
20120305;65.88;66.26;65.36;65.89;1001696
20120306;65.19;65.27;64.3;64.48;1131913
20120307;64.65;65.66;64.65;65.43;1114629
20120308;65.93;67.15;65.71;67.06;772491
20120309;67.19;68.41;67.06;67.17;881100
20120312;67.74;68.21;67.24;67.35;909784
20120313;68.09;69.11;67.5;69.07;822850
20120314;69.07;70.36;69.07;69.65;1102305
20120315;69.55;70.82;69.1;70.8;811233
20120316;70.95;71;70.33;70.57;1056078
20120319;70.09;70.74;69.78;70.54;682316
20120320;70.06;70.22;69.48;70.21;747185
20120321;70.16;70.16;69.1;69.89;738435
20120322;69.34;69.55;68.61;69.2;812683
20120323;69.37;69.58;68.47;68.97;671212
20120326;69.44;69.94;69.17;69.92;582855
20120327;69.98;70.46;69.68;69.97;671853
20120328;70.1;70.35;68.42;68.92;725083
20120329;68.57;69.3;68.41;68.8;475014
20120330;69.24;69.3;68.59;68.96;484105
20120402;68.68;69.27;68.62;69.08;594492
20120403;68.91;69.77;68.66;69.56;811124
20120404;68.91;68.93;67.99;68.17;884247
20120405;67.78;68.5;67.7;68.44;487932
20120409;67.46;67.89;67.44;67.52;574652
20120410;67.54;67.54;66.35;66.35;670606
20120411;67.06;67.15;66.69;67.06;570955
20120412;67.09;68.42;67.09;67.82;818366
20120413;67.52;67.73;66.52;66.53;853182
20120416;66.89;67.04;65.91;66.37;1078907
20120417;66.64;67.53;66.6;67.38;1092842
20120418;67.2;67.72;66.6;66.92;562094
20120419;67.14;67.19;66.06;66.25;609485
20120420;66.45;68.13;66.45;67.73;1120412
20120423;66.17;67.1;65.97;66.71;596292
20120424;66.72;67.37;66.46;66.97;379594
20120425;67.31;69.81;67.31;69.79;1768831
20120426;68;68;62.77;63.6;6370471
20120427;63.68;64.05;62.77;63.4;2277584
20120430;63.27;63.84;62.5;63.42;1229009
20120501;63.42;64.91;63.12;64.57;2846167
20120502;64.69;65.48;64.36;65.22;1610039
20120503;65.14;65.4;64.37;64.46;1478114
20120504;64.4;64.46;63.23;63.35;977531
20120507;63.12;64.01;63;63.56;641918
20120508;63.01;63.65;62.75;63.47;1134605
20120509;62.78;63.96;62.58;63.7;1038111
20120510;64.09;64.92;64.08;64.11;988964
20120511;63.82;64.68;63.68;64.58;1025835
20120514;63.85;64.13;63.22;63.87;1024475
20120515;63.81;64.39;63.55;63.76;882294
20120516;63.88;64.03;63.28;63.46;985417
20120517;63.59;64;62.27;62.38;1108909
20120518;62.85;63.07;61;61.29;989277
20120521;61.69;62.97;61.28;62.82;1073201
20120522;63;63.65;61.82;62.3;1187744
20120523;61.81;61.96;60.31;61.09;1826130
20120524;61.25;61.53;60.52;61.15;2172408
20120525;60.82;61.94;60.82;61.36;1324041
20120529;61.93;61.96;60.76;60.94;1404342
20120530;60.47;60.53;59.52;59.89;1437952
20120531;59.47;59.68;58.26;58.66;1709610
20120601;57.43;58.35;57.43;57.57;2246109
20120604;57.68;57.68;56.61;57.48;1223324
20120605;57.11;57.99;57;57.91;1131551
20120606;58.06;59.53;57.83;59.53;1501239
20120607;59.94;60.09;59.07;59.21;1174868
20120608;58.69;59.47;58.44;59.47;659082
20120611;59.84;60.16;59.3;59.33;1150130
20120612;59.72;59.73;58.7;59.65;892865
20120613;59.53;60.09;58.92;59.11;710903
20120614;59.33;59.99;58.92;59.39;783029
20120615;59.68;60.42;59.44;60.38;1170318
20120618;59.98;60.5;59.83;60.46;845664
20120619;61.19;61.36;60.29;61.28;1243823
20120620;61.53;61.81;60.34;61.04;908338
20120621;61.18;61.44;59.08;59.09;760163
20120622;59.23;59.55;58.64;59.33;1208587
20120625;58.8;58.95;57.68;58.06;1014402
20120626;58.23;58.95;57.96;58.69;1058617
20120627;59.28;60.3;58.82;59.85;975161
20120628;59.53;59.93;57.93;59;1378189
20120629;60.11;61.11;60.01;60.77;927772
20120702;60.71;61.03;59.31;60.65;1223438
20120703;60.69;61.55;60.36;61.5;441185
20120705;61.5;61.54;61.23;61.3;964164
20120706;60.63;60.92;59.73;59.93;924922
20120709;58.44;58.5;57;57.94;2979910
20120710;58.13;58.18;57.32;57.65;1459234
20120711;57.72;58.06;57.53;57.88;909009
20120712;57.09;57.99;57.09;57.74;726450
20120713;57.84;58.65;57.53;57.84;1112764
20120716;57.82;58.42;57.68;58.04;805256
20120717;58.29;59.05;58.22;59.03;739430
20120718;58.73;59.89;58.51;59.86;927716
20120719;59.98;60.42;59.23;59.43;690015
20120720;58.92;59;56.67;57.08;1591147
20120723;56.28;57.05;55.81;56.79;915459
20120724;56.72;56.85;55.25;55.66;1302548
20120725;55.94;57.77;55.94;57.31;1827550
20120726;55;55;52.9;53.73;6532107
20120727;54.16;55.75;54.07;55.56;1474393
20120730;55.51;55.58;54.39;54.87;873759
20120731;54.79;55.02;54.45;54.58;996709
20120801;54.74;55.7;54.44;55.33;1277149
20120802;54.85;54.98;53.74;54.41;969452
20120803;55.25;56.02;54.55;55.46;1319704
20120806;55.66;56.84;55.66;55.72;740663
20120807;55.75;56.88;55.74;56.66;718048
20120808;56.64;56.99;56.52;56.62;791660
20120809;56.77;56.95;56.38;56.43;497456
20120810;56.37;56.89;55.63;56.85;1032569
20120813;56.42;57.76;56.22;57.75;857433
20120814;58.07;58.18;57.06;57.17;491914
20120815;57.22;58.93;56.84;58.76;848409
20120816;58.69;59.64;58.63;59.3;1071555
20120817;59.33;59.53;58.75;58.98;905443
20120820;58.85;60.07;58.7;59.91;1124531
20120821;59.94;60.71;59.76;59.81;850618
20120822;59.84;60.09;58.96;59.23;782824
20120823;59.07;59.21;58.65;58.79;632631
20120824;58.64;59.75;58.64;59.58;720181
20120827;59.76;59.88;58.89;59.16;837731
20120828;59;59.43;58.6;58.77;497699
20120829;58.96;60.03;58.56;59.48;705639
20120830;59.24;59.27;58.53;58.74;875163
20120831;59.19;59.6;58.65;58.79;672054
20120904;61.29;64;59.18;59.68;1799856
20120905;59.65;59.67;58.56;58.59;1039515
20120906;58.98;59.6;58.82;59.5;925481
20120907;59.32;59.91;59.13;59.9;749442
20120910;59.83;60.12;59.48;59.93;626559
20120911;59.84;60.44;59.8;60.33;559358
20120912;60.67;61.45;60.34;61.44;1246438
20120913;61.22;62.16;60.66;61.76;1233719
20120914;61.37;61.83;60.76;61.6;1461232
20120917;61.47;61.57;61.31;61.44;1095799
20120918;61.5;61.68;61.24;61.65;627518
20120919;61.6;62.07;61.23;61.7;587118
20120920;61.39;61.67;61.06;61.24;874435
20120921;61.55;61.6;60.98;61.08;1178581
20120924;60.91;61.45;60.82;61.32;623904
20120925;61.68;61.81;60.23;60.24;690954
20120926;60.31;60.31;59.5;59.71;719438
20120927;59.91;60.26;59.5;60.04;547464
20120928;60;60.71;59.61;60.32;726721
20121001;60.47;61.3;60.29;60.47;703571
20121002;60.68;61;60.5;60.87;790869
20121003;60.85;61.45;60.6;61.01;383702
20121004;61.21;61.66;60.48;61.39;718457
20121005;61.61;61.67;60.95;61.06;607921
20121008;60.92;61.29;60.54;60.65;552300
20121009;60.48;60.48;58.53;58.77;1078129
20121010;58.82;59;58.18;58.26;908124
20121011;58.67;59.53;58.67;58.87;992920
20121012;58.92;59.23;58.21;58.29;527160
20121015;58.25;58.47;57.95;58.24;1481427
20121016;58.34;59.04;58.34;59.04;962761
20121017;58.83;59.83;58.67;59.74;717069
20121018;59.42;59.61;58.87;59.14;1109788
20121019;58.82;58.95;58.25;58.42;949756
20121022;58.23;58.75;58.08;58.36;866138
20121023;57.76;57.95;57.33;57.49;623192
20121024;57.66;57.84;57;57.08;907255
20121025;57.78;58.29;57.33;58.1;2095394
20121026;67.87;69.19;66.02;66.93;5082794
20121031;66.14;67.6;65.65;66.76;2224178
20121101;66.24;68.83;65.91;68.77;1881291
20121102;69.04;70.53;68.92;70.15;2547952
20121105;69.78;71.39;69.45;70.4;2625243
20121106;70.56;71.14;70.39;70.59;981948
20121107;70.4;70.5;69.11;69.67;1266107
20121108;69.55;70.27;68.58;68.59;914845
20121109;68.53;69.49;68.53;68.84;761894
20121112;68.51;69.45;67.82;68.33;652463
20121113;68.1;69;68.01;68.28;912594
20121114;68.37;68.84;67.48;67.75;699193
20121115;67.73;68.2;67.1;67.74;844931
20121116;68.5;68.97;67.66;67.89;1097002
20121119;68.57;69.36;68.44;69.11;707307
20121120;68.8;69.35;68.36;69.07;655934
20121121;68.94;69.02;68.5;68.86;390784
20121123;69.04;69.5;68.79;69.42;264910
20121126;69.26;69.6;68.84;69.46;621760
20121127;68.97;69.46;68.75;68.88;527022
20121128;68.51;69.18;67.81;69.11;630752
20121129;69.47;70.14;68.75;69.12;637937
20121130;69.09;69.31;68.45;69.16;749446
20121203;69.27;69.74;68.95;69.38;838198
20121204;69.23;70.43;69.23;70.13;1003294
20121205;70.09;70.38;69.69;69.81;631412
20121206;69.82;69.94;69.05;69.61;531535
20121207;69.87;70.73;69.38;70.7;692556
20121210;70.7;71.85;69.93;71.41;889698
20121211;71.6;72.48;71.58;72.35;833891
20121212;72.33;72.61;71.93;72.08;724862
20121213;71.93;72.08;71.38;71.6;427039
20121214;71.29;72.04;70.67;71;797063
20121217;71.06;72.18;71.03;71.5;903773
20121218;71.48;72.5;70.79;72.32;940680
20121219;72.28;72.3;70.93;70.94;488845
20121220;70.78;71.81;70.43;71.78;621745
20121221;71.16;71.49;70.25;70.8;903794
20121224;70.55;70.95;70.28;70.86;185261
20121226;70.88;70.91;69.39;69.84;366545
20121227;69.83;70.45;69.25;70.22;460361
20121228;69.89;70.44;69.5;69.62;501621
20121231;69.63;70.3;69.22;70.24;427501
20130102;71.26;72.5;71.05;72.47;1325150
20130103;72.59;73.8;72.51;73.68;1353487
20130104;73.68;73.87;72.6;72.72;1138416
20130107;72.2;75.23;72.2;75.19;1703472
20130108;75;75.44;74.18;74.84;716598
20130109;75;75.55;74.86;75.25;815931
20130110;75.5;75.69;74.79;74.88;910104
20130111;75.07;75.18;74.11;74.58;538951
20130114;74.2;74.2;73.02;73.85;735299
20130115;73.7;74.27;73.51;74;546371
20130116;73.95;74.31;73.52;74.14;593369
20130117;74.49;74.89;74.23;74.59;462651
20130118;74.69;75.33;74.06;75.09;872334
20130122;75.01;75.58;74.51;75.12;1086864
20130123;75.34;75.78;74.52;74.91;1157223
20130124;71.12;73.25;69.52;72.88;2875725
20130125;72.97;73.55;72.2;73.41;1214752
20130128;73.51;73.57;72.16;72.23;560457
20130129;72.22;72.22;71.35;71.69;827533
20130130;71.7;71.84;71.3;71.45;788507
20130131;71.17;71.42;70.51;70.65;723079
20130201;71.07;71.7;70.7;71.22;755916
20130204;70.67;71.16;70.26;70.49;821872
20130205;70.7;71.56;70.7;71.3;531434
20130206;70.88;71.5;70.88;71.38;726374
20130207;71.18;71.97;70.52;71.86;1003141
20130208;71.87;72.33;70.96;71.1;655524
20130211;71.04;71.15;70.55;71.11;639128
20130212;71.06;71.94;70.92;71.36;871400
20130213;71.64;71.69;70.98;71.5;617887
20130214;71.22;71.5;70.88;70.96;614113
20130215;70.93;71.08;70;70.05;840565
20130219;70.13;71;69.66;70.69;399119
20130220;70.51;70.56;69.8;69.9;780917
20130221;69.81;69.93;68.79;69.48;744669
20130222;69.87;70.22;69.58;70.12;562684
20130225;70.39;71.03;69.21;69.21;693774
20130226;69.49;69.52;67.88;68.66;907776
20130227;68.59;69.5;68.49;69.35;993982
20130228;69.34;71.08;69.22;70.63;1207429
20130301;70.51;71.22;69.8;70.85;759106
20130304;70.66;71.57;70.65;71.55;696396
20130305;71.75;73.1;71.75;72.7;741426
20130306;73;73;71.38;72.01;731186
20130307;72.29;73.12;71.98;72.13;643966
20130308;72.4;73.89;72.19;73.82;691712
20130311;73.59;73.64;73.27;73.46;360889
20130312;73.31;73.73;73.12;73.7;382710
20130313;73.62;74.5;73.24;74.44;490609
20130314;74.46;74.46;73.58;74.06;682181
20130315;73.79;73.79;72.76;73.23;747161
20130318;72.47;72.78;71.92;72.48;452494
20130319;72.62;72.67;71.56;72.31;287418
20130320;72.63;72.9;72;72.36;500263
20130321;72.1;72.8;71.81;72.17;547308
20130322;72.3;72.64;71.88;72.25;691410
20130325;72.51;72.51;71.56;71.68;580191
20130326;71.94;72.25;71.51;71.79;802341
20130327;71.51;71.8;71.07;71.7;801904
20130328;71.69;72.08;71.47;72;838828
20130401;72;72.07;71.21;71.89;513843
20130402;72.14;72.27;71.75;71.91;597144
20130403;72.16;72.16;71.09;71.36;595811
20130404;71.5;71.73;71.11;71.35;458757
20130405;70.66;70.88;70.19;70.66;771732
20130408;70.6;71.07;70.12;70.7;529449
20130409;70.95;71.35;70.64;71;569865
20130410;71.11;71.95;71.11;71.66;611651
20130411;71.64;72.71;71.64;72.3;435209
20130412;72.07;73.2;71.99;72.78;597214
20130415;70.08;70.65;68.77;68.97;1524013
20130416;69.29;69.5;68.53;69.3;979406
20130417;68.89;68.98;67.47;67.55;798141
20130418;67.55;68.07;66.35;66.57;968435
20130419;65.97;67.37;65.5;67.29;2154635
20130422;67.23;67.41;66.9;67.03;696088
20130423;67.27;68.56;67.13;68.51;866922
20130424;68.52;68.66;67.69;68.35;992126
20130425;65;65.9;63.1;64.02;3706609
20130426;64;64.51;63.79;64.12;1134898
20130429;64.48;65.04;64.31;64.79;794738
20130430;64.86;65.16;64.07;65.14;887928
20130501;64.96;65.08;64.05;64.2;640963
20130502;64.53;64.77;64.14;64.46;615742
20130503;65.17;66.47;65.09;65.69;1140517
20130506;65.64;65.93;65.14;65.53;655186
20130507;65.71;66.3;65.49;66.03;911693
20130508;66.05;67.62;66.01;67.59;788671
20130509;67.34;68.34;66.62;68.21;901180
20130510;68.17;68.82;68;68.75;865328
20130513;68.51;69.53;68.21;69.37;914613
20130514;69.41;70.71;69.29;70.23;1622366
20130515;70.01;70.2;69.72;69.94;906524
20130516;69.61;69.61;68.43;68.98;834759
20130517;69.43;69.48;68.1;69.3;666962
20130520;69.33;69.56;69.1;69.45;513927
20130521;69.64;70.44;69.57;69.88;542185
20130522;69.95;70.67;68.14;68.43;730985
20130523;68.1;68.4;67.32;67.89;614223
20130524;67.52;67.89;67.1;67.36;688217
20130528;68.16;68.55;67.93;68.08;729249
20130529;67.77;68.54;67.25;68.01;745115
20130530;68.19;68.73;67.75;68.49;288393
20130531;68.24;68.55;67.01;67.01;459079
20130603;67.26;67.41;66.36;67.37;505519
20130604;67.36;67.75;66.77;66.84;574941
20130605;66.73;68.48;66.64;67.85;994720
20130606;67.84;68.19;66.93;68.18;621527
20130607;68.52;69.66;68.38;69.55;522457
20130610;69.61;69.77;68.55;69.2;845175
20130611;68.07;69.04;68.07;68.61;693805
20130612;69.2;69.27;67.92;68.14;562628
20130613;68.22;69.66;67.73;69.58;429640
20130614;69.54;69.89;68.73;68.88;416183
20130617;69.32;70.3;69.24;69.71;705218
20130618;69.93;70.87;69.87;70.86;612678
20130619;70.77;70.85;68.75;68.78;454559
20130620;68.21;68.32;66.78;66.98;555455
20130621;67.54;68.16;67.32;67.61;798209
20130624;67.05;67.05;65.84;66.17;703857
20130625;66.95;67.32;66.19;66.6;620024
20130626;67.18;67.61;65.74;65.86;1311729
20130627;66.06;66.79;65.94;66.63;1856034
20130628;66.48;68.02;66.48;67.45;1095807
20130701;67.87;68.55;67.55;68.14;563374
20130702;67.97;67.97;66.37;66.65;868261
20130703;66.76;66.79;66.02;66.37;444659
20130705;66.98;67.39;66.51;67.23;274155
20130708;67.68;68.37;67.34;68.2;640080
20130709;68.1;68.71;65.7;66.3;1754735
20130710;66.31;67.06;66.3;66.93;894035
20130711;67.82;69.1;67.63;68.27;860695
20130712;68.36;69.51;68.11;69.37;1274568
20130715;69.37;69.66;69.02;69.37;538638
20130716;69.37;70;69.33;69.85;843341
20130717;70;70.87;69.83;70.74;810603
20130718;70.75;71.59;70.75;71.57;791377
20130719;71.26;72.36;70.83;72.26;633555
20130722;72.03;72.5;71.81;72.43;536963
20130723;72.3;72.57;71.68;72.51;830066
20130724;72.85;73.12;71.69;72.11;1255486
20130725;71.6;74.93;70.8;74.1;2920114
20130726;73.71;73.86;72.43;73.84;736468
20130729;73.54;73.54;72.29;72.4;941454
20130730;72.73;73.12;72.08;72.29;755477
20130731;72.49;72.99;71.99;72.5;737504
20130801;73.2;73.26;72.35;73.2;712981
20130802;73.28;73.28;72.65;73.01;579822
20130805;72.62;72.89;71.86;72.61;542080
20130806;72.57;72.82;71.75;72.02;696737
20130807;72.04;72.92;71.82;72.75;594543
20130808;72.82;74.05;72.82;73.76;595508
20130809;73.53;74.36;73.31;74.21;516339
20130812;73.46;74.1;73.44;73.85;421042
20130813;73.9;73.98;73.46;73.85;322194
20130814;73.62;73.92;73.5;73.6;343815
20130815;72.81;73.14;72.13;72.26;364514
20130816;72.03;72.13;71.4;71.72;351886
20130819;71.69;72.36;71.69;71.98;271568
20130820;72.07;72.55;71.7;72.42;336149
20130821;72.28;72.6;71.6;71.98;379391
20130822;71.92;73.02;71.92;72.77;255656
20130823;73.03;73.07;72.41;72.65;389370
20130826;72.64;73.38;72.62;72.68;420739
20130827;72.03;72.2;70.93;71.39;677288
20130828;71.39;72.01;71.07;71.1;412369
20130829;70.72;72.33;70.72;71.4;600230
20130830;71.52;71.56;70.1;70.45;934762
20130903;70.65;71.74;70.47;71.04;752073
20130904;71.16;71.91;70.76;71.79;556167
20130905;71.73;72.13;71.46;71.89;793296
20130906;72.1;72.37;71.09;71.87;647439
20130909;72.03;72.72;71.93;72.45;987557
20130910;72.7;73.74;72.63;73.62;1396258
20130911;73.71;74.95;73.24;74.95;1660077
20130912;74.79;74.94;74.07;74.34;717141
20130913;74.27;74.63;73.51;74.55;388243
20130916;74.95;75.44;74.6;75.16;559467
20130917;75.23;75.37;74.9;74.98;334662
20130918;75.06;75.95;74.52;75.86;486627
20130919;75.92;75.94;75.1;75.59;316732
20130920;75.74;76.6;75.58;76.1;1130435
20130923;76.05;76.69;75.58;76.27;637270
20130924;76.1;76.28;75.2;75.27;1017462
20130925;75.39;75.4;74.06;74.31;1668331
20130926;74.48;74.68;73.6;74.08;624903
20130927;73.85;74.5;73.71;74.18;554009
20130930;74.06;75.43;73.96;74.73;937390
20131001;74.85;75.59;74.78;75.34;589903
20131002;75.06;75.2;74.17;74.97;631584
20131003;74.66;74.85;73.66;74.36;747087
20131004;74.33;75.13;74.25;74.94;329865
20131007;74.29;74.98;73.96;74.56;327268
20131008;74.69;76.13;74.65;75.42;1045358
20131009;75.46;75.99;75.25;75.44;645676
20131010;76.19;77.39;76.11;77.37;822040
20131011;77.13;77.71;76.76;77.69;567242
20131014;77.41;78.19;77.07;77.94;457393
20131015;77.64;78.24;76.96;77.04;959835
20131016;77.64;78.91;77.44;78.87;686189
20131017;78.63;78.83;78;78.55;895074
20131018;79.15;80.66;76.46;78.64;817721
20131021;78.6;78.9;77.94;78.23;635044
20131022;78.27;78.76;77.09;77.3;921138
20131023;77.24;79.42;77;78.52;1161241
20131024;74.75;75.21;72.71;73.3;3121553
20131025;73.23;73.92;72.58;73.2;1267883
20131028;73.25;73.94;73.13;73.22;1001546
20131029;73.51;73.96;73.22;73.49;964079
20131030;73.45;73.61;72.55;72.59;1137394
20131031;72.74;73.09;72.08;72.58;1456691
20131101;72.67;72.67;71.98;72.5;624369
20131104;72.54;73.46;72.12;73.13;606716
20131105;72.93;73.13;72.49;72.99;493483
20131106;73.38;73.54;72.91;73.37;475465
20131107;73.68;73.91;72.73;72.83;543186
20131108;72.66;73.44;72.55;73.39;482293
20131111;73.28;73.88;72.93;73.4;441593
20131112;73.25;73.44;72.95;73.3;418175
20131113;73.43;74.1;72.84;74.08;632956
20131114;74.24;74.96;73.9;74.94;405196
20131115;74.82;75.38;74.36;74.59;560670
20131118;75;75.3;74.42;74.46;542406
20131119;74.45;74.8;73.93;74.6;515751
20131120;74.58;74.86;73.93;74.28;616785
20131121;74.56;75.25;74.43;75.2;406027
20131122;75.06;75.09;74.68;74.8;549533
20131125;75;76.22;74.62;75.64;621998
20131126;75.63;76.77;75.47;76.23;875608
20131127;76.23;76.85;75.91;76.69;584958
20131129;77.01;78.57;76.85;78.05;855595
20131202;78.05;79.34;77.97;79.24;1535403
20131203;78.89;79.43;78.59;79.37;1152642
20131204;78.79;80.4;78.68;79.84;2187760
20131205;79.71;80.32;78.72;78.85;1177921
20131206;79.86;80.1;79.02;79.32;523365
20131209;79.3;79.52;78.98;79.25;535332
20131210;79.06;79.35;78.45;78.76;503888
20131211;78.75;78.85;76.93;77.01;508958
20131212;76.97;76.98;75.64;75.89;829291
20131213;75.91;76.81;75.54;76.46;523908
20131216;76.85;77.03;76.39;76.82;345688
20131217;76.78;76.97;75.54;76.25;733561
20131218;76.44;78.03;76.09;78.02;542244
20131219;78.26;78.26;76.42;76.77;529794
20131220;77.19;77.27;75.87;76.07;1255351
20131223;76.47;76.47;75.86;76.31;734650
20131224;76.39;76.82;76.26;76.73;340610
20131226;76.96;76.96;76.23;76.73;319102
20131227;76.75;77.05;76.67;76.91;417349
20131230;77.12;77.6;76.92;77.43;562765
20131231;77.48;78.67;77.48;77.69;624108
20140102;77.61;77.86;77.25;77.34;826123
20140103;77.29;77.85;77.29;77.48;633948
20140106;77.8;78.43;77.53;77.78;1038976
20140107;78;79.97;77.74;79.78;935136
20140108;79.67;80.7;79.57;80.04;799777
20140109;79.88;81.44;79.88;81.29;835935
20140110;81.24;81.75;80.76;80.97;584062
20140113;80.62;81.04;79.38;79.5;821426
20140114;80.14;80.84;79.88;80.6;688368
20140115;81.03;81.55;80.57;81.42;530642
20140116;81.28;82.53;81.26;82.52;782262
20140117;81.99;82.43;81.67;82.4;1050850
20140121;82.38;82.39;80.44;81.86;1164129
20140122;81.72;82.53;81.52;82.49;1197559
20140123;83.11;84.24;82;83.51;2390584
20140124;83.14;83.14;81.76;81.8;1200294
20140127;81.56;82.15;80.93;81.63;982982
20140128;81.75;82.45;81.29;81.73;709672
20140129;81.39;81.83;80.69;81.68;1017565
20140130;82;82.58;81.8;82.35;627234
20140131;81.68;81.76;81.15;81.31;807480
20140203;81.4;81.6;78.1;78.26;952631
20140204;78.5;78.77;77.71;78.37;773028
20140205;78.11;78.7;77.51;78.46;512234
20140206;78.49;78.99;78.32;78.94;471304
20140207;78.97;80.42;78.89;80.31;565512
20140210;80.4;80.84;79.74;80.66;802217
20140211;80.53;81.08;80.09;81.05;707766
20140212;81.05;81.53;80.69;80.85;385663
20140213;80.55;81.39;79.97;81.37;505904
20140214;81.32;82.11;80.99;81.81;449957
20140218;82.05;83.3;81.92;82.86;669282
20140219;82.5;83.13;81.76;81.78;508970
20140220;81.86;84.44;81.22;84.1;863710
20140221;84.06;84.41;83.52;83.7;553240
20140224;83.59;84.49;83.49;84.01;514050
20140225;83.89;84.43;82.8;83.04;726452
20140226;82.82;83.83;82.71;82.86;483296
20140227;82.89;83.42;82.06;83.4;574511
20140228;83.61;84.71;83.19;83.83;878587
20140303;82.97;83.82;82.82;83.35;634556
20140304;84.19;84.7;84.17;84.43;388508
20140305;84.35;84.58;83.61;84.36;360644
20140306;84.31;84.71;84.09;84.41;311090
20140307;84.66;84.7;83.7;84.69;362844
20140310;84.4;84.79;83.71;84.34;465816
20140311;84.18;85.5;83.6;84.71;647044
20140312;84.59;84.97;83.75;84.75;552786
20140313;84.91;84.94;83.86;84.09;462361
20140314;83.99;84.8;83.65;84.25;503239
20140317;84.51;85.19;84.36;84.64;503734
20140318;84.6;85.17;84.6;84.96;363808
20140319;84.97;85.57;83.67;84.41;483814
20140320;84.33;84.94;83.98;84.25;455537
20140321;84.82;84.84;83.45;83.84;977741
20140324;83.88;83.94;81.57;82.18;672560
20140325;82.16;83.17;81.6;82.19;629569
20140326;82.67;83.45;82.02;82.02;472512
20140327;82.18;82.53;81.56;82.26;480395
20140328;82.64;83.49;82.2;82.49;379700
20140331;83.25;84.14;82.85;83.99;421848
20140401;84.22;84.6;83.78;84.18;626376
20140402;84.12;84.43;83.68;84.28;473844
20140403;84.64;84.83;84.11;84.8;1027957
20140404;85.18;86.6;84.49;84.85;850106
20140407;84.76;84.8;83.03;83.37;726670
20140408;83.3;84.42;83.04;83.94;843383
20140409;83.66;84.09;82.58;83.99;873105
20140410;83.75;83.75;81.07;81.08;955796
20140411;80.58;81.4;80;80.06;800656
20140414;80.55;81.1;79.98;80.66;746445
20140415;80.91;82.07;79.86;82.06;902258
20140416;82.56;82.63;80.6;80.89;657903
20140417;80.63;80.85;79.62;80.28;871493
20140421;80.32;81.45;80.32;81.24;554393
20140422;81.41;81.98;81.05;81.46;775423
20140423;81.2;81.55;80.46;81.31;1146184
20140424;78.5;80.32;78.32;78.74;1551019
20140425;78.43;78.86;77.74;78.66;794125
20140428;78.93;79.87;78.44;79.55;1158674
20140429;79.82;80.33;79.53;79.75;1065901
20140430;79.83;80.17;78.97;79.55;1089351
20140501;79.26;79.56;78.67;79.08;1042432
20140502;79.09;80.94;78.97;79.85;1262063
20140505;79.7;80.71;79.36;80.6;643419
20140506;80.47;81.49;80.47;80.86;1101176
20140507;81.07;81.17;79.67;80.33;1100079
20140508;80.39;81.19;80.39;80.92;628636
20140509;80.73;81.99;80.34;81.95;513809
20140512;82;83.45;81.67;83.39;658863
20140513;83.45;83.45;82.5;82.64;407828
20140514;82.41;82.45;81.79;82.27;594325
20140515;81.91;82.11;80.36;80.77;600697
20140516;80.67;81.09;80.21;81.06;622785
20140519;81.06;81.61;80.68;81.52;327105
20140520;81.47;81.52;80.48;80.82;331478
20140521;81.07;81.71;80.95;81.23;358743
20140522;81.26;81.78;80.86;81.36;349462
20140523;81.38;81.42;80.65;80.92;661255
20140527;80.87;83.13;80.87;82.84;688520
20140528;82.5;82.9;81.68;82.36;671403
20140529;82.55;83.22;82.43;82.5;268957
20140530;82.43;82.99;82.18;82.45;560984
20140602;82.48;82.67;82.01;82.33;342758
20140603;82.08;82.5;81.66;82.11;375860
20140604;82;82.18;81.38;81.83;433088
20140605;81.8;82.36;81.43;81.82;398667
20140606;81.98;82.19;81.09;82.05;868873
20140609;81.82;82.22;81.23;81.75;412983
20140610;81.65;81.73;80.88;81.62;504026
20140611;81.19;81.57;80.95;81.32;289243
20140612;81.16;81.72;80.53;81.69;428793
20140613;81.8;82.41;81.59;81.83;514778
20140616;82.09;82.94;81.99;82.29;595066
20140617;82.36;82.9;82.21;82.53;480262
20140618;82.51;83.73;82.27;83.72;597553
20140619;83.75;84.08;83.52;83.71;416851
20140620;83.97;84.4;83.94;84.34;600516
20140623;84.46;85.27;84.36;84.57;594254
20140624;84.26;84.53;83.19;83.27;543703
20140625;83.27;84.29;83.01;84.02;402887
20140626;83.88;84.03;82.99;84;352195
20140627;83.75;84.39;83.48;83.85;535057
20140630;83.62;83.71;82.53;83.14;527979
20140701;83.29;84.01;83.24;83.95;454637
20140702;83.9;84.12;83.47;84.05;294028
20140703;84;84.37;83.78;84.28;304797
20140707;84.04;85.14;83.92;84.48;487284
20140708;84.51;84.58;83.75;84.54;462780
20140709;84.93;85.31;84.44;85.29;572885
20140710;84.58;85.43;84.21;85.26;501271
20140711;85.05;85.19;84.66;85.14;540552
20140714;85.33;85.65;84.9;84.96;456625
20140715;84.96;85.32;84.16;84.68;276166
20140716;84.84;85.02;84.28;84.91;427134
20140717;84.43;84.7;83.23;83.25;441211
20140718;83.59;84.66;83.24;84.59;317249
20140721;84.11;84.36;83.48;84.27;384415
20140722;84.7;86.24;84.28;85.51;671551
20140723;85.9;87.85;85.51;87.52;1414387
20140724;84.4;85.25;82.03;83.36;2200460
20140725;82.86;83.38;82.39;82.74;1141063
20140728;82.72;83.59;82.46;83.3;679400
20140729;83.35;83.62;82.97;83.14;524908
20140730;83.62;83.96;82.94;83.09;621719
20140731;82.91;83.22;82.12;82.15;455489
20140801;81.85;82.29;81.11;81.89;618926
20140804;81.89;83.54;81.75;83.38;455052
20140805;82.7;83.7;82.67;82.9;463909
20140806;82.45;83.83;82.45;83.46;528491
20140807;83.57;84.35;82.99;83.55;1011155
20140808;83.49;85.41;83.49;85.21;1150095
20140811;85.43;85.43;84.63;84.78;636213
20140812;84.71;85.57;84.31;85.14;580749
20140813;85.28;85.78;84.96;85.38;589270
20140814;85.4;85.77;85.1;85.34;477457
20140815;85.41;85.57;83.49;84.24;719710
20140818;85.1;85.55;84.8;85.02;580322
20140819;85;85;84.51;84.69;502332
20140820;84.37;84.66;83.42;84.23;680087
20140821;84.46;84.91;84.25;84.51;450686
20140822;84.51;84.9;84.15;84.34;388977
20140825;84.69;84.86;84.35;84.55;219760
20140826;84.82;85.24;84.5;84.99;500416
20140827;85;85.37;84.8;85;462986
20140828;84.6;85;84.09;84.81;527497
20140829;84.79;85.09;84.59;85.02;619635
20140902;85.23;85.83;84.88;85.11;532548
20140903;85.6;85.72;85.11;85.3;292908
20140904;85.32;85.8;84.65;84.79;251974
20140905;84.8;85.15;84.1;85.07;407887
20140908;85.05;85.82;85.05;85.72;368133
20140909;85.74;85.74;85.07;85.37;312166
20140910;85.65;86.03;85.38;85.92;363357
20140911;85.51;86.17;85.26;85.97;328727
20140912;85.85;86.13;84.96;85.33;524624
20140915;84.97;84.97;82.91;83.62;1084619
20140916;83.26;83.54;82.58;83.02;897515
20140917;83.13;83.15;82.29;82.5;838139
20140918;82.89;82.89;82.38;82.73;984976
20140919;83.2;83.27;82.42;82.63;870747
20140922;82.5;82.54;81.45;81.6;635099
20140923;81.17;81.91;80.9;81.66;658162
20140924;81.78;82.6;81.55;82.48;735119
20140925;82.13;82.43;80.88;80.89;631473
20140926;81.03;81.31;80.16;80.9;1049386
20140929;80.47;81.43;80.1;81.2;501322
20140930;81.07;81.46;80;80.12;785767
20141001;80.28;80.33;79.58;79.98;961515
20141002;79.96;80.68;79.26;80.06;1081433
20141003;80.37;81.24;80.37;80.7;645227
20141006;81.17;81.56;80.97;81.09;680149
20141007;80.69;80.91;79.48;79.48;441999
20141008;79.66;80.44;78.97;80.44;866725
20141009;80.38;80.83;79.55;79.86;601770
20141010;80;80.74;79.59;79.61;438062
20141013;79.45;80.14;79.05;79.08;400654
20141014;79.41;80.66;79.28;80;816768
20141015;78.83;78.92;76.73;78.17;1008178
20141016;77.67;79.64;77.29;78.97;917630
20141017;79.46;80.25;79;79.34;586609
20141020;79.35;80.38;79.35;80.35;650189
20141021;81.08;81.99;80.93;81.84;848545
20141022;81.78;82.12;80.7;80.99;1779201
20141023;78.03;79.85;77.7;79.69;3226960
20141024;79.53;80.94;79.2;80.74;995876
20141027;80.81;82.02;80.73;82.01;1387520
20141028;82.36;83.76;82.11;83.68;1311543
20141029;83.63;84.42;82.66;83.16;655183
20141030;82.74;84.34;82.54;84;610322
20141031;84.5;84.79;83.62;84.12;680598
20141103;84.58;84.6;83.25;83.76;1048035
20141104;83.42;84.6;83.36;84.31;831688
20141105;84.62;84.85;83.95;84.41;614868
20141106;84.45;85.3;84.12;85.17;734087
20141107;85.16;85.31;84.34;84.64;647907
20141110;84.61;85.52;84.5;85.32;488370
20141111;85.21;87.89;85.21;86.87;891091
20141112;86.76;87.61;85.76;87.4;904098
20141113;87.32;88.92;87.12;88.68;1298683
20141114;88.59;88.63;87.25;87.58;938964
20141117;87.35;88;87.05;87.61;685807
20141118;87.5;88.61;87.13;88.35;590679
20141119;88.35;88.4;87.19;87.66;632503
20141120;87.47;88.04;86.99;87.88;473755
20141121;88.78;89.15;87.63;87.75;414978
20141124;87.82;88.83;87.51;88.75;627762
20141125;88.78;89.12;88.4;89.09;1408862
20141126;89.46;89.62;88.82;89;526785
20141128;89.31;89.9;88.38;88.51;445548
20141201;88.54;89.17;87.75;88.27;710762
20141202;88.75;88.95;87.72;87.92;849589
20141203;87.54;88.02;87.05;87.68;622776
20141204;87.76;88;87.09;87.34;500820
20141205;87.35;87.88;86.91;87.33;452242
20141208;87.49;88.32;87.21;88.27;522156
20141209;87.57;88.93;87.31;88.85;524567
20141210;88.91;89;86.58;86.6;683989
20141211;86.63;87.11;86.05;86.23;615943
20141212;85.84;86.43;85.11;85.15;630877
20141215;86.26;86.58;84.57;84.98;539265
20141216;84.95;86.75;84.79;85.07;610381
20141217;85.54;86.63;84.8;86.08;804561
20141218;86.85;87.18;85.79;87.17;719108
20141219;87.61;88.5;87.12;88.04;1131517
20141222;88.04;88.88;87.94;88.6;432856
20141223;88.7;88.85;87.47;87.75;413935
20141224;87.87;89.03;87.82;88.44;213310
20141226;88.52;89.05;88.23;88.62;333551
20141229;88.35;88.91;88.35;88.49;266910
20141230;88.6;89;87.96;88.01;304225
20141231;88.05;88.61;86.46;86.51;366763
20150102;87;88.74;86.38;87.02;588094
20150105;86.71;87.05;85.62;85.74;722465
20150106;85.73;86.08;84.38;84.86;591687
20150107;85.57;87.15;85.47;86.84;664067
20150108;87.34;88.86;87.34;88.84;728171
20150109;88.9;88.92;87.34;87.38;593603
20150112;87.6;87.84;86.72;87.39;518537
20150113;87.75;88.5;86.34;86.89;652451
20150114;87;87.45;86.2;87.12;450819
20150115;87.23;87.53;86.13;86.15;411094
20150116;86.21;87.69;85.79;87.59;818132
20150120;87.9;88;86.4;86.86;486663
20150121;86.82;87.33;86.16;86.85;493903
20150122;87.09;88.4;86.29;88.25;730500
20150123;88.03;88.03;87.14;87.23;930068
20150126;87.34;87.67;86.81;87.28;759704
20150127;86.75;87.43;85.72;87.07;987073
20150128;87.32;87.97;86.13;86.52;1301035
20150129;88.59;95.7;88.55;94.04;3432108
20150130;93.35;94.62;92.35;92.56;1419496
20150202;92.1;93.28;91.07;92.86;1332422
20150203;93.31;93.99;92.03;92.65;1040617
20150204;92.17;93.68;91.59;91.91;1283012
20150205;92.15;93.33;91.73;92.05;757363
20150206;92.24;92.91;91.54;92.53;1071126
20150209;92.58;93.44;91.73;92.25;871681
20150210;92.56;92.96;91.79;92.53;586580
20150211;92.47;93.24;92.12;92.32;639908
20150212;92.56;92.98;91.84;92.62;619327
20150213;92.2;93.13;92.2;92.65;555141
20150217;92.77;92.87;92.14;92.86;603174
20150218;93.01;94.17;92.95;93.77;648239
20150219;93.72;93.97;92.11;92.61;505575
20150220;92.17;92.93;91.49;92.9;652884
20150223;92.59;93.29;92.59;93.16;500167
20150224;93.26;93.64;92.93;93.54;359155
20150225;93.27;93.91;93.27;93.61;335488
20150226;93.69;93.84;92.35;92.45;567470
20150227;92.47;93.39;92.46;92.97;543412
20150302;93.07;94.24;93;94.17;693825
20150303;93.67;94.17;93.36;93.9;514851
20150304;93.19;93.99;92.71;93.78;550506
20150305;93.84;94.4;93.47;94.22;453586
20150306;93.52;94.12;93;93.18;777018
20150309;93.04;94.5;93.04;94.37;663868
20150310;93.62;93.85;92.53;92.53;773361
20150311;92.43;93.4;92.08;92.97;685311
20150312;93.2;94.74;92.95;94.64;556044
20150313;94.28;94.62;92.68;93.4;856537
20150316;93.88;95.46;93.88;94.91;507400
20150317;94.22;94.63;93.56;94.34;423199
20150318;93.85;95.11;93.44;94.57;478645
20150319;94.18;94.8;93.7;94.79;483787
20150320;95.41;95.53;93.97;94.51;614367
20150323;94.61;94.99;94.3;94.6;519222
20150324;94.35;95;93.68;93.72;579871
20150325;93.73;94.8;92.72;92.72;430391
20150326;92.56;93.33;92.08;92.87;512582
20150327;93.09;94.09;92.69;93.74;442202
20150330;94.34;94.89;94.15;94.79;556707
20150331;94.67;95.4;94.06;94.09;603581
20150401;94.22;94.44;92.35;93.06;734097
20150402;93.23;93.98;92.56;93.79;401366
20150406;93.85;94.85;93.53;94.55;988687
20150407;94.8;94.8;94.01;94.05;592347
20150408;94.11;94.8;93.59;94.13;483888
20150409;93.92;94.44;93.2;94.17;564734
20150410;94.53;94.8;94.15;94.39;576517
20150413;94.4;94.82;94.18;94.31;410768
20150414;94.35;94.55;93.37;93.99;360297
20150415;94.14;94.62;93.78;94.58;741297
20150416;94.57;95.27;94.12;95.09;468219
20150417;94.38;94.54;93.16;93.78;541219
20150420;94.03;95.23;94.03;94.9;434510
20150421;95.2;95.67;94.87;95.45;823680
20150422;95.7;96.15;95.19;95.97;436612
20150423;95.83;96.67;95.66;96.14;451152
20150424;96.11;96.17;95.39;95.5;550379
20150427;95.59;95.96;94.62;94.89;845374
20150428;94.76;95.08;93.34;94.8;787185
20150429;94.43;95.2;94.16;94.82;1009722
20150430;89.9;89.98;87.16;88.85;2723511
20150501;88.89;89.6;88.16;88.59;1179446
20150504;88.96;89.25;88.06;88.39;936957
20150505;88.35;88.42;86.61;86.64;734795
20150506;86.79;87.1;86.15;86.7;619347
20150507;87.09;87.73;86.84;87.19;848444
20150508;88.03;88.63;87.71;87.94;675781
20150511;87.71;88.01;87.44;87.64;459860
20150512;87.16;87.6;86.69;86.9;506491
20150513;86.86;86.86;85.71;86.06;1058915
20150514;86.83;87.69;86.77;87.59;1006901
20150515;87.78;88.24;86.88;87.25;1091958
20150518;87.39;87.89;86.87;87.66;900695
20150519;87.88;87.99;87.26;87.44;964419
20150520;87.35;88.14;87.23;87.55;749992
20150521;87.41;87.63;87.07;87.51;828895
20150522;87.3;87.73;86.97;87.57;708168
20150526;87.21;87.57;85.97;86.37;645958
20150527;86.72;87.35;86.12;87.11;807667
20150528;87.04;87.62;86.59;87.4;758821
20150529;87.66;87.96;86.4;86.6;1654070
20150601;86.53;86.76;85.6;85.91;1137065
20150602;85.86;86.94;85.55;86.46;651543
20150603;86.76;87.71;86.65;87.53;704949
20150604;87.29;87.79;86.59;86.69;907762
20150605;86.4;86.92;85.82;86.82;661983
20150608;86.57;87.04;86.12;86.15;856997
20150609;86.01;86.35;85.78;85.94;456729
20150610;86;86.4;85.57;86.26;1393117
20150611;86.48;86.89;86.15;86.63;608091
20150612;86.41;86.61;85.71;85.78;641600
20150615;85.52;85.61;84.86;85.31;636572
20150616;85.37;86.3;85.07;86.08;941286
20150617;86.34;86.49;85.4;85.97;639886
20150618;86.73;88.08;86.28;87.71;809991
20150619;87.65;88.26;87.56;88;1635757
20150622;88.59;88.59;87.88;88.04;571519
20150623;88.18;88.2;87.32;87.35;551146
20150624;87.02;87.44;85.99;86.02;574289
20150625;86.02;86.57;85.2;85.32;715340
20150626;85.54;85.8;84.89;85.29;844115
20150629;84.62;85;83.56;83.6;861529
20150630;84.6;84.89;83.94;84.33;593287
20150701;84.88;84.93;83.84;84.38;753458
20150702;84.51;86.08;84.51;85.91;1382608
20150706;85.17;86.5;85.17;86.09;1374209
20150707;86.1;86.54;84.99;86.45;641443
20150708;85.96;86.89;84.78;84.8;691940
20150709;85.73;86.12;84.97;84.98;678520
20150710;85.93;87.17;85.93;86.8;567190
20150713;87.18;87.86;86.79;87.79;479965
20150714;87.88;88.2;87.62;87.87;528288
20150715;87.79;87.98;87.21;87.36;381450
20150716;87.69;88.49;87.35;87.86;464639
20150717;87.71;87.78;87.14;87.7;421927
20150720;87.82;88.02;87.32;87.72;340916
20150721;87.76;88.46;87.1;87.26;711074
20150722;87.45;88.12;87.16;87.79;494275
20150723;87.95;88.18;87.38;87.58;354067
20150724;87.47;88.07;86.99;87.14;415594
20150727;86.94;87.37;86.67;87.31;719563
20150728;87.58;89.55;87.58;89.33;1054523
20150729;89.59;90.78;89.44;90.39;1447480
20150730;87.89;89.08;84.08;86;2448076
20150731;86.09;87.13;85.7;86.07;1129763
20150803;86.08;86.23;85.05;85.74;1258396
20150804;86;86.72;85.73;86.19;805437
20150805;86.79;88;86.55;87.34;708802
20150806;87.61;87.73;86.08;86.55;439367
20150807;86.37;86.66;85.6;86.11;614697
20150810;86.87;87.26;86.7;87.21;510769
20150811;86.61;86.82;85.93;86.19;763171
20150812;85.75;86.99;85.28;86.82;626073
20150813;86.79;87.5;86.09;87.01;476907
20150814;86.71;87.18;86.59;86.91;420105
20150817;86.56;87.56;86.34;87.3;443091
20150818;87.41;88.28;87.14;87.46;475975
20150819;86.93;87.12;86.44;86.65;576093
20150820;85.78;86.39;85.04;85.08;579230
20150821;84.32;85.12;83.01;83.07;1310101
20150824;78.82;81.6;77.96;78.98;1204615
20150825;80.34;80.97;77.05;77.1;1911651
20150826;78.6;79.94;77.52;79.77;1092211
20150827;80.9;81.92;79.56;81.82;994384
20150828;81.33;82.53;81.28;82.47;734549
20150831;82.24;82.88;81.16;81.25;981819
20150901;79.38;80.44;78.39;78.75;834910
20150902;79.6;80.65;78.82;80.65;686882
20150903;81;81.73;80.56;80.75;456822
20150904;79.7;80.26;78.86;79.2;513786
20150908;80.05;80.75;79.58;80.63;763469
20150909;81.3;81.5;79.27;79.43;646537
20150910;79.33;80.14;79.18;79.58;692187
20150911;79.28;80.03;79.06;79.25;847048
20150914;79.5;79.75;78.62;78.92;588281
20150915;79;79.35;78.51;78.85;1458639
20150916;79;79;78.46;78.73;1097579
20150917;78.89;79.5;78.26;78.64;1201635
20150918;77.67;78.4;77.45;77.61;2101219
20150921;77.86;79.02;77.7;78.53;1116573
20150922;77.77;77.93;76.58;77.25;790095
20150923;77.12;77.97;76.73;76.79;861233
20150924;76.14;76.44;75.03;75.75;1160680
20150925;76.24;76.71;74.74;75.27;867373
20150928;73.96;74;71.07;71.44;1433368
20150929;71.45;73.83;71.38;73.25;1318984
20150930;73.91;75.13;73.15;73.78;1008981
20151001;73.96;73.98;73.06;73.73;752048
20151002;72.98;75.24;72.74;75.19;792199
20151005;75.61;76.34;74.89;76.08;632192
20151006;75.8;76.19;74.91;75.42;775326
20151007;76.01;77.02;75.3;76.69;612077
20151008;76.41;77.61;76.19;77.42;798617
20151009;77.37;78.05;77.03;77.97;491755
20151012;78.15;78.16;76.77;76.82;1212871
20151013;76.4;77;75.68;75.95;1054620
20151014;76.16;76.34;75.22;75.42;1176255
20151015;75.78;76.98;75.54;76.97;906561
20151016;77.35;77.51;76.55;77.08;1079777
20151019;76.99;78.63;76.84;78.47;939226
20151020;73.45;75.71;73.45;75.3;2455143
20151021;75.7;75.78;74.49;75.19;770617
20151022;75.52;76.37;74.96;75.9;1054126
20151023;76.42;77.42;76.3;77.26;967024
20151026;77.12;77.66;76.6;77.02;744913
20151027;76.82;77.11;75.84;76.17;755911
20151028;76.41;77.8;75.92;77.15;1255333
20151029;75.29;78.7;74.98;78.55;1039216
20151030;78.66;79.14;78.19;78.53;762945
20151102;78.79;79.28;78.42;78.62;1086825
20151103;78.5;79.57;78.1;79.03;1665376
20151104;79.31;79.75;79.17;79.42;764583
20151105;79.74;80.48;79.28;80.34;801076
20151106;79.95;80.89;79.95;80.88;737507
20151109;80.63;80.9;80.08;80.69;943342
20151110;80.5;81.17;80.36;80.78;798146
20151111;81;81.45;80.63;80.72;933729
20151112;79.49;80.08;78.4;78.5;1061248
20151113;78.45;78.77;78.18;78.47;871995
20151116;78.34;79.16;78.13;79.14;486551
20151117;79.14;79.26;78.22;78.51;771115
20151118;78.69;79.63;78.32;79.5;758913
20151119;79.25;79.7;79.14;79.38;412780
20151120;79.86;80.79;79.72;80.62;585339
20151123;80.6;81.54;80.57;80.81;694663
20151124;80.53;81.16;80;80.91;591177
20151125;80.97;81.03;80.47;80.7;286653
20151127;80.63;81.01;80.04;80.8;231148
20151130;81;81.12;80.56;80.78;785074
20151201;81.12;81.7;80.23;81.62;931326
20151202;81.67;81.99;81.12;81.25;742096
20151203;81.31;81.66;79.4;79.63;612562
20151204;79.79;80.5;79.25;80.23;872703
20151207;80;80.68;79.59;80.56;674922
20151208;80;80.03;79.01;79.53;850304
20151209;78.88;80.01;78.64;78.81;810841
20151210;78.73;79.1;78.33;78.61;479002
20151211;77.8;77.98;77.24;77.66;687292
20151214;77.77;78.59;77.44;77.9;643640
20151215;78.53;78.85;78.25;78.62;590910
20151216;79.19;79.76;78.02;79.63;574915
20151217;79.75;79.75;78.26;78.45;762154
20151218;78.11;79.69;77.81;78.9;1779219
20151221;79.28;79.54;78.7;79.41;883990
20151222;79.69;80.41;79.37;80.19;737560
20151223;80.55;81;80.03;80.79;428866
20151224;80.72;81.44;80.72;81.12;141762
20151228;80.71;81.25;80.4;81.09;406823
20151229;81.64;82.16;81.39;81.82;394269
20151230;81.84;82.11;81.07;81.35;335039
20151231;80.92;81.48;80.8;80.8;414248
20160104;79.73;80.25;78.08;78.65;1205767
20160105;78.68;79.05;78.25;78.84;586326
20160106;78.04;78.6;77.64;78.43;1118277
20160107;77.19;77.68;76.27;76.8;1059141
20160108;76.98;77.46;76.28;76.55;912460
20160111;76.72;77.12;75.44;76.12;840357
20160112;76.79;77.78;75.7;76.36;617486
20160113;76.75;77.41;74.96;75.31;844481
20160114;75.47;76.54;74.51;76.06;631785
20160115;74.68;76.35;74.48;76.08;1013001
20160119;76.95;77.49;75.27;75.94;692065
20160120;74.88;75.73;73.34;75.25;1441633
20160121;75.65;75.7;74.16;74.81;815486
20160122;75.58;76.43;74.91;76.33;839723
20160125;75.95;76.6;75.43;75.55;768013
20160126;75.78;77.44;75.52;77.06;865559
20160127;77.06;79.29;77.06;77.7;1607783
20160128;75.5;76.02;74.56;75.13;2647104
20160129;74.59;77.18;74.59;77.13;1430271
20160201;76.51;77.6;76;77.2;757023
20160202;76.39;76.93;75.6;75.94;874089
20160203;76.67;76.76;74.43;75.49;1183954
20160204;75.4;76.55;75.09;75.9;1030364
20160205;75.79;76.08;74.37;74.69;1005024
20160208;74.22;74.35;73.3;74.02;1030803
20160209;73.23;75.27;73.18;74.87;1028743
20160210;75.05;78.54;75.05;77.13;1247291
20160211;75.83;76.89;74.56;75.19;898061
20160212;75.65;76.31;75.03;75.86;515570
20160216;76.7;78.48;76.53;78.03;770347
20160217;78.36;78.97;77.91;78.92;686212
20160218;78.71;79.36;78.17;78.23;621165
20160219;78.21;78.65;77.47;77.78;1723436
20160222;78.29;78.99;78.05;78.74;791296
20160223;78.31;78.85;77.16;77.41;740676
20160224;77.03;77.68;76.13;77.59;596714
20160225;77.91;79.07;77.54;79.05;561461
20160226;79.26;79.43;78.52;78.96;525564
20160229;78.8;79.5;78.22;78.22;698458
20160301;78.56;79.71;78.14;79.61;705669
20160302;79.06;79.37;78.4;78.92;830165
20160303;78.76;79.15;78.16;79.07;534884
20160304;79.05;79.78;78.88;79.21;336932
20160307;78.84;80;78.37;79.7;465301
20160308;79.1;79.73;78.79;79.47;817128
20160309;79.68;79.68;77.86;78.03;1011432
20160310;78.09;78.65;77.06;77.72;770077
20160311;78.11;79.48;77.66;79.26;1144089
20160314;78.92;79.55;78.64;79.03;409962
20160315;78.42;78.58;77.59;77.7;586798
20160316;77.58;78.2;77.1;77.42;615351
20160317;77.38;77.71;75.92;76.73;675635
20160318;77.12;79.22;76.7;78.97;984762
20160321;78.7;79.27;78.45;78.76;503502
20160322;78.46;79.57;78.41;79.42;407604
20160323;79.4;79.4;78.58;78.69;446097
20160324;78.02;78.16;77.17;77.73;392419
20160328;78.03;78.13;77.53;77.94;293278
20160329;77.97;79.58;77.95;79.53;404111
20160330;80.06;80.18;79.54;79.8;409826
20160331;79.71;80.4;79.64;80.02;723446
20160401;79.74;81.32;79.32;81.15;503189
20160404;81.5;82.62;81.24;82.05;657996
20160405;81.34;81.65;80.51;80.62;380287
20160406;80.58;81.9;80.46;81.89;569026
20160407;81.31;81.46;80.02;80.41;489367
20160408;80.66;80.76;79.8;80.12;323384
20160411;80.38;80.81;80.2;80.24;387523
20160412;80.34;81.42;79.91;81.21;405770
20160413;81.68;82.96;81.65;82.79;514525
20160414;82.66;83.8;82.57;83.5;673160
20160415;83.66;83.99;83.35;83.93;918966
20160418;83.98;85.13;83.01;85.01;584924
20160419;85.2;85.65;84.75;85.12;644327
20160420;85.17;85.97;84.27;85.63;680556
20160421;85.46;86.1;84.57;85.01;656907
20160422;85;85.71;84.53;85.17;445964
20160425;84.96;85.44;84.4;84.61;457460
20160426;84.83;85.14;83.86;84.26;578476
20160427;84.51;85.25;84;84.86;816398
20160428;82.94;85.52;82.07;82.43;1469246
20160429;81.99;82.03;80.57;81.18;957066
20160502;81.39;82.06;81.13;82.06;685342
20160503;81.75;82.29;81.67;81.92;940962
20160504;81.75;81.85;81.07;81.2;570976
20160505;81.25;81.65;81.03;81.28;686052
20160506;80.84;81.53;80.51;81.47;521350
20160509;81.46;82.42;81.26;82.11;503195
20160510;82.32;82.45;81.5;82.26;460644
20160511;81.96;82.77;81.86;81.97;528460
20160512;82.17;82.47;81.69;82.26;671341
20160513;81.98;82.58;81.82;82.11;548988
20160516;82.04;84;82.04;83.95;873681
20160517;83.91;84.54;83.14;83.58;1116212
20160518;83.19;84.64;82.97;83.56;1138231
20160519;83.02;83.32;82.39;82.91;490157
20160520;83.37;84.27;82.68;83.76;658395
20160523;83.73;83.98;83.01;83.07;379540
20160524;83.3;83.91;82.51;83.37;1042762
20160525;83.48;83.58;82.44;82.6;740567
20160526;82.49;82.69;81.8;81.9;664725
20160527;81.95;82.18;81.72;82.05;425990
20160531;82.05;82.92;81.75;82.79;1294538
20160601;82.76;82.76;82.12;82.66;587571
20160602;82.52;83.64;82.52;83.64;587351
20160603;83.37;83.61;82.97;83.36;524565
20160606;83.25;84.35;83.24;84.13;596599
20160607;83.41;84.77;83.41;84.52;645830
20160608;84.41;85.58;84.38;85.52;512259
20160609;85.49;86.24;84.79;85.57;600512
20160610;85.07;85.4;84.29;85.3;863580
20160613;84.84;85.33;83.73;83.79;769560
20160614;83.52;83.57;82.97;83.44;386917
20160615;83.72;83.93;82.56;82.61;524337
20160616;82.35;82.4;81.13;81.81;970008
20160617;81.6;82.03;80.72;81.02;1222119
20160620;81.6;82.23;81.58;81.68;693768
20160621;82.12;82.54;82.01;82.24;669426
20160622;82.43;84.25;82.43;83.08;1308653
20160623;83.9;84.31;83.66;84.31;769679
20160624;82.33;83.15;80.06;80.11;1649425
20160627;79.42;79.53;77.64;78.04;1248273
20160628;78.45;79.3;78.43;79.21;540760
20160629;79.79;80.73;79.53;80.61;571971
20160630;80.73;82.23;80.49;82.23;868264
20160701;82.34;82.88;82.02;82.6;565653
20160705;82.4;82.65;81.6;81.8;660870
20160706;80.73;82.94;80.73;82.74;657053
20160707;82.74;83.86;82.73;83.82;763272
20160708;84.21;85.09;84.06;84.99;564709
20160711;85.32;85.92;85.08;85.8;498448
20160712;86;86.92;85.78;86.26;785312
20160713;86.77;86.85;86.2;86.39;322897
20160714;86.95;86.97;86.33;86.55;336265
20160715;86.94;87.3;86.35;86.41;627690
20160718;86.3;86.99;85.94;86.48;411222
20160719;86.14;86.52;86;86.4;416240
20160720;86.78;87.54;86.59;87.11;464480
20160721;86.9;87.24;86.34;86.73;560016
20160722;86.85;87.23;86.04;87.04;650997
20160725;87.04;87.04;86.32;86.63;347198
20160726;86.66;87.75;86.47;87.72;593123
20160727;87.72;88.91;87.17;88.5;1159964
20160728;90.37;94.33;90.1;94.03;1894807
20160729;94.09;95.06;93.39;94.74;1180328
20160801;94.44;95.38;94.44;94.84;1164421
20160802;94.84;94.98;94.15;94.46;807552
20160803;94.46;94.86;94.1;94.65;882874
20160804;94.63;95.21;94.59;94.82;648019
20160805;95.08;95.33;94.81;95.25;665826
20160808;95.25;95.47;94.74;95.01;418502
20160809;95.06;95.42;94.67;94.86;685000
20160810;94.93;95.24;94.49;95.21;458294
20160811;95.34;95.49;95.05;95.14;461742
20160812;94.96;94.96;94.19;94.92;421505
20160815;95.24;95.26;94.53;94.83;505418
20160816;94.64;94.88;93.64;93.64;726191
20160817;93.75;94.04;93.03;93.71;662883
20160818;93.58;93.95;93.42;93.95;438642
20160819;93.55;94.58;93.36;94.55;2662562
20160822;94.3;95.35;94.26;95.22;583600
20160823;95.55;95.6;95.07;95.07;364348
20160824;95.01;95.93;94.24;94.46;652776
20160825;94.32;95.33;93.87;94.64;574919
20160826;94.91;95.42;94.41;95.37;455764
20160829;95.41;96.31;95.41;96.31;492391
20160830;96.08;96.68;95.91;96.39;632389
20160831;96.35;96.51;95.54;96.13;498666
20160901;96.36;96.45;95.28;95.89;424422
20160902;95.93;96.67;95.13;96.41;701592
20160906;96.63;96.95;95.89;96.49;517743
20160907;96.33;97.45;96.07;97.27;562514
20160908;97.15;97.48;96.91;97;411594
20160909;96.21;96.29;93.62;93.63;587173
20160912;93.05;95.72;93;95.46;647857
20160913;95.02;95.4;94.42;94.67;649139
20160914;94.59;95.16;94.05;94.58;745913
20160915;94.6;96.39;94.45;96.15;515462
20160916;96.08;96.36;95.49;95.87;1018620
20160919;95.93;96.91;95.43;96.05;470374
20160920;96.73;96.92;95.66;96.01;412754
20160921;96.23;97.98;96.23;97.77;535866
20160922;98.01;98.73;97.51;98.5;547507
20160923;98.31;98.79;97.96;98.17;626520
20160926;97.74;98.04;97.33;97.65;381375
20160927;97.88;99;97.62;98.81;419826
20160928;98.73;99.66;98.73;99.55;534998
20160929;99.41;99.49;97.85;98.54;706527
20160930;99.12;100.07;99.07;99.53;1152026
20161003;99.02;99.56;98.2;99.43;520515
20161004;99.36;99.92;98.88;99.23;546970
20161005;99.51;99.73;99;99.11;770993
20161006;98.99;99.12;98.44;98.87;575008
20161007;98.94;99.26;98.35;99.02;643839
20161010;99.48;100.42;98.8;98.91;1166207
20161011;98.63;98.74;96.59;97.22;819896
20161012;97.5;97.7;97.12;97.14;501565
20161013;96.51;96.68;95.85;96.28;924100
20161014;96.71;96.79;95.7;95.76;693528
20161017;95.76;95.93;95.24;95.87;513192
20161018;96.75;97.23;96.16;96.38;630446
20161019;96.38;97.01;96.14;96.93;439937
20161020;96.87;106.7;96.63;100.29;8171111
20161021;99.43;99.43;96.77;97.25;1585300
20161024;97.89;98.19;97.3;97.57;696678
20161025;97.47;97.69;95.34;95.45;759508
20161026;94.78;94.78;93.39;94.08;1340995
20161027;88.33;90.73;87.78;89.95;2571345
20161028;89.97;91.09;89.67;90.09;772294
20161031;90.02;91.58;88.97;90.73;1184811
20161101;91.14;91.24;89.22;89.7;1148214
20161102;89.71;90.43;89.16;89.39;709325
20161103;89.84;90.37;89.37;89.46;535075
20161104;89.68;90.27;89.1;89.14;814531
20161107;90.41;91.12;89.86;91.07;626040
20161108;91.03;92.06;90.2;91.69;626249
20161109;89.52;90;85.76;88.51;1723280
20161110;89.34;89.99;87.53;88.85;1091209
20161111;88.58;89.16;87.85;87.99;666722
20161114;88.03;88.8;87.52;87.84;993091
20161115;88.11;89.56;88.03;89.36;608998
20161116;89.22;89.6;88.44;88.62;714988
20161117;88.73;89.65;88.73;89.52;579282
20161118;89.28;89.98;87.99;88.25;1659820
20161121;88.35;89.83;88.35;89.66;658576
20161122;89.33;90.04;88.59;89.99;637667
20161123;89.76;91.62;89.5;91.62;621019
20161125;91.89;92.45;91.6;92.14;317563
20161128;91.66;92.13;91;91.08;629746
20161129;91.09;91.87;91.09;91.36;520549
20161130;91.3;91.36;89.35;89.83;877115
20161201;89.95;90.18;88.43;88.67;719253
20161202;89.27;90;88.51;89.78;557818
20161205;90.4;90.54;89.71;90.1;1110999
20161206;90.5;90.7;88.67;89.78;634209
20161207;89.32;90.54;88.59;90.22;757982
20161208;90.3;90.73;89.97;90.54;734712
20161209;90.57;91.38;90.45;91.24;526099
20161212;91.09;91.72;91.06;91.48;567711
20161213;91.8;92.57;91.43;92.19;755695
20161214;92.09;92.27;90.36;90.81;889863
20161215;90.66;91.42;90.38;91.26;824547
20161216;91.58;91.98;90.9;91.06;1145350
20161219;91.13;91.64;90.95;91.11;569351
20161220;90.99;91.34;90.44;90.49;388510
20161221;90.61;90.92;90.11;90.46;489476
20161222;90.56;90.75;89.94;90.27;415284
20161223;90.54;91.32;89.95;91.01;252445
20161227;91.08;91.87;91.08;91.58;327977
20161228;91.54;91.61;90.59;90.65;315743
20161229;90.54;91.16;89.96;90.24;482246
20161230;90.66;90.68;89.45;89.78;554068
20170103;90.28;90.68;89.47;90.68;868391
20170104;90.82;90.82;88.12;89.14;985666
20170105;88.92;89.17;88.42;88.82;710847
20170106;88.7;89.75;88.7;89.21;691413
20170109;89.46;89.9;88.81;89.57;619016
20170110;89.54;90.2;89.26;89.99;1181322
20170111;90.11;91.56;89.26;90.11;1154095
20170112;89.75;90.22;89.12;90.15;628344
20170113;90.48;91.13;90.01;90.68;596687
20170117;90.06;90.44;89.73;90.06;1125216
20170118;90.3;90.3;88.89;89.78;801152
20170119;89.64;89.92;89.07;89.48;924728
20170120;89.41;90;89.35;89.92;733101
20170123;90;90.43;89.55;90;1232381
20170124;90.28;90.59;89.32;90.3;1132867
20170125;90.49;92.83;89.94;92.42;2305220
20170126;89.88;92;86.31;86.47;3579290
20170127;86.36;88.81;86.15;88.8;1538713
20170130;78.05;78.99;76.94;77.68;2495297
20170131;77.68;77.96;77.08;77.65;1318006
20170201;77.7;79.16;77.42;79.11;1126898
20170202;78.75;78.99;78.15;78.6;1090528
20170203;78.75;79.87;78.45;79.78;866355
20170206;79.5;79.86;77.82;78.26;875417
20170207;78.38;79.01;78.14;78.43;822272
20170208;77.93;79.54;77.73;79.21;838352
20170209;79.02;80.38;79.02;80.08;632090
20170210;80.4;80.76;80.19;80.4;556544
20170213;80.37;80.65;79.64;80.17;769756
20170214;79.86;80.75;79.86;80.6;552379
20170215;80.32;81.25;80.32;81.12;633798
20170216;81.02;81.99;81.02;81.93;940385
20170217;81.89;83.84;81.55;83.61;2131569
20170221;83.98;84.01;83.1;83.54;871149
20170222;83.43;83.62;82.74;83.54;775201
20170223;83.59;84.15;83.2;84.03;470501
20170224;83.56;84.79;83.56;84.72;748990
20170227;84.47;84.72;84.11;84.26;760424
20170228;84.03;84.57;83.54;83.89;976856
20170301;84.62;85.79;84.23;85.53;738326
20170302;85.43;86.46;85.23;86.03;994395
20170303;85.99;86.97;85.8;86.92;1255390
20170306;86.29;86.8;85.94;86.18;1240389
20170307;85.71;86.51;85.47;86.06;650522
20170308;86.15;86.96;85.97;86.66;807022
20170309;86.88;87.47;86.66;87.36;524045
20170310;86.94;87.95;86.93;87.84;762653
20170313;87.77;88.27;87.67;88.19;821770
20170314;87.78;88.45;87.68;88.23;822127
20170315;88.51;90.61;88.33;90.22;992527
20170316;90.15;90.56;89.71;89.89;732723
20170317;89.95;91.9;89.89;91.52;1318146
20170320;91.43;92;91.25;91.51;860589
20170321;91.87;92.57;90.64;90.74;1002614
20170322;90.99;91.44;90.62;91.36;655090
20170323;91.36;91.99;91.1;91.34;471668
20170324;91.55;91.78;90.86;91.18;734539
20170327;90.81;91.71;90.33;91.65;675363
20170328;91.44;91.7;90.57;91.35;620432
20170329;91.2;91.31;90.87;91.14;469945
20170330;91.01;91.47;90.76;91.17;511077
20170331;90.99;91.38;90.83;91.13;454114
20170403;91.07;91.7;90.84;91.49;1017527
20170404;91.1;91.45;90.3;91.24;954741
20170405;91.57;92.16;90.94;91.03;715350
20170406;91.16;91.81;90.8;91.35;881726
20170407;91.03;91.31;90.62;90.78;973287
20170410;90.73;90.96;90.18;90.43;748415
20170411;90.12;90.55;88.44;90.04;1741805
20170412;90.4;90.42;89.32;89.44;1061281
20170413;89.07;89.36;88.81;88.86;692609
20170417;88.91;89.48;88.8;89.26;579603
20170418;88.8;89.26;88.27;88.41;1392373
20170419;89.19;89.31;88.43;88.65;1041147
20170420;88.7;89.5;88.12;89.32;978786
20170421;89.21;89.37;88.72;89;865231
20170424;88.24;89;87.49;88.4;1663585
20170425;88.84;89.1;88.35;88.37;1050469
20170426;88.74;90.12;88.45;90.06;1630013
20170427;90.24;93.31;88.78;89.02;2379354
20170428;89.32;91.06;88.83;90.74;1521302
20170501;90.91;91.21;90.21;90.83;876130
20170502;91;91.42;90.77;91.19;923923
20170503;91.1;91.83;90.69;91.76;987594
20170504;91.81;91.84;90.46;91.58;1171156
20170505;91.8;92.22;91.17;92.13;522455
20170508;96.45;96.94;95.47;95.55;2121580
20170509;95.55;96.64;95.32;96.01;1302824
20170510;96.05;96.82;96.01;96.58;732774
20170511;96.39;96.58;95.57;96.41;767636
20170512;96.06;96.64;95.79;96.29;822523
20170515;96.36;96.73;96.11;96.72;680970
20170516;96.75;96.78;95.6;95.95;750663
20170517;95.06;95.41;94.45;95.11;734563
20170518;95.11;95.26;93.6;94.6;852616
20170519;94.61;95.08;94.31;95.05;609720
20170522;94.9;95.74;94.81;95.65;557439
20170523;95.75;96.1;95.58;95.95;452186
20170524;96.24;96.85;95.81;96.75;471004
20170525;96.93;97.86;96.7;97.72;547832
20170526;97.7;97.96;97.21;97.87;744985
20170530;97.8;98.85;97.37;98.78;742509
20170531;99;99.79;98.78;99.02;1818868
20170601;99.37;100.74;98.52;100.62;1160941
20170602;100.69;101.89;100.66;101.53;668671
20170605;101.5;101.91;100.36;101.86;627662
20170606;101.76;102.04;101.38;101.91;898777
20170607;102.5;103.17;101.91;103.16;838317
20170608;102.98;103.56;102.83;103.22;776359
20170609;103.1;103.79;101.76;102.27;652796
20170612;102.06;102.62;100.37;102.05;958056
20170613;102.35;102.52;101.29;102.01;682665
20170614;102;103.05;101.91;102.48;622962
20170615;101.65;102.68;101.3;102.67;456820
20170616;102.81;103.06;102.29;102.96;1178735
20170619;103.35;104.82;103;104.61;696605
20170620;104.38;105.3;104.03;104.07;867293
20170621;104.13;104.62;103.47;104.35;604465
20170622;104.75;104.97;104.31;104.58;451189
20170623;104.7;105.22;104.1;105.03;1010428
20170626;105.04;105.3;104.1;104.18;467035
20170627;104.28;104.35;102.62;102.65;961570
20170628;103.24;103.45;102.09;102.25;2194278
20170629;102.35;103.23;102.03;102.68;1819279
20170630;102.91;103.91;102.83;103.19;1017496
20170703;103.65;103.9;102.49;102.9;539896
20170705;103.12;103.94;102.33;103.72;1692307
20170706;103.16;103.19;102.42;103.13;1291845
20170707;103.35;104.22;102.86;103.64;447865
20170710;103.46;103.85;102.7;103.06;860995
20170711;103.05;103.89;102.66;103.74;781747
20170712;104.1;105.13;104.09;104.84;624972
20170713;105;105.13;103.62;104.74;546438
20170714;104.84;107.08;104.61;106.2;996870
20170717;106.11;106.11;105.41;106.01;466948
20170718;106;106;105.09;105.4;559199
20170719;105.51;105.75;105.07;105.42;464466
20170720;105.59;105.61;104.24;104.35;500490
20170721;104.28;104.79;103.6;103.88;473980
20170724;103.89;104.58;103.8;104.46;330955
20170725;104.57;104.79;103.65;103.77;465006
20170726;103.77;104.02;102.38;102.59;815670
20170727;102;102;98.05;100.19;1630448
20170728;100.07;100.08;97.12;97.5;1182133
20170731;97.53;97.97;96.17;97.12;856658
20170801;97.35;98.9;96.73;97.9;805482
20170802;98.09;98.29;97.31;98.21;780528
20170803;97.91;98.15;97.1;97.14;675985
20170804;97.43;97.62;96.43;96.61;920790
20170807;96.5;96.68;96.19;96.48;722808
20170808;96.41;96.87;95.74;95.88;597426
20170809;95.7;96.34;95.23;96.2;588926
20170810;95.86;97.03;95.86;96.65;1040968
20170811;96.51;98.36;96.39;97.74;812205
20170814;98.36;98.51;97.53;98.4;680580
20170815;98.7;99.72;98.32;99.22;588047
20170816;99.26;100.2;98.93;99.71;742650
20170817;99.63;100.9;99.17;99.26;735912
20170818;99;100.73;98.96;100.5;1053948
20170821;100.48;101.36;100.06;101.22;943587
20170822;101.23;102.86;100.84;102.57;737244
20170823;102.31;102.31;100.68;100.91;767447
20170824;101.08;101.81;101.02;101.27;497604
20170825;101.49;102.62;101.49;101.99;389192
20170828;102.21;103.38;102.21;102.89;556184
20170829;102.39;103.04;101.94;102.89;473281
20170830;103.08;103.92;102.74;103.86;549909
20170831;104.08;106.34;103.81;106.25;990902
20170901;106.25;106.25;104.34;105.31;603323
20170905;105.29;106.44;104.93;106.08;848032
20170906;106.18;107.19;105.78;106.73;532438
20170907;106.23;106.28;104.89;105.3;847547
20170908;105.08;106.69;104.74;106.42;584250
20170911;107;107.34;106.37;107.19;608627
20170912;107.26;107.8;106.69;107.8;477112
20170913;107.56;107.8;106.91;107.68;457193
20170914;107.58;107.87;106.89;107.87;958339
20170915;107.6;107.6;106.21;106.33;989902
20170918;106.45;107.11;106.45;106.84;443706
20170919;106.98;107.41;106.1;106.18;761791
20170920;106.27;107.35;106.24;106.98;565195
20170921;107;107.49;104.43;104.63;668291
20170922;104.68;105.27;104.34;105.19;543840
20170925;104.99;105.3;103.21;103.99;599688
20170926;104.39;104.98;103.42;103.48;463726
20170927;103.69;103.85;100.59;101.6;1235472
20170928;101.61;101.63;99.43;99.73;1062716
20170929;99.77;100.13;98.34;100.06;1068521
20171002;100.21;101.33;99.72;100.1;955245
20171003;100.09;100.57;99.25;100.13;875862
20171004;100.14;102.01;100.14;101.96;1312573
20171005;101.84;102.49;100.95;102.49;871735
20171006;102.41;102.82;102;102.39;764111
20171009;102.26;102.26;100.27;100.37;648129
20171010;100.3;100.89;100.21;100.4;675907
20171011;100.34;101.58;100.1;100.91;666139
20171012;100.94;102.44;100.58;102.27;600423
20171013;102.25;102.89;101.89;102.7;460675
20171016;102.81;103.57;102.33;102.83;1095526
20171017;102.77;104.25;102.35;104.2;461432
20171018;104.46;105.36;104.36;104.4;582358
20171019;104.41;105.78;103.66;105.6;544093
20171020;106;107.74;105.65;106.69;839589
20171023;107.06;108.78;106.59;107.37;694281
20171024;107.44;107.96;106.78;107.36;629565
20171025;106.91;108.65;106.55;107.9;1094383
20171026;99.5;104.84;99;104.41;2313810
20171027;104.23;106.4;104.18;106.35;863070
20171030;105.54;106.13;103.37;103.52;877834
20171031;103.68;104.94;102.93;104.19;706633
20171101;104.77;105.06;103.98;104.22;698367
20171102;104.11;105.4;104.11;104.67;618289
20171103;104.24;106.43;104.24;106.09;749190
20171106;105.47;106.36;105.1;106.18;875731
20171107;106.49;106.62;105.6;106.47;1058926
20171108;106.58;107.66;106.05;107.6;936148
20171109;106.62;108.14;105.91;107.69;718967
20171110;107.23;108.13;106.83;107.55;682579
20171113;107;108.34;106.39;108.24;639734
20171114;108.07;109.71;107.69;109.34;885690
20171115;108.87;109.18;107.5;107.89;714445
20171116;108.24;109.31;107.38;109.22;667747
20171117;108.9;109.59;108.25;109.03;611398
20171120;109.45;110.23;108.73;109.24;585812
20171121;109.42;109.76;108.16;108.4;818211
20171122;108.29;108.96;107.61;108.79;589002
20171124;108.91;109.21;108.18;108.87;211351
20171127;109.08;110.03;108.66;109.46;482373
20171128;109.56;109.8;108.47;109.53;658510
20171129;109.87;111.43;109.42;111.22;610885
20171130;111.23;112.45;110.89;111.75;1618400
20171201;112.13;113.19;110.17;112.41;757468
20171204;112.63;113.58;109.54;109.56;946833
20171205;109.86;110.65;109.09;109.26;611010
20171206;109.12;111.33;109.12;111.04;775807
20171207;111.08;112.52;111.03;111.96;515504
20171208;112.01;112.73;111.8;111.98;491643
20171211;112.06;112.1;110.51;111.18;378206
20171212;111.05;111.71;110.32;111.45;454001
20171213;111.8;114.09;111.8;112.42;1054644
20171214;112.32;112.89;109.64;109.77;739693
20171215;110.04;112.05;109.98;111.87;883273
20171218;112.21;112.28;110.39;110.78;751620
20171219;111.04;111.77;109.45;110.7;630966
20171220;110.7;111.07;110.13;110.79;431069
20171221;111.03;111.35;110.57;110.71;430595
20171222;110.58;111.85;110.58;110.91;286013
20171226;111.11;111.75;110.53;110.82;212182
20171227;111.05;111.99;110.81;111.1;463385
20171228;111.33;112.41;111.22;112.29;288417
20171229;112.59;112.59;111.15;111.15;372988
20180102;111.14;112.59;110.59;110.98;620728
20180103;110.16;111.46;109.24;111.31;567678
20180104;111.39;111.57;109.83;109.86;729114
20180105;110.26;111.38;109.73;110.87;812585
20180108;110.69;111.47;109.91;111.4;902005
20180109;111.71;113.22;111.66;112.93;555469
20180110;112.9;112.9;111.45;111.68;472392
20180111;111.9;112.58;111.16;111.53;681644
20180112;107;109.94;107;108.49;1462201
20180116;108.81;110.24;107.54;108.08;997513
20180117;108.74;109.62;108.11;109.32;822478
20180118;109.09;109.97;108.86;109.57;545820
20180119;110;111.25;109.6;110.32;562441
20180122;109.78;110.35;109.53;110.02;577881
20180123;109.77;111.17;109.45;110.81;737326
20180124;111.37;113.99;111.13;113.05;1191293
20180125;123;129.05;121.12;127.01;4642033
20180126;127.4;130.29;127.04;129.46;1715404
20180129;129.19;130.21;128.3;128.57;969074
20180130;127.38;128.88;127.02;127.74;960887
20180131;128.07;129.19;127.01;127.5;733064
20180201;126.78;127.72;125.94;127.32;760305
20180202;127.08;127.91;124.84;124.86;692185
20180205;124.49;124.84;119.59;119.62;1070000
20180206;117.86;119.94;116.25;118.58;1367788
20180207;118.24;118.9;116.74;116.92;924449
20180208;116.87;117.03;112.79;112.82;905109
20180209;113.74;115.3;111.5;114.5;928122
20180212;115.27;117.75;114.87;116.7;793653
20180213;116.25;116.87;114.76;116.24;672019
20180214;115.58;119.71;115.29;119.53;816709
20180215;120.23;121.95;119.5;121.87;1025952
20180216;121.33;122.85;120.26;121.26;595466
20180220;120.65;121.8;119.71;120.17;815061
20180221;120.25;122.53;119.74;120.13;591442
20180222;120.6;122.38;119.41;119.84;586605
20180223;120.38;121.24;119.24;121.17;317080
20180226;121.41;122.64;120.9;122.39;314887
20180227;122.66;123.1;121.54;121.61;488410
20180228;122.26;122.6;119.34;119.34;677026
20180301;119.5;119.63;116.22;117.39;882277
20180302;116.69;120.68;116.2;120.49;428264
20180305;119.99;122.95;119.64;122.66;660023
20180306;122.76;123.49;122.06;123.44;350269
20180307;122.22;124.14;122.22;123.7;486647
20180308;124.12;124.48;123.09;123.51;514652
20180309;124.42;126.84;123.98;126.55;438789
20180312;126.45;126.9;125.7;126.55;400509
20180313;127;127;125.09;125.49;377760
20180314;126.07;126.39;124.72;125.74;462768
20180315;125.84;126.68;124.56;125.38;438001
20180316;125.39;125.94;124.77;124.84;740381
20180319;124.86;126.19;122.81;123.87;447088
20180320;123.87;125.43;123.61;124.22;661997
20180321;124.37;124.53;123;123.41;382675
20180322;122.55;123.5;120.99;121.09;531972
20180323;120.62;122.49;119.1;119.45;545992
20180326;120.74;123.51;120.24;123.31;512098
20180327;123.61;123.82;121.21;121.84;552869
20180328;122.25;123.08;121.45;121.53;492444
20180329;121.5;123.9;121.2;122.65;839470
20180402;122.68;122.97;117.84;119.07;481040
20180403;119.38;120.06;118.07;119.32;634019
20180404;118.01;120.15;117.13;119.71;637397
20180405;120.55;121.45;120.05;120.47;553370
20180406;119.57;120.42;116.61;117.64;575865
20180409;118.52;119.71;117.73;118.2;727772
20180410;119.67;121.53;119.49;119.93;833270
20180411;118.87;120.18;118.64;119.14;583414
20180412;120.01;121.15;119.86;121.01;631527
20180413;121.56;122.12;120.14;120.7;486352
20180416;121.74;122.36;121.06;121.84;529914
20180417;122.5;123.37;120.94;123.05;749443
20180418;123.6;126.59;123.3;126.13;827837
20180419;125.91;127.38;125.91;126.79;706290
20180420;126.82;127.02;125.79;126.5;520122
20180423;126.98;127.72;126.15;127.09;753688
20180424;127.41;128.5;124.89;125.88;1036398
20180425;125.29;126.29;124.22;125.86;1120388
20180426;127.76;128.19;115.29;116.48;1874693
20180427;116.58;118.65;116.41;118.18;1136165
20180430;118.82;118.82;115.37;115.59;967333
20180501;115.42;116.65;115.06;116.51;750844
20180502;115.95;116.73;115.58;116.24;915866
20180503;115.74;116.86;114.67;116.78;986289
20180504;116.48;118;114.87;117.57;1109491
20180507;117.95;118.49;116.95;117.5;719435
20180508;117.35;117.46;116.4;116.97;730537
20180509;117;117.88;115.93;117.36;561719
20180510;117.57;118.64;117.57;118.18;802206
20180511;118.05;118.82;117.9;118.5;575372
20180514;118.52;118.69;117.11;117.63;440126
20180515;117.22;117.53;116.63;117.22;670345
20180516;117.38;118.3;117.06;117.94;446182
20180517;118;118.67;117.37;118.27;594535
20180518;118.4;118.63;117.69;118.4;377672
20180521;118.63;119.66;118.32;118.79;563794
20180522;118.77;118.92;117.79;118.81;594207
20180523;118.52;119.04;118.24;118.95;548320
20180524;119.21;119.69;118.52;118.86;766611
20180525;118.64;119.27;118.21;118.54;481531
