20100104;62.5;62.6;61.43;61.63;954343
20100105;61.43;61.73;60.72;60.79;1544990
20100106;60.71;61.19;60.45;60.9;1324120
20100107;60.96;61.54;60.64;61.16;938052
20100108;60.9;61.79;60.42;61.21;942411
20100111;61.28;62.73;61.28;62.43;787453
20100112;62.39;62.68;61.93;62.49;836238
20100113;62.57;62.9;62.27;62.61;603288
20100114;62.35;62.45;61.94;62.15;481550
20100115;62.16;62.16;60.68;60.76;819990
20100119;60.89;61.67;60.89;61.64;664208
20100120;61.56;61.94;60.02;60.84;673498
20100121;60.75;61.23;59.08;59.24;943640
20100122;59.2;60.37;59.08;59.49;1093506
20100125;59.92;59.92;58.88;59.23;765763
20100126;59.22;59.22;57.44;58.04;2129295
20100127;57.98;58.23;57.39;57.85;1110858
20100128;57.87;58.22;57.35;57.82;871471
20100129;58.03;58.69;56.97;56.98;1082313
20100201;57.22;57.61;56.4;57.18;832186
20100202;57.18;58.14;56.9;58.03;513992
20100203;57.78;58.17;57.55;57.86;870529
20100204;57.43;57.63;56.03;56.18;1227801
20100205;56.31;57.56;55.97;57.47;2029424
20100208;57.37;58.96;57.33;57.87;1234882
20100209;58.51;59;57.9;58.2;829755
20100210;57.98;58.28;57.16;57.51;709700
20100211;57.65;57.97;57.09;57.88;884098
20100212;57.65;58.38;57.54;58.26;931563
20100216;58.52;58.99;57.85;58.9;752794
20100217;59.25;59.29;58.58;58.92;618740
20100218;58.77;59.24;58.77;59.14;525385
20100219;59.02;59.1;58.36;58.78;507938
20100222;58.82;61.54;58.21;59.22;2077581
20100223;59.12;59.57;58.6;58.71;792561
20100224;59.04;59.56;58.89;59.31;732466
20100225;58.84;60.01;58.05;59.91;1074424
20100226;60.03;60.25;59.15;59.66;968401
20100301;59.97;62.22;59.92;61.7;1426120
20100302;61.96;62.43;61.55;62.08;820987
20100303;62.1;62.93;61.84;62.24;751383
20100304;62.05;62.49;61.35;61.62;861067
20100305;61.89;64.45;61.7;64.21;2026732
20100308;64.03;64.1;63.48;63.6;807561
20100309;63.42;64.75;63.15;64.04;1392735
20100310;63.94;65.21;63.73;65.07;1304681
20100311;64.99;65.71;64.83;65.33;1083781
20100312;65.47;65.57;64.39;64.84;705611
20100315;64.83;64.96;64.3;64.55;823536
20100316;64.59;65.24;64.38;65.07;725328
20100317;65.29;65.67;65;65.42;811657
20100318;65.66;66.61;65.54;66.01;1489806
20100319;65.98;66.19;64.93;65.06;1538766
20100322;64.97;65.97;64.75;65.45;727692
20100323;65.63;66.82;65.4;66.82;1084931
20100324;66.49;66.93;65.89;66.91;1182217
20100325;67.25;68.26;66.88;66.98;1187475
20100326;67.04;67.51;66.53;66.79;610408
20100329;66.88;67.64;66.88;67.55;588316
20100330;67.48;68.33;67.32;67.89;621366
20100331;67.62;67.75;67.04;67.54;495132
20100401;67.73;68.64;67.21;67.85;570973
20100405;68.16;68.44;67.81;67.99;727665
20100406;67.85;68.02;67.52;67.82;616085
20100407;67.81;67.81;67.08;67.34;540829
20100408;67.1;67.73;66.3;67.73;981735
20100409;67.67;69.57;67.39;69.23;1307487
20100412;69.27;69.52;68.63;68.8;649468
20100413;68.62;69.14;68.36;69.14;865349
20100414;69.23;70.1;68.96;70.05;860769
20100415;70.06;70.78;69.58;70.65;634558
20100416;70.5;70.87;69.94;70.48;868499
20100419;70.14;71.32;70.14;70.93;908219
20100420;71.16;71.61;70.89;71.09;1164302
20100421;71.26;71.32;69.72;70.06;1072881
20100422;69.81;69.81;68.61;68.85;1403549
20100423;68.85;70.04;68.44;70.03;1018448
20100426;69.94;71.06;69.77;70.05;897512
20100427;70.25;72.58;70;70.33;1596311
20100428;71.19;73.78;70.74;73.13;1915171
20100429;73.5;73.72;72.94;73.13;664406
20100430;73.25;73.51;71.96;71.99;735902
20100503;72;72.98;71.85;72.97;857985
20100504;72.25;72.31;70.6;71;1070351
20100505;70.15;71.41;70.09;70.81;912536
20100506;70.64;70.78;64.03;68.42;1329286
20100507;68.12;68.44;64.87;66.11;2196761
20100510;67.94;70.16;67.94;70.01;1197332
20100511;68.88;70.7;68.88;70.2;845030
20100512;70.44;71.69;69.91;71.6;541549
20100513;71.69;71.69;70.23;70.37;545453
20100514;69.83;70.06;67.47;68.18;1453430
20100517;68.35;68.77;67.23;68.14;878863
20100518;68.65;69.46;67.54;67.77;959938
20100519;67.22;67.61;65.67;66.61;1970370
20100520;65.04;65.3;63.82;63.86;2349270
20100521;62.6;65.5;62.02;65.5;2712760
20100524;65.25;67.58;65.25;66.21;1791289
20100525;64.92;67.18;63.86;66.97;2081872
20100526;67.48;68.36;66.19;66.44;1424630
20100527;67.51;70.03;67.51;69.98;1844522
20100528;69.66;70.07;68.33;68.44;1515731
20100601;67.86;68.7;67.37;67.51;1249262
20100602;68.21;69.67;67.28;69.59;1447747
20100603;69.24;70.56;69.17;70.5;838060
20100604;69.05;69.2;66.24;66.54;1344359
20100607;66.54;67.43;65.94;66.33;1189764
20100608;66.54;66.76;65.18;66.18;1008652
20100609;66.41;68.55;66.33;66.86;1410986
20100610;67.82;68.89;67.25;68.74;1081294
20100611;68.15;69.48;67.99;68.91;1006329
20100614;69.02;69.99;68.69;68.85;1372537
20100615;69.11;70.35;69.11;70.32;721403
20100616;69.94;71.23;69.8;70.91;659643
20100617;71.44;71.91;70.55;71.81;941233
20100618;71.73;71.99;71.17;71.71;962147
20100621;72.47;72.99;70.99;71.39;532486
20100622;71.68;72.24;71;71.09;1225828
20100623;71.25;71.25;69.5;69.94;1306373
20100624;69.65;69.74;68.27;68.41;762408
20100625;68.58;69.61;68.31;69.15;928178
20100628;69.36;69.57;68.27;68.76;476867
20100629;67.8;67.84;65.37;65.49;2005138
20100630;65.36;66.39;64.6;64.7;1329990
20100701;64.72;64.72;62.4;63.56;1597363
20100702;64.09;64.09;62.69;63.11;791428
20100706;63.89;64.9;63.35;64.03;1015615
20100707;64;64;61.99;63.31;1715681
20100708;63.7;64.14;63.02;64.09;1431587
20100709;63.65;64.43;63.65;64.4;754834
20100712;64.09;64.11;63.45;63.81;594211
20100713;64.12;65.2;64.12;64.93;603394
20100714;64.61;64.95;64.15;64.73;582360
20100715;64.68;65.23;64.01;65.07;607474
20100716;64.61;64.62;62.87;63.02;689142
20100719;63.3;63.79;62.96;63.5;449321
20100720;62.68;64.05;62.29;63.99;599177
20100721;64.16;64.34;62.61;62.89;579408
20100722;63.56;64.89;63.46;64.49;854332
20100723;64.05;65.01;63.94;64.59;733118
20100726;64.66;65.96;64.6;65.96;681760
20100727;65.5;65.74;62.64;62.74;1867842
20100728;64.01;66.89;64;65.66;2083573
20100729;66.4;67.5;63.39;64.78;1746675
20100730;64.13;64.83;63.32;64.16;853913
20100802;64.8;66.12;64.8;65.56;625192
20100803;65.45;66.37;65.12;66.01;753331
20100804;66.24;67.01;66;66.84;526360
20100805;66.33;66.65;66.13;66.36;383711
20100806;65.95;66.49;65.14;66.42;853649
20100809;66.76;66.94;66.29;66.85;452962
20100810;65.87;66.98;65.34;66.37;728859
20100811;65.32;65.34;64.43;64.68;920403
20100812;63.5;63.94;62.83;63.06;1782251
20100813;62.84;63.32;62.35;62.39;1145894
20100816;62;62.36;61.46;61.95;1282841
20100817;62.56;64.79;62.56;64.43;955782
20100818;64.29;64.86;63.44;64.52;583708
20100819;64.1;64.38;62.43;62.53;835012
20100820;61.99;62.73;61.44;62.68;927066
20100823;62.72;63.23;62.32;62.67;561982
20100824;61.7;62.3;60.65;61.03;1580809
20100825;60.82;62.16;60.01;61.85;864097
20100826;62.13;62.43;61.07;61.28;967075
20100827;61.47;62.19;60.49;62.15;719411
20100830;61.57;61.94;60.88;60.88;534404
20100831;60.54;61.1;60.01;60.52;838650
20100901;61.38;63.36;61.14;62.96;836333
20100902;63.3;63.78;62.88;63.69;663286
20100903;64.4;64.79;64.13;64.78;666932
20100907;64.36;64.97;64.06;64.2;670024
20100908;64.34;64.93;64.13;64.42;682709
20100909;65.03;65.83;64.9;65.25;689081
20100910;65.26;66.22;65.13;65.97;630399
20100913;66.38;67.39;66.17;67.05;665941
20100914;67.39;69.21;67.04;67.7;1304438
20100915;67.6;68.49;67.55;68.33;918400
20100916;68.06;68.68;67.71;68.49;699878
20100917;68.85;69.57;68.47;68.93;993960
20100920;69.25;70;69.12;69.88;602581
20100921;69.67;70.84;69.53;70.29;566744
20100922;70.3;71.32;70.12;70.8;674308
20100923;70.3;70.92;69.6;69.7;577046
20100924;70.41;71.58;70.41;71.49;571472
20100927;71.35;71.37;70.82;70.85;458845
20100928;70.94;71.07;69.95;70.92;773567
20100929;70.47;71.49;70.47;71.12;426251
20100930;71.37;72.26;70.66;70.78;696234
20101001;71.39;71.65;70.52;70.89;400294
20101004;70.61;71.28;69.59;69.87;373969
20101005;71.21;72.44;71.13;71.52;1429658
20101006;71.38;71.75;70.3;70.53;612025
20101007;71.02;71.19;70.15;70.62;449093
20101008;70.82;71.21;70.39;70.79;643262
20101011;70.76;71.1;70.66;70.91;264822
20101012;70.83;71.85;70.13;71.61;571744
20101013;72.15;72.73;72.05;72.46;496982
20101014;72.23;72.34;70.74;71.44;602763
20101015;71.95;72.4;71.04;72.06;655459
20101018;71.91;72.66;71.16;72.46;542324
20101019;71.47;71.89;70.46;70.92;643451
20101020;71.16;72.9;71.15;72.19;655379
20101021;72.36;72.92;71.38;72.36;609215
20101022;72.66;72.85;72.07;72.53;557532
20101025;73;74.02;72.61;73.26;862503
20101026;72.8;73.57;71.79;73.29;995484
20101027;72.93;74.21;72.76;74.04;796217
20101028;74.5;74.62;73.75;74.38;679977
20101029;74.09;74.35;73.66;74.13;591441
20101101;74.61;75;74.37;75;886145
20101102;75.55;75.89;74.24;75.55;669782
20101103;75.59;75.98;74.95;75.92;799574
20101104;76.69;77.35;75.98;77.11;742154
20101105;77.16;77.91;77.13;77.88;942054
20101108;77.45;77.74;76.71;77.59;721139
20101109;77.7;77.85;76.83;77.01;683253
20101110;76.96;76.99;75.67;76.53;829973
20101111;75.92;77.43;75.6;77.42;693355
20101112;76.87;77.17;76.07;76.45;463970
20101115;76.76;76.99;76.29;76.36;405847
20101116;75.99;76.13;74.8;75.09;891369
20101117;75.23;77.23;75.23;76.8;997754
20101118;77.5;78.36;77.28;78.11;656626
20101119;78.08;78.83;78;78.73;815246
20101122;78.47;78.91;77.83;78.73;558162
20101123;77.87;77.99;77.03;77.23;595371
20101124;77.78;78.72;77.38;78.67;620336
20101126;78.03;78.27;77.84;78.01;267712
20101129;77.49;77.85;76.38;77.61;469288
20101130;76.78;77.72;76.59;76.87;598971
20101201;78.06;78.96;78.02;78.71;547555
20101202;78.64;79.46;78.43;79.29;570540
20101203;78.91;79.53;78.76;79.4;815251
20101206;78.95;79.15;78.34;78.39;575303
20101207;78.98;79.2;78.53;78.59;600511
20101208;78.55;78.72;77.52;77.6;605476
20101209;78.1;79.07;77.94;79.05;1103807
20101210;80.02;80.75;79.84;80.33;1424018
20101213;80.75;81;79.97;80.43;884915
20101214;80.5;80.58;79.89;80.05;648080
20101215;79.99;80.25;79.32;79.36;912272
20101216;79.45;80.66;79.08;80.47;1010870
20101217;80.22;80.55;79.98;80.17;963139
20101220;80.57;80.84;80.04;80.47;400890
20101221;80.85;81;79.92;80.05;385716
20101222;80.05;80.05;79.63;79.86;307197
20101223;79.66;79.98;79.45;79.58;169742
20101227;79.34;79.63;78.74;79.35;213709
20101228;79.49;79.57;78.44;78.96;275334
20101229;79.04;79.29;78.85;78.92;273724
20101230;78.78;78.88;78.26;78.47;308250
20101231;78.29;78.42;77.67;77.71;286361
20110103;78.3;78.51;78;78.1;611175
20110104;78.21;78.28;77.08;77.63;791386
20110105;77.41;77.96;77.13;77.79;894465
20110106;75.87;76.41;75.81;76.05;1065467
20110107;76.03;76.24;74.75;75.21;656422
20110110;74.8;75.09;74.27;74.68;847278
20110111;74.93;76.51;74.87;76.3;688944
20110112;76.61;76.94;76.39;76.75;325090
20110113;76.53;76.79;76.19;76.39;405852
20110114;76.2;76.61;75.64;76.44;394358
20110118;76.43;77.5;76.43;77.41;290085
20110119;77.5;77.64;75.12;75.51;757245
20110120;75.49;76.34;75.27;75.79;517260
20110121;76.46;77.13;76.1;76.25;1128179
20110124;76.23;78.72;76.07;78.26;930137
20110125;77.81;79.29;77.01;77.99;1283100
20110126;78.09;78.16;75.87;76.66;1142858
20110127;76.77;78.21;76.77;77.68;988964
20110128;77.78;77.91;75.48;76.06;661565
20110131;76.12;76.94;75.58;76.39;534657
20110201;76.96;77.84;76.39;77.7;752534
20110202;77.39;77.73;75.73;75.89;795846
20110203;75.63;75.97;74.15;75.54;792823
20110204;75.72;75.72;74.19;75.37;979652
20110207;75.41;76.38;75.37;76.13;573051
20110208;76.58;77.02;76.13;76.85;633718
20110209;76.56;77.93;76.31;77.91;829266
20110210;77.6;79.77;77.6;79.46;1243789
20110211;79.15;79.89;79.02;79.87;955774
20110214;79.78;80.42;79.51;80.2;586702
20110215;79.97;80.36;79.53;79.9;710080
20110216;80.07;80.6;79.88;80.34;723308
20110217;80.03;80.6;79.69;80.49;702100
20110218;80.66;83.5;80.08;83.38;1595899
20110222;82.58;83.79;82.02;82.95;1160810
20110223;82.51;83.01;80.29;80.48;1363881
20110224;80.68;81.81;80;81.6;1118118
20110225;81.85;82.59;81.52;82.44;583170
20110228;82.61;83.47;82.33;83.05;719700
20110301;83.32;83.68;82.03;82.04;577084
20110302;82.02;82.65;81.63;82.43;666937
20110303;83.03;85.27;83.03;84.65;929078
20110304;84.43;87.47;84.43;87;1453411
20110307;87.13;87.57;85.35;86.01;806337
20110308;86.24;87.5;85.92;87.12;534929
20110309;86.79;87.22;85.79;86.97;808541
20110310;86.1;86.11;84.62;85.01;587192
20110311;84.42;85.43;83.81;85.37;452147
20110314;84.92;85.81;84.22;84.73;516897
20110315;82.5;83.08;81.07;82.7;1656451
20110316;82.37;82.56;79.16;80.57;1354623
20110317;81.88;82.23;80.74;81.76;972069
20110318;82.92;84.83;82.74;83.57;1249604
20110321;85.02;85.81;84.58;84.96;556509
20110322;85.13;85.6;84.24;84.41;511828
20110323;84.06;84.44;83.31;84.07;573024
20110324;84.58;84.72;83.77;84.63;422226
20110325;84.9;86.04;84.75;85.5;366483
20110328;85.77;86.29;85.41;85.53;344119
20110329;85.33;86.12;85.14;85.99;391833
20110330;86.4;87.39;86.29;86.81;254790
20110331;86.65;87.11;86.37;86.9;333143
20110401;87.69;88.28;87.19;87.93;374829
20110404;88.15;89.09;87.91;89.02;531014
20110405;88.86;90.23;88.4;89.72;696121
20110406;90.04;90.1;89.33;89.38;531302
20110407;89.17;89.35;87.71;88.2;821342
20110408;88.55;88.71;87.04;87.65;566775
20110411;87.58;88.44;87.47;87.85;472435
20110412;87.26;87.98;86.81;87.16;418781
20110413;87.55;88.01;86.78;87.55;356894
20110414;86.98;87.47;86.69;87.2;369533
20110415;87.68;88.63;87.31;87.81;599830
20110418;86.77;86.77;85.3;85.96;501101
20110419;86.07;86.52;85.62;86.41;416871
20110420;87.54;89.72;87.5;89.66;933920
20110421;90;91.23;89.82;90.8;496085
20110425;90.8;90.9;89.75;90.73;532072
20110426;99.17;100;96.32;98.32;1477570
20110427;98.33;99.1;97.2;98.31;935929
20110428;97.96;98.56;97.71;97.96;875932
20110429;98;98.22;97.57;98;745531
20110502;98.62;99.52;98.09;98.29;574616
20110503;97.96;98.13;97.18;97.5;681552
20110504;97.22;97.59;96.25;96.87;975458
20110505;96.42;97.62;95.52;95.65;703482
20110506;96.85;98.19;96.16;96.87;572468
20110509;96.87;98;96.43;97.8;677935
20110510;97.98;98.12;97.3;98.02;632763
20110511;97.61;98.15;96.67;97.29;432748
20110512;97.13;98.71;96.68;98.43;530197
20110513;98.64;99.9;97.1;97.7;426266
20110516;97.21;98.04;96.83;97.17;674974
20110517;96.89;97.03;94.86;95.98;632767
20110518;96.26;98.46;95.92;98.46;725645
20110519;98.92;99.94;98.22;99.56;949366
20110520;99.14;99.53;98.13;98.73;695682
20110523;97.62;97.85;96.59;97.26;690708
20110524;97.5;97.66;96.54;97.12;493416
20110525;96.7;98.38;96.53;97.58;568747
20110526;97.42;98.27;96.78;97.98;863886
20110527;98.11;98.68;97.5;97.8;588819
20110531;98.59;98.75;97.43;98.56;610429
20110601;98.17;98.35;95.9;95.94;604072
20110602;96.26;96.48;95.34;96.1;522743
20110603;95;95.15;93.97;94.01;755977
20110606;93.78;94.26;92.55;92.63;694399
20110607;92.88;94.55;92.78;93.9;1178873
20110608;93.7;93.73;92.76;92.91;688520
20110609;93.25;94.58;92.7;94.19;735384
20110610;93.56;93.77;92.19;92.25;498847
20110613;92.42;92.85;91.24;91.51;634703
20110614;92.49;93.51;92.48;93.17;435179
20110615;92.19;93.25;91.05;91.05;1028049
20110616;91.26;91.67;90.59;91.45;739196
20110617;91.9;93.04;91.83;92.09;644322
20110620;91.8;92.75;91.54;92.59;519644
20110621;93.16;94.58;93.03;94.3;392746
20110622;93.9;94.97;93.89;94.05;459779
20110623;92.91;93.23;91.57;93.14;575131
20110624;93.42;93.42;91.33;91.48;602399
20110627;91.28;92.95;90.8;92.71;537915
20110628;92.96;94.33;92.53;94.02;395096
20110629;94.47;95.7;93.99;95.35;699833
20110630;95.58;96.96;95.55;95.74;605852
20110701;95.98;97.67;95.75;97.63;483177
20110705;97.3;98.03;96.84;97.93;414995
20110706;97.77;98.14;97.43;98.03;868529
20110707;98.87;99.04;98.08;98.57;370174
20110708;97.36;98.55;97.02;98.55;416699
20110711;96.96;97.22;94.86;95.05;615631
20110712;94.85;95.37;93.9;94.41;480506
20110713;94.97;95.35;94.1;94.47;491756
20110714;94.68;95.1;93.11;93.44;297762
20110715;93.87;93.87;92.81;93.69;332101
20110718;93.28;93.79;92.01;93.06;332031
20110719;93.66;96.14;93.66;96.14;584434
20110720;96.17;96.6;95.02;96.36;633561
20110721;96.87;99.37;96.39;99.16;1179367
20110722;99.13;99.13;97.51;98.06;566935
20110725;96.93;97.67;96.62;97.1;609663
20110726;90.45;90.76;87.81;89.25;4536456
20110727;88.03;88.35;85.82;86.65;1909823
20110728;86.51;89.06;85.91;87.47;1610717
20110729;86.63;88.88;86.07;87.89;1179831
20110801;88.64;88.65;85.12;86.29;1534937
20110802;85.6;86.26;81.82;81.85;1540218
20110803;82.09;83.2;80.49;82.86;2119144
20110804;81.43;81.69;78.81;78.87;1078434
20110805;80.12;80.12;75.63;78.01;2259950
20110808;75.95;76.5;73.08;73.2;2053610
20110809;74.48;77.09;71.99;76.82;1689639
20110810;75.16;76.14;73;73.15;1181125
20110811;73.44;76.93;72.29;75.74;1291441
20110812;76.25;79.85;76.2;78.89;1147687
20110815;79.84;81.22;79.47;81.11;860571
20110816;80.13;80.18;77.37;77.75;2464379
20110817;78.25;79.15;77;78.29;1198706
20110818;75.71;76.32;71.33;72.19;1943959
20110819;71.34;74.03;71.12;72.38;1994187
20110822;74.1;74.12;72.53;72.83;1146792
20110823;73.02;75.78;72.74;75.78;1012409
20110824;75.39;77.46;75.05;77.3;1160037
20110825;77.37;78.41;76.2;76.62;1206924
20110826;75.75;78.36;74.27;78.34;1007420
20110829;79.55;80.52;79.05;80.31;873164
20110830;79.99;81.13;79.12;80.59;734774
20110831;81.14;81.61;79.34;79.87;1141002
20110901;80.08;81.01;78.66;78.83;1169947
20110902;77.21;77.43;75.45;75.84;1239735
20110906;73.48;76.2;73.44;75.85;1644016
20110907;77.06;78.99;76.76;78.76;1168040
20110908;78.11;78.35;76.7;77.02;1107454
20110909;75.84;76.36;74.16;74.62;928094
20110912;73.07;75.62;73.07;75.45;1325340
20110913;75.4;78.04;75.1;77.67;1504335
20110914;78.01;80.83;77.69;79.7;2003845
20110915;80.28;81.87;79.61;81.81;1459836
20110916;82.14;83.94;81.34;82.43;1215072
20110919;80.97;81.21;78.86;80.63;828083
20110920;80.98;84.51;80.9;81.25;946103
20110921;81.04;81.75;77.12;77.16;887273
20110922;74.62;75;73.64;74.27;1960466
20110923;74.22;75.67;73.75;75.09;800308
20110926;75.86;76.79;73.88;76.76;710238
20110927;78.55;81.28;78.55;79.6;1019242
20110928;79.65;80.47;76.79;77.03;517401
20110929;78.51;78.59;75.65;77.75;773550
20110930;76.59;77.11;75.34;75.49;1051983
20111003;75;75.47;72.82;73.86;1696516
20111004;72.79;75.49;72.43;75.43;1879630
20111005;75.2;77.18;74;77;877723
20111006;76.99;79.15;76.49;79.1;1000412
20111007;76.15;76.99;72.69;72.78;3694769
20111010;73.95;76.51;73.94;75.91;1227747
20111011;75.52;78.54;75.35;78.23;838266
20111012;78.65;79.16;77.29;77.33;821617
20111013;77.09;77.09;74.97;75.96;739142
20111014;77.68;78.07;76.84;77.25;681105
20111017;77.03;77.05;75.04;75.22;757362
20111018;75.19;77.05;73.34;76.66;1512565
20111019;76.71;77.1;74.94;76.01;1198169
20111020;76.02;77.84;75.23;77.72;842781
20111021;78.86;80.87;78.65;80.59;1012666
20111024;80.63;83.68;80.39;83.14;1102923
20111025;79.3;83.29;78.32;78.9;1782273
20111026;78.63;79.44;75.84;77.02;2016685
20111027;79.26;81.51;77.99;80.95;1138244
20111028;80.75;82.45;80.34;82.22;826236
20111031;81.41;81.65;79.94;80.12;855992
20111101;77.72;79.44;76.73;76.85;1236025
20111102;78.07;78.15;76.6;77.46;716275
20111103;78.58;79.99;77.84;79.67;568233
20111104;79.03;79.32;77.77;78.55;483147
20111107;78.5;79.5;77.78;79.4;569331
20111108;79.57;81.59;79.34;81.5;495399
20111109;79.49;79.87;76.99;77.48;592263
20111110;78.43;78.84;77.48;77.93;415730
20111111;79.1;80.21;79.1;80.03;402351
20111114;79.52;80.56;78.73;79.46;424216
20111115;79.37;80.32;78.75;79.24;724592
20111116;78.01;79.72;77.4;78.66;864950
20111117;78.36;78.41;75.52;76.17;978274
20111118;77.22;77.22;74.48;74.77;1317638
20111121;73.59;74.83;72.06;74.35;1040853
20111122;74.29;75.67;74.08;74.67;631373
20111123;73.72;73.78;72.28;72.78;508213
20111125;72.37;73.49;72.37;72.55;244295
20111128;74.67;76.4;74.51;75.16;516589
20111129;75.56;76.19;74.78;75.18;559013
20111130;77.3;80.7;77.3;80;1115878
20111201;79.67;81.06;79.42;79.95;583780
20111202;80.92;81.67;79.58;79.88;589330
20111205;81.17;81.99;79.8;80.05;703902
20111206;80;80.57;79.36;80.17;432113
20111207;79.99;79.99;78.38;79.15;597959
20111208;78.65;78.96;75.33;75.56;1197435
20111209;75.82;75.94;74.2;74.82;1383166
20111212;74.1;74.82;72.16;73.54;1261386
20111213;73.84;74.21;71.94;72.45;891690
20111214;72.22;72.38;71.1;71.84;1149884
20111215;72.64;73.19;71.78;71.93;843885
20111216;72.59;72.9;70.88;71.61;1060998
20111219;71.65;73.12;71.46;71.72;690997
20111220;72.93;74.26;72.93;74.11;604731
20111221;73.95;74.43;72.67;73.73;396201
20111222;73.72;75.02;73.47;74.52;316780
20111223;74.74;75.03;74.07;74.59;295909
20111227;74.43;75.27;74.01;74.62;264567
20111228;74.64;74.71;73.05;73.26;364622
20111229;73.52;74.37;73.28;74.14;369363
20111230;73.93;74.61;73.8;74.05;289400
20120103;76.06;76.82;75.37;75.94;736644
20120104;75.79;75.86;73.94;74.45;643832
20120105;74.32;74.35;73.19;73.71;750007
20120106;74.01;74.56;73.42;74.15;2158821
20120109;74.41;74.61;73.4;74.27;953780
20120110;75.16;75.49;73.53;74.14;2167863
20120111;73.69;75.44;72.98;75.39;1493220
20120112;75.61;76.87;75.2;76.71;818144
20120113;76.15;76.8;75.37;76.06;558217
20120117;77.03;78.45;76.91;77.78;819307
20120118;75.97;77.8;75.47;76.29;1378180
20120119;76.35;79.71;75.92;79.38;1389087
20120120;79.19;79.19;76.81;77.99;1023418
20120123;80.09;80.79;78.06;78.76;1362131
20120124;78.34;86.99;77.99;85.04;3632767
20120125;86.35;88.54;85.75;87.91;2225983
20120126;87.95;88;86.4;86.95;1216617
20120127;86.47;87.72;86;86.82;910826
20120130;86.01;86.5;85.42;86.27;638868
20120131;86.66;87.5;86.13;86.57;733159
20120201;87.1;88.63;87.1;88.33;681581
20120202;88.28;89.05;88.17;88.78;557495
20120203;89.61;90.1;89.16;89.49;439527
20120206;89;89.58;88.65;89.26;357011
20120207;88.81;89.3;88.58;88.83;488720
20120208;88.78;89.23;87.65;88.56;701495
20120209;88.75;88.75;86.94;88.34;455862
20120210;87.67;87.84;86.73;87.8;392960
20120213;88.37;88.57;87.89;88.14;364392
20120214;87.64;88.88;87.64;88.51;545486
20120215;88.7;89.17;87.62;87.92;495157
20120216;87.91;89.54;87.12;89.1;998625
20120217;89.46;89.71;88.53;88.63;552298
20120221;89;89.15;87.26;87.44;426318
20120222;87.45;88.57;86.91;88.12;593785
20120223;88.17;88.43;87.17;88.11;451108
20120224;88.29;89.25;88.02;88.56;492740
20120227;87.68;89.61;87.21;88.98;498725
20120228;89.64;91.09;88.5;89.9;1058778
20120229;89.86;90.59;88.59;89.6;3247607
20120301;89.58;90.58;89.3;90.3;1534732
20120302;90.05;90.56;89.22;89.34;572579
20120305;89.21;89.54;88.34;88.92;522964
20120306;88.17;88.58;87.03;87.32;964310
20120307;87.28;88.14;87.03;87.88;888609
20120308;88.47;90;87.72;89.86;824401
20120309;89.76;91.71;89.57;90.98;748736
20120312;90.4;91.12;90.14;90.51;397591
20120313;91.15;92.47;91.15;92.27;450316
20120314;92.14;92.86;91.96;92.18;547831
20120315;92.08;93.18;91.9;93.13;389363
20120316;93.17;93.42;92.5;92.96;553107
20120319;92.96;93.01;92.24;92.58;466522
20120320;92.04;93.17;91.77;92.88;578199
20120321;92.81;92.88;92.27;92.38;378742
20120322;91.24;91.99;90.23;91.21;547511
20120323;91.25;91.55;90.18;90.89;584944
20120326;91.7;94.1;91.7;94.03;939255
20120327;94.23;94.42;92.96;93.11;510650
20120328;93.3;93.73;92.11;92.86;368668
20120329;92.43;92.52;91.34;91.81;470790
20120330;92.28;92.96;91.91;92.66;520330
20120402;92.69;94.47;92.44;93.99;585349
20120403;94;94.38;93.32;93.89;505323
20120404;92.99;93.27;91.56;91.76;444304
20120405;91.32;92.03;91.32;91.93;376107
20120409;90.37;90.47;89.6;90.08;582111
20120410;89.77;90.36;87.03;87.44;759492
20120411;88.76;89.63;87.95;88.15;366604
20120412;88.15;89.72;88.05;89.28;428373
20120413;89.06;89.28;87.45;87.56;356143
20120416;88.04;88.28;86.62;86.95;519603
20120417;87.44;88.97;87.44;88.56;595389
20120418;88.18;89.18;87.85;88.19;549507
20120419;88.38;89.19;87.4;88.04;776910
20120420;88.33;89.47;88.17;88.75;701634
20120423;86.34;88.53;86.34;88.34;1005957
20120424;79.56;82.73;78;81.8;4300707
20120425;82.71;83.47;82.23;83.27;1334968
20120426;83.15;84.6;82.95;84.3;1094954
20120427;84.68;84.91;83.36;83.82;1122199
20120430;83.42;84.3;83.1;84.11;1068990
20120501;83.94;85.24;83.08;83.92;882260
20120502;83.65;83.91;83.22;83.82;1009174
20120503;84;84;82.95;83.52;679699
20120504;83.38;83.7;81.96;83.51;1148976
20120507;83.14;84.42;82.91;83.78;752166
20120508;83.06;84.71;82.7;84.5;1055806
20120509;83.49;85.03;82.94;84.35;979979
20120510;84.94;85.28;83.93;84.29;468071
20120511;83.86;85.14;83.6;84.82;647041
20120514;83.83;84.4;82.84;83.84;710780
20120515;83.85;84.26;83.01;83.12;565764
20120516;83.62;84.79;83.18;83.18;777191
20120517;83.5;84.53;82.43;82.52;1193887
20120518;83.02;83.26;80.57;80.81;855526
20120521;81.99;82.82;81.35;82.55;1224947
20120522;82.89;84.15;82.22;82.77;1108983
20120523;82.12;82.51;80.54;82.09;1126666
20120524;82.34;83.13;81.64;82.25;736159
20120525;81.89;82.99;81.67;82.1;761255
20120529;82.66;83.7;82.32;82.47;950311
20120530;81.75;81.76;80.41;80.8;1358724
20120531;80.84;80.89;79.44;79.78;1398914
20120601;78.33;78.61;76.69;77.07;1534220
20120604;77.15;77.16;75.23;76.15;1106998
20120605;75.87;77.42;75.57;76.97;805503
20120606;77.6;78.83;77.39;78.83;989184
20120607;79.64;80.16;78.24;78.35;1004480
20120608;77.88;78.98;77.55;78.78;623298
20120611;79.4;79.67;78.14;78.26;800440
20120612;78.4;79.48;78.15;79.38;595839
20120613;79;80.05;79;79.5;835874
20120614;79.7;80.51;79.22;80.32;702243
20120615;80.79;80.84;80.24;80.56;1191683
20120618;79.9;81.55;79.9;81.28;544409
20120619;81.33;82.79;81.33;82.38;554881
20120620;82.54;82.93;81.36;82.35;662606
20120621;82.56;83.11;79.98;80.04;767382
20120622;80.49;81.44;80.4;81.09;1527539
20120625;80.26;80.6;79.3;79.52;1272197
20120626;79.64;79.66;77.45;77.83;935196
20120627;78.13;78.66;77.34;78.14;1082255
20120628;77.64;78.09;75.84;76.89;702124
20120629;78.23;79.56;78.23;79.47;1172131
20120702;79.47;79.66;78;78.5;849702
20120703;78.34;79.5;78.26;79.43;194440
20120705;79.13;80.34;78.94;79.82;1040478
20120706;78.64;78.86;76.41;77.31;856017
20120709;76.99;77.38;75.69;75.96;899424
20120710;76.23;76.63;74.44;74.66;947265
20120711;74.69;75.81;74.62;75.3;976290
20120712;74.64;75.86;74.64;75.41;852722
20120713;75.47;77.16;75.35;76.63;525417
20120716;76.29;76.78;75.92;76.19;347206
20120717;76.36;77.16;75.56;77.12;512293
20120718;76.74;79.1;76.67;78.63;630275
20120719;78.71;78.77;77.56;78.51;606428
20120720;78.14;78.16;75.73;76.48;877062
20120723;75.29;76.16;74.12;75.59;1263330
20120724;74.77;78.15;74.4;75.69;2022548
20120725;75.48;76.9;74.9;75.11;1091255
20120726;77.17;79.98;76.38;77.09;741128
20120727;77.49;79.42;77.26;79.06;519206
20120730;78.89;79.12;78.01;78.11;518066
20120731;78.12;78.87;77.32;77.48;389427
20120801;77.81;78.22;77.05;77.32;837094
20120802;76.65;76.91;74.72;75.4;553940
20120803;76.71;78.41;76.6;77.11;900367
20120806;77.54;77.62;76.37;77;840803
20120807;77.11;78.89;76.71;78.68;791589
20120808;78.6;79.81;78.26;79.27;950792
20120809;79.2;79.94;78.24;78.56;556137
20120810;78.41;78.67;77.94;78.65;350872
20120813;78.29;78.49;77.29;78.02;488271
20120814;78.24;78.25;77.04;77.33;383696
20120815;77.22;78.53;77.08;78.33;602638
20120816;77.88;77.88;75.9;76.17;1052773
20120817;76.16;76.43;74.36;75.26;1007151
20120820;75.11;76;75.03;75.75;665737
20120821;76;76.73;75.72;76;535875
20120822;76.02;76.89;75.67;76.65;825195
20120823;76.66;77.56;76.23;77.1;687353
20120824;77.02;78;76.74;77.72;669182
20120827;77.79;78.49;77.5;78.01;438522
20120828;77.95;78.33;77.22;77.54;997962
20120829;77.63;79.44;77.45;79.18;881785
20120830;78.49;79.36;78.2;79.09;719557
20120831;79.74;80.65;79.01;80.19;863301
20120904;80.06;80.21;78.8;79.87;834578
20120905;79.73;79.99;78.95;79.61;904781
20120906;80.45;81.76;80.15;81.67;587490
20120907;81.99;83.29;81.89;83.18;742614
20120910;83;83.71;82.52;83.22;647005
20120911;83.34;83.87;83.22;83.42;572036
20120912;83.66;84.15;83.08;83.64;538064
20120913;83.78;85.37;83.21;85.15;822595
20120914;85.11;85.92;84.62;85.04;532864
20120917;84.9;85.05;84.32;84.92;579363
20120918;84.92;85.51;84.47;85.24;574783
20120919;85.38;85.38;84.64;85.01;258755
20120920;84.75;85.15;83.79;85.09;545408
20120921;85.61;85.78;84.45;84.69;598075
20120924;84.31;84.86;83.85;84.62;382098
20120925;84.96;85.38;84.04;84.12;367660
20120926;84.21;84.31;83.11;83.36;488476
20120927;83.83;84.34;83.47;84.12;383495
20120928;83.69;83.78;82.83;83.33;747442
20121001;83.65;85.04;83.55;84.16;563989
20121002;84.6;84.9;83.67;84.01;332724
20121003;84.19;85.07;83.91;84.32;237724
20121004;84.66;85.18;84.28;84.45;528125
20121005;84.86;85.11;84.11;84.35;223649
20121008;83.98;84.5;83.94;84.37;226127
20121009;84.12;84.44;81.94;81.98;622514
20121010;81.8;81.96;80;80.39;590591
20121011;80.89;81.95;80.81;80.89;295873
20121012;81;81.31;80.3;80.38;315797
20121015;80.39;80.82;80;80.6;357384
20121016;80.81;81.87;80.81;81.69;263306
20121017;81.72;82.35;81.51;82.11;280444
20121018;81.59;81.77;79.46;81.1;573970
20121019;80.8;80.91;79.23;79.88;616116
20121022;79.94;81.93;79.94;81.06;924915
20121023;79.83;80.62;78.33;78.89;786782
20121024;78.93;80.1;78.83;79.6;556459
20121025;80.35;81.2;80.13;80.67;433335
20121026;80.95;81.74;80.56;81.56;711362
20121031;81.49;82.02;80.83;81.81;521605
20121101;82;84.28;81.97;84.19;499745
20121102;84.57;84.98;83.22;83.49;460654
20121105;82.94;84.87;82.84;84.74;386999
20121106;84.74;86;84.44;85.38;381681
20121107;84.75;84.76;83.17;84;356127
20121108;83.91;84.34;83.21;83.21;357138
20121109;83.08;84.11;82.89;82.97;651812
20121112;83.29;83.31;82.25;82.91;527804
20121113;82.32;83.19;82.07;82.39;341109
20121114;82.58;82.68;80.46;80.74;662594
20121115;80.49;81.32;80.04;81.13;692806
20121116;81.1;81.84;80.35;81.21;534173
20121119;82.14;83.17;82.14;83.17;349738
20121120;82.79;83.6;82.12;82.84;339576
20121121;82.85;83.1;81.86;82.13;292548
20121123;82.63;83.65;82.39;83.64;126350
20121126;83.27;83.61;82.7;83.27;524331
20121127;82.8;83.51;82.56;82.95;596539
20121128;82.48;83.73;82.02;83.73;352091
20121129;83.97;84.69;83.66;84.55;375180
20121130;84.39;84.74;83.97;84.55;612821
20121203;84.73;85.3;83.98;84.14;272864
20121204;84.24;84.88;84;84.43;351886
20121205;84.41;84.89;83.97;84.15;388488
20121206;84.1;85.05;83.59;85.02;573439
20121207;85.1;85.87;84.48;85.5;588938
20121210;85.21;86.6;85.21;86;421866
20121211;86.24;87.53;86.08;87.06;642892
20121212;87.23;88.2;86.49;87.61;645981
20121213;87.33;87.75;86.97;87.43;303318
20121214;87.06;87.9;86.85;87.35;407683
20121217;87.56;88.22;87.46;88.18;633329
20121218;88.34;89.25;87.92;89.2;454418
20121219;89.39;89.39;88.35;88.39;575498
20121220;88.39;89.51;88.16;89.33;555397
20121221;88.72;88.99;88.14;88.42;878502
20121224;88.28;88.79;88.08;88.62;179903
20121226;88.78;88.78;87.05;87.38;237326
20121227;87.57;87.97;86.44;87.53;421584
20121228;87.06;87.12;86.23;86.25;344252
20121231;86.09;87.28;85.8;87.12;678038
20130102;88.96;88.96;87.79;88.71;577098
20130103;86.78;86.81;85.5;86.22;876737
20130104;85.01;87.05;85.01;86.82;747272
20130107;86.7;87.75;86.03;87.09;650459
20130108;86.86;88.77;86.86;88.74;594249
20130109;89.08;91.42;88.61;91.02;908747
20130110;91.46;91.73;90.5;91.26;393555
20130111;91.55;91.55;90.28;90.61;329117
20130114;90.48;90.8;90.21;90.3;300619
20130115;89.87;90.93;89.75;90.9;406001
20130116;90.78;90.78;90;90.56;351459
20130117;90.05;90.98;89.51;90.57;511954
20130118;90.73;92.29;90.73;91.89;673810
20130122;91.34;92.59;89.93;91.27;1222291
20130123;91.07;92.06;90.61;90.87;637348
20130124;90.93;91.94;90.44;90.95;370887
20130125;91.37;92.61;90.96;92.61;404440
20130128;93.5;93.75;92.22;92.75;482352
20130129;92.61;92.98;92.02;92.64;365940
20130130;92.73;93.36;91.96;92.14;397044
20130131;91.58;92.29;91.11;91.57;437012
20130201;92.5;93.42;92.17;93.09;567047
20130204;92.08;92.34;90.49;90.82;446891
20130205;91.33;92.2;91.33;91.59;304056
20130206;91.41;92.27;91.16;92.21;379045
20130207;92.05;92.06;90.95;91.4;372949
20130208;91.44;92.68;91.44;92.53;332104
20130211;92.52;92.55;92;92.47;224669
20130212;92.44;92.61;91.79;91.99;260583
20130213;92.36;93.33;92.1;93.22;430119
20130214;92.92;93.53;92.28;93.47;431272
20130215;93.47;93.67;92.17;92.61;448649
20130219;92.48;93.41;92.35;93.36;319698
20130220;93.14;93.41;91.96;92.33;532540
20130221;92.24;92.9;91.46;91.79;443778
20130222;92.09;92.65;92.01;92.65;264954
20130225;93;93.04;90.41;90.42;483809
20130226;90.87;91.71;89.74;91.49;541440
20130227;91.37;93.25;91.19;92.98;438263
20130228;93;93.63;92.21;92.72;455777
20130301;92.32;93.82;91.56;93.77;405335
20130304;93.34;93.77;92.73;93.74;248774
20130305;94.08;95.41;94.08;94.96;412221
20130306;95.13;95.38;94.46;94.62;182336
20130307;94.73;94.98;94.17;94.26;202045
20130308;94.68;94.78;93.95;94.48;325134
20130311;94.27;94.78;93.94;94.71;262215
20130312;94.78;94.92;93.76;94.24;301248
20130313;94.23;94.6;93.63;94.24;295682
20130314;94.37;94.67;93.98;94.66;269235
20130315;94.29;94.96;94.1;94.82;448335
20130318;94.03;94.68;93.63;93.97;326682
20130319;94.21;94.51;93.47;93.99;298989
20130320;94.46;94.93;94.11;94.78;286150
20130321;94.34;94.34;93.02;93.11;302618
20130322;93.56;93.59;92.37;93.26;307028
20130325;93.4;93.5;91.59;92.55;364678
20130326;92.98;93.93;92.94;93.26;403940
20130327;92.58;93.59;92.37;93.16;378882
20130328;93.31;94;92.83;93.91;616983
20130401;93.85;93.86;92.99;93.7;347448
20130402;94.02;95.5;93.93;95.5;519696
20130403;95.5;95.51;93.98;94.29;373560
20130404;94.37;94.9;93.85;94.57;275288
20130405;93.21;93.21;92.26;92.39;397550
20130408;92.31;93.03;92.09;93.03;287639
20130409;93.44;93.83;92.98;93.15;239745
20130410;93.6;95.33;93.48;95.12;442266
20130411;95.29;96.25;95.29;95.46;232209
20130412;94.65;95.25;93.46;94.33;584410
20130415;93.97;94.25;91.28;91.31;584723
20130416;91.97;92.46;91.3;91.69;499176
20130417;91.11;91.35;89.26;89.85;756527
20130418;89.53;89.57;87.9;88.24;806181
20130419;88.44;88.89;87.85;88.45;588900
20130422;88.68;89.26;87.95;89.23;604808
20130423;89.45;95.52;89.23;92.1;1857494
20130424;92.1;92.96;91.5;92.48;501413
20130425;92.77;93.48;92.64;92.88;370283
20130426;92.43;92.62;91.45;92.3;332733
20130429;92.42;92.58;91.67;92.45;408095
20130430;92.15;92.73;91.24;92.4;824127
20130501;92.29;93.13;92.04;92.38;486075
20130502;92.8;93.52;92.59;92.63;452065
20130503;93.63;94.04;92.96;93;301611
20130506;92.9;93.77;92.77;93.53;460876
20130507;93.52;94.87;93.15;94.47;616909
20130508;94.35;95.82;94.26;95.8;679138
20130509;95.59;97.12;95.59;96.42;653422
20130510;96.5;97.34;96.5;96.91;619879
20130513;96.52;97.19;96.06;96.5;370984
20130514;96.5;97.77;96.37;97.75;935622
20130515;97.53;98.99;97.2;98.49;528859
20130516;98.09;98.35;96.93;97.07;361475
20130517;97.5;98.38;97.09;98;344608
20130520;97.71;98.49;97.35;97.53;226719
20130521;97.75;98.87;97.7;98.08;243813
20130522;98.16;99.19;96.12;96.7;560357
20130523;95.89;97.28;95.52;97.17;528814
20130524;97.08;97.99;96.04;97.79;463174
20130528;98.66;99.66;98.66;99.27;617840
20130529;98.56;98.59;97.24;97.57;501380
20130530;97.8;98.56;97.17;97.72;681756
20130531;97.23;98.16;96.67;96.71;625644
20130603;97.09;97.28;95.88;97.01;665659
20130604;97;97.5;96.06;96.59;505918
20130605;96.36;96.94;95.45;96.22;526273
20130606;96.19;97.33;95.92;97.33;349539
20130607;97.97;98.44;97.36;98.38;559452
20130610;98.59;98.66;97.48;98.33;497362
20130611;96.98;98.05;96.84;97.18;314226
20130612;97.91;98.19;97.17;97.18;453013
20130613;97.24;99.24;96.76;99.02;319069
20130614;98.97;99.57;98.4;98.6;210061
20130617;99.53;100.56;99.26;100.21;295353
20130618;100.25;102.69;100.21;101.9;733537
20130619;102.01;102.38;100.2;100.22;373642
20130620;99.26;99.26;97.04;97.36;392934
20130621;98.11;99.75;97.89;99.26;688862
20130624;98.26;99.09;97.57;97.63;801956
20130625;99.62;101.65;98.89;99.73;603868
20130626;100.72;100.72;99;99.42;349722
20130627;99.85;100.51;99.41;100.38;312951
20130628;100.03;100.8;99.16;100.05;554565
20130701;100.55;104.24;100.55;102.37;1055136
20130702;102.27;103.52;99.92;100.36;561384
20130703;99.31;100.75;99.31;100.47;138882
20130705;101.21;102.02;100.82;102.01;288868
20130708;102.2;102.77;101.54;101.7;377303
20130709;102.16;102.72;101.6;102.19;523902
20130710;101.96;104.31;101.96;104.28;524140
20130711;105.11;105.23;103.62;104.49;319464
20130712;104.22;104.88;104.22;104.53;257771
20130715;104.76;105.51;104.49;104.64;240337
20130716;104.64;105.28;102.89;103.5;607704
20130717;104;104.07;103.14;103.25;401177
20130718;103.43;104.9;102.93;104.63;506108
20130719;105.34;105.34;104.22;104.74;403257
20130722;105.18;106;105;105.41;807635
20130723;98.29;101.4;97.85;99.17;2027676
20130724;99;100.65;98.67;100.31;611456
20130725;100.38;100.95;99.71;100.77;410397
20130726;99.94;100.53;99.44;100.16;488357
20130729;99.59;100.5;98.91;99.63;310743
20130730;100.38;101.09;100.24;100.51;396647
20130731;100.95;101.84;100.59;100.94;327442
20130801;101.93;102.98;101.79;102.93;554530
20130802;102.98;103.34;101.87;102.09;546939
20130805;102.01;102.83;101.28;102.64;151074
20130806;102.59;102.8;101.86;102.22;221346
20130807;101.84;102.38;101.51;101.89;211382
20130808;102.39;103.23;102.16;102.97;393212
20130809;102.77;103.95;101.92;103.41;393386
20130812;102.77;103.51;102.75;103.47;251853
20130813;103.5;103.79;102.78;103.53;211045
20130814;103.67;103.81;102.86;102.89;282956
20130815;101.9;102.29;99.56;99.76;627336
20130816;99.48;99.81;98.47;98.47;752189
20130819;98.79;99.15;98.1;98.16;517966
20130820;98.41;99.23;97.79;98.97;337008
20130821;98.66;99.31;98;98.59;465666
20130822;98.98;100.69;98.44;100.19;250961
20130823;100.29;100.58;99.2;99.63;184105
20130826;99.27;100.21;99.06;99.44;224542
20130827;98.2;98.97;97.53;98.45;437639
20130828;98.56;98.61;97.53;98.53;433034
20130829;98.32;99.52;98.13;98.93;209497
20130830;98.97;99.48;98.5;98.85;398375
20130903;100.21;100.82;99.41;99.98;383471
20130904;99.89;101.45;99.67;101.16;342086
20130905;100.98;101.71;100.79;101.7;162198
20130906;101.91;102.29;100.83;101.62;259817
20130909;101.72;103.18;101.72;103.09;327135
20130910;103.68;104.25;103.42;103.89;348989
20130911;103.86;105.24;103.34;104.93;593148
20130912;104.67;105.29;104.3;104.41;475193
20130913;104.41;104.8;104.02;104.19;256726
20130916;105.42;105.85;104.66;105.75;304496
20130917;106.03;106.49;105.53;105.98;186163
20130918;106.14;106.74;104.83;106.61;275074
20130919;107.1;107.55;106.13;106.44;363369
20130920;106.5;107.39;106.09;106.54;637198
20130923;106.2;106.4;105.38;105.96;204754
20130924;105.91;106.86;105.09;106.66;341027
20130925;106.54;107.29;106.43;106.72;567171
20130926;106.6;107.82;106.6;107.73;772132
20130927;107.86;108.89;106.86;107.28;419396
20130930;106.51;106.82;105.91;106.21;386636
20131001;106.58;107.13;105.45;105.7;898960
20131002;105.09;106.14;104.62;105.65;835074
20131003;105.59;105.6;104.25;104.59;420928
20131004;104.74;105.55;104.68;105;397525
20131007;104.06;104.62;103.7;103.81;388120
20131008;103.93;104.29;102.71;102.74;370032
20131009;102.81;103.18;101.82;102.34;578235
20131010;103.25;103.92;103.16;103.87;300503
20131011;103.84;104.49;103.6;104.48;359801
20131014;102.79;104.32;102.61;104.18;302321
20131015;103.88;104.19;102.84;103.11;260659
20131016;103.61;104.59;103.5;104.11;314015
20131017;103.86;106.43;103.53;106.35;368046
20131018;107.02;107.04;106.09;106.48;314879
20131021;106.47;106.82;105.92;106.21;556327
20131022;101.73;103.5;99.43;99.83;1762419
20131023;99.69;101.93;98.54;101.82;1011812
20131024;101.77;102.18;100.11;101.29;803012
20131025;101.61;102.09;101.38;101.99;589931
20131028;101.9;103.06;101.51;102.24;422157
20131029;102.28;102.92;101.8;102.15;528491
20131030;102.5;102.5;100.43;100.98;592148
20131031;101.14;101.46;100.38;100.92;473110
20131101;100.85;101.81;100.58;100.58;376516
20131104;101.2;101.24;100.33;100.8;342116
20131105;100.41;100.89;99.45;99.47;327724
20131106;99.58;100.06;98.83;99.69;277485
20131107;99.94;99.97;98.34;98.45;360084
20131108;98.42;100.19;98.42;100.12;421388
20131111;99.81;100.3;99.58;99.66;248669
20131112;99.5;99.78;99.02;99.52;289496
20131113;99.25;100.05;98.9;100.05;278259
20131114;100.06;100.99;99.73;100.62;264914
20131115;100.69;102.13;100.62;102.12;857011
20131118;102.35;102.35;101.01;101.25;239425
20131119;101.03;101.08;100.42;100.5;321632
20131120;100.5;101.25;100.3;100.4;458260
20131121;100.81;102.13;100.8;101.38;301790
20131122;101.58;101.8;100.84;101.09;267328
20131125;101.48;101.48;100.43;100.66;186205
20131126;99.14;100.2;98.46;99.67;484207
20131127;99.9;100.14;98.92;99.9;204297
20131129;99.91;99.99;99.02;99.53;121528
20131202;99.57;99.99;99.1;99.58;318978
20131203;99.17;99.59;98.93;99.34;356632
20131204;98.86;99.47;98.47;99.2;526511
20131205;99.19;99.19;98.34;98.49;287655
20131206;99.31;99.32;97.9;98.21;681051
20131209;98.55;98.64;98.08;98.49;622612
20131210;98.46;98.62;96.96;97.03;635872
20131211;96.91;97.2;94.5;95.25;1173441
20131212;95.25;96.47;95.11;96.01;622598
20131213;96.31;96.49;95.5;96.03;503429
20131216;96.27;97.08;96.27;96.72;288761
20131217;96.68;97.19;95.64;96.1;242386
20131218;96.11;98.82;95.87;98.8;570332
20131219;98.11;99.11;97.99;99.02;655317
20131220;99.45;99.98;99.02;99.58;700928
20131223;100.18;100.21;99.15;99.47;406117
20131224;99.4;99.75;99.31;99.6;104639
20131226;99.61;100.07;99.26;99.6;233146
20131227;99.63;100.18;99.12;99.36;267418
20131230;99.56;100.85;99.44;100.3;532671
20131231;100.5;100.5;99.65;100;322550
20140102;100;100.17;99;99.22;335610
20140103;99.13;99.78;97.9;98.04;1197541
20140106;98.37;98.87;98.05;98.39;550964
20140107;99.04;100.52;98.5;100.38;514154
20140108;100.49;101.36;100.13;100.48;595880
20140109;100.8;101.06;100.34;100.62;384386
20140110;100.62;101.48;100.42;101.46;288304
20140113;101.29;101.3;99.83;100.51;416430
20140114;100.56;103.52;100.56;103;893785
20140115;103.03;103.96;102.64;103.95;615636
20140116;103.9;105.33;103.75;105.25;612473
20140117;104.82;105.39;104.31;104.4;628296
20140121;104.84;105.28;104.38;105.05;727474
20140122;105.3;105.77;104.44;104.96;398993
20140123;104.07;104.95;103.92;104.58;531646
20140124;104.09;104.5;103.02;103.02;898735
20140127;103.65;104.04;102.16;102.9;1092554
20140128;109;111;107.9;110.41;1449714
20140129;110.01;110.73;108.57;108.81;1179722
20140130;109.42;110.37;109.4;109.81;1094846
20140131;108.61;108.91;107.59;108.27;733451
20140203;108.45;108.87;104.49;105.11;907510
20140204;105.47;105.75;104.6;105.22;618037
20140205;105.04;106.25;104.41;105.31;568591
20140206;105.64;106.97;104.95;106.9;335528
20140207;107.21;108.93;106.96;108.72;613727
20140210;108.5;109.2;107.87;109.19;347496
20140211;109.25;110.08;108.69;109.85;403455
20140212;109.79;110.8;109.39;110.79;415389
20140213;110.34;112.11;110.05;112.05;613486
20140214;111.05;112.68;110.98;112.48;652943
20140218;112.74;112.74;110.98;111.89;551835
20140219;111.39;112.86;111.18;112.12;580738
20140220;112;115.06;111.61;114.94;879227
20140221;115.02;115.02;113.26;113.31;440676
20140224;113.4;114.57;113.33;113.59;386644
20140225;113.63;114.05;112.24;112.59;671431
20140226;112.68;113.15;111.68;111.87;472732
20140227;111.92;112.32;111.51;112.21;357763
20140228;112.18;112.19;110.72;111.4;489025
20140303;110.7;111.5;110.15;110.54;452035
20140304;111.54;112.83;110.99;112.59;441882
20140305;112.78;113.52;112.04;112.89;393196
20140306;113.36;113.84;112.64;112.78;243882
20140307;113.23;113.65;111.53;112.72;359228
20140310;112.7;113.14;111.72;113.07;250310
20140311;113.09;113.93;112.84;113.36;586060
20140312;113;113.48;112.46;113.24;748666
20140313;113.5;113.85;112.46;112.7;500376
20140314;112.53;114.01;112.31;113.04;414074
20140317;113.38;114.5;113.32;113.65;348701
20140318;113.73;114.49;113.23;114.23;526367
20140319;114.12;114.59;112.18;112.8;497404
20140320;112.12;113.13;111.7;112.49;675742
20140321;113.67;113.68;110.64;110.74;750459
20140324;111.41;111.57;107.94;108.48;593783
20140325;108.96;109.6;107.6;108.62;458639
20140326;109.05;109.48;107.34;107.36;284990
20140327;107.4;108.33;106.77;107.81;344146
20140328;108.15;108.72;107.51;107.68;224254
20140331;108.45;108.69;107.84;108.41;365847
20140401;108.86;109.55;108.28;108.88;543186
20140402;108.75;110.73;108.75;110.65;437580
20140403;110.75;111.07;109.61;110.85;319161
20140404;111.5;113.27;110.56;111.03;1041526
20140407;110.95;110.95;108.89;109.41;584696
20140408;109.41;111.58;109.09;111.45;747737
20140409;111.66;114.32;111.14;114.29;753121
20140410;114.36;114.36;109.77;109.92;576901
20140411;109.13;109.89;107.94;108;554486
20140414;109.03;109.52;107.98;109.14;315476
20140415;109.79;110.33;106.96;109.65;669300
20140416;110.26;110.7;109.17;109.82;382243
20140417;109.46;111.67;109.26;111.15;493836
20140421;111.24;111.32;110.33;111.09;317199
20140422;111.07;112.56;110.61;111.6;287520
20140423;112.1;112.1;109.91;110.4;337508
20140424;111.19;111.31;109.83;110.29;391203
20140425;110.3;110.59;108.49;108.7;361099
20140428;109.71;110.52;106.07;108.24;1039388
20140429;103.91;104.68;98.89;99.03;2376422
20140430;98.66;98.85;97.9;98.54;1233350
20140501;98.18;100.9;97.86;100.53;912420
20140502;100.63;101.21;99.79;99.9;657170
20140505;99.43;101.39;98.85;101.26;851385
20140506;101.16;102.47;100.86;101.75;917174
20140507;101.68;102.54;101.31;101.77;865501
20140508;101.51;103.41;101.3;101.93;668447
20140509;101.89;104.07;101.45;103.46;651390
20140512;103.88;105.67;103.82;105.12;537049
20140513;105.12;105.55;103.91;104.85;585590
20140514;104.78;104.98;101.84;102.14;2010355
20140515;101.72;101.96;99.88;101.59;1531680
20140516;101.27;103.42;100.68;103.01;959188
20140519;102.98;103.11;102.01;102.06;380413
20140520;102.16;102.16;99.87;100.98;638017
20140521;101.58;102.01;100.85;101;466074
20140522;101.01;101.75;100.31;100.36;608590
20140523;100.53;100.97;100.1;100.54;451502
20140527;101.04;101.04;100.09;100.2;577548
20140528;100.3;101.08;100.02;100.15;634880
20140529;100.59;100.88;100.12;100.46;722358
20140530;100.06;100.74;99.91;100.16;696303
20140602;100.23;101.24;100.23;100.73;519623
20140603;100.51;102.61;100.11;102.37;705951
20140604;102.48;103.59;101.67;102.57;730205
20140605;102.71;104.77;102.24;104.57;564837
20140606;104.83;105.59;104.4;105.54;409176
20140609;105.24;105.86;104.76;105.5;425905
20140610;105.13;105.62;104.94;105.14;340094
20140611;104.5;105.34;104.26;105.08;427226
20140612;104.97;104.97;104.22;104.43;536450
20140613;104.71;105.73;104.49;104.89;516985
20140616;104.82;105.83;104.58;104.66;560916
20140617;104.41;105.58;104.28;105.3;436362
20140618;105.31;107.25;105.31;107.2;594548
20140619;107.11;107.4;105.35;105.66;756520
20140620;105.84;106.1;105.49;106.07;641309
20140623;106.07;106.63;105.69;105.77;343383
20140624;105.81;106.24;104.94;104.99;402965
20140625;105.01;105.66;104.6;105.55;287563
20140626;105.54;105.82;104.54;104.92;293714
20140627;105.03;106.55;105.03;105.36;307920
20140630;105.1;105.48;104.08;104.44;379383
20140701;104.93;105.36;104.69;104.94;439781
20140702;104.94;105.54;104.62;104.7;179501
20140703;104.71;105.87;104.55;105.82;137674
20140707;105.38;105.81;104.67;104.86;156231
20140708;104.38;104.67;103.32;103.61;240736
20140709;104.13;104.13;103.2;103.53;223811
20140710;102.01;102.64;101.41;102.19;364872
20140711;102.19;102.85;102.06;102.8;222769
20140714;103.49;104.1;102.46;103.29;327633
20140715;103.06;103.52;101.69;101.9;512134
20140716;102.09;102.94;101.11;101.5;433209
20140717;100.86;101.8;99.19;99.25;712641
20140718;99.58;101.52;99.16;101.52;951488
20140721;101.25;101.69;100.56;101.3;733756
20140722;104.93;108.89;103.57;107.16;1711450
20140723;107.56;108.16;103.95;104.79;1040832
20140724;104.98;106.01;104.25;105.73;465689
20140725;105.28;106.07;105.1;105.96;281504
20140728;105.93;105.95;104.63;105.37;289607
20140729;105.36;106.03;104.92;105.16;299431
20140730;105.33;106.5;105.06;105.76;403730
20140731;104.96;105.18;103.11;103.44;577189
20140801;103.21;104.3;102.52;103.19;425422
20140804;103.16;104.19;102.08;103.96;306875
20140805;103.23;104.81;103.12;103.84;372516
20140806;103.41;104.03;102.72;103.4;483492
20140807;103.63;104.13;102.56;102.73;482810
20140808;103.03;103.91;102.43;103.59;478744
20140811;104.19;104.22;103.21;103.57;410630
20140812;103.27;103.46;102.33;102.45;275310
20140813;102.82;103.39;102.41;103.12;490301
20140814;103.32;104.66;103.12;104.52;338397
20140815;105.02;105.13;102.76;103.44;429424
20140818;104.18;104.55;103.39;104.34;316995
20140819;104.84;104.84;104.11;104.35;240751
20140820;103.97;104.33;103.02;103.32;354177
20140821;103.7;103.7;102.82;103.3;473425
20140822;103.19;103.57;102.69;102.92;268180
20140825;103.61;103.93;102.95;103.1;167345
20140826;103.43;104.19;103.06;103.61;432611
20140827;103.96;104.2;102.99;103.3;220735
20140828;103.01;103.46;102.53;103.36;228291
20140829;103.25;103.52;102.89;103.43;369497
20140902;103.48;104.43;103.4;103.88;429810
20140903;104.44;104.57;103.6;103.72;389214
20140904;103.73;104.6;103.23;103.52;324596
20140905;103.69;104.37;102.49;104.08;389438
20140908;102.65;104.08;102.65;103.1;413542
20140909;103.02;103.41;102.08;102.57;543769
20140910;102.5;103.54;102.24;103.17;511713
20140911;102.88;103.87;102.84;103.7;378389
20140912;103.57;103.57;101.63;101.78;425073
20140915;101.82;101.82;100.72;101.23;247056
20140916;100.96;101.42;100.21;101.32;501016
20140917;101.3;102.01;101.18;101.57;493965
20140918;101.81;102.57;101.81;102.13;358887
20140919;102.84;102.84;101.32;101.58;743047
20140922;102;102.03;101.23;101.53;823085
20140923;101.46;101.62;100.64;100.64;480931
20140924;100.72;101.74;100.44;101.45;430647
20140925;101.26;101.47;100.01;100.11;562428
20140926;100.29;100.31;99.61;100.14;328911
20140929;99.5;100.26;99.24;100.05;381947
20140930;100.01;100.15;99.08;99.12;553665
20141001;99.3;99.3;98.4;98.42;670734
20141002;97.92;98.05;96.88;97.18;1025744
20141003;97.66;98.09;97.52;97.74;758762
20141006;98.37;98.6;97.51;97.82;459605
20141007;97.5;97.58;96.47;96.74;640851
20141008;96.95;99.08;96.93;99.05;646765
20141009;99;99.1;97.82;97.9;568826
20141010;97.96;98.75;97.32;97.34;766090
20141013;97.16;97.35;95.65;95.76;487932
20141014;96.05;96.89;95.88;96.14;631797
20141015;94.88;95.5;93.56;95.08;654114
20141016;94.27;96.17;93.76;95.12;744758
20141017;95.78;97.09;95.45;96.98;789275
20141020;96.63;97.92;96.33;97.54;888694
20141021;100.29;107.49;100.29;107.17;2242871
20141022;107.66;108.04;104.39;104.46;1026499
20141023;105.53;108.02;105.39;107.34;627781
20141024;107.27;108.71;107.23;108.21;654601
20141027;108.21;108.74;107.28;108.16;509245
20141028;108.65;110;108.43;110;501874
20141029;110;110.38;108.79;109.87;791390
20141030;109.84;110.86;109.17;110.6;420658
20141031;112.17;112.4;110.44;110.8;676804
20141103;111;111.95;111;111.68;392046
20141104;111.54;111.97;111;111.91;370772
20141105;112.78;112.79;111.3;111.79;392358
20141106;112.02;113.21;111.94;112.88;514491
20141107;112.93;113.01;110.7;111.05;745160
20141110;111.32;112.51;111.05;112.51;304084
20141111;112.33;112.72;111.91;112.33;179227
20141112;111.68;113.73;111.53;113.5;484705
20141113;113.5;114.32;113.26;113.72;324729
20141114;113.93;113.93;112.11;112.48;339757
20141117;112.34;112.63;111.88;112.45;259953
20141118;112.37;114.31;112.12;114.09;496182
20141119;113.79;114.58;113.35;114.35;605183
20141120;114.15;116.68;114.13;115.93;970259
20141121;117.71;117.71;115.7;115.84;608984
20141124;116.01;116.64;115.7;116.47;630943
20141125;116.58;116.62;115.58;115.81;397844
20141126;116.1;116.35;115.21;115.87;194001
20141128;116.08;117.11;115.74;115.9;179945
20141201;115.45;116.26;115.12;115.9;485368
20141202;116.08;117.22;115.64;116.8;341681
20141203;116.28;117.3;115.62;116.98;284907
20141204;116.83;117.57;116.41;116.49;465041
20141205;116.02;116.66;114.31;115.45;620374
20141208;115.6;116.26;115;115.35;339181
20141209;114.43;116.08;114.3;115.55;346704
20141210;115.13;115.18;112.28;112.44;703797
20141211;112.8;114.11;112.54;113.36;406995
20141212;112.11;113.38;111.52;111.56;420707
20141215;112.06;112.61;110.85;111.75;507248
20141216;111.74;113.67;111.11;111.24;506452
20141217;111.48;113.92;111;113.35;521625
20141218;114.47;114.49;113.12;114.26;604373
20141219;114.36;115.41;113.6;115.09;789393
20141222;115.15;116.2;114.29;115.49;300274
20141223;115.77;115.77;113.73;114.33;339104
20141224;114.58;115.14;114.33;114.54;103971
20141226;114.69;115.17;113.76;114.35;218012
20141229;114.19;114.79;113.72;114.43;240496
20141230;114.43;115.27;113.75;113.77;243041
20141231;114.24;114.91;112.6;112.72;195111
20150102;113.57;114.92;113.23;113.88;493482
20150105;113.62;114.3;112.91;113.02;341676
20150106;112.95;113.81;111.77;112.53;396926
20150107;113.47;115.98;113.11;115.93;438964
20150108;117.11;118.4;116.49;118.09;491290
20150109;118.14;118.64;116.29;116.52;439647
20150112;116.82;117.52;115.42;116.46;405200
20150113;117.52;118.03;115.4;116.02;414289
20150114;114.68;115.18;113.74;114.4;316439
20150115;114.82;114.97;112.77;112.79;272576
20150116;112.34;113.95;112.3;113.46;495729
20150120;114.06;114.48;112.45;113.96;384142
20150121;113.54;114.52;113.1;114.27;265183
20150122;114.58;116.03;113.43;115.91;428450
20150123;115.91;116.48;114.44;114.45;562072
20150126;114.11;116.22;113.44;116.11;721636
20150127;116.51;122.8;116.51;119.35;1231409
20150128;119.43;120.28;118.73;118.95;596719
20150129;118.8;120.72;117.84;120.62;466959
20150130;119.84;121.13;118.6;119.05;582165
20150202;119;119.47;117.16;119.06;467246
20150203;119.79;119.79;118.32;119.48;389915
20150204;118.67;120.1;118.19;119.13;301479
20150205;119.65;121.48;119.62;120.1;316070
20150206;119.84;119.91;118.54;119.06;496191
20150209;118.69;118.92;117.29;117.74;446445
20150210;118.69;118.96;117.86;118.68;353104
20150211;118.4;119.48;117.93;118.75;435728
20150212;119.01;119.54;118.52;119.15;274085
20150213;119.36;120.16;118.54;119.86;388227
20150217;119.5;120.18;118.53;119.99;288305
20150218;119.88;120.87;119.29;120.01;252699
20150219;119.66;119.95;119.09;119.49;252541
20150220;119.33;121.2;118.46;121.04;280771
20150223;121.04;122.25;120.27;121.62;301146
20150224;121.43;121.75;120.25;120.56;313713
20150225;120.7;121.43;120.5;120.73;230238
20150226;120.78;121.39;119.91;120.93;172076
20150227;120.52;120.69;119.55;120.38;381839
20150302;120.17;121.68;119.96;121.36;367900
20150303;120.89;121.52;119.32;119.53;826155
20150304;119.43;120.81;119.05;120.24;321594
20150305;120.29;122.12;120.19;121.89;301192
20150306;121.45;121.57;118.57;118.94;465780
20150309;118.92;119.46;118.03;119.17;289805
20150310;117.48;118.58;116.83;116.87;378323
20150311;117.22;119.93;116.94;119.76;683559
20150312;120.04;122.35;119.73;121.98;511403
20150313;121.98;122.62;119.94;120.95;305315
20150316;121.87;124.69;121.7;124.6;425321
20150317;123.43;124;122.23;123.46;319483
20150318;122.98;124.42;121.44;124.07;364681
20150319;123.61;123.94;122.17;123.61;365037
20150320;124.12;125.02;123.45;124.82;630778
20150323;124.52;124.81;123.53;123.84;259724
20150324;123.59;124.47;122.75;123.14;357533
20150325;123.07;123.96;121.46;121.54;299033
20150326;120.84;122.29;120.62;121.85;328217
20150327;122.27;124.28;121.78;124.11;346782
20150330;124.64;125.47;124.03;124.94;264056
20150331;124.48;125.86;124.2;124.32;300431
20150401;124.02;124.48;121.8;123.47;417493
20150402;123.64;124.94;122.97;124.2;338651
20150406;123.57;126.17;122.93;125.63;255297
20150407;125.92;126.61;124.82;124.94;262674
20150408;124.9;126.22;124.2;124.92;280101
20150409;125.03;125.88;124.61;125.43;344173
20150410;125.75;126.74;125.11;125.77;332594
20150413;125.67;126.04;124.6;124.75;309554
20150414;125;125.02;124.32;124.56;329805
20150415;125.19;125.41;124.07;124.58;289843
20150416;124.12;125.5;123.88;124.94;534895
20150417;124.1;124.94;123.31;124.41;472580
20150420;124.94;125.21;123.98;124.02;316141
20150421;124.4;124.45;123.48;124.16;393354
20150422;123.68;124.89;123.68;124.08;477385
20150423;123.87;124.8;123.38;124.35;357998
20150424;124.25;124.78;122.88;123.54;411044
20150427;123.9;124.37;120.79;122;547272
20150428;127.19;129.41;122.17;125.59;1012431
20150429;125.55;126.56;124.44;125.45;343485
20150430;124.64;127;124.18;125.19;684013
20150501;125.99;127.08;125.34;126.59;301864
20150504;126.83;128.29;126.48;127.02;274178
20150505;126.58;127.99;126.02;127.69;570757
20150506;128.03;128.52;127.24;127.39;595300
20150507;127.23;128.39;126.67;128.06;327395
20150508;128.95;131.34;128.79;130.4;918540
20150511;130.4;131.51;130;131.2;640561
20150512;131.04;131.35;130.02;130.82;751342
20150513;130.89;131.46;129.46;129.79;592122
20150514;130.65;131.12;129.46;130.01;884184
20150515;130.58;131.26;130.24;130.57;698567
20150518;130.7;131.68;130.48;131.49;272362
20150519;131.62;133.91;131.2;133.19;469836
20150520;133.07;135.9;132.91;134.76;595927
20150521;134.93;135;133.56;133.84;378244
20150522;133.66;134.05;133.16;133.29;284569
20150526;133.1;133.33;132.44;132.69;380100
20150527;133.27;134.84;132.55;134.72;483293
20150528;134.69;135.03;133.53;134.57;357257
20150529;134.58;134.81;133.12;133.62;546517
20150601;134.04;134.61;133.17;133.82;325917
20150602;133.48;135.02;132.99;134.09;503842
20150603;134.23;134.72;133.7;134.67;566265
20150604;134.49;134.71;133.6;133.86;309642
20150605;133.65;133.95;132.32;133.4;369670
20150608;133.14;133.9;132.83;133.22;268641
20150609;132.99;133.99;132.38;133.43;271374
20150610;133.84;134.99;133.26;134.82;611750
20150611;134.97;134.98;133.73;134.64;345563
20150612;134.27;134.61;133.28;133.94;252583
20150615;133.44;133.44;131.33;132.99;413694
20150616;132.99;134.75;132.94;134.23;348890
20150617;134.47;134.97;133.42;134.37;307822
20150618;134.79;137.08;134.04;136.5;488832
20150619;136.39;136.99;136.03;136.4;889369
20150622;136.92;137.39;136.22;136.36;231423
20150623;136.69;136.89;134.82;135.23;387195
20150624;135.01;135.52;133.79;134.22;280595
20150625;132.72;132.72;128.42;130.22;1532232
20150626;130.85;131.56;130.27;130.78;556146
20150629;130.08;131;127.72;127.83;427194
20150630;128.68;129.72;127.74;128.38;634942
20150701;129.28;130.01;127.95;129.03;397001
20150702;129.43;129.5;128.09;129.37;344503
20150706;128.72;130.14;127.92;129.61;455923
20150707;130.22;130.22;127.67;129.8;441392
20150708;128.36;129.37;125.35;125.46;628237
20150709;126.94;127.22;125.03;125.41;564562
20150710;126.9;128.75;126.35;128.53;477655
20150713;129.64;129.82;128.96;129.71;264343
20150714;130.17;131.95;129.56;131.7;391729
20150715;132.06;132.71;129.98;130.41;352816
20150716;131.49;131.74;129.98;130.79;294096
20150717;130.3;131.28;130.15;130.88;250693
20150720;130.8;131.47;129.72;131.12;282113
20150721;131.24;131.51;129.79;130.63;363899
20150722;131.07;133.51;130.57;132.41;897997
20150723;133;133.31;131.47;131.57;363818
20150724;131.14;131.97;130.46;130.73;246202
20150727;130.3;130.61;128.79;129.87;491187
20150728;131.5;133.64;129.36;130.58;847492
20150729;131.64;133.89;131.64;133.38;602078
20150730;133.3;133.3;131.63;132.59;559941
20150731;133.42;134.39;132.93;133.49;593627
20150803;133.42;134;132.68;133.59;594261
20150804;133.32;134.66;133.25;134.55;538817
20150805;135.41;136.17;134.84;135.14;523781
20150806;134.88;135.28;131.09;131.54;309227
20150807;131.26;132.07;129.65;131.94;408552
20150810;132.59;134.4;132.59;133.9;408192
20150811;133;133.07;131.18;132.6;326811
20150812;131.49;132.46;127.33;129.62;881834
20150813;129.38;130.04;128.33;128.62;388300
20150814;128.4;129.19;128.26;128.82;306646
20150817;128.32;129.3;127.72;129.24;503273
20150818;129.27;129.69;128.36;128.92;311060
20150819;128.67;129.94;126.56;128.76;478055
20150820;127.65;128.92;125.79;125.82;282926
20150821;124.83;126.08;122.75;122.76;526316
20150824;116.41;121.84;115.32;117.77;721511
20150825;120.62;120.65;116.8;116.83;646585
20150826;118.04;122.89;117.87;122.67;892872
20150827;123.84;126.47;123.43;125.71;598577
20150828;125.26;126.25;123.34;124.81;552273
20150831;124.39;124.92;121.06;121.38;563788
20150901;119.11;120.35;117.67;118.36;756218
20150902;119.81;122.22;118.85;122.22;620792
20150903;122.5;124.3;121.89;122.67;437903
20150904;121.33;122.15;119.13;120.01;494611
20150908;122.3;123.64;121.66;123.55;415538
20150909;124.37;124.76;121.42;121.68;327759
20150910;122.51;124;121.87;122.9;384764
20150911;122.39;124.75;121.88;124.59;371687
20150914;124.35;124.75;123.52;124.16;264402
20150915;124.71;124.99;123.55;124.68;403376
20150916;124.57;124.89;122.42;124.5;414509
20150917;124.68;125.96;123.72;124.07;405953
20150918;122.93;124.15;121.93;122.16;675383
20150921;122.56;123.61;120.64;121.19;595165
20150922;119.78;120.54;118.64;119.82;556400
20150923;119.69;120.95;119.34;119.93;298684
20150924;118.63;119.47;117.87;118.72;451110
20150925;119.24;120.36;116.32;117.16;523519
20150928;116.39;116.94;113.98;115.23;691898
20150929;115.11;118.69;115.11;117.2;586416
20150930;118.5;119.61;116.29;118.21;583593
20151001;118.13;118.5;115.53;117.36;572270
20151002;115.56;119.39;115.46;119.31;450673
20151005;120.1;120.68;118.6;119.74;379528
20151006;118.97;118.98;115.21;117.38;718292
20151007;117.88;120.59;117.37;119.56;702939
20151008;119;119.86;117.73;119.76;413387
20151009;119.66;121.38;119.46;120.92;424201
20151012;120.39;121.14;119.99;120.59;212918
20151013;119.84;121.12;118.78;119.06;236504
20151014;119.08;120.65;117.8;118.01;363459
20151015;118.12;120.63;117.83;120.6;373668
20151016;121.16;121.38;120.19;120.99;269454
20151019;120.72;121.77;120.54;121.59;350735
20151020;121.4;122.17;120.69;122.01;349393
20151021;122.64;124.03;120.54;121.34;414954
20151022;121.79;124.13;120.48;123.18;579064
20151023;123.82;124.58;123.42;124.27;332221
20151026;124.16;124.6;122.43;124.16;618713
20151027;126.64;129.93;124.72;127;1139480
20151028;127.48;129.48;126.18;129.19;552495
20151029;128.82;129.24;127.15;128.56;476789
20151030;128.84;129.14;127.7;127.8;467090
20151102;128.21;133;127.54;132.23;572063
20151103;131.89;133.97;131.23;132.83;618878
20151104;133.05;133.6;131.56;132.24;397101
20151105;132.36;132.9;130.93;131.74;370790
20151106;131.47;132.49;130.86;132.48;351251
20151109;131.93;132.53;130.53;132.16;343173
20151110;131.96;132.93;130.88;132.3;315719
20151111;132.93;133;131.58;131.67;295710
20151112;130.62;132.17;129.42;129.45;358584
20151113;129.62;130.22;128;128.69;400037
20151116;128.85;130.54;128.74;130.52;519214
20151117;130.39;133.03;130.19;131.77;435445
20151118;132.13;132.53;131.15;131.86;895174
20151119;131.89;132.36;130.4;131.55;792312
20151120;131.88;134.05;131.17;133.17;1116555
20151123;133.17;134.05;132.67;133.73;583530
20151124;132.61;133.28;131.23;132.83;549659
20151125;132.56;133.98;132.15;133.26;231696
20151127;133.51;134.65;133.3;134.1;144425
20151130;134.25;134.83;132.58;132.82;725629
20151201;133.33;134.16;132.59;133.38;422422
20151202;132.78;133.77;130.54;130.79;800720
20151203;130.88;130.88;126.88;127.56;777033
20151204;128.15;131.6;128.15;131;505646
20151207;130.62;131.34;129.31;130.81;421622
20151208;129.69;131;128.73;130.16;844072
20151209;129.51;130.44;127.71;128.93;597514
20151210;128.99;131.13;128.65;130.25;344523
20151211;129.15;130.14;128.49;129.49;508215
20151214;129.62;130.54;128.28;129.68;383198
20151215;130.7;132.83;130.51;131.61;397818
20151216;132.49;134.07;131.63;133.73;387128
20151217;133.86;134.57;131.27;131.3;312385
20151218;130.45;131.2;128.97;129.52;780876
20151221;130.5;131.14;129.47;130.61;261534
20151222;131.24;133.02;130.55;132.84;217036
20151223;133.57;134.18;132.37;133.92;259600
20151224;133.73;134.53;133.13;133.94;103926
20151228;133.47;134.17;132.84;134;201422
20151229;134.99;136.95;134.83;136.17;292118
20151230;136;136.65;135.4;135.64;347512
20151231;134.98;135.87;134.58;134.58;319224
20160104;132.56;133.02;129.13;130.35;497246
20160105;130.47;132.41;129.54;129.81;417694
20160106;128.46;130.97;128.46;129.71;450150
20160107;127.87;129.77;127.2;128.82;763581
20160108;129.59;130.42;126.45;126.72;369759
20160111;127.78;127.93;125.28;126.08;713025
20160112;127.26;128.36;124.96;126.82;743032
20160113;127.44;128.05;123.59;123.92;328511
20160114;124.14;127.77;123.77;127.03;454186
20160115;124.83;126.61;124;126.24;515857
20160119;127.47;127.73;124.27;125.85;618202
20160120;124.33;126.37;121.92;125.02;691130
20160121;125.4;125.85;123.13;124.56;741170
20160122;125.66;127.24;124.7;127.21;496131
20160125;127.03;129.98;126.75;127.62;996221
20160126;124.63;125.3;121.08;122.55;2041580
20160127;121.7;123.82;120.66;121.25;1021838
20160128;120.83;121;115.71;117.45;928975
20160129;117.89;121.33;117.89;121.21;599453
20160201;121.68;121.99;118.95;120.36;826952
20160202;119.13;120.19;117.16;118;538982
20160203;118.45;118.97;115.63;118.84;722446
20160204;118.39;119.54;117.25;117.92;485499
20160205;117.33;117.33;115;115.47;487890
20160208;114.34;115.17;112.51;113.62;499802
20160209;112.53;117.09;112;115.83;596264
20160210;116.73;120.18;116.01;117.68;516112
20160211;115.19;117.8;115.19;116.46;543978
20160212;117.85;119.11;116.59;118.41;430810
20160216;119.47;120.13;118.75;120.02;456094
20160217;120.42;122.26;119.53;122.13;380067
20160218;121.89;122.69;120.94;121.2;328933
20160219;121.16;121.85;119.96;121.37;319666
20160222;122.59;123.27;121.45;122.69;278315
20160223;121.92;122.95;120.48;121.07;352590
20160224;120.25;120.91;118.93;120.76;444324
20160225;121.09;121.93;120.1;121.81;393742
20160226;122.1;122.82;120.49;121.84;300113
20160229;121.84;123;120.28;120.31;451289
20160301;121.09;123.69;120.52;123.55;516854
20160302;123.11;126.49;122.99;126.03;679604
20160303;125.61;126.66;125.01;126.35;428810
20160304;126.45;127.98;125.97;127.1;477200
20160307;126.2;128.79;125.18;128.01;430351
20160308;127.03;128.14;126.28;127.75;635527
20160309;128.38;128.63;127.21;127.92;655426
20160310;128.14;128.93;126.61;127.49;537015
20160311;128.34;129.5;127.85;129.15;493681
20160314;128.52;129.64;127.58;128.96;478877
20160315;128.05;129.4;127.65;129.16;517959
20160316;128.55;130.37;128.48;129.95;469535
20160317;130.05;130.52;127.73;127.76;706590
20160318;128.18;130.73;127.12;129.95;1028905
20160321;130;130.45;129.05;130.15;322922
20160322;129.42;130.59;129.42;129.98;344206
20160323;130.08;131.55;129.3;130.65;406204
20160324;130.01;130.86;129.31;129.83;313010
20160328;130.02;130.52;128.75;129.94;224291
20160329;130.1;131.94;129.63;131.68;326822
20160330;132.52;132.66;130.92;132.16;407133
20160331;132.16;132.87;131.3;131.92;603453
20160401;130.91;133.6;130.91;133.41;929795
20160404;133.36;134.26;132.56;132.89;551304
20160405;131.47;131.89;130.56;131.01;860766
20160406;130.94;134.32;130.85;134.19;1378187
20160407;133.47;133.91;129.6;130.15;834750
20160408;131.24;131.79;130.59;131.33;282060
20160411;131.48;132.35;130.12;130.66;408681
20160412;130.99;132.51;130.69;132.19;458347
20160413;132.77;134.9;132.45;134.74;339039
20160414;134.86;135.25;134.16;134.89;408685
20160415;135;135.92;133.96;135.81;413633
20160418;135.65;138.35;135.1;138.31;722101
20160419;137.45;138.91;136;136.62;490539
20160420;136.93;137.67;135.23;136.41;419248
20160421;136.41;138.08;136.31;137.68;349038
20160422;137.92;138.52;137.03;138.14;487911
20160425;137.46;137.86;136.05;137.57;1154071
20160426;138.45;138.45;132.12;133.34;1230610
20160427;133.68;133.84;132.28;133.24;736517
20160428;132.73;133.3;131.15;131.65;513587
20160429;130.94;131.01;128.9;130.16;548648
20160502;130.88;132.99;130.74;132.88;513743
20160503;131.96;132.53;130.42;131.27;478561
20160504;130.41;131.27;129.69;130.73;421859
20160505;130.66;131.7;130.18;131.1;399234
20160506;130.89;133.07;130.82;132.81;485018
20160509;132.79;135;132.79;133.71;494606
20160510;134.17;135.94;132.91;135.7;521723
20160511;135.15;136.76;134.37;134.55;433438
20160512;134.97;135.2;133.78;134.96;452240
20160513;134.67;136.25;134.4;134.76;406184
20160516;135.02;137.03;134.13;136.01;377532
20160517;136.18;136.33;133.82;134.49;426173
20160518;134.47;136.08;134.02;135.05;418961
20160519;134.4;135.06;133.43;134.92;418520
20160520;135.73;136.02;134.66;135.44;1327553
20160523;135.26;135.88;134.17;135.11;359896
20160524;135.61;138.05;134.26;137.56;545555
20160525;137.68;138.32;137.11;137.61;280663
20160526;137.31;137.52;136.47;136.71;187146
20160527;136.71;137.6;136.59;137.45;192880
20160531;137.72;138.27;136.65;137.55;707957
20160601;137.08;138.84;136.56;138.46;316000
20160602;138.13;140.11;138.13;139.76;623770
20160603;139.15;139.15;137.4;138.38;322957
20160606;138.26;139.37;137.44;138.78;279928
20160607;138.49;138.94;137.74;138.21;203471
20160608;138.03;139.84;137.55;139.68;294091
20160609;139.45;140.7;139.35;140.05;342091
20160610;138.74;139.11;137.53;138.04;283819
20160613;137.69;137.98;135.56;135.63;383942
20160614;135;136.24;133.6;135.91;520935
20160615;136.24;136.6;134.89;134.99;386219
20160616;134.48;135.61;133.58;135.37;267408
20160617;135.56;136;132.95;134.02;667260
20160620;136.07;137.59;135.52;136.46;379853
20160621;136.68;137.26;135.75;136.1;269277
20160622;136.19;138;136.19;137.23;341381
20160623;138.57;139.12;137.55;138.4;345155
20160624;135;137.15;134.71;135.53;968883
20160627;134.16;134.78;131.35;132.5;458561
20160628;133.21;134.35;132.34;133.99;355732
20160629;134.79;135.29;134.17;134.65;481551
20160630;134.41;140.75;134.38;140.65;814084
20160701;140.58;143.73;140.5;142.07;756720
20160705;141.33;142.15;140.76;141.52;427149
20160706;141.11;142.84;141.11;142.65;403132
20160707;142.74;143.3;141.89;142.47;300962
20160708;143.67;146.96;143.61;146.53;485493
20160711;147.13;147.2;145.2;145.78;229164
20160712;146.49;147.68;146.12;147.61;416856
20160713;151.44;151.44;147.22;147.92;271934
20160714;149.16;149.6;148.07;149.27;252104
20160715;149.82;149.82;148.37;148.83;413367
20160718;149;149.22;148.13;148.93;134932
20160719;148.47;148.95;147.65;148.79;241006
20160720;149.01;150.9;148.14;150.58;296242
20160721;150.3;150.93;148.67;149.46;321489
20160722;149.46;150.19;149.15;149.4;324504
20160725;149;149.18;147.19;148.44;586169
20160726;151.65;159.46;151.36;155.09;1474555
20160727;155.09;158;154.58;157.4;773423
20160728;157.31;157.59;155.89;157.06;507208
20160729;157.22;159.46;156.93;158.93;496754
20160801;158.9;161.22;158.88;159.58;610916
20160802;159.53;159.54;156.45;157.21;707705
20160803;157.45;157.91;156.34;157.2;646728
20160804;157.49;158.79;156.38;157.45;760701
20160805;158.47;158.54;156.7;157.25;382779
20160808;156.86;157.6;156.25;157.39;404991
20160809;157.38;158.65;157.15;158.27;291881
20160810;158.26;158.66;157.01;158.51;368407
20160811;158.68;159.43;157.87;159.3;289609
20160812;158.85;158.85;157.67;158.25;268860
20160815;158.55;159.91;158.28;159.14;356023
20160816;158.46;158.9;158.08;158.23;227991
20160817;158.78;158.78;157.8;158.49;407950
20160818;158;159.59;157.31;159.1;364519
20160819;158.59;160.46;158.23;160.26;575872
20160822;160.04;160.83;159.47;160.78;343345
20160823;161;162.53;160.79;161.82;432690
20160824;161.66;162.32;157.72;157.99;736676
20160825;158.15;159.23;157.04;158.11;362622
20160826;158.56;159.48;157.37;158.21;400998
20160829;158.25;159.6;158.12;158.9;277861
20160830;158.89;159.22;157.43;157.52;350745
20160831;157.22;157.61;155.95;157.31;458393
20160901;157.42;158.25;155.77;156.1;490529
20160902;156.93;157.6;155.24;156.19;574220
20160906;156.8;157.1;155.93;156.69;412114
20160907;156.82;159.37;156.22;159.23;832048
20160908;158.86;160.26;158.62;159.49;372190
20160909;157.99;157.99;151.11;151.13;845422
20160912;150.71;153.64;150.08;153.44;544653
20160913;152.27;153.67;150.65;153.07;668823
20160914;153.38;154.23;151.88;152.89;493224
20160915;153.08;155.63;152.69;155.16;337446
20160916;155.25;155.79;153.73;153.89;494958
20160919;154.39;155.24;153.75;154.68;375404
20160920;156.04;156.64;155;155.09;261763
20160921;155.54;156.97;154.45;156.72;316644
20160922;157.73;158.24;157;157.82;332843
20160923;157.91;158.29;156.91;157.67;355276
20160926;156.67;157.73;156.2;156.78;326417
20160927;156.51;159.48;156.51;159.48;705665
20160928;159.37;159.5;156.79;158.24;560450
20160929;158.24;158.24;155.05;156.34;337954
20160930;156.98;159.1;156.44;158.49;433164
20161003;157.35;159.57;157.2;159.05;443877
20161004;159;159.72;157.71;158.2;431225
20161005;158.89;159.19;157.91;158.27;512725
20161006;157.99;158.82;157.12;157.76;408164
20161007;158.16;159.07;157.23;159;816731
20161010;160;160;158.75;158.89;344199
20161011;158.21;158.21;155.92;156.83;680377
20161012;157.17;157.36;155.7;155.75;394749
20161013;154.98;155.38;153.97;154.82;404883
20161014;155.56;156.54;154.43;154.9;352461
20161017;155.36;155.83;154.27;155.17;361861
20161018;156.41;157.47;155.6;156.74;410444
20161019;156.75;157.41;156.24;157.29;389580
20161020;156.77;157.86;156.43;157.19;464117
20161021;156.5;156.5;154.76;156.18;439910
20161024;157.07;158.66;156.74;157.75;649659
20161025;147.32;147.32;138.41;138.6;3184613
20161026;137.8;139.62;136.61;137.42;1428380
20161027;138.39;142;138.39;140.8;987828
20161028;140.5;141.38;138.71;139.81;706651
20161031;139.03;140.36;138.73;139.14;599045
20161101;139.15;139.51;136.39;137.43;781796
20161102;137.56;137.92;136.38;136.42;462576
20161103;136.79;137.46;136.01;136.79;631701
20161104;137.16;139.86;137.16;138.04;603112
20161107;139.81;140.94;139.62;140.29;581997
20161108;139.97;141.76;139.11;141.15;447405
20161109;143.5;144.63;140.57;142.38;742856
20161110;144.9;145.27;141.97;143.32;574232
20161111;142.39;143.35;141.23;142.09;376078
20161114;142.74;143.75;139.66;140.18;812623
20161115;139.82;142.08;139.03;141.47;588133
20161116;141.64;143.58;140.32;140.7;445961
20161117;140.25;141.51;137.22;138.85;1004524
20161118;139.02;139.02;135.1;135.18;1048431
20161121;135.98;137.69;135.29;137.65;782122
20161122;136.96;137.87;134.82;135.3;824136
20161123;134.86;138.51;133.9;138.35;607153
20161125;138.37;139.04;138;138.72;144346
20161128;138.62;138.71;136.12;136.56;506046
20161129;136.81;139.28;136.59;137.63;577103
20161130;137.8;138.06;134.55;134.57;758388
20161201;134.44;135.1;133.59;133.71;553493
20161202;133.64;135.43;133.35;134.73;445768
20161205;135.89;136.72;134.77;134.83;510177
20161206;135.38;139.59;134.56;138.88;790560
20161207;137.85;138.11;134.08;136.67;954743
20161208;136.24;138.13;135.01;138.07;462222
20161209;138.34;140.28;137.91;139.51;362144
20161212;138.61;141.93;138.61;139.44;710227
20161213;139.87;140.7;138.6;139.59;583149
20161214;139.25;140.39;138.12;138.4;411813
20161215;138.26;138.87;137.32;137.5;787671
20161216;138.18;139.9;136.7;137.08;1057325
20161219;136.7;138.31;135.61;136.13;495916
20161220;135.98;137.65;135.94;136.33;403425
20161221;136.78;136.78;135.11;135.64;402059
20161222;135.37;136.48;134.69;135.72;313812
20161223;136.22;136.58;135.08;136.21;287608
20161227;136.61;137.64;136;136.51;237970
20161228;136.75;136.81;134.37;134.66;310265
20161229;134.36;134.98;133.86;134.5;350358
20161230;135.24;135.3;133.71;134.39;464274
20170103;135.05;136.86;134.68;136.43;648782
20170104;136.52;137.24;135.33;135.49;815484
20170105;135.21;135.86;134.69;135.73;839388
20170106;137.1;141.9;137.1;139.98;1054345
20170109;140.04;141.02;138.27;139.18;890973
20170110;138.98;139.35;137.34;137.56;844103
20170111;137.12;139.23;136.14;139.13;868482
20170112;138.93;138.93;137.56;138.35;624391
20170113;140.24;142.68;139.78;141.32;730123
20170117;140.3;142.14;140.14;141.53;719073
20170118;142.72;143.3;141.7;143.1;650490
20170119;142.57;142.57;141.06;141.74;665592
20170120;142.23;142.27;140.59;141.44;552702
20170123;141.92;146.51;141.65;145.28;1605562
20170124;146.65;149.75;137.72;142.15;2880190
20170125;142.42;145.03;141.9;144.13;1172942
20170126;143.71;143.71;141.88;142.82;692109
20170127;143.52;144.58;143.28;144.38;334563
20170130;143.57;143.66;139.81;140.95;978571
20170131;141.41;143.99;140.93;141.65;868025
20170201;142.04;146.02;141.46;145.73;1043628
20170202;145.06;145.49;144.24;145.05;520807
20170203;145.98;146.74;144.97;146.34;551630
20170206;146.32;146.32;144.66;145.87;367375
20170207;146.31;147.94;146.31;147.31;548113
20170208;146.94;147.7;145.94;147.58;381736
20170209;147.58;148.96;147.2;148.67;334622
20170210;148.7;149.81;148.14;149.2;374537
20170213;149.33;150.98;148.75;149.73;524564
20170214;149.06;150.65;148.72;150.47;390907
20170215;149.85;153.91;149.22;153.41;882829
20170216;153.36;153.36;151.65;153;485215
20170217;152.7;154.41;152.65;154.33;398823
20170221;154.3;155.29;153.42;154.6;393354
20170222;153.79;155.27;153.45;154.68;430370
20170223;154.79;155.01;153.36;154.89;577623
20170224;154.75;156.43;153.59;156.4;421782
20170227;156.75;157.32;155.82;156.53;526057
20170228;156.6;157.72;154.71;154.99;616463
20170301;156.12;157.91;155.4;155.83;743010
20170302;155.73;155.89;153.75;154.19;598121
20170303;154;154.99;153.2;154.9;603261
20170306;154.29;154.85;152.05;153.42;642623
20170307;152.89;153.93;152.39;153.36;296756
20170308;153.34;153.97;152.48;153.05;445805
20170309;153.12;155.93;152.36;154.61;520089
20170310;155.56;157.44;154.96;156.94;754343
20170313;156.4;157.35;155.67;157.16;322834
20170314;157.02;157.37;155.75;156.4;260967
20170315;157;158.81;156.45;158.31;395358
20170316;156.5;156.93;154.2;156.45;700203
20170317;156.78;157.53;155.64;156.59;605064
20170320;156.5;157.05;155.84;155.86;238513
20170321;156.66;157.3;154.12;155.49;327576
20170322;156.12;156.36;154.66;155.92;413114
20170323;155.79;156.59;155.09;155.63;264078
20170324;155.66;156.68;154.29;154.76;409330
20170327;154;156.45;153.04;155.91;373483
20170328;155.44;156.75;154.75;155.52;253219
20170329;155.44;155.99;154.3;155.61;169453
20170330;155.36;156.63;153.91;156.28;236052
20170331;155.96;157;154.94;156.31;248704
20170403;156.39;157.62;155.95;156.7;567706
20170404;156.68;157.06;154.15;154.83;439330
20170405;155.14;157.47;154.68;155.37;684659
20170406;155.37;156.41;154.59;155.94;251079
20170407;155.69;157.36;155.24;156.81;396598
20170410;156.42;157.61;156.19;156.39;304037
20170411;156.16;156.41;154.38;155.88;267861
20170412;156.28;156.54;154.86;155.11;370188
20170413;154.36;156.36;154.36;155.69;317567
20170417;156.25;158.11;155.38;157.34;411768
20170418;156.66;157.73;155.16;157.26;372823
20170419;158.16;161.99;157.06;159.21;721315
20170420;159.1;159.83;157.83;158.99;615788
20170421;159;159.66;157.84;158.52;289499
20170424;160.27;160.83;159.6;160.27;835734
20170425;167;172.35;160.52;171.46;1428132
20170426;172;174.68;170.72;170.94;1021211
20170427;171.43;172.27;170.4;170.73;529842
20170428;170.96;170.96;169.23;169.89;705825
20170501;171.48;173.28;170.51;173.05;733061
20170502;173.82;174.79;172.99;173.75;553337
20170503;172.86;174.19;172.11;172.48;487523
20170504;172.93;173.99;172.81;173.7;362689
20170505;173.94;174.17;172.73;174;387904
20170508;174.03;174.03;172.71;173.07;346538
20170509;173.56;174.78;173;174.5;300610
20170510;174.01;174.83;172.92;174.11;656515
20170511;173.26;173.26;169.34;172.22;1004243
20170512;172.25;173.02;172;172.41;282566
20170515;172.68;174.95;172.03;174.71;581501
20170516;174.93;175.26;173.99;174.91;294768
20170517;173.27;176.05;172.98;174.39;619288
20170518;174.02;176.98;173.96;176.33;660894
20170519;176.68;176.78;175.04;175.5;426597
20170522;175.22;175.72;173.89;175.55;490792
20170523;176.5;178.45;175.64;176.1;324695
20170524;176.12;177.71;175.21;177.54;384103
20170525;178.25;179.07;177;178.6;234224
20170526;178.06;178.81;177.73;178.07;274471
20170530;177.81;178.95;177.63;178.56;418908
20170531;179.36;181.03;178.89;179.62;909445
20170601;180.55;181.21;179.3;181.01;506571
20170602;181.5;184.57;181.1;183.96;524514
20170605;184.46;184.83;183.65;183.79;442951
20170606;183.23;184.91;182.68;183.59;244355
20170607;184.32;186.1;184;185.81;382439
20170608;186.26;187;185.81;186.33;658524
20170609;186.11;187.65;184.05;184.99;537376
20170612;184.55;184.79;179.18;183.35;536473
20170613;183.34;186.23;183.34;184.97;387240
20170614;185.08;185.94;184.07;184.97;317517
20170615;184.34;185;183.05;184.95;410239
20170616;184.98;185.54;183.89;184.16;611110
20170619;184.86;185.7;184.32;185.58;496912
20170620;185.65;185.75;183.2;184.28;747132
20170621;184.3;185.65;184.27;185.43;487089
20170622;185.56;186.04;183.9;184.89;321427
20170623;185;185.84;184.42;185.47;339909
20170626;185.68;186.16;184.69;184.92;327562
20170627;184.58;184.98;183.11;183.21;299915
20170628;184.35;185.28;183.68;184.21;453070
20170629;184.3;184.6;182;182.84;487670
20170630;183;184.48;183;183.84;342124
20170703;184.98;185.88;182.49;182.52;268613
20170705;183.09;184.59;183.09;183.78;363232
20170706;182.93;184.04;181.88;182.24;587864
20170707;183.28;184.85;182.91;184.08;303426
20170710;181.9;181.98;177.71;180.39;660388
20170711;180.63;181.97;180.16;180.84;341655
20170712;182;183.58;181.65;182.91;316489
20170713;183.15;183.87;181.04;182.74;382867
20170714;183.1;183.95;182.72;183.39;265727
20170717;183.65;185.61;183.65;185.22;494082
20170718;185.22;185.41;182.95;183.5;399373
20170719;183.83;183.98;182.25;182.91;450888
20170720;183.83;184.88;182.28;184.11;625590
20170721;183.79;185.89;181.97;185.24;434500
20170724;184.93;185.98;184.47;185.01;734048
20170725;176.89;178.4;171.32;175.11;1756530
20170726;174;175.59;171.56;172.58;1007787
20170727;173.15;173.81;171.58;173.23;678835
20170728;173.17;174.69;172.11;174.11;537981
20170731;174.65;174.9;172.7;173.44;486618
20170801;173.91;176.2;173.91;175.74;674872
20170802;175.72;176.76;175.26;176.69;430143
20170803;176.79;178.45;175.88;178.16;372553
20170804;178.45;178.73;176.88;177.85;367611
20170807;177.88;178.42;176.72;177.95;405172
20170808;177.38;179.74;176.49;176.64;376732
20170809;176.58;176.91;175.3;176.7;500776
20170810;176.1;177.85;175.17;175.66;662533
20170811;176.33;178.02;175.07;177.03;414729
20170814;178.32;180.41;178.32;179.76;437697
20170815;179.43;181.21;179.23;179.52;381785
20170816;180.31;182.9;179.74;182.4;365071
20170817;181.99;182.95;179.67;180.22;501778
20170818;179.98;181.28;178.85;179.7;333163
20170821;179.71;180.55;178.9;180.18;337110
20170822;180.51;183.12;179.86;182.84;219760
20170823;181.67;182.47;179.85;179.94;382771
20170824;180.02;181.29;179.75;180.96;216120
20170825;181.32;182.16;179.33;179.42;327661
20170828;180;180.3;178.89;179.94;491782
20170829;179.21;180.92;178.2;180.33;366962
20170830;180.12;181.42;179.55;181.06;398234
20170831;182.02;183.9;180.91;183.48;555987
20170901;183.66;183.9;181.2;183.03;476779
20170905;182.13;183.23;180.35;182.9;630838
20170906;183.37;184.24;181.16;183.91;487276
20170907;184.16;185.1;182.2;184.88;642262
20170908;184.79;186.9;184.75;186.56;505369
20170911;187.29;189.14;186.8;189.11;492350
20170912;188.9;190.39;188.65;190;321026
20170913;189.4;189.72;188.71;189.65;400681
20170914;189.25;190.2;188.02;189.32;421130
20170915;189.35;189.35;187.26;187.73;527206
20170918;188.09;189.19;186.76;188.95;420777
20170919;189.15;189.96;184.34;184.75;414812
20170920;184.64;185.37;181.28;183.86;586595
20170921;183.89;183.89;181.31;181.79;347133
20170922;181.82;182.07;179.57;181.16;395723
20170925;181.26;181.26;179.02;180.32;392465
20170926;179.59;180.24;178.03;178.98;627737
20170927;179.11;179.96;177.97;178.74;420412
20170928;178.22;178.9;177.58;178.78;410556
20170929;178.47;179.98;178.21;179.52;334977
20171002;179.71;182.98;179.27;182.04;498615
20171003;182.34;183.84;181.66;182.83;431251
20171004;182.69;184.32;182.36;183.83;381179
20171005;184.1;184.36;183.08;183.95;310293
20171006;183.64;186.3;183.3;185.88;341226
20171009;185.06;185.1;182.8;183.8;689276
20171010;184.44;185.06;183.88;185.01;389175
20171011;185.06;186.12;184.67;185.67;462662
20171012;185.17;186.17;185.12;185.8;276298
20171013;186.31;186.81;185.4;185.79;283127
20171016;186.13;186.68;184;184.64;481360
20171017;183.94;184.29;180.44;180.92;712315
20171018;181.54;182.39;180.21;181.16;381718
20171019;181.28;185.67;181.12;185.45;603943
20171020;186.69;189.27;185.95;188.14;632439
20171023;188.57;190.64;187.4;187.55;911113
20171024;186.49;188.99;181.87;187.63;1064578
20171025;188.19;191.05;187.66;190.35;630884
20171026;190.84;194.99;188.89;194.63;839722
20171027;194.83;199.78;194.27;199.75;882865
20171030;199.39;199.58;194.87;196.22;599285
20171031;196.39;197.89;195.21;196.05;385276
20171101;197.3;199.26;196.1;198.05;446604
20171102;197.76;199.51;197.2;197.91;395879
20171103;197.9;198.71;196.68;197.92;315257
20171106;197.06;197.39;195.45;195.63;390072
20171107;195.36;196.56;194.3;196.35;374610
20171108;195.73;196.88;194.53;196.18;229267
20171109;195.28;196.01;193.26;194.97;394321
20171110;194.12;194.49;191.84;193.21;383149
20171113;192.34;195.12;191.93;194.64;352045
20171114;193.22;196.82;192.53;195.64;342887
20171115;195.52;195.95;194.26;194.84;210194
20171116;195.21;199.83;195.21;199.6;364999
20171117;198.6;199.15;197.45;198.21;358591
20171120;199.05;200.71;197.65;200.27;281605
20171121;198.9;198.96;194.05;198.06;615971
20171122;197.84;198.77;195.31;196.57;336492
20171124;196.4;197.93;194.67;195.95;153380
20171127;196.6;197.52;195.82;196.71;317625
20171128;197.5;198.15;195.49;197.8;425287
20171129;197.8;198.31;194.66;195.68;332273
20171130;196.12;198.02;194.17;197.17;566770
20171201;197.45;198.28;193.61;198.16;526840
20171204;199.9;201.95;194.6;194.67;949716
20171205;195.14;196.9;193.32;194.26;307941
20171206;194.6;195.28;192.48;195.2;456734
20171207;195.24;196.98;194.17;196.47;388158
20171208;197.37;199.77;196.66;199.29;329626
20171211;198.63;199.35;196.07;197.76;595038
20171212;197.94;198.26;197;197.5;429871
20171213;198.2;199.01;196.73;197.2;419393
20171214;197.09;197.21;193.73;193.98;499545
20171215;194.54;197.99;194.54;196.56;1123304
20171218;197.02;198.73;197.02;197.72;366520
20171219;198.42;198.48;197.48;198.08;247464
20171220;198.78;199.23;196.01;196.06;254740
20171221;196.41;197.44;194.18;194.52;294017
20171222;194.52;194.86;192.56;193.79;227342
20171226;194.03;195.03;193.74;193.82;116828
20171227;193.98;194.74;193.04;193.45;237920
20171228;193.76;194.84;192.7;194.81;194232
20171229;195.52;195.66;193.16;193.19;205357
20180102;194.12;196.64;193.6;195.69;355277
20180103;195.35;197.94;195.35;197.77;271720
20180104;198.47;200.03;198.36;199.66;337566
20180105;200.68;202.85;200;202.23;363889
20180108;202.28;205.29;200.68;204.76;483305
20180109;206.24;210.08;205.53;208.96;532404
20180110;207.92;209.42;204.35;207.32;308037
20180111;207.35;208.2;205.64;207.73;202846
20180112;207.51;210.04;205.96;209.75;252990
20180116;210.86;211.65;207.73;208.94;512190
20180117;210.91;210.91;207.12;209.16;589750
20180118;208.49;209.41;206.79;207.87;756743
20180119;209.28;211.1;208.48;210.72;739714
20180122;211.28;215.19;210.75;214.77;1242806
20180123;218.5;218.72;206.62;210.99;1038577
20180124;212.71;215.28;210.18;214.3;861288
20180125;215.53;218.23;214.42;217.21;431516
20180126;218.18;218.57;216.69;218.14;381249
20180129;218.03;220.2;217.57;218.7;491316
20180130;217;217;214.6;214.87;491162
20180131;216.23;219.8;214.62;215.61;603803
20180201;214.16;218.66;213.52;217.37;453178
20180202;215.88;217.41;212.26;212.49;642724
20180205;211.61;212.64;202.89;203.26;667076
20180206;200.39;204.42;197.82;202.72;852734
20180207;202.2;204.99;201.87;201.98;389289
20180208;201.85;202.91;191.53;191.79;898026
20180209;194;195.74;187.66;193.59;618089
20180212;194.95;200.39;194.11;198.45;614505
20180213;197.5;201.15;196.35;200.2;368892
20180214;198.71;204.79;196.99;204.62;483406
20180215;206.46;206.95;204.47;206.9;465199
20180216;206.47;208.5;205.06;206.18;341636
20180220;204.75;206.17;203.18;203.87;437759
20180221;203.89;209.03;203.86;204.23;430158
20180222;205.38;207.41;203.44;204.47;434963
20180223;205.47;208.65;202.8;208.47;395884
20180226;208.98;208.98;206.04;208.45;322678
20180227;208.19;209.11;205.3;206.11;369484
20180228;206.63;209.48;204.63;204.64;469881
20180301;204.81;205.85;197.63;198.17;490952
20180302;196.7;200.39;196.2;200.11;347531
20180305;198.84;202.36;198.02;201.38;394794
20180306;201.56;205.4;200.73;205.32;467218
20180307;203.27;208.31;202.48;207.5;388977
20180308;208.67;209.32;206.64;208.96;469991
20180309;209.1;213.37;209.1;212.7;351769
20180312;212.9;213.57;211.53;212.87;333531
20180313;214;214;211.31;212.13;403953
20180314;212.98;213.27;210.85;211.22;326149
20180315;211.04;214.37;210.1;212.34;328233
20180316;212.78;213.88;211.62;213.18;466893
20180319;213.07;214.22;210.82;212.98;592925
20180320;212.59;215.34;211.34;214.46;670146
20180321;214.84;214.93;210;211.18;378177
20180322;208.95;210.37;204.02;204.61;449473
20180323;205.04;206.32;199.12;199.51;374429
20180326;201.6;204.35;199.87;204.2;534563
20180327;205.22;206.57;199.45;200.52;596302
20180328;201.39;202.5;197.55;198.57;632904
20180329;200.14;200.86;197.73;198.65;885088
20180402;198.81;200.42;192.96;195.98;557485
20180403;197.36;199.77;195.96;198.81;442470
20180404;196.33;202.05;195.16;201.62;549454
20180405;202.67;203.12;200.59;201.7;394497
20180406;200.44;202.54;193.16;194.88;442200
20180409;196.15;201.78;195.67;198.48;864118
20180410;201.36;203.76;200.55;203.32;614034
20180411;201.04;202.82;199.89;200.63;399600
20180412;202.04;203.95;201.06;202.32;317953
20180413;203;203.1;201.05;202.32;295906
20180416;204.3;208.07;203.51;206.19;364472
20180417;207.28;207.94;205.89;207.6;259636
20180418;208.1;211.31;207.62;210.05;342406
20180419;209.87;210.4;206.42;207.39;356639
20180420;208;208.7;206.5;208.21;441169
20180423;208.96;211.78;208.21;209.6;607336
20180424;192.49;197.37;189.35;193.18;2426559
20180425;193.49;195.3;188.75;191.66;1269636
20180426;192.32;193.23;190.58;191.17;745954
20180427;191.05;191.33;189.7;190.5;537190
20180430;191.12;192.25;188.36;188.41;629192
20180501;188.36;189.7;187.28;188.72;745537
20180502;187.81;191.43;187.47;189.19;591995
20180503;188.57;190.66;187.54;190.04;768667
20180504;188.75;192.9;187.71;191.58;402351
20180507;192.09;195.07;192.09;192.61;464509
20180508;192.23;192.97;191.1;192.27;563732
20180509;193.37;194.84;191.4;193.38;603158
20180510;194.37;196.35;193.51;196.17;376691
20180511;196.42;197.73;195.15;196.52;446940
20180514;196.64;197.39;195.47;196.96;593878
20180515;195;195;189.87;190;1068564
20180516;190;191.4;189.21;190.65;836274
20180517;190.51;191.62;189.92;190.48;383472
20180518;191.11;195.35;191.07;194.16;611900
20180521;194.95;196.96;194.37;196.3;290454
20180522;196.92;197.23;195.61;195.98;459386
20180523;194.85;195.45;193.11;194.15;490342
20180524;193.79;195.2;192.7;194.14;492613
20180525;193.41;193.87;189.5;190.65;469202
