20100104;136.25;136.61;133.14;133.9;7600543
20100105;133.43;135.48;131.81;134.69;8856456
20100106;134.6;134.73;131.65;132.25;7180977
20100107;132.01;132.32;128.8;130;11030124
20100108;130.56;133.68;129.03;133.52;9833829
20100111;132.62;132.8;129.21;130.31;8786668
20100112;128.99;129.82;126.55;127.35;9098190
20100113;127.9;129.71;125.75;129.11;10727856
20100114;129.14;130.38;126.4;127.35;9788435
20100115;129.18;129.65;127.06;127.14;15382763
20100119;126.2;128;124.33;127.61;8900116
20100120;127.13;129.2;125.08;125.78;9081533
20100121;127.26;128.15;125;126.62;9976146
20100122;125.6;127.67;120.76;121.43;11577818
20100125;122.1;122.28;118.12;120.31;12031053
20100126;120.56;122.98;119.06;119.48;9567607
20100127;121.03;123.33;118.8;122.75;14765273
20100128;124.43;127.2;122.8;126.03;27293062
20100129;129.77;131.85;124.14;125.41;29478976
20100201;123.18;124.86;113.82;118.87;37774317
20100202;118.79;118.98;114.4;118.12;23084986
20100203;117.12;119.61;116.56;119.1;12409012
20100204;118.64;120.33;115.74;115.94;12783912
20100205;115.88;117.65;114.1;117.39;11027086
20100208;119.38;121;116.56;116.83;9898391
20100209;118.2;119.09;117;118.03;9227158
20100210;118;118.61;116;117.36;6236250
20100211;117.21;120.42;116.5;120.09;8344469
20100212;118.99;119.94;117.5;119.66;8075533
20100216;120.06;120.5;117.18;117.53;8938494
20100217;117.08;117.13;115.55;116.31;8947449
20100218;115.84;118.51;114.82;118.08;9807497
20100219;117.91;119.09;117;117.52;7117494
20100222;117.37;118.97;116.18;118.01;6809386
20100223;118.01;119.25;116.51;117.24;7069011
20100224;117.96;119.8;117.15;119.72;7393039
20100225;118.17;118.34;115.85;118.2;9535889
20100226;117.88;119.43;117;118.4;5721864
20100301;118.85;124.66;117.53;124.54;13300501
20100302;125.01;127.35;124.8;125.53;12098298
20100303;125.4;126.94;124.43;125.89;6443021
20100304;125.96;128.85;125.57;128.53;7509644
20100305;129.13;129.45;127.07;128.91;6771126
20100308;128.3;130.85;127.71;130.11;5607327
20100309;129.59;130.81;127.97;128.82;6071029
20100310;129.11;131.17;128.48;130.51;5627431
20100311;130.45;133.62;130.36;133.58;7244668
20100312;134.2;134.2;131.18;131.82;6151927
20100315;131.7;132;128.63;131.13;6329310
20100316;131.24;132.29;130.5;131.79;4136434
20100317;132.41;132.69;131.22;131.34;4358962
20100318;131.02;132.85;130.44;132.76;5024120
20100319;133.71;133.71;129.66;130.35;8906225
20100322;130.2;130.96;128.64;130.47;5383302
20100323;130.89;130.94;128.07;129.26;4213607
20100324;128.64;129.4;127.2;128.04;4703238
20100325;129.14;136.91;128.04;134.73;16212627
20100326;134.9;136.99;133.76;135.06;6575480
20100329;135.37;136.63;134.33;135.12;4627668
20100330;135.74;138.19;135.36;136.58;6202284
20100331;136;136.8;134.48;135.77;4602196
20100401;135.8;136.51;131.18;131.81;8787628
20100405;132.85;133.74;130.78;131.49;5817409
20100406;131.23;136;131.18;135.56;7950439
20100407;135.96;136.08;133.86;134.87;5947297
20100408;134.71;141.25;134.71;140.96;12694329
20100409;140.72;141.33;139.07;140.06;6014526
20100412;140;142.91;139.68;141.2;5446461
20100413;141.23;141.98;139.12;140.16;4787008
20100414;140.34;144.5;139.2;144.28;7900274
20100415;144.55;147.09;144;145.82;7831717
20100416;144.88;147.17;141.45;142.17;8401062
20100419;142.35;143.67;139.13;142.43;6023117
20100420;143.83;144.64;142.1;144.2;4314512
20100421;145.17;149;143.52;146.43;7374343
20100422;147.01;151.09;145.88;150.09;15165734
20100423;145.38;149.09;142.42;143.63;18981078
20100426;143.2;147.73;142.9;147.11;9319997
20100427;145.55;146.44;141.11;142.02;8641245
20100428;142.59;142.75;138.69;139.35;9236364
20100429;140.09;142.45;139.79;141.73;6314873
20100430;141.4;141.4;136.91;137.1;6113453
20100503;137.2;139.44;136.11;137.49;5662833
20100504;135.62;135.81;128.38;129.83;12670239
20100505;128;131.61;127.55;130.93;9462155
20100506;130;132.33;120.6;128.71;10195596
20100507;127.97;131.18;123.76;124.98;11936041
20100510;129.73;132.21;129.26;131.29;6806846
20100511;129.95;133.08;128.47;130.46;6047677
20100512;131.41;134.13;129.68;133.87;5905373
20100513;133.93;136.99;131;131.47;5940987
20100514;130.36;131;126.76;128.53;5277824
20100517;128.24;129.95;125.8;128.91;5642751
20100518;130.14;131.25;125.51;126.28;5258767
20100519;125.51;127.93;123.8;124.59;6464521
20100520;122.64;125;118.78;119.71;8594302
20100521;117.9;124.97;117.52;122.72;7968396
20100524;122.57;124.5;120.65;122.12;4544265
20100525;118.54;125.19;118.5;124.86;7121633
20100526;125.05;125.79;122.3;123.21;6968764
20100527;124.98;126.85;120.6;126.7;4748544
20100528;126.07;127.6;124.01;125.46;3955852
20100601;124.97;126.57;123.02;123.24;3659489
20100602;124.02;126.43;121.65;126.31;4764623
20100603;126.25;129.15;124.85;128.76;5277304
20100604;126.33;128.2;122.18;122.77;5497625
20100607;125.84;126.61;121.67;122.01;6574503
20100608;122;122;115.8;118.84;11517726
20100609;120.31;121.47;117.36;117.91;7371717
20100610;120;123.5;119.2;123.21;6061755
20100611;121.39;123.53;120.29;123.03;4205811
20100614;124.24;125.7;123.5;123.83;3922912
20100615;123.2;126.92;122.5;126.84;4541551
20100616;125.39;127.98;125.37;126.9;3964437
20100617;126.74;127.8;124.69;125.89;3480029
20100618;126.48;127.48;125.07;125.83;3840699
20100621;126.79;127.48;121.41;122.55;5327679
20100622;122.65;125.23;121.55;122.31;6207395
20100623;122.11;123.22;120.04;121.45;5455131
20100624;120.61;120.85;116.8;118.33;7771960
20100625;118.14;121.76;117.63;121;5770282
20100628;118.85;120.04;117.1;117.8;5612525
20100629;116.26;116.48;106.01;108.61;12866217
20100630;108.58;112.68;108.11;109.26;9740934
20100701;108.9;111.69;106.7;110.96;8530344
20100702;110.92;111.29;108.56;109.14;4477303
20100706;110.65;112.53;109;110.06;5219408
20100707;109.84;113.63;109.81;113.43;4944961
20100708;115.02;117.48;114.07;116.22;6776483
20100709;116.55;117.4;114.65;117.26;4065036
20100712;117.81;119.7;117.32;119.51;4783737
20100713;120.69;124.88;120.3;123.65;7091088
20100714;123.03;123.75;121.47;123.3;5257540
20100715;120.13;122.48;119.26;122.06;6051125
20100716;121.28;121.92;118.01;118.49;6227899
20100719;118.38;120.74;117;119.94;5030817
20100720;120.61;120.71;117.51;120.1;6785727
20100721;120.62;121.25;117.26;117.43;5011618
20100722;118.71;120.87;118.02;120.07;15003327
20100723;105.93;119.28;105.8;118.87;42421074
20100726;118.26;118.6;114.88;118.4;11137741
20100727;118.43;118.5;115.07;117.13;7796020
20100728;117;118.2;116.4;117.13;5472256
20100729;117.99;118.87;115.52;116.86;6184850
20100730;115.53;118.74;114.51;117.89;7083180
20100802;119.15;120.38;117.57;120.07;5482619
20100803;120;122.87;119.68;122.42;5962926
20100804;123.06;128.47;123;127.58;9275063
20100805;126.77;128;125.82;127.83;4282297
20100806;126.72;128.4;125.9;128.32;5065977
20100809;128.46;129.93;127.85;128.83;5087069
20100810;127.95;130;127.38;130;5706813
20100811;128.1;128.12;125.2;125.89;5542390
20100812;123.76;127;123.55;126.56;4368459
20100813;126.06;127.48;124.26;124.69;3983580
20100816;123.61;127.37;123.04;126.07;4027614
20100817;127.34;129.98;126.79;128.86;5045092
20100818;129.25;130.81;128.26;129.65;7902371
20100819;129.22;130.02;126.82;127.57;5582487
20100820;127.2;128.04;126.02;127.76;4172548
20100823;127.86;129.22;126.5;126.6;3867811
20100824;125.41;125.44;123.18;124.53;5369619
20100825;123.85;127.37;123.83;126.85;5346447
20100826;127.15;127.59;124.82;124.86;4699222
20100827;125.46;126.64;122.25;126.64;5080505
20100830;126.03;126.95;123.69;123.79;3430965
20100831;122.85;125.9;122.5;124.83;4226620
20100901;126.36;132.6;126.17;132.49;7138237
20100902;132.17;135.21;132.05;135.21;5407347
20100903;136.89;139.5;136.63;138.79;6590809
20100907;137.56;138.6;136.89;137.22;3887333
20100908;137.93;139.7;136.45;139.14;5832513
20100909;140.39;141.37;139.26;140.38;4966544
20100910;140.75;142.6;140.04;142.44;5044666
20100913;144.07;145.74;143.76;145.07;5083219
20100914;144.5;146.7;143.83;145.75;4323591
20100915;144.88;145.62;143.56;145.45;4905675
20100916;145.4;148.23;145.16;148.13;5826973
20100917;148.9;148.98;146.5;148.32;7262649
20100920;148.7;151.95;147.35;151.3;6456145
20100921;150.76;153.31;149.6;150.73;7546662
20100922;149.84;152.7;149.1;151.83;6618751
20100923;151.2;155.92;150.97;152.85;7066939
20100924;155.43;160.89;155.42;160.73;10590503
20100927;160.22;161.2;157.88;159.37;6453678
20100928;159.84;160.88;154.89;159.7;8494910
20100929;159.03;161.78;157.75;158.99;7290539
20100930;160.01;160.93;155.6;157.06;7606104
20101001;157.08;157.44;152.2;153.71;8691126
20101004;153.95;155.96;152.79;155.39;5354314
20101005;157.08;161.21;157.01;160.87;5620928
20101006;160.6;160.68;154.6;155.4;6060796
20101007;156.51;157.4;153.39;156.27;4635900
20101008;155.18;156.28;152.78;155.55;6922014
20101011;154.89;156.63;152.34;153.03;4486390
20101012;152.51;156.95;151.4;156.48;5289793
20101013;156.69;156.79;153.85;155.17;5637813
20101014;155.16;156.95;154.23;155.53;4032909
20101015;158.42;164.88;156.75;164.64;10135456
20101018;165;165.19;161.82;163.56;6338544
20101019;160.68;162.8;157;158.67;7531854
20101020;158.78;159.87;156.57;158.67;5790387
20101021;162.67;166.13;161.29;164.97;13585342
20101022;162.45;170.17;162.27;169.13;16322252
20101025;171.57;171.99;168.32;169;6534224
20101026;167.57;171;167.5;169.95;4693643
20101027;168.91;169.75;166.54;167.51;5729134
20101028;168.31;168.49;165.05;166.84;4688210
20101029;165.8;168.5;164.81;165.23;4998465
20101101;164.45;164.58;161.52;162.58;5245249
20101102;163.75;165.94;163.36;164.61;4264710
20101103;165.4;168.61;162.29;168.47;6119680
20101104;169.86;172.53;168.4;168.93;7402048
20101105;169.35;171.65;168.59;170.77;5218668
20101108;170.84;173.2;168.78;171.99;5710955
20101109;172.67;173.14;169.06;170.27;3980867
20101110;170.59;173.37;169.41;173.33;5450045
20101111;171;172.05;169.42;170.37;5697867
20101112;170.12;171.26;165.05;165.68;7167318
20101115;165.16;165.35;158.56;158.9;9648534
20101116;158.74;160.91;156.77;157.78;6573783
20101117;157.84;160.85;157.55;158.35;4527206
20101118;160.74;165;160.74;164.17;6230844
20101119;163.95;164.99;162.84;164.82;4466200
20101122;165.1;170.6;165;170.39;6149610
20101123;168.61;168.81;164.62;168.2;6472593
20101124;171.53;177.89;171.53;177.25;10055739
20101126;177.36;178.38;176.16;177.5;4272138
20101129;179.99;181.84;177.57;179.49;9699540
20101130;176.95;177.7;174.9;175.4;6767225
20101201;179.16;179.32;176;176.55;5778757
20101202;176.86;177.45;173.92;176.53;5541683
20101203;175.5;176.4;174.05;175.68;4909659
20101206;175.52;178.43;174.6;178.05;5663482
20101207;180.5;181.47;176.57;176.77;5079928
20101208;177.49;178.16;175.2;176.29;3735998
20101209;177.77;178.11;173.8;174.85;4555974
20101210;174.88;175.95;173.36;175.62;3566523
20101213;176.33;177.94;173.73;174.25;4206511
20101214;174.28;175.76;173.09;173.94;3689528
20101215;173.72;179;173.59;175.57;5817620
20101216;175.58;178.3;175.04;178.04;4123222
20101217;178.41;178.75;177.02;177.58;4508074
20101220;179.27;183.98;178.04;183.29;8735272
20101221;183.88;185.65;182.6;184.75;5112753
20101222;185;185.45;184.11;184.76;2580840
20101223;184.34;184.98;181.89;182.59;3359880
20101227;181.9;183.14;180.45;182.14;2249734
20101228;182.1;182.77;181.05;181.09;1975718
20101229;181.8;184.35;180.41;183.37;3122379
20101230;183.92;184.55;182.75;182.75;1961549
20101231;181.96;182.3;179.51;180;3453895
20110103;181.37;186;181.21;184.22;5333813
20110104;186.15;187.7;183.78;185.01;5034775
20110105;184.1;187.45;184.07;187.42;3418779
20110106;186.5;187.41;185.25;185.86;3179610
20110107;187.88;188.45;183.74;185.49;5222815
20110110;185.04;185.29;182.51;184.68;3376678
20110111;185.42;186;183.21;184.34;2815814
20110112;185.36;185.38;183.3;184.08;2679087
20110113;183.6;186.45;183.51;185.53;3368768
20110114;185.5;188.94;184.92;188.75;3664965
20110118;188.66;191.6;188.25;191.25;3901726
20110119;190.9;191;186.21;186.87;3889410
20110120;185.29;186.85;181;181.96;5717568
20110121;183;183.25;176.84;177.42;6812240
20110124;177.95;178.49;174.15;176.85;5602345
20110125;175.5;176.75;174.28;176.7;4653276
20110126;177.51;177.89;174.63;175.39;3762167
20110127;177.48;185;177.31;184.45;14594320
20110128;171.45;173.71;166.9;171.14;19914851
20110131;170.16;171.44;167.41;169.64;6721545
20110201;170.52;173.1;169.51;172.11;5089748
20110202;171.42;175.2;170.87;173.53;4551448
20110203;173.5;174.67;171.95;173.71;3681259
20110204;174;177.19;173.75;175.93;4352491
20110207;176.15;177.55;174.77;176.43;5256698
20110208;176.66;183.11;176.59;183.06;7802311
20110209;183.15;186.47;182.26;185.3;8315841
20110210;184.39;187.24;183.6;186.21;5332604
20110211;185.56;189.5;185.37;189.25;4497699
20110214;189.25;191.4;188.35;190.42;4070689
20110215;188.73;190.49;188.25;189.03;3890806
20110216;189.77;190;186.35;186.62;4633082
20110217;185.77;189.09;185.31;187.76;3426374
20110218;187.54;188.5;185.13;186.5;4179841
20110222;183.68;184.72;179.32;180.42;5639604
20110223;180.25;181.15;174.39;176.68;5487837
20110224;176.86;179.75;174.56;177.75;4661140
20110225;178.95;180.75;177.1;177.24;4194514
20110228;173.91;175.89;172.15;173.29;6788009
20110301;173.53;173.96;168.67;169.44;5847443
20110302;169.09;173.3;168.35;172.02;5186388
20110303;173.71;174.46;172.05;172.79;4139104
20110304;172.62;172.75;169.51;171.67;4924495
20110307;171.92;172.09;166.24;169.08;5933430
20110308;169.39;169.71;166.72;166.89;4223893
20110309;166.67;169.75;163.9;169.05;7109627
20110310;167.07;168.47;164.82;166.14;6000454
20110311;165.5;169.2;164.12;168.07;4607082
20110314;166.6;168.08;164.57;166.73;4023987
20110315;161.39;166.88;160.76;165.08;4938226
20110316;164.7;168.14;162.87;164.7;5214642
20110317;165.91;166.3;160.78;160.97;6472880
20110318;161.19;163.54;160.59;161.82;7449926
20110321;163.37;165.79;161.72;164.53;4055811
20110322;164.07;164.44;162.25;162.6;3612926
20110323;162.3;166.26;160.82;165.32;4723630
20110324;168.21;172;167.36;171.1;6286823
20110325;171.64;173.49;170.3;170.98;4294302
20110328;171.8;172.5;169.25;169.35;3400936
20110329;170.73;174.84;170.07;174.62;4887443
20110330;177.78;181.16;177.66;179.42;6860586
20110331;179.31;181.57;178.5;180.13;4828345
20110401;181.58;183.25;178.59;180.13;5686427
20110404;180.89;183.61;180.69;182.94;4189692
20110405;182.11;186.36;181.8;185.29;5570058
20110406;186.15;188.27;181.12;182.76;5431265
20110407;182.78;185.17;181.76;184.91;4565547
20110408;185.26;186.22;182.78;184.71;3727206
20110411;184.86;186.49;181.85;184.04;3297828
20110412;183.06;184.59;179.42;180.48;5340273
20110413;180.83;182.88;179.8;182.29;4228310
20110414;181.39;182.08;179.36;181.82;3589689
20110415;181;181.78;179.02;180.01;4272899
20110418;178.38;178.91;175.37;178.34;4617288
20110419;178.35;179.47;176.6;178.82;2647483
20110420;181.62;185;181.59;183.87;4068097
20110421;184.56;185.97;183.05;185.89;3351735
20110425;185.65;186.35;183.77;185.42;3439714
20110426;186.27;186.42;180.74;182.3;11240571
20110427;183.2;197.8;182.75;196.63;23622949
20110428;195.96;196.79;192.27;195.07;7277475
20110429;194.38;196.59;193.78;195.81;6640873
20110502;196.57;203.42;196.18;201.19;9399303
20110503;201;202.59;196.69;198.45;6053289
20110504;198.25;201.86;195.37;199.97;6551399
20110505;198.66;201;196.12;197.11;4638222
20110506;199.1;199.56;196.56;197.6;4017937
20110509;198.34;202.36;196.78;200.8;5826058
20110510;201.94;205.29;201.56;203.94;5891767
20110511;203.12;205.5;202.25;204.38;4813424
20110512;204.22;206.19;200.62;206.07;4820690
20110513;205.7;206.39;202.36;202.56;4126181
20110516;200.54;200.9;191.37;192.51;9389688
20110517;191.82;195.98;191.76;194.81;7077636
20110518;194.13;198.28;193.25;197.09;4958993
20110519;198.33;199.95;197.55;198.81;3702622
20110520;197.95;199.8;197.24;198.65;3382021
20110523;195.56;197.29;192.02;196.22;4230523
20110524;197;197;193;193.27;2972667
20110525;193.57;194.35;191.14;192.26;4661207
20110526;191.24;196.45;190.88;195;4075276
20110527;194.76;196.12;193.5;194.13;2353956
20110531;195.94;198.44;195.03;196.69;3412945
20110601;196.06;197.26;192.05;192.4;3449408
20110602;192.28;194.44;190.56;193.65;3045560
20110603;191.23;193.21;187.62;188.32;4975621
20110606;188.01;189.85;185.18;185.69;3713215
20110607;185.72;190.63;185.52;187.55;4867038
20110608;187.45;189.81;186.32;188.05;3717299
20110609;189.74;191.76;185.71;189.68;4187248
20110610;189.25;190.77;186.28;186.53;3763319
20110613;186.81;189.31;184.86;186.29;3870110
20110614;188.99;190.72;187.07;189.96;3960596
20110615;188.04;192.45;185.3;185.98;6318168
20110616;185.74;187;181.59;183.65;6032134
20110617;186.51;187.39;184.64;186.37;6328369
20110620;185.96;188.85;185.57;187.72;2834166
20110621;188.3;195;187.12;194.23;4183501
20110622;193.96;195.2;191.32;191.63;3134854
20110623;189.5;194.46;188.3;194.16;4615173
20110624;193.88;194.92;191.35;192.55;3616647
20110627;194.5;202.58;194.03;201.25;6101849
20110628;201.92;202.88;200.6;202.35;3825988
20110629;202.67;206.25;201.03;204.18;4609723
20110630;200.78;205.2;200.5;204.49;4451250
20110701;205.55;210.27;203.61;209.49;4012454
20110705;208.76;214.45;208.73;213.19;3586281
20110706;212.12;214.4;211.01;214.19;2607964
20110707;215.09;217.8;215.09;216.74;3145960
20110708;214.3;218.32;213.25;218.28;3708086
20110711;216.74;217.5;211;212.55;4034763
20110712;214.64;215.65;211.12;211.23;3987227
20110713;214.7;216.83;212.14;213.5;4231702
20110714;213.58;215.91;209.38;210.38;3904926
20110715;213.08;214.53;209.29;212.87;4075383
20110718;212.53;213.39;208.29;211.53;2900565
20110719;213.77;218.4;213.77;218.06;4438956
20110720;220.05;220.2;214.41;215.55;3375432
20110721;216.74;217.09;211.07;213.21;4546082
20110722;213.86;217.95;211.11;216.52;3599944
20110725;215.49;216.08;213;213.49;3346669
20110726;214.99;215.6;210.35;214.18;9863579
20110727;224.39;227.2;219.62;222.52;12956323
20110728;223.27;225.95;220.23;223.9;5355607
20110729;221.29;225.75;219.51;222.52;5170390
20110801;225;227.45;217.66;221.32;5792926
20110802;220.32;222.43;211.3;211.7;6588846
20110803;212.97;214.83;205.54;209.96;8199706
20110804;206.73;208;201.45;201.48;6584935
20110805;204.67;207.32;194.84;202.7;10024461
20110808;196.4;200.39;190.05;193.7;10431184
20110809;196.7;205.09;190.46;205.09;10497215
20110810;200.76;202.4;193.6;194.13;8757585
20110811;197.01;200.85;191.36;198.36;7404618
20110812;200.28;204.56;197.21;202.3;5620580
20110815;202.06;205.28;198.32;202.95;4785864
20110816;201.14;201.39;194.75;197.68;5209051
20110817;198.53;199.6;193.74;195.93;3991541
20110818;191.21;191.34;179.72;182.52;8280385
20110819;180.29;190;177.55;178.93;7248437
20110822;182.83;184.2;177.1;177.54;5314812
20110823;178.92;194.84;178.52;193.55;7352930
20110824;193.89;196.31;190.17;193.73;6252998
20110825;194.41;196.99;191.07;192.03;3760329
20110826;191.24;199.72;189.6;199.27;5310620
20110829;202.82;206.67;202.55;206.53;4515202
20110830;205.78;212.49;204.32;210.92;5919660
20110831;212.27;216.17;211.35;215.23;7406344
20110901;215.28;217.64;211.62;212.54;5276688
20110902;208.94;210.69;207;210;4237270
20110906;204.77;216.6;204.47;216.18;6217185
20110907;218.8;220.19;214.22;219.9;5302955
20110908;218.3;220.64;216.34;217.26;4405196
20110909;215.05;216.96;209.75;211.39;4576477
20110912;208.75;216.66;208.65;216.56;5343529
20110913;217.79;219.95;215.01;219.53;4836596
20110914;220.22;224.99;216.72;222.57;5884384
20110915;223.99;227.2;221.25;226.78;5610172
20110916;227.57;240.44;226.74;239.3;11760132
20110919;237.11;244;232.88;241.69;8223270
20110920;240.8;241.05;231.03;233.25;7385251
20110921;234.51;240.52;231.81;231.87;5884096
20110922;224.72;228.79;219;223.23;8255563
20110923;220.51;224.49;219.06;223.61;6469239
20110926;227.48;230.24;221.4;229.85;5794703
20110927;234.22;234.75;222.4;224.21;7840914
20110928;226.35;235.81;225.6;229.71;14439111
20110929;234.17;234.3;216.29;222.44;9380228
20110930;218.19;223;215.21;216.23;6553621
20111003;217.01;221.6;211.39;211.98;6625118
20111004;209.62;215;200.43;212.5;8715811
20111005;212.53;220.17;208.48;219.5;6512936
20111006;220.28;223.62;217.55;221.51;6850357
20111007;222.48;227.9;218.41;224.74;6786465
20111010;226.23;232.8;224.1;231.32;5145525
20111011;230.6;236.75;229;235.48;5005722
20111012;236.64;241.84;234.33;236.81;6511045
20111013;237;239.68;235.23;236.15;4841536
20111014;240.87;246.71;240.18;246.71;5927282
20111017;244.29;246.71;240.67;242.33;4778929
20111018;242.31;244.61;236.62;243.88;4612859
20111019;240.67;243.33;229.25;231.53;6715807
20111020;232.13;234.74;229.8;233.61;4526838
20111021;236.91;237;230.6;234.78;4572980
20111024;236.02;240.47;234;237.61;4976877
20111025;238.59;239.01;225.89;227.15;14012593
20111026;203.69;207.58;196.51;198.4;24140922
20111027;204.26;208.6;201.1;206.78;10776025
20111028;206.53;218.4;205.75;217.32;9886256
20111031;215.79;218.89;213.04;213.51;7352676
20111101;208.11;216.21;207.43;212.11;8516210
20111102;215.55;216.79;212.72;215.62;6133127
20111103;216.31;218.5;213.02;218.29;5317497
20111104;217.65;218.23;214.33;216.48;4066890
20111107;216.84;220.2;214;217;3860758
20111108;219.2;219.35;215.21;217.99;3917258
20111109;214.95;215.7;210.6;211.22;4685124
20111110;213.5;214.06;208.1;210.79;5044864
20111111;212.52;217.88;210.31;217.39;5165571
20111114;215.65;222.35;214.25;218.93;6522901
20111115;218;220.33;214.26;217.83;5739106
20111116;216.27;216.97;211.23;211.99;5510208
20111117;212.51;212.9;202.1;204.52;7985182
20111118;205.33;205.34;197.11;197.14;8438477
20111121;193.29;193.36;185.05;189.25;11323532
20111122;186.95;194.04;183.58;192.34;9919367
20111123;193.06;194.6;187.89;188.99;8012208
20111125;190.41;190.83;181.51;182.4;4971977
20111128;191.65;194.62;190.54;194.15;7207253
20111129;194.78;195.5;187.3;188.39;6577462
20111130;194.76;195.3;188.75;192.29;7718451
20111201;191.85;198.08;191.59;197.13;7330072
20111202;197.07;199.66;195.18;196.03;7526348
20111205;198.86;199;193.67;196.24;5922598
20111206;195.98;198.32;190.11;191.99;5203688
20111207;191.03;196.71;189.12;195.32;6428567
20111208;193.57;195.89;190.08;190.48;4361514
20111209;191.21;193.95;188.4;193.03;5159276
20111212;190.03;191.15;187.63;189.52;4344146
20111213;188.56;189.68;178.5;180.51;9306288
20111214;179;180.75;170.25;180.21;11616875
20111215;182.05;184.8;179.53;181.26;7260281
20111216;182.42;184.41;180.31;181.26;6665197
20111219;182;183.17;179;179.33;4535016
20111220;182.69;183.17;180.54;182.52;4600597
20111221;181.92;183.5;172.49;174.35;8068732
20111222;175.09;179.67;174.21;179.03;4696272
20111223;179.22;179.68;175.6;177.28;3497605
20111227;177.73;178.59;176.16;176.27;2951104
20111228;176.39;176.65;172.28;173.89;3660008
20111229;169.62;174.55;166.97;173.86;8212559
20111230;173.36;175.17;172.49;173.1;4280263
20120103;175.89;179.48;175.55;179.03;5111970
20120104;179.21;180.5;176.07;177.51;4206624
20120105;175.94;178.25;174.05;177.61;3810496
20120106;178.07;184.65;177.5;182.61;7010139
20120109;182.76;184.37;177;178.56;5058542
20120110;181.1;182.4;177.1;179.34;3986102
20120111;179.64;180.77;178.19;178.9;3102877
20120112;179.42;179.49;175.75;175.93;5388353
20120113;175.81;178.8;173.5;178.42;4754529
20120117;180.15;183.3;178.51;181.66;5645244
20120118;181.94;190.25;181.12;189.44;7477287
20120119;190.88;195.94;190.36;194.45;7100003
20120120;190.71;192.9;189.04;190.93;5610542
20120123;190.79;191.73;185.23;186.09;4587694
20120124;185;188.41;183.82;187;4681086
20120125;186.99;188.17;184.61;187.8;4308183
20120126;189.3;194.85;188.73;193.32;5878847
20120127;193.09;196.5;192.33;195.37;4663070
20120130;193.68;195;190.13;192.15;5430039
20120131;194;195.63;189.7;194.44;12772139
20120201;173.81;179.95;172;179.46;21341033
20120202;179.65;181.94;176.8;181.72;8738896
20120203;182.83;187.9;181.89;187.68;8122732
20120206;186.28;186.56;182.92;183.14;5311645
20120207;182.65;184.94;182.06;184.19;5104453
20120208;184.95;186.49;182.91;185.48;5477425
20120209;184.5;185.69;181.76;184.98;7189994
20120210;183.42;187.63;182.52;185.54;5798484
20120213;187.17;192.5;185.68;191.59;6073565
20120214;191.08;193.57;186.1;191.3;9534544
20120215;191.29;191.54;183.26;184.47;7802059
20120216;177.79;181.68;175.14;179.93;12565470
20120217;180.09;183.41;179.36;182.5;7418563
20120221;182.65;184.75;180.58;182.26;6758962
20120222;181.95;182.99;180.29;180.58;5786428
20120223;179.64;180.75;176.96;178.89;5157465
20120224;179.7;180.74;178.37;179.13;3669165
20120227;177.54;179.19;176.5;178.53;3707942
20120228;178.9;184.29;177.95;183.8;5764907
20120229;183.89;184;179.01;179.69;5302508
20120301;179.89;180.49;176.58;180.04;4938425
20120302;179.48;181.84;178.92;179.3;3658009
20120305;179;181.82;178.18;180.26;4684257
20120306;178.68;183.5;178.04;181.09;5614085
20120307;182.65;185.5;182.4;183.77;4951927
20120308;184.17;188.38;183.8;187.64;4223589
20120309;186.79;187.2;183.44;184.32;4510556
20120312;184.13;185.4;182.2;183.39;2588002
20120313;183.92;184.87;180.77;184.59;4404299
20120314;183.65;184.32;181.14;182.26;3699734
20120315;182.02;184.43;180.3;184.43;4160618
20120316;183.28;185.68;182.35;185.05;4934824
20120319;183.45;186.68;183;185.52;3904019
20120320;184.88;194.41;182.88;192.33;9167308
20120321;192.5;194.28;191.26;191.73;4215499
20120322;190.54;194.06;190.26;192.4;3740279
20120323;192.01;196.2;191.8;195.04;5984094
20120326;196.48;202.97;195.5;202.87;7620695
20120327;203.59;209.85;202.88;205.44;9600734
20120328;206.14;207;200.31;201.16;6246236
20120329;201.28;205.31;200.63;204.61;5711525
20120330;205.02;206.85;201.87;202.51;4440996
20120402;198.02;199.9;197;198.05;6430730
20120403;198.24;202.39;197.5;199.66;5001070
20120404;196.95;197.68;192.36;193.99;5459483
20120405;193.55;196.03;193.55;194.39;3217777
20120409;192.02;194.2;190.5;191.87;3136878
20120410;192.75;193.52;186.57;186.98;4455491
20120411;189.63;191.97;186.79;187.97;4338218
20120412;188.06;192.26;185.61;190.69;4028910
20120413;189.9;189.94;186.26;188.46;3432203
20120416;189.01;189.47;183.65;185.5;4044271
20120417;187.21;190.04;186.87;188.39;2829460
20120418;188.82;193.45;188.74;191.07;4003095
20120419;192.93;194.55;189.75;191.1;4003037
20120420;192.34;193.48;189.8;189.98;3243745
20120423;188.99;188.99;185.51;188.24;3481356
20120424;188.68;190.7;186.51;190.33;3381850
20120425;191.67;194.8;191.6;194.42;3958413
20120426;193.57;196.36;193.02;195.99;10233980
20120427;224.83;228.69;220.22;226.85;22112329
20120430;223.95;233.84;223.05;231.9;9766512
20120501;229.4;232.97;228.4;230.04;6757217
20120502;227.82;231.44;227.4;230.25;4593971
20120503;229.74;232.53;228.03;229.45;4057859
20120504;227.8;229.72;223.74;223.99;4587893
20120507;222.36;226.87;222.29;225.16;3314226
20120508;223.15;225.39;218.2;223.9;4523044
20120509;220.59;225.78;220.16;222.98;3713431
20120510;223.91;229.08;221.95;226.69;4648359
20120511;225.95;230.68;225.73;227.68;4195541
20120514;225.6;227.29;222.51;222.93;3096794
20120515;226.5;230.61;223;224.39;5716858
20120516;225;228;222.5;224.06;5261956
20120517;225.05;226;218.09;218.36;4507911
20120518;219.41;219.63;212.81;213.85;5233522
20120521;214.03;219.98;212.82;218.11;3580096
20120522;218.31;218.87;213.96;215.33;3733844
20120523;214.71;217.55;211.18;217.28;4243774
20120524;216.98;217.66;212.7;215.24;3141496
20120525;214.99;215.98;212.22;212.89;2171364
20120529;214.3;216.55;212.29;214.75;2695938
20120530;212.14;212.98;207.75;209.23;4085414
20120531;209.48;213.79;207.11;212.91;4944924
20120601;208.44;211.23;207.3;208.22;3953691
20120604;207.4;215.35;206.37;214.57;4302341
20120605;213.85;216.86;211.16;213.21;3546441
20120606;214.63;218.4;214.52;217.64;2715054
20120607;219.65;221.49;218.11;218.8;3505416
20120608;218.61;219.42;216.66;218.48;2876904
20120611;217.49;220.87;215.2;216.5;3749085
20120612;217.65;218;214.52;216.42;2833765
20120613;215.52;217.38;213.52;214.73;2326254
20120614;215.26;216.5;212.56;214.45;3060973
20120615;215.29;219.33;214.46;218.35;3788005
20120618;217.28;223.76;216.73;222.66;3371446
20120619;223.26;225.2;221.66;224.03;2716819
20120620;224.51;224.74;220.84;223.02;2445774
20120621;223.84;226.03;220.52;220.58;2843130
20120622;221.83;222.51;219.35;222.16;2188063
20120625;220.3;221.59;218;220.07;2382265
20120626;221.45;226.39;221.45;225.61;3755034
20120627;225.01;227.5;223.3;225.62;2799580
20120628;223.92;224.62;218.75;221.31;2995338
20120629;224.7;228.35;223.71;228.35;3615572
20120702;229.3;229.34;226.34;229.32;2330930
20120703;229.14;229.53;227.59;229.53;1335952
20120705;228.62;230.5;226.53;227.06;2683610
20120706;226.35;228.9;224.18;225.05;3203230
20120709;225;226;223.45;225.05;1921979
20120710;226.25;227.14;218.28;219.5;2983109
20120711;218.95;221.74;215.34;218.37;2734848
20120712;216.61;217.3;212.61;215.36;2617140
20120713;215.63;219.31;213.88;218.39;2222329
20120716;216.6;218.31;214.46;216.01;2004345
20120717;217.45;217.94;213.96;216.93;1987267
20120718;216.15;218.67;215.71;217.47;2097319
20120719;220.73;227.5;220.69;226.17;5451352
20120720;225.36;229.39;225.3;228.29;4170883
20120723;224.72;226.58;221.54;226.01;5516909
20120724;226.27;226.61;221.23;223.04;5017099
20120725;222;222.5;215.91;217.05;3648127
20120726;220;221.45;214.95;220.01;6937337
20120727;225.25;238.34;224.5;237.32;11315524
20120730;237;240.74;234.07;236.09;3736365
20120731;235.1;236.3;231.61;233.3;3455868
20120801;234.14;234.38;230.7;232.09;2543843
20120802;230.56;234.34;228.66;230.81;3048331
20120803;234.03;236.49;233.03;234.97;2825514
20120806;235.56;235.74;233.81;233.99;1843686
20120807;234.13;238;233.25;236.56;2058428
20120808;235.29;236.45;233.59;234.38;1534228
20120809;233.93;235.99;233.5;234.06;1548552
20120810;233.08;234.85;231.43;232.75;1852503
20120813;232.23;234.37;231;232.44;1997421
20120814;234.71;236.72;232.62;233.19;2750998
20120815;232.26;238.14;232.25;237.42;3266819
20120816;237.72;242.83;236.2;241.55;4312712
20120817;240.6;243.35;240.47;241.17;3085900
20120820;241.37;241.65;238.2;240.35;1889992
20120821;240.88;243.85;238.55;239.45;2571911
20120822;239.4;244.9;238.8;243.1;2473886
20120823;242.14;243.48;239.02;241.2;2454445
20120824;241.68;246.87;241.36;245.74;3699397
20120827;245.79;247.5;243.12;243.92;2929676
20120828;243.97;246.78;243;246.11;2746912
20120829;246.78;247.61;244.59;247.12;1773899
20120830;246.99;250;245.25;246.22;3647976
20120831;248.07;249.45;245.5;248.27;3347458
20120904;248.27;251;244.66;247.88;3954066
20120905;247.61;248.61;245.3;246.22;2653576
20120906;248.23;252.7;247.2;251.38;5363368
20120907;253.85;259.42;253.52;259.14;5030876
20120910;259;260;256.82;257.09;2567521
20120911;257.6;257.6;254.26;255.67;2526395
20120912;256.5;257.78;253.5;255.63;2274715
20120913;254.94;262;253.8;260.24;3526477
20120914;261.4;264.11;259.77;261.27;3666583
20120917;261.25;261.25;257;258;2306215
20120918;258.48;260.5;257;258.75;2216148
20120919;259.45;262.84;258.53;261.68;2637214
20120920;260.03;260.87;258;260.81;2914144
20120921;261.74;262;256.74;257.47;6060350
20120924;255.22;255.6;253;254.81;2710040
20120925;256.33;258.95;251.03;252.46;4405976
20120926;252.4;254.61;248.23;249.67;2921042
20120927;250.54;257.4;250.52;256.59;3397739
20120928;256.14;257;253.2;254.32;2456710
20121001;255.4;256.16;250.49;252.01;2581202
20121002;252.8;253.15;249.03;250.6;2195767
20121003;251.21;256.1;249.56;255.92;2746516
20121004;256.01;261.52;255.87;260.47;2710852
20121005;261.2;261.9;257.49;258.51;2807298
20121008;257.67;259.8;255.56;259.06;1762589
20121009;258.67;259.35;250.73;250.96;3497182
20121010;252;252.46;244.01;244.99;3950008
20121011;248;249.3;241.89;244.22;3447983
20121012;243.18;245.46;241.91;242.36;2203701
20121015;242.85;244.78;238.51;244.18;2960049
20121016;244.87;245.77;242.08;243.94;2204143
20121017;243.37;248.8;243.3;247.49;3303018
20121018;247.77;250.91;242.7;244.85;5305942
20121019;245.16;246.82;238.94;240;4396972
20121022;238.81;238.95;232.32;233.78;4499938
20121023;231.05;236.5;230.01;234.31;4431962
20121024;235.88;235.94;227.95;228.49;3679682
20121025;230.92;230.92;222.92;222.92;6741212
20121026;228.6;238.71;226.69;238.24;11367410
20121031;236.32;238.7;230.5;232.89;4797876
20121101;234.23;234.55;231.34;232.14;3905997
20121102;234.01;237.4;232.11;232.42;3374847
20121105;232.04;234.83;230.11;234.33;1846241
20121106;235.41;237.75;234.45;237.56;2664319
20121107;235.65;235.66;229.42;232.06;3625570
20121108;232.22;233.45;227.1;227.35;2991034
20121109;226.26;230.97;224.6;226.31;3092767
20121112;226.59;229.22;225.41;226.47;2129805
20121113;225.12;227.9;224.71;226.6;2629797
20121114;226.5;227.41;222.51;222.95;3034284
20121115;222.3;225.16;218.18;220.6;3404622
20121116;221.31;226.25;218.64;225.23;4353536
20121119;228.32;232.5;227.45;229.71;3593171
20121120;230;233.82;229.5;233.78;2772653
20121121;233.84;238.67;232.75;238.03;2959494
20121123;239.89;240;236.48;239.88;1776744
20121126;240.39;244.32;238;243.62;4178897
20121127;243.22;245.67;241.54;243.4;3048476
20121128;242.45;247.23;241.5;247.11;2744898
20121129;248.05;252.48;247.5;251.27;5314702
20121130;250.38;252.65;248.27;252.05;3797641
20121203;252.54;254.16;250;250.33;2991393
20121204;249.94;253;248.66;252.49;3116870
20121205;252.44;255.55;250.38;253.96;2853087
20121206;253;255.17;251.51;253.37;3557822
20121207;254.14;255.21;252.01;253.27;2170475
20121210;253.1;254.78;247.3;247.77;3505507
20121211;248.5;253.48;246.65;250.69;4185953
20121212;251.07;254.36;250.06;251.76;2628123
20121213;251.11;254.54;250.02;251.25;2462285
20121214;250.11;251.9;247.79;249.19;2527188
20121217;249.81;254;249.26;253.86;2277289
20121218;254.57;263.11;254.57;260.4;4961611
20121219;261.3;261.67;257.68;257.99;2301721
20121220;258.36;262.41;256.54;261.5;2585390
20121221;257.82;258.38;255.74;256.92;4704602
20121224;257.3;259.5;256.96;258.62;986435
20121226;257.15;257.42;248.04;248.63;4153579
20121227;248.28;249.35;242.86;248.31;3640682
20121228;245.85;247.44;245.05;245.18;1863298
20121231;243.75;252.41;242.75;250.87;3419354
20130102;256.08;258.1;253.26;257.31;3271279
20130103;257.27;260.88;256.37;258.48;2751611
20130104;257.58;259.8;256.65;259.15;1875900
20130107;262.97;269.73;262.67;268.46;4912360
20130108;267.07;268.98;263.57;266.38;3012356
20130109;268.17;269.5;265.4;266.35;2265991
20130110;268.54;268.74;262.3;265.34;2866093
20130111;265.1;268.43;264.11;267.94;2413364
20130114;268;274.26;267.54;272.73;4274746
20130115;270.68;272.73;269.3;271.9;2327154
20130116;270.53;271.24;267.83;268.93;2066092
20130117;271.5;271.97;269.21;270.48;1884883
20130118;270.83;274.5;269.6;272.12;2944742
20130122;271.62;272.1;269.23;270.19;2139462
20130123;270.57;271.09;266.65;268.11;2513507
20130124;269.37;276.65;269.37;273.62;3416909
20130125;275;284.72;274.4;283.99;4974945
20130128;283.78;284.48;274.4;276.04;4322557
20130129;275.35;275.46;258.35;260.35;10172552
20130130;283;284.2;267.11;272.76;13081805
20130131;271.04;275.94;263.7;265.5;6775977
20130201;268.93;268.93;262.8;265;6118146
20130204;262.78;264.68;259.07;259.98;3723793
20130205;262;268.03;261.46;266.89;4013780
20130206;265.16;266.89;261.11;262.22;2772204
20130207;264.1;264.1;255.11;260.23;3977065
20130208;261.4;265.25;260.56;261.95;3879628
20130211;263.2;263.25;256.6;257.21;3407457
20130212;259.19;260.16;257;258.7;2944730
20130213;261.53;269.96;260.3;269.47;5295786
20130214;267.37;270.65;265.4;269.24;3464080
20130215;267.63;268.92;263.11;265.09;3981233
20130219;265.91;270.11;264.5;269.75;2856410
20130220;270.2;274.3;266.37;266.41;3530656
20130221;265.12;269.48;263.25;265.94;3638795
20130222;266.62;267.11;261.61;265.42;3125202
20130225;266.94;268.69;259.65;259.87;3032709
20130226;260.89;262.04;255.73;259.36;3348760
20130227;259.4;265.83;256.86;263.25;2908410
20130228;261.81;267;260.63;264.27;2668154
20130301;263.27;266.6;261.04;265.74;2958799
20130304;265.36;273.3;264.14;273.11;3457519
20130305;274;276.68;269.99;275.59;3688583
20130306;275.76;276.49;271.83;273.79;2051552
20130307;274.1;274.8;271.85;273.88;1939787
20130308;275;275.44;271.5;274.19;1880117
20130311;273.43;273.99;270.4;271.24;1905076
20130312;271;277.4;270.36;274.13;3246856
20130313;275.24;276.5;272.64;275.1;1884215
20130314;269.67;270;263.53;265.74;5227305
20130315;264.98;267.26;260.05;261.82;4866472
20130318;259.3;261.49;257.12;257.89;2721496
20130319;258.4;259.5;252.62;256.41;3739566
20130320;258.05;259.76;254.55;257.28;2738970
20130321;256.11;257;252.68;253.39;2806446
20130322;254.55;257.77;252.07;257.75;3126299
20130325;258.58;259.43;254.5;256.02;2515058
20130326;257.05;261.48;256.28;260.31;2421160
20130327;258.75;265.93;257.9;265.3;2874924
20130328;265.82;267.38;264.06;266.49;2473857
20130401;266.98;267.4;261.01;261.61;2525200
20130402;262.4;265.89;260.55;263.32;2632338
20130403;262.12;263.67;257.75;259.03;2414484
20130404;259.23;260.41;256.12;259.08;1964612
20130405;255.72;256.18;253.67;255.48;2558157
20130408;255.92;259.68;255.63;258.95;2296823
20130409;258.85;262.61;257;261.14;2158332
20130410;261.78;265.98;259.32;264.77;2322707
20130411;264.74;270.97;264.74;269.85;3092065
20130412;270.12;273.27;267.02;272.87;2868165
20130415;271.08;275.12;267.1;267.72;3325919
20130416;269.31;272.8;268.06;272.34;2138618
20130417;270.8;270.85;264.25;267.4;3135291
20130418;266.81;266.99;256.6;259.42;3138006
20130419;258.16;262.88;257.5;260.32;2602870
20130422;259.35;264.6;258.03;263.55;2119351
20130423;264.5;269.87;264.5;268.9;2274694
20130424;269.5;271.47;266.81;268.78;1855081
20130425;271.53;275.8;270.5;274.7;6116498
20130426;269.97;272.02;252.81;254.81;14035877
20130429;254.9;257.01;249.15;249.74;7120310
20130430;249.37;254.68;248.56;253.81;4250210
20130501;253.9;254.2;245.75;248.23;4392202
20130502;248.94;252.93;245.78;252.55;3936170
20130503;256.14;259.25;254.7;258.05;3514674
20130506;258.09;259.5;253.42;255.72;2349545
20130507;256.31;259.74;252.91;257.73;3134069
20130508;256.87;260.3;255.33;258.68;2677086
20130509;258.73;263.55;256.88;260.16;2769255
20130510;260.88;263.65;260.21;263.63;3145869
20130513;262.77;265.88;262;264.51;2149498
20130514;264.5;269.4;264.03;268.33;2700674
20130515;267.07;269.05;264.56;266.56;2721687
20130516;265.96;268.43;263.85;264.12;1643668
20130517;265.83;269.98;265;269.9;2528227
20130520;269;271.79;266.5;267.63;2209034
20130521;268.74;270.77;267.66;268.86;1741466
20130522;267.39;267.59;260.8;262.96;3332597
20130523;260.49;263.17;259.59;261.8;2007811
20130524;259.85;261.93;258.34;261.74;1696415
20130528;266.48;271.1;266;267.29;3471096
20130529;265.46;268.25;264.84;265.53;1903590
20130530;265.71;268.57;265.62;266.83;1668469
20130531;266;271.91;265.94;269.2;3374919
20130603;268.96;269.11;262.95;266.88;2545284
20130604;267;268.88;263.02;265.7;2088972
20130605;265.81;271.66;265.02;267.17;3512867
20130606;267.75;270.5;264.21;267.83;2476368
20130607;269.74;280.1;269.13;276.87;4632539
20130610;276.68;282.47;275.24;281.07;3088355
20130611;276;278.41;274.24;274.78;3098845
20130612;276.6;276.8;270.45;271.67;2239259
20130613;271.5;276.8;270.29;275.79;2651715
20130614;275;277.07;273.44;273.99;2150843
20130617;276.35;280.2;275.65;278.06;2885680
20130618;279.08;282.91;278.11;281.76;2147649
20130619;281.26;283.34;277.87;278.16;2828375
20130620;275.14;278.6;272.39;273.44;2985196
20130621;274.57;275.84;269.79;273.36;4202558
20130624;271.29;273.16;265;270.61;3866168
20130625;272.3;273.47;269;272.09;2452910
20130626;273.98;277.98;273.5;277.57;3029816
20130627;279.18;280.2;274.54;277.55;2520422
20130628;276.19;279.83;276.19;277.69;3193515
20130701;279;283.29;277.16;282.1;2890065
20130702;281.04;286.58;280.59;283.73;3238618
20130703;282;285.4;282;284.03;1380205
20130705;285;286.38;282.07;285.88;1985923
20130708;286.42;291.67;286.14;290.59;3047197
20130709;291;292.57;288.01;291.53;2775516
20130710;291.41;293.34;289.4;292.33;1810122
20130711;294.99;300.69;292.1;299.66;4007601
20130712;298.69;307.55;298.5;307.55;4543264
20130715;307.27;307.99;304.35;306.57;2245687
20130716;307.3;309.39;305.51;306.87;2660597
20130717;306.97;308.8;305.69;308.69;2031626
20130718;306.27;306.34;301.87;304.11;3064359
20130719;304.39;305.79;301.91;305.23;2973181
20130722;309.25;309.25;302;303.48;2522023
20130723;303.16;305.06;300.56;301.06;1999624
20130724;303.02;303.84;298.04;298.94;2002745
20130725;299;304.5;296.75;303.4;5484465
20130726;299.55;313.62;295.55;312.01;8819755
20130729;311.07;313;305.9;306.1;3213115
20130730;307.72;309.78;301.57;302.41;3053775
20130731;303.91;305.15;301;301.22;1891514
20130801;303.08;306.21;298.9;305.57;2971659
20130802;304.63;305.33;301.5;304.21;2508358
20130805;303.4;303.62;298.3;300.99;2233258
20130806;300.51;301.36;297.52;300.75;1849796
20130807;300.15;300.99;296.15;296.91;1963110
20130808;298.52;298.52;292.55;295.74;2346335
20130809;295.68;299.27;294.3;297.26;1950386
20130812;295.79;299.08;295.26;296.69;1504625
20130813;295.88;296.37;290.67;293.97;2355093
20130814;294.29;294.29;290.54;291.34;1415476
20130815;288.79;289.3;285.15;286.47;2261493
20130816;286.55;288.33;284.5;284.82;2423056
20130819;285.19;289.56;283.48;285.57;2479612
20130820;285.88;289.51;285.74;287.09;1586236
20130821;285.09;288.5;283.83;284.57;1816344
20130822;284.8;289.87;284.8;289.73;1422672
20130823;291.21;291.5;287.9;290.01;1968285
20130826;290.43;291.05;285.62;286.21;1718213
20130827;283.87;285.28;279.74;280.93;2475991
20130828;280.36;283;279.33;281.58;1457461
20130829;281.45;285.98;280;283.98;1566544
20130830;284.59;284.87;280;280.98;1534706
20130903;284.73;291.39;284.17;288.8;2898422
20130904;288.33;295.23;287.58;293.64;2439351
20130905;293.63;297;292.71;294.1;1819790
20130906;295.33;298.88;290.8;295.86;2293345
20130909;297.22;299.96;296.6;299.71;1646244
20130910;300.55;301;297.22;300.36;1781037
20130911;298.91;301.86;297.84;299.64;1745625
20130912;299.39;302;297.66;298.86;1606393
20130913;300.14;300.22;296.2;297.92;1350645
20130916;299.82;301;295.26;296.06;1818400
20130917;297.63;304.65;296.01;304.17;2297381
20130918;304.06;312.74;302.91;312.03;2946988
20130919;313.77;314.54;311.04;312.06;2350946
20130920;312.54;320.57;312.41;316.34;5306003
20130923;314.01;315.9;308.77;311.49;1885197
20130924;312.43;318.08;311.28;314.13;2033546
20130925;314.53;316.71;310.75;312.65;2010249
20130926;313.9;319.37;313.26;318.12;1990982
20130927;316.92;317.21;313.35;316.01;1658435
20130930;313.41;315.31;311.06;312.64;1625844
20131001;314.22;321;313.65;320.95;2398999
20131002;318.04;321.73;317.52;320.51;2224623
20131003;320.39;322.92;313.02;314.76;2679440
20131004;315.13;319.2;312.62;319.04;1814976
20131007;315.24;315.34;309.74;310.03;2085725
20131008;311.5;311.55;300.27;303.23;3171592
20131009;303.42;303.5;296.5;298.23;3252771
20131010;304.63;306.7;302.59;305.17;2557138
20131011;304.77;310.93;303.84;310.89;2163093
20131014;309.22;311.64;307;310.7;1939092
20131015;309.87;310.79;305.26;306.4;2261554
20131016;308.38;310.8;305.55;310.49;2180521
20131017;307.07;311;305.24;310.77;2648384
20131018;319.36;331.89;316.75;328.93;5969814
20131021;329.89;330;323.8;326.44;2527617
20131022;327.72;337.11;325.68;332.54;3942953
20131023;330.84;331.72;324.06;326.76;2818158
20131024;329.63;332.65;326.75;332.21;5884655
20131025;358.6;368.4;352.62;363.39;12043903
20131028;359.92;362.75;357.2;358.16;3635848
20131029;358.96;362.89;356.29;362.7;2190763
20131030;362.62;365;358.65;361.08;4505005
20131031;361.73;366;359;364.03;2466937
20131101;365.63;365.77;356.1;359;3332126
20131104;360.12;361;354.4;358.74;1940496
20131105;356.78;360.17;354.84;358.89;2007275
20131106;360.45;362.87;354.5;356.18;2288077
20131107;355.86;357.9;341.88;343.56;4250065
20131108;345.95;351.05;344.04;350.31;2656865
20131111;350.59;355.37;348.06;354.38;2262538
20131112;352.99;355.48;347.28;349.53;2344304
20131113;347.4;356.22;345.68;356.22;2777832
20131114;357.39;368.94;356.43;367.4;4164128
20131115;367.63;372.9;365.55;369.17;4494773
20131118;370.28;373.49;364.67;366.18;2738214
20131119;365.82;368.78;362.5;364.94;1904797
20131120;367.56;367.56;360.45;362.57;1772984
20131121;364.05;369.25;363.3;368.92;1967041
20131122;370;374.5;366.31;372.31;2967833
20131125;373.82;377.79;373.18;376.64;2972546
20131126;377.61;382.5;374.82;381.37;2730689
20131127;383.5;387;382.61;386.71;2269656
20131129;389.1;394.1;388.62;393.62;2405985
20131202;399;399;389.1;392.3;4718883
20131203;390.11;390.95;383.1;384.66;3707536
20131204;383.5;389.69;381.49;385.96;2355719
20131205;386.65;386.65;381.37;384.49;1906452
20131206;388.35;388.35;383.83;386.95;1987762
20131209;388.11;388.21;382.57;384.89;2766573
20131210;383.74;389.06;383.02;387.78;2739875
20131211;387.34;388.98;382;382.19;2451254
20131212;381.26;385;379.5;381.25;2123652
20131213;385.32;389.42;383.8;384.24;3025145
20131216;385.03;391.7;385;388.97;2258884
20131217;390.65;391.36;386.5;387.65;2348377
20131218;389.23;396.3;383.1;395.96;3493635
20131219;394.27;397.29;392.6;395.19;2429598
20131220;396.55;404.72;395.78;402.2;5038537
20131223;403.69;405;399.2;402.92;2661823
20131224;402.52;403.72;396.37;399.2;1380373
20131226;401.79;404.52;396.81;404.39;1871590
20131227;404.65;405.63;396.25;398.08;1987280
20131230;399.41;399.92;392.45;393.37;2487812
20131231;394.58;398.83;393.8;398.79;1997051
20140102;398.8;399.36;394.02;397.97;2140246
20140103;398.29;402.71;396.22;396.44;2213512
20140106;395.85;397;388.42;393.63;3172207
20140107;395.04;398.47;394.29;398.03;1916684
20140108;398.47;403;396.04;401.92;2316903
20140109;403.71;406.89;398.44;401.01;2103793
20140110;402.53;403.76;393.8;397.66;2681701
20140113;397.98;399.78;388.45;390.98;2846507
20140114;392.13;398.63;391.29;397.54;2340401
20140115;398.94;399.31;392.53;395.87;2678794
20140116;393.68;399.29;389.41;395.8;2602506
20140117;394.26;403.49;393.66;399.61;4508791
20140121;403;407.8;401.6;407.05;3122705
20140122;408;408.06;402;404.54;2069759
20140123;401;406.17;397.79;399.87;3026272
20140124;398.16;400.2;387.27;387.6;4513038
20140127;390.5;394.1;380.49;386.28;3944752
20140128;387.4;394.74;387.12;394.43;2901611
20140129;392.16;392.85;383.24;384.2;3399294
20140130;393.77;406.25;387.7;403.01;10900116
20140131;371.76;375.45;357.76;358.69;16181519
20140203;358.98;360.85;340.1;346.15;10290934
20140204;349.59;354;344.02;347.95;4821177
20140205;346;349.37;337.73;346.45;4439010
20140206;347.4;354.82;347.4;354.59;3340542
20140207;358.98;361.8;352.49;361.08;4347189
20140210;361.61;365;359.35;360.87;3451093
20140211;361.84;363.61;356.25;361.79;3225200
20140212;356.43;357.75;346.32;349.25;6599199
20140213;347.7;357.2;346.5;357.2;4181445
20140214;359.34;359.34;353.35;357.35;3524570
20140218;355.28;355.73;349.45;353.65;5000493
20140219;352.64;354.54;346.1;347.38;4175393
20140220;348.8;350.46;344.38;349.8;3496663
20140221;352.44;354.14;346.75;346.76;4212144
20140224;345.19;353;343.29;351.78;3647182
20140225;353;361.08;351.58;358.32;3747076
20140226;359.86;364.75;357.17;359.8;3622506
20140227;357.22;360.59;355.5;360.13;3105442
20140228;360.6;365.87;357.08;362.1;3885207
20140303;358.74;360.96;354.48;359.78;2804261
20140304;363.9;365.68;362.46;363.9;2706843
20140305;364.13;372.73;363.9;372.37;3862706
20140306;374.05;375.33;368.9;372.16;2927497
20140307;374.58;374.99;369.53;372.06;2280358
20140310;372.69;372.73;367;370.53;2107820
20140311;370.99;372.8;367.28;368.82;2248019
20140312;366.4;371.16;363.61;370.64;2219663
20140313;376.62;383.11;368.08;371.51;6829047
20140314;372.8;378.57;371.55;373.74;4402220
20140317;375.72;378.85;374.88;375.04;2306821
20140318;377.32;379;375;378.77;2483508
20140319;378.77;379;369.42;373.23;2646687
20140320;370.64;373;366.22;368.97;2558460
20140321;371;372.84;358.4;360.62;5417935
20140324;360.09;361.5;348.6;351.85;4879627
20140325;354.03;358.97;348.84;354.71;4455703
20140326;357.13;357.6;343.4;343.41;4120665
20140327;343.15;344;330.88;338.47;5770462
20140328;340.05;347;336.08;338.29;3986782
20140331;342.4;346.29;334.06;336.37;4297487
20140401;338.09;344.43;338;342.99;3602899
20140402;345.99;348.3;340.38;341.96;4475523
20140403;341.82;342.5;328.46;333.62;6399299
20140404;335.15;335.44;315.61;323;12534578
20140407;320.99;324.94;313.13;317.76;7077360
20140408;321.88;328;318.44;327.07;6585583
20140409;328.47;332.18;322.5;331.81;5058664
20140410;330.6;331;316.5;317.11;6133376
20140411;314;316.5;309.5;311.73;7292028
20140414;317.67;320.48;311.28;315.91;4293532
20140415;316.7;318.28;305.5;316.08;5399337
20140416;321.17;324;314.71;323.68;4285901
20140417;319.76;328.66;319.76;324.91;4300378
20140421;323.97;331.15;322.31;330.87;3000598
20140422;332;337.5;328.94;329.32;3714288
20140423;333.06;333.13;323.39;324.58;3604586
20140424;329.67;337.4;322.95;337.15;9293735
20140425;316.25;316.49;302.71;303.83;16186737
20140428;304;304.39;288;296.58;14479803
20140429;296.44;301.84;290.45;300.38;6510591
20140430;298.1;304.56;298.1;304.13;4090006
20140501;304.13;310.48;304;307.89;4329167
20140502;310.42;313.29;304.31;308.01;3995218
20140505;306.37;310.23;305;310.05;2520300
20140506;309.53;309.81;297.04;297.38;4682327
20140507;295.56;296.4;286.68;292.71;7016937
20140508;290.82;295.88;287.23;288.32;3848996
20140509;290.57;293.68;284.38;292.24;4062984
20140512;294.3;303.34;294.16;302.86;3735443
20140513;302.6;305.6;300.75;304.64;3509937
20140514;302.5;304.64;296.66;297.62;3328414
20140515;298.02;299.2;290.38;295.19;4299530
20140516;292.8;298.88;291.55;297.7;3637649
20140519;295.76;299;293.81;296.76;2286313
20140520;297.1;304.46;296.75;301.19;4096308
20140521;302.21;305.96;301.52;305.01;3409200
20140522;305.05;308.54;303.01;304.91;2576888
20140523;305.46;312.35;304.9;312.24;3055997
20140527;314.41;314.63;307.38;310.82;4864163
20140528;309.5;313.82;307.42;310.16;2726803
20140529;310.42;314.87;310.2;313.78;2365679
20140530;314.43;314.65;307.57;312.55;4260624
20140602;312.59;312.6;307;308.84;2205909
20140603;305.75;307.92;305.07;307.19;2379273
20140604;306.85;309.5;303.84;306.78;2111176
20140605;308.1;327.94;306.9;323.57;7803760
20140606;325;330.88;324.93;329.67;5246723
20140609;331.57;333;325.65;327.5;3212755
20140610;327.65;335.5;327.5;332.41;3668904
20140611;336;340.72;333.88;335.2;4439178
20140612;335.55;335.55;324.66;325.91;4276316
20140613;327.05;329.3;323.53;326.27;2766909
20140616;324.86;328.69;323.52;327.62;2449843
20140617;327.54;331.34;325.23;325.62;2924058
20140618;328;335.75;325;334.38;6409334
20140619;335.26;338.9;325.98;327;5327002
20140620;327.76;328.22;320.42;324.2;6056210
20140623;323.33;327.55;321.41;327.24;2609628
20140624;327.54;329.73;322.74;324.16;2627978
20140625;324.33;328.15;321.74;327.44;2328006
20140626;328.49;328.65;322.13;325.69;2699908
20140627;325.88;326.52;323.27;324.57;2419626
20140630;324.98;326.98;322.24;324.78;2672165
20140701;325.86;333.2;325.1;332.39;3178548
20140702;333.2;336.76;331.66;332.85;2681578
20140703;334.83;338.3;333.08;337.49;1944300
20140707;337.5;337.55;332.52;333.55;2130028
20140708;333.1;333.74;321.4;323.81;4275447
20140709;324.71;330.2;323.15;329.97;3167133
20140710;324.34;329.98;322.65;327.92;2665753
20140711;334.71;347;334.71;346.2;8309079
20140714;347.03;355.77;345.36;355.32;5615482
20140715;353.72;355.59;349.4;354.44;4176758
20140716;355.62;359.32;353;355.9;3505023
20140717;353.44;356.96;351.38;352.45;3640290
20140718;354.4;359.68;352.08;358.66;3410032
20140721;358.1;361.71;356.72;359.76;2282741
20140722;355.25;362.93;355.25;360.84;2889366
20140723;359.05;360.63;356.62;358.14;2688761
20140724;359.98;364.85;358.52;358.61;7088655
20140725;317.3;324.87;314.76;324.01;17855141
20140728;324.25;324.82;316.5;320.41;5933999
20140729;321.98;322.9;319.5;320;2885644
20140730;321.45;322.73;318.5;322.51;3973213
20140731;320.01;320.68;311.86;312.99;5193770
20140801;313.69;315.83;304.59;307.06;7443091
20140804;308.84;316.18;308.5;313.65;4208660
20140805;313.3;314.55;310.06;312.32;2856294
20140806;310.83;315.78;310.2;313.89;2297476
20140807;315.21;315.88;309.65;311.45;2936913
20140808;311.94;317.32;310.66;316.8;2708416
20140811;318.48;320.38;316.88;318.33;2472819
20140812;318.89;321.31;316.95;319.32;1916143
20140813;327.6;331.72;326.14;326.28;4945094
20140814;327.8;334.09;326.71;333.21;3420646
20140815;334;335;328.32;333.63;3897928
20140818;335.48;337.8;333.77;334.53;2488186
20140819;334.87;335.81;333.01;335.13;1714120
20140820;334.68;337.16;334.02;335.78;1811462
20140821;336.48;336.58;332.23;332.91;1975792
20140822;332.99;334.08;330.8;331.59;2212965
20140825;333.21;336.77;332.71;334.02;1960978
20140826;337;344.36;334.55;341.83;3654702
20140827;342.09;346.67;341.34;343.18;2961767
20140828;340;341.79;338.8;340.02;2254725
20140829;341.76;341.82;337.68;339.04;1939848
20140902;339.98;342.5;337.16;342.38;2328881
20140903;342.54;343.27;337.55;339;1998540
20140904;343.69;349.38;343.58;345.95;3965557
20140905;346.3;346.83;342.5;346.38;2111220
20140908;344.54;345.81;339.04;342.34;2960693
20140909;341.61;341.76;329.18;329.75;4646832
20140910;334.3;334.98;328.82;331.33;3798904
20140911;329.94;333.01;326.39;330.52;2721893
20140912;329.56;332.89;328.79;331.19;3429727
20140915;330.91;331.33;319;323.89;4006918
20140916;321.07;329.48;320.1;327.76;3265860
20140917;327.76;328;321.52;324;4138950
20140918;325.44;327.1;323.71;325;2577706
20140919;327.6;332.76;325.57;331.32;6886382
20140922;328.49;329.49;321.06;324.5;3118649
20140923;322.46;327.6;321.25;323.63;2353590
20140924;324.17;329.44;319.56;328.21;2647232
20140925;327.99;328.54;321.4;321.93;2934944
20140926;320.6;323.5;317.64;323.21;3639155
20140929;320.5;323.75;319;321.82;1929589
20140930;321.36;323.43;318.51;322.44;2639967
20141001;322.04;322.17;315.55;317.46;3096735
20141002;316.92;318.53;311.31;318.41;3553944
20141003;320.36;325.16;319.53;322.74;3037891
20141006;323.5;324.13;319.6;322.2;2294194
20141007;319.43;322;316.67;316.98;2365698
20141008;316.58;324.11;314.14;322.7;3458960
20141009;321.49;322.27;314.52;315.37;3589464
20141010;314.02;317.77;311.38;311.39;3684314
20141013;309.87;313.2;303.47;306.45;4369850
20141014;308;312.24;305.75;308.31;3385809
20141015;304.35;307.9;299.1;305.97;5348254
20141016;293.83;306.82;293.83;302.86;4731866
20141017;307.15;309.2;302.72;303.64;4409218
20141020;302.95;306.53;302.02;306.21;3239490
20141021;309.9;315.64;307.07;315.33;3563351
20141022;315.43;318.98;312.64;312.97;3130049
20141023;313.4;316.8;311.4;313.18;9038193
20141024;284.4;293.81;284;287.06;19805911
20141027;285.7;290.42;285.02;289.97;5950594
20141028;289.76;298;289.76;295.59;5576646
20141029;299.11;299.61;293.07;294.12;4883259
20141030;293.98;299.74;292.36;299.07;4055155
20141031;305.15;305.72;301.5;305.46;4551795
20141103;306.24;308.01;303.24;305.72;3244150
20141104;303.99;304.25;300.17;302.81;3427384
20141105;303.01;304;294.16;296.52;4674492
20141106;296.69;297;292.29;296.64;3758121
20141107;297.82;299.99;296.29;299.86;2647352
20141110;300;305.8;300;305.11;2809056
20141111;305.94;312.38;303.65;312.01;3807333
20141112;310.75;312.58;308.79;311.51;2182982
20141113;312;317.89;311.51;316.48;3686428
20141114;317.12;332.88;316.4;327.82;8877785
20141117;326.44;328;318.03;323.05;4784933
20141118;323.99;329.56;323.25;324.93;3551161
20141119;327.25;328.4;324.02;326.54;3281614
20141120;324;332.67;323.33;330.54;3436721
20141121;335.42;338.33;331.47;332.63;4466587
20141124;334.78;337.39;333.6;335.64;2754186
20141125;335.27;336.33;331.28;335.04;2564989
20141126;333.78;334.65;331.75;333.57;1985949
20141128;336.03;341.26;336.03;338.64;3051798
20141201;338.12;340.64;325.93;326;4944861
20141202;327.5;327.93;323.25;326.31;2790257
20141203;325.73;326.77;314.36;316.5;5689904
20141204;315.53;318.59;313.47;316.93;3296642
20141205;316.8;316.93;310.84;312.63;3265214
20141208;311.57;316.56;304.82;306.64;3639180
20141209;302.99;313.64;301.14;312.5;4049506
20141210;312;313.19;304.68;305.84;3245890
20141211;307.89;312.64;306.01;307.36;3272919
20141212;303.99;310.64;303.01;307.32;3162322
20141215;308.87;310.86;302.15;306.07;3841577
20141216;304.35;304.49;295.01;295.06;6501252
20141217;296.37;299.67;293.03;298.88;4433505
20141218;304.01;304.5;293.25;297.73;7738067
20141219;296.91;301.54;295.52;299.9;8709129
20141222;301.94;307.36;301.94;306.54;4003827
20141223;306.98;307.49;303.25;306.29;2718359
20141224;306.38;307;302.88;303.03;1518107
20141226;305;310.78;303.81;309.09;2893801
20141229;307.85;314.27;306.58;312.04;3009046
20141230;309.91;313.94;309.34;310.3;2093023
20141231;311.55;312.98;310.01;310.35;2057766
20150102;312.58;314.75;306.96;308.52;2788101
20150105;307.01;308.38;300.85;302.19;2774231
20150106;302.24;303;292.38;295.29;3519034
20150107;297.5;301.28;295.33;298.42;2640349
20150108;300.32;303.14;296.11;300.46;3088398
20150109;301.48;302.87;296.68;296.93;2592360
20150112;297.56;298.51;289.28;291.41;3421392
20150113;297.48;301.5;293.23;294.74;4136442
20150114;291.93;295.91;286.5;293.27;5538666
20150115;294;296;286.82;286.95;4419196
20150116;286.28;290.79;285.25;290.74;3478176
20150120;292.59;293.36;286.39;289.44;3075081
20150121;289.64;306;287.26;297.25;10065076
20150122;300;312.25;300;310.32;5362640
20150123;308.08;316.93;307.72;312.39;4496419
20150126;311.82;313;307.52;309.66;3169665
20150127;306.3;310.24;302.63;306.75;2920315
20150128;309.81;311.51;303.8;303.91;3063774
20150129;304.73;312.8;299.33;311.78;8656567
20150130;346.32;359.5;340.74;354.53;23856060
20150202;350.05;365;350.01;364.47;10231914
20150203;360.29;367.82;360.21;363.55;6212565
20150204;358.38;367.5;358.23;364.75;4169927
20150205;366;378.8;365.9;373.89;7247605
20150206;374.87;375.99;371.01;374.28;3892382
20150209;371;374.41;367.2;370.56;2724630
20150210;371.19;374.3;368.51;373;2287232
20150211;371.23;377.1;371.1;375.14;2786523
20150212;375.1;378.51;373.15;377.17;2791050
20150213;378.41;383;377.01;381.83;3475069
20150217;377.72;379.99;372.67;375.43;3673208
20150218;373.78;376.74;372.85;373.37;2650610
20150219;373.49;381.88;373.43;379;2953752
20150220;378.62;383.7;375.84;383.66;3258023
20150223;383.44;384.54;378;380.14;2176989
20150224;378.65;380.48;376.16;378.59;1921850
20150225;377.27;387.85;376.54;385.37;3174495
20150226;384.07;389.37;383.28;384.8;2687107
20150227;384;385.99;379.79;380.16;2532309
20150302;380.85;385.9;379.48;385.66;2139205
20150303;383.95;386.1;381.6;384.61;1946498
20150304;385.71;387.9;382.19;382.72;2259141
20150305;385.61;388.42;383.89;387.83;2693518
20150306;385.52;387;378.88;380.09;2627042
20150309;378.4;379.33;375.28;378.56;2311390
20150310;377.45;377.77;369.18;369.51;3120972
20150311;370.61;373.35;366.26;366.37;2495097
20150312;368.82;375.5;367.52;374.24;2810001
20150313;371.52;373.99;366.68;370.58;2611658
20150316;370.38;373.94;366.72;373.35;2354059
20150317;371.11;374.5;369.64;371.92;2036961
20150318;369.97;375.99;366.7;375.14;2654135
20150319;373.87;377.11;372.19;373.24;1915671
20150320;376.29;379.37;375.92;378.49;3763553
20150323;378.07;381.77;374.94;375.11;2239343
20150324;373.99;375.24;372.27;374.09;2228214
20150325;375.17;380.5;370.29;370.96;3429497
20150326;369.59;371.4;365.65;367.35;2929962
20150327;367.11;373.17;366.57;370.56;2609774
20150330;371.87;376.12;371.55;374.59;1820933
20150331;373.24;377.7;371.51;372.1;2506122
20150401;372.1;373.16;368.34;370.26;2458095
20150402;370.5;373.28;369;372.25;1875279
20150406;370.1;380.2;369.36;377.04;3050709
20150407;376.15;379.31;374.03;374.41;1954902
20150408;374.66;381.58;374.65;381.2;2636434
20150409;380.66;384.42;378.8;383.54;2392328
20150410;384.31;387.12;381.32;382.65;2573519
20150413;383.53;385.28;380.14;382.36;1894453
20150414;383.51;387.81;381.21;385.11;2583575
20150415;384.65;385.78;381.64;383.45;1933229
20150416;383.69;387.45;383.55;386.04;2080418
20150417;382.63;383.56;374.4;375.56;3839664
20150420;378.55;391.94;377;389.51;5016148
20150421;391.31;394.6;386.8;391.18;4643524
20150422;391.91;394.28;388;389.8;3474724
20150423;390.21;391.88;386.15;389.99;7979985
20150424;439;452.65;439;445.1;17176904
20150427;443.86;446.99;437.41;438.56;5430949
20150428;438.51;439;428.04;429.31;4140483
20150429;426.75;434.24;426.03;429.37;3621688
20150430;427.11;431.75;419.24;421.78;3647877
20150501;423.82;425.64;416;422.87;3565824
20150504;424.8;429.77;422.42;423.04;2270448
20150505;422.85;427.51;421.02;421.19;2856386
20150506;421.43;422.72;414.55;419.1;2552474
20150507;424.15;428.5;422.85;426.88;2766132
20150508;430.75;435.2;430.17;433.69;2908838
20150511;432.51;439;431.37;432.85;2393737
20150512;431.08;433.25;426.71;431.02;1947822
20150513;429.98;433.53;425.8;426.87;1996328
20150514;429.45;433;427.01;432.28;1888477
20150515;428;430.4;424.3;426;4240306
20150518;426;427.27;421.46;425.24;2390229
20150519;424.87;428.24;420.63;421.71;2465240
20150520;420.6;427.1;418.36;423.86;2196159
20150521;428;436.9;428;431.63;4121401
20150522;431.55;432.44;427.61;427.63;2020629
20150526;426.2;427;422;425.47;2244185
20150527;427.45;431.85;425.01;431.42;2231088
20150528;429.71;431.35;425.47;426.57;1912436
20150529;427.23;432.5;427.23;429.23;3016060
20150601;430.4;433.16;426.2;430.92;2253264
20150602;430.07;433.23;426.25;430.99;1669845
20150603;434.4;438.39;432.75;436.59;2727914
20150604;434.4;436.76;429.26;430.78;2510761
20150605;429.66;430.8;426.5;426.95;1907855
20150608;425.62;426.8;421.43;423.5;2172525
20150609;422.96;427.49;419.14;425.48;2288663
20150610;426.46;432.2;425.66;430.77;2172333
20150611;432.29;438.89;431.47;432.97;2922459
20150612;431.25;432.36;428.26;429.92;2054385
20150615;427.66;428.05;422.64;423.67;2050987
20150616;424.15;427.97;422.67;427.26;2297469
20150617;428.36;431.35;424.75;427.81;2185869
20150618;430.3;439.73;429.41;439.39;3378360
20150619;440.26;444.99;433.24;434.92;4495087
20150622;437;439.24;434.18;436.29;1823572
20150623;435.59;447.04;433.69;445.99;3245049
20150624;444.97;446.47;440.23;440.84;2620827
20150625;438.07;443.47;436.39;440.1;2237458
20150626;441.76;443.49;435.06;438.1;2624479
20150629;434.98;437;429;429.86;2753193
20150630;434.2;435.57;430.46;434.09;2596873
20150701;439.35;440;435.58;437.39;1987076
20150702;437;438.2;433.48;437.71;1343397
20150706;435.23;439.73;433.52;436.04;1903161
20150707;435.68;437.73;425.57;436.72;3454248
20150708;434.35;435.99;428.83;429.7;2383130
20150709;434.9;438.72;434.15;434.39;2271395
20150710;440.49;444.72;439;443.51;2400981
20150713;448.29;457.87;447.54;455.57;3956802
20150714;462.32;469.6;458.16;465.57;4736215
20150715;463.04;464.7;460.2;461.19;2987399
20150716;465.5;475.88;464.8;475.48;4095581
20150717;477.7;485.42;477.25;483.01;4932176
20150720;492.57;493.2;485.4;488.1;4752491
20150721;487.9;488.88;482.55;488;3181831
20150722;485.99;492.5;484.9;488.27;3114898
20150723;491.66;491.66;475.7;482.18;9374431
20150724;578.99;580.57;529.35;529.42;21909381
20150727;527.75;544.95;526.6;531.41;7490960
20150728;536;536.39;523.12;526.03;5273092
20150729;530.92;532.97;525.02;529;3752634
20150730;527.65;539.2;524.29;536.76;3743065
20150731;539.09;542.84;534.52;536.15;3025598
20150803;537.45;540.44;529.36;535.03;3014236
20150804;529.69;536.95;529.16;531.9;2934590
20150805;538.8;539.14;534.12;537.01;2889350
20150806;539.3;542.74;527.52;529.46;3820453
20150807;529.16;529.46;518.21;522.62;3969215
20150810;528.52;532.28;523;524;2615926
20150811;523.65;528.98;522;527.46;2676600
20150812;523.75;527.5;513.06;525.91;4014684
20150813;527.37;534.66;525.48;529.66;2895238
20150814;528.25;534.11;528.25;531.52;1994799
20150817;531.29;538.74;527.12;535.22;2581680
20150818;535.04;539.49;533;535.02;2071342
20150819;533.74;537.25;529;532.92;2324040
20150820;530.39;533.25;515.77;515.78;4407990
20150821;507.36;512.33;494.47;494.47;6706466
20150824;463.58;489.76;451;463.37;10097601
20150825;487.49;489.44;466.25;466.37;5679329
20150826;484.02;503.72;478.76;500.77;6358639
20150827;513.71;522.69;507.26;518.37;6114506
20150828;517.5;521.5;513.04;518.01;2746708
20150831;516.44;519.41;509.07;512.89;3002293
20150901;499.14;510;493.43;496.54;3864514
20150902;505.09;510.86;497.72;510.55;3707116
20150903;514.5;515.84;502.57;504.72;3149694
20150904;497.65;502.85;495.64;499;2692510
20150908;508.69;518.35;508.51;517.54;3810653
20150909;524;529.95;515.06;516.89;4370657
20150910;515.15;526.13;514.78;522.24;2575982
20150911;521.07;529.44;520.61;529.44;3227862
20150914;529.44;532.45;518.58;521.38;3130241
20150915;523.25;527.92;517.2;522.37;2865933
20150916;521.98;528.3;518.52;527.39;2252790
20150917;526.98;546.97;526.57;538.87;4169484
20150918;534.62;546.24;531.35;540.26;6160075
20150921;544.33;549.78;539.59;548.39;3283313
20150922;539.71;543.55;532.66;538.4;3841748
20150923;538.3;541.21;534;536.07;2237571
20150924;530.55;534.56;522.87;533.75;3500964
20150925;542.57;542.8;521.4;524.25;4030998
20150928;520.02;520.28;494.33;504.06;5434532
20150929;506;511.48;490.5;496.07;4457532
20150930;505.44;512.8;501.67;511.89;4004681
20151001;511;520.8;506;520.72;3768483
20151002;512.99;532.6;508.1;532.54;4597795
20151005;536.99;545.91;536;543.68;3391359
20151006;545.5;551.5;533.33;537.48;4547519
20151007;541.79;542;529;541.94;3812087
20151008;536.71;539.39;519.89;533.16;4676440
20151009;534.48;541.79;530.27;539.8;3537364
20151012;539.96;550.82;539.8;550.19;2776103
20151013;546.26;553.2;543.1;548.9;2938044
20151014;551.34;552.25;539.68;544.83;3582060
20151015;547.75;563;547;562.44;4937034
20151016;565.27;570.94;560.31;570.76;4315792
20151019;570.76;579;567.38;573.15;4375420
20151020;572;573;555.28;560.88;4346209
20151021;563.87;565.25;552.52;555.77;3361655
20151022;562.7;569.15;556.67;563.91;7779372
20151023;617.68;619.45;595.36;599.03;10692667
20151026;602.3;609.85;596.29;608.61;4269715
20151027;608.6;614.71;605.53;611.01;3787136
20151028;612.3;617.23;609.5;617.1;3926200
20151029;617.7;627.54;615.39;626.55;3896026
20151030;626.01;630.72;625.28;625.9;3874363
20151102;627.13;628.63;620.41;628.35;2816479
20151103;629.53;629.89;622;625.31;3246910
20151104;627.76;645.93;627.35;640.95;4840501
20151105;647.1;657;643.09;655.65;4723825
20151106;655;662.26;652;659.37;4092165
20151109;658.65;661.96;647.85;655.49;4048823
20151110;651.01;660;647.26;659.68;3489483
20151111;663.25;675.96;663.25;673.25;5387309
20151112;673;675.64;664.22;665.6;4284678
20151113;663.57;667;640.45;642.35;6261076
20151116;640.92;649.99;622.29;647.81;7435934
20151117;650.65;653.25;641;643.3;4320177
20151118;646.51;664.88;646.37;663.54;4469769
20151119;664.99;672.86;659;661.27;4705237
20151120;667.94;668.87;657.57;668.45;3896135
20151123;671.5;682.77;668.45;678.99;4385057
20151124;674.14;675.8;661.21;671.15;4543417
20151125;675;679.7;671.24;675.34;2697889
20151127;680.8;680.99;672.1;673.26;1966801
20151130;675.9;681.29;664.6;664.8;5693172
20151201;673.75;681;667.86;679.06;4751152
20151202;681;684.82;674.25;676.01;4273526
20151203;679.44;682.79;661.48;666.25;5064736
20151204;666;674.78;661.4;672.64;4534796
20151207;674.74;675.46;660.5;669.83;3732814
20151208;663.13;679.99;659.79;677.33;3651908
20151209;678;679;655.68;664.79;5158172
20151210;665.59;668.53;659.56;662.32;3455472
20151211;651.23;657.88;639.62;640.15;5474420
20151214;641.75;658.59;635.27;657.91;4361273
20151215;665.03;671.5;657.35;658.64;4753415
20151216;663.56;677.35;659.32;675.77;3964470
20151217;680;682.5;670.65;670.65;3681645
20151218;668.65;676.84;664.13;664.14;6841304
20151221;668.5;669.9;658.93;664.51;3250900
20151222;666.83;668.49;659.26;663.15;2667795
20151223;666.5;666.6;656.63;663.7;2722922
20151224;663.35;664.68;660.6;662.79;1092970
20151228;665.56;675.5;665.5;675.2;3783555
20151229;677.98;696.44;677.89;693.97;5734996
20151230;691.89;695.49;686.38;689.07;3519003
20151231;686.08;687.75;675.89;675.89;3749560
20160104;656.29;657.72;627.51;636.99;9314519
20160105;646.86;646.91;627.65;633.79;5814034
20160106;622;639.79;620.31;632.65;5329197
20160107;621.8;630;605.21;607.94;7074915
20160108;619.66;624.14;606;607.05;5512915
20160111;612.48;619.85;598.57;617.74;4891551
20160112;625.25;625.99;612.24;617.89;4724100
20160113;620.88;620.88;579.16;581.81;7655239
20160114;580.25;602.25;569.88;593;7237978
20160115;572.24;584.62;565.3;570.18;7784523
20160119;577.09;584;566.45;574.48;4807165
20160120;564.36;578.45;547.18;571.77;7966406
20160121;573.58;588.81;568.22;575.02;4952217
20160122;588.73;600.1;584.11;596.38;5120144
20160125;597.99;608.5;594.56;596.53;4396079
20160126;603.45;604.5;590.38;601.25;3765655
20160127;601.99;603.39;578.78;583.35;5152853
20160128;608.37;638.06;597.55;635.35;14015171
20160129;571.98;593;570;587;14677550
20160201;578.15;581.8;570.31;574.81;6355123
20160202;570;571.56;550.09;552.1;6312045
20160203;553.5;556;521.9;531.07;10048709
20160204;525;538.99;519.22;536.26;6199070
20160205;529.28;529.45;499.19;502.13;9708929
20160208;486.47;493.5;475.21;488.1;9825509
20160209;478.01;498.38;474;482.07;7077915
20160210;491.76;504.66;486;490.48;6786181
20160211;491.17;509.3;484;503.82;7397393
20160212;510.7;516.75;501.49;507.08;5384787
20160216;519.48;524.45;511.66;521.1;5118500
20160217;528.74;537.48;519.39;534.1;4824002
20160218;541.19;541.2;523.73;525;4735008
20160219;520.71;535.95;515.35;534.9;4974717
20160222;542.2;560.65;541.08;559.5;5566553
20160223;555.55;556.91;545.33;552.94;4050790
20160224;545.75;554.27;533.15;554.04;6231668
20160225;555.52;559.39;545.29;555.15;4525463
20160226;560.12;562.5;553.17;555.23;4877039
20160229;554;564.81;552.51;552.52;4145396
20160301;556.29;579.25;556;579.04;5038452
20160302;581.75;585;573.7;580.21;4582170
20160303;577.96;579.87;573.11;577.49;2741292
20160304;581.07;581.4;571.07;575.14;3416545
20160307;573.54;573.63;555.55;562.8;4932527
20160308;557.87;571.35;554.74;560.26;4729952
20160309;559.56;560.35;550.13;559.47;4377283
20160310;566.74;567;547.9;558.93;3919892
20160311;566.95;570.06;562.73;569.61;3771310
20160314;567;576.89;563.05;573.37;3454152
20160315;571;581.52;567;577.02;3876821
20160316;576.64;581.32;571.14;574.27;3537669
20160317;569.51;571.4;555.01;559.44;5928105
20160318;560.94;562.33;546.09;552.08;7296885
20160321;548.91;555.24;538.58;553.98;5155732
20160322;545.11;562.76;545.05;560.48;4000564
20160323;561;572.48;558.1;569.63;3983720
20160324;567.11;583.55;567.08;582.95;5185539
20160328;584.4;584.75;575.56;579.87;3121522
20160329;580.15;595.85;576.5;593.86;4392567
20160330;596.71;603.24;595;598.69;3890461
20160331;599.28;600.75;592.21;593.64;2681811
20160401;590.49;599.03;588.3;598.5;2917386
20160404;599;599.5;590.55;593.19;2470825
20160405;590.77;593.47;585.25;586.14;2308884
20160406;587.52;602.39;587.5;602.08;2849909
20160407;598.76;599.6;589.08;591.43;3189037
20160408;594.32;597.86;589;594.6;2591936
20160411;596.14;604;594.91;595.93;2704267
20160412;598.4;604.06;592.31;603.17;2641062
20160413;607.68;616.81;605.29;614.82;4228349
20160414;615.07;624.38;615.07;620.75;3512136
20160415;621.92;626.77;618.11;625.89;2887681
20160418;625.35;637.64;624.96;635.35;4360883
20160419;637.14;638.01;620.8;627.9;4055870
20160420;630;636.55;623;632.99;2609425
20160421;631;637.82;628.5;631;2596298
20160422;624.47;628.25;611.56;620.5;5083904
20160425;616.61;626.98;616.25;626.2;2682924
20160426;626.17;626.75;614.88;616.88;2521433
20160427;611.8;615.95;601.28;606.57;4068767
20160428;615.54;626.8;599.2;602;7872605
20160429;666;669.98;654;659.59;10310739
20160502;663.92;685.5;662.03;683.85;6578517
20160503;677.36;680.3;670.43;671.32;4923351
20160504;662.59;674;662.14;670.9;4635462
20160505;673.31;676.49;656;659.09;4884114
20160506;656.05;676.95;656.01;673.95;4365345
20160509;673.95;686.98;671.41;679.75;3982161
20160510;694;704.55;693.5;703.07;6105570
20160511;705.79;719;701.65;713.23;7338196
20160512;717.38;722.45;711.51;717.93;5048150
20160513;714.64;719.25;706.51;709.92;4763419
20160516;710.13;713.25;700.28;710.66;5432920
20160517;709.9;714.47;693.91;695.27;5121357
20160518;689.56;702.54;688.76;697.45;4283189
20160519;691.88;699.4;689.56;698.52;3025566
20160520;701.05;707.24;700;702.8;2916165
20160523;704.25;706;696.42;696.75;2595082
20160524;698.01;707.5;698;704.2;3033782
20160525;708;710.86;705.52;708.35;3276631
20160526;708.33;715;707.29;714.91;2446681
20160527;715;716.6;711.1;712.24;2249164
20160531;712.33;724.23;711.32;722.79;3618323
20160601;720.9;726.43;718.22;719.44;3263107
20160602;720.97;728.28;715.5;728.24;3026583
20160603;726.74;727;718.43;725.54;3367306
20160606;726.5;731.5;724.42;726.73;2704806
20160607;729.89;730;720.55;723.74;2732463
20160608;726.4;729.42;721.6;726.64;2223366
20160609;723.1;728.91;722.3;727.65;2170318
20160610;722.35;724.98;714.21;717.91;3425718
20160613;714.01;721.99;711.16;715.24;3352201
20160614;712.33;720.81;712.27;719.3;2506922
20160615;722;722.56;713.35;714.26;2709447
20160616;712.05;718;705.3;717.51;3097961
20160617;718.19;718.2;699.18;706.39;5897788
20160620;713.5;721.31;710.81;714.01;3677162
20160621;715.72;718.4;712.72;715.82;2137534
20160622;716.58;717;707.57;710.6;2260454
20160623;715.5;722.12;712.5;722.08;2824974
20160624;693;712.53;692.2;698.96;7632511
20160627;692.01;696.82;682.12;691.36;5584037
20160628;700;708;698.17;707.95;4036957
20160629;715.75;719.5;713.54;715.6;3070052
20160630;717.2;719.37;712.54;715.62;2855142
20160701;717.32;728;716.54;725.68;2920423
20160705;722.8;728.11;719.61;728.1;2431431
20160706;725.71;737.77;722.58;737.61;3938249
20160707;739.33;739.55;731.63;736.57;2945783
20160708;740.14;746.1;738;745.81;3429217
20160711;750;755.9;747;753.78;3195272
20160712;756.86;757.34;740.33;748.21;5623657
20160713;746.76;756.87;741.25;742.63;4142265
20160714;748.86;749.04;739.02;741.2;2390472
20160715;746.55;746.55;734.05;735.44;3121385
20160718;735.49;741.6;728.72;736.07;2954914
20160719;732.5;743.33;732.31;739.95;2216820
20160720;744;746.25;740.7;745.72;2214023
20160721;747.5;749.36;742.79;744.43;2317072
20160722;747.79;751.28;743.53;744.86;2277711
20160725;746.55;748.5;735.35;739.61;2679290
20160726;742.71;743.13;732.75;735.59;2529692
20160727;737.97;740.94;733.86;736.67;2913134
20160728;745.98;753.36;739.7;752.61;7617580
20160729;765;766;755;758.81;6777050
20160801;759.87;770.5;757.06;767.74;3578205
20160802;763.81;765.01;757.02;760.58;3603280
20160803;757.06;758.89;752.25;754.64;3581525
20160804;753.7;765;750.35;760.77;3178208
20160805;764.81;768.47;763.09;765.98;2704391
20160808;766.81;767;761.02;766.56;1986272
20160809;767.39;772.6;766.9;768.31;1876091
20160810;769.8;772.1;766.19;768.56;1604280
20160811;769.94;773.75;769.12;771.24;2019740
20160812;768.46;773.15;768.42;772.56;1563318
20160815;771.9;772.04;767.71;768.49;2118521
20160816;768.62;768.73;763.82;764.04;1604561
20160817;764.41;765.22;759.2;764.63;1891116
20160818;764;765.17;760.6;764.46;1458281
20160819;761.9;762.49;756.89;757.31;2343237
20160822;757.5;759.85;752.1;759.48;1679251
20160823;763.31;764.7;761;762.45;1524131
20160824;763;763.41;755.36;757.25;1744107
20160825;756;760.56;754.74;759.22;1622992
20160826;760.05;770;759.8;769;2776830
20160829;768.72;774.98;768.6;771.29;2198560
20160830;771.05;771.84;765.56;767.58;1709158
20160831;766.6;769.64;764;769.16;1633789
20160901;770.9;772.04;766.75;770.62;1792271
20160902;774.11;776;771.7;772.44;2181792
20160906;774.04;789.48;770.22;788.87;3719788
20160907;789.53;790.79;784.33;784.48;2424622
20160908;783.89;786.5;781.44;784.06;2030511
20160909;779.36;781;760.11;760.14;4257344
20160912;757.35;772.66;756;771.49;3124704
20160913;768.77;769.89;759.05;761.01;3117224
20160914;762.2;767.5;758.85;761.09;2531822
20160915;762;770.87;757.58;769.69;3043534
20160916;773.28;780.46;771.66;778.52;5499182
20160919;779.97;781.94;771;775.1;2297221
20160920;776;781.37;776;780.22;1937164
20160921;783.25;790.69;779.01;789.74;2718644
20160922;794.27;805.89;794.27;804.7;4078910
20160923;803.13;807.75;802.12;805.75;2353511
20160926;801.8;805.93;797.15;799.16;2651397
20160927;801.85;816.64;801.11;816.11;3819600
20160928;818;830.14;817.03;828.72;4422078
20160929;828.26;837.5;824.63;829.05;4922248
20160930;832.61;839.95;832.4;837.31;4430566
20161003;836;839.86;831.25;836.74;2769448
20161004;840.91;842.37;830.26;834.03;2950314
20161005;838;845.67;836.12;844.36;3469055
20161006;843.7;847.21;840.6;841.66;2684013
20161007;845.79;845.95;837.45;839.43;2426228
20161010;843.25;845.2;840.27;841.71;1827143
20161011;841.02;841.29;828.35;831;3588180
20161012;834;837.67;830.1;834.09;2380416
20161013;829;831.8;821.21;829.28;3091387
20161014;835.08;835.74;822.96;822.96;2999814
20161017;821.5;822;811.68;812.95;3361492
20161018;822.11;823.26;815.02;817.65;2512504
20161019;820.4;820.67;815.17;817.69;2090706
20161020;813.99;815.71;803.1;810.32;3151954
20161021;809.36;819.42;809;818.99;2793015
20161024;824.95;838.3;822.21;838.09;4060899
20161025;839.3;843.09;833.22;835.18;3248358
20161026;832.76;833.44;820;822.59;3998102
20161027;831.24;831.72;815.43;818.36;7406385
20161028;782;789.49;774.61;776.32;10841073
20161031;781.03;793.7;780.11;789.82;5413326
20161101;799;800.84;776.71;785.41;5305428
20161102;783.93;784.75;763.55;765.56;5026504
20161103;765.05;777;764;767.03;3872496
20161104;762.79;766;753.23;755.05;5122103
20161107;771.64;787.73;770.94;784.93;5984354
20161108;784.97;791.74;779.1;787.75;3412629
20161109;764;777.5;760.09;771.88;8562892
20161110;778.81;778.83;717.7;742.38;12746994
20161111;735.73;743.26;728.9;739.01;6622784
20161114;745.51;746;710.1;719.07;7321344
20161115;730;746.78;725.99;743.24;6755785
20161116;739.88;749.87;735.61;746.49;3648791
20161117;749.32;757.5;748;756.4;3690112
20161118;761;767.74;757.64;760.16;4373408
20161121;766;780.35;765.11;780;4614574
20161122;788.17;792.4;781;785.33;5311320
20161123;781.73;781.75;773.12;780.12;3540263
20161125;786.5;786.75;777.9;780.37;1837068
20161128;776.99;777;764.24;766.77;4438828
20161129;768;769.89;761.32;762.52;3272344
20161130;762;768.09;750.25;750.57;4625946
20161201;752.41;753.37;738.03;743.65;4665993
20161202;743.4;748.49;736.7;740.34;3561307
20161205;745;761.49;742;759.36;4314723
20161206;763.99;768.24;757.25;764.72;3794746
20161207;764.55;770.42;755.82;770.42;3684906
20161208;771.87;773.79;765.19;767.33;3189608
20161209;770;770.25;765.34;768.66;2470923
20161212;766.4;766.89;757.2;760.12;2963945
20161213;764.96;782.46;762;774.34;5285288
20161214;778.25;780.86;762.81;768.82;5454836
20161215;766.28;769.1;760.31;761;3801927
20161216;765;765.13;754;757.77;4848219
20161219;758.89;770.5;756.16;766;3113240
20161220;768.65;774.39;767.71;771.22;2703629
20161221;770;771.22;765.7;770.6;2044629
20161222;768.12;771.21;763.02;766.34;2543551
20161223;764.55;766.5;757.99;760.59;1981616
20161227;763.4;774.65;761.2;771.4;2638725
20161228;776.25;780;770.5;772.13;3301025
20161229;772.4;773.4;760.85;765.15;3158299
20161230;766.47;767.4;748.28;749.87;4139449
20170103;757.92;758.76;747.7;753.67;3521066
20170104;758.39;759.68;754.2;757.18;2510526
20170105;761.55;782.4;760.26;780.45;5830068
20170106;782.36;799.44;778.48;795.99;5986234
20170109;798;801.77;791.77;796.92;3446109
20170110;796.6;798;789.54;795.9;2558369
20170111;793.66;799.5;789.51;799.02;2992791
20170112;800.31;814.13;799.5;813.64;4873922
20170113;814.32;821.65;811.4;817.14;3791945
20170117;815.7;816;803.44;809.72;3670529
20170118;809.5;811.73;804.27;807.48;2354201
20170119;810;813.51;807.32;809.04;2540784
20170120;815.28;816.02;806.26;808.33;3376196
20170123;806.8;818.5;805.08;817.88;2797474
20170124;822;823.99;814.5;822.44;2971740
20170125;825.79;837.42;825.29;836.52;4023078
20170126;835.53;843.84;833;839.15;3586323
20170127;839;839.7;829.44;835.77;2998700
20170130;833;833.5;816.38;830.38;3747336
20170131;823.75;826.99;819.56;823.48;3137196
20170201;829.21;833.78;824.94;832.35;3850181
20170202;836.59;842.49;828.26;839.95;7350492
20170203;806.72;818.3;804;810.2;10868773
20170206;809.8;810.72;803;807.64;3897301
20170207;809.31;816.16;807.5;812.5;3466091
20170208;812.69;821.48;812.5;819.71;2857985
20170209;821.6;825;819.71;821.36;2484948
20170210;823.82;828;822.85;827.46;2429609
20170213;831.62;843;828.55;836.53;4172618
20170214;837;838.31;831.45;836.39;2792442
20170215;834;842.81;832.82;842.7;2968853
20170216;841.84;845;839.38;844.14;2714667
20170217;842;847.27;840.73;845.07;3112275
20170221;848.84;857.98;847.25;856.44;3507742
20170222;856.95;858.43;852.18;855.61;2616971
20170223;857.57;860.86;848;852.19;3461984
20170224;844.69;845.81;837.75;845.24;3687963
20170227;842.38;852.5;839.67;848.64;2713627
20170228;851.45;854.09;842.05;845.04;2793709
20170301;853.05;854.83;849.01;853.08;2760083
20170302;853.08;854.82;847.28;848.91;2132098
20170303;847.2;851.99;846.27;849.88;1951575
20170306;845.23;848.49;841.12;846.61;2610370
20170307;845.48;848.46;843.75;846.02;2247554
20170308;848;853.07;846.79;850.5;2288317
20170309;851;856.4;850.31;853;2048187
20170310;857;857.35;851.72;852.46;2436434
20170313;851.77;855.69;851.71;854.59;1909672
20170314;853.55;853.75;847.55;852.53;2130586
20170315;854.33;854.45;847.11;852.97;2562176
20170316;855.3;855.5;850.51;853.42;1842296
20170317;853.49;853.83;850.64;852.31;3384403
20170320;851.51;857.8;851.01;856.97;2282727
20170321;858.84;862.8;841.31;843.2;4382852
20170322;840.43;849.37;839.05;848.06;2658669
20170323;848.2;850.89;844.8;847.38;1952964
20170324;851.68;851.8;843.53;845.61;2138269
20170327;838.07;850.3;833.5;846.82;2755775
20170328;851.75;858.46;850.1;856;3041633
20170329;859.05;876.44;859.02;874.32;4485770
20170330;874.95;877.06;871.66;876.34;2762730
20170331;877;890.35;876.65;886.54;3957612
20170403;888;893.49;885.42;891.51;3422328
20170404;891.5;908.54;890.28;906.83;4984656
20170405;910.82;923.72;905.62;909.28;7508370
20170406;913.8;917.19;894.49;898.28;6344065
20170407;899.65;900.09;889.31;894.88;3710922
20170410;899.63;908.51;899;907.04;3184301
20170411;907.04;911.24;897.5;902.36;3012743
20170412;903.09;904.09;895.25;896.23;2456140
20170413;891.45;894.97;884.49;884.67;3174583
20170417;887.5;902.38;887.5;901.99;2854673
20170418;900.99;909.61;900.78;903.78;2999238
20170419;907.84;910.5;897.37;899.2;2870242
20170420;899.7;905.32;896.29;902.06;2814441
20170421;902.67;903.65;896.77;898.53;2420494
20170424;908.68;909.99;903.82;907.41;3122893
20170425;907.04;909.48;903;907.62;3380639
20170426;910.3;915.75;907.56;909.29;2608948
20170427;914.39;921.86;912.11;918.38;5305543
20170428;948.83;949.59;924.33;924.99;7364681
20170501;927.8;954.4;927.8;948.23;5466544
20170502;946.65;950.1;941.41;946.94;3848835
20170503;946;946;935.9;941.03;3582686
20170504;944.75;945;934.22;937.53;2418381
20170505;940.52;940.79;930.3;934.15;2866397
20170508;940.95;949.05;939.21;949.04;3415731
20170509;952.8;957.89;950.2;952.82;3262113
20170510;953.5;953.75;945;948.95;2096512
20170511;945.11;950.29;940.78;947.62;2194070
20170512;954.5;962.79;951.53;961.35;3625857
20170515;958.73;963.15;956.06;957.97;4270625
20170516;961;970.06;960.91;966.07;3126051
20170517;954.7;960.4;944.12;944.76;5145578
20170518;944.8;962.75;944.76;958.49;3939347
20170519;962.84;968.92;959.72;959.84;3972089
20170522;964;971.38;962.9;970.67;2642217
20170523;975.02;975.2;966.85;971.54;2415594
20170524;976;981;970.23;980.35;2463052
20170525;984.85;999;982.11;993.38;4822032
20170526;995;998.65;989.25;995.78;3469154
20170530;996.51;1001.2;995.52;996.7;3263069
20170531;1000;1000.12;982.16;994.62;3913115
20170601;998.59;998.99;991.37;995.95;2454841
20170602;998.99;1008.48;995.67;1006.73;3752328
20170605;1007.23;1013.21;1003.51;1011.34;2719859
20170606;1012;1016.5;1001.25;1003;3346432
20170607;1005.95;1010.25;1002;1010.07;2823041
20170608;1012.06;1013.61;1006.11;1010.27;2767857
20170609;1012.5;1012.99;927;978.31;7647692
20170612;967;975.95;945;964.91;9447233
20170613;977.99;984.5;966.1;980.79;4580011
20170614;988.59;990.34;966.71;976.47;3974900
20170615;958.7;965.73;950.86;964.17;5373865
20170616;996;999.75;982;987.71;11472662
20170619;1017;1017;989.9;995.17;5043408
20170620;998;1004.88;992.02;992.59;4076828
20170621;998.7;1002.72;992.65;1002.23;2922473
20170622;1002.23;1006.96;997.2;1001.3;2253433
20170623;1002.54;1004.62;998.02;1003.74;2879145
20170626;1008.5;1009.8;992;993.98;3386157
20170627;990.69;998.8;976;976.78;3782389
20170628;978.55;990.68;969.21;990.33;3737567
20170629;979;987.56;965.25;975.93;4302968
20170630;980.12;983.47;967.61;968;3390345
20170703;972.79;974.49;951;953.66;2909108
20170705;961.53;975;955.25;971.4;3652955
20170706;964.66;974.4;959.02;965.14;3259613
20170707;969.55;980.11;969.14;978.76;2643387
20170710;985;999.44;983.5;996.47;3546268
20170711;993;995.99;983.72;994.13;2982726
20170712;1000.65;1008.55;998.1;1006.51;3608574
20170713;1004.62;1006.88;995.9;1000.63;2880769
20170714;1002.4;1004.45;996.89;1001.81;2102469
20170717;1004.69;1014.75;1003.81;1010.04;3712587
20170718;1006;1026.03;1004;1024.45;4007624
20170719;1025;1031.59;1022.5;1026.87;2963964
20170720;1031.59;1034.97;1022.52;1028.7;3097487
20170721;1021.28;1026.1;1011;1025.67;2734577
20170724;1028.34;1043.01;1027.43;1038.95;3288020
20170725;1038.05;1043.33;1032.48;1039.87;2447629
20170726;1043.2;1053.2;1043.2;1052.8;2921253
20170727;1069.55;1083.31;1040.18;1046;10991715
20170728;1012.14;1032.85;1001;1020.04;7709420
20170731;1019.05;1019.05;987.02;987.78;7352063
20170801;996.11;1006.4;991.58;996.19;4572576
20170802;1001.77;1003.21;981.73;995.89;4069993
20170803;999.47;999.5;984.59;986.92;3255764
20170804;989.68;991.67;982;987.58;2730308
20170807;990.65;995;987.14;992.27;2676607
20170808;994.35;996.28;985.79;989.84;2902815
20170809;982.6;988;975.27;982.01;3569731
20170810;976.3;979.86;954.68;956.92;5684068
20170811;960;970.39;951.38;967.99;3468017
20170814;978.41;985.5;976.19;983.3;3172892
20170815;988.9;991.74;982;982.74;2549295
20170816;981.65;986.46;973.22;978.18;3132066
20170817;977.84;977.84;960.32;960.57;3512397
20170818;961.4;965.43;954.65;958.47;3284821
20170821;957.57;961.2;945.46;953.29;3164483
20170822;955.52;967.93;955.5;966.9;2749970
20170823;959.38;962;954.2;958;2668264
20170824;957.42;959;941.14;952.45;5195726
20170825;956;957.62;944.1;945.26;3324791
20170828;946.54;953;942.25;946.02;2596737
20170829;940;956;936.33;954.06;2874299
20170830;958.44;969.41;956.91;967.59;2904604
20170831;974.7;981;972.76;980.6;3331488
20170901;984.2;984.5;976.88;978.25;2535917
20170905;975.4;976.77;960.37;965.27;2998649
20170906;968.32;971.84;960.6;967.8;2129861
20170907;974;980.59;972.55;979.47;2566794
20170908;979.1;979.88;963.47;965.9;2605322
20170911;974.46;981.94;974.22;977.96;2186666
20170912;983.27;984.67;975.52;982.58;2481066
20170913;983.97;1000;979.42;999.6;3374650
20170914;996.8;998.56;987.74;992.21;3913263
20170915;993.01;996.25;984.03;986.79;3760183
20170918;990.4;992.79;968.17;974.19;3411324
20170919;977.25;978.24;967.46;969.86;2671054
20170920;971.79;974.81;962.16;973.21;2888795
20170921;971.31;971.7;962.02;964.65;2337576
20170922;961.01;965.61;954.42;955.1;2641787
20170925;949.31;949.42;932.89;939.79;5123997
20170926;945.49;948.63;931.75;938.6;3564848
20170927;948;955.3;943.3;950.87;3148933
20170928;951.86;959.7;950.1;956.4;2522567
20170929;960.11;964.83;958.38;961.35;2543759
20171002;964;967.31;952.12;959.19;2442937
20171003;958;963.69;950.37;957.1;2666574
20171004;954.21;967.79;954.05;965.45;2527352
20171005;970;981.51;969.64;980.85;3229224
20171006;975.64;995.75;975.64;989.58;3782067
20171009;993.24;998.5;987.5;990.99;2938586
20171010;996.67;997.95;980.1;987.2;3084921
20171011;991.27;995.5;986.7;995;2337113
20171012;996.81;1008.44;992.4;1000.93;4067317
20171013;1007;1007.77;1001.03;1002.94;2431462
20171016;1008.44;1009.57;1001.04;1006.34;2008908
20171017;1005.59;1011.47;1004.38;1009.13;2319742
20171018;1009.27;1022.31;996.55;997;2499681
20171019;990;991.05;980.24;986.61;3108197
20171020;993.53;994.62;982;982.91;2365122
20171023;986.73;986.78;962.5;966.3;3494100
20171024;969;979.85;965;975.9;2723935
20171025;978;984.44;966.24;972.91;3033113
20171026;980.33;982.9;968.55;972.43;5618675
20171027;1058.14;1105.58;1050.55;1100.95;16565021
20171030;1095.01;1122.79;1093.56;1110.85;6613064
20171031;1109;1110.54;1101.12;1105.28;3476967
20171101;1105.4;1108.97;1096.74;1103.68;3755511
20171102;1097.81;1101.94;1086.87;1094.22;3684876
20171103;1091.15;1112.68;1088.52;1111.6;3751480
20171106;1109.15;1125.41;1108.77;1120.66;3381138
20171107;1124.74;1130.6;1117.5;1123.17;2688977
20171108;1122.82;1135.54;1119.11;1132.88;2581451
20171109;1125.96;1129.62;1115.77;1129.13;3732732
20171110;1126.1;1131.75;1124.06;1125.35;2179937
20171113;1123;1139.9;1122.34;1129.17;2918439
20171114;1130.11;1138;1123.89;1136.84;3138423
20171115;1127.01;1131.75;1121.63;1126.69;3928680
20171116;1130.16;1138.16;1130.05;1137.29;2213322
20171117;1138.28;1138.8;1125.81;1129.88;2413388
20171120;1129.77;1133.42;1122.55;1126.31;2163855
20171121;1132.86;1140;1128.2;1139.49;2479397
20171122;1141;1160.27;1141;1156.16;3555273
20171124;1160.7;1186.84;1160.7;1186;3528011
20171127;1202.66;1213.41;1191.15;1195.83;6744045
20171128;1204.88;1205.34;1188.52;1193.6;4559449
20171129;1194.8;1194.8;1145.19;1161.27;9257512
20171130;1167.1;1178.57;1160;1176.75;4509208
20171201;1172.05;1179.65;1152;1162.35;4107094
20171204;1173.85;1175.2;1128;1133.95;5931915
20171205;1128.26;1159.27;1124.74;1141.57;4079774
20171206;1137.99;1155.89;1136.08;1152.35;2853316
20171207;1156.59;1163.19;1151;1159.79;2511569
20171208;1170.4;1172.79;1157.1;1162;3050074
20171211;1164.6;1169.9;1157;1168.92;2363473
20171212;1166.51;1173.6;1161.61;1165.08;2235892
20171213;1170;1170.87;1160.27;1164.13;2616760
20171214;1163.71;1177.93;1162.45;1174.26;3214337
20171215;1179.03;1182.75;1169.33;1179.14;4778621
20171218;1187.37;1194.78;1180.91;1190.58;2947625
20171219;1189.15;1192.97;1179.14;1187.38;2587792
20171220;1190.5;1191;1176;1177.62;2371166
20171221;1175.9;1179.17;1167.64;1174.76;2123117
20171222;1172.08;1174.62;1167.83;1168.36;1585054
20171226;1168.36;1178.32;1160.55;1176.76;2005187
20171227;1179.91;1187.29;1175.61;1182.26;1867208
20171228;1189;1190.1;1184.38;1186.1;1841676
20171229;1182.35;1184;1167.5;1169.47;2688391
20180102;1172;1190;1170.51;1189.01;2694494
20180103;1188.3;1205.49;1188.3;1204.2;3108793
20180104;1205;1215.87;1204.66;1209.59;3022089
20180105;1217.51;1229.14;1210;1229.14;3544743
20180108;1236;1253.08;1232.03;1246.87;4279475
20180109;1256.9;1259.33;1241.76;1252.7;3661316
20180110;1245.15;1254.33;1237.23;1254.33;2686017
20180111;1259.74;1276.77;1256.46;1276.68;3125048
20180112;1273.39;1305.76;1273.39;1305.2;5443730
20180116;1323;1339.94;1292.3;1304.86;7220701
20180117;1312.24;1314;1280.88;1295;5253754
20180118;1293.95;1304.6;1284.02;1293.32;4026915
20180119;1312;1313;1292.99;1294.58;4578536
20180122;1297.17;1327.45;1296.66;1327.31;4140061
20180123;1338.09;1364.9;1337.34;1362.54;5169306
20180124;1374.82;1388.16;1338;1357.51;6807457
20180125;1368;1378.34;1357.62;1377.95;4753012
20180126;1392.01;1402.53;1380.91;1402.05;4857310
20180129;1409.18;1431.39;1400.44;1417.68;5701898
20180130;1403.17;1439.25;1392;1437.82;5871942
20180131;1451.3;1472.58;1450.04;1450.89;6424693
20180201;1445;1459.88;1385.14;1390;9113808
20180202;1477.39;1498;1414;1429.95;11125722
20180205;1402.62;1458.98;1320.72;1390;11494985
20180206;1361.46;1443.99;1351.79;1442.84;11066819
20180207;1449;1460.99;1415.15;1416.78;7162741
20180208;1429.68;1433.75;1349.94;1350.5;8578557
20180209;1373.49;1383.5;1265.93;1339.6;14141524
20180212;1364.67;1393.81;1344.01;1386.23;6738944
20180213;1385.93;1419.72;1383.53;1414.51;5917879
20180214;1406.25;1452.06;1403.36;1451.05;5959209
20180215;1466.89;1468.94;1436.84;1461.76;5652736
20180216;1457.37;1465.8;1446.56;1448.69;4472564
20180220;1446.49;1488.77;1446.49;1468.35;6499228
20180221;1485;1503.49;1478.92;1482.92;6304351
20180222;1495.36;1502.54;1475.76;1485.34;4858063
20180223;1495.34;1500;1486.5;1500;4418103
20180226;1509.2;1522.84;1507;1521.95;4954988
20180227;1524.5;1526.78;1507.21;1511.98;4808776
20180228;1519.51;1528.7;1512;1512.45;4515023
20180301;1513.6;1518.49;1465;1493.45;6835230
20180302;1469.1;1501.05;1455.01;1500.25;6587564
20180305;1494.24;1525.38;1481;1523.61;5233934
20180306;1533.2;1542.13;1528;1537.64;4561718
20180307;1526.52;1545.9;1522.51;1545;4174123
20180308;1550;1554.88;1545.25;1551.86;3862615
20180309;1563.5;1578.94;1559.08;1578.89;4534250
20180312;1592.6;1605.33;1586.7;1598.39;5174211
20180313;1615.96;1617.54;1578.01;1588.18;6531892
20180314;1597;1606.44;1590.89;1591;4259443
20180315;1595;1596.91;1578.11;1582.32;4069701
20180316;1583.45;1589.44;1567.5;1571.68;5425012
20180319;1554.53;1561.66;1525.35;1544.93;6580766
20180320;1550.34;1587;1545.41;1586.51;4581568
20180321;1586.45;1590;1563.17;1581.86;4750771
20180322;1565.47;1573.85;1542.4;1544.92;6320551
20180323;1539.01;1549.02;1495.36;1495.56;8006033
20180326;1530;1556.99;1499.25;1555.86;5624700
20180327;1572.4;1575.97;1482.32;1497.05;6999631
20180328;1447;1455.9;1386.17;1431.42;13705317
20180329;1406;1455.47;1365.2;1447.34;12581121
20180402;1417.62;1421.36;1355;1371.99;10463607
20180403;1391.38;1414;1355.33;1392.05;10231212
20180404;1358.24;1415.39;1352.88;1410.57;6982305
20180405;1441.99;1459.56;1427.07;1451.75;6413459
20180406;1429.97;1452.5;1400.26;1405.23;5882257
20180409;1425.03;1438.48;1402.57;1406.08;4208206
20180410;1431.99;1438.38;1415.7;1436.22;4280144
20180411;1439.44;1448.78;1424.89;1427.05;3582533
20180412;1439.5;1452.12;1435.06;1448.5;3135027
20180413;1449.14;1459.78;1424.52;1430.79;3685267
20180416;1445;1447;1427.48;1441.5;2808624
20180417;1462.3;1507.19;1457.02;1503.83;5114403
20180418;1514.65;1533.8;1504.11;1527.84;5227509
20180419;1543.22;1568.52;1539.06;1556.91;6523728
20180420;1561.2;1561.2;1516.09;1527.49;5541622
20180423;1546.69;1548;1503.41;1517.86;4465424
20180424;1535.8;1539.5;1448.45;1460.09;7494699
20180425;1458;1469.99;1415.02;1460.17;6587290
20180426;1485.01;1529.42;1478.5;1517.96;8801101
20180427;1634.01;1638.1;1567.39;1572.62;13053241
20180430;1582.5;1596;1560.94;1566.13;5464085
20180501;1563.22;1585;1552.18;1582.26;4572071
20180502;1580.98;1588.5;1566.36;1569.68;4360273
20180503;1560.01;1574.8;1546.02;1572.08;4251917
20180504;1562.45;1584.9;1562.19;1580.95;3443567
20180507;1589.34;1606.95;1587.83;1600.14;3801855
20180508;1595;1596.88;1582.51;1592.39;3067949
20180509;1600;1608;1592;1608;3637302
20180510;1608.48;1615.6;1603.44;1609.08;2817450
20180511;1610.99;1611.1;1597.89;1602.91;2263900
20180514;1604;1611.18;1600.05;1601.54;2509483
20180515;1587.8;1587.8;1565.22;1576.12;5077465
20180516;1577.5;1594.43;1576.67;1587.28;2570572
20180517;1580.56;1594.04;1573;1581.76;2147606
20180518;1581.33;1583.59;1572.1;1574.37;2642584
20180521;1585;1592.05;1575;1585.46;2925235
20180522;1589.89;1589.89;1575.25;1581.4;2115639
20180523;1571.05;1601.86;1566.34;1601.86;3361892
20180524;1598.03;1608.24;1588.38;1603.07;3429975
20180525;1603;1614.12;1600.45;1610.15;2698400
