20100104;158.99;159.39;157.71;158.03;408225
20100105;158.65;158.65;152.32;156.71;1224696
20100106;156.45;158.79;154.29;155.24;1074212
20100107;155.92;157.91;155.14;157.3;424458
20100108;156.73;156.99;155.14;155.28;461871
20100111;155.01;155.65;153.89;155.48;440382
20100112;155.26;156.19;153.55;155.14;453483
20100113;154.83;155.51;153.97;154.75;362060
20100114;154.5;154.72;152.75;154.38;375131
20100115;154.14;155.53;153.64;155.08;697299
20100119;154.81;157.43;154.35;157.28;591635
20100120;156.38;157.89;155.34;156.37;682113
20100121;156.98;159.01;156.98;157.33;560060
20100122;156.94;158.72;155.51;155.87;661015
20100125;156.75;157.61;156.07;156.44;509679
20100126;155.74;158.56;155.47;158.34;542019
20100127;158.34;159.59;155.57;156.38;661692
20100128;156.69;157.29;154.44;155.42;399109
20100129;155.31;156.66;154.97;155.03;422285
20100201;155.45;157.04;155.41;156.5;284216
20100202;156.34;158.05;155.84;157.58;364674
20100203;157.18;157.58;156.19;157.09;322172
20100204;156.57;157.37;154.34;154.4;689214
20100205;154.38;156.02;153.44;155.38;820769
20100208;157.56;159.45;156.94;156.94;666127
20100209;158.09;159.63;155.87;159.05;486249
20100210;158.58;159.45;157.89;158.5;328907
20100211;158.5;159.17;157.2;158.65;528048
20100212;158.2;161.13;157.72;160.85;481188
20100216;161.32;164.92;161.02;164.87;737475
20100217;164.5;165.73;163.45;165.62;328450
20100218;162.69;163.42;160.2;163.19;892172
20100219;163;164.52;162.54;163.67;490041
20100222;164.3;164.43;162.98;163.07;275684
20100223;162.6;165.85;162.6;164.24;444076
20100224;163.77;165.5;163.28;164.96;494010
20100225;162.87;166.31;162.76;166.08;686613
20100226;166.5;167.09;164.51;165.93;583922
20100301;165.43;166.66;164.3;166;704292
20100302;168.34;170.33;164.53;164.74;1696877
20100303;163.88;166.27;162.57;164.57;943016
20100304;164.78;168.4;164.75;167.62;742051
20100305;168.5;169.75;167.86;168.79;536096
20100308;168.76;168.97;167.77;168.15;495343
20100309;167.1;169.69;167.02;167.86;563286
20100310;167.36;169.06;167.36;168.09;633665
20100311;167.3;168.77;166.72;168.66;333545
20100312;168.73;169.33;168.09;168.89;256583
20100315;168.89;169.17;167.79;169;305289
20100316;167.79;169.33;167.46;169.17;516071
20100317;168.48;173.03;168.48;172;672141
20100318;172.49;174.15;171.29;172.21;309234
20100319;170.35;173.19;170.15;172.28;551080
20100322;172.65;174.82;171.62;174.19;518405
20100323;173.81;175.39;173.64;175.05;345944
20100324;174.33;174.33;172.75;173.57;437097
20100325;174.85;175.23;173.82;173.93;367946
20100326;173.93;175.35;173.31;174.22;307931
20100329;174.31;174.73;172.87;173.23;293746
20100330;172.84;174.89;172.73;173.58;343604
20100331;173.11;173.84;172.43;173.09;297416
20100401;173.82;175.33;173.82;174.88;288062
20100405;174.59;174.99;172.9;173.53;403131
20100406;173.51;174.14;172.59;173.97;281455
20100407;173.7;176.63;172.62;176;389107
20100408;175.44;176.09;174.17;175.05;347214
20100409;175.33;175.6;174.2;175.29;232516
20100412;175.36;176.1;174.83;175.42;219726
20100413;175.24;176.06;174.68;175.44;225312
20100414;176.44;180.2;175.62;179.8;394937
20100415;179.64;181.25;179.02;181.05;348950
20100416;181.01;181.5;179.54;180.11;506629
20100419;180.15;180.73;177.67;180;330868
20100420;180.17;180.99;179.2;179.76;236263
20100421;179.99;181.32;179.08;181;249181
20100422;180.05;183.27;180.05;182.24;453946
20100423;182.05;184.07;181.67;184.05;229377
20100426;184.98;185.47;183.54;185.13;228634
20100427;185.19;185.99;181.82;182.03;326698
20100428;182.17;183.65;179.1;180.26;353087
20100429;181.1;187.17;181.1;185.64;398663
20100430;186.49;187.94;183.61;185.01;443015
20100503;184.47;186.33;183.86;186.33;373032
20100504;185.1;185.1;181.58;183.83;307631
20100505;183;185.15;182.7;183.03;467979
20100506;182.69;183.1;171.65;178.13;675426
20100507;178.81;180.01;172.19;176.08;569300
20100510;179.71;183.29;179.14;183.15;554374
20100511;182.23;184.45;182.11;183.86;518170
20100512;184.45;185.4;182.45;185.22;320854
20100513;185.39;185.39;180.6;180.95;316083
20100514;180.9;182.23;178.9;180.31;535744
20100517;180.9;184.1;178.49;183.72;605654
20100518;183.77;185.46;180.5;180.8;369693
20100519;180;184.19;179.5;182.04;444344
20100520;182.43;184;179.57;179.66;925692
20100521;177.66;183.97;177.66;183.47;650982
20100524;181.77;186.24;180.02;184.25;517228
20100525;188.41;195.59;185.19;194.57;2169593
20100526;194.23;195.75;189.7;190.18;898979
20100527;192;192.43;191.3;192;977981
20100528;190.9;193.33;190.88;190.88;998027
20100601;191.32;194.13;189.24;191.46;815773
20100602;192.75;192.75;189.88;192.65;1057410
20100603;192.14;192.99;191.34;192.93;672362
20100604;191.43;192.22;188.19;188.89;698894
20100607;190.1;190.96;185.85;186.09;629837
20100608;186;188.95;185.51;188.89;707320
20100609;189.85;191.66;187.95;188.59;627547
20100610;185.91;188.81;183.7;187.72;1364823
20100611;187.62;189.81;185.21;189.3;866202
20100614;190.42;192.54;190.09;190.66;467679
20100615;191.5;194.27;190.22;194.23;681108
20100616;193.92;196.49;193.91;195.41;596694
20100617;194.91;196.06;193.19;195.13;459134
20100618;195.64;196.75;194.74;195.31;590493
20100621;196.75;196.95;194.33;194.85;559165
20100622;194.7;196.65;192.63;192.85;534394
20100623;192.6;196.7;192.13;196.23;653918
20100624;195.53;196.81;192.91;195.64;656093
20100625;196.5;197.63;194.97;196.13;644996
20100628;196.13;198.22;195.08;196.21;417847
20100629;194.87;197.46;192.17;195.53;728859
20100630;195.28;197.13;192.7;193.22;560268
20100701;193;195.2;189.38;194.72;743325
20100702;195.5;196.36;194;195.01;447683
20100706;196.32;197.37;192.65;194.66;611182
20100707;194.16;197.33;194.1;197.11;690863
20100708;197.75;200.59;197.08;198.1;763091
20100709;198.4;200.74;197.6;200.12;556998
20100712;200.38;203.5;199.76;202.69;637661
20100713;203.98;206.42;203.05;205.43;609252
20100714;205.31;206.15;203.8;204.96;594681
20100715;204.7;205.45;203.6;204.91;932557
20100716;204.55;204.96;201.51;202.25;636876
20100719;202.92;204.81;201.9;203.85;394967
20100720;201.97;208.2;201.97;207.5;619016
20100721;207.92;207.92;205.81;206.29;531267
20100722;207.25;208;205.77;206.94;985646
20100723;206.5;207.48;206.11;207;1125800
20100726;207.9;212.27;207.79;212.06;692781
20100727;213;213;209.62;209.96;633499
20100728;210.47;211.47;209.59;210.37;864140
20100729;211.4;211.73;207.1;208.77;801972
20100730;207.9;212.38;207.68;211.57;525414
20100802;213.51;213.65;211.1;211.85;605532
20100803;209.47;209.47;205.39;206.83;770203
20100804;207;208.04;204.91;205.76;676992
20100805;204.71;206.43;204;205.85;498821
20100806;205.25;207.6;204.25;207.39;460677
20100809;208.1;208.79;207;207.27;672109
20100810;206.82;207.75;205.89;206.83;685928
20100811;205.28;206.32;204.01;204.56;390627
20100812;203.05;207.29;203.05;206.5;539150
20100813;206.22;209.3;206.22;207.86;624082
20100816;206.87;207.16;205.95;207;467154
20100817;207.85;210.99;207.72;210.07;395487
20100818;209.8;213.79;209.59;212.4;377710
20100819;212.44;213.04;210.11;211;369522
20100820;209.52;213.6;209.52;213.07;369668
20100823;213.36;215.21;212.89;213.61;343141
20100824;213.13;213.4;209.3;209.88;534127
20100825;209.02;211.41;208.01;210.5;440913
20100826;211.48;214.11;211.08;211.46;402139
20100827;211.66;215.15;211.66;214.65;375821
20100830;213.45;213.61;210.9;211.03;386851
20100831;210.59;213.21;209.53;209.78;479178
20100901;212;214.93;210.25;214.09;501765
20100902;214.25;217.15;213.64;216.94;457535
20100903;218;219.23;216.51;218.45;264760
20100907;217.94;219.5;217.65;218.55;323460
20100908;218.54;221.54;218.21;220.24;414419
20100909;221.18;221.57;215.88;217.26;440145
20100910;217.4;218.97;217.27;217.9;275197
20100913;214.99;217.28;213.52;216.75;494398
20100914;216.86;219.41;215.71;218.27;348913
20100915;217.99;219.31;217.38;219.3;269695
20100916;218.82;219.39;217.89;218.89;387902
20100917;219.95;220.92;218.28;220.88;683126
20100920;222;222.87;219.51;220.14;784539
20100921;221.9;221.9;214;217.02;1168447
20100922;216.43;223.25;216.43;222.1;820367
20100923;221.08;225;220.98;222.64;488368
20100924;224.19;226.06;224;225.73;458679
20100927;225.59;226.75;224;225.74;422831
20100928;226.31;228.75;224.74;228.2;525791
20100929;228.15;231.23;228.01;230.56;734537
20100930;231.5;231.73;226.8;228.91;679901
20101001;229.95;230;227.81;228.83;614426
20101004;229.75;232.13;228.76;230.63;615526
20101005;232.24;233.99;231.51;233.33;755152
20101006;233.1;233.99;232.1;233;480756
20101007;233.98;233.99;232.34;233;481144
20101008;233.5;233.78;231.92;232.81;626822
20101011;234;234.5;232.07;232.83;455523
20101012;233.05;233.91;231.53;232.95;503813
20101013;233.7;233.7;231.38;232.55;733680
20101014;232.7;233.37;231.14;233;623804
20101015;233.5;233.75;232.04;232.96;621159
20101018;232.71;233.1;231.06;232.8;447890
20101019;231.4;233;227.7;229.47;719468
20101020;229.92;233;229.84;231.9;444859
20101021;232.58;234.47;229.99;231.37;427820
20101022;231.65;234.98;230.72;234.72;330347
20101025;234.9;236.75;234.76;235.12;378260
20101026;234.47;237;234.47;236.5;440660
20101027;234.76;236.06;232.94;235.85;339120
20101028;236.93;237.93;234.8;236.8;425232
20101029;235.88;237.69;235.35;237.63;233966
20101101;237.69;238;234.34;235.64;326742
20101102;237;238.86;236.25;237.99;271880
20101103;237.84;238.7;236;238;533893
20101104;239.15;239.48;237.94;239.24;618625
20101105;239.17;240.5;239.17;239.87;440285
20101108;238.85;243.62;238.59;242.85;400364
20101109;243.05;243.66;242.05;243;328569
20101110;243.22;249.53;242.87;248.95;730957
20101111;248.96;252.48;248.55;252.09;617304
20101112;251.21;252.4;249.35;250.68;340654
20101115;251.55;253.47;250.88;251.39;390085
20101116;250.79;252.88;248.6;249;338759
20101117;249.14;250.7;248.17;249.23;329610
20101118;251.71;253.5;251.14;251.17;369676
20101119;250.95;251.85;250.34;251.2;375614
20101122;250.77;256;250.77;255.65;427591
20101123;254.31;255.13;250.92;254.91;248241
20101124;255.31;259.14;255.31;259.14;281884
20101126;258.06;259.75;257.19;259.48;162591
20101129;259.22;259.52;255.23;257.8;353404
20101130;256.87;260.25;256.72;259.41;429695
20101201;261.89;262;259.73;260.56;362315
20101202;260.96;263.49;259.91;263.2;271417
20101203;263.2;265.49;262.4;265.2;360779
20101206;265.99;266.25;261.77;261.91;751364
20101207;270.31;271.27;255.94;260.15;1554058
20101208;260.49;263.26;259.4;262.57;521579
20101209;262.61;264.61;260.72;263.9;300936
20101210;263.57;264.95;262.42;264.74;239581
20101213;264.91;266.29;264.48;264.5;336221
20101214;264.89;264.89;261.78;262.66;283573
20101215;262.04;264.82;262.04;262.55;260751
20101216;264.01;269.72;262.94;269.11;452347
20101217;269.11;271;269.11;269.99;537564
20101220;271.68;272.87;269.2;272.77;365783
20101221;273.04;273.4;271.42;272.19;355515
20101222;273;273;271.09;272.06;194646
20101223;272.1;272.69;270.98;271.9;144279
20101227;271.55;271.62;270;270.92;105968
20101228;270.98;272.56;270.52;272.47;285100
20101229;272.49;274.5;272.01;273.64;246091
20101230;273.75;276;273.62;275.5;153689
20101231;274.96;275.04;272.25;272.59;159416
20110103;273.49;273.99;266.61;268.4;618063
20110104;269.15;269.15;257.07;258.36;1115843
20110105;256.91;258.89;254.84;255.2;825440
20110106;254.04;254.94;246.62;249.55;1104652
20110107;250.76;253.17;249.41;250.67;818084
20110110;249.78;254.18;249.75;252.74;618142
20110111;253.49;254.72;250.01;251.52;417296
20110112;252.05;252.76;249.62;251.16;633027
20110113;251.27;252.83;250.14;251.93;477464
20110114;251.26;253.22;249.77;252.62;426661
20110118;251.84;253.33;250.22;250.59;478747
20110119;250.85;252;249.07;249.99;666304
20110120;249.52;252.81;249;252.56;648363
20110121;253.97;254.96;251.77;252.13;770347
20110124;252.5;253.01;249.92;251.49;469241
20110125;249.5;251.59;247.35;248.7;487678
20110126;249.2;251.83;246.26;250.07;523300
20110127;250.41;257.99;250.24;256.1;580566
20110128;256.8;257.4;250.62;251.06;390038
20110131;251.39;255.38;251.07;253.53;360742
20110201;254.57;255.21;251.8;255;340336
20110202;254.79;254.95;251.06;251.76;276936
20110203;251.36;255.7;251.36;255.01;421108
20110204;254.71;260.18;254.33;258.7;329973
20110207;259;261.59;257.35;258.03;271589
20110208;258.03;259.99;257.78;259.83;218937
20110209;259.5;263.62;259.1;261.76;285325
20110210;260.83;261.5;256.15;259.64;361067
20110211;259.14;261.72;258.64;260.88;200909
20110214;261.16;261.76;259.7;260.82;227352
20110215;260.52;260.98;259.33;260.81;287092
20110216;262;265.54;261.58;262.78;213831
20110217;262.22;262.22;254.71;255.57;418395
20110218;256.48;259.04;253.71;255.64;338484
20110222;253.13;254.58;249.1;252.59;383522
20110223;252.53;254.58;247.36;250.64;398588
20110224;252.09;254.2;249.05;253.25;289555
20110225;254.91;255.75;252.54;255.39;277635
20110228;255.51;260;255.45;257.95;526276
20110301;265.54;267.98;260.21;263.52;1016898
20110302;263.74;264.54;260.68;262.84;564686
20110303;264.46;266.95;263.01;266.53;483715
20110304;266.53;268.75;263.29;265.42;261937
20110307;265.75;267.46;262.95;263.25;357685
20110308;263.66;269.8;262.98;267.96;403716
20110309;268.02;269.63;266.85;268.21;272957
20110310;266.76;268.8;265;266.71;291081
20110311;266.6;267.37;263.12;265.93;270492
20110314;263.89;265.31;261.89;264.81;236636
20110315;259.5;264.47;256.86;263.14;345578
20110316;261.24;265.71;260.62;261.31;396293
20110317;264.17;264.92;261.57;261.95;225410
20110318;263.63;264.71;260.07;262.98;500360
20110321;264.33;266.18;262.38;264.09;423365
20110322;264.45;265.79;261.75;264.72;376583
20110323;264.85;271;262.8;270.06;458248
20110324;271;273.26;269.44;272.11;399121
20110325;272.75;277.5;270.71;275.49;435265
20110328;276.16;276.16;270.82;270.93;307815
20110329;271.12;273.47;268.8;273.44;314325
20110330;274.25;276.04;273;273.94;272221
20110331;273.19;273.87;270.8;273.56;360165
20110401;274.22;276.05;273.27;274.67;261659
20110404;275;275.76;272.54;274.28;213156
20110405;273.64;279.94;273.09;276.64;327780
20110406;276.85;279.35;276.51;276.59;219790
20110407;276.56;277.83;272.98;275.84;257205
20110408;277.6;277.6;274.51;276.26;238887
20110411;272.61;273.99;269.68;272.93;384553
20110412;272.15;279;270;277.77;662350
20110413;276.22;279.99;276.22;279.76;420030
20110414;278.75;280.74;277.27;278.85;455333
20110415;279.76;281.96;278.72;280.08;370334
20110418;280.28;280.28;274.77;279.32;244422
20110419;279.08;279.09;276.07;278.28;250481
20110420;280.58;284.6;280.45;283.96;377053
20110421;284;284.97;282.69;284.85;310896
20110425;284.71;284.94;281.16;282.5;145766
20110426;283.06;283.83;281.72;282.07;306269
20110427;283.73;283.93;281;281.5;620077
20110428;280.02;284.42;279.68;282.48;298630
20110429;282.27;283.26;281.09;282.38;251286
20110502;283.2;284.57;280.5;281.18;206895
20110503;284.8;285;282.39;283.44;414402
20110504;283.7;284.49;282.18;283.35;280209
20110505;282;287;281.04;285.28;294407
20110506;286.82;286.99;281.13;281.56;269732
20110509;281.17;285.83;281.17;284.64;253783
20110510;285.04;287;285.04;286.41;248703
20110511;288.42;288.42;279.35;286.38;454084
20110512;286.18;288.5;284.02;287.89;360396
20110513;287.89;288.5;284.26;286.3;239649
20110516;286.24;287.52;283.35;283.65;238424
20110517;282.88;283.09;279.26;281.48;239362
20110518;281.97;283.67;280.42;282.5;260141
20110519;277.01;279;274.33;277.15;771357
20110520;276.69;278.21;274.56;276.6;462117
20110523;276.29;277.61;273.18;276.78;473351
20110524;288.07;295.17;286.8;293.3;1153910
20110525;294.44;298;293;297.98;607334
20110526;297.98;298.47;296;296.61;540082
20110527;295.27;297.81;294.84;296.71;293976
20110531;298.86;299.6;293.12;294;486474
20110601;294;295.18;293.03;293.11;378787
20110602;294.12;294.12;289;289.65;287679
20110603;287.3;290.5;284.83;285.48;325869
20110606;286.63;287.22;283.94;285.64;316723
20110607;285;289.39;284.12;284.5;338696
20110608;284.81;289.49;283.25;288.53;485260
20110609;288.37;292.54;286.99;291.94;305007
20110610;290.7;292.23;288.71;290.2;395678
20110613;291.3;291.3;288.24;288.88;313409
20110614;290.23;290.59;289.16;289.87;345206
20110615;289.07;290.52;288.45;289.55;366543
20110616;288.82;290.15;285.21;289.78;447005
20110617;291;293.05;290.36;291.71;805174
20110620;291.31;293.15;290.03;292.24;495964
20110621;292.4;292.91;291.43;292.43;444583
20110622;292.17;294.08;292.17;292.87;387213
20110623;290.72;294.27;290.72;292.61;476597
20110624;292.55;293.7;290.33;291.6;336844
20110627;290.99;293.97;290;292.84;267213
20110628;293.5;293.52;292.58;292.9;436995
20110629;293.42;293.54;290.62;291.32;342684
20110630;292.55;296.2;291.87;294.85;381011
20110701;295.38;298.19;294.86;297.62;255746
20110705;296.14;298.53;294.51;297.14;289238
20110706;295.29;298.8;294.76;297.75;333242
20110707;299;299.45;298;298.38;330724
20110708;295.81;298.56;295.15;298.28;305673
20110711;295.94;297.64;293.84;295.5;277472
20110712;293.21;299.6;293.1;297.59;392332
20110713;298.48;300.4;296.02;296.94;312832
20110714;298.37;302;295.26;297.88;416405
20110715;298.66;298.66;294.08;297.28;292053
20110718;297.08;297.08;294.47;295.36;177025
20110719;296.71;299.21;296.16;298.33;268293
20110720;298.33;298.62;294.78;295.59;180760
20110721;296.36;297.22;294.77;295.52;293562
20110722;296.44;296.61;295.12;295.85;172464
20110725;294.27;296.37;293.22;294.94;228336
20110726;294.82;296.3;293.6;295.16;150622
20110727;293.25;293.33;287;289.15;399254
20110728;287.96;288.55;284.5;285.84;255815
20110729;284.46;288.09;282.5;285.45;287471
20110801;287;287.36;280.12;282.25;349069
20110802;280.85;284.33;276.15;276.71;337544
20110803;276.29;281.86;274.4;281.5;368493
20110804;279.59;281.46;273.09;273.29;390613
20110805;275.26;280.67;270.24;278.74;663103
20110808;275.1;278.62;266.25;268.51;663029
20110809;269.54;280.44;269.17;280.1;686563
20110810;277.86;281.9;274.4;274.82;716819
20110811;278;284.04;278;281.89;737386
20110812;286.35;288.94;283.05;287.61;625343
20110815;289.21;289.21;282.75;287.4;294004
20110816;285.55;289.66;284.11;288.27;252629
20110817;289.66;290.48;284.98;288.48;205067
20110818;284.34;289.19;279.93;289.16;621175
20110819;285.95;294;285.95;291.42;572411
20110822;297.69;297.69;290.59;295.7;550811
20110823;296.99;300;294.18;299.31;398960
20110824;297.54;304.34;297.5;304.1;533625
20110825;302.95;306;297.43;298.43;300213
20110826;297.96;302.76;295.31;301.3;245681
20110829;304.53;307.69;303;307.14;294094
20110830;307.63;310;305.23;308.53;431782
20110831;310.24;310.87;304.84;307;321594
20110901;304.31;312.75;304.31;312.05;427079
20110902;308.45;312.17;307.87;310.85;373736
20110906;306;314;304.95;313.83;485593
20110907;314.5;317.87;314.25;316.67;342910
20110908;315.96;318.3;315;316.1;356988
20110909;315.15;318.79;312.12;314.49;333303
20110912;312.97;316.44;311.14;316.18;414403
20110913;316.49;320.49;312.38;319.48;475391
20110914;320.5;326.47;317.66;324.38;449745
20110915;325.78;327;324;325.77;337691
20110916;327.7;332.93;326.69;331.25;1198378
20110919;329.31;333.99;329;331.95;733368
20110920;329.68;332.95;325.91;327.75;858154
20110921;327.29;329;322.59;322.79;449147
20110922;317.87;320.37;311.72;316.13;713177
20110923;316.55;322.62;316;321.7;399729
20110926;323.18;327.17;321.47;327.12;355943
20110927;330.1;330.1;324.37;326;650147
20110928;325.99;326.31;321.28;321.94;335653
20110929;337.23;337.23;313.18;317.58;529489
20110930;314.57;325.53;313.71;319.19;535649
20111003;318.42;322.02;311.87;311.88;428695
20111004;308.21;320;307.16;320;406039
20111005;320;320.37;311.95;317.42;382500
20111006;317.06;323.19;316.11;322.37;362090
20111007;323.33;328.68;320.42;324.02;339826
20111010;326.87;331.83;325.41;331.7;330285
20111011;331.18;332.68;325.98;327.61;296865
20111012;328.09;329.95;323.74;327.66;427499
20111013;327.14;328.76;325;326.56;359877
20111014;329;330;326.76;328.12;336306
20111017;325.75;331.43;325.74;327;334323
20111018;326.3;327.31;324.53;326.03;489814
20111019;326.03;327.41;323.73;324.99;509488
20111020;327.03;328.61;325.18;326.95;346600
20111021;331.32;331.64;327.11;327.5;384509
20111024;328;330.89;327.39;330.19;452861
20111025;330.09;332.92;327.4;327.93;333646
20111026;333.78;333.78;325.84;327.79;304163
20111027;333.09;333.75;329.51;330.73;458263
20111028;330.61;331.64;326.03;327.82;245793
20111031;326.01;328.51;323.59;323.59;399801
20111101;318.58;329.35;317.31;325.67;491183
20111102;327.51;327.62;323.77;324.44;389009
20111103;325.61;326.32;321.58;324.66;355595
20111104;324.67;326.24;322.31;325;300600
20111107;323.97;327.6;323.84;327.11;139745
20111108;326.37;334;326.37;333.79;300872
20111109;330;332.88;325.01;325.64;277386
20111110;327.61;331.21;327;330.71;233418
20111111;332.1;337.96;330.48;337.66;230151
20111114;337.85;341.89;335.63;336.23;202304
20111115;336.48;338.26;334.79;337.15;165628
20111116;336.04;337.4;331.24;332.04;134761
20111117;331.59;332.63;327.21;328.32;154896
20111118;329.65;331.14;327.64;329.4;137799
20111121;327.48;328.72;323.47;325.33;209402
20111122;324.41;325.05;320.29;320.82;264504
20111123;319.32;320.72;316.6;318.06;183853
20111125;316.59;322.96;315.26;322.96;151516
20111128;326.23;329.28;318.33;319.51;271975
20111129;319.14;324.46;318.75;323.43;175503
20111130;325.74;330.7;325.74;328.38;282892
20111201;329.01;336.33;329.01;335.3;248978
20111202;337;339;330.22;330.22;207624
20111205;334.54;339.44;332.01;338.97;296522
20111206;341.06;343.9;332.87;337.81;498424
20111207;337.75;338.27;333.37;333.86;391514
20111208;333.58;334.2;329.1;329.67;263307
20111209;329.7;332.3;329.22;329.82;608122
20111212;324.98;332.39;324.97;330.89;344631
20111213;332.46;334.63;324.33;326.1;243177
20111214;325.61;326;322.42;324.32;208804
20111215;325.32;330.04;323.7;327.32;293817
20111216;328.96;330.46;325.94;326;392020
20111219;325.68;327.01;323.92;324.96;253728
20111220;325.16;327.09;324.22;325.29;673355
20111221;324.94;331.69;324.94;330;369470
20111222;330.75;331.06;327.85;329;272816
20111223;330.07;331.17;327.99;330.3;211679
20111227;330.6;331.48;329.42;330.25;374547
20111228;329.69;332;327.39;328.22;191203
20111229;328.59;329.31;325.4;326.25;160949
20111230;324.88;329.4;324.24;324.97;225854
20120103;327.72;328.49;318.12;319.79;539648
20120104;318.23;327.91;313.11;326.96;916189
20120105;323.98;334.1;321.19;333.85;666460
20120106;333.85;339.23;331.93;338.04;571779
20120109;337.98;340.51;336.45;339.5;470154
20120110;340.8;341.27;337.75;340.14;528378
20120111;340.72;342.59;339.03;341.87;496437
20120112;341.59;343.49;339.39;342.98;337381
20120113;342.34;344.44;340.13;344.44;276177
20120117;345;346;344;345;506092
20120118;343.97;346.97;342.58;346.28;523370
20120119;347.48;347.48;344.63;346.5;671595
20120120;344.96;350.55;344.6;347;800851
20120123;347.47;347.8;345.43;347.01;366349
20120124;346.54;347.6;345.19;346.75;236594
20120125;346.5;348.59;345;348.58;262850
20120126;348.62;348.9;347.24;347.91;323063
20120127;347.7;349;345.03;347.58;301990
20120130;346.54;349.6;346.2;347.67;217580
20120131;349.6;351.22;346.44;347.88;234865
20120201;348.81;353.48;348.2;352.99;258141
20120202;352.6;353.25;349.14;349.17;159946
20120203;348.18;356.8;348.18;353.18;160458
20120206;352.01;352.01;350.07;350.76;161956
20120207;350.59;351.75;347.96;350.48;176480
20120208;350.62;351.93;347.2;349.15;220462
20120209;347.27;354.25;347.27;354.04;305522
20120210;353.2;354.17;352.06;354.1;355637
20120213;354.5;360.41;354.1;358.46;425129
20120214;356.22;360.11;356.22;360.11;225073
20120215;361.4;361.4;355.02;356.12;244545
20120216;357.01;359.12;353.8;357.96;451522
20120217;359.89;361.98;356.53;360.21;242883
20120221;360.2;361.32;358.23;359.66;266623
20120222;359.99;360.4;358.34;358.95;126867
20120223;359.23;360.4;358;358.5;219760
20120224;360;360;358.8;359.8;326571
20120227;360.5;367.59;359.8;366.09;557983
20120228;374.52;377.78;371.28;376.41;931793
20120229;374.97;375.58;372.22;374.48;363367
20120301;375.12;378.96;373.75;378.44;485508
20120302;378;379.48;377.42;378.45;232665
20120305;379.1;385.61;377.01;385.22;531351
20120306;384.24;385.23;380.3;385.23;405302
20120307;385.83;385.99;380.46;383.74;357559
20120308;384.88;386;380.41;380.5;426643
20120309;381.83;383.89;381.27;382.23;416501
20120312;382;382.06;380.3;380.83;312502
20120313;381.72;382.08;377.62;379.63;541980
20120314;380.23;382.17;379.6;379.92;386605
20120315;378.94;380.52;377.16;379;279215
20120316;376.29;379.67;376.29;378.87;513005
20120319;378.84;380.51;376;377.36;300175
20120320;376.55;378.66;376.11;377.8;254722
20120321;377.82;378.94;375.42;375.42;327675
20120322;375.49;379.4;375.02;378.13;273634
20120323;377.77;379.32;375.74;378.66;191355
20120326;377.64;380.33;376.74;379;282755
20120327;378.67;381.18;378.67;379.58;428442
20120328;379.41;380.35;375.47;376.36;350865
20120329;375.21;376.84;373.55;374.34;239529
20120330;376.1;376.1;371.8;371.8;308303
20120402;377.23;379.17;371.65;378.72;506840
20120403;384.42;385.58;381.8;381.89;914655
20120404;381.81;384.68;376.88;382.4;419422
20120405;384.75;385.09;380.11;383.8;715112
20120409;379.5;384.3;378.66;383.5;515330
20120410;382.95;383.42;375.61;375.87;585235
20120411;379.75;380.35;376.48;377.05;439972
20120412;375.91;379.34;373.84;378.73;273556
20120413;378.74;382.96;375.01;380.97;382015
20120416;380.16;383.61;378.42;380.8;298057
20120417;382.53;383.24;378.01;379.17;342285
20120418;379.21;381.6;377.59;379.5;312292
20120419;379.42;382.41;378.67;380;535470
20120420;382.64;382.66;380.09;381.73;481341
20120423;379.95;382.64;378;382;322565
20120424;386.23;386.25;376.72;379.36;507974
20120425;380.12;384.39;380.02;382.83;287779
20120426;380.95;395.12;380.95;393.72;833541
20120427;395.2;399.1;394.47;397.13;436013
20120430;398.85;399.1;393.73;396.16;258248
20120501;393.37;399.03;392.21;395.41;232736
20120502;396.56;397.68;393.82;396.44;150988
20120503;397.72;398.2;392.71;393.7;179382
20120504;391.06;394.28;386.35;389.43;420037
20120507;388.08;391.46;385.6;386.91;293747
20120508;385.89;387.53;380.19;383.8;335248
20120509;383.38;387.09;380.3;382.88;255678
20120510;383.9;388.22;382.1;385.73;327141
20120511;383.35;389.64;383.35;387.5;285463
20120514;385.5;386.52;377.43;377.62;366750
20120515;377.3;383.85;376.38;382.48;255231
20120516;381.76;389.89;381.76;388.87;412162
20120517;375.97;377.97;362.66;365.58;1870951
20120518;369.91;377.69;366.66;372.45;998168
20120521;370;375.71;367.01;368.55;625709
20120522;357;374.83;356.54;361.14;1354824
20120523;357.6;374.25;355.06;372.84;906025
20120524;370.01;373.89;369;369.4;631854
20120525;372.89;375.58;368.56;374.37;789495
20120529;381.48;381.72;373.23;381.72;479644
20120530;381.85;381.85;374.78;379.25;544482
20120531;377.99;382.68;373.5;380.26;1006556
20120601;380.65;380.65;373.52;373.68;571642
20120604;372.83;377.56;369.56;377;394684
20120605;375.58;380.48;373.93;379.18;259372
20120606;381.43;388.46;380.01;387.96;416349
20120607;388.06;391.9;383.88;383.88;429706
20120608;385.53;386.64;381.63;385.76;283184
20120611;389.59;389.59;382.22;382.31;386322
20120612;382.31;386.86;382.31;386.65;266390
20120613;385.44;389.61;382.19;382.91;323239
20120614;384.87;387.59;383.16;385.75;389359
20120615;386.9;387.01;381.3;385.3;428065
20120618;384.86;388.27;383.27;386.73;350497
20120619;385.49;388.86;385.35;387.91;478495
20120620;388.11;388.11;382.75;387.65;420245
20120621;387.58;388;378.27;381.64;399832
20120622;380.58;383.79;380.12;382.76;994796
20120625;381.21;382;374.98;375.03;291621
20120626;375;378.61;368.84;376.49;429470
20120627;354.99;365.99;353.38;359;2152633
20120628;356.67;359.57;353.88;358.43;646757
20120629;363.97;367.17;357.57;367.17;674666
20120702;366.22;366.66;362.81;364.22;384053
20120703;364.77;365.69;360.1;362.49;262515
20120705;357.55;368.87;357.55;366.55;329684
20120706;363.29;366.09;361.6;364.52;340541
20120709;357.28;368.03;357.28;367.23;457422
20120710;367.06;368.93;364.43;366.47;363252
20120711;365.05;370.34;362.87;368.93;546668
20120712;368.61;386.13;368.61;382.45;1088777
20120713;381.11;385.13;380.39;380.94;295063
20120716;378.86;387.82;378.86;380.27;319866
20120717;383.49;386.13;379.79;380.89;228720
20120718;380.01;385.72;380.01;384.24;190704
20120719;385.02;385.02;378.13;382.9;339186
20120720;381.61;381.85;377.86;377.98;249980
20120723;374.32;379.18;373.05;377.63;229212
20120724;377.32;379.89;374.15;376.34;183533
20120725;376.34;379.69;374.97;378.39;217989
20120726;380;380;367.14;373.38;507697
20120727;381.91;381.91;372.1;374.79;316907
20120730;374.53;378.07;374.16;375.79;263821
20120731;374.17;379.48;372.61;375.23;336581
20120801;377.56;379.43;362.67;362.77;369121
20120802;362.19;364.68;357.51;362.34;569144
20120803;366.26;374.89;365;366.3;625400
20120806;366.71;372.42;362.06;363.25;566213
20120807;364.94;369.28;360.32;367.47;619221
20120808;365.07;368.52;362.25;363.82;475000
20120809;357.29;365.15;356.99;363.12;554278
20120810;363.37;364.14;354.74;359.29;522625
20120813;358.62;359.78;353.49;355.31;495417
20120814;356.59;359.65;353.84;357;380236
20120815;358;361.07;355.75;357.86;425555
20120816;356.47;359.14;355.75;358.55;349259
20120817;357.75;364.81;357.75;363.65;417975
20120820;361.87;365.64;361.87;364.56;481091
20120821;366.76;367.95;363.66;364.18;300908
20120822;364.18;366.35;362.5;365.5;204539
20120823;364.45;365.92;361.68;363.26;195350
20120824;362.65;365.8;362.15;365.08;170802
20120827;366.16;370.2;363.3;366.45;236744
20120828;365.43;368.47;363.67;364.72;216185
20120829;365.13;366.18;361.55;363;424558
20120830;362.25;364.21;358.15;359.87;347601
20120831;363.03;363.53;359.37;361.64;447731
20120904;357.73;362.08;356.22;358.28;333656
20120905;359.13;363.45;358.68;363.07;419429
20120906;364.96;370.41;363.32;368.72;412102
20120907;367.84;369.77;365.89;369.72;254368
20120910;368.14;371;362.95;366.28;483970
20120911;364;371.41;364;369.9;432026
20120912;370.99;373.71;367.94;373.16;360222
20120913;371.77;373.67;367.5;369.96;500786
20120914;369.85;370;351.27;351.99;1412999
20120917;352.25;359.54;351.57;357.38;724309
20120918;355.61;358.75;353.38;357.84;709736
20120919;355;375.43;353;369.84;2193937
20120920;376.67;376.67;364.67;371.63;1391406
20120921;370.85;374.99;370.85;371.8;2279693
20120924;369.38;371.78;368;369.3;832941
20120925;369.31;371.91;367.33;368.54;626408
20120926;367.54;375.87;366.8;372.89;883196
20120927;374.9;378.52;370.08;371.47;610186
20120928;370.28;371.39;368.55;369.67;458854
20121001;362.34;372.98;362.34;369.07;427520
20121002;371.4;371.4;368.73;369.91;465486
20121003;371.27;373.2;370.23;372.14;544810
20121004;369.5;377.89;369.5;376.79;564017
20121005;378.75;382.1;377.16;381.29;604772
20121008;380.82;382.51;379.88;381.42;264306
20121009;381.17;381.79;379.7;379.89;468632
20121010;378.6;380;376.19;377.35;438202
20121011;380.46;380.46;374.35;374.35;426913
20121012;376.02;378.34;371.55;373.05;393192
20121015;375.02;375.47;371.69;374.72;480853
20121016;369.31;373.98;368.13;370.69;495698
20121017;372.1;372.42;369.34;369.47;463134
20121018;366.35;373.33;365.26;370.39;721463
20121019;367.26;372.1;367.21;369;403662
20121022;360.92;366.61;360;365.8;808671
20121023;358.31;366.96;358.31;366.74;620635
20121024;371.95;371.95;363.02;364.36;438384
20121025;367.43;370.05;363.73;367.78;387356
20121026;367.63;371.34;365.94;370.75;259611
20121031;371.75;379.33;366.53;375;370142
20121101;376;386.8;372.26;380.34;673071
20121102;382.41;386.17;380.25;382.91;620912
20121105;383.33;384.87;381.27;383.23;204657
20121106;384.15;385.73;381.36;385.26;356681
20121107;380.48;386.25;380.48;384.37;403360
20121108;383.75;385.44;378.45;378.97;338023
20121109;378.39;380.95;374.89;376.89;314691
20121112;376.59;380.08;374.14;374.38;254200
20121113;373.01;377.91;373.01;373.55;249724
20121114;375.07;376.66;368.68;369.75;282842
20121115;369.87;373.82;367.88;372.78;290717
20121116;372.75;381.01;370.53;380.5;726070
20121119;381.57;385.01;380.52;382.3;213870
20121120;382.2;383.5;377.97;381.13;330771
20121121;381.57;383.75;379.9;381.87;297708
20121123;383.38;383.99;381;383.12;104168
20121126;383.62;383.99;380.12;382.93;323499
20121127;390.11;390.11;378.44;382.38;336448
20121128;381.8;383.86;379.95;383.86;485902
20121129;381.84;382.7;377.74;379.78;485869
20121130;379.7;384.02;377.79;383.77;428666
20121203;384;384.1;377.13;378.01;491166
20121204;373.01;384.25;361.75;366.8;1007673
20121205;366.09;368.99;356.03;360.27;979525
20121206;355.92;367.17;355.38;364.07;668320
20121207;367.01;367.01;357.71;359.16;574962
20121210;359.15;359.15;354.45;355.15;456737
20121211;356.56;362.22;354.76;355.5;790528
20121212;357.43;359.07;355;357.56;930902
20121213;358.27;363.17;357.6;359.32;547379
20121214;358.14;361.55;355.01;357.68;491396
20121217;358.39;363.4;357.38;363.4;615592
20121218;363.2;364.45;359.16;360.07;546877
20121219;360;362.25;358.13;359.48;418276
20121220;359.43;360.74;355.23;356.02;552896
20121221;353;359.57;351.48;358.28;696091
20121224;363.44;363.44;354.41;355.2;182504
20121226;355.24;355.28;346.93;351.09;447818
20121227;351.25;354.09;345.3;353.1;437831
20121228;352.02;352.61;345.88;348.57;446792
20121231;347.79;354.76;346.98;354.43;265288
20130102;357;358.13;354.96;356.88;440784
20130103;355.43;357.91;353.75;356.14;299253
20130104;357.28;361.1;357.12;360.85;351442
20130107;360.97;360.97;354.68;356.17;345249
20130108;345.47;350.88;342.84;348.25;877905
20130109;348.61;352.51;347.06;349.6;452219
20130110;349.85;352.16;344.33;346.5;729229
20130111;346.94;347.84;341.98;346.23;470531
20130114;346.71;347.78;343.27;344.99;278216
20130115;343.98;352.79;342.27;350.9;567055
20130116;350.64;350.99;346.37;349.33;261493
20130117;350;351.18;347.28;348.63;207687
20130118;347.81;350.49;345.04;349.6;317573
20130122;347.2;354.7;347.2;353.37;402708
20130123;352.84;357.18;351.03;356.53;425006
20130124;357.41;359.98;355;357.57;563029
20130125;357.89;367.1;357.16;365.36;566386
20130128;366.19;373.45;363.34;369.52;634869
20130129;367;368.83;361.95;361.95;502271
20130130;361.98;364.86;361.24;364.85;295609
20130131;364.67;369.7;363.2;369.7;466417
20130201;370.57;376.16;368.74;374.88;667084
20130204;373.49;373.99;365.51;367.05;401683
20130205;369.92;371.03;367.38;368.77;266276
20130206;367.47;370.16;366.22;369;303928
20130207;377.5;383.1;374.46;379.85;1112087
20130208;380.32;386.4;379.58;385.89;790878
20130211;384.63;387.38;384.23;385.23;523482
20130212;385.35;386.94;380.79;382.09;550249
20130213;382.14;384.01;377.88;379.73;537986
20130214;378.5;380.5;372.94;373.61;742331
20130215;375;375.56;369.47;373.7;646703
20130219;374.45;375.39;370.64;375.21;608329
20130220;375.58;380.57;374.2;379.96;577322
20130221;378.59;383.64;376.42;377.56;432891
20130222;377.83;385.98;377.83;385.2;511996
20130225;384.63;386.64;378.54;378.54;629405
20130226;377.26;381.62;369.79;376.15;986337
20130227;378.08;379.88;374.33;376.79;352212
20130228;376.01;380.16;375.12;380.15;459553
20130301;379.13;379.5;376.7;378.14;228664
20130304;378.02;381.49;377.47;380.66;316774
20130305;382;382.99;380.82;382.32;214987
20130306;382.31;383;375.42;376.55;428421
20130307;377.48;381.6;375.29;381.52;397808
20130308;381.9;385.6;379.32;385.25;350470
20130311;385.28;388.47;383.74;388.33;374916
20130312;388.75;390.49;386.97;388.87;391956
20130313;388.25;392.59;387.6;392.04;383292
20130314;391.69;392.6;389.19;389.65;318101
20130315;388.33;392.75;386.56;391.89;404647
20130318;390.02;392.29;388.91;391.47;175585
20130319;392.39;392.66;387.78;390.41;219557
20130320;392.08;397.1;390.79;396;294784
20130321;394.38;395.65;391.35;393.26;173154
20130322;394.18;396.11;392.26;395.72;178712
20130325;396.19;396.19;391.46;393.33;263857
20130326;394.48;394.48;388.63;394.04;344957
20130327;392.58;394.64;389.59;393.94;189168
20130328;393.24;396.79;391.05;396.77;537884
20130401;396.01;397.8;392.76;393.19;157644
20130402;394.26;402.08;394.26;400.99;368198
20130403;401.3;401.3;393.61;393.98;513637
20130404;395.11;402.09;394;401.83;211737
20130405;397.82;399.46;394.59;397.2;246692
20130408;397;399.53;392.74;395.36;220207
20130409;392;392.99;382.98;384.03;577738
20130410;385.3;394.09;385.3;389.98;356674
20130411;390.45;396.89;388.05;392.83;182799
20130412;390.24;395.13;390.24;393.57;173301
20130415;391.74;393.74;384.64;384.87;328657
20130416;386;387.48;379.79;384.59;387336
20130417;382.29;384.08;378.65;381.93;322759
20130418;383.1;383.65;375.94;379.01;438789
20130419;379.49;382.05;375.12;378.43;325006
20130422;379.85;380.68;375.57;378.76;326842
20130423;379.82;384.57;378.85;383.62;300125
20130424;384.65;386;381.84;383.95;211230
20130425;393;402.1;390;398.26;421925
20130426;398.81;408.5;398.14;406.73;362962
20130429;406.56;408.5;402.3;403.87;183188
20130430;404.05;409.25;400.74;409.09;290020
20130501;409.19;413.28;408.27;410.28;199399
20130502;409.29;410.86;405.26;407.58;210847
20130503;409.55;413;407.29;411.11;167101
20130506;410.93;413.5;410.03;413.49;189488
20130507;413.44;419.01;411.5;418.95;170883
20130508;418.01;419.82;416.6;419.27;189374
20130509;418.99;419.8;414.29;415.33;121276
20130510;416.62;423.46;416.59;420.95;313751
20130513;408.21;416.39;408;415.76;335618
20130514;418.07;419.64;416.13;417.56;235279
20130515;417.81;419.57;416.7;418.28;191333
20130516;416.97;418.23;412.72;413.5;184036
20130517;413.94;415.59;410.14;411.29;247016
20130520;410.37;414;401.93;409.05;327138
20130521;413.16;435.36;413.16;427.84;740548
20130522;426.76;426.76;416.72;417.72;339230
20130523;417.08;420.36;415.01;418.9;330130
20130524;416;418.66;413.47;415.81;134920
20130528;418.74;420.55;415.4;418.95;137847
20130529;416.11;418.3;412.17;416.75;130806
20130530;416.95;421.79;416.95;417.94;177664
20130531;417.01;419.23;408.65;408.83;388431
20130603;408.35;412.12;407.2;411.21;220252
20130604;411.02;414.58;406.11;407.8;198485
20130605;408.31;410.66;404.87;405.31;178514
20130606;406.11;415.56;406.11;415.39;193558
20130607;417.77;419.33;413.42;416.68;171737
20130610;417.82;418.79;414.04;418.75;170237
20130611;417.5;417.75;414.19;415;232653
20130612;416.61;417.2;415.2;416;255938
20130613;416.87;419.91;415.07;419.5;238112
20130614;419.46;424.99;418.72;423.34;210650
20130617;429.81;429.81;420.48;424.83;350665
20130618;424.93;425.33;420.78;425.33;144815
20130619;424.88;426.64;420.34;420.75;137816
20130620;417.63;421.16;412.29;412.65;304098
20130621;415.28;415.28;408.6;411.98;365650
20130624;408.18;419.28;405.71;414.99;243776
20130625;417.56;422.93;417.17;421.48;234567
20130626;420.75;421.29;412.84;413.99;482180
20130627;415.65;424.41;415.65;422.87;221871
20130628;423.54;427.67;418.37;423.69;365489
20130701;424.44;428.84;423.32;425.27;125030
20130702;424.45;427.59;422.08;424.2;211096
20130703;421.75;426.96;421.48;423.88;102946
20130705;427.15;430.15;422.71;428.52;123509
20130708;429.09;437.23;429.09;434.91;283308
20130709;436.52;437.21;431.43;434.56;217013
20130710;433.83;433.98;428.88;433.48;128085
20130711;436.84;441.18;435.95;441;294406
20130712;441.5;441.5;436.42;439.3;101696
20130715;438.68;439.92;434.4;438;138772
20130716;437.53;440.02;430.91;433.71;187744
20130717;435.49;437.56;429.26;430;219958
20130718;431.61;436.69;429.58;435.32;260164
20130719;436.83;441.2;434.11;435.97;160076
20130722;435.6;439.54;432.01;437.72;111629
20130723;438.27;439.99;435.71;438.45;131812
20130724;438.42;440;434.29;436.35;170007
20130725;439.1;440.5;434.27;438.02;318071
20130726;437.11;440.75;435.05;439.66;192960
20130729;437.59;441.48;435.28;440.73;126039
20130730;441.5;446.43;438.88;444.69;196190
20130731;444.04;452.19;443.25;448.58;364278
20130801;447.58;452.15;445.95;447.99;290607
20130802;447.8;450.03;446.01;448.04;292716
20130805;446.99;449.29;446.01;448.25;178867
20130806;447.15;449.22;439.34;445.01;265676
20130807;435.18;437.83;432.08;435.04;329024
20130808;436.23;437.11;424.43;429.02;407596
20130809;428.94;432.04;424.77;429.59;229639
20130812;428.22;429.87;424.45;425.6;306315
20130813;426.41;436;425.4;433.8;295185
20130814;432.23;436.31;428.05;428.55;252513
20130815;427.01;427.99;419.3;420.06;207270
20130816;420;421.82;416.27;416.52;304352
20130819;417.22;424.75;415.53;420.4;240489
20130820;420.76;426.88;419.59;424.83;229741
20130821;422.83;423.75;419.41;419.96;181336
20130822;420.47;423.94;419.18;421.11;111695
20130823;423.34;423.5;418.8;422.35;131347
20130826;422.77;424.21;417.02;421.42;200607
20130827;418.79;420.44;418.04;419.12;232131
20130828;418.19;421.85;416.05;420.02;148692
20130829;418.01;422.93;417.84;421.52;106441
20130830;419.45;420.82;416.05;419.94;223616
20130903;421.45;423.9;419;419.76;161395
20130904;419.97;424.16;419.01;422.81;138738
20130905;423.38;423.42;418.01;420.1;182124
20130906;420.36;424.27;416;417.53;111253
20130909;417.99;421.9;416.44;416.5;157755
20130910;417.54;423.36;415.18;419.92;186116
20130911;421.21;425.18;419.22;420.83;212859
20130912;420.6;422.21;415.6;417.06;155452
20130913;417.99;418.08;413.58;415.7;273135
20130916;418.12;420.97;411.27;411.89;483483
20130917;411.29;418.51;409.36;418.51;408334
20130918;419.66;423.5;416.79;420.62;370477
20130919;421.99;423.42;417.9;422.79;250448
20130920;422.98;423.5;412;420;751034
20130923;418.92;421.7;415.89;417.81;207095
20130924;416.64;418.64;408.9;414.31;532367
20130925;416.56;428.05;410;425.07;825080
20130926;424.88;425.99;420.1;421.68;399122
20130927;419.9;423.34;417.91;422.57;325521
20130930;418.89;424.41;417.42;422.73;306564
20131001;421.86;426.08;421.77;425.11;251944
20131002;423;425.63;419.76;423;193484
20131003;422.38;426.31;417.96;418.26;333733
20131004;419.28;423.86;417.01;421.89;226814
20131007;419.14;423.39;417.9;419.83;181488
20131008;420.77;421.56;414.02;415.71;304717
20131009;415.75;417.62;413.32;415.27;267765
20131010;419.3;421.19;417.42;420.77;233162
20131011;420.45;425.46;418.96;424.61;174354
20131014;422.32;427.42;421.78;426.04;149927
20131015;425;427.39;419.4;420.23;307998
20131016;426.23;432;422.51;424.63;395479
20131017;422.57;429.72;421.62;429.13;238559
20131018;431.07;433.42;427;432.11;308648
20131021;431.02;435.2;430.21;434.73;250059
20131022;436.01;437.45;434.2;435.6;188017
20131023;437.49;437.5;430.47;432.59;190514
20131024;424.45;432.28;422.12;427.18;354747
20131025;427.64;429.47;424.98;429.47;298572
20131028;430.68;432.74;428.49;429.84;209383
20131029;431.06;432.8;428.13;429.83;225961
20131030;431.3;434.24;428.92;429.94;214631
20131031;430.86;435.05;428.63;434.69;238858
20131101;436.01;437.94;430;434.83;156025
20131104;434.96;439.64;433.57;436.51;180885
20131105;438.19;442.98;432.55;442.06;245459
20131106;444.31;447.8;441.11;447.42;234790
20131107;447;448.3;443.23;443.49;253235
20131108;443.58;449.12;440.24;448.55;243687
20131111;443.61;449.8;440.5;447.79;169069
20131112;448.13;451.55;444.87;451.55;275197
20131113;450.57;456.94;450.57;456.88;172725
20131114;457.5;458.96;455.95;458.34;167648
20131115;455.93;465.7;455.93;464.08;201777
20131118;465;465.14;458.46;459.56;200892
20131119;458.55;465.5;457.43;463.84;191422
20131120;464.56;467.87;459.95;461.3;110331
20131121;463.71;469.61;460.71;469.34;139891
20131122;467.45;469.42;466.42;467.69;197590
20131125;466.77;470.47;465.01;465.7;146573
20131126;461.2;463.36;457;457.28;378497
20131127;458.86;462.33;456.88;458.8;256133
20131129;459.11;463.71;458.28;461.6;163325
20131202;460.52;463.53;459;459.62;172801
20131203;457.61;461.64;455.41;460.51;197094
20131204;460.21;462.8;454.88;456.02;232855
20131205;459.99;463.19;457.36;460;226194
20131206;462.63;464.1;458.87;459.6;228180
20131209;456.88;462.73;456.03;457.34;567081
20131210;467.47;484.16;461.61;471.86;965342
20131211;470.86;473.68;466.24;467.79;448751
20131212;466.38;469.41;463.5;465.9;266249
20131213;466.29;470.77;463.85;465.18;217202
20131216;466.27;469.07;463.7;464;280483
20131217;463.77;467.34;461.14;461.76;274909
20131218;464.75;471.2;461.6;470.56;319331
20131219;471.24;473.33;467.4;470.84;287278
20131220;472.39;473.93;470.95;473.19;446924
20131223;465.34;474.99;465.34;472.32;269337
20131224;479.95;479.95;471.36;475.57;86901
20131226;479.95;479.95;474.46;476.85;125045
20131227;475.38;479;474.08;476.83;180640
20131230;476.83;479.66;474.53;479.33;195114
20131231;483.74;483.74;475.82;477.94;174817
20140102;477.67;479.7;472.51;474.11;151840
20140103;474.28;478.58;472.78;475.5;193458
20140106;478.51;483.3;476.81;478.77;357097
20140107;479.22;486.4;478.52;483.59;417279
20140108;483.59;489.07;481.94;489.07;312080
20140109;489.26;493.22;486.87;492.45;354294
20140110;492.99;493.11;488.82;490;393054
20140113;490.19;495;485.53;486.38;419304
20140114;498.24;498.24;487.3;495.78;350842
20140115;497;498.38;492.3;495.08;193967
20140116;495.03;497.25;491.05;495.47;222331
20140117;500;505.86;496.47;505.86;486827
20140121;498.86;507.72;498.86;502.24;390177
20140122;503;506.1;501.34;503.38;392262
20140123;503.26;504.17;497.44;499.29;182434
20140124;499;506.46;498.2;499.25;447509
20140127;508.99;508.99;496.72;503.6;521641
20140128;503.8;507.79;499.45;501.03;331973
20140129;498.95;501.42;492.32;492.94;307720
20140130;492.86;500.48;492.86;498.92;317119
20140131;494.72;497.89;494.11;495.06;347082
20140203;496.94;498.04;481.74;483.06;402019
20140204;484.39;488.07;481.3;486.19;375952
20140205;482.02;488.26;481.53;487.32;234452
20140206;493.01;518.81;493.01;517.16;606762
20140207;517.41;537.47;517.17;534.4;718455
20140210;531.45;534.61;523.13;526.43;548290
20140211;530.5;539.2;526.12;536.12;303155
20140212;561.62;561.62;536.33;542.07;390792
20140213;540;544;536;540.8;325569
20140214;544.38;544.38;537.54;539.08;342873
20140218;540.88;544.58;538.55;542;370000
20140219;539.51;543.83;535.75;536.34;259584
20140220;538.22;539.5;535.16;538.59;280675
20140221;534.06;540.75;533.42;538.96;365440
20140224;544.9;544.9;540.06;542.21;220830
20140225;549.85;549.85;538.15;539.3;263473
20140226;540.04;545.43;532.4;535.04;409864
20140227;534.78;538.92;531.07;538.46;260146
20140228;537.8;541.74;534.68;538.44;350029
20140303;536.54;543.68;536;541.23;383254
20140304;546.97;546.97;525.01;538.56;720466
20140305;539.71;546.77;539.04;543.84;606692
20140306;545;546.03;540.6;541.5;390450
20140307;544.6;544.6;538.85;541.99;348633
20140310;541.96;544.13;539.52;541.63;232955
20140311;540.64;545.65;538.42;539.98;267428
20140312;539.64;541.39;536.46;540.91;210258
20140313;543.19;544.7;528.38;528.74;391551
20140314;529.41;535.63;526.6;533.25;319259
20140317;536.86;540.54;534.8;539.45;174927
20140318;538.62;541.89;536.61;538.35;211922
20140319;537.06;539.12;529.66;533.36;237208
20140320;532.52;534.75;528;533;235061
20140321;540;540.99;533.99;536.86;256289
20140324;536.58;539.47;527.51;530.39;158839
20140325;534.39;537;527.01;528.9;289772
20140326;528.8;530.93;522.21;522.75;213902
20140327;522.31;527.16;519.6;525.71;200139
20140328;528.64;529.69;525.35;527.44;296140
20140331;528.43;538.05;524.51;537.1;424978
20140401;539.95;541;534.91;536.54;306513
20140402;535.5;537.93;533.1;535.47;232723
20140403;534.96;538.69;533.01;535.61;182392
20140404;535;536.38;523.84;526.12;283695
20140407;523.31;527.59;517.06;519;317710
20140408;517.34;525.52;513.41;525.48;309964
20140409;528.96;531.04;522.62;527.46;221920
20140410;528.2;528.94;513.5;514.59;287513
20140411;511;517.41;510.25;511.28;352519
20140414;513.44;518;510.19;515.28;299647
20140415;516.34;521.51;510.33;519.7;287562
20140416;522;523.17;517.8;522.14;190125
20140417;519.93;523.64;515.47;516.16;205825
20140421;514.69;520.54;514.01;519.4;132133
20140422;521.28;523.57;518.11;521.55;249261
20140423;522.81;527.74;521.67;526.25;211503
20140424;525;527.08;521.25;525.88;193498
20140425;525.12;525.58;520.98;522.32;201007
20140428;525.08;534;520.83;531.45;296991
20140429;533.04;534.99;529.04;529.62;151055
20140430;534.84;534.84;528.72;533.89;284560
20140501;529.12;534.43;525.21;526.79;200689
20140502;527.82;534.58;526.77;529.54;150158
20140505;529.25;531.04;525.03;530.06;131550
20140506;534.95;534.95;522.35;526.73;157334
20140507;527;528.88;521.98;524.6;143260
20140508;523.84;532.68;522;530.86;214423
20140509;529;536.09;526.69;535.92;157037
20140512;538.79;544.88;537.21;543.38;194158
20140513;543.78;546.7;532.22;533.11;244794
20140514;532.63;532.99;526.87;529.4;219828
20140515;530.37;530.37;516.79;524.28;232009
20140516;519;530.6;519;527.02;341567
20140519;525.33;533.23;525.33;532.76;153379
20140520;531.25;532.24;526.39;528.74;147638
20140521;534.84;535.53;528;534.87;157815
20140522;534.92;544.5;534.92;541.66;296293
20140523;543.73;544.47;538.9;540.9;257657
20140527;541;546.7;520.25;520.25;519546
20140528;522.06;534.38;522.06;533.34;367006
20140529;533.66;535;525.08;527.47;228728
20140530;527.12;533.3;525.47;532.5;246182
20140602;532.5;532.99;529.34;531.43;191432
20140603;527.4;532.02;526.37;528.11;217989
20140604;530.1;541.44;526.06;541.15;258986
20140605;541.09;541.09;536.5;537.94;213942
20140606;540.1;541.58;536.83;540.78;136594
20140609;538.42;540.37;532.51;532.57;233745
20140610;532.73;533.72;530.57;532.48;108722
20140611;531.68;532.88;526.4;529.1;269859
20140612;529.37;529.37;520.81;524.37;248019
20140613;523.15;525.24;520.25;523.1;192456
20140616;523.49;525.89;520.93;524.81;140229
20140617;523.31;525.4;521;524.34;104715
20140618;525.32;527.25;521.38;526.98;189265
20140619;529.21;530;526.71;527.99;135479
20140620;531.11;533.06;526.8;530.79;348800
20140623;531;534.05;529.02;532.94;195342
20140624;530.43;533.7;529.05;530.67;157336
20140625;528.76;532.3;526.52;532;137183
20140626;530;532.65;526.75;532.4;120251
20140627;530.57;535.51;528.91;535.32;167668
20140630;533;536.45;532.26;536.24;195676
20140701;537;538.25;534.53;536.82;159164
20140702;534.84;537.79;532.85;535.31;191873
20140703;537.43;540.4;536.11;539.46;139233
20140707;539.4;540.49;536.14;538.24;185591
20140708;535.51;537.84;534.32;535.11;205732
20140709;535.15;539.61;534.47;538.66;168428
20140710;535.27;538.35;532;534.02;132362
20140711;534.02;534.57;528.5;533.45;109570
20140714;536.71;536.71;533.04;533.66;105174
20140715;531.98;534.32;528.4;533.51;251764
20140716;535.87;535.87;529.2;531.82;236454
20140717;528;531.27;523.51;524.69;149036
20140718;521.2;523.09;517.23;520.56;345585
20140721;520.56;521.99;513.17;515.17;220565
20140722;514.96;515.27;505.32;511.92;332518
20140723;510.22;512.34;506.46;507.72;263759
20140724;511.64;516.76;510.54;514.82;242043
20140725;518.91;518.91;513.31;514.57;149134
20140728;513.77;517.42;512.81;513.22;133894
20140729;512.28;514.81;509.95;510.04;170732
20140730;510.31;523.25;510.31;521.84;261853
20140731;523.8;523.8;516.79;517.03;284707
20140801;515.07;520.23;512.04;514.41;177767
20140804;514.38;521.76;514.1;519.49;115305
20140805;516.4;524;515.18;518.07;173714
20140806;516.35;522.96;515.53;519.6;133244
20140807;520.3;521.77;515.99;517.26;203005
20140808;519.78;526.31;516.47;525.99;162004
20140811;528.67;528.67;524.99;525.47;86705
20140812;523.92;526.79;520.02;524.58;116300
20140813;526.39;526.39;520.17;524.03;140488
20140814;526.34;533.07;524.43;530.67;163085
20140815;533.85;535.8;527.02;529.03;148722
20140818;531;534.16;529.55;533.9;126546
20140819;534.23;539.24;533.26;536.84;115837
20140820;536.83;538.7;531.46;537.96;177550
20140821;538.06;541.07;536.26;537.78;145125
20140822;538.42;539.39;536.45;537.46;161567
20140825;539;543.63;537.47;540.93;85354
20140826;542;542;535;535.95;169000
20140827;537.83;539.5;535.02;538.48;158849
20140828;535.09;540;533.59;538.77;102482
20140829;540.41;540.41;537.33;538.84;130509
20140902;534.67;541.8;534.67;536.56;212450
20140903;538.11;539.86;534.97;537.13;106793
20140904;537.21;538.39;534.67;534.97;143970
20140905;535.91;539.15;534.56;538.04;154121
20140908;535.83;538.57;533.26;536;105219
20140909;533.96;534.23;527.59;528.13;200136
20140910;528.04;531.86;526.39;527.36;217650
20140911;526.12;531.76;525.84;530.33;165950
20140912;529.84;530.95;526.38;530;153573
20140915;530.25;532.16;529.95;530.57;123676
20140916;528.25;543.06;528.25;540.85;206638
20140917;540.63;542.16;536.13;536.72;170505
20140918;536.32;536.32;529.46;532.31;286021
20140919;536.03;536.03;525.7;526.44;440392
20140922;515.01;519.99;500.21;505.38;897342
20140923;501.56;513.04;501.22;507.79;467431
20140924;509.37;509.37;503.6;508.63;344726
20140925;505.64;509.37;504.5;504.62;225313
20140926;503.26;509.12;503.26;508.38;265246
20140929;506.07;509.9;504.37;507.84;230832
20140930;507.59;512.5;503.9;509.66;411410
20141001;509.66;513.43;507.14;508.01;292086
20141002;509.27;516.23;506.3;513.3;277770
20141003;514.62;520.51;511.98;518.11;269789
20141006;518.62;519.75;512.05;512.94;185158
20141007;509.86;515;506.31;511.72;262928
20141008;511.31;518.32;508.97;517.8;205764
20141009;517.35;517.35;507.57;508.32;336185
20141010;509.39;513.67;505.83;509.1;258824
20141013;509.03;511.79;501.39;501.78;216002
20141014;505.97;512.37;503.42;506.35;207653
20141015;500.5;508.67;491.93;505.99;357431
20141016;501.66;507.98;499.48;504.58;279350
20141017;506.66;509.79;503.12;507.59;286290
20141020;508.49;517.85;508.49;517.03;207394
20141021;520.73;530;518.1;526.94;236137
20141022;529.37;531.57;520.45;521.94;178019
20141023;525.2;535.39;525.11;531.57;228270
20141024;530.97;537.02;525.81;536.05;266532
20141027;537.2;541.63;535.05;539.57;251882
20141028;540.2;550.42;538.76;549.72;258506
20141029;551.01;551.36;546.3;550.04;270436
20141030;547.3;553.7;547.3;551.46;250067
20141031;554.89;556.65;551.02;553.52;295766
20141103;556;556;545;552.18;1340968
20141104;552.19;557.95;550.29;554.36;230179
20141105;559.11;563.15;554.29;559.15;340611
20141106;557.74;566.53;554.51;566.05;397095
20141107;566.11;567.28;559.56;562.23;322204
20141110;564.01;568.04;563.05;566.39;217011
20141111;566.43;572.8;565.59;570.87;254025
20141112;571;571.26;566.42;568.8;236821
20141113;569.53;576;569.53;573.72;347991
20141114;570.61;574.09;564.01;567.11;241158
20141117;567.75;572.02;567.18;568.06;209488
20141118;567.99;573.09;565.28;568.59;194940
20141119;570.63;572.17;567.12;568.51;139124
20141120;564.95;569.5;564.95;567.5;176591
20141121;574.14;574.82;568.6;569.21;239367
20141124;569.16;571.61;566.41;571.38;174890
20141125;573.66;573.66;566.35;568.98;243458
20141126;570;572.99;566.65;568.55;144210
20141128;570;583;566.08;577.71;121169
20141201;575.98;579.52;571.27;575.72;409191
20141202;571.52;586.45;571.52;585.49;453833
20141203;585.46;593;585.46;590.55;354979
20141204;588;592.9;586.09;588.07;299490
20141205;588.12;592.41;587.39;587.95;274448
20141208;593.66;594.53;578.78;581.05;400085
20141209;606;611.53;593.06;605.81;661109
20141210;606.25;610.99;597.01;598.37;318601
20141211;602.82;606.39;597.31;602.39;319719
20141212;598.56;609.39;597.91;604.73;285216
20141215;609.09;612.83;604.19;605.84;305471
20141216;603.88;610.35;597.93;597.93;302415
20141217;600;604.19;594.91;602.46;318229
20141218;606.77;616.11;600.12;615.48;340263
20141219;620.56;620.56;610.64;618.6;379675
20141222;614.89;617.31;611.84;616.64;221536
20141223;619;626.19;617.78;621.3;182533
20141224;621.73;624.38;617.43;617.43;68661
20141226;618.4;624.97;615.43;618.76;106663
20141229;618.13;625.78;617.15;624.49;114960
20141230;623.32;626.09;619.09;622.45;170942
20141231;626.49;627.3;618.94;619.11;207464
20150102;623.98;623.98;613.49;616.79;224682
20150105;614.46;616.11;605.7;608.49;439807
20150106;610.77;612.34;599.81;607.82;391854
20150107;616;616;605.59;607.24;388517
20150108;610.36;614.97;605.07;606;594329
20150109;608.33;608.61;600.04;606.02;473642
20150112;606.84;609.03;596.56;597.36;163631
20150113;599.38;603.22;583.55;588.95;253222
20150114;584.59;586.15;577.93;582.78;316910
20150115;584.08;586.53;574.92;575.28;196611
20150116;575.19;581.12;569.54;580.85;340648
20150120;582.8;586.96;578.05;584.33;201186
20150121;581.54;588.44;579.09;586.06;333102
20150122;587.74;602.68;586.41;600.1;254096
20150123;603.35;605.95;599.21;604;272160
20150126;602.85;612.61;600.52;612.14;247131
20150127;608.44;612.86;605.13;608.59;272068
20150128;610.25;617.69;608.18;610.57;258227
20150129;606.01;612.9;606.01;611.13;262337
20150130;611.45;614.63;596.48;596.96;349195
20150202;600.51;601.59;586.25;593.75;316550
20150203;598.55;608.13;597.4;607.84;264511
20150204;607.2;612.81;597.85;601.63;281367
20150205;605.96;621.48;596.64;614.88;364116
20150206;613.95;618.1;609.66;611.34;225649
20150209;607.14;613.56;606.28;613.05;223205
20150210;620.22;620.22;609.25;616.66;158672
20150211;615;621.99;614;620.51;188128
20150212;619.89;621.75;615.52;617.51;160569
20150213;614.13;619.62;611.68;618.5;164914
20150217;615.55;620.31;612.95;615.15;205753
20150218;613.72;617.99;612.68;617.92;167938
20150219;621.48;623.44;612.76;618.34;238419
20150220;618.98;625;614.39;623.31;236897
20150223;625;636.97;620.49;636.77;281530
20150224;638.58;640;634.15;637.79;164183
20150225;640.98;642.17;634.65;637.12;188563
20150226;633.3;646.52;633.3;644.97;231532
20150227;647.24;651.95;640.52;642.68;319766
20150302;642.42;649.53;640.66;649.53;326449
20150303;671.14;674.76;648.99;651.9;666699
20150304;653.47;654.76;644.22;652.48;448444
20150305;655.85;657.88;646.85;650.97;345216
20150306;647.46;652.86;644.39;645.2;277852
20150309;644.53;651.14;644.12;650.89;236927
20150310;650.43;650.43;640.81;643.05;338796
20150311;640;649.97;640;643.81;386329
20150312;647.39;656.39;645.52;652.76;238964
20150313;654.46;657.86;647.56;654.66;178357
20150316;658.39;665.78;657.27;665.41;232582
20150317;659.4;665.3;658.51;662.18;225703
20150318;663.41;671.29;659.01;667.42;247978
20150319;667.75;672.47;661.51;667.39;178389
20150320;666.25;671.15;662.05;662.43;350246
20150323;664.93;671.83;663.24;671.27;439681
20150324;671.19;675.85;664.98;667.45;249404
20150325;669.48;671.41;660.06;660.72;233874
20150326;661.11;662.5;652.19;662.04;212148
20150327;664.15;682;662.12;681.34;384841
20150330;682.58;690.87;681.8;689.38;277787
20150331;683.06;694.45;682.16;682.16;422402
20150401;687;693.57;678.6;692.93;421002
20150402;691.86;696;684.82;689.11;339626
20150406;684.77;699.19;684.2;695.45;371663
20150407;694.96;698.94;690.47;693.11;253330
20150408;690.91;699.95;690.6;698.24;236414
20150409;696.56;699.64;690.82;695.77;252066
20150410;698.65;702.25;696.03;701.73;157092
20150413;699;704.45;696.15;699.05;163828
20150414;696.09;699;690.24;695.81;199324
20150415;698;699.25;689.14;694.17;277826
20150416;690;694.3;686.12;692.4;304766
20150417;686.38;689.45;681.4;683.43;306916
20150420;685.76;692.41;685.73;689.36;206957
20150421;692.41;695.13;684.36;690.73;274532
20150422;691;694.52;683.56;693.41;525340
20150423;695;703.11;695;702.33;412544
20150424;705;705;699.97;702;229531
20150427;702.73;703.23;691.81;692.38;229379
20150428;691.68;694.52;688.6;693.05;207507
20150429;690;694.09;681.13;682.39;263871
20150430;682.63;684.48;671.36;672.66;414849
20150501;675.06;680.72;673.82;679.25;285733
20150504;683;686.91;680.01;684.74;181748
20150505;682;684.21;672.4;672.91;233533
20150506;674.5;677.2;668.14;675.03;247696
20150507;678;683;675.03;677.48;208071
20150508;683.92;690.44;681.33;686.13;184354
20150511;689;689.67;678.47;678.83;309542
20150512;677.52;682.84;676.87;678.97;230016
20150513;676.86;686.95;676.86;680.36;259290
20150514;683.54;687.31;678.59;682.13;360012
20150515;685.34;690.23;680.34;689.85;342974
20150518;690;695.5;688.88;693.52;280761
20150519;696.24;701.27;692.74;694.58;186369
20150520;695.31;696.04;687.74;687.81;234781
20150521;685;692.4;682.03;691.91;272713
20150522;692.96;693.96;686.85;689.18;290778
20150526;689.07;693.99;682.86;688.43;409229
20150527;682;688.82;677.74;680.73;434216
20150528;681.15;687.42;676.89;679.51;339527
20150529;681.97;682.16;672.66;673.62;277904
20150601;676.98;677.1;668.4;673.36;304757
20150602;674.18;680.34;670.12;675.74;259476
20150603;679.88;683.14;676.68;681.79;267156
20150604;679.92;681.81;675.36;678.18;282551
20150605;679.32;679.32;674.56;675.5;203345
20150608;673.5;680.8;672.04;678.45;273528
20150609;676.38;680.52;672.61;676.04;213015
20150610;676.54;682.68;675.43;681.58;265917
20150611;684.79;687.58;682.42;684.84;156649
20150612;681.28;686.14;680.01;682.08;192626
20150615;680.25;681.6;672.34;674;274178
20150616;673.51;679.54;673.51;675.78;153000
20150617;676.28;680.5;668.07;673.33;215797
20150618;675.76;686.46;674.6;684.23;300435
20150619;682.41;685.25;679.7;681.67;344074
20150622;684.49;684.49;679.57;681.5;195690
20150623;684.24;685.87;681.7;685.54;150453
20150624;682.7;684.41;678.12;679.64;174849
20150625;680.93;684.7;678.58;680.31;161597
20150626;681.26;683.51;676.3;677.47;273038
20150629;673;674.86;662.72;663.16;216616
20150630;667.97;672.61;662.7;666.9;253100
20150701;670.84;673.73;667.22;673.14;228393
20150702;675.7;675.7;667.58;671.69;138320
20150706;667.7;675.77;667.7;675.07;191522
20150707;675.95;683.99;671.2;680.74;178853
20150708;675.76;677.28;668.19;668.19;204540
20150709;673;675;668.34;670.36;186693
20150710;678.32;684.09;674.42;682.3;294435
20150713;685;687;677.53;685.32;181676
20150714;685.1;685.93;673.58;676.46;244307
20150715;678.31;681.85;673.47;680.78;157880
20150716;684.89;685;678.09;680.72;165646
20150717;678.76;679.97;675.28;677.13;124610
20150720;677.43;679.1;671.46;676.05;209609
20150721;675.73;677.8;669;671.7;169560
20150722;671.62;678.05;671.13;677.32;112789
20150723;680.03;684.6;676.49;681.29;160695
20150724;681.66;683.62;673.81;675.25;163334
20150727;674.07;676.73;667.49;674.37;180068
20150728;675.55;687.42;672.98;687.14;187485
20150729;688.58;693.57;683.19;692.68;178770
20150730;693.54;696.14;688.37;695.03;146363
20150731;697.88;703.38;694.92;700.94;181067
20150803;702;702;693.59;696.96;100998
20150804;696.96;703.62;696.41;702.78;111108
20150805;706.61;712.46;704.66;711.69;253017
20150806;712;712;695.65;697.11;170838
20150807;696.72;705.72;695.23;704.4;157986
20150810;709.39;712.03;706.05;709.47;130357
20150811;710.01;714.86;704.05;714.21;228345
20150812;710.48;721.48;708.04;721.14;287888
20150813;721;747.47;713.67;739.07;350609
20150814;739;743.88;735.39;741.27;168219
20150817;739.08;745.34;737.69;743.18;127293
20150818;743;747.25;741.98;746.2;154321
20150819;742;754.9;739.2;750.13;190320
20150820;746.45;749.68;737.92;738.29;206717
20150821;732.37;733.11;700.81;700.92;454203
20150824;667;710.62;667;684.99;538648
20150825;715.5;715.5;687.93;687.93;431828
20150826;701.5;706.56;688.05;706.25;405366
20150827;723.97;737.38;713.26;724.78;636332
20150828;725.28;727.97;720.8;726.39;238726
20150831;724.08;729.94;715.99;715.99;222267
20150901;711.97;719.36;703.15;714.37;284712
20150902;720.87;731.46;715.75;730.72;297275
20150903;731.22;738.74;727.62;729.81;212631
20150904;723.84;729.13;713.56;717.7;234480
20150908;723.05;736.04;722.55;732.91;220796
20150909;737.85;738.49;720.24;721;275566
20150910;720.5;727.04;719.22;720.93;243743
20150911;716;728.13;715.02;727.44;208156
20150914;728;729.49;718.08;719.93;182974
20150915;722.48;729.94;718.49;729.44;226641
20150916;728.37;734.04;726.37;732.72;183896
20150917;734.67;747;732.25;734.62;209785
20150918;727.25;734.43;722.17;724.99;492524
20150921;726.9;735.39;725.57;728.4;304399
20150922;730.15;749.99;726.3;728;834615
20150923;730.4;747.33;720.18;746.23;446085
20150924;741.24;748.56;740;746.53;342299
20150925;748.73;758.14;746.77;753.48;507786
20150928;752.27;752.41;730.68;730.8;413811
20150929;731.3;739.99;717.9;724.72;276416
20150930;730.92;732.67;721.34;723.83;404529
20151001;732.81;738.06;715.92;736.35;334367
20151002;730.35;742.05;724.14;740.78;370259
20151005;750;750;741.57;747.28;331504
20151006;746.78;747.09;740.13;744.62;285262
20151007;748.11;748.11;733.15;736;268464
20151008;739.89;740.99;730.95;735.31;261763
20151009;732.75;737.3;729.05;736.92;223140
20151012;738.33;745.86;730.7;744.06;165435
20151013;741.13;745;738.76;740;226527
20151014;739.03;742.93;727.71;729.38;230374
20151015;730.03;738.49;727.71;737.43;276698
20151016;743.06;744.6;734.18;739.82;289072
20151019;740.75;744.51;735.38;744.02;212309
20151020;746;747.09;740.93;745.94;198375
20151021;749.4;750.1;741.4;745.29;133626
20151022;750;761.91;747.22;761.59;353461
20151023;766.58;767.13;758.07;762.24;260694
20151026;764.15;772.1;760.83;768.07;224848
20151027;769;771.28;755.77;763.26;306888
20151028;763.27;780.27;760.37;778.06;285512
20151029;779.56;787.9;776.96;783.23;309012
20151030;786.43;789.52;779.74;784.41;280867
20151102;783.91;789.68;774.09;785.26;248929
20151103;784.51;795;783.46;791.49;286253
20151104;790.99;796.77;786.1;788.75;227072
20151105;789.25;797.97;788.15;795.39;193990
20151106;792.8;803.25;792.8;797.29;370240
20151109;796.55;798.41;780.8;783.48;244882
20151110;782.05;791.73;780.86;789.65;163884
20151111;789.65;793.49;785.01;787.28;93749
20151112;777;783.99;774.27;775.21;315418
20151113;789.25;789.61;746;755.25;470433
20151116;753.14;775.71;751.3;775.54;303567
20151117;780.3;782;767.55;773;197295
20151118;772.41;784.15;770.51;783.35;169707
20151119;783;786.19;777.17;779.06;155813
20151120;784.36;785.84;780.19;783.82;215162
20151123;783.35;787.98;776.36;781.45;143621
20151124;777.12;782.7;771.74;779.66;165659
20151125;778.93;790.67;778.93;786.09;148604
20151127;784.98;789.5;781.75;785.96;104417
20151130;786.39;793.82;778.87;783.77;391573
20151201;786.04;792.42;773.78;779.24;237064
20151202;780.06;786.29;767;769.13;302747
20151203;770.37;770.9;753.08;757.37;275887
20151204;759.59;761.65;754.24;760.99;401092
20151207;760;763.31;748.56;752.17;413947
20151208;768.37;798.6;754.87;796.09;571073
20151209;794;800.87;775.5;783.81;522291
20151210;786.09;786.31;775.64;777.69;217782
20151211;765;790.74;749.02;755.88;239794
20151214;755.88;761.61;748.04;760.5;225137
20151215;764.04;764.61;756.03;761.3;207420
20151216;765.97;766.41;751.84;764.69;231440
20151217;762.73;763.5;753.3;755.31;246098
20151218;759.91;759.91;741.57;741.88;393866
20151221;749.3;752;735.52;742.95;249729
20151222;747;748.59;739.05;744.82;171693
20151223;747.76;749.02;741.79;744.35;130439
20151224;743.85;744.3;734.55;740.56;114934
20151228;739.88;742.19;734.96;741.87;121537
20151229;743.29;753.01;742.87;749.18;558120
20151230;745.38;755.08;745.38;750.17;141701
20151231;747.98;751.5;741.84;741.91;138010
20160104;733;742.23;728.52;735.48;299661
20160105;735.48;742.56;731.09;738.86;232940
20160106;733.32;738.35;727.11;729.2;255456
20160107;720.29;740.48;711.07;735.96;313823
20160108;735.96;738.87;708.9;712.06;258457
20160111;712.56;726.1;709.97;718.69;342774
20160112;722.51;730.49;712.84;728.99;250068
20160113;732.83;732.83;702.57;704.2;269166
20160114;702.82;718.2;699.37;712.61;262450
20160115;696.32;710.31;693.01;704.74;370721
20160119;712.97;718.13;704.01;715.71;347106
20160120;708;718.61;698.9;713.66;385654
20160121;713.1;724.82;710.1;717.73;281159
20160122;722.71;733.3;721.44;728.32;279342
20160125;728.81;738.95;727.73;728.52;220887
20160126;731.11;745.57;731.11;743.59;231038
20160127;740.3;754.99;736.51;744.29;313639
20160128;751.74;753.8;741.16;747.55;333865
20160129;745.48;771.59;743;767.39;472829
20160201;765;774.8;762.01;768.55;393870
20160202;768.18;769.04;756.08;763.6;340044
20160203;768.59;768.59;745.3;751.9;478846
20160204;748.04;750.32;734.3;747.87;512246
20160205;748.61;749.61;722.58;727.35;633534
20160208;716.55;722.9;681.01;695.46;656710
20160209;692;704.06;686.22;697.58;562478
20160210;702.57;709.89;695.06;697.17;374510
20160211;698.99;720.84;692.76;712.75;571824
20160212;717.14;732.37;714.02;729.62;320614
20160216;745;767.2;741.01;757.69;602622
20160217;762;772.45;745.7;754.18;382240
20160218;750;756.08;746.54;748.51;382534
20160219;746.91;760.1;745.36;759.91;340301
20160222;767.25;771.95;763.01;764.9;230470
20160223;766.55;771.18;755.69;764.28;290663
20160224;760.63;778.36;758.06;777.83;306223
20160225;780;785.71;772.26;785.15;247558
20160226;785.72;787.48;776.87;781.64;270402
20160229;784.5;787;774.57;774.57;392172
20160301;782.21;794.5;778.06;790.56;464285
20160302;788;792.44;774.45;780.89;315616
20160303;776.13;785.16;772.82;782.49;238918
20160304;784.71;784.71;773.87;777.62;276471
20160307;771.1;781.43;767.43;770.95;225668
20160308;766.02;773.17;765;765.05;343035
20160309;770.01;778.57;765.99;776.29;272182
20160310;779.32;790.69;770.83;788.36;327699
20160311;791.03;798.99;786.65;797.02;334847
20160314;794.98;801;793.9;796.61;278305
20160315;791.61;803.83;789.94;793.87;251296
20160316;793.87;795.64;783.23;792.52;246860
20160317;792.31;792.31;775.19;784.71;320051
20160318;788.63;788.63;777.25;780.21;391588
20160321;779.08;787.32;779.08;786.58;143244
20160322;784.38;794.31;784.14;785.99;242328
20160323;787.53;807.49;786.18;805.29;399610
20160324;803.48;810;798.5;803.06;249636
20160328;803.78;804.68;795.87;799.79;211309
20160329;802.67;805;796.48;798.04;330145
20160330;803;803.55;792.45;802.52;241503
20160331;804.53;804.53;793.65;796.69;269749
20160401;793.97;809.37;791.92;805.4;290873
20160404;803.12;803.8;787.03;792.95;268771
20160405;789.62;792.99;786.49;787.6;269602
20160406;786.29;790.36;782.82;788.74;210316
20160407;787.19;790;781;785.13;274726
20160408;786.24;786.24;776.85;783.93;240876
20160411;782.73;786.41;772.22;773.88;228578
20160412;774.12;778.27;769.79;777.04;218339
20160413;782.02;782.42;772.2;777.45;212619
20160414;776.33;785.11;775.66;778.14;178296
20160415;778.53;783.96;776.4;779.78;134535
20160418;778.24;787.37;778.24;783.22;148316
20160419;781.66;787.11;776.07;777.43;182588
20160420;777.45;781.84;773.05;777.05;170214
20160421;777.05;778.65;765.69;766.55;210166
20160422;767.07;773.36;762.77;771.07;181432
20160425;768;778.02;766.26;774.65;131453
20160426;775.76;781.27;774.47;778.79;130016
20160427;775.04;784.65;772.63;780.27;168391
20160428;775;775;765.85;767.47;228602
20160429;767.23;769;753.44;765.23;259191
20160502;770;776.84;768.31;774.98;221129
20160503;770.66;787.96;770.66;784.58;261957
20160504;780;786.87;776.77;785.42;200266
20160505;782.6;783.6;772.49;774.04;213655
20160506;770.64;777.78;764.13;776.21;151752
20160509;774.94;785.64;769.58;783.72;157540
20160510;784.72;790.42;781.24;788.8;196360
20160511;783.9;784.37;768.71;769.29;313228
20160512;775.01;783.33;771.95;780.81;219453
20160513;781.88;783.5;768.52;769.44;185756
20160516;768.87;781.99;767.53;779.13;179701
20160517;778.22;781.77;758.8;761.38;347160
20160518;759.5;765.43;754.36;760.86;347451
20160519;745;758.97;742.63;756.52;420348
20160520;759.24;769.16;755.87;761.56;386192
20160523;760.24;761.5;740.51;742.08;509775
20160524;733.35;766.64;732.22;760.42;571817
20160525;760.75;771.85;757.45;767.63;329585
20160526;766.45;776.33;764.74;767.38;333317
20160527;768;773.28;763.63;765.75;289734
20160531;767.49;767.52;759.23;762.2;599012
20160601;759.7;764.66;758.4;760.75;327691
20160602;760.76;770.44;756.58;768.59;295633
20160603;766.15;769.66;758.21;761.31;310361
20160606;761.31;762.09;748.93;756.12;384346
20160607;754.01;762.06;752.28;760.84;287877
20160608;758.34;763.56;757.49;760.58;205746
20160609;761.19;765.5;755.25;760.07;256373
20160610;757.34;758.59;752.65;754.15;239594
20160613;753.3;758.16;750.15;751.14;300506
20160614;748.28;749.4;743.69;748.38;246694
20160615;748.02;755.82;747;747.69;185105
20160616;745.35;751.42;741.58;751.31;410536
20160617;750.56;750.56;743.95;745.83;293801
20160620;757.07;758.15;750.98;752.06;170170
20160621;749.13;751.67;744.36;748.74;194593
20160622;751.64;763.93;749.17;756.3;266009
20160623;760.44;763.85;756.8;762.77;173229
20160624;743.31;775.99;741.52;769.92;480486
20160627;764.94;772.48;762.38;767.65;315231
20160628;770.3;791.58;768.53;790.46;439219
20160629;794.21;804.77;790.19;792.82;326959
20160630;792.99;797.04;786.17;793.84;327059
20160701;795.96;802.94;792.72;798.72;196604
20160705;800;804.2;796.27;803.36;302914
20160706;803;810.75;802.1;805.56;235707
20160707;804.84;809.06;797.69;799.66;204083
20160708;804;815.45;801.85;815.02;217381
20160711;815.15;819.54;808.62;809.72;179756
20160712;811.34;815;799.57;801.08;208195
20160713;805.29;807.36;796.83;801.31;134591
20160714;806.29;807.89;798.3;805.18;155795
20160715;810;810;798.83;799.14;183669
20160718;800.9;803.98;793.63;796.38;232713
20160719;789.08;799.9;782.3;795.66;246619
20160720;796.87;801;796.47;800.04;194453
20160721;798.89;799.46;790.33;792.63;102039
20160722;796.41;796.87;790.97;794.53;114383
20160725;796.92;798.96;794.6;798.46;128856
20160726;794.59;805.56;794.59;800.44;205728
20160727;802.5;802.92;788.84;790.32;164197
20160728;791.45;818;791.45;815.98;303342
20160729;816;816.52;810;813.97;221898
20160801;816.12;817.74;810.14;811.78;137385
20160802;813.55;816.83;800.5;802.53;151075
20160803;803.53;808.27;800.88;804.91;126583
20160804;802.72;809.99;802.72;808.24;85929
20160805;809.68;812.84;805.02;806.29;145487
20160808;808.32;808.88;800.04;801.26;114981
20160809;800.59;803;797.02;798;150836
20160810;798.79;804.73;798;803.45;128098
20160811;806.68;813.48;798.96;801.24;206293
20160812;799.03;802.9;795.34;795.86;112762
20160815;796.72;798.65;793.29;794.36;161257
20160816;790;793.95;788.09;789.54;155746
20160817;787.57;789.44;782.13;786.26;160254
20160818;787.31;792.34;783.47;788.36;169007
20160819;788.47;794;787.14;793.9;182295
20160822;793.66;795.43;790.19;790.67;159524
20160823;794.84;795.57;787.97;788.88;187617
20160824;784.62;788.37;773.76;777.12;351031
20160825;773.43;779.82;772.41;773.05;235197
20160826;771.28;771.5;752.13;753.47;450829
20160829;753.58;759.37;748.85;750.85;364269
20160830;752.87;752.87;737.03;741.86;433178
20160831;741.48;745.48;736.9;741.8;315824
20160901;744.23;748.47;742.5;744.77;310160
20160902;748.41;748.41;737.5;739.73;213615
20160906;739.75;743.24;731.8;737.26;311485
20160907;736.83;739.13;731.08;732.12;338876
20160908;729.9;730.65;726.07;729.38;317670
20160909;727.64;728.67;722.16;722.44;400512
20160912;724.95;743.12;723.68;740.38;596509
20160913;736.1;746.79;734.45;744.15;583325
20160914;746.28;747.79;738.19;739.21;328679
20160915;737.56;740.53;732.09;739.11;300851
20160916;737.38;741.88;734.22;735.52;410417
20160919;735;747.01;734.14;746.35;382199
20160920;749.02;750.77;742;744.06;362168
20160921;741.78;755.56;741.78;751.45;592877
20160922;758.58;760.98;740.05;748.23;1030135
20160923;746.05;751.8;737.5;744.85;818102
20160926;743.72;759.95;742.39;758.88;753136
20160927;772.04;783.33;765.26;779.61;794553
20160928;780;780;764.59;767.15;436429
20160929;765.03;771.49;759.14;765.76;385523
20160930;768.12;772.36;762.69;768.34;354110
20161003;763.28;767.03;759.15;760.71;336532
20161004;762.57;762.57;754.47;758.54;251759
20161005;763.28;764.99;758.14;759.44;278318
20161006;758.17;764.75;755.17;761.93;259179
20161007;766.28;766.28;759.03;760.34;268695
20161010;765;768.6;762.5;764.44;205278
20161011;764.97;765.58;759.43;760.61;331450
20161012;759.34;766.09;759.1;762.22;328048
20161013;758.72;768.37;756.45;767.86;193900
20161014;770.07;775.36;762.82;763.51;243329
20161017;760.71;762;754.16;754.95;465390
20161018;759;759;753.32;753.8;242648
20161019;749;752.91;734.32;750.44;389818
20161020;752.65;752.65;744.17;746.27;243314
20161021;744.73;750.35;742;746.98;415267
20161024;747.84;753.81;747.84;752.94;179467
20161025;749.26;751.97;745.94;750.39;250222
20161026;750.25;753.22;747.22;751.56;184383
20161027;752.2;752.84;725.5;726.37;401669
20161028;727.26;737.75;725;735.37;381219
20161031;736.86;742.51;732.28;742.16;286058
20161101;742.61;743.56;731.6;734.45;196816
20161102;730.43;742.75;730.1;738.03;160321
20161103;740.62;745.01;737.59;738.87;241467
20161104;742.3;744.09;729;731.65;349752
20161107;735.81;739.55;730.77;732.87;360138
20161108;733.15;736.94;729.06;731.88;289710
20161109;721.41;742.99;720.45;740.85;288177
20161110;743;753.66;740.85;746.28;361246
20161111;744.49;752;742.16;750.35;196394
20161114;751;752.99;727.37;729.36;513945
20161115;743;758.89;739.57;744.8;483499
20161116;745.81;754.25;741.5;751.95;310606
20161117;750.11;775.35;750.11;773.12;326342
20161118;772.19;773.25;752.82;755.24;271150
20161121;753.84;779.53;752.85;777.9;319020
20161122;780.03;795.49;777.93;793.79;423957
20161123;793.92;806.51;792.92;798.05;479134
20161125;796.15;809.78;795.01;797.96;128614
20161128;795;801.77;790.83;793.9;276359
20161129;793.9;798.84;789.13;790.24;256535
20161130;790.66;791.51;779.89;783.18;340537
20161201;780.61;789.04;778.13;780.76;299155
20161202;783.26;789.71;781.01;783.74;242616
20161205;786.14;787.77;772.35;776.42;391743
20161206;787;792.46;778.11;779.81;444813
20161207;789.94;810;784.21;809.87;501864
20161208;807.52;813.7;802.2;807.71;330124
20161209;810.81;811.59;799.1;803.1;360422
20161212;802.47;805.98;796.57;802.37;227940
20161213;802.9;808.95;802.08;803;210078
20161214;800;804.92;787.59;788.96;236524
20161215;790.54;797.05;786.05;795.57;355464
20161216;799.88;805.09;789.3;794.72;458723
20161219;794.02;805.56;794.02;798.69;306301
20161220;798.81;808.1;798.37;807.32;184288
20161221;808.51;809.52;802.87;803.62;225735
20161222;801.4;806.77;790.96;799.61;278043
20161223;797.05;801.94;792.8;795.82;169729
20161227;799.02;805.78;798.02;803.57;210258
20161228;804.22;805.1;794.49;795.89;156632
20161229;795.63;803.96;795.63;798.49;204928
20161230;800.35;800.5;787.19;789.79;246397
20170103;795.58;802.15;784.39;791.46;248931
20170104;789.94;795.88;786.8;793.04;187533
20170105;788.72;795.99;785.01;792;243301
20170106;791;796.74;788.26;792.91;216484
20170109;795.73;795.73;788.39;790.34;127125
20170110;788.72;797.16;788.6;793.68;186478
20170111;796.16;800;787.69;792;171024
20170112;788.35;790.97;781.7;790.27;213659
20170113;787.67;793.3;779.81;779.81;262110
20170117;780.26;787.3;780.26;782.29;278706
20170118;785.54;785.67;772.55;778.3;308007
20170119;775.07;776.48;767;769.9;255533
20170120;771.2;775;764.21;770.02;340404
20170123;753.6;754.1;730.99;739.35;701214
20170124;742.14;746.5;735.41;738.43;355222
20170125;743.43;744.28;734.06;735;391111
20170126;736.17;739.82;729.82;729.89;361619
20170127;729.55;731.21;723.45;730;320772
20170130;728.45;731.92;723.34;724.41;339936
20170131;725.64;726.55;718.07;724.98;1938773
20170201;728.74;729.56;713.09;714.99;394208
20170202;714.24;726.38;713.44;725.43;457452
20170203;724.93;731.59;722.66;724.72;318848
20170206;723.64;728.98;720.06;720.49;299891
20170207;721.15;726.48;716.42;721.66;349882
20170208;720.5;743.14;717.52;741.06;566519
20170209;743.65;749.01;739.35;745.94;444648
20170210;751.61;751.61;738.2;740.65;236469
20170213;741;741;733.19;736.09;173986
20170214;735;739.38;732.1;735.79;267484
20170215;735;741.36;734.14;739.5;229105
20170216;743.19;744.89;733.8;737.36;264848
20170217;737.66;741.78;734.14;741.05;231431
20170221;745;749.99;736.71;740.66;319734
20170222;743.44;744.91;731.02;735.33;316680
20170223;734.07;734.96;726.12;727.22;347221
20170224;727;734.71;723.33;732.75;257417
20170227;733.76;740.85;730.87;740.85;537211
20170228;732.64;752.99;732.29;736.55;603256
20170301;740.01;748.91;736.02;738.97;649582
20170302;739.85;739.85;730.44;733.53;276054
20170303;731.73;734.03;720.2;725.24;483725
20170306;728;728;720.84;723.91;302664
20170307;721.86;726.3;711;712.72;495310
20170308;711.12;719.82;705.3;717.67;417632
20170309;718.05;721.32;714.56;715.93;334490
20170310;717.57;720.93;713.98;717.03;276518
20170313;716;730.53;712.78;728.55;367578
20170314;728.22;731.5;724.44;728.99;250630
20170315;729.15;729.35;711.33;716.29;559622
20170316;713.91;721.96;713.3;721.85;270694
20170317;723.12;732.09;723.12;730.77;474177
20170320;730.26;735;726.79;729.79;298785
20170321;731.02;732.43;723.67;725.21;318353
20170322;729.74;731.89;723.39;725.35;282057
20170323;724.18;730.29;719.49;725.5;260652
20170324;725.56;727.33;719.25;721.16;187117
20170327;716.5;719.14;712.34;714.16;367797
20170328;712.51;717.02;706.28;716.99;385968
20170329;717.21;724;716.66;722.46;267896
20170330;722;723.17;711.22;719.08;334954
20170331;718.28;727;716.95;723.05;301248
20170403;720.5;721.47;695.16;700.69;796642
20170404;700;705.66;692.9;696.67;499895
20170405;699;709.46;697.3;703.03;408846
20170406;705.23;707.16;700;702.29;235243
20170407;702.59;706.41;699.65;700.44;265855
20170410;700.52;707.45;700.52;703.64;260151
20170411;702.73;702.73;698.01;700.59;193796
20170412;696.16;700.57;692.34;693.34;264967
20170413;693.68;697.92;688.46;688.46;198589
20170417;692.33;692.94;686.55;687.61;218176
20170418;685.35;691.58;684.48;689.07;262667
20170419;693.33;711.35;693.33;697.57;458158
20170420;699.64;708.3;697.39;706.3;296911
20170421;706.08;713.35;705.89;707.79;343824
20170424;713.23;722.69;711.17;722.45;367094
20170425;723.99;724.9;711.25;712.06;353496
20170426;713.82;719.8;709.85;715.12;443409
20170427;713.87;727.15;692.5;703.9;635931
20170428;700.51;703.25;688.02;692.19;527250
20170501;696.4;697.83;680;682.99;362429
20170502;683.27;689.76;680.14;688.94;362883
20170503;689.32;698.39;685.45;697.18;324395
20170504;696.4;706.57;696.4;704.58;294158
20170505;705.42;707.5;700.61;705.31;281328
20170508;703.27;711;703.27;709.98;202450
20170509;711.7;711.7;702.42;707.05;262520
20170510;703.56;703.56;693.28;698.03;378740
20170511;691;696.69;683.26;693.85;331626
20170512;689.98;691.92;680.06;680.72;304403
20170515;681.16;693.27;679.25;681.01;464476
20170516;680.04;680.04;668.29;669.83;463393
20170517;666.31;672.37;658.39;664.05;545723
20170518;665.07;677.29;664.32;673.79;335561
20170519;675.32;677.47;667.52;673.65;541983
20170522;671;672.55;657.99;659.49;594257
20170523;607.01;612.99;579.61;581.4;2949654
20170524;581.18;598.75;573.8;590.99;1624012
20170525;594.97;609.85;593.89;607.34;846348
20170526;605;618;605;615.62;785117
20170530;621.8;623.97;611.52;612.98;595450
20170531;613.83;616.42;601.5;605.92;884528
20170601;606.11;625.56;603.11;623.98;639361
20170602;622.9;623.75;613.12;621.7;495805
20170605;619.18;622.77;612.47;617.07;536302
20170606;617.09;617.09;603;603.88;464225
20170607;604.89;612.93;604.05;606.77;451428
20170608;607.41;610;596.73;598.96;477733
20170609;598.91;607.67;594.59;606.36;537966
20170612;606.52;621.19;606.52;612.02;517310
20170613;613.3;617.75;607.01;612.08;324979
20170614;610.26;613.42;605.18;608.38;346892
20170615;603.95;616.76;603.18;613.01;455045
20170616;609.73;610.45;590.47;593.81;639682
20170619;597.53;598.61;587.48;596.86;419304
20170620;590.89;591.94;580.02;585.2;561337
20170621;585.5;587.19;568.07;574.01;711074
20170622;572.55;582.13;566.63;579.63;702813
20170623;579.5;581.62;567.9;574.98;632640
20170626;575.94;585.52;574.08;579.61;295876
20170627;577.54;588.74;576;578.77;282113
20170628;576.12;580.03;568.85;569.02;514171
20170629;571.44;572;557.77;559.67;663031
20170630;562.53;571.71;560.23;570.46;464931
20170703;570.85;575.68;568.06;571.71;227632
20170705;530.3;543.39;514.47;516.83;1858050
20170706;514.01;524.37;503;507.48;901523
20170707;503;504.89;498.5;501.39;705232
20170710;503;512.76;501.34;507.54;722521
20170711;508;509.4;499.57;499.57;671411
20170712;501.97;506.59;492.02;493.15;693362
20170713;492.96;510.74;492.03;506.81;615789
20170714;507.53;510.97;498.14;506.31;545806
20170717;502.89;512.52;501.48;503.66;437407
20170718;504.01;504.74;494.58;495.69;595300
20170719;497.08;500.37;491.9;493.44;447445
20170720;495.5;506.59;491.13;502.56;489345
20170721;499.2;512.9;497.84;511.46;651303
20170724;509.46;514.04;498.24;498.25;448137
20170725;501.47;511.33;498.53;511.01;341695
20170726;511.34;517.23;505.77;515.97;396937
20170727;520.02;530.92;517.92;529.01;708321
20170728;529.4;531.99;522.33;526.92;680122
20170731;528.05;541.74;523.08;539.82;624563
20170801;542.62;548.89;538.46;547.86;472681
20170802;545.57;552.38;542.5;542.89;581731
20170803;540.55;543.72;528.54;529.29;389439
20170804;530;537.81;530;536.82;259669
20170807;537.79;544.2;532.65;541.66;315382
20170808;547.58;547.71;530.35;530.97;302459
20170809;526.73;533.47;522.84;533.16;409753
20170810;530.83;533.45;525.26;525.52;301847
20170811;525;535.57;525;533.94;373200
20170814;537.54;537.54;523.04;525.32;470183
20170815;501.54;519;497.29;516.13;819720
20170816;520;528.24;517.33;524.59;542164
20170817;524.96;529.91;511.27;515.56;478143
20170818;513.2;513.2;499.1;510.19;870425
20170821;510.63;519.39;504.96;517.51;361892
20170822;519.14;521.59;514.73;519.13;262335
20170823;517.57;521.27;508.04;513.34;292170
20170824;513.67;518.79;511.01;511.63;417239
20170825;515.62;536.83;515.24;528.95;630381
20170828;529.75;530;521.45;525.4;280185
20170829;520.68;525.99;519.41;522.38;265346
20170830;522.49;533.75;520.48;529.53;293165
20170831;529.66;534.6;527.86;528.44;376572
20170901;531.2;540.51;531.2;538.77;338775
20170905;541.36;549.46;537.71;540;502886
20170906;543.57;544.98;537.51;540.65;350656
20170907;540.5;543.27;535.1;541.16;286962
20170908;541.23;544.43;537.36;540.51;331538
20170911;542.49;543.93;535.96;540.32;257601
20170912;538.47;557.2;536.71;551.55;432276
20170913;551.25;571.15;551.25;569.34;802930
20170914;570;570.33;562.97;563.56;637273
20170915;564.98;575.46;564.35;569.89;693599
20170918;571.46;574.97;563.4;563.4;897459
20170919;567;583.89;533.4;535.19;2031362
20170920;533.77;550.85;533;543.58;673167
20170921;542.4;555;541;553.49;659176
20170922;553.49;575.39;553.49;574.03;729263
20170925;574.69;588.98;574.04;583.48;681129
20170926;585.87;588.58;578.63;587.13;408957
20170927;588.87;590.25;582.4;588.28;304767
20170928;583.05;589.98;578.36;587.29;503776
20170929;588.77;596.02;585.11;595.11;457256
20171002;595.65;599.54;590.36;597.62;319134
20171003;599.53;601.29;592.8;599.55;317781
20171004;599.95;601.15;589.33;595.24;337394
20171005;591.16;601.05;591.02;599.83;296433
20171006;599.82;603.74;597.84;601.49;250033
20171009;601.04;601.96;591.49;592.04;198287
20171010;592.01;595.94;586.42;587.57;340169
20171011;587.55;590;579.36;588.56;356498
20171012;587.69;593.36;581.46;589.75;233683
20171013;590.09;600.29;587;599.16;294548
20171016;599.3;603.74;594.18;598.55;271372
20171017;600;609.62;598.65;607.87;389056
20171018;608.8;610.78;603.87;606.31;308632
20171019;602;603.29;588.74;595.27;578822
20171020;597.68;598.31;588.74;590.06;372094
20171023;592.46;594.29;586.78;589;283219
20171024;587.97;590.93;576.92;585.83;422103
20171025;586.05;587.88;578;587.4;280074
20171026;575.8;596.65;560.82;590.89;1417358
20171027;589.37;592.9;577.91;583.17;490714
20171030;583.27;591.54;581.22;590.15;380139
20171031;591.25;593.43;587.7;589.5;189529
20171101;592.94;594.83;579.6;584.88;357093
20171102;583.52;603.41;576.13;602.7;420864
20171103;601.12;611.43;597.74;606.41;373539
20171106;605.91;613;602.06;607;285368
20171107;606.2;609.88;598.84;603.56;215570
20171108;603.32;609.4;595.44;596.03;292251
20171109;595.92;606.77;591.51;605.97;437142
20171110;604.22;607.79;594.78;598.06;447849
20171113;598.18;600.56;588.56;595.26;359984
20171114;602.15;633.24;602.15;607.63;692393
20171115;601.33;611.5;601.33;609.14;356307
20171116;609.24;619.75;606.57;618.59;286105
20171117;622.28;630.83;618.11;629.43;384230
20171120;628.78;637.39;624.94;634.65;490326
20171121;633.48;633.48;625.48;632.4;505383
20171122;633;642.08;633;638.24;421554
20171124;641.92;641.92;629.69;632.98;123885
20171127;634.05;644.83;633.51;637.95;349898
20171128;641.23;665.91;636.95;664.22;754705
20171129;666.24;703.4;665.85;688.92;1076450
20171130;688.92;703.51;685.14;686.76;551828
20171201;690;691.2;672;678.4;383436
20171204;687.37;712.47;685.21;709.77;852483
20171205;747;763.3;703.6;712.76;1225498
20171206;705.63;711.76;696.94;698.65;492942
20171207;701.46;704.09;693.75;702.34;417295
20171208;702.79;723.43;701.29;721.89;546910
20171211;719.59;720.8;705.78;708.61;502297
20171212;710.86;717.67;706.7;711.05;447087
20171213;715.35;716.34;703.14;708.21;303732
20171214;709.32;709.32;694.74;701.23;522118
20171215;702.24;709.05;696.64;697.06;591512
20171218;703.91;708.45;696.14;704.4;428170
20171219;703.48;708.7;697.43;701.01;584573
20171220;706.69;708.87;694.6;700.9;674768
20171221;701;708;699.64;705.91;401994
20171222;704.83;713.58;699.01;710.09;283359
20171226;710.95;717.57;710.95;714.48;180224
20171227;714.19;715.57;706;707;275125
20171228;709.5;719.06;709.12;718.38;278212
20171229;718.38;719.69;709.33;711.37;289095
20180102;716.54;746.54;714.45;736.54;558705
20180103;740.13;760;736.76;749.43;597496
20180104;759.89;769.18;751.22;761.26;640993
20180105;767.38;780.54;764.72;775.5;482950
20180108;775.16;782.43;761.78;766.48;430925
20180109;767.92;772.92;761.49;770.95;385822
20180110;768.19;772.62;763.19;767.78;372540
20180111;769.81;774.72;757.77;773.31;591001
20180112;773.45;789.78;769.32;787.93;456389
20180116;789.04;791.64;774.27;781.02;345106
20180117;781.08;791.2;776.54;788.06;293589
20180118;790;790;778.27;784.79;297633
20180119;789.12;797.89;785.46;793.8;306062
20180122;792.54;792.54;772.99;788.7;532866
20180123;789.57;789.57;775;786.37;323805
20180124;787.84;794.98;780;793.36;264302
20180125;792.74;792.74;781.49;786.3;367197
20180126;787;796.95;785.09;796.95;248830
20180129;792.43;796.73;784.52;786.71;214935
20180130;782.05;785.57;771.55;776.67;325994
20180131;777.68;786.87;761.53;765.44;407929
20180201;761.32;770.89;756.41;764.38;321622
20180202;763.37;771.13;748.71;750.58;338797
20180205;747;763.77;730.48;731.59;551111
20180206;720.1;753.98;710.05;745.07;513286
20180207;742.14;753.73;726.4;728.33;412194
20180208;732.73;752.25;718.57;718.57;666326
20180209;723.85;729.48;680.23;723.5;895670
20180212;725.55;739.68;718.92;730.2;450664
20180213;728.36;728.36;707.14;711.88;372874
20180214;708.22;729.47;704.64;720.84;352308
20180215;726.73;728.64;714.62;724.6;375327
20180216;725.77;728.67;707.72;714.05;360652
20180220;710;728.71;707.9;713.23;309800
20180221;731.6;750.45;717.52;719.49;488082
20180222;721.46;728.36;713.58;716.88;246698
20180223;720.95;726.05;720.2;725;258493
20180226;730;735.9;717.36;735.9;510537
20180227;708.55;710.59;646;654.47;1872327
20180228;658.4;687.91;650.6;664.72;1085687
20180301;664.82;669;650.06;662;617682
20180302;654.34;666.61;645.14;662.86;618990
20180305;657.72;662.85;650.14;655.75;444198
20180306;656.5;664.92;651.1;664.72;443105
20180307;656.72;662.96;651.86;656.77;338625
20180308;657.32;658.84;649.82;654.6;301400
20180309;656;662.49;649.35;659.4;388792
20180312;660.1;660.1;645;653.26;550146
20180313;653.85;658.08;648.17;650.09;375409
20180314;651.17;654.16;645.8;649.3;461973
20180315;652.55;652.55;646.87;648.93;355994
20180316;649.45;654.28;647.4;648.49;428526
20180319;647.91;653.83;643.22;651.48;593621
20180320;652;653.23;648.4;649.01;361446
20180321;653.33;661.2;647;648.12;389763
20180322;646.32;654.13;642.65;643.37;519851
20180323;646.01;649.32;635.41;637.02;389753
20180326;645.47;647.52;633.44;638.46;415428
20180327;642;642.33;631.02;634.52;461603
20180328;636;655.07;632.19;637.25;339342
20180329;642.04;649.9;641.62;648.69;317759
20180402;642.06;646.15;606.55;613.15;541604
20180403;618.88;624.35;613.2;619.23;288370
20180404;611.69;629.29;611.69;628.65;298442
20180405;643.37;645.36;631.16;637.38;253424
20180406;633.5;635.91;613.45;620.36;361171
20180409;624.92;628.12;613.31;615.1;352576
20180410;623.24;623.24;616.03;616.68;354028
20180411;613.99;621.04;612.25;615.96;189672
20180412;618.3;621.54;612.51;616.51;237524
20180413;617.97;619.42;603.98;606.83;321799
20180416;609.95;613.55;602.77;604.36;280900
20180417;608.79;608.79;600.27;605.36;295940
20180418;607.5;615.15;605.28;608.53;313529
20180419;607.5;609.31;596.98;603.82;302995
20180420;605.78;605.78;590.76;595.84;557018
20180423;596.04;602.35;595.29;599.47;247618
20180424;604.36;613.73;599.15;602.72;282846
20180425;601.02;612.86;601.02;610.57;419627
20180426;641;650.95;613.42;619.29;703370
20180427;619.05;630.3;610.98;628.67;279742
20180430;629.73;632.9;623.55;624.52;264234
20180501;623.58;633.05;616.15;632.16;346805
20180502;630.1;637.68;624.65;630.18;259082
20180503;631.68;641.68;626.48;636.85;307139
20180504;635.21;658.52;635.21;649.94;454707
20180507;656.01;658;645.13;648.85;305957
20180508;647.42;658.9;644.22;655.17;251380
20180509;655.99;660;637.16;658.33;365139
20180510;660.46;663.23;653.58;658.52;208763
20180511;658.81;664.64;656;660.86;267316
20180514;660.22;669.51;660.22;666.02;268087
20180515;661.21;666.98;651.01;654.16;337130
20180516;655.9;664.85;646.44;647.93;328363
20180517;647.63;650.89;643.41;646.3;329400
20180518;647.06;653.51;642.91;652.64;384541
20180521;655;666.64;652.11;665.09;481743
20180522;700;710;601.53;602;1889808
20180523;597.18;622.45;597;622.09;914046
20180524;621.07;638.6;615.13;636.99;513382
20180525;634.07;639.5;630.08;633.7;397558
