20100104;11.29;11.43;11.14;11.16;1873799
20100105;11.1;11.53;11.1;11.47;2914283
20100106;11.53;11.97;11.41;11.91;4886419
20100107;11.94;12.1;11.76;11.82;2090849
20100108;11.82;12.29;11.65;12.25;4125390
20100111;12.42;12.54;12.1;12.35;3797275
20100112;12.26;12.55;12.23;12.39;2880156
20100113;12.42;12.44;12.16;12.41;2501891
20100114;12.37;12.55;12.31;12.43;2198001
20100115;12.46;12.54;12.17;12.18;2434884
20100119;12.21;12.24;11.9;11.94;2785981
20100120;11.85;12;11.75;11.8;1726474
20100121;11.79;12.01;11.71;11.9;4224431
20100122;11.84;12.05;11.7;11.75;3196702
20100125;11.91;12.05;11.78;11.82;2552885
20100126;11.69;11.97;11.69;11.73;1359414
20100127;11.75;11.88;11.51;11.74;2700619
20100128;11.74;11.8;11.41;11.49;2469516
20100129;11.51;11.73;11.28;11.29;1814645
20100201;11.36;11.71;11.3;11.69;2406701
20100202;11.74;11.97;11.7;11.94;1864422
20100203;11.91;12.02;11.7;11.96;3140817
20100204;11.78;12.01;11.64;11.65;3124446
20100205;11.68;11.73;11.34;11.61;3172920
20100208;11.64;11.78;11.51;11.64;1751555
20100209;11.83;11.86;11.61;11.67;2767090
20100210;11.62;11.72;11.5;11.61;1147200
20100211;11.61;11.82;11.51;11.82;1016863
20100212;11.67;11.76;11.59;11.74;1499125
20100216;11.8;12.06;11.77;12.06;1022379
20100217;12.01;12.7;12.01;12.52;3027904
20100218;12.54;12.82;12.52;12.73;2305981
20100219;12.75;12.97;12.67;12.82;1923596
20100222;12.85;13.13;12.84;13.04;2167706
20100223;13.04;13.17;12.72;13.05;2418283
20100224;13.05;13.05;12.5;12.88;4131318
20100225;12.72;12.81;12.59;12.77;3469002
20100226;12.8;13.05;12.75;12.97;2905431
20100301;13.03;13.46;12.83;13.45;2818231
20100302;13.49;13.51;13.15;13.21;3810582
20100303;13.25;13.3;12.85;13.01;3404590
20100304;13.47;14.56;13.3;13.68;11219082
20100305;13.76;14.34;13.65;14.24;4304035
20100308;14.24;14.37;13.89;13.95;4260245
20100309;13.83;14.06;13.54;13.54;4032027
20100310;13.56;13.7;13.47;13.49;4497657
20100311;13.45;13.98;13.21;13.95;3955655
20100312;14.02;14.58;13.95;14.55;4623199
20100315;14.53;14.79;14.26;14.45;4348041
20100316;14.43;14.77;14.38;14.7;2336177
20100317;14.79;14.94;14.63;14.67;2121341
20100318;14.69;14.81;14.51;14.59;1685661
20100319;14.65;14.79;14.34;14.59;3910575
20100322;14.46;15.11;14.4;14.99;2417042
20100323;15.02;15.13;14.74;15.1;2040117
20100324;15.07;15.07;14.71;14.87;1892529
20100325;14.94;14.98;14.67;14.71;2181779
20100326;15.07;15.45;14.95;15.06;4479463
20100329;15.14;15.39;15.11;15.14;2528071
20100330;15.24;15.39;15.03;15.04;3118317
20100331;15;15.16;14.97;15.04;2384345
20100401;15.5;15.72;15.33;15.41;4521036
20100405;15.49;15.6;15.34;15.5;2832646
20100406;15.34;15.61;15.26;15.56;2724000
20100407;15.46;15.63;15.21;15.3;2427626
20100408;15.25;15.31;15;15.26;2563408
20100409;15.33;15.38;14.99;15.3;2542363
20100412;15.3;15.31;15.04;15.25;2031940
20100413;15.22;15.47;15.1;15.43;1881736
20100414;15.45;15.72;15.22;15.67;3235172
20100415;15.95;16.07;15.76;15.97;3023164
20100416;15.88;16;15.63;15.78;3395532
20100419;15.66;15.83;15.31;15.54;3014378
20100420;15.64;15.82;15.55;15.73;1530512
20100421;15.71;16.03;15.53;15.93;1810820
20100422;15.82;16.54;15.75;16.5;2654352
20100423;16.49;16.59;16.27;16.48;1716701
20100426;16.35;16.76;16.35;16.75;2113489
20100427;16.68;16.73;15.89;15.92;2787967
20100428;16.08;16.24;15.69;15.93;2138772
20100429;16.1;16.4;15.99;16.32;1569191
20100430;16.39;16.45;15.32;15.35;2768220
20100503;15.45;15.79;15.39;15.63;2444903
20100504;15.39;15.39;14.78;14.86;4266217
20100505;14.69;15.14;14.36;14.87;4548890
20100506;14.76;14.76;13.06;14.17;5546127
20100507;14.11;14.46;13.57;13.94;4497325
20100510;14.5;14.87;14.46;14.8;3610160
20100511;14.6;15.12;14.59;14.9;2238484
20100512;14.9;15.33;14.81;15.23;1595390
20100513;15.13;15.21;14.29;14.36;2760043
20100514;14.31;14.41;14.01;14.15;2897771
20100517;14.18;14.43;13.88;14.39;2880116
20100518;14.6;14.72;13.96;13.98;2377474
20100519;13.88;14.12;13.43;13.66;3866204
20100520;13.4;14.01;13.08;13.44;5115491
20100521;13.55;14.09;13.18;13.98;6344419
20100524;13.91;14.14;13.79;13.84;1855558
20100525;13.46;14.09;13.23;14.04;3077637
20100526;14.06;14.55;14.05;14.13;3552635
20100527;14.51;15.04;14.31;15.02;3027294
20100528;15.03;15.47;14.77;14.91;2644703
20100601;14.81;15.14;14.43;14.45;1946140
20100602;14.47;14.71;14.26;14.71;1421846
20100603;14.65;15.08;14.44;14.72;1696143
20100604;14.42;14.47;13.71;13.88;2955320
20100607;13.78;13.92;13.22;13.24;2805213
20100608;13.24;13.45;13;13.42;2196462
20100609;13.58;13.78;13.25;13.32;2111208
20100610;13.62;14.08;13.6;14.02;2505284
20100611;13.84;14.35;13.76;14.31;2854183
20100614;14.55;14.82;14.4;14.58;2562271
20100615;14.74;14.94;14.52;14.94;2196525
20100616;14.79;14.84;14.52;14.67;2432388
20100617;14.68;14.76;14.19;14.45;2315435
20100618;14.47;14.65;14.27;14.36;1900228
20100621;14.65;14.65;13.78;13.9;2074095
20100622;13.96;14.26;13.61;13.67;1988574
20100623;13.7;14.13;13.54;13.88;3775609
20100624;13.75;13.76;13.27;13.48;3519258
20100625;13.43;13.54;12.87;13.32;5194913
20100628;13.47;13.52;13.18;13.26;2211786
20100629;12.99;13.06;12.53;12.85;3217579
20100630;12.87;13.22;12.6;12.62;3181445
20100701;12.69;13.01;12.28;12.88;4264410
20100702;12.94;13.07;12.6;12.62;2336248
20100706;12.8;13.07;12.27;12.43;3126916
20100707;12.45;12.99;12.45;12.95;2430020
20100708;13.08;13.23;12.83;12.97;2175027
20100709;12.98;13.33;12.85;13.29;2332494
20100712;13.25;13.46;13.08;13.28;2083091
20100713;13.44;13.64;13.34;13.56;2519969
20100714;13.47;13.54;13.22;13.45;3025960
20100715;13.46;13.52;13.1;13.49;1930912
20100716;13.39;13.41;12.78;12.84;2496771
20100719;12.94;13.21;12.91;13.12;1795356
20100720;12.9;13.61;12.87;13.6;2276540
20100721;13.68;13.71;13.19;13.22;2253758
20100722;13.44;13.74;13.33;13.65;2036425
20100723;13.56;14.19;13.51;14.12;2185051
20100726;14.13;14.36;13.86;14.33;2011390
20100727;14.43;14.47;13.86;14.17;3131659
20100728;14.18;14.4;14.08;14.14;3331825
20100729;14.21;14.43;13.27;13.52;5115085
20100730;13.38;13.62;13.24;13.59;3047411
20100802;13.81;14.2;13.65;14.11;4524805
20100803;14.02;14.08;13.44;13.52;2538054
20100804;13.55;13.77;13.46;13.53;2356832
20100805;13.36;13.45;13.13;13.39;2179100
20100806;13.25;13.39;13;13.25;1398082
20100809;13.37;13.79;13.37;13.59;3204626
20100810;13.4;13.41;12.72;12.74;3665268
20100811;12.45;12.59;12.28;12.53;2432210
20100812;12.27;12.52;12.14;12.52;2947668
20100813;12.49;12.75;12.42;12.51;2428562
20100816;12.41;12.8;12.31;12.58;1729180
20100817;12.74;13.14;12.65;12.93;2690442
20100818;12.94;13.29;12.85;13.14;2040164
20100819;13.09;13.32;12.82;12.99;3465183
20100820;12.98;13.22;12.27;12.39;6450206
20100823;12.44;12.71;12.08;12.09;3648481
20100824;11.92;12.04;11.67;11.8;3816467
20100825;11.67;12.12;11.59;12.03;4398248
20100826;12.19;12.37;11.91;12.09;3506080
20100827;12.22;12.39;11.91;12.22;2356972
20100830;12.19;12.23;11.88;11.88;1334493
20100831;11.83;12.06;11.66;11.74;2350563
20100901;11.98;12.49;11.98;12.33;2614949
20100902;12.23;12.68;12.23;12.44;3533852
20100903;12.72;13.2;12.72;13.12;2478244
20100907;13.05;13.1;12.84;12.95;2175569
20100908;12.94;13.15;12.86;13.06;2125728
20100909;13.31;13.49;12.99;13.02;3346519
20100910;13.1;13.32;12.9;13.02;2497935
20100913;13.22;13.6;13.22;13.52;2181522
20100914;13.53;14.35;13.51;14.08;3327418
20100915;14.08;14.23;13.86;14.08;3258421
20100916;14.01;14.28;13.84;14.15;2912761
20100917;14.21;14.31;13.9;14.12;1615432
20100920;14.18;14.58;14.11;14.5;1969567
20100921;14.52;14.57;14.17;14.28;2400366
20100922;14.13;14.4;14.03;14.16;2803495
20100923;14.01;14.63;13.97;14.45;3816176
20100924;14.73;15.17;14.71;14.78;5653494
20100927;14.68;14.86;14.65;14.74;1560184
20100928;14.76;14.99;14.47;14.94;1893439
20100929;14.91;14.95;14.65;14.76;2518109
20100930;14.92;15.1;14.51;14.53;3121845
20101001;14.69;14.88;14.56;14.81;2750316
20101004;14.73;14.9;14.47;14.86;2501943
20101005;14.99;15.2;14.87;14.88;3423195
20101006;14.83;15.08;14.81;15.05;2758113
20101007;15.19;15.2;14.87;15.02;2075962
20101008;15.07;15.67;15.07;15.24;4794634
20101011;15.27;15.69;15.18;15.53;1935251
20101012;15.53;15.65;15.32;15.63;3584327
20101013;15.77;15.83;15.53;15.65;4480628
20101014;15.65;15.98;15.53;15.86;6972359
20101015;15.98;16.06;15.78;15.95;4590767
20101018;15.92;15.98;15.8;15.9;3391813
20101019;15.69;15.9;15.47;15.66;3821363
20101020;15.69;15.94;15.59;15.73;3279437
20101021;15.8;15.95;15.54;15.66;3851905
20101022;15.7;15.85;15.57;15.66;2407943
20101025;15.81;16;15.68;15.68;2392584
20101026;15.79;16.04;15.54;15.84;2627988
20101027;15.73;15.88;15.48;15.84;2581895
20101028;15.94;16.06;15.64;16.05;2511268
20101029;16.02;16.09;15.85;15.93;1711339
20101101;16.04;16.1;15.63;15.74;1842185
20101102;15.91;16.24;15.91;16.22;4298418
20101103;16.22;16.28;15.85;16.13;2834438
20101104;16.38;16.49;16.19;16.38;3814143
20101105;16.43;16.76;16.4;16.61;1894494
20101108;16.49;16.63;16.25;16.45;2964914
20101109;16.49;16.54;16.01;16.06;2850865
20101110;16.06;16.3;15.94;16.27;2106988
20101111;16.2;16.58;16.02;16.47;1986865
20101112;16.37;16.55;16.11;16.17;1810379
20101115;16.22;16.43;16.08;16.17;1836520
20101116;16.11;16.55;15.88;16.06;3144772
20101117;16.07;16.87;16.07;16.75;5234409
20101118;16.91;17.05;16.24;16.44;4602044
20101119;17.8;18.48;17.61;18.35;10236887
20101122;18.4;18.47;18.18;18.37;3169234
20101123;18.15;18.66;18.14;18.36;3555938
20101124;18.61;18.98;18.43;18.89;2283902
20101126;18.33;18.91;18.32;18.65;1176995
20101129;18.71;19.08;18.4;19.05;3163020
20101130;18.79;19.29;18.73;18.87;3026209
20101201;19.2;19.34;19.01;19.2;2017876
20101202;19.12;19.32;18.87;19.29;2227540
20101203;19.16;19.71;19.03;19.64;2422876
20101206;19.59;19.59;19.17;19.33;5139870
20101207;19.53;19.74;19.16;19.18;2179295
20101208;19.23;19.45;19.05;19.26;2148934
20101209;19.32;19.45;19.14;19.21;2070413
20101210;19.23;19.45;19.18;19.31;1814132
20101213;19.38;19.43;18.87;18.93;2082994
20101214;18.94;19.39;18.87;19.23;2658183
20101215;19.11;19.32;18.93;19.05;2293003
20101216;19.13;19.59;18.99;19.56;1836677
20101217;19.58;19.89;19.45;19.72;2536670
20101220;19.72;19.81;19.48;19.67;2119508
20101221;19.7;19.94;19.55;19.81;2055028
20101222;19.9;19.95;19.33;19.54;2995240
20101223;19.55;19.77;19.52;19.59;944614
20101227;19.48;19.5;19.13;19.38;1261616
20101228;19.45;19.51;19.22;19.42;1662343
20101229;19.49;19.9;19.47;19.76;1355161
20101230;19.57;19.96;19.57;19.77;774196
20101231;19.71;19.92;19.59;19.62;1321586
20110103;19.73;20.08;19.7;19.75;2247959
20110104;19.8;19.92;19.13;19.24;1828831
20110105;19.14;19.31;18.94;19.1;4491042
20110106;19.16;19.16;18.62;18.81;2299559
20110107;18.97;19.08;18.64;19.08;2081093
20110110;19.01;19.34;18.76;19.3;1877132
20110111;19.31;19.36;18.7;18.91;1648144
20110112;18.88;19.09;18.54;18.69;2232914
20110113;18.74;18.74;18.38;18.52;1850155
20110114;18.52;18.55;18.26;18.53;1098872
20110118;18.51;18.62;18.14;18.52;2285729
20110119;18.49;18.87;18.24;18.34;2352192
20110120;18.24;18.69;18.2;18.3;2249683
20110121;18.4;18.44;18.14;18.14;4794701
20110124;18.18;18.59;18.08;18.43;1432328
20110125;18.34;18.47;17.99;18.22;1761826
20110126;18.33;18.4;17.29;17.43;6453185
20110127;17.56;18.31;17.54;18.15;4223579
20110128;18.2;18.31;17.71;17.77;2532281
20110131;17.84;18.02;17.51;17.86;3064711
20110201;17.99;18.33;17.84;18.01;1639790
20110202;17.98;18;17.21;17.49;2849528
20110203;17.52;18.05;17.5;17.76;2819897
20110204;17.78;18.45;17.78;18.34;2044846
20110207;18.34;18.75;18.27;18.43;2021163
20110208;18.4;18.65;18.19;18.62;1922322
20110209;18.48;18.65;18.2;18.5;2285649
20110210;18.44;18.64;18.19;18.57;1540410
20110211;18.43;18.59;18.17;18.59;1979189
20110214;18.66;18.7;18.22;18.42;2393967
20110215;18.34;18.52;18.14;18.4;1619956
20110216;18.55;18.95;18.53;18.85;2182691
20110217;18.87;19.71;18.71;19.31;4132333
20110218;19.37;19.47;19.17;19.35;1428593
20110222;19.11;19.52;18.88;19.05;2963878
20110223;19.01;19.27;18.68;18.93;4051215
20110224;18.95;19.38;18.75;19.03;3048725
20110225;19.06;19.42;18.95;19.29;2078289
20110228;19.49;19.92;19.25;19.87;3536235
20110301;19.82;19.97;19.16;19.22;3497115
20110302;19.12;19.76;18.91;19.42;3427091
20110303;19.97;20.5;19.31;19.59;6338413
20110304;20.02;20.21;19.71;20.15;3629639
20110307;20.15;20.2;19.71;19.75;2609057
20110308;19.71;20.18;19.5;20.06;1770326
20110309;19.96;20.23;19.85;20.03;2378475
20110310;19.82;20.15;19.7;19.99;1952024
20110311;19.82;20.29;19.82;20.12;1738866
20110314;20.01;20.16;19.57;19.79;1526562
20110315;19.28;19.67;19.09;19.52;4537112
20110316;19.51;19.75;19;19.3;2586709
20110317;19.55;19.63;19.21;19.22;2535648
20110318;19.42;19.46;18.51;18.67;5319340
20110321;18.85;18.9;18.46;18.78;2996005
20110322;18.76;18.97;18.65;18.7;2039097
20110323;18.7;18.91;18.27;18.84;1904636
20110324;18.98;19.31;18.86;19.23;1963207
20110325;19.6;20.3;19.55;19.86;3599770
20110328;19.84;19.88;19.52;19.62;1552514
20110329;19.63;19.75;19.1;19.5;4337464
20110330;19.55;19.94;19.53;19.72;1931073
20110331;19.71;19.85;19.48;19.72;1416903
20110401;19.76;19.98;19.62;19.8;2422744
20110404;19.86;19.98;19.71;19.82;1113947
20110405;19.74;20.5;19.68;20.4;2599093
20110406;20.53;20.76;20.29;20.51;2186988
20110407;20.49;20.9;20.27;20.63;1853982
20110408;20.75;20.89;20.47;20.77;2270310
20110411;20.75;20.92;20.37;20.45;1789894
20110412;20.35;20.72;20.25;20.58;1469688
20110413;20.49;20.58;20.22;20.49;1259273
20110414;20.3;20.61;20.25;20.47;1199396
20110415;20.72;21.57;20.63;21.5;4205896
20110418;21.25;21.25;20.61;21.07;3225252
20110419;21.09;21.18;20.68;20.8;2529731
20110420;21.09;21.29;20.96;21.07;1782409
20110421;21.23;21.29;20.97;21.14;1365178
20110425;21.11;21.34;20.85;21.28;1455484
20110426;21.29;21.71;21.23;21.65;1857266
20110427;21.63;22.03;21.52;21.99;2175868
20110428;21.98;21.99;21.61;21.84;1650244
20110429;21.82;21.91;21.49;21.52;1780001
20110502;21.59;21.69;21.11;21.43;1394676
20110503;21.41;21.71;21.16;21.33;3530934
20110504;21.37;21.82;21.01;21.31;3101507
20110505;21.23;22.05;21;21.77;1832063
20110506;22.05;22.27;21.69;21.69;1593664
20110509;21.77;22.51;21.68;22.3;1887763
20110510;22.33;22.64;22.3;22.51;1320421
20110511;22.53;22.74;22.23;22.44;1614882
20110512;22.31;23;22.09;22.9;1355776
20110513;22.96;23.16;22.77;22.91;1478364
20110516;22.72;22.87;22.36;22.37;1402887
20110517;22.39;22.48;21.69;21.85;3040863
20110518;21.97;22.62;21.81;22.5;1579440
20110519;22.5;22.56;22.01;22.26;2415931
20110520;24.5;25.25;24.27;25.11;9678974
20110523;24.87;25.5;24.53;24.55;4650431
20110524;24.75;25.18;24.73;24.86;2561937
20110525;24.6;24.77;24.38;24.58;2290955
20110526;24.49;24.87;24.48;24.75;2779661
20110527;24.51;24.95;24.51;24.92;1514512
20110531;25.28;25.33;24.7;24.94;5518137
20110601;24.93;25.17;24.29;24.32;2759371
20110602;24.28;24.31;23.77;23.87;2819853
20110603;23.61;23.99;23.39;23.63;3750638
20110606;23.65;23.67;22.84;22.85;2310139
20110607;22.98;23.3;22.68;22.7;2598609
20110608;22.58;22.6;21.96;22.02;3421337
20110609;22.1;22.45;22.03;22.41;2642115
20110610;22.28;22.32;21.69;21.82;2260558
20110613;21.86;22.5;21.86;22.4;2926936
20110614;22.53;23.17;22.4;22.95;2149080
20110615;22.72;23.16;22.55;22.77;2507988
20110616;22.69;22.9;22.14;22.45;2064548
20110617;22.66;23.05;22.53;22.82;4365187
20110620;22.81;23.51;22.67;23.41;1874087
20110621;23.61;24.14;23.56;24.12;2467496
20110622;23.95;24.42;23.76;23.82;3046846
20110623;23.52;24.33;23.45;24.29;4113839
20110624;24.35;24.83;23.56;24.24;5544527
20110627;24.08;24.29;23.86;23.9;2794955
20110628;24.18;24.65;24.17;24.25;3537457
20110629;24.41;24.55;23.88;24;3175661
20110630;24.12;24.25;23.66;23.76;2689855
20110701;23.87;24.28;23.55;24.1;2583431
20110705;24.15;24.16;23.61;23.81;2878798
20110706;23.84;24.04;23.26;23.32;3523640
20110707;23.74;24.32;23.74;23.95;4236708
20110708;23.65;24.08;23.46;23.99;1983053
20110711;23.71;24;23.32;23.49;1610522
20110712;23.42;23.58;23.21;23.24;1741027
20110713;23.27;23.74;23.21;23.52;1983721
20110714;23.57;23.84;22.93;23.21;2089423
20110715;23.33;23.33;23;23.26;1064107
20110718;23.2;23.4;22.85;23.11;1073832
20110719;23.33;23.79;23.27;23.76;1599438
20110720;23.74;23.74;23.11;23.2;2038319
20110721;23.26;23.3;22.57;22.62;3728394
20110722;22.65;23.01;22.54;22.85;1322527
20110725;22.62;22.86;22.46;22.63;1529373
20110726;22.64;22.99;22.56;22.85;1539237
20110727;22.69;22.69;21.88;21.91;1826546
20110728;21.89;22.21;21.71;21.74;1895202
20110729;21.47;21.86;21.06;21.73;1830196
20110801;21.93;22.12;21.19;21.62;2090426
20110802;21.49;21.68;20.72;20.73;2127275
20110803;20.65;20.95;20.17;20.74;4074927
20110804;20.48;20.65;19.34;19.37;3639745
20110805;19.58;19.59;17.97;18.5;5622558
20110808;17.91;18.34;16.66;16.77;4381066
20110809;17.14;18.23;16.84;18.23;4747239
20110810;17.69;18.08;17.29;17.34;4380065
20110811;17.58;18.86;17.58;18.6;3196490
20110812;18.74;19.31;18.33;18.86;2746763
20110815;19.08;19.3;18.56;19.3;2388576
20110816;19.03;19.4;18.76;19.25;3063695
20110817;19.39;19.56;18.45;18.68;3859423
20110818;18.02;18.04;17.18;17.56;4877087
20110819;18.29;19.13;17.77;17.79;8868481
20110822;18.27;18.59;18.01;18.32;5098581
20110823;18.41;19.64;18.02;19.61;3592799
20110824;19.42;20.09;19.24;20;3940590
20110825;20.18;20.45;19.55;19.63;3672315
20110826;19.45;20.37;19.41;20.31;2855740
20110829;20.5;20.79;20.44;20.76;1915796
20110830;20.63;21.19;20.3;21.04;2481680
20110831;21.17;21.64;20.74;20.87;2137851
20110901;20.94;21.15;20.23;20.27;2433771
20110902;19.79;19.9;19.28;19.58;1898220
20110906;18.92;19.55;18.78;19.43;1916203
20110907;20.05;20.86;19.9;20.84;2212160
20110908;20.56;20.92;19.71;19.98;2743040
20110909;19.79;20.08;19.34;19.71;2782664
20110912;19.38;19.79;19.18;19.61;3711182
20110913;19.76;20.62;19.62;20.52;3336791
20110914;20.67;21.53;20.62;21.26;3730990
20110915;21.53;21.94;21.08;21.8;3128136
20110916;21.78;22.18;21.67;21.88;2450147
20110919;21.22;21.95;21.2;21.85;1857209
20110920;21.98;22;21.09;21.1;1986119
20110921;21.05;21.35;20.39;20.41;1982651
20110922;19.82;20.23;19.37;20.03;3270461
20110923;20.29;21.56;20.27;21.23;2964474
20110926;21.33;21.99;21.13;21.95;2925942
20110927;22.49;22.83;22.14;22.26;1983509
20110928;22.28;22.45;21.27;21.46;2992131
20110929;21.91;22;20.62;21.43;2036316
20110930;21.05;21.43;20.08;20.09;3020757
20111003;20.01;20.24;19.27;19.34;4232352
20111004;19.04;19.73;18.3;19.7;3672356
20111005;19.76;20.62;19.7;20.48;2801949
20111006;20.47;21.51;20.46;21.45;2511403
20111007;21.56;21.89;20.99;21.1;2036928
20111010;21.54;21.84;21.39;21.69;1211647
20111011;21.57;21.57;21.04;21.42;2558434
20111012;21.46;21.66;21.18;21.32;2594660
20111013;21.31;21.55;20.83;21.24;1911057
20111014;21.51;21.71;21.09;21.63;1086355
20111017;21.43;21.76;20.83;20.92;1701052
20111018;20.8;21.66;20.1;21.39;1894581
20111019;21.28;22.33;21.17;21.86;3739057
20111020;21.85;22.14;21.54;22.06;1796804
20111021;22.36;22.54;21.89;22.16;1834658
20111024;22.16;22.65;22.16;22.49;2680290
20111025;22.23;22.58;22.06;22.22;1443207
20111026;22.58;22.58;21.65;22.04;2167901
20111027;22.78;23.02;22.35;22.78;2694554
20111028;22.65;22.97;22.19;22.52;2475695
20111031;22.18;22.44;21.84;21.86;2229351
20111101;21.12;21.69;20.82;20.89;4637485
20111102;21.14;21.98;20.95;21.96;4488644
20111103;22.07;22.59;21.01;22.5;4887829
20111104;22.2;22.45;21.91;22.27;2142733
20111107;22.21;22.37;21.76;22.17;2711724
20111108;22.22;22.31;21.48;22.04;2505434
20111109;21.46;21.63;20.97;21.09;3101533
20111110;21.67;22.31;21.66;22.18;5027752
20111111;22.56;23.5;22.41;23.22;3179397
20111114;23.15;23.46;22.62;22.86;2788797
20111115;22.9;23.02;22.49;22.57;3155276
20111116;22.48;22.64;21.89;21.97;2485897
20111117;22.04;22.1;21.5;21.82;3750017
20111118;23.51;23.69;22.05;22.38;5192002
20111121;22.07;22.45;21.77;22.31;2771607
20111122;22.2;22.4;21.86;21.9;2228995
20111123;21.63;21.71;21.34;21.35;1657903
20111125;21.21;21.53;21.03;21.12;1353823
20111128;22.82;23.56;22.67;23.07;4315555
20111129;23.21;23.21;22.59;22.86;1983855
20111130;23.71;23.92;23.17;23.59;3378830
20111201;23.46;24.12;23.25;23.88;2075776
20111202;24.06;24.74;23.97;24.59;3733922
20111205;24.93;25.28;24.68;25.08;3844893
20111206;25.04;25.06;24.17;24.9;3973708
20111207;24.63;25.1;24.35;25;3548468
20111208;24.89;25;24.63;24.81;2324434
20111209;24.89;25.28;24.66;25.19;2246490
20111212;24.93;25.1;24.61;25.08;1489506
20111213;25.27;25.28;24.07;24.25;1720010
20111214;24.08;24.32;23.43;23.62;2327826
20111215;24.01;24.09;23.55;23.85;1850405
20111216;24;24.53;23.82;23.97;2720730
20111219;24.16;24.22;22.89;22.96;3644753
20111220;23.34;23.41;22.51;23.34;5323020
20111221;23.37;23.39;22.47;23.32;3463314
20111222;23.95;24.39;23.4;23.46;3326550
20111223;23.58;23.71;23.3;23.7;690084
20111227;23.6;23.97;23.5;23.77;817008
20111228;23.68;23.89;23.59;23.62;1147927
20111229;23.65;24.06;23.59;24;1290867
20111230;23.95;24.31;23.84;23.84;1744573
20120103;24.29;24.55;23.97;23.99;2252232
20120104;23.91;24.35;23.81;24.12;1807969
20120105;23.91;24.83;23.48;24.74;2859327
20120106;24.65;25.12;24.46;24.96;2213328
20120109;24.97;25.04;24.64;25.03;1675225
20120110;25.32;25.32;24.84;24.99;1609685
20120111;24.8;25.05;24.56;24.65;1474521
20120112;24.75;24.96;24.41;24.78;1232248
20120113;24.59;24.89;24.43;24.71;1572202
20120117;24.99;25.13;24.6;24.69;1358268
20120118;24.75;25.33;24.58;25.16;2451773
20120119;25.24;25.8;25.22;25.73;1468359
20120120;25.74;25.99;25.51;25.99;1956316
20120123;25.92;26.38;25.55;26.03;2513495
20120124;25.88;26.22;25.85;26.08;2096435
20120125;26.11;26.72;25.98;26.67;2159166
20120126;26.82;26.82;26.02;26.28;1425810
20120127;26.18;26.64;26.15;26.44;1837076
20120130;26.24;26.55;26.1;26.39;1110023
20120131;26.59;26.63;26;26.24;1304159
20120201;26.47;26.87;26.29;26.65;1607585
20120202;26.69;26.79;26.33;26.53;1265199
20120203;26.89;27.16;26.65;27;1451287
20120206;26.86;27.32;26.81;27.1;1297691
20120207;27.01;27.13;26.75;26.77;1645845
20120208;26.83;27.05;26.56;26.7;1260409
20120209;26.76;26.85;26.41;26.68;1219507
20120210;26.48;26.95;26.4;26.93;1497320
20120213;27.04;27.21;26.7;27.07;2039722
20120214;26.94;27.69;26.87;27.68;2229256
20120215;27.99;28.36;27.72;27.81;1976088
20120216;27.85;28.27;27.85;28.17;1428099
20120217;28.24;28.58;28.19;28.2;1282940
20120221;28.34;28.5;27.86;28.05;917236
20120222;28.01;28.56;28;28.36;1342435
20120223;28.65;29.02;28.43;28.72;1355049
20120224;28.76;29;28.4;28.52;1359565
20120227;28.45;29.04;28.44;28.89;2357022
20120228;29;29.17;28.7;29.01;2148425
20120229;29.22;29.44;28.94;29.17;2986225
20120301;29.22;29.52;28.95;29.52;4567508
20120302;29.81;30.06;28.84;28.97;6250982
20120305;29;29.51;28.81;29.41;3454404
20120306;29.11;29.69;29.01;29.62;3360519
20120307;29.78;30.03;29.56;29.93;2080746
20120308;30.1;30.17;29.72;30.12;2708937
20120309;30.13;30.39;30.01;30.26;1298958
20120312;30.19;30.28;29.88;29.91;1824298
20120313;30;30.29;29.74;30.29;2322075
20120314;30.32;30.42;29.93;30.27;1243118
20120315;30.17;30.47;29.89;30.35;1454304
20120316;30.33;30.36;29.7;29.73;1863736
20120319;29.74;30.16;29.57;30.07;1289488
20120320;29.92;30.54;29.92;30.41;2071617
20120321;30.44;30.95;30.35;30.92;1735331
20120322;30.68;31.33;30.56;31.19;2372326
20120323;31.11;31.17;30.41;30.98;3040814
20120326;31.58;32.18;31.39;32.11;2284179
20120327;32.16;32.27;31.54;31.61;2043696
20120328;31.68;31.79;31.08;31.53;1598766
20120329;31.32;31.62;31.03;31.56;1692791
20120330;31.55;31.65;30.69;31.05;2814775
20120402;31.11;31.42;31.02;31.12;1796340
20120403;31.19;31.82;31.06;31.68;1766068
20120404;31.46;31.81;30.97;31.18;1836531
20120405;31.16;31.7;31.08;31.4;1179957
20120409;30.88;31.24;30.55;31.22;1384812
20120410;31.07;31.07;29.96;30.14;1831213
20120411;30.22;30.47;29.79;30.01;3271041
20120412;30.1;30.57;29.98;30.52;1763636
20120413;30.62;30.89;30.33;30.6;1918696
20120416;30.67;31.04;30.41;30.71;1713381
20120417;30.97;31.42;30.82;31.21;1673231
20120418;31;31.61;30.96;31.55;1654950
20120419;31.49;31.72;30.8;30.99;2211743
20120420;31.01;31.18;30.58;31;1867389
20120423;30.65;30.7;30.03;30.36;1272620
20120424;30.46;30.6;29.66;29.91;1274923
20120425;30.15;30.62;30.1;30.53;1225450
20120426;30.44;30.96;30.33;30.89;1083309
20120427;31.01;31.35;30.47;30.91;1930973
20120430;30.93;30.93;30.4;30.59;1636820
20120501;30.61;31.15;30.49;30.84;1284105
20120502;30.65;31.89;30.61;31.82;1769343
20120503;31.85;32.09;31.38;31.58;1422280
20120504;31.37;31.7;30.59;30.69;1846599
20120507;30.46;30.65;29.85;29.98;3031644
20120508;29.68;29.72;28.21;29.13;4775550
20120509;28.79;29.34;28.55;28.96;2095943
20120510;29.3;29.63;28.86;29.34;2134067
20120511;29.19;29.76;29.04;29.15;2451242
20120514;28.82;29.46;28.54;28.94;3118268
20120515;28.88;29.38;28.74;28.82;2670854
20120516;28.91;29.2;28.66;28.93;2703338
20120517;28.88;28.96;27.86;28.01;5258674
20120518;31.64;31.83;30.22;30.33;8588856
20120521;30.37;30.98;29.91;30.42;4106520
20120522;30.65;31.58;30.57;31.03;3565545
20120523;30.81;31.57;30.5;31.55;2885923
20120524;31.63;32.36;31.53;32.31;4498374
20120525;32.37;32.85;32.29;32.42;2746092
20120529;33.29;33.29;32.39;32.77;1992434
20120530;32.51;32.51;31.97;32.04;1755898
20120531;32.02;32.08;31.31;31.74;6245412
20120601;30.37;31.17;30.03;30.37;2614830
20120604;30.35;30.64;29.58;29.97;2868162
20120605;29.97;30.46;29.82;30.39;1839075
20120606;30.71;31.24;30.64;31.16;2575061
20120607;31.45;32.19;30.24;30.56;1854084
20120608;30.53;31.27;30.48;31.19;2116250
20120611;31.49;31.71;30.43;30.47;1643668
20120612;30.63;30.97;30.27;30.91;1427922
20120613;30.8;30.97;29.58;29.75;3090960
20120614;29.87;30.15;29.42;29.75;2320962
20120615;29.91;30;29.67;29.83;1773340
20120618;29.59;29.9;29.15;29.86;2072900
20120619;30.05;30.05;29.49;29.74;3507118
20120620;29.71;30;29.52;29.83;1843823
20120621;30;30;29.25;29.39;2314535
20120622;29.59;29.67;29.1;29.17;2416270
20120625;28.81;28.93;28.43;28.57;2033850
20120626;28.68;29.54;28.49;29.25;2446378
20120627;29.25;29.49;29.02;29.29;2297281
20120628;28.97;29.22;28.47;28.87;2090843
20120629;29.81;30.7;29.75;30.58;3863082
20120702;30.45;31.01;30.45;30.74;1813512
20120703;30.65;31.25;30.65;31;733129
20120705;30.84;31.81;30.84;31.7;2190505
20120706;31.3;31.75;31.03;31.31;1943319
20120709;31.1;31.35;30.97;31.24;1651689
20120710;31.44;31.91;31.42;31.61;1954996
20120711;31.52;31.89;31.19;31.81;3552544
20120712;31.51;32.56;31.4;32.22;3918396
20120713;32.24;33.18;32.23;33.05;2380927
20120716;32.88;33.44;32.74;32.83;2667840
20120717;33.08;33.47;32.56;32.95;2064939
20120718;32.85;33.66;32.64;33.45;2415707
20120719;33.59;34;33.28;33.76;2040498
20120720;33.42;33.44;32.81;32.96;1844514
20120723;32.57;32.93;32.02;32.63;1591065
20120724;32.77;32.96;32.4;32.69;1504882
20120725;32.82;32.91;32.3;32.35;1804905
20120726;32.92;33.11;32.4;32.94;1410729
20120727;33.26;33.89;33.13;33.64;1625546
20120730;33.62;33.94;33.37;33.54;1137385
20120731;33.38;33.7;32.97;33.02;1149890
20120801;33.29;33.37;32.61;32.79;1435703
20120802;32.51;33.27;32.51;32.92;1325218
20120803;33.54;34.1;33.43;33.92;1115080
20120806;34.01;34.4;33.73;33.74;1318566
20120807;34.1;34.66;34.04;34.47;2107220
20120808;34.33;34.92;34.11;34.62;1815749
20120809;34.61;34.79;34.01;34.54;1970068
20120810;34.61;34.69;33.81;34.12;1457632
20120813;34.11;34.42;33.72;34.32;1730235
20120814;34.48;34.68;34.16;34.27;1770663
20120815;34.31;34.56;34.11;34.52;1195219
20120816;34.57;34.8;34.47;34.49;2487735
20120817;35.68;36;34.96;35.09;6020337
20120820;35.1;35.24;34.15;34.27;2224983
20120821;34.35;34.72;34.26;34.39;1205459
20120822;34.27;34.66;34.27;34.52;1200923
20120823;34.52;34.52;33.85;34.04;1505230
20120824;33.94;34.13;33.83;34.02;1102187
20120827;34.24;34.37;34.06;34.21;1728205
20120828;34.2;34.52;34.19;34.38;1291752
20120829;34.52;34.7;34.35;34.46;1565673
20120830;34.4;34.7;34.32;34.49;1261394
20120831;34.7;34.72;34.13;34.57;1051396
20120904;34.58;35.55;34.46;35.46;2539133
20120905;35.54;35.55;35.12;35.31;2317379
20120906;35.66;36.33;35.57;36.33;2464291
20120907;36.45;36.81;36.32;36.45;1984089
20120910;36.53;37.2;36.37;36.83;2382519
20120911;36.77;37.16;36.36;36.5;1574468
20120912;36.38;37.1;36.38;36.92;1741411
20120913;36.88;37.36;36.6;37.1;2174916
20120914;37.05;37.28;36.75;36.87;1959976
20120917;36.73;36.94;36.54;36.76;1809860
20120918;36.66;36.69;35.93;36.05;1388089
20120919;36.26;36.86;36.19;36.64;1627782
20120920;36.45;37.5;36.45;37.27;2587333
20120921;37.59;37.65;36.47;36.53;2606093
20120924;36.44;36.52;36.19;36.26;1340120
20120925;36.4;36.55;35.79;35.79;1633934
20120926;35.75;36.08;35.5;35.78;1287469
20120927;35.87;36.13;35.5;36.04;1420038
20120928;35.59;35.7;35.03;35.5;2684501
20121001;35.66;35.68;35.08;35.24;2230900
20121002;35.44;35.44;34.95;35.04;2492992
20121003;35.19;35.41;34.91;35.01;2058577
20121004;35.14;35.35;34.92;35.21;2120683
20121005;35.48;35.85;35.43;35.65;1704301
20121008;35.5;36.03;35.47;35.52;1066856
20121009;35.38;35.62;35.14;35.24;1217806
20121010;34.83;35.48;34.82;34.89;1775095
20121011;35.1;35.32;34.57;34.65;1106861
20121012;34.68;34.81;34.46;34.8;1108548
20121015;34.81;35.24;34.74;35.2;913924
20121016;35.36;36.17;35.36;36.05;1721577
20121017;35.93;36.43;35.9;36.14;1469176
20121018;36.11;36.33;35.97;36.23;1233730
20121019;36.08;36.2;35.59;35.96;1592073
20121022;35.84;35.95;35.02;35.3;1916092
20121023;34.94;35.21;34.34;34.9;1515224
20121024;35.13;35.13;34.31;34.35;1574880
20121025;34.7;34.84;33.79;33.97;1388120
20121026;33.89;33.97;32.78;33.49;2405440
20121031;33.53;34.05;33.02;33.5;1300502
20121101;33.49;34.54;32.99;34.36;2130626
20121102;34.57;34.66;33.95;33.97;1416188
20121105;33.97;34.5;33.87;34.42;1536104
20121106;34.5;34.79;34.4;34.44;1728511
20121107;34.22;34.4;33.88;33.96;2342148
20121108;33.85;33.97;32.07;32.13;4406717
20121109;32.17;32.95;31.62;32.59;2622262
20121112;32.63;32.74;32.1;32.35;1325053
20121113;32.29;33.01;32.07;32.62;1820171
20121114;32.84;32.95;31.66;31.76;2843602
20121115;31.81;32.19;31.13;31.85;3138905
20121116;33.8;34.06;32.47;33.27;6542935
20121119;33.54;33.94;33.15;33.56;3406824
20121120;33.63;34.13;33.52;33.74;2437105
20121121;33.58;34.19;33.58;34.07;1342108
20121123;34.06;34.84;34.06;34.82;790045
20121126;34.77;34.95;34.31;34.88;3221063
20121127;35.14;35.41;34.44;34.46;2161708
20121128;34.54;35.61;34.5;35.49;2357049
20121129;35.45;35.86;35.32;35.72;1755952
20121130;35.75;35.96;35.5;35.84;1946688
20121203;36.09;36.09;35.42;35.5;2066501
20121204;35.49;35.89;35.29;35.6;2280279
20121205;35.6;35.66;34.73;34.98;2454239
20121206;35.02;35.36;34.76;35.18;1440438
20121207;35.33;35.44;34.95;35.26;1190808
20121210;35.14;35.29;34.76;35.04;1860411
20121211;35.19;35.33;34.43;34.63;1202437
20121212;34.83;34.83;33.37;33.39;2605568
20121213;33.46;33.54;32.55;32.6;4997611
20121214;32.81;32.81;32.16;32.51;3704434
20121217;32.56;33.39;32.53;33.31;2274596
20121218;33.31;33.65;33.21;33.44;1831997
20121219;33.41;33.51;33.07;33.15;1401253
20121220;33.13;33.41;32.78;33.14;2759513
20121221;32.68;33.67;32.67;33.66;3698231
20121224;33.38;33.71;33.12;33.13;905043
20121226;33.14;33.15;31.95;32.08;1669030
20121227;32.11;32.13;31.07;31.95;2809049
20121228;31.75;32.3;31.57;31.8;1429000
20121231;31.71;32.26;31.67;32.12;1878101
20130102;32.67;33;31.12;31.6;5168752
20130103;31.75;32.55;31.71;32.5;3140211
20130104;32.45;33.31;32.19;33.13;3824875
20130107;33.13;33.21;32.75;32.79;3111687
20130108;32.81;33.2;32.71;33.16;2416684
20130109;33.18;33.32;32.73;33.01;1658163
20130110;33.1;33.51;33.05;33.49;3646074
20130111;33.46;33.59;33.18;33.57;2080153
20130114;33.5;33.69;33.16;33.26;1666742
20130115;33.01;34.19;33.01;34.05;2312741
20130116;33.84;34.1;33.39;33.82;2090578
20130117;33.91;34.04;33.45;33.73;3543431
20130118;33.81;33.81;33.21;33.54;1673571
20130122;33.51;33.93;33.2;33.72;2014022
20130123;33.7;33.72;33.15;33.45;2811435
20130124;33.59;34.27;33.59;33.8;2123430
20130125;34.05;34.33;33.91;34.33;2137582
20130128;34.46;34.61;34.11;34.32;1183401
20130129;34.18;34.51;34.07;34.5;1340310
20130130;34.46;34.68;34.37;34.41;1260836
20130131;34.42;34.84;34.31;34.35;1215710
20130201;34.6;34.62;34.11;34.56;1360686
20130204;34.32;34.46;33.67;33.9;1235679
20130205;33.99;34.32;33.77;34.15;1093931
20130206;34.22;34.72;34.16;34.6;1501912
20130207;34.75;34.86;34.19;34.57;1485374
20130208;34.69;34.96;34.63;34.85;956594
20130211;34.79;34.88;34.57;34.84;1156923
20130212;34.85;35.03;34.69;34.72;1197578
20130213;34.72;34.89;33.15;33.44;3338838
20130214;33.43;33.67;33.05;33.29;1891509
20130215;33.27;33.87;33.19;33.51;2457908
20130219;33.59;34.2;33.19;34.07;1938839
20130220;34.04;34.54;34;34.35;2914783
20130221;34.39;34.94;34.15;34.29;2885457
20130222;34.3;34.59;33.72;33.96;1759711
20130225;33.98;34.02;33.13;33.13;1707074
20130226;33.14;33.59;32.84;33.04;1691407
20130227;33.06;34.01;33.04;33.88;1402554
20130228;34.11;34.39;33.95;34.19;1634071
20130301;34.09;34.56;33.98;34.55;1651200
20130304;34.36;35;34.36;34.49;1940008
20130305;34.81;35.35;34.68;35.34;2353291
20130306;35.42;35.64;34.94;35.17;3687642
20130307;35.16;35.5;34.96;35.31;2188266
20130308;33.5;33.66;31.79;32.79;9830253
20130311;32.73;32.79;32.1;32.49;4765981
20130312;32.4;33.15;32.36;32.76;3065484
20130313;32.88;33.28;32.8;32.94;1862777
20130314;33.12;33.34;32.89;33;2308642
20130315;33.08;33.14;32.33;32.36;2989452
20130318;32.16;32.36;32.07;32.15;2651511
20130319;32.08;32.23;31.3;31.95;4623578
20130320;32.17;34.25;32.07;32.21;5448439
20130321;32.15;32.53;32.06;32.28;5061255
20130322;32.79;33.91;32.73;33.31;4861322
20130325;33.31;33.5;32.76;33.04;3441440
20130326;33.13;33.94;33.06;33.79;3642597
20130327;33.58;34.22;33.4;34.12;3143143
20130328;34.15;34.77;33.99;34.24;2795189
20130401;34.2;34.29;33.52;33.82;1551339
20130402;34.04;34.12;33.61;33.75;3023263
20130403;33.9;34.41;33.1;33.21;3516406
20130404;33.24;33.45;32.95;33.15;4124105
20130405;32.86;33.38;32.57;33.36;2453651
20130408;33.4;33.53;33.15;33.25;1229475
20130409;33.42;33.68;32.96;32.96;2306042
20130410;33.02;33.86;33.02;33.76;1576902
20130411;33.76;34.6;33.71;34.06;2481103
20130412;34.21;34.53;33.95;34.51;1968608
20130415;34.29;34.42;33.39;33.47;2807262
20130416;33.56;33.72;32.96;33.31;2931248
20130417;32.87;32.97;32.11;32.47;2777082
20130418;32.6;32.65;31.7;31.79;3005362
20130419;31.88;32.35;31.36;31.92;2467493
20130422;32.02;32.81;31.9;32.77;2505729
20130423;32.96;33.4;32.38;32.52;2534712
20130424;32.53;32.87;32.23;32.34;1948468
20130425;32.53;33.49;32.42;33.4;2646859
20130426;33.3;33.73;33.29;33.69;1821056
20130429;33.71;34.2;33.63;33.92;1743573
20130430;34.07;34.87;33.97;34.87;2682514
20130501;34.89;34.9;34.59;34.66;2144056
20130502;34.71;35.13;34.68;34.91;2204055
20130503;35.18;35.45;35.14;35.28;2752433
20130506;35.27;35.31;34.87;35.06;2075040
20130507;35.21;35.84;34.91;35.69;2789040
20130508;35.61;35.87;35.42;35.86;1794781
20130509;35.8;36.31;35.8;35.97;2004007
20130510;35.99;36.27;35.88;36.17;1364160
20130513;36.17;36.32;36.05;36.3;1301086
20130514;36.32;36.42;35.84;36.35;1998523
20130515;36.39;36.72;36.23;36.55;1454086
20130516;36.47;36.76;36.26;36.4;1350625
20130517;36.51;36.94;36.29;36.92;2108974
20130520;36.83;36.87;36.4;36.59;2088898
20130521;36.74;36.99;36.29;36.3;2903845
20130522;36.33;36.54;35.68;35.83;2517607
20130523;35.53;35.84;35.41;35.68;3677787
20130524;33.74;34.02;32.61;33.9;10437443
20130528;34.56;35.05;33.97;34.1;5974764
20130529;33.99;34.26;33.79;34.02;3914886
20130530;34.03;34.25;33.82;34.01;4058214
20130531;33.95;34.75;33.75;34.32;3199058
20130603;34.27;34.36;33.91;34.27;3093001
20130604;34.29;34.85;34.26;34.81;2779218
20130605;34.66;34.86;34;34.06;2976325
20130606;34.07;34.49;33.81;34.49;1600618
20130607;34.74;35.08;34.49;34.93;1867690
20130610;35.24;35.46;35.06;35.22;2434056
20130611;34.87;35.24;34.56;34.58;1960213
20130612;34.75;35;34.08;34.16;2261666
20130613;34.25;34.57;33.99;34.46;2461177
20130614;34.39;35.08;34.35;34.77;2172436
20130617;35;35.19;34.54;34.66;1535389
20130618;34.75;35.46;34.72;35.41;2673619
20130619;35.45;36.03;35.37;35.5;2819208
20130620;35.27;35.34;34.77;34.95;3065552
20130621;35.1;35.26;34.7;34.98;3151121
20130624;34.67;34.7;34.02;34.36;1692910
20130625;34.66;34.85;34.52;34.57;1810885
20130626;34.9;34.9;33.53;33.9;3561687
20130627;34.19;34.43;34.04;34.25;2416530
20130628;34.26;35.37;34.25;35.13;3351699
20130701;35.49;36.01;35.26;35.36;2102402
20130702;35.4;36.02;35.34;35.69;1847351
20130703;35.55;35.75;35.23;35.44;536414
20130705;35.73;35.91;35.24;35.76;1158775
20130708;35.72;37.03;35.72;36.66;2837862
20130709;36.74;36.85;36.5;36.6;1746886
20130710;36.68;37.03;36.49;36.75;1991627
20130711;37.21;37.24;36.5;36.78;2115952
20130712;36.83;37.18;36.8;37.05;1834206
20130715;37.28;37.7;37.04;37.11;1706246
20130716;37.15;37.22;36.28;36.41;2125813
20130717;36.42;36.61;36.1;36.23;1094619
20130718;36.39;36.94;36.33;36.58;1324060
20130719;36.5;36.83;36.41;36.49;854906
20130722;36.58;36.82;36.5;36.59;916486
20130723;36.6;36.88;36.32;36.34;2059722
20130724;36.47;36.59;35.47;35.65;2468781
20130725;35.63;36.1;35.55;36.07;1583501
20130726;36;36.45;35.91;36.27;1148390
20130729;36.13;36.53;36.12;36.33;1575746
20130730;36.49;36.58;36.13;36.47;1113100
20130731;36.56;36.84;35.91;36.13;1581317
20130801;36.42;37.43;36.17;37.26;2308697
20130802;37.17;37.42;36.78;37.31;1242272
20130805;37.37;37.85;37.27;37.61;1500597
20130806;37.23;37.23;34.92;35.63;6548649
20130807;35.7;35.99;35.36;35.84;3222080
20130808;35.74;36.2;35.62;35.67;3087277
20130809;35;35.4;34.06;34.52;4550996
20130812;34.5;35.14;34.38;34.97;1754134
20130813;34.98;35.03;34.55;34.94;1530900
20130814;34.82;35.07;34.51;34.86;1313612
20130815;34.87;34.93;34.4;34.61;1596628
20130816;34.49;34.83;34.4;34.65;1659128
20130819;34.63;34.7;33.96;34.01;2452615
20130820;34.13;35.2;33.97;35.1;2376821
20130821;34.86;34.94;33.95;34.06;2278082
20130822;34.08;34.42;33.8;34.01;2807920
20130823;34.55;34.58;32.5;33.01;4847890
20130826;32.99;33.43;32.88;33.02;2073817
20130827;32.73;32.96;32.09;32.16;2481909
20130828;32.27;32.75;32.25;32.57;2098374
20130829;32.61;32.76;32.33;32.54;1946558
20130830;32.63;32.67;32.08;32.2;1525281
20130903;32.51;32.66;31.91;32.08;2054915
20130904;32.13;32.94;32.05;32.86;2596195
20130905;32.94;33.27;32.74;32.84;1810940
20130906;32.89;32.97;32.32;32.65;2137803
20130909;32.9;33.52;32.81;33.14;1851569
20130910;33.44;33.58;33.16;33.31;2222372
20130911;33.4;33.61;33.24;33.5;1298293
20130912;33.5;33.62;32.81;32.92;1393560
20130913;33.04;33.1;32.65;32.82;1146346
20130916;33.16;33.26;32.61;32.8;2272678
20130917;32.89;33.38;32.88;33.36;1410482
20130918;33.26;33.74;32.94;33.67;1238426
20130919;33.7;33.76;33.35;33.37;1407890
20130920;33.55;33.55;32.84;32.97;2197397
20130923;32.93;33.03;32.56;32.68;1176278
20130924;32.68;33.16;32.4;33.08;2059446
20130925;33.01;33.08;32.1;32.54;2616670
20130926;32.68;33.2;32.59;32.76;1502858
20130927;34.05;34.33;33.51;34.1;3353130
20130930;33.73;34.06;33.53;33.94;2095687
20131001;33.89;34.37;33.85;34.01;2275486
20131002;33.87;34;33.61;33.89;1767800
20131003;33.81;33.89;33.13;33.49;1452566
20131004;33.45;33.6;33.19;33.51;1014589
20131007;33.2;33.32;32.79;32.83;1713170
20131008;32.85;32.88;32.13;32.36;1629115
20131009;32.52;32.84;32.24;32.55;1510620
20131010;32.98;33.32;32.79;33.03;1468281
20131011;32.91;33;32.45;32.87;1762540
20131014;32.77;32.98;32.55;32.91;1725260
20131015;32.93;33.05;32.64;32.83;1293724
20131016;32.97;33.34;32.8;33.26;1205908
20131017;33.2;33.41;32.91;33.15;1162562
20131018;33.39;33.92;33.26;33.8;1499210
20131021;33.86;33.92;33.42;33.53;1100280
20131022;33.5;33.87;33.42;33.79;1917651
20131023;33.72;34;33.61;33.95;1727401
20131024;34.09;34.33;33.85;34.19;1467937
20131025;34.26;34.38;33.85;34.2;1719189
20131028;34.26;34.73;34.26;34.58;1410887
20131029;34.76;35.13;34.65;35.1;1593327
20131030;34.97;35.21;34.71;34.75;1811074
20131031;34.74;34.86;34.33;34.7;1367510
20131101;34.82;35.17;34.7;34.99;1670100
20131104;34.98;35.07;34.21;34.65;3412422
20131105;34.6;34.91;34.09;34.83;3295548
20131106;34.75;35.59;34.52;35.55;3204201
20131107;35.76;36.2;35.2;35.26;1903691
20131108;35.21;35.98;35.2;35.97;1402807
20131111;35.98;36.36;35.89;36.28;1359956
20131112;36.2;36.46;35.83;35.93;1991925
20131113;35.9;36.8;35.81;36.74;1907656
20131114;36.7;37.23;36.55;37.13;1561437
20131115;37.13;37.2;36.47;37.14;2476042
20131118;37.38;37.46;37.02;37.16;1847220
20131119;37.16;37.43;36.89;37;2274058
20131120;37;37.13;36.45;36.56;2489279
20131121;36.65;36.81;35.87;36.76;3344736
20131122;38.99;39.15;37.99;38.27;6764673
20131125;38.73;39.13;38.48;38.51;3119519
20131126;38.59;38.77;38.42;38.56;1230678
20131127;38.78;39.04;38.74;38.97;1525648
20131129;39.17;39.22;38.79;38.89;642725
20131202;38.8;39.3;38.77;38.97;1775054
20131203;38.74;39.18;38.55;39.12;1832686
20131204;38.82;39.07;38.4;38.76;2092186
20131205;38.77;39.07;38.55;38.84;1141594
20131206;38.81;39.29;38.81;39.21;1735860
20131209;39.3;39.5;38.62;38.72;1252762
20131210;38.76;38.8;38.31;38.62;2022550
20131211;38.82;39.26;38.78;38.81;1513877
20131212;38.72;38.88;38.36;38.57;1349318
20131213;38.65;39.2;38.59;38.81;1459392
20131216;39.04;39.35;38.86;38.94;1230797
20131217;38.84;39.31;38.84;39.08;1549187
20131218;39.17;40.13;39.08;40.05;2306910
20131219;39.77;40.01;39.43;39.68;1518891
20131220;40.25;41.12;40.02;41.11;4783549
20131223;41.27;41.36;40.68;40.95;1598095
20131224;41.05;41.45;41.05;41.24;745356
20131226;41.25;41.5;41.01;41.05;900230
20131227;41.32;41.46;40.85;40.98;968178
20131230;40.9;41.44;40.71;41.27;1236980
20131231;41.38;41.63;41.31;41.44;729874
20140102;41.36;41.52;40.59;40.78;1559184
20140103;40.59;41.45;40.59;41.25;1567472
20140106;41.31;41.73;41.18;41.25;1444406
20140107;41.34;41.62;41.09;41.25;1597467
20140108;41.17;41.24;40.57;41.11;1576226
20140109;41.41;41.41;40.74;41.05;1543817
20140110;41.08;41.34;40.68;41.26;1536681
20140113;41.21;41.21;40.4;40.62;1505548
20140114;40.63;41.15;40.42;40.86;1341412
20140115;40.86;40.98;40.13;40.18;1618515
20140116;40.28;40.28;39.36;39.49;1772127
20140117;39.66;39.66;38.79;38.89;2266503
20140121;38.93;39.27;38.17;38.71;2974748
20140122;38.81;39.01;38.49;38.59;1705837
20140123;38.48;38.48;37.91;38.21;1326504
20140124;37.96;37.98;37.46;37.47;1870599
20140127;38.1;38.83;38;38.01;2477688
20140128;38.08;38.73;37.84;38.18;2046254
20140129;37.92;38.33;37.59;37.63;1714740
20140130;37.99;38.87;37.89;38.76;1836488
20140131;38.32;38.91;38.07;38.6;1334940
20140203;38.47;38.56;36.65;36.73;2570121
20140204;37;37.63;36.65;37.54;2518365
20140205;37.43;38.12;37.25;37.95;1537230
20140206;38.02;38.91;37.85;38.35;1042415
20140207;38.66;39.21;38.39;38.67;878890
20140210;38.78;38.98;38.14;38.47;1105630
20140211;38.41;39.37;38.26;39.27;1400109
20140212;39.28;39.54;38.93;39.15;1371396
20140213;38.78;39.34;38.71;39.21;1076988
20140214;39;39.1;38.78;38.95;838906
20140218;39;39.04;38.45;38.85;1302717
20140219;38.77;39.8;38.66;39.4;1577792
20140220;39.45;40.11;39.41;40.06;1375723
20140221;40.08;40.25;39.76;40;648644
20140224;40.04;40.67;40;40.46;1337327
20140225;40.49;41.49;40.19;41.37;2644292
20140226;41.5;42.12;41.38;41.98;2051785
20140227;41.81;42.1;41.51;41.83;986542
20140228;41.9;42.03;41.39;41.71;1167538
20140303;41.3;42.04;41.25;41.79;1227288
20140304;42.25;42.98;42.25;42.79;1966162
20140305;42.85;42.85;41.92;42.37;1789846
20140306;42.57;42.99;41.97;42.73;3024704
20140307;45.06;46.8;44.9;46.49;7030748
20140310;46.62;46.68;45.76;45.97;3723641
20140311;45.97;46.44;45.61;46.17;2425542
20140312;45.83;46.46;45.43;45.69;3089646
20140313;45.75;46.35;45.23;45.49;2387169
20140314;45.38;45.75;45.05;45.07;1772035
20140317;45.22;45.44;45.07;45.4;3359176
20140318;45.5;46.74;45.44;46.22;3941559
20140319;46.26;46.66;46.04;46.32;1372217
20140320;46.19;46.63;46.13;46.54;975964
20140321;46.46;46.94;45.84;45.84;2354774
20140324;45.99;46.25;45.31;46.13;1417276
20140325;46.27;46.47;45.64;46.06;1711442
20140326;46.22;46.22;45.08;45.08;1378010
20140327;45.16;45.47;44.75;45.26;1692673
20140328;45.12;46.56;45.12;46.13;1670202
20140331;46.5;47.23;46.19;46.98;2444048
20140401;47.26;48.16;47.08;47.3;2336764
20140402;47.47;48.35;47.14;48.33;2072688
20140403;48.34;48.71;47.2;47.24;1574416
20140404;47.61;47.98;45.98;46.31;2309945
20140407;45.97;46.1;44.88;45.23;2972093
20140408;45.23;45.89;45.02;45.86;1347424
20140409;46.04;46.28;45.27;46.13;989222
20140410;46.07;46.12;44.67;44.74;1116022
20140411;44.27;44.74;43.77;44.02;1438879
20140414;44.43;44.88;43.94;44.5;1230008
20140415;44.31;45;43.96;44.62;1155247
20140416;44.91;45.49;44.71;45.2;1012395
20140417;45.15;45.64;45.02;45.24;1338548
20140421;45.38;45.64;45.01;45.38;830536
20140422;45.39;46.08;45.31;45.56;1174547
20140423;45.64;46.52;45.63;45.73;1086193
20140424;45.99;46.31;45.77;46.14;969150
20140425;45.97;46.27;45.75;45.84;569006
20140428;46.09;47.18;45.65;46.28;1411088
20140429;46.37;46.68;46.05;46.54;865496
20140430;46.51;46.61;45.94;46.53;872907
20140501;46.75;46.99;46.39;46.53;856011
20140502;46.59;47.65;46.46;47.1;710486
20140505;47.01;47.59;46.58;47.35;859805
20140506;47.14;47.21;46.55;46.91;938970
20140507;46.94;47.23;46.2;46.75;682884
20140508;46.84;48.25;46.8;47.16;1092261
20140509;47.14;47.85;46.83;47.83;914358
20140512;48.18;49.25;48.14;48.69;1172494
20140513;49.03;49.63;48.79;48.86;1007934
20140514;48.9;49.18;48.56;48.81;875636
20140515;48.62;48.62;47.71;48.36;852330
20140516;48.36;49;48.21;49;794689
20140519;48.95;49.12;48.57;48.82;926158
20140520;48.54;48.57;47.6;47.83;1249512
20140521;48.09;48.34;47.07;47.56;1530147
20140522;47.75;48.42;47.68;48.17;1692162
20140523;49.14;49.5;47.83;48.92;3088458
20140527;49.1;49.1;48.41;48.43;1444441
20140528;48.35;48.58;47.82;48.48;1655889
20140529;48.52;48.65;47.64;48;1575420
20140530;48.01;48.59;47.89;48.18;1213944
20140602;48.25;48.69;47.5;48.55;909085
20140603;48.43;48.99;48.26;48.85;1125701
20140604;48.73;49.62;48.64;49.2;1138650
20140605;49.25;49.84;48.72;49.82;1221145
20140606;50;50.12;49.52;49.6;1106010
20140609;49.88;50.08;49.4;49.53;813663
20140610;49.57;49.94;49.24;49.94;1117929
20140611;49.69;49.86;49.16;49.61;1168257
20140612;49.79;50.01;49.25;49.49;967405
20140613;49.71;49.79;49.2;49.44;940511
20140616;49.53;49.91;49.4;49.85;1117247
20140617;49.94;50.1;49.28;49.32;1898921
20140618;49.49;50.01;49.36;49.98;1323217
20140619;50;50.13;49.67;49.83;1446918
20140620;49.83;50.14;49.6;49.63;2363657
20140623;49.58;50.03;49.57;49.99;1160419
20140624;49.82;50.12;49.46;49.47;1186238
20140625;50.27;50.33;49.34;49.86;1270505
20140626;49.78;49.86;49;49.32;1325072
20140627;49.55;51;49.55;50.62;2761168
20140630;50.54;50.75;50.31;50.72;1713144
20140701;50.73;51.66;50.73;51.6;1507292
20140702;51.57;51.95;51.29;51.41;759371
20140703;51.5;52.07;51.47;51.74;553731
20140707;51.47;51.6;50.98;51.05;1234328
20140708;50.78;51.05;50.58;50.71;1273609
20140709;50.94;51.17;50.6;50.74;1472563
20140710;50.22;50.76;49.43;50.61;1757922
20140711;50.36;50.56;49.73;49.98;1553348
20140714;50.28;50.41;49.69;49.77;1354307
20140715;49.73;49.99;49.44;49.54;1565271
20140716;49.43;49.44;47.79;48.2;4089525
20140717;48.15;48.18;47.11;47.13;2105454
20140718;47.31;48.75;47.18;48.67;1527752
20140721;48.29;48.55;47.92;48.48;1576902
20140722;48.76;48.81;48.03;48.07;1007601
20140723;48.25;48.66;47.91;48.47;1122386
20140724;48.68;49.63;48.5;49.53;1342025
20140725;49.34;49.44;48.41;48.43;914420
20140728;48.49;48.64;48;48.48;1058879
20140729;48.54;49.07;48.38;48.51;848815
20140730;48.71;48.93;48.49;48.76;912829
20140731;48.29;48.38;47.29;47.53;1428111
20140801;47.58;48.15;47.5;48.12;1797350
20140804;48.25;48.82;47.9;48.73;1114442
20140805;48.35;49.03;48.1;48.47;822947
20140806;48.28;49.18;48.15;49.03;813422
20140807;49.36;49.36;48.17;48.25;1684026
20140808;48.51;50.26;48.11;50.2;1784541
20140811;50.38;50.5;49.62;49.77;1167745
20140812;49.82;50.8;49.68;50.29;1465008
20140813;50.39;50.76;49.81;50.2;960921
20140814;50.38;51;50.35;50.71;1296382
20140815;50.6;50.69;49.13;49.81;2498540
20140818;50.21;50.7;50.07;50.7;1441104
20140819;51.32;52.12;51.11;51.96;2355645
20140820;51.71;52.69;51.39;52.43;2320028
20140821;52.6;52.95;52.17;52.57;2442806
20140822;55.1;55.33;53.21;54.12;5585103
20140825;53.92;54.79;53.92;54.58;1699506
20140826;54.66;55.63;54.66;55.37;1761918
20140827;55.7;56.53;55.46;56.34;2257871
20140828;55.94;56.26;55.52;55.99;1168156
20140829;56.1;56.5;55.67;56.11;891972
20140902;56.29;57.5;56.15;57.25;2465421
20140903;57.66;57.9;56.82;57.12;2766297
20140904;57.25;57.95;57.09;57.33;1472808
20140905;57.06;57.27;56.37;57.19;1524586
20140908;57.25;57.54;56.87;57.2;1851577
20140909;57.17;57.25;56.32;56.49;1619408
20140910;56.51;57.01;56.23;56.79;1364266
20140911;56.65;57.15;56.48;57.15;1008296
20140912;57.25;57.76;56.98;57.1;1050110
20140915;57.18;57.36;56.9;57.13;816383
20140916;56.98;58.4;56.87;57.98;1700790
20140917;57.97;58;57.18;57.31;1652736
20140918;57.46;57.55;57.18;57.38;1645861
20140919;57.67;57.68;56.6;56.82;4537367
20140922;57.3;57.39;56.54;56.62;1606910
20140923;56.5;57.3;55.95;56.24;1860186
20140924;56.32;57.02;56.05;56.96;1154176
20140925;56.76;56.81;55.86;56.06;1597678
20140926;56.83;58.23;56.68;56.96;3299732
20140929;56.25;56.73;56.03;56.56;1661478
20140930;56.53;56.75;55.35;55.65;1987153
20141001;55.57;55.66;54.6;54.82;1999935
20141002;54.77;55.23;54.4;54.94;1635162
20141003;55.34;56.54;55.01;56.17;1903256
20141006;56.38;56.53;55.66;55.75;1518406
20141007;55.49;55.82;54.99;54.99;1161163
20141008;54.99;55.73;54.27;55.6;2764938
20141009;55.39;55.74;55.07;55.1;1894417
20141010;55.03;55.6;55;55.15;2101557
20141013;55.01;55.14;53.8;53.85;1901178
20141014;54.3;54.53;53.47;53.89;2200819
20141015;53.01;53.66;52.25;53.29;2802329
20141016;52.5;53.05;51.62;52.68;2946726
20141017;53.33;54.35;52.9;53.47;2266672
20141020;53.43;54.39;53.31;54.37;1908110
20141021;54.56;55.98;54.41;55.4;1858145
20141022;55.48;55.52;54.49;54.69;2150642
20141023;55.26;55.66;55.01;55.14;1379907
20141024;55.1;55.17;54.46;54.7;1460816
20141027;54.54;55.16;54.22;55.05;1508936
20141028;55.15;55.46;54.62;55.46;1675316
20141029;55.43;56.21;55.37;55.67;1206013
20141030;55.51;56.04;55.48;55.85;848350
20141031;56.67;56.76;55.89;56.01;1260080
20141103;56.01;56.48;55.76;56.17;1215068
20141104;54.17;54.17;52.25;53.63;7334904
20141105;54;54.06;52.03;52.71;4376743
20141106;52.94;54.51;52.86;54.47;2283916
20141107;54.19;55.16;54.13;54.5;3089945
20141110;54.6;54.95;54.38;54.77;1986119
20141111;54.77;54.93;54.47;54.7;1735398
20141112;54.64;55.94;54.64;55.73;3641251
20141113;55.75;56.23;55.2;55.67;1598387
20141114;55.5;56.32;55.5;55.99;1695272
20141117;56;56.16;54.76;54.8;2319590
20141118;54.91;55.03;54.44;54.83;3137865
20141119;54.98;56.29;54.72;56.19;3503153
20141120;56.5;57.18;56.27;57;3805093
20141121;59.17;59.19;54.49;54.55;8965477
20141124;54.95;56.75;54.71;56.43;3808013
20141125;56.78;57.2;56.45;56.91;7141388
20141126;56.87;57.28;56.6;56.73;1587011
20141128;56.8;57.61;56.76;57.29;1159481
20141201;57.5;57.5;56.29;56.35;1676433
20141202;56.75;57.08;56.35;56.9;2215478
20141203;56.6;57.63;56.6;57.51;1688528
20141204;57.23;57.5;56.67;57.31;1610519
20141205;57.5;57.5;56.53;56.7;1653149
20141208;56.47;57.45;56.36;56.54;1490333
20141209;55.64;56.61;55.62;56.49;1353733
20141210;56.42;57.13;55.92;56.02;2052996
20141211;56.48;57.4;56.27;56.38;1624295
20141212;56.12;57;55.92;56.15;1814278
20141215;56.56;57.37;56.34;57.14;2289362
20141216;56.94;57.25;55.78;55.78;1973062
20141217;55.98;56.67;55.63;56.33;2746373
20141218;57.03;57.88;56.53;57.88;2271505
20141219;57.44;57.56;52.7;53.86;11244345
20141222;54.03;55.01;54;54.66;2617286
20141223;54.81;55.65;54.53;55.22;2405084
20141224;55.29;55.93;55.17;55.31;1105636
20141226;55.75;55.83;55.1;55.46;867175
20141229;55.35;56.74;55.31;56.55;1440175
20141230;56.52;56.82;56.25;56.35;971923
20141231;56.54;57;56.17;56.18;1041353
20150102;56.43;56.72;55.37;56.04;949937
20150105;55.64;56.1;55.18;55.89;2045620
20150106;56.03;56.16;53.93;54.44;2715623
20150107;55.05;57.27;55.03;56.92;3255544
20150108;57.49;57.62;56.95;57.5;2266556
20150109;56.72;56.9;55.84;56.22;1749278
20150112;56.49;57.02;56.31;56.79;1866834
20150113;57.09;57.15;55.06;55.63;2210114
20150114;53.68;53.68;51.65;53.21;5715096
20150115;53.12;53.26;51.77;52.13;3303127
20150116;52.12;52.52;51.12;52.07;3130700
20150120;52.39;52.47;51.6;51.84;2340524
20150121;51.74;52.58;51.55;52.51;1597929
20150122;52.31;53.8;52.31;53.48;2305178
20150123;53.56;54;53;53.45;1886510
20150126;53.33;54.12;53.01;53.99;1360378
20150127;53.37;54.48;53.24;54.08;1286462
20150128;54.32;54.74;53.59;53.79;1386089
20150129;54.12;54.41;53.4;54.35;1527688
20150130;54.8;54.91;53.15;53.22;1795210
20150202;53.36;53.68;52.12;53.34;2147345
20150203;53.49;54.7;53.21;54.66;2139697
20150204;54;54.6;53.55;54.33;2216737
20150205;54.46;55.37;54.23;54.4;2748319
20150206;54.6;54.7;52.88;53.1;2998835
20150209;52.84;53.01;52.2;52.43;1793407
20150210;52.78;53.32;52.56;53.29;1498227
20150211;53.25;53.78;53.21;53.38;1473005
20150212;53.79;54.2;53.24;54.09;1990093
20150213;54.02;54.49;53.78;53.96;1050845
20150217;53.84;54.14;53.13;53.65;1069380
20150218;53.41;54.14;53.41;53.77;1681768
20150219;54.51;55.33;54.41;55.08;2466957
20150220;55.12;55.61;54.72;55.56;2104417
20150223;55.71;56.19;55.57;55.99;1311299
20150224;56;56.19;55.4;55.81;1265168
20150225;55.68;56.17;55.4;55.88;1200723
20150226;55.84;56.31;55.61;55.84;1206274
20150227;55.95;56.39;55.86;56.17;1283994
20150302;56.21;56.54;55.85;56.16;1422318
20150303;56.26;56.79;55.77;56.44;2587801
20150304;56.52;57.61;56.06;57.49;4106499
20150305;57.75;57.85;56.48;57.03;3523554
20150306;58.57;59.85;58.11;59.37;6211260
20150309;59.85;61.18;59.85;61.06;4634934
20150310;60.7;60.94;60.26;60.63;2465131
20150311;60.49;61.14;60.49;61.12;2239723
20150312;61.51;61.9;61.17;61.49;1776703
20150313;61.46;61.7;60.93;61.31;1223554
20150316;61.65;62.08;60.56;60.71;2382029
20150317;60.71;61.74;60.57;61.23;2742873
20150318;60.98;61.32;60.22;61.17;1791860
20150319;61.14;62.18;61.14;62.08;1668944
20150320;62.72;63.34;62.38;62.7;3514112
20150323;62.71;63;62.28;62.33;1334702
20150324;62.46;62.83;62;62.67;1578098
20150325;62.63;62.99;62.03;62.11;1767055
20150326;61.73;61.96;61.22;61.3;1703077
20150327;61.6;62.48;61.6;61.85;1192876
20150330;62.29;63.66;62.05;63.61;2273096
20150331;63.41;63.53;62.51;63;2469229
20150401;62.88;63.32;62.07;62.52;1800741
20150402;62.93;63.15;62.36;62.59;1436937
20150406;62.26;63.24;62.18;62.54;1425068
20150407;62.49;62.65;61.48;61.55;1798691
20150408;61.61;62.77;61.61;62.63;2276245
20150409;62.45;62.89;62.11;62.56;1812709
20150410;62.5;62.54;61.57;62.02;1444115
20150413;61.92;62.09;61.61;61.78;1185325
20150414;61.71;61.93;60.55;60.84;1776663
20150415;60.82;61.26;60.42;60.85;1888450
20150416;60.87;61.44;60.65;60.75;1450977
20150417;60.38;60.54;59.01;59.31;2583713
20150420;59.59;60.09;59.06;59.83;1427732
20150421;60;60.39;59.84;60.08;1485313
20150422;60.15;60.32;59.23;60;1244910
20150423;60.03;60.96;60.03;60.72;1060534
20150424;60.81;61.22;60.66;60.86;1189090
20150427;61;61.2;59.95;60.07;1221015
20150428;59.81;60.68;59.56;60.01;1275799
20150429;59.86;60.1;59.02;59.46;1576993
20150430;59.24;60.15;59.24;59.45;1679319
20150501;59.61;60.45;59.52;60.28;1177560
20150504;60.72;60.98;60.32;60.58;1161528
20150505;60.34;60.9;60.14;60.72;1322548
20150506;60.77;61.15;60.19;60.91;1563993
20150507;61.03;61.85;60.86;61.61;1635093
20150508;62.01;62.38;61.28;61.44;1754471
20150511;61.7;61.97;61.53;61.67;1683199
20150512;61.31;61.31;60.42;60.83;1695054
20150513;60.88;61.41;60.52;61.35;1698031
20150514;61.59;61.66;60.64;61.3;1752584
20150515;61.45;61.91;61.06;61.67;1197770
20150518;61.97;62.89;61.8;62.78;1810190
20150519;63.28;63.72;62.31;63.45;3473449
20150520;63.29;63.73;62.26;63.49;3692111
20150521;63.34;64.38;63.01;64;4092392
20150522;65.06;65.8;62.6;63.46;6914595
20150526;63.7;63.89;62.3;62.55;2911322
20150527;62.58;63.48;62.46;63.41;1467460
20150528;63.35;63.67;63.07;63.13;1194196
20150529;63.12;63.36;62.63;63.2;1700955
20150601;63.32;63.98;63.02;63.22;1398649
20150602;63.01;63.5;62.51;62.6;2170526
20150603;62.66;63.83;62.52;63.6;1442467
20150604;63.17;63.58;62.84;62.91;1105798
20150605;62.98;63.01;62.33;62.67;1155375
20150608;62.8;63.25;62.42;62.5;1411426
20150609;62.52;62.7;61.31;62;1632116
20150610;62.26;62.68;62.01;62.5;1278071
20150611;62.61;63.16;62.43;63.16;1186930
20150612;62.7;63.75;62.7;63.4;1129162
20150615;62.94;62.94;62.26;62.57;1357100
20150616;62.45;63.32;62.45;63.01;1036062
20150617;63.01;63.38;62.76;63.18;864702
20150618;63.18;63.92;63.18;63.73;958522
20150619;63.74;64.77;63.43;64.19;4643665
20150622;64.43;65;64.02;64.88;987616
20150623;65.33;65.94;64.99;65.85;1414221
20150624;65.72;66.48;65.25;65.55;1417641
20150625;65.77;66.27;65.6;66.06;1491523
20150626;66.74;67.79;66.6;67.31;4122871
20150629;67.05;67.56;65.95;66.03;1709833
20150630;66.58;67.23;66.29;67.01;1522383
20150701;67.54;68.11;67.15;67.97;1790796
20150702;67.99;68.81;67.39;67.51;2662689
20150706;67.09;68.69;67.09;67.99;2308042
20150707;68.2;69.06;67.5;68.87;1767725
20150708;68.58;69.12;68.25;68.93;2118067
20150709;69.42;69.88;68.72;68.95;1563399
20150710;69.5;69.82;68.66;69.56;1300247
20150713;70;71;69.63;70.49;1488748
20150714;70.45;70.94;70.11;70.19;1752503
20150715;69.73;70.04;69.34;69.44;1623650
20150716;69.61;70.06;69;69.93;1023537
20150717;69.66;69.89;69.24;69.46;849765
20150720;69.65;70.34;69.41;70.01;767154
20150721;70.1;70.52;69.11;69.61;1017681
20150722;69.63;70.36;69.43;70.26;1821109
20150723;70.64;71.07;69.83;69.9;1291327
20150724;69.91;70.08;69.26;69.43;949803
20150727;68.93;69.26;68.4;68.79;826039
20150728;69.01;69.43;68.5;69.01;1235770
20150729;69.22;69.93;68.88;69.41;1353277
20150730;69.41;70.61;69.4;70.29;967298
20150731;70.59;71;70.05;70.55;823212
20150803;70.67;70.8;69.65;70.18;744830
20150804;70.43;71.95;70.24;71.73;1418137
20150805;71.98;72.8;71.85;72.45;1221946
20150806;72.45;72.72;71.08;71.31;998944
20150807;71.21;71.22;70.1;71.03;1097449
20150810;71.26;73.58;71.2;73.21;1592042
20150811;72.86;73.57;72.38;73.32;1348826
20150812;72.78;73.31;71.46;72.22;2359162
20150813;71.54;73.3;71.54;72.66;1417205
20150814;72.75;73.48;72.49;73.22;785585
20150817;73.37;74.08;72.38;74.04;1288125
20150818;74.31;74.95;73.82;74.12;1655607
20150819;74.03;74.49;73.29;74.06;1856218
20150820;73.48;73.62;71.72;71.72;2502954
20150821;70.41;72.31;68.93;69.02;4942379
20150824;65.07;69.32;64.03;67.74;3567017
20150825;69.74;70.2;67.9;67.97;2005290
20150826;69.48;70.87;68.61;70.68;2400451
20150827;71.44;71.95;70.71;71.83;2240910
20150828;71.75;72.01;71.23;71.62;1087274
20150831;71.31;71.7;70.57;70.79;1729103
20150901;69.73;70.97;69.5;70.4;2128450
20150902;71;71.67;70.68;71.44;1566536
20150903;71.8;72.19;70.67;70.89;1359123
20150904;70;71.18;70;70.81;1569660
20150908;72.02;72.32;71.53;72.29;1560022
20150909;72.49;72.91;71.03;71.13;1509437
20150910;71.03;72.27;70.8;71.64;1177074
20150911;71.37;72.21;70.81;72.2;1195066
20150914;72.5;72.61;72.15;72.31;1425252
20150915;72.35;73;71.77;72.64;1346469
20150916;72.41;73.5;72.01;73.36;1678158
20150917;73.53;74.48;73.32;73.5;1484767
20150918;72.68;74.14;72.68;73.34;2232357
20150921;74.07;74.2;73.07;73.29;1840821
20150922;72.73;73.13;72.27;73.07;1126311
20150923;73.39;74.16;73.08;73.85;1120290
20150924;73.38;74.62;73.35;74.38;1465132
20150925;75.85;77.25;75.22;75.76;3423463
20150928;75.37;76;73.71;73.88;2236475
20150929;73.48;73.94;71.38;71.91;1972438
20150930;72.31;72.31;70.19;71.97;2625118
20151001;71.88;72.42;70.5;71.15;2014207
20151002;70.2;70.88;68.7;70.88;2474972
20151005;71.46;72.29;71.06;72.15;1735686
20151006;72.37;72.46;70.3;70.74;1775457
20151007;70.79;70.99;68.34;69.15;3344568
20151008;69.67;71.71;69.4;71.3;3237159
20151009;71.49;71.67;70.51;71.04;1362219
20151012;71.21;71.3;70.42;70.77;1576558
20151013;70.69;71.01;69.52;69.99;1659993
20151014;69.82;70.13;68.12;68.52;1941678
20151015;68.91;68.99;67.21;68.55;2245793
20151016;68.84;70.3;68.81;70.06;1437152
20151019;70.12;71.04;69.85;70.84;1282846
20151020;70.76;71;69.7;69.76;1513850
20151021;70.22;70.72;69.81;70.18;1462373
20151022;70.47;70.65;68.86;69.34;1778226
20151023;69.71;69.96;63.02;63.61;7001311
20151026;63.66;66.03;63.07;65.47;4369079
20151027;66.05;66.47;64.84;66.12;2831705
20151028;65.58;68.41;65.58;68.02;2282884
20151029;67.55;68.19;67.17;67.87;1382522
20151030;67.65;68.17;66.03;67.75;2219387
20151102;67.98;68.33;66.35;68.24;2282624
20151103;68.39;69.99;68.3;69.19;1627553
20151104;69;69.25;68.08;68.4;1655373
20151105;68.77;69.13;67.56;68.96;1203951
20151106;68.59;68.83;65.95;66.98;1975625
20151109;66.86;67.66;66.21;67.22;2241797
20151110;65.91;66;64.44;65.65;4477435
20151111;65.52;65.64;61.84;62.18;3990127
20151112;62.64;62.64;60.43;61.35;4839401
20151113;60.11;60.19;57.84;58.04;4950938
20151116;57.63;59.3;57.23;59.14;4669436
20151117;57.5;60.11;57.5;59.5;2861177
20151118;59.55;62.01;59.51;61.12;5341784
20151119;62;62;61;61.53;5076493
20151120;66.44;67.67;63.42;65.02;8838732
20151123;65.15;65.91;64.62;65.06;3150197
20151124;64.66;65.95;64.26;65.24;3420826
20151125;65.48;66.36;64.82;66.04;2567632
20151127;66;66.61;65.54;66.25;970355
20151130;66.13;66.24;64.67;65;2088547
20151201;65.56;66.61;65.29;65.68;2409788
20151202;65.84;67.14;65.75;65.89;2429726
20151203;66.16;66.32;63.09;63.91;2713439
20151204;65.12;66.34;64.55;65.88;2096507
20151207;66.1;66.57;64.84;66.33;2460518
20151208;65.4;67.49;65.36;66.57;2147905
20151209;66.32;68.14;65.67;66.44;3040804
20151210;67.05;68.24;66.63;67.07;2767455
20151211;66.74;67.02;65.94;66.4;2129824
20151214;66.51;67.8;65.29;66.03;2820232
20151215;66.46;66.62;63.69;63.85;3528675
20151216;64.49;65.4;64;65.08;3116705
20151217;65.55;66.32;63.98;64.01;1741702
20151218;63.81;65.39;63.48;64.28;4246881
20151221;64.24;64.97;63.55;64.01;2748654
20151222;64.8;67.18;64.45;66.65;2519341
20151223;67.75;67.76;66.05;67;2058146
20151224;66.52;66.62;64.38;64.99;1199248
20151228;64.7;65.87;64.38;65.26;1181068
20151229;65.58;66.19;65.21;65.69;881066
20151230;65.75;66.04;64.9;64.94;811994
20151231;64.75;66.15;64.54;65.09;1728016
20160104;64.46;65.33;64.05;65.31;2304423
20160105;65.58;66.96;65.36;66.23;2045383
20160106;65.25;66.56;64.46;65.23;2446217
20160107;64.02;66.26;64;64.44;3245734
20160108;65.45;65.5;62.66;62.7;3755894
20160111;62.92;63.68;61.77;62.62;2682062
20160112;63.36;63.77;62.12;63.37;1652594
20160113;63.43;63.43;61.34;61.65;2314274
20160114;61.21;62.36;60.36;61.55;2840505
20160115;60.19;60.98;59.01;60.65;3006625
20160119;61.26;63.75;61.24;62.89;4083579
20160120;62.01;62.82;59.76;62.24;5040501
20160121;61.82;65.07;61.71;64.56;3176265
20160122;64.96;65.61;64.5;65.2;2129331
20160125;65.35;65.49;64.3;64.47;1650300
20160126;65.74;66.76;65.22;66.13;2603311
20160127;65.64;66.9;65.39;65.72;2340869
20160128;66.8;67.53;65.83;67.31;2289359
20160129;67.65;68.5;67.22;67.56;2532382
20160201;67.58;69.5;67.23;69.1;2156038
20160202;68.9;69.65;68.7;69.14;2217913
20160203;69.04;69.56;67;68.49;2711732
20160204;67.35;68.71;67.04;68.05;2019394
20160205;67.89;68;65.74;65.81;2535522
20160208;65.39;65.44;63.12;64.51;2606045
20160209;63.64;64.99;62.73;63.64;1886554
20160210;64.28;64.87;63.82;63.97;1724545
20160211;63.31;64.46;62.99;63.98;2244736
20160212;64.65;66.11;64.02;65.95;1604972
20160216;66.61;68.03;66.2;67.68;1764887
20160217;67.96;68.27;66.76;67.66;1970464
20160218;67.68;67.8;66.26;67;1960775
20160219;66.5;67.76;65.65;67.5;2655706
20160222;68.22;68.45;67.04;67.25;2052933
20160223;67.66;68.11;65.26;66.21;3568794
20160224;66.23;67.07;64.51;66.77;3735083
20160225;67.37;68;66.23;67.03;6323734
20160226;65.76;66.85;63.78;64.14;8698771
20160229;64.14;64.47;62.27;62.5;6851168
20160301;62.58;63.77;62.43;63.47;3850292
20160302;63.65;64.06;63.28;63.6;2461199
20160303;63.57;63.57;62.36;63.24;2473358
20160304;63.24;63.46;62.02;63;2792902
20160307;62.46;63.48;62.05;62.36;1953605
20160308;62.06;64;62.03;63.44;3225300
20160309;63.55;63.69;62.53;62.71;1773983
20160310;62.91;64.45;62.8;63.38;1821454
20160311;63.66;64.24;63.33;64.14;1597753
20160314;63.77;64.37;63.56;64.28;1262499
20160315;64.25;64.93;63.09;63.13;1819390
20160316;63.07;63.79;62.92;63.53;2247265
20160317;63.33;65.29;63.16;65.12;2060721
20160318;64.19;65.4;63.57;65.22;2157429
20160321;65.22;67.14;65;66.65;3483920
20160322;66.64;67.27;66.17;66.19;2038987
20160323;64.85;64.85;62.71;63.79;4126224
20160324;63.73;63.83;63.12;63.47;1788350
20160328;63.71;65.74;63.5;65.2;1835663
20160329;65.12;65.94;64.84;65.81;2717043
20160330;65.88;66.45;65.66;65.74;2470971
20160331;65.82;66;64.37;64.5;2916426
20160401;64.49;64.72;63.26;63.75;31760760
20160404;63.86;64.44;63.33;63.51;2776482
20160405;63.41;63.59;61.95;62.8;3155776
20160406;63.06;63.29;62.06;63.26;2393299
20160407;62.99;63.23;61.76;62.37;3750805
20160408;61.94;62.83;61.49;61.91;3015052
20160411;61.5;61.79;59.45;59.46;4463418
20160412;59.47;60.32;58.17;59.98;3697385
20160413;61.56;62.32;61.39;61.97;3910413
20160414;62.07;62.41;61.32;61.42;1889516
20160415;59.98;61.5;59.71;61.4;4261714
20160418;61.26;62.58;61;62.5;3503672
20160419;62.53;62.53;61.54;61.76;2288809
20160420;62;62.03;61.18;61.32;2096734
20160421;61.75;61.88;60.35;60.46;2182944
20160422;60.55;61.05;60.35;60.41;2469631
20160425;60.2;60.4;59.63;60.36;1377912
20160426;60.79;61.53;60.72;61.28;1409418
20160427;61.2;62.05;60.73;61.93;1413798
20160428;61.35;62.29;61.29;61.47;1306866
20160429;61.21;61.49;60.58;61.44;1982152
20160502;61.6;62.19;61.45;62.04;1333338
20160503;61.87;61.95;61.06;61.52;1758153
20160504;61.16;61.95;60.63;61.85;986634
20160505;61.56;61.8;60.3;60.42;1830194
20160506;60.42;60.8;59.75;60.78;1540615
20160509;60.96;62.45;60.85;62.16;2509242
20160510;62.08;62.32;60.95;61.03;2211765
20160511;60.13;60.13;58.51;58.77;2942860
20160512;58.85;59.43;58.44;59.04;2301651
20160513;58.41;58.41;57.23;57.46;3619395
20160516;57.5;59.34;57.26;59.31;3885481
20160517;59.33;59.52;57.99;58.61;3224550
20160518;57.9;57.91;56.69;57.12;3452735
20160519;56.93;58.99;56.51;58.55;6286107
20160520;55.4;56.52;53.83;54.77;12511046
20160523;54.49;54.92;53.91;54.08;5024075
20160524;54.17;54.56;53.67;54.11;3359289
20160525;54.06;55.04;53.91;54.84;3380562
20160526;55.05;55.41;54.53;54.71;2197316
20160527;54.51;55.09;54.28;55.05;1791419
20160531;55.35;55.98;55.08;55.92;5203518
20160601;55.24;55.68;54.89;54.9;3559960
20160602;54.53;55.4;54.5;55.08;2782849
20160603;55.19;55.28;54.68;54.85;1750461
20160606;54.82;54.93;54.15;54.59;1399599
20160607;54.36;55.64;54.24;55.18;2490005
20160608;55.32;55.57;55.02;55.28;1485809
20160609;55.07;55.75;55;55.65;1489461
20160610;55.38;56.05;55.09;55.69;2389979
20160613;55.29;55.76;55.01;55.02;1965217
20160614;54.79;55.19;54.35;54.64;1494927
20160615;54.84;54.99;54.16;54.24;2559427
20160616;54.22;54.26;52.86;53.3;2719046
20160617;53.23;53.74;52.7;53.65;3420427
20160620;54.24;54.81;53.67;53.72;1798813
20160621;53.89;54.31;53.54;53.96;1438488
20160622;54.13;54.5;53.48;53.55;1505630
20160623;54.04;54.12;52.99;53.14;2230858
20160624;51.71;53.33;51.45;53.11;3193768
20160627;52.5;52.77;50.9;51.79;2850562
20160628;52.04;52.58;51.79;52.18;2067812
20160629;52.67;55.16;52.67;55.08;3895452
20160630;55.1;55.2;54.72;54.86;3926413
20160701;54.78;55.29;54.7;54.92;1935336
20160705;54.72;54.97;53.99;54.91;2126450
20160706;54.78;55.89;54.73;55.85;3067237
20160707;55.54;56.14;55.22;55.35;1752750
20160708;56.11;57.52;55.89;57.41;2836008
20160711;57.33;58.29;57.11;58.11;2333713
20160712;58.11;58.53;57.97;58.37;2201930
20160713;57.71;58.05;57.55;57.96;1991403
20160714;57.99;58.34;57.65;57.72;1543841
20160715;57.89;58.38;57.59;57.65;1636260
20160718;57.85;58.84;57.85;58.81;1390989
20160719;58.84;59.24;58.2;58.44;2154957
20160720;58.48;58.63;58.18;58.32;1267033
20160721;58.35;58.75;58.35;58.62;1396568
20160722;58.22;59.23;57.77;59.18;1644919
20160725;59.24;59.51;58.93;59.23;1518159
20160726;59.09;59.88;59.05;59.49;1706080
20160727;59.55;59.93;59.15;59.6;2405108
20160728;59.44;59.44;58.51;59.27;1362206
20160729;59.11;59.69;59.07;59.62;1907314
20160801;59.7;60.45;59.52;59.82;1606447
20160802;59.68;59.68;58.21;58.22;2197670
20160803;57.57;58.56;56.8;58.56;2419360
20160804;58.62;59.09;58.16;58.3;1615975
20160805;58.74;59.01;58.3;58.79;1924334
20160808;58.98;59.39;58.5;58.95;1544709
20160809;58.6;58.75;57.38;58.37;1610129
20160810;58.6;59.19;58.22;58.44;1194765
20160811;59.58;60.83;58.87;60.35;2347463
20160812;60.94;61.96;60.74;61.14;2428991
20160815;61.22;61.5;60.5;61.18;1758702
20160816;61.5;61.56;60.57;60.89;1688171
20160817;60.5;60.82;60.2;60.4;1963395
20160818;60.8;61.76;60.73;61.68;3124661
20160819;64.58;69;64.11;68.49;11839703
20160822;68.93;69.51;67.52;68.25;3449763
20160823;68.65;68.96;67.91;68.44;2171533
20160824;68.31;68.76;68.02;68.22;1738443
20160825;68.07;68.26;66.67;66.91;2219038
20160826;66.76;67.47;66.19;66.54;1952910
20160829;66.69;66.8;66.16;66.44;1594761
20160830;65.85;66.33;65.33;65.6;1542715
20160831;65.71;66.16;65.47;65.64;1387922
20160901;65.8;65.8;65.03;65.53;1029727
20160902;65.32;66.38;65.26;66;1158977
20160906;66.04;66.36;65.23;65.99;1187070
20160907;65.58;66.58;65.13;66.43;1498730
20160908;66.13;66.65;65.84;65.9;2049612
20160909;65.69;65.79;64.59;64.59;1724432
20160912;64.55;65.56;64.3;65.37;1819757
20160913;64.94;65.21;64.57;64.72;1363905
20160914;65.19;65.92;64.86;65.08;1379514
20160915;64.82;66.2;64.5;65.9;1483749
20160916;65.71;66.4;65.3;66.1;1741166
20160919;66.05;66.69;65.96;66.62;1722314
20160920;66.52;66.52;65.48;65.8;1605924
20160921;66.11;66.58;65.34;66.52;1156728
20160922;66.62;67.18;66.62;67.09;1432774
20160923;66.69;67.7;66.56;67.07;1409133
20160926;67.07;67.97;67.05;67.58;2544270
20160927;67.6;68.28;67.25;68.08;2150778
20160928;67.82;68.8;67.29;67.85;2323514
20160929;67.58;67.83;66.81;66.83;1710317
20160930;67.24;67.86;66.98;67.72;1849988
20161003;67.48;68.02;67.41;67.52;1157999
20161004;67.58;67.77;66.83;67;1203150
20161005;67.22;68.33;67.06;67.99;1460509
20161006;67.57;68.04;67.24;67.95;1248177
20161007;68.54;69.61;68.36;69.05;2590461
20161010;69.39;69.58;68.69;68.87;1205966
20161011;68.62;68.75;68.07;68.53;1406261
20161012;68.29;69.56;68.06;69.23;1260864
20161013;68.94;69;68.21;68.49;1380328
20161014;68.57;69.12;68.52;68.59;1028437
20161017;68.39;68.59;67.81;67.89;919777
20161018;68.13;68.44;67.81;67.89;953839
20161019;68.12;68.33;67.28;68.12;1200646
20161020;68.14;68.41;67.65;68.02;854914
20161021;67.43;68.06;66.76;67.93;1261642
20161024;68.38;69.08;68.33;68.86;1144423
20161025;67.6;68.05;66.86;68;2490823
20161026;67.67;69.4;67.67;68.85;1720744
20161027;68.68;68.86;66.51;66.76;1533620
20161028;66.69;67.81;66.65;67.15;1220661
20161031;67.22;67.54;66.28;66.77;1394813
20161101;66.36;67.33;65.39;65.8;2004095
20161102;65.76;67.53;65.57;67.18;1773313
20161103;67.28;67.3;65.43;65.62;1223659
20161104;66.07;66.96;65.75;66.17;1120014
20161107;66.93;67.33;66.64;67.25;1142236
20161108;67.17;67.57;66.67;67.46;1229102
20161109;66.4;69.6;65.76;69.27;1916275
20161110;69.57;71.94;69.57;71.63;2896058
20161111;70.95;71.74;69.85;71.53;2162997
20161114;71.87;73.37;71.44;71.45;3062103
20161115;71.73;72.25;69.94;70.06;2988055
20161116;70.1;70.46;69.34;69.72;3163795
20161117;69.61;71.45;69.28;71.35;4404699
20161118;69.57;72.6;68.48;71.78;5405723
20161121;71.35;73.58;71.18;73.1;3344538
20161122;73.47;74.55;73.16;73.33;2687668
20161123;72.8;74.71;72.1;74.19;1693668
20161125;74.4;74.74;73.67;73.93;546613
20161128;73.77;73.88;72.57;73.1;1402334
20161129;73.21;73.58;72.28;72.44;1080187
20161130;72.03;72.84;71;71.67;1941076
20161201;71.61;73.92;71.24;73.68;2509291
20161202;73.63;74.57;73.47;74.23;1984693
20161205;74.72;76.06;74.46;76.06;3380245
20161206;76.7;76.86;75.27;76.82;2892722
20161207;76.69;78.7;76.69;78.53;1883710
20161208;78.61;79.43;78.57;79.2;2098080
20161209;79.07;79.37;77.7;78.1;1572543
20161212;77.62;77.95;76.77;77.59;1619954
20161213;77.91;78.18;77.03;77.06;1830274
20161214;77.37;77.83;76.25;76.34;1508563
20161215;76.74;76.78;76.02;76.26;1160727
20161216;76.38;76.71;75.17;75.44;2185563
20161219;75.65;76.47;75.23;75.33;2100602
20161220;75.67;76.36;75.38;75.61;1656330
20161221;74.47;75.86;74.2;75.08;2136408
20161222;74.75;74.76;71.99;72.13;2302601
20161223;71.97;72.45;71.65;71.75;1159718
20161227;71.99;72.34;71.5;71.91;1264627
20161228;71.87;72.25;70.89;71.14;851713
20161229;71.26;71.71;70.66;70.89;765609
20161230;70.97;71.51;70.56;70.89;1050520
20170103;71.44;72.41;71.1;71.73;2397692
20170104;72.14;73.58;71.91;73;1658304
20170105;71.8;72.32;70.92;71.77;1781721
20170106;71.91;71.93;70.74;70.79;1452111
20170109;70.88;71.1;70.53;70.87;1012840
20170110;70.73;71.25;70.53;70.94;1694966
20170111;70.91;71.04;69.75;70.37;1406441
20170112;70.38;70.77;69.82;70.35;1079945
20170113;70.18;70.82;70.01;70.55;831730
20170117;70.55;71.85;69.46;69.73;1824134
20170118;69.6;70.13;69;69.35;1773627
20170119;69.35;69.65;68.29;68.55;1802215
20170120;68.64;69.48;68.53;69.14;1136336
20170123;68.74;69.03;68.27;68.79;1647796
20170124;68.42;69.13;68.3;68.86;1475148
20170125;69.5;69.64;68.84;69.2;1525859
20170126;69.33;69.85;69.03;69.19;1451013
20170127;69.16;69.46;67.93;68.01;881872
20170130;67.72;68.03;66.99;67.92;1955535
20170131;66.09;68.61;65.88;68.54;1790398
20170201;68.65;68.87;67.57;68.31;1950795
20170202;69.42;69.96;68.66;69.28;1891495
20170203;69.27;70.15;69.16;69.54;1653690
20170206;69.03;69.48;68.49;68.72;1450367
20170207;69.07;69.31;68.05;68.33;1640150
20170208;68.3;69.98;67.18;69.67;1602877
20170209;69.77;72.04;69.73;71.29;2235842
20170210;71.35;71.82;70.75;71.22;1750565
20170213;71.41;71.62;70.33;70.43;1231728
20170214;70.42;71.21;69.91;70.64;1696288
20170215;70.44;70.99;70.09;70.37;1237181
20170216;70.61;72.03;70.11;70.5;1704762
20170217;70.44;71;70.01;71;1358174
20170221;71.61;72.1;70.7;71.2;2497062
20170222;71.46;71.48;70.44;71.02;2219529
20170223;71;71.16;68.51;68.58;4304007
20170224;70.94;75.37;70.37;75.01;9185970
20170227;74.95;76.6;74.81;76.01;3685868
20170228;75.75;75.87;74.8;75.67;2220941
20170301;75.93;76.34;75.12;75.99;1730366
20170302;76.17;77.19;75.81;76.6;1424249
20170303;76.75;77;76.06;76.57;1169355
20170306;76.11;76.29;75.57;76.03;1525275
20170307;75.87;76.36;75.46;75.72;1136136
20170308;76.1;77.7;75.7;77.26;1695441
20170309;77.2;77.44;76.4;76.48;1187794
20170310;76.79;77.17;76.16;76.99;1221784
20170313;76.71;76.79;75.62;75.97;1313508
20170314;76.21;76.46;75.68;75.86;1077620
20170315;75.75;76.45;75.13;76.24;1168196
20170316;76.1;76.46;75.56;75.8;993052
20170317;76.11;76.2;74.75;75.67;2240355
20170320;75.84;75.91;73.74;73.98;2563270
20170321;74.34;74.47;72.4;73.45;1856807
20170322;72.35;72.92;71.65;72.83;2225481
20170323;73.03;73.34;72.43;72.86;1030702
20170324;72.48;73.11;72.15;72.59;1191027
20170327;71.99;73.06;71.41;72.8;1518423
20170328;72.8;73.37;72.48;73.14;1134476
20170329;73.37;75.56;73.33;75.39;2590025
20170330;74.85;75.65;74.57;75.37;1349679
20170331;75.33;75.64;74.64;74.81;1127672
20170403;74.77;74.94;73.25;74.35;2406384
20170404;73.88;74.35;72.38;72.45;2723987
20170405;72.77;73;71.16;71.2;1546127
20170406;71.7;73.38;71.52;72.29;2383801
20170407;72.2;72.52;71.51;72.26;2726960
20170410;72.44;73.65;72.41;72.56;1849225
20170411;72.18;72.53;71.63;72.48;1670389
20170412;73.04;73.15;72.01;72.6;2212160
20170413;72.59;72.9;72.01;72.09;1469978
20170417;72.07;72.61;71.61;72.53;1327639
20170418;72.47;72.92;71.89;72.59;1489794
20170419;72.67;73.11;72.18;72.65;1310092
20170420;74.5;77;74.37;76.55;6486173
20170421;76.3;76.35;75.53;75.84;3016162
20170424;76.71;76.9;75.89;76.42;1524308
20170425;76.8;77.12;76.25;76.6;1255631
20170426;77.08;77.62;76.56;76.92;1380277
20170427;77.4;77.4;76.54;76.69;1303489
20170428;76.77;77.86;76.2;77.34;1906763
20170501;77.31;77.4;76.45;76.46;1037649
20170502;76.29;76.75;75.89;76.73;1005697
20170503;76.83;77.17;76.43;76.83;830281
20170504;76.87;77.04;75.77;76.13;1146564
20170505;76.48;76.96;75.84;76.76;822654
20170508;76.87;76.87;76.05;76.53;718257
20170509;76.77;77.17;76.53;76.67;910951
20170510;76.65;77.71;76.44;77.35;1731268
20170511;76.5;76.8;74.73;75.81;1326442
20170512;75.36;75.5;74.11;74.88;1630543
20170515;74.89;75.03;72.94;73.21;2150819
20170516;72.1;72.59;70.72;71.79;2711617
20170517;71.16;71.56;70.66;70.86;2669658
20170518;71.12;71.82;70.21;70.45;2770873
20170519;60.5;61.4;58.13;58.72;16898634
20170522;59.13;61;58.5;60.27;7049640
20170523;60.31;60.63;59.45;59.87;3760005
20170524;59.78;59.96;58.65;59.63;3740721
20170525;60.18;60.97;59.43;59.66;3293948
20170526;59.57;59.95;59.07;59.82;1214301
20170530;60;60.64;59.26;59.66;1901029
20170531;59.64;59.64;58.61;59.41;4180608
20170601;59.5;59.7;59.04;59.36;2836601
20170602;59.45;59.55;57.63;58.04;4012921
20170605;57.51;58.21;56.73;57.6;3418813
20170606;57.4;57.59;54.82;55.08;5706406
20170607;55.15;55.68;54.31;55.29;5500664
20170608;55.29;55.65;53.82;53.88;3708971
20170609;53.95;54.94;53.11;54.78;3776415
20170612;54.65;55.84;54.37;54.86;4205581
20170613;54.06;55.36;53.3;55.1;3028992
20170614;55.5;55.5;53.59;53.77;3527638
20170615;53.5;53.99;52.27;52.83;3980956
20170616;52.73;52.84;50.59;52.04;6714121
20170619;52.2;52.22;50.91;51.45;3440362
20170620;51.11;51.33;50.22;50.33;3486855
20170621;47.02;48.18;44.87;47.82;12895336
20170622;48.45;49.3;47.45;47.5;4297568
20170623;47.47;48.77;47.25;48.03;7534600
20170626;48.21;48.73;47.92;48.37;3223322
20170627;48.25;48.95;48.01;48.5;2986360
20170628;48.5;48.93;48.33;48.71;2264932
20170629;48.77;49.45;48.26;48.7;2873629
20170630;49.14;49.77;48.67;49.28;3694203
20170703;49.59;50.71;49.58;50.64;2163325
20170705;50.96;51.6;50.05;50.3;8688969
20170706;50.04;50.29;49.55;50.08;5044036
20170707;50.08;50.38;49.68;49.98;4129058
20170710;49.69;49.79;48.35;48.4;4487577
20170711;48.4;48.5;47.47;48.32;2586088
20170712;48.28;48.99;48;48.24;3183710
20170713;48.48;48.74;48.12;48.57;3655030
20170714;48.68;48.86;48.25;48.42;1953856
20170717;48.42;49.32;48.25;48.95;2438028
20170718;48.85;49.19;48.47;48.58;2050919
20170719;48.66;48.89;48.33;48.54;1711629
20170720;48.55;48.76;47.48;47.98;3095262
20170721;48.06;48.07;46.29;47.21;3775107
20170724;45.55;45.9;44.59;45.05;5160244
20170725;45.48;46.03;44.8;45.75;3310748
20170726;45.75;46.25;45.14;46.1;2130832
20170727;46.25;47.47;45.89;47.25;2507442
20170728;47.29;47.34;45.96;46.02;2259968
20170731;46.27;47.34;46.08;47.19;2799611
20170801;47.07;47.15;45.99;46.87;2592591
20170802;46.84;47.97;46.8;47.65;4064606
20170803;47.71;49;47.53;48.55;4273647
20170804;48.65;49.31;48.48;49;2802515
20170807;48.85;48.99;47.87;48.84;3764463
20170808;50.5;51.29;49.96;50.04;5053931
20170809;49.67;50.25;49.08;49.8;2516277
20170810;49.18;49.48;48.17;49.09;3072731
20170811;48.6;50.04;48.45;49.3;2545323
20170814;49.46;49.77;48.94;49.32;2860384
20170815;47.15;48.04;46.4;47.13;6236791
20170816;47.62;49.07;47.55;48.57;5584618
20170817;48.34;49.33;47.62;47.7;5557212
20170818;36.55;36.8;34.29;34.38;36216618
20170821;34;34.07;31.72;31.82;23093567
20170822;31.92;33.28;31.56;33.18;10510197
20170823;33.03;35.33;32.97;35.25;8630201
20170824;35.6;36.27;34.73;34.77;7686783
20170825;34.82;36;34.8;35.88;5206849
20170828;35.92;35.92;35.05;35.7;3763764
20170829;34.85;35.42;34.45;35.16;4668947
20170830;35.37;35.42;34.89;35.24;3936544
20170831;35.29;35.69;34.92;35.23;4801654
20170901;35.49;36.65;35.37;36.34;4046208
20170905;35.91;36.44;35.49;36.33;5560054
20170906;36.37;36.86;35.93;36.7;6193341
20170907;36.73;36.85;36.02;36.16;3346892
20170908;36.1;36.29;35.31;35.73;2392080
20170911;35.81;36.03;34.93;34.99;3946355
20170912;35.18;36.03;34.87;35.7;3456696
20170913;35.75;36.25;35.69;36.1;4727652
20170914;36.17;36.74;35.44;36.62;4666408
20170915;36.51;37.05;36.37;36.93;3977521
20170918;37.01;37.15;36.03;36.26;2824976
20170919;36.26;36.33;34.88;35.05;3552376
20170920;34.89;35.15;34.32;34.57;4378204
20170921;34.68;34.73;33.68;33.7;4181909
20170922;33.65;34.18;33.25;33.6;5525634
20170925;33.67;34.89;33.63;34.66;4297301
20170926;34.86;35.21;34.23;35.12;2781321
20170927;34.71;35.19;34.28;35.07;2386185
20170928;35.08;35.32;34.33;34.86;2309042
20170929;34.86;35.28;34.59;35.22;2788972
20171002;35.18;35.18;34.12;34.75;4221139
20171003;34.78;35.08;34.04;34.38;3521649
20171004;34.35;34.59;33.79;33.85;2441298
20171005;33.82;34.65;33.57;34.38;2610775
20171006;34.24;34.8;34.16;34.41;2779679
20171009;34.41;34.57;33.31;33.39;1770275
20171010;33.47;33.91;33.38;33.6;2397503
20171011;33.6;33.72;32.78;32.93;3914297
20171012;32.64;32.69;31.38;31.43;4098376
20171013;31.62;32.44;31.41;31.65;2835704
20171016;31.63;31.88;30.91;30.95;3031854
20171017;30.97;31.19;30.58;31.02;2922440
20171018;31.2;31.92;31.05;31.18;3636415
20171019;30.93;31.31;30.73;30.99;2392170
20171020;31.31;31.67;30.92;31.28;2663651
20171023;30.75;31.9;30.4;31.62;3600993
20171024;31.91;31.97;31.09;31.13;2498943
20171025;31;32.1;29.89;31.29;6446138
20171026;31.43;33.21;31.33;33.07;5548389
20171027;32.49;32.75;31.52;31.55;4684993
20171030;31.34;31.44;30.43;30.58;2747526
20171031;30.2;30.33;29.7;30.08;3790922
20171101;30.19;30.89;29.7;29.91;3000303
20171102;29.84;30.42;29.75;30.01;2949068
20171103;29.9;30.05;29.24;29.85;2505673
20171106;29.78;30.2;29.57;29.65;2739811
20171107;29.61;29.65;28.85;29.24;3238334
20171108;29.07;29.97;28.42;29.88;3012717
20171109;29.73;31.37;29.64;30.61;4886965
20171110;30.59;31.5;30.09;30.34;3786832
20171113;30.34;30.52;29.21;29.64;3615684
20171114;29.06;30.01;28.68;30;3895044
20171115;29.74;31.63;29.55;31.2;4970894
20171116;31.32;32.26;31;31.85;6309605
20171117;41.33;41.73;38.26;40.82;30583604
20171120;40.82;41.78;39.5;40.69;11052346
20171121;40.55;41.33;40.13;40.69;5810150
20171122;40.65;40.98;40.31;40.54;3007626
20171124;40.71;40.78;39.99;40.1;1884645
20171127;40.34;40.91;38.96;39.4;5660096
20171128;39.52;40.65;38.67;40.45;4544756
20171129;40.46;43.29;40.45;42.59;7587669
20171130;41.96;44.39;41.81;42.84;15926862
20171201;42.64;43.82;41.76;43.31;5987336
20171204;44.3;46.25;44.05;45.76;6918514
20171205;45.58;45.58;43;43.4;5042650
20171206;43.25;43.49;42.32;42.82;3583713
20171207;43.04;43.58;42.48;43.22;5177657
20171208;43.38;45.04;43.03;44.97;3540630
20171211;44.89;45.07;43.8;44.41;3320162
20171212;44.57;45.43;44.52;44.57;2921763
20171213;44.46;45.91;44.39;45.35;3756672
20171214;45.35;45.57;43.97;44.33;4004607
20171215;46.11;47.24;45.55;45.65;7738236
20171218;46.21;46.97;46.07;46.57;3817266
20171219;46.9;46.91;45.84;46.21;4535675
20171220;46.4;46.68;45.52;46.29;3923131
20171221;46.62;48.08;46.46;47.98;4043258
20171222;47.07;47.47;46.76;47.26;2350880
20171226;47.31;49.13;47.14;48.55;2297157
20171227;48.51;48.61;47.4;47.68;2952996
20171228;47.62;47.89;46.93;47.09;1681979
20171229;47.35;47.85;46.87;46.88;2062364
20180102;47.45;48.18;47.15;47.89;3215836
20180103;48.04;48.45;47.4;47.87;3482047
20180104;47.87;47.98;44.99;46.31;3980480
20180105;46.84;47.09;46;46.96;3101827
20180108;47.3;47.88;45.87;46.97;3675472
20180109;46.82;46.96;45.73;46;3057804
20180110;45.93;46.48;45.14;46.28;3497773
20180111;46.5;46.5;45.55;46.3;2445792
20180112;46.58;47.65;46.41;47.45;3281041
20180116;47.53;48.88;46.64;46.96;3684310
20180117;47;48.45;46.95;48.07;2963590
20180118;47.79;48.85;47.61;48.59;3075758
20180119;49.85;50.45;49.35;50.21;4012287
20180122;49.68;50.64;49.5;50.37;4033417
20180123;51.18;51.64;50.26;51.52;2753323
20180124;51.6;52.54;51.37;52.25;3819575
20180125;52.81;53.17;52.02;52.44;4206069
20180126;52.47;52.47;50.6;51.59;3330611
20180129;51.18;51.91;50.81;51.28;2135225
20180130;50.94;51.46;49.7;49.9;2898122
20180131;51.65;51.65;48.58;49.15;3882949
20180201;48.75;50.01;48.55;49.21;1951101
20180202;48.76;48.98;47.92;48.38;3464544
20180205;47.77;48.56;45.49;45.63;4434488
20180206;44.8;47.96;44.19;47.64;3971181
20180207;47.7;48.95;47.4;48.01;3217191
20180208;48.22;48.5;45.87;45.88;3230002
20180209;46.51;47.06;44.04;46.24;4477864
20180212;46.79;47;44.9;46.34;3269176
20180213;46.13;47.69;45.96;46.64;3205501
20180214;46.14;48.96;45.8;48.58;3675608
20180215;49.1;49.3;48.12;49.24;2037190
20180216;49.24;49.95;48.83;49.17;2790785
20180220;48.55;49.11;47.65;48.17;2619806
20180221;48.5;49.52;48.27;48.42;1804417
20180222;48.83;48.87;47.9;48.26;3843173
20180223;48.5;48.8;47.55;48.25;2952483
20180226;49.02;49.59;48.27;49.32;3187872
20180227;49.88;50.61;47.49;47.54;4253251
20180228;47.99;48.42;45.81;45.91;5247211
20180301;45.9;46.57;44.7;45.88;6700590
20180302;40.65;41;38.17;40.04;22782902
20180305;39.92;42.01;39.92;41.63;8893229
20180306;41.44;42.13;41.01;42.1;3533309
20180307;41.51;41.83;40.37;40.72;3699607
20180308;40.91;41.61;40.5;40.85;2993746
20180309;41.13;42.58;40.93;42.56;4880482
20180312;42.74;43.6;42.48;43.32;5439895
20180313;43.84;44.37;43.68;43.86;4889422
20180314;44.15;44.56;43.18;43.26;2170585
20180315;43.49;43.9;43.24;43.46;2483291
20180316;43.43;44.62;43.37;44.11;3986124
20180319;43.88;44.08;43.48;43.82;3684329
20180320;43.9;44.06;43.44;43.62;2721882
20180321;43.61;44.28;43.6;43.76;2441764
20180322;43.6;43.67;41.79;41.88;2783834
20180323;42.61;44.38;42.41;43.74;5114401
20180326;44.26;45.43;43.6;45.26;3154854
20180327;45.14;45.18;43.85;44.11;2571353
20180328;44.37;45.43;43.85;44.78;2119890
20180329;44.87;45.82;44.78;45.54;2075172
20180402;45.47;45.5;43.15;43.82;2494228
20180403;44.04;45.87;43.92;45.84;3545782
20180404;45.3;47.92;45.3;47.79;2934203
20180405;47.88;48.17;47.26;47.91;2235756
20180406;47.41;47.43;45.92;46.46;1954234
20180409;46.73;46.96;45.53;45.61;2483824
20180410;46.2;47.24;46.13;46.64;2171292
20180411;46.21;46.65;45.9;46.11;1582514
20180412;46.17;46.29;45.52;45.93;1454806
20180413;46.19;46.73;44.98;45.2;2118039
20180416;45;45.02;43.29;43.35;4533683
20180417;43.87;43.87;42.36;42.37;4113277
20180418;42.74;43.79;42.3;42.42;2168158
20180419;42.15;42.2;40.92;41.64;3084922
20180420;41.44;41.83;40.69;40.88;3347092
20180423;41.12;41.62;40.45;41.21;2615651
20180424;41.54;42.32;41.03;41.71;2343902
20180425;41.63;42.18;41.29;41.94;1801672
20180426;42.17;43.57;41.5;43.16;1774549
20180427;43.21;44.84;43.12;44.41;2469130
20180430;44.5;44.51;43.06;43.08;2707899
20180501;43;43.05;41.55;42.61;2089148
20180502;42.4;43.04;41.98;42.6;1584474
20180503;42.43;42.53;41.43;41.65;1726478
20180504;41.4;41.93;40.7;41.67;1812711
20180507;41.63;41.63;40.02;40.52;3390222
20180508;40.5;42.08;40.42;41.93;3280271
20180509;41.82;41.96;41.12;41.46;2527009
20180510;41.44;41.99;40.77;41.86;2407181
20180511;41.74;42.73;41.26;42.59;2415886
20180514;42.62;43.67;42.07;43.44;2911390
20180515;43.32;43.8;43.13;43.62;2009321
20180516;43.9;44.97;43.34;44.15;2560600
20180517;44.11;44.56;43.73;43.93;1981507
20180518;43.63;43.9;43.34;43.44;2679962
20180521;43.79;44.83;43.7;44.09;3240919
20180522;44.42;44.97;44.12;44.27;2419786
20180523;44.11;45.11;43.84;45.03;3255698
20180524;44.8;46.7;44.65;46.39;6836216
20180525;52.37;56.28;50.7;55.74;30792196
