20100104;16.18;16.46;16.18;16.32;2517182
20100105;16.2;16.28;16.06;16.24;2360412
20100106;16.2;16.68;16.2;16.48;3866459
20100107;16.58;16.58;16.22;16.36;3323728
20100108;16.42;16.48;16.22;16.42;1674410
20100111;16.56;16.6;16.32;16.48;2077256
20100112;16.5;16.5;15.78;15.9;2571094
20100113;16.02;16.04;15.7;15.8;3476492
20100114;15.82;15.94;15.72;15.84;3129988
20100115;15.88;16;15.42;15.54;5345245
20100119;15.6;15.88;15.6;15.8;2776987
20100120;15.62;15.72;15.3;15.48;3552069
20100121;15.52;15.82;15.12;15.18;5216648
20100122;15.22;15.26;14.72;14.74;3651569
20100125;15.18;15.18;14.72;15.02;2051514
20100126;15.02;15.24;14.92;15.02;5768611
20100127;14.9;15.1;14.66;14.9;3997830
20100128;14.9;15.08;14.46;14.56;17144737
20100129;14.74;15.04;14.64;14.68;3898641
20100201;14.88;14.88;14.5;14.72;3755513
20100202;14.82;15.06;14.64;15.04;4526065
20100203;15.74;16.04;15.54;15.96;9816330
20100204;15.8;15.86;15.32;15.32;5083937
20100205;15.32;15.54;14.76;15.24;8079513
20100208;15.14;15.14;14.76;14.8;3632386
20100209;15.07;15.31;14.9;15.16;3771637
20100210;15.04;15.09;14.66;14.82;2701839
20100211;14.98;15.22;14.7;15.22;3697031
20100212;15.16;15.5;15.06;15.48;4948237
20100216;15.6;15.86;15.42;15.86;3603001
20100217;15.76;15.92;15.7;15.82;2118175
20100218;15.8;15.98;15.66;15.9;2471401
20100219;15.78;16.1;15.7;16.02;2753285
20100222;16.1;16.12;15.9;15.92;1851850
20100223;15.96;16.08;15.56;15.62;2735879
20100224;15.66;15.94;15.6;15.92;2364011
20100225;15.58;15.86;15.42;15.82;2781062
20100226;15.8;15.88;15.6;15.76;2141436
20100301;15.85;16.26;15.78;16.16;1891420
20100302;16.3;16.34;16.04;16.2;1713783
20100303;16.2;16.32;16.08;16.14;2351250
20100304;16.28;16.32;15.98;16.32;2658548
20100305;16.32;16.82;16.32;16.82;4532479
20100308;16.82;16.84;16.64;16.72;1660976
20100309;16.7;16.76;16.56;16.72;2792420
20100310;16.68;16.75;16.61;16.73;2132715
20100311;16.68;16.74;16.52;16.7;1950794
20100312;16.86;16.94;16.46;16.52;3469201
20100315;16.52;16.64;16.28;16.4;2333020
20100316;16.52;16.64;16.4;16.58;3861041
20100317;16.7;16.76;16.52;16.66;4261642
20100318;16.8;16.8;16.5;16.7;3887366
20100319;16.8;16.88;16.52;16.56;3800296
20100322;16.4;16.62;16.32;16.6;2384829
20100323;16.64;16.74;16.48;16.74;3840063
20100324;16.74;16.87;16.62;16.83;4890610
20100325;17.06;17.42;17.02;17.04;3270751
20100326;17.04;17.28;16.9;17.1;2997647
20100329;17.26;17.26;17.08;17.18;2404639
20100330;17.09;17.21;16.96;17.03;1896784
20100331;17.04;17.2;16.92;17.02;2259441
20100401;17.08;17.26;16.96;17.18;1606802
20100405;17.16;17.6;17.08;17.42;1886846
20100406;17.42;17.5;17.24;17.34;1510144
20100407;17.22;17.3;17;17.14;1927050
20100408;17.04;17.36;17;17.34;1975320
20100409;17.42;17.96;17.34;17.82;2539330
20100412;17.73;17.89;17.64;17.66;1390569
20100413;17.6;18.12;17.54;18;4186260
20100414;18.02;18.36;17.94;18.36;3452852
20100415;18.4;18.51;18.14;18.3;3696987
20100416;18.2;18.48;18.02;18.12;5657026
20100419;18.18;18.34;17.88;18.2;2842588
20100420;18.24;18.44;18.2;18.24;2878392
20100421;18.45;18.51;18.26;18.46;5104460
20100422;18.32;18.54;18.04;18.52;4233434
20100423;18.37;18.5;18.16;18.5;3832107
20100426;18.49;18.8;18.4;18.6;3018989
20100427;18.36;18.44;17.9;17.98;4847345
20100428;18.04;18.18;17.62;17.88;3515823
20100429;18.04;18.32;18.02;18.13;2447953
20100430;18.24;18.48;17.8;17.8;3243212
20100503;17.96;18.52;17.96;18.38;4645363
20100504;18.24;18.24;17.52;17.68;4984627
20100505;16.78;17.02;15.94;17;7232340
20100506;16.88;17.02;15.16;16.22;7651685
20100507;16.36;16.46;15.56;16.02;7106722
20100510;16.84;17.26;16.8;17.06;4704683
20100511;17.04;17.04;16.7;16.86;3936315
20100512;17;17.02;16.7;17.02;3624733
20100513;17.22;17.22;16.68;16.76;3517071
20100514;16.72;16.76;16.22;16.4;3118549
20100517;16.62;16.62;15.98;16.46;2323643
20100518;16.5;16.6;16.04;16.1;2500119
20100519;15.98;16.1;15.44;15.8;4668553
20100520;15.22;15.38;14.94;14.96;6138723
20100521;14.66;15.34;14.64;15.26;4630155
20100524;15.04;15.34;14.9;15.08;3351799
20100525;14.48;14.9;14.38;14.9;4286161
20100526;14.84;15.26;14.72;14.92;5377788
20100527;15.24;15.56;15.14;15.56;2644541
20100528;15.72;15.72;15.16;15.36;3213545
20100601;15.22;15.48;14.94;14.94;2778975
20100602;14.94;15.44;14.92;15.44;3031197
20100603;15.52;15.56;15.12;15.37;1864882
20100604;15.06;15.18;14.74;14.76;2615485
20100607;14.7;14.92;14.42;14.46;3044552
20100608;14.58;14.76;14.32;14.7;3842124
20100609;14.82;15.17;14.69;14.82;2077613
20100610;15.26;15.52;15.22;15.5;2125635
20100611;15.22;15.6;15.18;15.6;1220809
20100614;15.82;15.86;15.42;15.46;2952006
20100615;15.22;16.58;15.16;16.5;13482682
20100616;16.18;16.3;15.98;16.1;6342935
20100617;16.04;16.14;15.86;16.08;2732513
20100618;16.2;16.2;15.88;16.04;2175954
20100621;16.12;16.18;15.72;15.84;3465210
20100622;15.8;16;15.42;15.48;2016592
20100623;15.42;15.52;15.2;15.46;2503517
20100624;15.38;15.38;14.56;14.7;3175500
20100625;14.7;14.74;14.38;14.52;3434228
20100628;14.6;14.76;14.48;14.66;2777729
20100629;14.56;14.6;13.94;14.12;7735834
20100630;14.06;14.24;13.84;13.86;2171354
20100701;13.8;13.92;13.36;13.66;4637557
20100702;13.72;13.72;13.28;13.48;2978616
20100706;13.46;13.96;13.44;13.7;4087028
20100707;13.52;13.9;13.32;13.86;3839031
20100708;14.02;14.24;13.94;14.24;2935994
20100709;14.28;14.46;14.24;14.44;2026920
20100712;14.48;14.66;14.36;14.5;2195572
20100713;14.6;14.92;14.46;14.76;2994288
20100714;14.82;14.88;14.5;14.84;5135212
20100715;14.84;14.96;14.62;14.76;2254704
20100716;14.72;14.86;14.1;14.14;2385081
20100719;14.1;14.42;14.08;14.4;1389467
20100720;14.24;14.66;14.06;14.66;3015476
20100721;14.7;14.7;14.24;14.32;4982992
20100722;14.53;14.89;14.44;14.7;2249467
20100723;14.72;15.08;14.66;15.02;1661708
20100726;14.98;15.22;14.9;15.16;1332834
20100727;15.18;15.26;14.84;14.96;1751769
20100728;14.86;14.86;14.56;14.7;1747203
20100729;14.76;15.06;14.44;14.62;1429590
20100730;14.52;14.84;14.22;14.8;2601100
20100802;15;15.42;14.98;15.38;1714020
20100803;15.25;15.25;14.87;15.19;2521246
20100804;15.38;15.62;15.32;15.58;2172857
20100805;16.24;16.46;15.86;15.94;3556284
20100806;15.63;15.89;15.41;15.77;2257074
20100809;15.92;15.92;15.68;15.78;666773
20100810;15.64;15.7;15.34;15.52;2676896
20100811;15.14;15.16;14.7;14.84;1723090
20100812;14.62;14.7;14.54;14.66;1507392
20100813;14.66;14.68;14.48;14.52;1995411
20100816;14.42;14.56;14.2;14.52;2046147
20100817;14.68;14.82;14.58;14.72;2733500
20100818;14.71;14.83;14.41;14.69;1346549
20100819;14.56;14.58;14.12;14.3;1415099
20100820;14.2;14.32;13.98;14.18;1315906
20100823;14.24;14.42;13.98;14.02;1611861
20100824;13.86;13.9;13.6;13.74;1721206
20100825;13.58;13.8;13.46;13.76;2805846
20100826;13.8;13.92;13.64;13.72;1303014
20100827;13.94;13.98;13.54;13.98;1186873
20100830;13.98;14.12;13.82;13.94;1673412
20100831;13.84;14.12;13.66;14.1;2247644
20100901;14.4;14.78;14.36;14.7;4437091
20100902;14.7;14.9;14.68;14.9;1195064
20100903;15;15.12;14.9;15.06;1721540
20100907;14.98;15;14.62;14.68;1293895
20100908;14.73;14.89;14.64;14.76;1124214
20100909;15.06;15.2;14.98;15.06;1234391
20100910;15.04;15.2;14.98;15.1;1332729
20100913;15.26;15.46;15.16;15.46;1164205
20100914;15.44;15.6;15.3;15.58;2932176
20100915;15.54;15.62;15.42;15.58;1834420
20100916;15.54;15.6;15.16;15.34;1458744
20100917;15.48;15.5;15.26;15.32;1146470
20100920;15.34;15.82;15.34;15.72;1280003
20100921;15.8;15.88;15.4;15.58;992651
20100922;15.68;15.82;15.28;15.38;2706118
20100923;15.24;15.62;15.2;15.32;1872526
20100924;15.52;15.94;15.52;15.84;1324119
20100927;15.94;15.94;15.54;15.66;3640354
20100928;15.62;15.76;15.34;15.62;2614034
20100929;15.6;15.62;15.16;15.28;2012851
20100930;15.36;15.5;14.98;15.06;2576095
20101001;15.14;15.32;14.98;15.26;1905904
20101004;15.14;15.24;14.9;15.04;1832669
20101005;15.34;15.58;15.24;15.48;2225359
20101006;15.56;15.68;15.42;15.56;2477773
20101007;15.62;15.72;15.34;15.62;2296685
20101008;15.6;15.86;15.54;15.82;1554697
20101011;15.72;15.86;15.62;15.68;1693382
20101012;15.56;15.78;15.44;15.76;1701430
20101013;15.74;16.14;15.7;15.88;3060312
20101014;15.78;16.06;15.74;15.86;1598230
20101015;16.02;16.07;15.67;16.02;1528384
20101018;15.9;15.9;15.72;15.82;1453976
20101019;15.62;15.78;15.46;15.6;3049475
20101020;15.72;16.28;15.7;16.16;2101579
20101021;16.18;16.44;15.98;16.1;1883353
20101022;16.1;16.18;15.96;16.06;678289
20101025;16.16;16.34;16.04;16.08;1628246
20101026;15.9;16.04;15.86;15.96;2500997
20101027;15.7;15.9;15.6;15.88;1746297
20101028;16.08;16.18;16.02;16.08;1827928
20101029;16.02;16.16;15.9;16.1;2931200
20101101;16.18;16.62;16.08;16.2;2985516
20101102;16.44;16.5;16.3;16.42;2744699
20101103;16.46;16.7;16.16;16.44;2139043
20101104;16.89;16.9;16.45;16.56;2482691
20101105;16.55;16.55;16.24;16.33;1347242
20101108;16.34;16.34;16.1;16.22;1847553
20101109;16.22;16.26;16.02;16.08;1658261
20101110;15.96;16.22;15.88;16.16;1928990
20101111;16.04;16.28;16;16.14;2252813
20101112;16.04;16.24;15.9;16;2000030
20101115;16.02;16.12;15.86;15.88;1783085
20101116;15.82;15.82;15.56;15.7;1987838
20101117;15.7;15.88;15.62;15.74;2205116
20101118;15.96;16.12;15.88;16.04;2171454
20101119;15.96;16.02;15.84;15.98;1712574
20101122;15.96;16.02;15.72;15.98;1734559
20101123;15.78;15.8;15.44;15.52;1636209
20101124;15.72;15.84;15.6;15.74;958320
20101126;15.54;15.78;15.54;15.6;585334
20101129;15.48;15.58;15.18;15.54;1712506
20101130;15.38;15.44;15.24;15.24;2335853
20101201;15.5;15.84;15.44;15.68;2170541
20101202;15.64;16.06;15.64;16.04;1195769
20101203;15.96;16.16;15.9;16.14;1883964
20101206;16.04;16.13;15.91;16.06;900846
20101207;16.26;16.34;16.08;16.26;2223669
20101208;16.22;16.34;16.04;16.1;1253355
20101209;16.18;16.26;16.02;16.08;778409
20101210;16.18;16.48;16.1;16.4;1615252
20101213;16.48;16.48;16.14;16.18;2249696
20101214;16.08;16.36;16.08;16.18;2064867
20101215;16.2;16.24;16;16.04;2026874
20101216;16.12;16.24;16.02;16.14;856868
20101217;16.12;16.24;16.04;16.14;1413163
20101220;16.28;16.28;16.03;16.12;861636
20101221;16.16;16.22;16.08;16.2;1203172
20101222;16.3;16.64;16.24;16.62;1226323
20101223;16.32;16.64;16.32;16.5;706671
20101227;16.34;16.42;16.2;16.3;574270
20101228;16.28;16.4;16.16;16.36;899264
20101229;16.33;16.68;16.28;16.37;918076
20101230;16.3;16.4;16.18;16.3;936352
20101231;16.24;16.46;16.22;16.42;888803
20110103;16.6;16.7;16.46;16.48;946366
20110104;16.42;16.62;16.36;16.52;1974022
20110105;16.38;16.52;16.38;16.44;1065867
20110106;16.54;16.6;16.46;16.52;1935475
20110107;16.54;16.62;16.2;16.44;1137220
20110110;16.38;16.44;16.16;16.36;1262410
20110111;16.3;16.36;15.98;16.16;2112136
20110112;16.2;16.22;16.02;16.16;1756182
20110113;16.12;16.16;15.9;15.98;2580291
20110114;15.98;15.98;15.76;15.94;1524123
20110118;16.04;16.26;15.9;16.14;1607170
20110119;16.06;16.22;16;16.02;2130887
20110120;15.96;16.44;15.96;16.36;3407001
20110121;16.42;17.1;16.32;16.92;4164174
20110124;16.58;17.56;16.58;17.38;4939676
20110125;17.16;17.3;17.06;17.3;2148403
20110126;17.36;17.48;17.2;17.24;1788079
20110127;16.96;17.28;16.88;17.06;4825459
20110128;17.1;17.26;16.62;16.7;2724675
20110131;16.7;16.92;16.5;16.58;3651783
20110201;16.64;17.14;16.64;17.1;3293633
20110202;17;17.6;17;17.52;2814957
20110203;17.7;18.48;17.66;18.3;7233191
20110204;18.3;18.4;18.13;18.38;2822529
20110207;18.32;18.36;18.08;18.08;1940949
20110208;18.02;18.32;18;18.3;1369677
20110209;18.22;18.49;18.11;18.32;2568694
20110210;17.94;18.1;17.82;17.9;4432849
20110211;17.68;18.68;17.64;18.34;8370130
20110214;18.2;18.24;17.9;18.08;2324950
20110215;18.06;18.38;17.9;18.12;3482720
20110216;18.14;18.4;18.08;18.32;2097834
20110217;18.28;18.48;18.02;18.48;1632490
20110218;18.52;18.78;18.44;18.74;1611210
20110222;18.12;18.3;17.7;17.8;3004512
20110223;17.86;17.88;17.52;17.7;1751458
20110224;17.6;17.94;17.4;17.84;2377598
20110225;17.94;18.52;17.88;18.34;3775820
20110228;18.32;18.54;18.32;18.4;2793702
20110301;18.4;18.56;18;18.04;3340689
20110302;17.92;18.28;17.84;18.16;2972189
20110303;18.32;18.92;18.24;18.5;3138198
20110304;18.56;18.96;18.5;18.72;5980986
20110307;18.62;18.72;18.04;18.12;5215357
20110308;18.14;18.34;17.84;18.32;1545541
20110309;18.24;18.32;17.98;18.12;2096915
20110310;17.74;18;17.46;17.74;3959877
20110311;17.56;18.08;17.56;17.96;2910444
20110314;17.74;17.84;17.38;17.76;2430101
20110315;17.04;17.42;16.94;17.26;2511486
20110316;17.06;17.42;16.8;16.94;4772691
20110317;17.34;17.38;17.08;17.12;2077639
20110318;17.28;17.38;17.08;17.16;2110946
20110321;17.36;17.76;17.32;17.7;3228726
20110322;17.68;17.9;17.54;17.68;3888504
20110323;17.56;17.9;17.38;17.84;2456822
20110324;17.88;18.14;17.7;18.02;1611795
20110325;18.04;18.24;17.94;18.08;1066512
20110328;18.11;18.34;18.08;18.1;1805415
20110329;18.02;18.32;18.02;18.3;1163604
20110330;18.44;18.7;18.28;18.56;1991102
20110331;18.48;18.78;18.38;18.62;2197240
20110401;18.82;19.04;18.72;18.92;2449236
20110404;18.87;19.05;18.8;18.94;2537338
20110405;18.84;19.08;18.78;18.8;1141620
20110406;18.96;18.98;18.48;18.66;3214618
20110407;18.66;18.66;18.16;18.46;1867297
20110408;18.5;18.52;18.16;18.3;1422322
20110411;18.24;18.48;18.2;18.34;1452527
20110412;18.15;18.19;17.93;18.06;2097366
20110413;18.24;18.68;18.12;18.3;2614526
20110414;18.2;18.24;17.96;18.14;1735510
20110415;18.12;18.56;18.08;18.46;1326772
20110418;18.15;18.26;17.97;18.14;2266290
20110419;18.22;18.22;17.92;18.08;1743393
20110420;18.3;18.58;18.26;18.42;1709167
20110421;18.56;18.6;18.34;18.6;1289441
20110425;18.66;18.85;18.55;18.64;935242
20110426;18.66;18.88;18.5;18.82;965246
20110427;18.82;18.92;18.62;18.88;1168152
20110428;18.76;19.08;18.74;19;1649679
20110429;18.94;19.06;18.82;18.9;1614438
20110502;18.78;19.02;18.77;18.84;2986211
20110503;18.74;19.02;18.51;18.66;2073330
20110504;18.64;18.94;18.34;18.56;1676394
20110505;17.86;18.54;17.86;18.22;5806410
20110506;18.62;18.76;18.32;18.46;2468597
20110509;18.46;18.59;18.36;18.39;1359256
20110510;18.4;18.76;18.28;18.66;3055271
20110511;18.54;18.58;18.2;18.3;3497457
20110512;18.16;18.3;17.91;18.25;3230029
20110513;18.3;18.38;17.98;18.1;2516040
20110516;17.96;18.2;17.8;18;2494445
20110517;17.86;18.06;17.8;18.04;1835469
20110518;18.04;18.38;17.92;18.3;2568331
20110519;18.4;18.84;18.4;18.62;3164601
20110520;18.5;18.56;18.26;18.42;1915892
20110523;18.04;18.1;17.88;17.98;2797758
20110524;18;18.05;17.86;17.92;1674870
20110525;17.88;18.08;17.78;17.94;2154774
20110526;17.96;18.52;17.84;18.38;2811660
20110527;18.38;18.74;18.34;18.62;1395750
20110531;18.6;18.94;18.6;18.86;3120402
20110601;18.84;18.9;18.18;18.22;1752345
20110602;18.12;18.32;18.06;18.14;2638439
20110603;17.88;18.06;17.7;17.8;2248113
20110606;17.72;17.86;17.62;17.62;1944785
20110607;17.68;17.78;17.4;17.4;2564842
20110608;17.24;17.4;17.2;17.26;2813091
20110609;17.3;17.52;17.17;17.42;1092076
20110610;17.28;17.34;16.94;17.06;1617047
20110613;17.04;17.14;16.8;16.96;1844348
20110614;17.18;17.22;17.06;17.1;2143166
20110615;16.87;16.92;16.59;16.8;3818099
20110616;16.88;16.94;16.57;16.71;1668442
20110617;16.94;17.04;16.74;16.76;1161678
20110620;16.77;16.94;16.68;16.89;2124515
20110621;16.96;17.36;16.86;17.28;1762370
20110622;17.2;17.56;17.14;17.32;2341760
20110623;17.02;17.2;16.8;17.18;2878425
20110624;17.16;17.38;17.04;17.28;2352329
20110627;17.2;17.56;17.12;17.44;2964612
20110628;17.46;17.66;17.34;17.62;1578144
20110629;17.66;18;17.54;17.84;3073207
20110630;17.96;18.22;17.74;18.08;1797567
20110701;18.16;18.44;18;18.44;1798367
20110705;18.3;18.64;18.2;18.54;4566015
20110706;18.18;18.24;17.68;17.94;4400294
20110707;18;18.28;17.88;17.94;4581324
20110708;17.66;17.69;17.12;17.33;4610094
20110711;16.8;16.86;16.03;16.1;14222166
20110712;16.54;16.66;15.98;16.08;16892742
20110713;16.04;16.96;15.88;16.36;19195758
20110714;16.36;16.66;15.82;16;17824027
20110715;15.9;16.22;15.46;16.1;8853097
20110718;15.4;15.66;15.24;15.4;11799038
20110719;15.68;16.5;15.66;16.25;12498358
20110720;16.56;16.86;16.32;16.42;6494871
20110721;16.71;17.2;16.71;16.97;11087545
20110722;16.54;16.94;16.48;16.86;5908477
20110725;16.46;16.78;16.44;16.68;7248141
20110726;16.59;16.7;16.37;16.63;10082494
20110727;16.56;16.72;16.38;16.56;6794660
20110728;16.56;16.92;16.42;16.6;7526861
20110729;16.38;16.6;16.26;16.5;4723307
20110801;16.6;16.68;16.16;16.6;8125461
20110802;16.4;16.54;15.84;15.86;6767874
20110803;15.9;16.16;15.64;16.12;10363743
20110804;15.56;15.76;15.04;15.04;11632218
20110805;15.04;15.38;14.62;15.18;14489150
20110808;14.48;14.74;14.01;14.01;18775971
20110809;14.22;14.92;13.84;14.92;10291331
20110810;14.4;14.94;14;14.22;10532504
20110811;15.36;16.94;15.36;16.6;20044438
20110812;16.39;17.09;16.32;16.67;11883445
20110815;16.72;17.24;16.66;17.2;5055608
20110816;17.06;17.74;16.92;17.32;9478718
20110817;17.36;17.48;17.16;17.22;6992585
20110818;16.48;16.6;16.16;16.32;11943177
20110819;15.96;16.35;15.74;15.8;8084233
20110822;16.12;16.12;15.62;15.68;4259185
20110823;15.92;16.56;15.78;16.52;6068744
20110824;16.46;17.06;16.38;17.02;6283788
20110825;17.11;17.32;16.62;16.71;8528582
20110826;16.54;17.16;16.28;17.02;4242293
20110829;17.3;17.48;17.12;17.44;5474337
20110830;17.16;17.48;17.02;17.3;7274172
20110831;17.26;17.65;17.24;17.38;8465699
20110901;17.52;17.52;17.04;17.08;4673609
20110902;16.8;16.9;16.42;16.56;3358723
20110906;16.06;16.72;15.94;16.5;5493550
20110907;16.84;16.9;16.66;16.86;3906841
20110908;16.6;16.84;16.44;16.52;8634037
20110909;16.38;16.58;15.98;16.26;4574306
20110912;15.94;16.34;15.9;16.3;5945592
20110913;16.3;16.66;16.28;16.32;5385748
20110914;16.18;16.52;15.98;16.34;6513043
20110915;16.56;16.6;16.36;16.54;4367664
20110916;16.62;17.14;16.44;17.04;7348084
20110919;16.7;17.08;16.58;16.94;8742609
20110920;16.93;17.4;16.82;16.9;10200397
20110921;16.84;16.9;16.22;16.22;9199775
20110922;15.8;16.12;15.48;15.76;10567057
20110923;15.62;16.28;15.48;16.14;7500298
20110926;16.2;16.4;15.86;16.34;7104134
20110927;16.64;16.89;16.38;16.48;7005797
20110928;16.52;16.69;15.95;15.99;8626934
20110929;16.3;16.46;15.74;16.06;8097482
20110930;15.7;15.94;15.56;15.6;5815844
20111003;15.48;15.8;15.18;15.22;8483022
20111004;14.9;15.66;14.88;15.64;7520532
20111005;15.72;16.06;15.5;16;5734653
20111006;16.02;16.12;15.82;16.02;8761767
20111007;16.06;16.52;16.06;16.3;17793043
20111010;16.6;17.02;16.54;16.98;3854202
20111011;16.86;17.14;16.72;16.9;5616041
20111012;17;17.4;17;17.16;6005237
20111013;17.06;17.28;16.9;17.14;5140644
20111014;17.33;17.53;17.2;17.29;4329781
20111017;17.22;17.26;16.88;16.94;3537297
20111018;17.02;17.36;16.88;17.2;7935807
20111019;17.2;17.36;16.78;16.9;4847387
20111020;16.98;17.16;16.68;17.06;3479837
20111021;17.16;17.4;16.98;17.4;3149775
20111024;17.42;17.7;17.42;17.68;2221476
20111025;17.46;17.58;17.1;17.16;3235267
20111026;17.34;17.42;17;17.18;3373385
20111027;17.48;18.26;17.48;18.1;3672264
20111028;18.08;18.18;17.86;18.08;3745868
20111031;17.94;18.02;17.82;17.86;4470620
20111101;17.26;17.36;16.98;17.06;5961202
20111102;17.24;17.4;17.06;17.36;9129613
20111103;17.78;18;17.28;17.52;6581021
20111104;17.41;17.49;17.14;17.43;4003079
20111107;17.46;17.58;17.28;17.54;2900481
20111108;17.6;17.88;17.24;17.82;5474844
20111109;17.46;17.48;16.86;16.96;3158729
20111110;17.17;17.3;16.88;17.25;2782177
20111111;17.54;17.8;17.44;17.6;2628463
20111114;17.5;17.52;17.28;17.4;2341562
20111115;17.34;17.84;17.34;17.72;3380105
20111116;17.46;17.56;17.16;17.16;4157486
20111117;17.18;17.42;16.88;17;3957649
20111118;17.14;17.14;16.78;16.82;2339054
20111121;16.59;16.68;16.42;16.6;3190700
20111122;16.5;16.8;16.5;16.7;4676736
20111123;16.46;16.52;16.22;16.3;2695000
20111125;16.22;16.48;16.18;16.28;867000
20111128;16.7;17.02;16.64;16.82;1984112
20111129;16.92;17.11;16.81;16.91;1963045
20111130;17.5;17.86;17.46;17.86;3477604
20111201;17.84;18.02;17.72;17.86;1674366
20111202;18.12;18.22;17.98;18;1984603
20111205;18.32;18.4;18.02;18.16;2681282
20111206;18.24;18.36;18.12;18.3;1838756
20111207;18.1;18.24;17.82;18.14;3165196
20111208;17.96;18.04;17.62;17.62;3469771
20111209;17.66;18.02;17.66;17.96;2648185
20111212;17.88;17.88;17.66;17.86;1463002
20111213;17.96;18.12;17.64;17.7;2949507
20111214;17.62;17.74;17.42;17.62;3197367
20111215;17.84;17.84;17.58;17.58;3542143
20111216;17.76;17.98;17.62;17.62;3405744
20111219;17.8;17.8;17.28;17.34;2536138
20111220;17.48;17.86;17.48;17.84;3504184
20111221;17.92;18.12;17.8;18.08;4538188
20111222;18.04;18.17;17.91;18.04;2817572
20111223;18.16;18.23;18.08;18.2;2033297
20111227;18.2;18.3;18.16;18.24;2776759
20111228;18.24;18.24;17.82;17.86;5427186
20111229;18;18.25;17.91;18.21;4899167
20111230;18.3;18.3;18.14;18.18;1645487
20120103;18.52;18.82;18.52;18.68;3302374
20120104;18.6;18.72;18.48;18.56;2036172
20120105;18.46;18.8;18.36;18.72;4788943
20120106;18.76;18.9;18.58;18.6;4406574
20120109;18.64;18.7;18.48;18.6;3401659
20120110;18.76;19.1;18.76;18.92;3201066
20120111;18.8;19.1;18.8;19.04;2132540
20120112;19.04;19.22;18.98;19.14;2135232
20120113;19.06;19.07;18.79;18.92;2271908
20120117;19.24;19.38;19.22;19.3;2363010
20120118;19.26;19.68;19.26;19.58;2301840
20120119;19.64;20.08;19.64;20.06;4345164
20120120;20.06;20.06;19.54;19.66;2823828
20120123;19.58;19.84;19.54;19.78;2189512
20120124;19.8;19.8;19.48;19.68;2043518
20120125;19.64;19.64;19.42;19.48;3616331
20120126;19.65;19.65;19.34;19.5;3408313
20120127;19.52;19.6;19.42;19.52;2414226
20120130;19.34;19.66;19.24;19.58;1682914
20120131;19.66;19.82;19.4;19.48;2133650
20120201;19.6;19.96;19.56;19.84;2618346
20120202;19.78;19.8;19.42;19.62;2013221
20120203;19.7;20;19.7;19.96;2126488
20120206;20;20.2;20;20.2;2264199
20120207;20.18;20.32;20.08;20.2;1962069
20120208;20.2;20.32;20.02;20.22;2132546
20120209;20.14;20.32;19.78;19.96;5671760
20120210;19.83;19.91;19.75;19.85;2243660
20120213;19.98;20.16;19.92;20.12;2732689
20120214;20;20.12;19.72;19.92;3114490
20120215;20.06;20.08;19.68;19.7;3755075
20120216;19.73;19.99;19.67;19.96;2399912
20120217;19.97;20.34;19.89;20.25;2375454
20120221;20.28;20.38;20.14;20.22;1183761
20120222;20.22;20.26;19.96;20.04;1651151
20120223;20.08;20.26;20.02;20.24;1992126
20120224;20.29;20.34;20.08;20.17;2836747
20120227;20.2;20.28;19.84;20.08;1728850
20120228;20.02;20.38;19.92;20.28;3241244
20120229;20.44;20.8;20.3;20.3;2839376
20120301;20.3;20.44;20.2;20.36;3133681
20120302;20.3;20.42;20.06;20.16;2232274
20120305;20.06;20.09;19.74;19.84;2252127
20120306;19.64;19.64;19.3;19.44;1856771
20120307;19.48;19.82;19.4;19.76;1501587
20120308;19.88;20.07;19.8;19.95;1216431
20120309;19.96;20.32;19.9;20.14;1841531
20120312;20.02;20.14;19.8;19.8;782804
20120313;19.96;20.32;19.88;20.3;1961646
20120314;20.3;20.34;20.16;20.28;2545229
20120315;20.54;20.68;20.38;20.44;7579338
20120316;20.3;20.46;20.28;20.3;3019420
20120319;20.2;20.6;20.18;20.44;1663873
20120320;20.16;20.24;20.04;20.12;2000569
20120321;20.1;20.28;20.06;20.22;2294855
20120322;20.1;20.16;19.94;19.98;2340048
20120323;20.02;20.1;19.78;20.04;1415771
20120326;20.22;20.46;20.18;20.42;4807263
20120327;20.46;20.64;20.46;20.5;1609651
20120328;20.32;20.4;19.92;19.96;4940145
20120329;19.8;19.84;19.58;19.68;2618770
20120330;19.78;20.08;19.64;19.98;2423540
20120402;19.9;20.28;19.82;20.2;1346853
20120403;20.1;20.44;20.04;20.16;2760307
20120404;20.05;20.09;19.66;19.72;1547987
20120405;19.58;19.8;19.46;19.76;1807294
20120409;19.4;19.46;19.18;19.31;1900437
20120410;19.22;19.34;18.92;18.92;2166138
20120411;19.21;19.33;19.07;19.12;1280160
20120412;19.35;19.69;19.25;19.68;7679376
20120413;19.64;19.69;19.45;19.52;1285569
20120416;19.52;19.56;19.34;19.44;1376411
20120417;19.58;19.9;19.56;19.78;1180250
20120418;19.64;19.74;19.48;19.64;1632460
20120419;19.54;19.6;19.24;19.26;2514439
20120420;19.4;19.58;19.32;19.36;2805433
20120423;19.2;19.28;18.98;19.28;2017272
20120424;19.32;19.66;19.32;19.56;1223496
20120425;19.64;19.82;19.5;19.62;1440038
20120426;19.62;20;19.48;19.9;1591302
20120427;19.94;19.98;19.78;19.88;1251803
20120430;19.78;19.9;19.7;19.84;1497239
20120501;19.94;20.28;19.8;20.08;1618505
20120502;20.04;20.24;19.86;20.18;1421581
20120503;20.02;20.22;19.9;20;2121118
20120504;19.94;19.94;19.46;19.5;1618957
20120507;19.38;19.78;19.28;19.68;2268272
20120508;19.42;19.64;19.32;19.62;3627707
20120509;19.3;19.74;19.14;19.6;3663786
20120510;20.26;20.88;20.2;20.6;4700962
20120511;20.46;20.94;20.42;20.52;3090304
20120514;20.44;20.76;20.22;20.4;2133350
20120515;20.32;20.53;20.11;20.17;2527101
20120516;20.16;20.36;20;20;2324475
20120517;19.91;20.03;19.68;19.69;3246661
20120518;19.68;19.74;19.42;19.48;3234672
20120521;19.5;19.74;19.28;19.7;2237839
20120522;19.82;19.96;19.56;19.74;2727477
20120523;19.4;19.72;19.16;19.42;4264575
20120524;19.46;19.74;19.36;19.58;2985467
20120525;19.62;19.78;19.54;19.64;2190391
20120529;19.84;20.02;19.68;19.9;2908911
20120530;19.74;19.88;19.5;19.6;4004367
20120531;19.62;19.62;19.3;19.4;4531456
20120601;19.03;19.21;18.73;18.73;3748839
20120604;18.59;18.88;18.52;18.81;5270527
20120605;18.64;18.94;18.64;18.84;3282890
20120606;18.92;19.6;18.86;19.58;9177394
20120607;19.8;19.92;19.44;19.48;4034701
20120608;19.52;19.74;19.28;19.68;3235270
20120611;19.92;19.94;19.34;19.38;2101515
20120612;19.52;19.9;19.4;19.86;3164060
20120613;19.88;20.02;19.62;19.74;2278480
20120614;19.74;20.18;19.72;20.04;3982396
20120615;20.18;20.32;20.08;20.26;1920864
20120618;20.22;20.45;20.1;20.32;1639287
20120619;20.42;20.64;20.34;20.52;1663295
20120620;20.56;20.84;20.5;20.72;3580529
20120621;20.68;20.86;20.4;20.42;3942483
20120622;20.52;20.68;20.34;20.58;1617597
20120625;20.26;20.4;20.2;20.28;2943068
20120626;21.5;22.1;21.33;21.96;10948531
20120627;21.76;22.86;21.72;22.42;12769533
20120628;22.28;22.4;21.98;22.28;6097121
20120629;22.5;22.56;22.12;22.52;3832625
20120702;22.48;23;22.44;22.96;4812485
20120703;22.86;23.1;22.8;22.9;2711136
20120705;22.51;22.79;22.44;22.58;8048531
20120706;22.5;22.62;22.24;22.38;5313017
20120709;22.3;22.32;22;22.14;3477862
20120710;22.2;22.36;21.92;22;3022373
20120711;22.08;22.12;21.76;21.88;2596868
20120712;21.78;21.92;21.5;21.74;2576857
20120713;21.82;22.22;21.7;22.12;2109776
20120716;22.08;22.12;21.84;22.02;1834606
20120717;22.22;22.5;21.92;22.48;3611952
20120718;22.48;22.7;22.36;22.62;3032315
20120719;22.8;23.04;22.56;22.62;3957354
20120720;22.58;22.6;22.2;22.24;2840803
20120723;21.82;22.06;21.6;22;3309579
20120724;22;22.16;21.78;21.94;3191891
20120725;21.98;22.46;21.94;22.28;3770047
20120726;22.64;22.92;22.58;22.82;2422397
20120727;23.06;23.8;22.96;23.56;5910630
20120730;23.48;23.6;23.34;23.48;3556896
20120731;23.34;23.42;23.18;23.2;2891033
20120801;23.3;23.42;23.16;23.18;2712706
20120802;22.92;23.4;22.86;23.32;3701375
20120803;23.42;23.7;23.42;23.62;3908147
20120806;23.64;23.96;23.56;23.74;2437622
20120807;23.92;24.2;23.84;23.98;3513926
20120808;23.94;24.09;23.77;23.89;4789550
20120809;23.4;24.2;23.38;23.82;7296443
20120810;23.7;23.78;23.44;23.6;2433779
20120813;23.55;23.63;23.4;23.44;1483466
20120814;23.6;23.68;23.38;23.48;1987067
20120815;23.52;23.62;23.38;23.54;1665167
20120816;23.68;23.72;23.48;23.66;2721910
20120817;23.66;23.76;23.36;23.46;2326683
20120820;23.46;23.48;23.14;23.28;3197408
20120821;23.44;23.82;23.4;23.54;2560163
20120822;23.4;23.68;23.4;23.68;2125861
20120823;23.66;23.66;23.34;23.48;2388823
20120824;23.29;23.55;23.15;23.48;2354627
20120827;23.62;23.72;23.46;23.62;1633570
20120828;23.6;23.66;23.42;23.52;2387195
20120829;23.5;23.7;23.48;23.62;1274818
20120830;23.54;23.58;23.3;23.38;1933552
20120831;23.54;23.76;23.52;23.56;2318225
20120904;23.62;23.84;23.46;23.68;2021115
20120905;23.76;23.98;23.66;23.88;2660084
20120906;24.06;24.7;24.06;24.66;3063069
20120907;24.7;24.82;24.56;24.66;1100792
20120910;24.42;24.66;24.32;24.36;1521041
20120911;24.42;24.66;24.24;24.6;2208172
20120912;24.78;24.84;24.42;24.48;3907584
20120913;24.46;24.82;24.44;24.74;3580673
20120914;24.82;25.08;24.66;24.92;5145891
20120917;24.94;24.96;24.62;24.82;1876456
20120918;24.79;24.84;24.62;24.74;2172697
20120919;24.82;25.18;24.76;25.1;1902009
20120920;24.92;25.26;24.92;25.22;1433627
20120921;25.4;25.4;25.08;25.08;1526500
20120924;24.94;25.1;24.9;25.04;1263165
20120925;25.1;25.26;24.68;24.7;1917386
20120926;24.72;24.76;24.4;24.56;2219393
20120927;24.76;25.16;24.64;24.96;1249425
20120928;24.86;25.02;24.74;24.8;1404740
20121001;24.96;25.34;24.72;24.84;1208970
20121002;24.89;25.07;24.83;24.91;2697225
20121003;25.06;25.36;24.9;25.1;2228108
20121004;25.36;25.36;25.1;25.36;3490225
20121005;25.5;25.76;25.42;25.48;3240552
20121008;25.56;25.6;25.35;25.5;2885359
20121009;25.48;25.54;24.94;25;3511711
20121010;25;25.22;24.64;24.72;3258721
20121011;24.96;24.98;24.48;24.58;5055982
20121012;24.72;24.72;24.43;24.58;5346513
20121015;24.6;24.86;24.42;24.8;3159194
20121016;24.98;25.38;24.96;25.18;2120306
20121017;25.3;25.7;25.24;25.64;3652024
20121018;25.7;25.96;25.6;25.84;4511092
20121019;25.9;25.92;25.14;25.36;2208924
20121022;25.32;25.42;25.06;25.2;1909891
20121023;24.92;24.92;24.34;24.58;3261793
20121024;24.66;25.05;24.58;24.87;2249856
20121025;25.02;25.16;24.44;24.58;3164886
20121026;24.52;24.66;23.96;24.22;2890186
20121031;24.49;24.58;24.28;24.36;2208228
20121101;24.32;24.84;24.32;24.68;1528601
20121102;24.8;24.92;24.26;24.26;2016943
20121105;24.3;24.4;24.1;24.36;2066303
20121106;24.42;24.7;24.32;24.6;2229722
20121107;24.86;25.4;24.5;24.98;3929533
20121108;24.88;25.24;24.74;24.76;2618284
20121109;24.64;24.98;24.64;24.74;1589385
20121112;24.9;24.9;24.58;24.68;1173767
20121113;24.48;24.96;24.42;24.54;1345316
20121114;24.58;24.6;23.9;23.98;3941357
20121115;23.88;24.06;23.46;23.58;3536754
20121116;23.66;23.92;23.42;23.74;3237347
20121119;24.14;24.46;23.94;24.46;1934199
20121120;24.5;24.66;24.24;24.46;1390117
20121121;24.5;24.52;24.28;24.3;1463813
20121123;24.64;24.96;24.6;24.83;1580327
20121126;24.75;24.8;24.5;24.71;3384862
20121127;24.74;24.86;24.52;24.52;3758884
20121128;24.46;25.02;24.44;24.96;2824703
20121129;25.12;25.44;25.04;25.28;3167894
20121130;25.32;25.42;25.2;25.22;2496514
20121203;25.35;25.57;25.1;25.14;2996842
20121204;25.04;25.22;24.84;25.12;4664584
20121205;25.18;25.24;24.84;24.94;9761251
20121206;24.92;25.32;24.92;25.26;3672139
20121207;25.46;25.56;25.26;25.54;2806327
20121210;25.46;25.61;25.43;25.58;3201181
20121211;25.66;25.78;25.58;25.64;2098639
20121212;25.86;25.86;25.46;25.54;4619363
20121213;25.47;25.61;25.1;25.33;3580901
20121214;25.32;25.34;24.98;25.18;3020582
20121217;25.23;25.76;25.18;25.75;3415716
20121218;25.76;26.24;25.66;26.14;4916429
20121219;26.2;26.2;25.94;25.94;2458497
20121220;25.88;26.14;25.88;26.08;2393985
20121221;25.66;25.8;25.4;25.6;1650006
20121224;25.7;25.85;25.34;25.71;756186
20121226;25.8;25.8;25.34;25.52;1335175
20121227;25.52;25.67;25.07;25.49;2925357
20121228;25.37;25.57;25.24;25.28;2914987
20121231;25.26;26.26;25.1;26.24;6542215
20130102;26.84;27.36;26.84;27.2;4794529
20130103;27.04;27.22;26.8;26.88;2390214
20130104;26.9;27.14;26.82;27.04;6002825
20130107;26.84;27;26.68;26.82;1662387
20130108;26.66;26.78;26.58;26.66;1740574
20130109;26.79;27.02;26.67;27;3055716
20130110;27.34;27.54;27.26;27.5;4257936
20130111;27.6;27.62;27.3;27.44;2238086
20130114;27.44;27.44;27.26;27.38;1086807
20130115;27.18;27.53;27.1;27.5;3047070
20130116;27.36;27.58;27.36;27.5;1619488
20130117;27.51;28.05;27.51;27.96;5445263
20130118;27.92;27.96;27.64;27.84;1353273
20130122;27.72;27.81;27.54;27.73;1616169
20130123;27.6;28.02;27.58;27.99;3696107
20130124;28;28.18;27.7;27.72;3222686
20130125;27.9;27.9;27.66;27.84;1328630
20130128;28.04;28.48;27.98;28.12;3612710
20130129;27.96;28.34;27.86;28.28;2665249
20130130;28.12;28.66;28.12;28.36;4028269
20130131;28.36;28.52;28.16;28.24;1788592
20130201;28.38;28.9;28.38;28.62;2399513
20130204;28.38;28.54;28.3;28.42;3814519
20130205;28.48;28.76;28.42;28.62;4887958
20130206;28.46;28.7;28.36;28.7;3860219
20130207;27.86;28.42;27.62;27.9;4742557
20130208;28.22;28.92;28.14;28.9;4669801
20130211;28.92;29.02;28.66;28.74;2990306
20130212;28.8;28.9;28.68;28.74;1769201
20130213;28.84;28.96;28.6;28.7;3494678
20130214;28.72;29.08;28.58;28.96;2495402
20130215;29.06;29.4;28.96;29.34;3779112
20130219;29.44;29.78;29.38;29.76;3383605
20130220;29.71;29.91;29.16;29.21;2172736
20130221;29.1;29.1;28.66;28.76;2803064
20130222;28.92;29.03;28.74;29.03;1410609
20130225;29.12;29.24;28.44;28.46;2132610
20130226;28.46;28.78;28.42;28.7;2374434
20130227;28.76;29.32;28.62;29.2;1918954
20130228;29.16;29.4;29.1;29.28;2624701
20130301;28.98;29.66;28.94;29.6;2578004
20130304;29.08;29.9;29.02;29.86;4876738
20130305;30.09;30.64;29.97;30.57;2642171
20130306;30.68;30.84;30.32;30.34;1963659
20130307;30.42;30.48;30.16;30.36;1378517
20130308;30.26;31.16;30.26;31.02;2564206
20130311;30.94;31.09;30.83;31.08;4018870
20130312;31;31.06;30.56;30.82;3208214
20130313;30.72;30.88;30.46;30.8;5387837
20130314;30.81;31;30.7;30.99;2617555
20130315;31.08;31.1;30.58;30.8;4345037
20130318;30.5;30.82;30.22;30.58;1772703
20130319;30.48;30.64;29.68;30;3098791
20130320;30.14;30.5;30.14;30.38;1948108
20130321;30.22;30.38;30;30.18;1906037
20130322;30.22;30.64;30.22;30.58;1784637
20130325;30.56;30.8;30.16;30.44;2473447
20130326;30.48;30.68;30.4;30.6;2808322
20130327;30.44;30.54;30.2;30.48;1374073
20130328;30.52;30.92;30.46;30.76;2562503
20130401;30.98;31;30.44;30.6;1859240
20130402;30.79;31.36;30.72;31.3;2051767
20130403;31.16;31.32;30.8;31;1867355
20130404;30.85;30.95;30.61;30.68;1866135
20130405;30;30.92;29.9;30.88;4484781
20130408;30.84;31.62;30.78;31.58;3009792
20130409;31.5;31.58;31.18;31.36;3331773
20130410;31.28;31.58;31.12;31.4;3172708
20130411;31.48;31.85;31.38;31.76;2003790
20130412;31.5;31.72;31.34;31.68;2687535
20130415;31.2;31.37;30.53;30.54;3558316
20130416;30.78;31.62;30.66;31.48;3541754
20130417;31.28;31.34;30.88;31.14;2535367
20130418;31.12;31.22;30.46;30.56;3101082
20130419;30.49;31.32;30.38;31.28;4418999
20130422;31.3;31.81;31.09;31.71;2876532
20130423;31.7;31.96;31.32;31.68;3439656
20130424;31.46;31.76;31.08;31.14;2293375
20130425;31.33;31.41;31.15;31.26;1694144
20130426;31.2;31.4;31.06;31.2;2241510
20130429;31.24;31.46;31.06;31.08;1265791
20130430;31.32;31.32;30.98;31.12;2380363
20130501;31.16;31.47;31;31.27;2189328
20130502;31.42;32.26;31.26;31.96;3512318
20130503;32.12;32.58;31.5;32.02;7001748
20130506;31.98;32.19;31.89;32.08;6711471
20130507;32.15;32.38;31.94;32.29;3197783
20130508;32.26;32.26;31.56;31.98;3220983
20130509;33.14;34.12;33.06;33.44;5701196
20130510;33.26;33.66;33.2;33.4;2567283
20130513;33.42;33.54;33.06;33.44;2400075
20130514;33.62;33.84;33.53;33.65;3718593
20130515;33.66;33.66;33.22;33.54;2141197
20130516;33.12;33.5;32.94;33;1722930
20130517;33.19;33.42;33.1;33.35;1837128
20130520;33.08;33.32;33.08;33.18;1225919
20130521;33.18;33.5;32.96;33.38;3130213
20130522;33.29;34.06;33.2;33.32;5089174
20130523;33.19;33.49;32.76;33.07;2962678
20130524;32.68;33.4;32.66;33.26;3826257
20130528;32.92;33.58;32.88;33.38;3769595
20130529;33.3;33.3;32.7;32.98;2688148
20130530;32.92;33.12;32.58;32.58;2557534
20130531;32.2;32.78;32.2;32.24;4386215
20130603;32.38;32.64;31.75;32.62;4262684
20130604;32.5;33.08;32.36;32.62;4899385
20130605;32.22;32.28;31.64;31.7;4638464
20130606;31.44;31.98;31.1;31.94;6553135
20130607;31.92;32.36;31.54;32.29;6341508
20130610;32.28;32.52;32.04;32.08;4954216
20130611;31.68;32.14;31.22;31.78;7986247
20130612;31.84;32;30.96;31.12;5037867
20130613;30.7;31.96;30.46;31.8;6684910
20130614;31.32;31.74;31.14;31.42;7206447
20130617;31.44;31.78;31.3;31.38;4072268
20130618;31.28;32.18;31.06;31.72;5612215
20130619;32.1;32.76;31.92;32.34;6836824
20130620;32.14;32.3;31.3;31.48;6313519
20130621;31.7;31.84;31.3;31.66;5125058
20130624;31.44;31.6;31;31.38;5400327
20130625;31.7;31.9;31.52;31.72;2864224
20130626;32.04;32.38;31.84;32.36;3563120
20130627;32.62;33.28;32.54;32.96;3712130
20130628;32.68;33.1;32.68;32.82;3142353
20130701;29.1;29.88;28.5;29.54;1121970
20130702;29.81;29.87;29.27;29.34;1503474
20130703;29.38;29.84;28.94;29.76;718978
20130705;30.64;30.66;30.02;30.32;1618971
20130708;30.28;30.64;30.18;30.42;1998022
20130709;30.62;30.62;30.04;30.2;1436111
20130710;30.3;30.4;29.74;30.06;2030131
20130711;30.06;30.52;29.9;30.08;1773984
20130712;30.08;30.38;30.04;30.3;1585583
20130715;30.4;30.4;30.06;30.16;1247154
20130716;30.26;30.46;30.16;30.32;1031096
20130717;30.36;30.5;30.06;30.32;1079899
20130718;30.28;31.24;30.26;31.04;2332483
20130719;30.88;31.14;30.66;30.78;1269569
20130722;31.18;31.2;30.62;30.88;979386
20130723;30.87;31.02;30.61;30.84;3347988
20130724;30.75;30.97;30.31;30.48;1720752
20130725;30.26;30.54;30.16;30.46;866701
20130726;30.18;30.5;30.18;30.48;1077175
20130729;30.46;30.46;29.88;30;1147556
20130730;29.98;30.22;29.54;29.54;2256547
20130731;29.74;30.22;29.6;30;1927128
20130801;30.34;30.74;30.22;30.68;855099
20130802;30.74;31.58;30.66;31.54;1978466
20130805;31.54;32.1;31.3;31.4;1571491
20130806;31.5;31.66;31.16;31.3;1619968
20130807;31.62;32.85;31.5;31.82;5071880
20130808;31.88;33.88;31.8;32.84;4525891
20130809;32.86;33.2;32.7;32.8;1063340
20130812;32.69;32.87;32.59;32.71;939194
20130813;32.74;32.76;32.38;32.54;850052
20130814;32.56;32.76;32.2;32.36;1536323
20130815;32.04;32.16;31.61;31.95;1202626
20130816;32.14;32.28;31.9;32.06;660556
20130819;32.12;32.12;31.52;31.54;945357
20130820;31.58;32.06;31.5;32;512938
20130821;31.74;32;31.52;31.54;838905
20130822;31.66;32.26;31.52;32.16;1161175
20130823;32.24;32.4;32.1;32.26;1807909
20130826;32.24;32.6;32.1;32.18;930216
20130827;31.84;32;31.48;31.66;1564430
20130828;31.74;31.88;31.34;31.66;1365104
20130829;31.42;31.92;31.38;31.52;1524956
20130830;31.6;31.74;31.18;31.4;1325500
20130903;32.38;32.4;31.68;31.8;2641956
20130904;31.74;32.22;31.66;32.04;1049030
20130905;31.98;32.2;31.82;32.02;667825
20130906;32.24;32.42;31.48;32.16;1516791
20130909;32.04;32.44;31.82;32.18;1253931
20130910;32.42;32.46;32.14;32.26;555515
20130911;32.34;32.66;32.3;32.52;976220
20130912;32.6;32.6;32.2;32.34;886141
20130913;32.5;32.68;32.14;32.66;922152
20130916;33.24;33.34;32.58;32.64;1195156
20130917;32.8;32.82;32.5;32.6;1403863
20130918;32.5;33.02;32.34;32.78;978246
20130919;32.91;32.93;32.45;32.82;851244
20130920;32.78;33.3;32.78;33;1471955
20130923;33.24;33.24;32.68;32.74;1372018
20130924;32.84;32.92;32.52;32.56;1135415
20130925;32.4;32.78;32.28;32.66;1321889
20130926;32.74;33.03;32.73;32.99;1042162
20130927;32.9;33.42;32.86;33.28;1784685
20130930;33.12;33.54;32.86;33.4;1498458
20131001;33.38;34.04;33.06;33.94;2066267
20131002;33.89;33.94;33.53;33.64;2102162
20131003;33.58;33.72;32.98;33.18;2516093
20131004;33.28;33.68;33.02;33.6;2236718
20131007;33.14;33.48;33.02;33.04;893404
20131008;33.06;33.12;32.38;32.42;1092902
20131009;32.62;32.62;31.98;32.18;2982819
20131010;32.45;32.93;32.31;32.78;1698208
20131011;32.52;33.16;32.52;33.16;1319503
20131014;33.04;33.68;32.82;33.58;1065464
20131015;33.4;33.64;33.3;33.36;1243221
20131016;33.68;34.02;33.6;33.92;1667220
20131017;33.86;34.28;33.72;34.24;1701438
20131018;34.38;34.48;34.18;34.22;1369224
20131021;34.06;34.46;34.06;34.26;1459542
20131022;34.52;34.86;34.3;34.74;1123510
20131023;34.6;34.74;34.32;34.52;1960008
20131024;34.3;34.9;34.3;34.86;2041687
20131025;34.88;35.04;34.54;34.64;1467184
20131028;34.66;34.82;34.52;34.62;1444970
20131029;34.5;34.72;34.32;34.58;1164843
20131030;34.6;34.74;33.6;33.84;3214469
20131031;34;34.34;33.87;34.02;2316389
20131101;34;34.38;33.98;34.22;1430428
20131104;34.47;34.47;33.78;34.02;920797
20131105;33.7;33.92;33.38;33.88;1507500
20131106;34.21;35.19;33.57;33.76;2044187
20131107;33.78;33.9;32.54;32.68;2416470
20131108;32.92;33.64;32.78;33.62;2432655
20131111;33.47;33.53;33.17;33.24;723021
20131112;33.08;33.14;32.6;32.94;1616343
20131113;32.82;33.42;32.62;33.36;1243727
20131114;33.2;34.02;33.2;33.8;1634032
20131115;33.86;34.06;33.66;33.86;941513
20131118;33.94;33.94;33.26;33.42;1011901
20131119;33.22;33.5;32.92;32.96;1291754
20131120;32.94;33.34;32.68;32.82;1000193
20131121;32.9;33.18;32.8;32.9;1363800
20131122;32.98;33.1;32.82;32.96;1616406
20131125;32.96;33.16;32.68;32.72;1353517
20131126;32.56;32.96;32.48;32.66;1528391
20131127;32.82;32.94;32.58;32.88;1749692
20131129;33.12;33.3;32.8;33.04;1012885
20131202;32.96;33.2;32.86;32.98;1731865
20131203;32.74;33.02;32.44;32.76;1008224
20131204;32.87;32.87;32.17;32.33;1367840
20131205;32.18;32.3;31.94;31.96;1465168
20131206;32.6;32.6;31.86;32.16;3258406
20131209;32.24;32.36;31.96;32.1;3061109
20131210;31.94;32.44;31.94;32.32;2515891
20131211;32.26;32.4;31.7;31.74;1469824
20131212;31.18;31.86;31.18;31.66;3564368
20131213;31.48;32.26;31.42;32.08;4289072
20131216;31.84;32.2;31.84;32.02;3452015
20131217;31.96;32.03;31.58;31.95;3229822
20131218;32.34;32.66;31.78;32.6;2323461
20131219;32.66;33.32;32.5;33.22;3001470
20131220;33.42;33.84;33.32;33.58;1594512
20131223;33.42;33.96;33.28;33.92;1362953
20131224;34.14;34.18;33.84;34.14;491855
20131226;33.92;34.48;33.92;34.4;1809784
20131227;34.5;34.54;34.28;34.38;7614349
20131230;34.3;34.66;34.11;34.44;1961578
20131231;34.6;34.66;34.42;34.6;1922554
20140102;34.58;35.18;34.46;35.04;1978530
20140103;35.08;35.12;34.64;34.66;1066731
20140106;34.48;34.74;34.26;34.28;1660910
20140107;34.3;34.66;34.26;34.38;1465564
20140108;34.5;34.5;33.74;33.8;1549172
20140109;32.58;33.06;32.46;32.6;16682972
20140110;32.5;32.9;32.24;32.84;9104705
20140113;32.52;32.84;31.82;31.94;8807964
20140114;31.88;31.94;31.4;31.83;4435425
20140115;31.8;32.34;31.64;31.98;6884168
20140116;31.85;32.05;31.69;31.82;3888025
20140117;31.64;31.84;31.4;31.46;4310008
20140121;31.36;31.46;31.1;31.24;6552379
20140122;31.15;31.67;31.1;31.36;5141566
20140123;31.04;31.31;30.94;31.03;4877361
20140124;30.72;30.92;30.54;30.7;4141019
20140127;30.6;30.84;30.32;30.56;3327744
20140128;30.3;30.92;30.26;30.68;5160772
20140129;30.18;30.74;30.02;30.22;5524326
20140130;30.39;31.7;30.39;31.31;8395976
20140131;30.76;31.52;30.76;31.24;7007619
20140203;31.24;31.32;30.24;30.46;6073679
20140204;30.6;31.32;30.54;31.04;5848006
20140205;30.5;31.26;30.36;31.16;5213768
20140206;30.88;32.12;30.64;31.58;5960021
20140207;31.51;31.76;31.26;31.57;4940528
20140210;31.74;31.74;31.28;31.44;2695531
20140211;31.24;31.68;31.16;31.52;3112726
20140212;31.28;31.92;31.28;31.82;6833230
20140213;31.66;32.04;31.44;31.58;4912059
20140214;31.68;32.04;31.54;31.84;2598549
20140218;32.12;32.36;31.92;32.14;4655702
20140219;31.96;32.2;31.88;31.9;3972844
20140220;31.86;31.98;31.46;31.8;4463007
20140221;32;32.29;31.78;32.13;3234926
20140224;32.06;32.68;32.06;32.3;2665487
20140225;32.32;32.5;32.14;32.24;2675224
20140226;32.34;32.37;31.94;31.95;3658230
20140227;31.82;32.18;31.82;32.12;2685397
20140228;32.32;32.74;32.2;32.56;3518003
20140303;32.46;32.55;31.9;32.09;2074564
20140304;32.5;32.86;32.34;32.76;3713154
20140305;32.6;33.32;32.46;33.04;2505778
20140306;33.21;33.67;33.02;33.46;3362722
20140307;33.76;33.76;33.1;33.14;3241957
20140310;33.02;33.22;32.72;32.94;2829974
20140311;32.8;32.88;32.12;32.28;4401597
20140312;32.24;32.31;31.94;32.06;3823838
20140313;32.34;32.34;31.4;31.46;3271267
20140314;31.52;31.8;31.36;31.64;2529711
20140317;31.88;32.09;31.66;31.8;3332715
20140318;31.82;32.42;31.66;32.24;3796416
20140319;32.2;32.36;31.9;32;4756811
20140320;31.85;32.07;31.64;31.8;6854610
20140321;32.33;32.47;31.81;31.83;4422428
20140324;32.01;32.01;31.35;31.48;2956683
20140325;31.72;31.86;31.4;31.64;4081166
20140326;31.86;32.08;31.3;31.3;2934203
20140327;31.56;31.56;30.92;30.98;3967238
20140328;31.14;31.14;30.5;30.72;5060627
20140331;30.76;31.32;30.76;31.12;2933778
20140401;31.26;32.08;31.06;32.06;8187068
20140402;30.28;32.72;30.28;32.52;10749352
20140403;32.6;33.06;32.28;32.76;9344730
20140404;33.1;33.24;32.12;32.2;9031418
20140407;31.94;32.16;30.68;31.18;5427087
20140408;31.02;31.8;30.9;31.66;4161262
20140409;31.78;32.34;31.56;32.3;5618099
20140410;32.26;32.4;31.4;31.54;3889822
20140411;31.46;31.48;30.8;31.02;5868411
20140414;31.36;31.36;30.9;31.1;5019933
20140415;31.02;31.2;30.38;30.78;4559936
20140416;31.1;31.34;30.88;31.32;3298795
20140417;31.14;31.82;31.04;31.7;6970706
20140421;31.88;31.88;31.38;31.7;3181529
20140422;31.78;32.3;31.74;32;5220512
20140423;31.92;32.14;31.72;31.9;5190428
20140424;31.93;32.05;31.71;32.03;3835847
20140425;31.95;32;31.7;31.78;3152517
20140428;32;32;30.58;31.04;7632117
20140429;31.32;31.34;30.9;31.3;4518884
20140430;31.08;31.52;30.96;31.32;10773996
20140501;31.26;31.86;31.16;31.7;7124429
20140502;31.8;31.9;31.44;31.78;3595499
20140505;31.74;32.04;31.4;32;3148883
20140506;31.86;32.04;31.56;31.66;3199100
20140507;31.72;31.86;31.1;31.4;6472321
20140508;31.94;33.78;31.9;33.48;10812803
20140509;33.44;33.53;32.72;33.45;5990925
20140512;33.56;34.82;33.56;34.34;5476212
20140513;34.46;34.48;33.96;34.08;2050630
20140514;33.7;34.02;33.36;33.46;2938712
20140515;33.6;33.6;32.52;33.26;2964759
20140516;33.06;33.3;32.77;33.2;3210168
20140519;33.26;33.34;33;33.28;3350369
20140520;33.16;33.56;33.12;33.26;4136266
20140521;33.44;33.76;33.4;33.72;3637999
20140522;33.74;33.84;33.53;33.63;2904712
20140523;33.6;34.08;33.48;34.04;2397455
20140527;34.04;34.32;33.67;33.81;5308183
20140528;33.72;34.24;33.62;34.16;4735271
20140529;34.16;34.51;34.12;34.5;5098378
20140530;34.82;34.82;34.28;34.46;3661955
20140602;34.56;34.64;34.34;34.62;4013513
20140603;34.39;34.69;34.32;34.41;2183563
20140604;34.18;34.66;34.18;34.52;3066395
20140605;34.52;35.14;34.4;35.1;3258710
20140606;35.1;35.32;34.86;35.08;3861218
20140609;35.06;35.46;35.06;35.36;3313840
20140610;35.06;35.44;34.9;35.06;4313420
20140611;35.18;35.34;34.8;35.02;3251858
20140612;35.1;35.12;34.22;34.32;3830917
20140613;35.44;35.66;33.94;34.4;2439285
20140616;34.14;34.76;33.98;34.48;3204706
20140617;34.5;34.74;34.2;34.4;3835080
20140618;34.5;34.56;34.18;34.34;5080101
20140619;34.3;34.5;34.04;34.2;2167699
20140620;34.26;34.26;33.52;33.58;5857788
20140623;33.78;33.8;33.46;33.54;4288100
20140624;33.46;33.74;33.3;33.36;3525795
20140625;33.42;34.2;33.18;34.08;5736694
20140626;33.9;34.48;33.72;34.22;2843445
20140627;33.54;34.58;32.58;34.34;2059791
20140630;34.42;34.64;34.18;34.24;1813144
20140701;34.2;34.45;33.89;34.33;3324561
20140702;34.52;34.74;34.2;34.68;4019313
20140703;34.6;35.18;34.56;35.14;1462249
20140707;35.16;35.16;34.58;34.64;2873301
20140708;34.64;34.7;33.96;34.1;3842590
20140709;34.32;34.9;34.14;34.84;2302406
20140710;34.64;34.8;34.42;34.62;1679693
20140711;34.84;34.86;34.2;34.5;2798612
20140714;34.86;34.92;34.4;34.42;2415379
20140715;34.84;34.84;33.78;34.16;3443931
20140716;34.34;34.34;32.18;32.58;37899671
20140717;32.38;32.76;32.26;32.46;29960672
20140718;32.56;32.82;32.3;32.76;13897684
20140721;32.54;32.62;32.24;32.5;6445409
20140722;32.68;32.88;32.5;32.72;5221887
20140723;32.5;32.66;32.18;32.26;9468166
20140724;32.4;32.68;32.22;32.58;9521860
20140725;32.62;33.16;32.5;32.58;7643228
20140728;32.63;32.63;32.18;32.25;7059209
20140729;32.46;32.46;32;32.04;7922314
20140730;32.02;32.32;31.76;31.98;8201677
20140731;31.88;32.12;31.66;31.66;6520661
20140801;31.7;32.06;31.5;31.88;6296858
20140804;31.86;32;31.36;31.38;3295315
20140805;31.38;31.58;31;31.04;4176655
20140806;32.38;32.66;31.58;31.68;10406758
20140807;33.68;34.12;33;33.08;9004713
20140808;33.18;33.57;32.87;33.55;3964529
20140811;33.52;34.02;33.36;33.68;4019017
20140812;33.54;34.16;33.54;34.02;3265553
20140813;33.96;34.32;33.96;34.24;2592124
20140814;34.14;34.64;34.14;34.62;2689322
20140815;34.66;34.92;34.56;34.72;2861514
20140818;35;35.04;34.7;34.88;1380764
20140819;35.06;35.06;34.54;34.74;3959970
20140820;35.02;35.08;34.46;34.62;3470566
20140821;34.98;35.04;34.44;34.66;2291256
20140822;34.64;34.88;34.5;34.7;1040919
20140825;34.76;34.9;34.38;34.56;1385312
20140826;34.74;34.76;34.46;34.52;1452660
20140827;34.4;34.84;34.4;34.84;2158246
20140828;34.82;34.82;34.58;34.6;2068547
20140829;34.54;34.6;34.26;34.44;3337884
20140902;34.4;34.98;34.4;34.94;2698002
20140903;34.92;35.32;34.88;35.28;2777811
20140904;35.2;35.54;35.1;35.14;2916660
20140905;35.04;35.32;35.02;35.12;2476543
20140908;35.14;35.32;34.84;34.9;1717360
20140909;34.96;34.96;34.5;34.66;2179860
20140910;34.58;34.72;34.38;34.5;3579787
20140911;34.5;34.74;34.12;34.26;4279623
20140912;34.37;34.39;33.98;34.09;3403334
20140915;33.84;34.06;33.56;33.92;3192042
20140916;33.92;34.07;33.61;33.75;1804717
20140917;33.82;33.92;33.52;33.62;2033089
20140918;33.54;33.94;33.54;33.94;2007955
20140919;34.02;34.34;33.86;34.13;3285097
20140922;34.1;34.1;33.4;33.49;3079235
20140923;33.51;33.55;33.2;33.2;2956157
20140924;33.22;33.5;33.06;33.46;2214362
20140925;33.51;33.55;32.76;32.77;2384971
20140926;32.69;33.45;32.68;33.4;1554551
20140929;33.07;33.45;33.07;33.25;2666077
20140930;33.38;33.58;33.13;33.31;1538730
20141001;33.15;33.26;32.65;32.86;2713760
20141002;32.9;32.91;31.57;32.37;7166176
20141003;32.74;33.18;32.38;33.03;1835912
20141006;33.13;33.23;32.93;32.98;1751473
20141007;32.97;32.97;32.63;32.69;1870160
20141008;32.7;33.16;32.47;33.11;1721553
20141009;33.16;33.16;32.18;32.2;3306874
20141010;32.11;32.41;31.34;31.34;4199408
20141013;31.26;31.61;30.69;30.71;11018559
20141014;30.9;31.36;30.84;30.96;4336388
20141015;30.47;31.23;30.11;30.87;4764599
20141016;30.5;31.8;30.25;31.56;5342504
20141017;31.97;32.05;31.48;31.64;4736821
20141020;31.66;32.88;31.47;31.96;2411944
20141021;32.09;32.64;31.9;32.54;3296225
20141022;32.82;32.83;31.53;31.64;4737685
20141023;31.89;32.44;31.89;32.38;5928435
20141024;32.46;32.49;32.1;32.24;4251177
20141027;32;32.65;32;32.65;4439374
20141028;32.43;33.18;32.43;33.11;3975041
20141029;33.11;33.37;32.95;33.11;2161216
20141030;32.86;33.35;32.81;33.29;4932590
20141031;33.65;34.32;33.07;33.17;3045547
20141103;33.05;33.56;32.9;33.11;2419191
20141104;32.77;32.91;31.41;31.99;5900859
20141105;32.97;33.45;32.58;33.41;6531401
20141106;33.96;34.16;33.3;33.93;5376992
20141107;33.83;33.85;33.14;33.24;3875599
20141110;33.12;33.37;32.96;33.29;3825824
20141111;33.22;33.44;33.12;33.39;2429856
20141112;33.71;33.71;33.03;33.19;1882224
20141113;32.58;33.59;32.58;33.55;1591613
20141114;33.61;33.8;33.24;33.71;2143333
20141117;33.79;34.14;33.52;33.82;3021215
20141118;33.82;33.94;33.51;33.77;2536827
20141119;33.61;33.81;33.41;33.66;3314470
20141120;33.4;33.8;33.2;33.8;2931266
20141121;34.07;34.12;33.69;33.95;3619953
20141124;33.9;34.48;33.86;34.45;4903647
20141125;34.47;35.28;34.47;35.15;5172305
20141126;35;35.15;34.83;34.86;4892057
20141128;34.77;35.39;34.56;35.36;1469772
20141201;35.3;35.75;34.91;35.72;7401006
20141202;35.69;36.01;35.48;35.79;2902793
20141203;36;36;35.52;35.67;3108254
20141204;35.52;36.29;35.52;36.15;5713888
20141205;36.3;36.56;35.99;36.52;5101278
20141208;36.38;36.67;36.11;36.19;4445651
20141209;36.12;36.12;35.52;35.76;4692255
20141210;35.53;35.88;35.51;35.61;3324893
20141211;35.85;36.11;35.6;35.75;2767708
20141212;35.61;35.84;35.18;35.46;2961907
20141215;35.6;35.77;35.08;35.16;5611747
20141216;35.19;35.67;34.81;34.83;5217942
20141217;35.16;35.96;34.96;35.8;4304945
20141218;35.96;36.4;35.92;36.4;2961407
20141219;36.5;37.16;36.5;37.06;23317509
20141222;37.22;37.49;36.97;37.49;3314327
20141223;37.77;37.83;37.28;37.31;3396788
20141224;37.42;37.51;37.24;37.33;847768
20141226;37.43;37.52;37.26;37.32;2386567
20141229;37.21;37.53;37.12;37.49;2764303
20141230;37.4;37.4;36.95;37.18;2326459
20141231;37.12;37.44;36.86;36.89;1987978
20150102;36.98;37.16;36.3;36.52;1890485
20150105;36.5;36.5;35.7;35.77;1849785
20150106;35.91;35.92;35.12;35.27;1925102
20150107;35.37;35.39;33.75;33.96;7584112
20150108;34.05;34.39;34;34.12;7752442
20150109;34.19;34.31;33.8;33.84;2404551
20150112;33.82;34.32;33.33;33.81;3949397
20150113;34.04;34.54;33.35;33.56;5095840
20150114;33.31;33.56;32.93;33.3;3863566
20150115;33.29;33.58;32.88;33.12;1865974
20150116;33.21;33.69;33.03;33.59;3170900
20150120;33.65;33.8;32.68;32.78;3852503
20150121;32.72;32.85;32.41;32.65;3485438
20150122;32.87;33.49;32.68;33.38;3847361
20150123;33.57;33.68;32.89;33.24;2086453
20150126;33.01;33.44;32.89;33.42;1246919
20150127;33.08;33.33;32.88;32.99;1735813
20150128;32.93;33.15;32.3;32.35;2270860
20150129;32.29;32.75;31.95;32.57;2281609
20150130;32.36;32.39;31.76;31.85;2344058
20150202;31.89;32.52;31.53;32.46;2336992
20150203;34.01;34.01;32.5;33.33;2628924
20150204;33.33;33.81;32.94;33.43;4192709
20150205;31.77;32.13;31.5;31.78;9934399
20150206;31.95;32.83;31.74;32.56;5305888
20150209;32.56;33.18;32.32;33;4133520
20150210;33.16;33.45;32.85;33.26;4622293
20150211;33.1;33.58;33.01;33.57;7070413
20150212;33.66;33.76;33.16;33.31;2616919
20150213;33.74;33.86;33.3;33.66;3241347
20150217;33.65;34;33.44;34;2375750
20150218;34.24;34.39;33.53;33.62;3206940
20150219;33.75;33.89;33.49;33.85;1546559
20150220;33.95;34.28;33.63;34.28;1493048
20150223;34.33;34.45;34.01;34.4;2049759
20150224;34.17;34.57;34.06;34.06;2153700
20150225;34.14;34.35;33.88;33.96;1966066
20150226;33.75;33.89;33.54;33.8;1964010
20150227;33.98;34.14;33.62;34.04;2244884
20150302;33.73;34.32;33.73;34.26;2398145
20150303;34.02;34.65;34.02;34.63;1462752
20150304;34.7;34.7;33.78;34.07;1950039
20150305;34.24;34.3;33.95;34.03;2436120
20150306;34.02;34.08;33.48;33.6;2874781
20150309;33.47;33.77;33.42;33.65;2715031
20150310;33.45;33.5;33.03;33.22;4547505
20150311;33.2;33.29;32.87;33.17;3712854
20150312;33.39;33.52;33.01;33.48;3889811
20150313;33.22;33.48;32.61;32.98;3293912
20150316;33.03;33.56;33.03;33.32;1835151
20150317;33.28;33.28;32.85;32.98;1946874
20150318;32.98;33.93;32.89;33.87;2248440
20150319;33.88;34.04;33.52;33.58;1563724
20150320;33.93;34.48;33.54;34.4;3355036
20150323;34.34;34.81;34.34;34.65;1844672
20150324;34.6;34.67;34.1;34.12;1552894
20150325;34.08;34.18;33.23;33.26;1803155
20150326;33.34;33.34;32.79;33.01;1773630
20150327;32.94;33.2;32.72;32.74;1342505
20150330;32.82;33.48;32.82;33.15;3450021
20150331;33.13;33.45;32.83;32.88;2534641
20150401;32.9;33.14;32.31;32.7;3924052
20150402;32.88;33.32;32.62;33.24;2717815
20150406;33.05;33.65;32.92;33.48;1752233
20150407;33.54;33.63;33.2;33.29;2293289
20150408;33.29;33.52;32.97;33.23;2415010
20150409;33.33;33.55;33.03;33.44;1627955
20150410;33.55;33.56;33.2;33.37;1867828
20150413;33.51;33.51;33.13;33.17;2915444
20150414;32.88;33.4;32.88;33.13;2588049
20150415;33.15;33.48;33.06;33.18;1635137
20150416;33.15;33.33;33.06;33.18;1290761
20150417;32.76;32.88;32.46;32.62;3477110
20150420;32.79;33.33;32.79;33.12;1412567
20150421;33.21;33.41;33.04;33.13;1944113
20150422;33.13;33.42;32.92;33.31;2457546
20150423;33.18;33.84;33.17;33.65;4522362
20150424;33.67;33.96;33.34;33.95;2332030
20150427;34.01;34.27;33.66;33.81;2938987
20150428;33.74;33.99;33.59;33.79;2090924
20150429;33.53;34.31;33.53;33.78;2806590
20150430;33.6;33.87;33.14;33.35;2327774
20150501;33.32;33.83;33.29;33.65;2730542
20150504;33.73;33.78;33.45;33.58;2173318
20150505;33.47;33.7;33.18;33.2;2708029
20150506;33.22;33.3;32.79;33.03;3312376
20150507;32.74;33.94;31.81;32.34;20267637
20150508;32.59;32.76;32.42;32.44;10428169
20150511;32.45;32.71;32.43;32.51;7327127
20150512;32.46;32.59;32.13;32.37;9369889
20150513;32.41;32.75;32.35;32.65;2972864
20150514;32.97;33.08;32.83;33.06;2797932
20150515;33.22;33.64;33.15;33.63;1959206
20150518;33.63;33.97;33.47;33.48;2554061
20150519;33.98;34.23;33.76;34.18;4462162
20150520;34.17;34.37;33.99;34.22;2615396
20150521;34.13;34.56;34.07;34.43;2292695
20150522;34.34;34.42;33.97;34.11;2156833
20150526;33.96;34.12;33.54;33.8;2523857
20150527;33.78;34.07;33.7;34.01;2903238
20150528;33.94;33.94;33.53;33.77;2986463
20150529;33.83;33.83;33.29;33.44;3144620
20150601;33.62;33.7;33.22;33.46;3474348
20150602;33.36;33.7;33.27;33.35;2485857
20150603;33.53;33.7;33.26;33.57;2926168
20150604;33.21;33.65;33.12;33.51;2582384
20150605;33.42;33.54;32.94;33.11;3164770
20150608;33.15;33.16;32.85;33;2239744
20150609;33.06;33.08;32.61;32.72;3088269
20150610;32.92;33.15;32.73;32.85;2150241
20150611;32.88;33.08;32.47;32.82;5369625
20150612;32.66;32.74;32.48;32.59;2601692
20150615;32.27;32.41;32.08;32.26;12818567
20150616;32.37;32.42;32.05;32.17;3871050
20150617;32.18;32.59;32.08;32.49;3402875
20150618;32.57;32.89;32.47;32.79;2946579
20150619;32.85;33.07;32.6;32.72;3054003
20150622;32.85;33.22;32.85;32.99;2474656
20150623;33;33.15;32.9;33.06;3223712
20150624;32.94;33;32.51;32.52;3005248
20150625;32.59;32.8;32.49;32.61;2851977
20150626;32.67;32.97;32.59;32.8;24777950
20150629;32.45;32.6;31.77;31.88;4465988
20150630;32.09;32.43;31.87;32.22;4503137
20150701;32.48;32.72;32.4;32.46;3107994
20150702;32.51;32.69;32.11;32.22;2550619
20150706;31.91;32.42;31.91;32.24;3363417
20150707;32.29;32.51;31.67;32.47;2672254
20150708;32.25;32.42;31.7;31.8;3185533
20150709;32.17;32.31;31.94;31.94;2128729
20150710;32.28;32.73;32.23;32.54;1557948
20150713;32.75;33.15;32.6;33.11;9273102
20150714;33.15;33.24;33.02;33.12;1443977
20150715;33.05;33.33;32.95;33.18;2501394
20150716;33.49;33.55;33.34;33.47;2060830
20150717;33.47;33.47;32.74;33.2;2755562
20150720;32.42;33.25;32.42;33.14;2092902
20150721;33.15;33.19;32.74;32.75;2509235
20150722;33.22;33.22;32.72;32.95;1669578
20150723;32.89;32.89;32.36;32.48;1647846
20150724;32.53;32.95;32.47;32.83;2194545
20150727;32.7;32.96;32.22;32.29;2446295
20150728;32.26;32.79;32.19;32.72;3154760
20150729;32.66;33.12;32.61;32.99;2635894
20150730;32.87;33.38;32.73;33.06;2168646
20150731;33.25;33.66;33.15;33.52;3601614
20150803;33.4;33.54;33.15;33.37;2936786
20150804;33.24;33.65;33.24;33.4;2420423
20150805;33;33;30.89;31.16;6837131
20150806;29.45;29.64;27.16;29.06;20708011
20150807;28.76;30.41;28.75;30.38;6312287
20150810;30.51;30.63;29.87;30.14;6186584
20150811;29.93;30.09;29.46;29.73;5283810
20150812;29.6;29.82;29.32;29.48;5081351
20150813;29.38;29.66;29.24;29.64;4858201
20150814;29.5;29.91;29.41;29.91;3445797
20150817;29.66;30.21;29.43;30.15;2983085
20150818;29.93;30.35;29.77;30.05;7108166
20150819;29.75;29.97;29.73;29.81;5622298
20150820;29.6;29.64;28.65;28.68;5488496
20150821;28.28;28.5;27.91;27.92;8100633
20150824;25.63;27.49;22.85;26.85;8709416
20150825;27.51;27.52;26.88;26.9;7898865
20150826;27.32;27.55;26.75;27.49;10571842
20150827;27.63;28.35;27.35;27.93;8572083
20150828;27.94;28.23;27.55;28.08;3792986
20150831;28.02;28.02;27.53;27.66;6321391
20150901;27.05;27.28;26.59;26.77;7154348
20150902;27.04;27.18;26.61;27.17;4589353
20150903;27.25;27.62;27.08;27.19;4816829
20150904;26.84;27.11;26.61;26.92;5437751
20150908;27.34;27.68;27.23;27.63;6661397
20150909;27.86;27.97;26.92;26.99;5615002
20150910;26.67;27.27;26.67;27.02;4693594
20150911;26.97;27;26.47;26.9;3111088
20150914;26.9;26.97;26.51;26.67;3791242
20150915;26.7;26.91;26.54;26.88;4228776
20150916;26.8;27.13;26.77;27.07;4083023
20150917;27.17;27.45;26.93;27.05;7719194
20150918;26.84;27.13;26.43;26.43;67238570
20150921;26.63;26.85;26.48;26.6;16905862
20150922;26.33;26.61;26.11;26.58;5712453
20150923;26.53;26.69;26.42;26.52;3967691
20150924;26.25;26.43;26.03;26.22;4796667
20150925;26.46;26.46;25.82;25.98;5925602
20150928;25.99;26.04;25.37;25.41;4739075
20150929;25.51;26.02;25.41;25.88;7181644
20150930;26.01;27.18;25.98;27.07;7173898
20151001;27.18;27.5;27.02;27.49;5562831
20151002;27.23;28.31;26.84;28.3;6869582
20151005;28.52;28.86;28.42;28.7;4196851
20151006;28.57;28.76;28.42;28.45;4848331
20151007;28.54;28.77;28.24;28.51;5798919
20151008;28.47;28.94;28.24;28.9;3814710
20151009;28.93;29.21;28.59;28.9;3278112
20151012;28.89;28.92;28.63;28.84;2017177
20151013;28.84;29.15;28.61;28.96;2671606
20151014;28.9;29.03;28.69;28.73;2367023
20151015;28.84;29.46;28.65;29.44;2807235
20151016;29.61;29.68;29.16;29.66;2451826
20151019;29.63;29.67;29.4;29.67;4579504
20151020;29.57;29.92;29.57;29.83;2720677
20151021;29.85;30.04;29.5;29.54;2641341
20151022;29.65;30.16;29.65;30.09;4789657
20151023;30.34;30.56;30.08;30.42;4258034
20151026;30.41;30.59;30.16;30.58;3586588
20151027;30.45;30.53;30.03;30.28;2851142
20151028;30.16;30.48;29.96;30.41;5000799
20151029;30.29;30.9;30.29;30.65;4140687
20151030;30.7;30.95;30.46;30.88;4635541
20151102;31.09;31.2;30.81;31.11;3684750
20151103;31.11;31.58;31.11;31.5;3481872
20151104;31.27;31.35;28.46;29.9;10569157
20151105;29.81;29.94;29.48;29.88;4856695
20151106;29.88;30.14;29.74;30.08;2684642
20151109;30;30.02;29.4;29.7;5843145
20151110;29.72;30.34;29.6;30.33;3121127
20151111;30.45;30.51;30.04;30.34;3616096
20151112;30.24;30.58;30.09;30.36;3347591
20151113;30.19;30.38;29.85;30.02;3809982
20151116;30.09;30.66;30.03;30.61;3942283
20151117;30.61;30.62;30.21;30.43;4624405
20151118;30.42;30.67;30.06;30.63;4262758
20151119;30.67;30.67;30.17;30.32;3060259
20151120;30.54;30.59;30.21;30.54;4345691
20151123;30.54;30.65;30.25;30.38;3107315
20151124;30.28;30.28;29.94;30.25;3646034
20151125;30.23;30.4;30.05;30.32;2138663
20151127;30.21;30.24;29.68;29.9;2083243
20151130;29.91;30.12;29.68;29.95;5326912
20151201;29.93;30.28;29.93;30.26;3485591
20151202;30.28;30.28;29.85;29.95;4076397
20151203;29.88;30.08;29.41;29.71;4653699
20151204;29.89;30.17;29.61;30;6165930
20151207;29.94;30.09;29.71;30.03;3789078
20151208;29.83;29.96;29.35;29.5;2656082
20151209;29.44;29.44;28.68;28.97;4272063
20151210;28.98;29.29;28.84;29.05;4189828
20151211;28.55;28.76;28.12;28.16;4286659
20151214;28.28;28.5;27.83;28;4889686
20151215;28.23;28.68;28.08;28.1;3509867
20151216;28.37;28.56;28;28.5;5042610
20151217;28.52;28.67;28.17;28.23;4687344
20151218;28.05;28.24;27.63;27.83;6770804
20151221;27.95;28.15;27.45;27.59;4308252
20151222;28.1;28.1;27.55;27.6;5110281
20151223;27.72;27.84;27.47;27.6;3284522
20151224;27.6;27.77;27.46;27.54;2383033
20151228;27.47;27.67;27.31;27.45;3231179
20151229;27.59;27.92;27.54;27.6;3125353
20151230;27.5;27.69;27.24;27.35;4511883
20151231;27.25;27.47;27.07;27.23;3244972
20160104;26.59;26.82;26.36;26.61;5846406
20160105;26.56;26.75;26.44;26.6;4247381
20160106;26.31;26.8;26.15;26.5;15831365
20160107;26.11;26.5;25.87;25.92;4488204
20160108;26.06;26.32;25.86;25.93;4296712
20160111;26.09;26.17;25.71;26;3301594
20160112;26.13;26.52;25.93;26.46;3834593
20160113;26.47;26.63;25.72;25.81;4747053
20160114;25.98;27.14;25.9;26.78;10377306
20160115;26.17;26.55;25.88;26.17;4985166
20160119;26.43;26.82;26.14;26.58;4587743
20160120;26.15;26.36;25.03;25.75;6916244
20160121;25.82;26.04;25.49;25.62;4659253
20160122;26.05;26.47;26.02;26.41;3399113
20160125;26.24;26.31;25.97;26;3929488
20160126;26.08;26.98;26.08;26.96;3271284
20160127;26.93;27.29;26.46;26.58;4052839
20160128;26.75;26.83;26.02;26.23;3207363
20160129;26.4;27.16;26.4;27.1;3363774
20160201;26.82;27.23;26.51;27.11;2829592
20160202;26.73;26.78;25.98;26.06;3356226
20160203;26.18;26.61;25.84;26.5;6538663
20160204;26.55;26.99;26.15;26.23;3777755
20160205;26.1;26.23;25.01;25.04;4782276
20160208;24.72;24.79;24.09;24.54;5985037
20160209;23.21;24.52;22.65;24.21;10076981
20160210;24.12;25.08;23.51;24.46;5274483
20160211;24.01;24.89;23.95;24.71;4739715
20160212;25.08;25.08;24.27;24.67;2542059
20160216;25.13;25.65;24.96;25.63;3855421
20160217;25.8;26.65;25.75;26.47;4474739
20160218;26.34;26.52;25.99;26.42;3231414
20160219;26.23;26.8;26.08;26.69;3077269
20160222;27;27.62;26.94;27.31;4614565
20160223;26.72;27.42;26.64;27.02;2930113
20160224;26.57;27.38;26.49;27.33;2006642
20160225;27.47;27.57;26.91;27.38;1789607
20160226;27.52;27.56;27.2;27.2;1891516
20160229;27.17;27.39;27.07;27.16;2566332
20160301;27.43;28.06;27.31;28.03;3029126
20160302;27.91;28.08;27.52;27.68;2087659
20160303;27.66;28.01;27.34;28;1732369
20160304;28.09;28.09;27.48;27.99;3119693
20160307;27.62;28.28;27.62;28.13;2035006
20160308;27.94;28.12;27.67;27.83;3662754
20160309;27.93;28.19;27.85;28.08;2397127
20160310;28.22;28.22;27.72;27.98;3144127
20160311;28.3;28.42;28.06;28.19;3444448
20160314;28.14;28.26;27.94;28.14;2959120
20160315;27.92;28.14;27.9;28.12;1977180
20160316;28.01;28.58;27.87;28.21;7187914
20160317;28.03;28.63;28.03;28.21;5258202
20160318;28.21;28.35;27.91;28.19;8075097
20160321;28.21;28.33;27.98;28.04;1938742
20160322;27.93;28.14;27.78;28;1314303
20160323;28.02;28.08;27.82;27.99;2739242
20160324;27.92;28.12;27.74;28.02;2888438
20160328;28.15;28.25;27.97;27.99;3083433
20160329;27.9;28.25;27.74;28.17;2772613
20160330;28.3;28.4;28.12;28.2;2087709
20160331;28.23;28.39;28.08;28.2;2843308
20160401;28.06;29.17;27.97;29.12;3608000
20160404;29.08;29.3;28.9;29.01;1779057
20160405;28.8;29;28.65;28.8;2089764
20160406;28.83;29.39;28.83;29.36;1974663
20160407;29.14;29.25;28.65;28.82;2051384
20160408;29.05;29.29;28.72;28.78;2380592
20160411;28.97;29.1;28.67;28.68;1959295
20160412;28.73;29.52;28.73;29.42;3971649
20160413;29.56;30.01;29.56;29.88;4209211
20160414;29.97;30.02;29.65;29.79;4368683
20160415;29.92;30.03;29.64;29.84;5835155
20160418;29.85;30.24;29.83;30.08;6211770
20160419;30.17;30.47;29.96;30.04;4412142
20160420;30.09;30.19;29.81;29.97;2679646
20160421;30;30.37;29.96;30.09;4232850
20160422;30.06;30.75;30.03;30.75;2580763
20160425;30.69;30.98;30.57;30.93;2480433
20160426;30.93;31.16;30.67;30.87;2812560
20160427;30.86;30.96;30.44;30.78;2729604
20160428;30.6;30.84;30.28;30.57;3622806
20160429;30.23;30.32;29.66;30.12;4228519
20160502;30.12;30.31;29.87;30.24;2947640
20160503;29.96;30.09;29.65;29.69;3417136
20160504;29.64;29.94;29.54;29.58;4065066
20160505;29.15;29.92;28.71;29.82;5521257
20160506;29.64;29.65;29.25;29.52;2729848
20160509;29.59;29.78;29.25;29.4;2419434
20160510;29.6;30.06;29.46;30.02;2983308
20160511;29.8;29.8;29.4;29.59;2682567
20160512;29.61;29.77;29.23;29.35;2572055
20160513;29.25;29.53;29.13;29.24;1760153
20160516;29.18;29.31;28.9;29.13;1736137
20160517;29;29.27;28.71;28.83;2260233
20160518;28.73;28.85;28.29;28.48;2548562
20160519;28.44;28.49;28.03;28.25;1745691
20160520;28.28;28.69;28.28;28.46;2152593
20160523;28.49;28.87;28.42;28.44;2899042
20160524;28.65;28.9;28.56;28.84;2049445
20160525;28.91;29.29;28.85;29.2;2115181
20160526;29.18;29.42;28.96;28.97;2616592
20160527;28.98;29.27;28.98;29.26;2358423
20160531;29.23;29.39;29.01;29.24;2218222
20160601;29.26;29.73;29.23;29.7;2070565
20160602;29.57;29.87;29.55;29.86;1237344
20160603;29.82;29.82;29.21;29.6;1529180
20160606;29.74;29.8;29.51;29.73;1371142
20160607;29.73;29.89;29.63;29.68;2180954
20160608;29.61;29.72;29.47;29.69;1474263
20160609;29.53;29.59;29.16;29.41;2133178
20160610;29.04;29.24;28.82;28.99;2649183
20160613;28.96;29.35;28.95;29.08;1732774
20160614;29;29.11;28.69;28.98;1815772
20160615;28.97;29.21;28.91;28.97;2627838
20160616;28.78;29.2;28.5;29.02;2636094
20160617;28.81;28.95;28.47;28.7;4995807
20160620;29.01;29.28;28.94;28.94;2718029
20160621;28.95;28.99;28.55;28.59;1965322
20160622;28.67;28.95;28.62;28.67;2347106
20160623;28.9;29.08;28.79;28.98;3031514
20160624;27.68;27.94;26.75;26.76;5567629
20160627;26.58;26.58;26.15;26.26;4569355
20160628;26.46;26.84;26.37;26.62;3272736
20160629;26.74;27.1;26.63;27.07;3130105
20160630;27.19;27.31;26.93;27.25;2710409
20160701;27.24;27.6;27.15;27.51;1691258
20160705;27.45;27.45;26.73;26.88;2367509
20160706;26.71;27.13;26.42;27.12;2479596
20160707;26.94;27.31;26.94;27.26;1642552
20160708;27.52;28.01;27.45;28;1911830
20160711;28.01;28.25;27.9;28.09;1163908
20160712;28.27;28.39;28.02;28.08;2001324
20160713;28.22;28.49;28.06;28.41;3313087
20160714;28.72;28.81;28.52;28.62;1691150
20160715;28.88;28.88;28.33;28.59;2495156
20160718;28.59;28.73;28.51;28.58;1640830
20160719;28.43;28.57;28.33;28.45;2104726
20160720;28.44;28.48;27.62;27.8;5073917
20160721;27.69;27.93;27.51;27.72;3394900
20160722;27.9;27.9;27.62;27.77;2529656
20160725;27.71;27.77;27.41;27.45;1617944
20160726;27.5;27.6;27.2;27.4;1487970
20160727;27.48;27.48;27.26;27.43;1791032
20160728;27.31;27.44;27.07;27.07;3635115
20160729;27.13;27.15;26.88;27.03;1642836
20160801;27.06;27.3;26.85;27.14;2469931
20160802;27.06;27.22;26.96;27.04;1662886
20160803;27.04;27.47;26.75;27.42;2087949
20160804;26.33;26.85;25.92;26.21;5117644
20160805;26.43;26.6;26.28;26.44;3239011
20160808;26.4;26.4;26.11;26.23;2769339
20160809;26.19;26.27;25.99;26.18;3209380
20160810;26.25;26.31;25.96;26.18;2636022
20160811;26.32;26.68;26.2;26.64;2178823
20160812;26.55;26.82;26.5;26.57;1742420
20160815;26.63;26.65;26.29;26.3;1770884
20160816;26.28;26.3;26.12;26.13;2663571
20160817;26.19;26.27;26.01;26.19;3888652
20160818;26.23;26.23;25.75;25.82;3746481
20160819;25.88;25.9;25.59;25.81;3069671
20160822;25.8;25.98;25.67;25.71;2349719
20160823;25.85;25.92;25.42;25.45;2601088
20160824;25.48;25.57;25.26;25.34;2153431
20160825;25.35;25.44;25.04;25.1;1622353
20160826;25.24;25.3;24.9;25;2267203
20160829;25.17;25.28;25.01;25.05;3976052
20160830;25.2;25.2;24.85;24.85;2936340
20160831;24.77;25.04;24.77;24.85;7976992
20160901;24.8;24.94;24.7;24.75;3862081
20160902;25.02;25.02;24.71;24.75;3242577
20160906;24.81;24.81;24.3;24.71;4204943
20160907;24.71;24.81;24.54;24.56;3882875
20160908;24.64;25.08;24.52;25.04;9624384
20160909;24.81;24.92;24.08;24.12;5681917
20160912;23.92;24.81;23.91;24.66;6808436
20160913;24.5;24.58;24.05;24.2;4672899
20160914;24.23;24.44;24.06;24.19;6880763
20160915;24.09;24.46;23.97;24.32;7581502
20160916;24.16;24.32;23.88;24.28;13343091
20160919;24.38;24.46;24.17;24.29;2653916
20160920;24.33;24.46;24.21;24.24;5293587
20160921;24.27;24.38;24.09;24.3;6217961
20160922;24.45;24.82;24.37;24.74;3608992
20160923;24.68;24.81;24.48;24.49;3154453
20160926;24.4;24.47;24.16;24.31;2780663
20160927;24.36;24.82;24.33;24.8;2340801
20160928;24.78;25.05;24.75;24.89;2215326
20160929;24.82;24.97;24.58;24.62;1678711
20160930;24.75;24.97;24.65;24.74;3193650
20161003;24.69;25.25;24.61;25.17;2549825
20161004;25.13;25.44;25.01;25.15;2533533
20161005;25.27;25.32;25.01;25.01;2261454
20161006;24.92;25.11;24.74;24.91;1755091
20161007;25.21;25.77;24.56;24.68;1830434
20161010;24.75;25.08;24.75;25.01;1309684
20161011;25.03;25.08;24.72;24.83;3133754
20161012;24.77;24.9;24.64;24.76;2708459
20161013;24.54;24.84;24.41;24.76;2853019
20161014;24.81;25.04;24.74;24.86;4783563
20161017;24.85;24.96;24.77;24.79;4320581
20161018;25.02;25.22;24.92;25.07;2540553
20161019;25.18;25.57;25.1;25.32;2972595
20161020;25.18;25.49;25.04;25.36;8615528
20161021;25.23;26.15;25.11;25.91;4106774
20161024;26.12;26.27;25.48;25.67;3235236
20161025;25.68;25.84;25.6;25.71;1939030
20161026;25.71;26.58;25.61;26.52;3107169
20161027;26.57;26.61;26.12;26.24;2360224
20161028;26.21;26.42;26.14;26.24;3112861
20161031;26.3;26.5;26.24;26.39;4552712
20161101;26.41;26.41;25.99;26.19;7137066
20161102;26.21;26.23;25.7;25.75;6825856
20161103;26.7;27.7;26.66;27.53;10103792
20161104;27.22;27.47;26.66;26.69;8693503
20161107;27.17;27.22;26.86;27.19;4168224
20161108;27.22;27.3;26.84;27.08;4453364
20161109;26.4;27.46;26.3;27.33;6291709
20161110;27.35;27.64;26.99;27.16;4615392
20161111;27.11;27.14;26.7;27;3689819
20161114;27.08;27.38;26.99;27.33;5015343
20161115;27.3;27.48;27.21;27.4;3858069
20161116;27.39;27.55;27.28;27.49;2415766
20161117;27.36;27.81;27.31;27.81;2340223
20161118;27.74;27.91;27.65;27.69;3242426
20161121;27.73;27.75;27.54;27.73;2215507
20161122;27.83;28.19;27.68;28.14;2923285
20161123;28.15;28.36;28.03;28.28;3264574
20161125;28.21;28.3;28.13;28.26;1991098
20161128;28.16;28.31;27.99;28.19;3241602
20161129;28.29;28.42;28.13;28.36;3465601
20161130;28.32;28.44;27.99;28.06;5197506
20161201;28.01;28.27;27.89;28.08;4193964
20161202;28.13;28.19;27.21;27.37;2858366
20161205;27.49;27.57;26.82;27.53;3648957
20161206;27.5;27.63;27.19;27.37;4177026
20161207;27.22;27.97;27.22;27.95;4722205
20161208;28.01;28.49;27.98;28.48;2825025
20161209;28.54;29.63;27.42;27.92;13266743
20161212;27.74;27.78;25.94;26.19;7466272
20161213;26.27;26.91;26.23;26.9;5311981
20161214;26.94;27.84;26.92;27.59;8526687
20161215;27.68;27.8;27.22;27.39;6104069
20161216;27.45;28.08;27.31;27.73;10140475
20161219;27.81;27.9;27.54;27.63;2557243
20161220;27.65;27.92;27.51;27.59;2780285
20161221;27.62;27.75;27.47;27.74;3436462
20161222;27.6;27.8;27.5;27.75;3776492
20161223;27.78;27.8;27.57;27.7;1382776
20161227;27.82;27.99;27.69;27.84;1284490
20161228;27.9;27.94;27.65;27.66;2014309
20161229;27.65;27.81;27.44;27.48;1249328
20161230;27.5;27.52;27.08;27.25;2885413
20170103;27.74;28.15;27.54;28;2938360
20170104;28;28.38;28;28.25;2740956
20170105;28.13;28.43;27.9;28.34;4393701
20170106;28.4;28.89;28.21;28.85;2005112
20170109;28.8;28.89;28.55;28.77;1827309
20170110;28.71;29.29;28.56;28.92;2829212
20170111;28.89;29.45;28.82;29.44;3484244
20170112;29.34;29.41;28.97;29.08;3124030
20170113;29.02;29.31;28.92;29.25;1912909
20170117;29.14;29.34;29.1;29.25;1804773
20170118;29.32;29.56;29.2;29.52;1983365
20170119;29.52;29.61;29.08;29.21;2026413
20170120;29.4;29.55;29.16;29.55;2532322
20170123;29.49;29.61;29.25;29.51;1523378
20170124;29.61;29.81;29.38;29.79;1667930
20170125;29.89;29.98;29.72;29.8;2568601
20170126;29.85;30.97;29.82;30.59;3083025
20170127;30.7;30.96;30.42;30.85;1815080
20170130;30.83;30.99;30.53;30.98;2027296
20170131;30.83;31.08;30.65;31.01;2274168
20170201;31.03;31.3;30.94;31.24;2918255
20170202;31.21;31.23;30.94;31.16;1929127
20170203;31.3;31.3;30.87;31.09;1658307
20170206;30.94;31.12;30.69;30.72;2339490
20170207;30.45;31.08;29.8;30.16;5893165
20170208;30.08;30.19;29.58;29.82;3864297
20170209;29.95;30.1;29.64;29.71;1932516
20170210;29.8;29.85;29.53;29.65;3051973
20170213;29.85;29.86;29.26;29.48;3461498
20170214;29.5;30.08;29.35;30.02;2676206
20170215;29.8;30.33;29.77;30.33;2194068
20170216;30.31;30.31;29.95;30.08;1984041
20170217;30.05;30.12;29.75;29.92;2438244
20170221;29.95;30.28;29.78;30.06;2645449
20170222;29.97;30.23;29.96;30.15;1681656
20170223;30.16;30.32;29.79;30;2604962
20170224;30.16;30.24;29.93;30.23;2689559
20170227;30.09;30.28;29.78;30.01;2232394
20170228;29.96;29.98;29.33;29.35;5615077
20170301;29.51;30.08;29.51;29.86;3895249
20170302;29.77;29.86;29.51;29.71;2360594
20170303;29.71;29.99;29.49;29.95;1888147
20170306;29.89;30.48;29.78;30.2;2573741
20170307;30.02;30.21;29.77;30.11;2752302
20170308;30.09;30.16;29.88;29.98;2257992
20170309;30;30.36;30;30.26;3041348
20170310;30.27;30.4;29.83;29.96;3588970
20170313;29.95;30.05;29.85;29.95;1585948
20170314;29.88;30.04;29.78;29.92;1254621
20170315;30.05;30.43;29.92;30.32;2329074
20170316;30.25;30.3;30;30.2;2141831
20170317;30.41;30.48;30.06;30.27;3243312
20170320;30.27;30.46;30.06;30.09;1010655
20170321;30.23;30.33;30.02;30.09;2703347
20170322;30.17;30.53;30.02;30.42;2250647
20170323;30.4;30.95;30.27;30.75;3010282
20170324;30.84;31.19;30.64;30.88;2496218
20170327;30.83;31.37;30.68;31.25;2672410
20170328;31.16;31.92;31.15;31.82;3456494
20170329;31.66;31.79;31.47;31.51;1627574
20170330;31.45;31.7;31.34;31.67;1490562
20170331;31.58;31.88;31.58;31.78;2018551
20170403;31.77;31.94;31.43;31.57;1681118
20170404;31.5;31.55;31.05;31.21;1909945
20170405;31.2;31.26;30.73;30.83;2357388
20170406;30.81;30.81;30.09;30.55;3229907
20170407;30.6;30.68;30.29;30.54;1592146
20170410;30.62;30.82;30.46;30.6;2371344
20170411;30.49;30.62;30.17;30.47;1822499
20170412;30.36;30.46;29.95;30.14;2172287
20170413;30.24;30.44;29.86;29.86;1611000
20170417;29.96;30.22;29.94;30.16;1906172
20170418;30.04;30.17;29.79;30.05;1818175
20170419;30.13;30.29;29.81;29.81;2924613
20170420;29.98;30.65;29.81;30.55;3395499
20170421;30.56;30.66;30.14;30.22;1798357
20170424;30.5;30.58;29.65;29.75;3197209
20170425;29.79;30.06;29.78;29.89;4720183
20170426;29.93;30.21;29.85;30.05;1911541
20170427;30.04;30.14;29.82;29.93;2973757
20170428;29.99;29.99;29.64;29.86;1925298
20170501;29.95;29.95;29.56;29.69;2280503
20170502;29.63;29.91;29.61;29.85;2179951
20170503;29.85;29.85;28.26;28.35;3762465
20170504;28.25;28.7;27.31;28.5;5263604
20170505;28.62;28.86;28.03;28.58;3127543
20170508;28.62;28.66;27.91;28.03;3399022
20170509;27.95;28.08;27.63;27.96;2905589
20170510;27.84;27.95;27.54;27.68;3754414
20170511;28.02;28.49;27.41;28.32;6264669
20170512;28.22;28.49;27.73;27.9;8152639
20170515;27.97;28.12;27.63;27.67;4418453
20170516;27.71;27.71;26.89;27.11;3198456
20170517;27;27.02;26.61;26.77;3676186
20170518;26.66;26.94;26.63;26.78;2000651
20170519;26.72;27.15;26.64;27.02;3060941
20170522;27.05;27.09;26.85;27;2260971
20170523;27.05;27.06;26.49;26.53;2036273
20170524;26.62;26.72;26.47;26.67;1177478
20170525;26.8;27.71;26.55;27.23;3490506
20170526;27.32;27.32;26.9;26.95;2155747
20170530;26.9;27.02;26.77;26.96;2248086
20170531;26.98;27.07;26.78;26.9;1719687
20170601;26.89;27.55;26.86;27.53;2420451
20170602;27.61;27.85;27.53;27.6;2322397
20170605;27.6;27.6;27.07;27.36;1512063
20170606;27.37;27.54;27.16;27.21;2045932
20170607;27.2;27.41;27.1;27.19;1594715
20170608;27.14;27.21;26.71;27;1481304
20170609;27.02;27.71;26.83;27.7;4006353
20170612;27.57;28.56;27.57;28.17;4661740
20170613;27.92;28.15;27.6;27.66;2346315
20170614;27.8;27.8;26.98;27.13;2260375
20170615;27.07;27.43;27;27.41;1958560
20170616;26.93;27.36;26.83;27.12;3581799
20170619;27.15;27.57;26.93;27.43;1876178
20170620;27.31;27.31;26.7;26.74;2114386
20170621;26.76;27.11;26.5;26.86;2711817
20170622;26.82;26.88;26.62;26.63;1450228
20170623;26.59;26.95;26.42;26.93;7486806
20170626;27;27.83;26.98;27.62;2868109
20170627;27.51;27.78;27.19;27.22;3217318
20170628;27.33;28;27.33;27.77;2153319
20170629;27.64;28.41;27.61;27.74;3071269
20170630;27.91;27.95;27.4;27.87;2325446
20170703;28.1;28.43;27.94;28.13;1568031
20170705;28.12;28.18;27.8;27.94;1810812
20170706;27.76;27.84;27.47;27.52;2027786
20170707;27.54;27.71;27.31;27.56;1503073
20170710;27.47;27.9;27.44;27.84;1201836
20170711;27.88;27.88;27.64;27.72;1188764
20170712;27.95;28.35;27.94;28.31;2353927
20170713;28.08;28.59;27.23;27.4;3087274
20170714;27.59;27.83;27.32;27.54;1774510
20170717;27.58;27.72;27.15;27.23;2652339
20170718;27.26;27.27;26.72;27.2;2185677
20170719;27.3;27.51;27.19;27.46;1699584
20170720;27.56;27.86;27.19;27.61;1350013
20170721;27.54;27.85;27.54;27.65;1581410
20170724;27.75;27.75;27.33;27.5;1640217
20170725;27.55;27.84;27.36;27.71;1464047
20170726;27.71;28.05;27.64;27.92;1205288
20170727;28.15;29.23;27.97;29.22;3242563
20170728;29.06;29.27;28.76;28.91;3994434
20170731;29.02;29.02;28.49;28.69;2481475
20170801;28.81;29.21;28.76;28.92;2254227
20170802;28.67;28.71;28.16;28.28;2360583
20170803;28.27;28.7;28.15;28.52;2152361
20170804;28.33;28.48;27.77;28.06;2232238
20170807;28.04;28.11;27.8;27.84;1274440
20170808;27.81;28.06;27.6;27.71;1526203
20170809;27.43;27.56;26.96;27.51;2518231
20170810;28.5;29.16;27.45;27.47;3576560
20170811;27.72;27.93;27.47;27.84;1706121
20170814;28;28.17;27.75;27.77;2058021
20170815;27.71;27.83;27.42;27.44;1705322
20170816;27.58;27.71;27.39;27.56;1643023
20170817;27.52;27.61;26.86;26.89;2569397
20170818;26.74;27.09;26.72;26.79;2456525
20170821;26.84;26.91;26.56;26.89;2001432
20170822;26.99;27.06;26.81;26.98;1595015
20170823;26.87;26.91;26.64;26.66;2834178
20170824;26.67;26.8;26.57;26.61;1574354
20170825;26.66;26.97;26.58;26.72;2628485
20170828;26.86;27.02;26.71;26.76;1549647
20170829;26.56;27.02;26.56;26.91;1749741
20170830;26.9;27.23;26.85;27.01;2059699
20170831;27.02;27.25;26.99;27.1;2528483
20170901;27.16;27.31;26.96;26.98;1632517
20170905;26.97;27.02;25.91;26.09;3232006
20170906;26.14;26.21;25.75;25.97;2661611
20170907;26.04;26.09;24.78;25.38;4478770
20170908;25.37;25.4;25.07;25.38;2543777
20170911;25.56;25.68;25.39;25.67;3121164
20170912;25.48;25.54;25.19;25.46;2721550
20170913;25.42;26.16;25.38;26.15;3250905
20170914;26.05;26.13;25.8;26;2354231
20170915;26.03;26.66;25.88;26.65;11345072
20170918;26.66;26.66;25.86;26.03;2662400
20170919;26.1;26.31;25.92;26.27;2295230
20170920;26.32;26.53;26.26;26.38;2350730
20170921;26.27;26.46;26.19;26.33;1729639
20170922;26.24;26.47;26.21;26.43;1373912
20170925;26.33;26.83;26.33;26.61;2500203
20170926;26.63;26.7;26.4;26.42;1932815
20170927;26.47;26.81;26.13;26.77;2856004
20170928;26.61;26.68;25.95;26.01;2810043
20170929;26.05;26.1;25.71;25.79;5002672
20171002;25.85;26.3;25.79;26.05;3421529
20171003;26;26.16;25.85;26.02;3849198
20171004;25.96;26.63;25.92;26.46;3659046
20171005;26.58;26.65;26.24;26.32;1590277
20171006;26.34;26.49;26.09;26.47;2355450
20171009;26.41;26.48;25.97;25.97;1225426
20171010;26.03;26.54;25.99;26.15;1591372
20171011;26.05;26.05;25.24;25.48;3020237
20171012;25.3;25.78;25.2;25.49;4765116
20171013;25.61;25.92;25.45;25.83;4758444
20171016;25.92;26.2;25.8;26.1;1885432
20171017;26;26.25;25.93;26.22;1305642
20171018;26.21;26.72;26.19;26.59;2593110
20171019;26.59;26.73;26.31;26.7;1461659
20171020;26.88;26.94;26.64;26.84;1428129
20171023;26.93;26.93;25.97;26.01;1921703
20171024;25.89;25.97;25.54;25.56;2118190
20171025;25.45;25.65;25.31;25.43;1910491
20171026;25.76;26;25.42;25.7;1800681
20171027;25.56;25.76;24.91;25.75;2326395
20171030;25.65;26.03;25.52;25.75;2160971
20171031;25.78;25.78;25.35;25.45;1665763
20171101;25.61;25.83;25.35;25.38;1451170
20171102;25.38;25.53;24.91;25.15;2960779
20171103;25.05;25.2;24.4;24.43;3298298
20171106;24.33;26.85;24.3;26.62;12144055
20171107;26.7;27.77;26.7;27.04;6640868
20171108;26.84;27.39;26.74;27.35;5692463
20171109;26.76;28.96;26.57;28.13;5278978
20171110;28.19;29.17;27.98;28.07;4557631
20171113;27.84;28.04;27.48;27.82;1492557
20171114;27.66;27.77;27.09;27.31;2402953
20171115;27.26;28.01;26.86;27.95;2968127
20171116;27.56;28.74;27.56;28.6;3400750
20171117;30.45;30.73;29.58;30.48;5811020
20171120;30.45;30.92;29.7;29.9;3265077
20171121;29.93;30.28;29.64;30.1;2645452
20171122;30.02;30.16;29.83;29.94;2721883
20171124;29.68;30.09;29.68;29.78;732234
20171127;29.72;29.89;29.67;29.7;2922052
20171128;29.82;30.23;29.63;30.17;2079277
20171129;30.22;31.59;30.22;31.3;3983740
20171130;31;31.46;30.54;31.15;3597541
20171201;30.64;31.6;30.52;31.47;5138016
20171204;31.79;33.19;31.79;32.31;4307175
20171205;32.02;33.69;32.02;32.48;6398246
20171206;32.55;33.24;32.08;32.7;4247152
20171207;32.77;34.34;32.57;33.77;10985604
20171208;34.02;34.11;32.9;32.97;5690348
20171211;33.04;33.35;32.76;33.27;3701853
20171212;33.46;33.7;32.94;33.6;6034429
20171213;33.58;33.58;32.06;32.34;7502713
20171214;32.25;34.38;32.08;34.22;18216439
20171215;34.32;35.34;34.15;34.22;10334066
20171218;34.35;34.83;34.11;34.5;6663465
20171219;34.65;34.82;34.27;34.37;5553810
20171220;34.3;34.56;33.82;33.86;5637073
20171221;33.79;34.81;33.66;34.53;3657716
20171222;34.36;34.83;34.36;34.72;1566131
20171226;34.84;34.93;34.15;34.17;1503736
20171227;34.26;34.31;34.04;34.14;1521887
20171228;34.18;34.25;33.99;34.08;1370102
20171229;33.93;34.26;33.93;34.12;1735967
20180102;34.38;35.38;34.27;35.36;3088713
20180103;35.37;36.24;35.37;35.93;3250406
20180104;36.16;36.22;35.78;36.17;2673266
20180105;36.4;36.44;35.86;36.35;4678681
20180108;36.13;36.19;35.51;35.85;4451293
20180109;35.82;36.37;35.82;36.18;4054009
20180110;36.19;36.29;35.07;35.32;6894965
20180111;35.3;35.92;35.3;35.8;2711937
20180112;35.8;36.48;35.72;36.37;2243903
20180116;36.5;36.53;35.75;35.79;3145805
20180117;36.12;36.54;35.85;36.49;3030892
20180118;36.44;36.44;35.65;35.73;3525922
20180119;35.61;36.26;35.57;36.26;5556944
20180122;36.45;37.07;35.99;36.96;3586021
20180123;36.62;37.32;36.59;37.19;3866089
20180124;37.35;37.97;37.22;37.49;2569173
20180125;37.51;37.84;37.39;37.73;2565785
20180126;37.87;38.43;37.44;38.32;2511119
20180129;38.1;38.52;38.1;38.14;2415493
20180130;38.41;38.56;37.85;37.88;2268564
20180131;37.83;37.84;36.26;36.49;3546305
20180201;36.49;37.15;36.25;36.71;2743634
20180202;36.4;36.93;36.09;36.22;2921141
20180205;36.06;37.05;35.55;35.56;5306923
20180206;35.01;36.44;34.76;36.42;7349643
20180207;36.41;36.96;35.62;35.7;4004218
20180208;35.68;35.96;34.05;34.09;4486389
20180209;34.38;35.48;33.75;35.19;5539756
20180212;35.74;36.39;35.73;35.95;3098173
20180213;35.56;36.38;35.56;36.19;1649887
20180214;35.99;36.4;35.8;36.18;2274464
20180215;36.21;36.73;36.14;36.65;2019154
20180216;36.56;37.26;36.56;37.04;2067979
20180220;36.84;37.12;36.55;36.61;2352575
20180221;36.78;37.15;36.54;36.56;2898132
20180222;36.7;36.94;36.59;36.73;1572736
20180223;37.04;37.62;36.72;37.62;1705351
20180226;37.67;38.41;37.61;38.4;1427719
20180227;37.99;38.19;37.11;37.14;3381939
20180228;37.27;37.45;36.41;36.42;2726489
20180301;36.55;36.69;35.43;35.53;3827041
20180302;35.37;36.03;35.1;35.93;2516577
20180305;35.58;36.62;35.55;36.15;2771692
20180306;36.19;37.03;36.08;37.02;2068490
20180307;36.77;36.83;36.24;36.51;1651924
20180308;36.63;36.97;36.45;36.79;1234190
20180309;37;37.22;36.84;37.21;1606768
20180312;37.25;37.8;37.12;37.5;1885495
20180313;37.64;37.67;36.73;36.85;2234183
20180314;37.05;37.3;36.9;37.23;3098027
20180315;37.15;37.2;36.7;36.7;1419759
20180316;36.93;37.13;36.61;36.62;3109174
20180319;36.43;36.63;35.93;36.25;1894393
20180320;36.34;36.49;36.03;36.18;1862958
20180321;36.1;36.63;36.09;36.3;1529994
20180322;35.83;36.54;35.67;36.18;2524240
20180323;36.26;36.53;35.42;35.45;3160547
20180326;36.08;36.66;35.7;36.58;2789283
20180327;36.84;36.84;35.85;36.08;5719898
20180328;36.2;36.28;35.45;35.5;5972646
20180329;35.7;36.46;35.45;36.37;5445675
20180402;36.13;36.29;35.28;35.68;3668062
20180403;35.84;35.84;35.14;35.59;4469951
20180404;35.28;35.79;34.94;35.67;4941486
20180405;35.87;36.1;35.4;36;4682696
20180406;35.78;36.06;35.03;35.34;4951851
20180409;35.44;35.97;35.24;35.33;3798499
20180410;35.7;36.12;35.36;35.8;4209837
20180411;35.22;36.05;35.22;35.65;4626173
20180412;35.73;36.19;35.67;36.07;4255521
20180413;36.16;36.59;36.07;36.41;2925628
20180416;36.71;36.77;36.31;36.51;2700330
20180417;36.85;37.36;36.65;37.09;2862576
20180418;37.06;37.24;36.78;36.82;2042584
20180419;36.78;37.4;36.58;36.68;1850853
20180420;36.55;36.76;36.06;36.18;2231738
20180423;36.18;36.31;35.81;36.03;1585735
20180424;36.19;36.36;35.33;35.52;1948585
20180425;35.6;36.55;35.32;36.13;4156974
20180426;36.27;36.67;35.8;35.84;2080088
20180427;35.65;36.35;35.41;35.99;2043276
20180430;36.14;36.6;36.06;36.07;3560610
20180501;35.86;36.21;35.66;36.12;1531748
20180502;36.03;36.53;35.78;36.13;6719354
20180503;36;36.61;35.27;36.33;6757073
20180504;36.14;37.19;35.91;37.16;4802819
20180507;37.35;37.7;37.17;37.48;1865002
20180508;38.34;38.71;37.3;37.45;5004082
20180509;37.5;37.74;37.1;37.24;2387507
20180510;37.49;37.74;37.21;37.46;2458602
20180511;37.45;37.6;37.19;37.48;1334782
20180514;37.39;37.54;37;37.29;1967969
20180515;36.99;37.42;36.93;37.35;1783821
20180516;37.33;37.8;37.31;37.71;2194022
20180517;37.68;37.89;37.26;37.28;2606447
20180518;37.41;37.41;37.09;37.27;3188140
20180521;37.36;37.64;37.3;37.45;2059867
20180522;37.52;38.13;37.52;37.74;1847124
20180523;37.87;38.53;37.87;38.24;2518874
20180524;38.41;38.92;38.09;38.5;2301621
20180525;38.44;38.82;38.31;38.52;2496052
