20100104;14.05;14.22;13.89;13.93;14587112
20100105;13.83;13.99;13.76;13.97;19607661
20100106;13.91;14.39;13.9;14.2;27030749
20100107;14.23;14.3;13.87;14;37457997
20100108;13.96;14.19;13.86;14.12;19657271
20100111;14.22;14.27;13.95;14.08;10539413
20100112;14.17;14.17;13.38;13.45;18424198
20100113;13.62;13.64;13.26;13.34;25237211
20100114;13.31;13.48;13.29;13.44;17973137
20100115;13.41;13.56;13.03;13.19;19607056
20100119;13.21;13.5;13.21;13.4;10582158
20100120;13.25;13.34;12.91;13.06;21366661
20100121;13.1;13.43;12.75;12.84;21581237
20100122;12.98;12.98;12.38;12.41;22666430
20100125;12.57;12.72;12.36;12.66;20360215
20100126;12.64;12.93;12.57;12.77;22845170
20100127;12.75;12.86;12.38;12.65;21400772
20100128;12.65;12.78;12.39;12.52;35176662
20100129;12.66;12.98;12.57;12.61;34243716
20100201;12.69;12.76;12.39;12.53;29307378
20100202;12.53;12.85;12.43;12.76;36697784
20100203;13.39;13.75;13.21;13.67;46679105
20100204;13.56;13.59;13.08;13.08;34094615
20100205;13.16;13.28;12.6;12.96;28988148
20100208;12.94;12.94;12.58;12.64;16705466
20100209;12.93;13.07;12.67;12.91;24205138
20100210;12.81;12.87;12.48;12.61;18967198
20100211;12.71;12.94;12.44;12.93;29419123
20100212;12.84;13.14;12.76;13.11;21700281
20100216;13.26;13.42;13.06;13.42;13475232
20100217;13.41;13.55;13.31;13.45;12599628
20100218;13.49;13.59;13.32;13.49;9879971
20100219;13.42;13.64;13.27;13.56;14292900
20100222;13.64;13.67;13.45;13.49;12216277
20100223;13.52;13.63;13.15;13.18;15561161
20100224;13.21;13.52;13.19;13.49;14544063
20100225;13.14;13.44;13.03;13.42;14168479
20100226;13.43;13.51;13.25;13.37;14965954
20100301;13.41;13.84;13.41;13.76;20727874
20100302;13.81;13.93;13.64;13.84;18598688
20100303;13.9;13.93;13.65;13.7;11843981
20100304;13.67;13.91;13.54;13.9;31899443
20100305;13.91;14.43;13.9;14.43;19735827
20100308;14.33;14.39;14.24;14.28;10084342
20100309;14.21;14.34;14.15;14.27;11519034
20100310;14.22;14.32;14.16;14.28;15409837
20100311;14.2;14.3;14.09;14.26;17328846
20100312;14.38;14.5;13.96;14.03;22377009
20100315;14.12;14.19;13.82;13.97;19898426
20100316;14.06;14.14;13.9;14.03;24747348
20100317;14.14;14.19;13.95;14.01;16315247
20100318;14.23;14.23;13.91;14.02;17709445
20100319;14.17;14.23;13.69;13.98;24466597
20100322;13.94;14.03;13.73;14.01;14004497
20100323;13.97;14.05;13.87;14.03;16224712
20100324;14.01;14.37;13.97;14.27;22457168
20100325;14.48;14.81;14.39;14.43;24024664
20100326;14.47;14.64;14.28;14.46;9520045
20100329;14.39;14.59;14.39;14.55;9244118
20100330;14.62;14.62;14.39;14.45;10247368
20100331;14.48;14.63;14.33;14.41;15110387
20100401;14.54;14.66;14.35;14.59;9401090
20100405;14.59;15;14.5;14.79;12775122
20100406;14.86;14.89;14.64;14.7;15101994
20100407;14.64;14.67;14.32;14.48;13388745
20100408;14.45;14.76;14.37;14.71;20293902
20100409;14.79;15.34;14.68;15.22;23296896
20100412;15.28;15.3;15;15.03;10109872
20100413;15.01;15.55;14.95;15.47;24402742
20100414;15.42;15.83;15.39;15.83;21271529
20100415;15.8;15.95;15.63;15.78;19347317
20100416;15.81;16;15.56;15.75;31917924
20100419;15.77;15.93;15.48;15.78;22771199
20100420;15.84;15.99;15.78;15.85;14593186
20100421;15.9;16.05;15.82;15.98;14267996
20100422;15.92;16.1;15.63;16.06;18787242
20100423;15.99;16.12;15.79;16.12;16649280
20100426;16.08;16.43;16.02;16.24;17355675
20100427;16.01;16.09;15.58;15.7;26182686
20100428;15.67;15.86;15.33;15.56;25613185
20100429;15.66;15.96;15.66;15.76;22866830
20100430;15.84;16.11;15.41;15.43;21449068
20100503;15.61;16.18;15.43;16.04;19169751
20100504;15.87;15.87;15.24;15.4;32471673
20100505;14.43;14.88;13.66;14.6;58075499
20100506;14.5;14.64;12.9;13.97;40173969
20100507;14.1;14.17;13.31;13.67;44026223
20100510;14.26;17;14.25;14.66;31787080
20100511;14.55;14.68;14.34;14.48;27479322
20100512;14.55;14.6;14.35;14.51;27081967
20100513;14.69;14.69;14.25;14.3;22685594
20100514;14.34;14.34;13.78;13.95;29531493
20100517;14.06;14.11;13.56;14.03;19837103
20100518;14.09;14.2;13.69;13.75;19379767
20100519;13.66;13.72;13.13;13.39;41873665
20100520;12.98;13.12;12.68;12.73;27418984
20100521;12.51;13.03;12.44;12.95;26596537
20100524;12.76;13.16;12.61;12.9;23490828
20100525;12.48;12.81;12.34;12.81;25501784
20100526;12.66;13.19;12.61;12.86;27972976
20100527;13.19;13.5;13.1;13.49;26501705
20100528;13.46;13.54;13.02;13.2;19688246
20100601;13.07;13.3;12.77;12.77;18567290
20100602;12.82;13.32;12.8;13.32;20839641
20100603;13.31;13.41;12.95;13.19;16484979
20100604;12.88;12.98;12.59;12.65;23606924
20100607;12.61;12.86;12.37;12.39;25858523
20100608;12.48;12.63;12.22;12.58;21701634
20100609;12.63;13.04;12.56;12.72;23649341
20100610;13.11;13.35;13.01;13.32;16429747
20100611;12.92;13.4;12.91;13.37;11180212
20100614;13.43;13.54;13.09;13.12;19389323
20100615;12.88;14.41;12.87;14.37;65445436
20100616;14.08;14.2;13.83;14.16;29236523
20100617;14.12;14.19;13.92;14.15;16864719
20100618;14.2;14.2;13.88;14;15074574
20100621;14.1;14.1;13.7;13.81;14959350
20100622;13.89;13.98;13.43;13.49;20296687
20100623;13.58;13.58;13.27;13.44;21029890
20100624;13.32;13.37;12.54;12.69;29034391
20100625;12.72;12.74;12.45;12.57;32902864
20100628;12.67;12.77;12.56;12.67;21202317
20100629;12.58;12.59;12.04;12.21;24922830
20100630;12.19;12.32;11.94;11.96;20714021
20100701;11.96;12.04;11.61;11.91;25980397
20100702;11.96;11.97;11.65;11.82;15161207
20100706;11.97;12.43;11.92;12.15;31412900
20100707;11.89;12.45;11.66;12.39;22492187
20100708;12.46;12.62;12.39;12.61;13818555
20100709;12.62;12.85;12.59;12.85;10094155
20100712;12.8;13.03;12.7;12.99;15913721
20100713;13.07;13.35;12.98;13.24;10575562
20100714;13.23;13.3;13.01;13.19;13294428
20100715;13.24;13.32;12.97;13.16;15804355
20100716;13.19;13.27;12.47;12.5;18556899
20100719;12.52;12.88;12.51;12.87;14658594
20100720;12.7;13.19;12.55;13.17;16531657
20100721;13.16;13.27;12.58;12.6;28770090
20100722;12.8;13.19;12.75;12.97;20287133
20100723;12.89;13.33;12.89;13.25;11622007
20100726;13.24;13.45;13.15;13.37;12420858
20100727;13.51;13.52;13.08;13.16;16625682
20100728;13.08;13.16;12.79;12.98;18443215
20100729;13.15;13.37;12.78;12.96;16257570
20100730;12.74;13.16;12.48;13.05;18686768
20100802;13.36;13.69;13.23;13.66;23661865
20100803;13.53;13.69;13.18;13.63;19237789
20100804;13.67;13.92;13.67;13.85;21119704
20100805;14.58;14.86;14.21;14.35;35729663
20100806;14.07;14.32;13.81;14.1;17618208
20100809;14.19;14.23;14.02;14.12;10607712
20100810;13.99;14.1;13.77;13.93;19314221
20100811;13.59;13.61;13.17;13.39;18323902
20100812;13.15;13.26;13.06;13.14;12817494
20100813;13.15;13.16;12.93;12.95;13121998
20100816;12.79;13.05;12.66;12.97;8977273
20100817;13.08;13.31;12.98;13.08;10474251
20100818;13.06;13.29;12.82;13.15;10384040
20100819;13.03;13.07;12.56;12.78;15137754
20100820;12.77;12.79;12.49;12.73;15565133
20100823;12.84;12.97;12.47;12.48;11268471
20100824;12.41;12.41;12.07;12.13;25985742
20100825;12.04;12.17;11.91;12.11;23122838
20100826;12.15;12.32;12.06;12.1;18369500
20100827;12.4;12.41;11.94;12.36;15622842
20100830;12.18;12.49;12.18;12.31;15795032
20100831;12.21;12.58;12.01;12.56;23882807
20100901;12.75;13.18;12.75;13;24492734
20100902;13.07;13.26;13.01;13.26;10795461
20100903;13.31;13.46;13.24;13.46;11555778
20100907;13.4;13.41;13.01;13.06;12377365
20100908;13.11;13.33;13.05;13.18;12170436
20100909;13.41;13.54;13.3;13.42;9602394
20100910;13.53;13.61;13.35;13.51;9797858
20100913;13.72;13.88;13.53;13.82;24071468
20100914;13.71;13.88;13.63;13.81;19104248
20100915;13.76;13.81;13.66;13.74;12468342
20100916;13.67;13.78;13.37;13.54;13324956
20100917;13.66;13.71;13.46;13.53;21681109
20100920;13.64;14.04;13.59;13.99;17966829
20100921;14.03;14.04;13.67;13.82;16597489
20100922;13.93;14.08;13.42;13.5;20905106
20100923;13.37;13.77;13.32;13.46;18498046
20100924;13.7;14.09;13.63;13.99;16963201
20100927;13.98;14.01;13.57;13.59;16899955
20100928;13.67;13.73;13.35;13.61;18794783
20100929;13.64;13.68;13.14;13.19;28354764
20100930;13.38;13.47;12.97;13.06;32229665
20101001;13.22;13.32;12.98;13.24;15282539
20101004;13.18;13.25;12.88;12.97;17080945
20101005;13.28;13.58;13.17;13.55;19547744
20101006;13.56;13.65;13.32;13.48;17472507
20101007;13.57;13.75;13.31;13.63;28803401
20101008;13.68;13.95;13.57;13.88;21598826
20101011;13.94;13.96;13.72;13.83;12567218
20101012;13.75;13.98;13.59;13.92;12714917
20101013;14;14.39;13.91;14.17;23354961
20101014;14.14;14.27;13.93;14.08;15697294
20101015;14.25;14.29;13.91;14.19;16443691
20101018;14.12;14.14;13.94;14.02;10610215
20101019;13.88;13.98;13.69;13.96;32607402
20101020;14.07;14.6;14.03;14.56;23037559
20101021;14.56;14.86;14.33;14.47;18579288
20101022;14.54;14.64;14.31;14.4;9899937
20101025;14.49;14.64;14.23;14.25;18240368
20101026;14.14;14.35;14.09;14.31;20475347
20101027;14.01;14.36;14.01;14.32;11932539
20101028;14.5;14.59;14.37;14.49;10855218
20101029;14.45;14.55;14.25;14.48;15202299
20101101;14.54;14.95;14.39;14.51;13738581
20101102;14.68;14.81;14.54;14.61;11928552
20101103;14.67;14.91;14.48;14.84;16928164
20101104;15.11;15.21;14.66;14.75;22662730
20101105;14.73;14.77;14.42;14.5;13916232
20101108;14.4;14.59;14.23;14.33;14365960
20101109;14.37;14.4;14.21;14.28;14146256
20101110;14.19;14.51;14.18;14.45;17337483
20101111;14.32;14.57;14.28;14.55;17705968
20101112;14.4;14.57;14.27;14.35;24997502
20101115;14.49;14.54;14.33;14.38;9146436
20101116;14.26;14.32;14.09;14.25;24465514
20101117;14.22;14.3;14.15;14.26;23007131
20101118;14.49;14.55;14.27;14.39;14817429
20101119;14.33;14.36;14.12;14.18;15174953
20101122;14.05;14.25;13.95;14.21;8961550
20101123;14;14.05;13.69;13.74;11537456
20101124;13.91;14.14;13.82;14.07;10507555
20101126;13.93;14.02;13.88;13.96;3506403
20101129;13.71;13.94;13.51;13.88;15276341
20101130;13.66;13.78;13.56;13.64;21485445
20101201;13.86;14.16;13.82;14.07;17931844
20101202;14.03;14.38;13.99;14.32;11229584
20101203;14.31;14.37;14.16;14.31;11049432
20101206;14.32;14.32;14.07;14.22;7092407
20101207;14.47;14.47;14.23;14.36;11962191
20101208;14.33;14.48;14.24;14.28;10299683
20101209;14.37;14.46;14.22;14.3;5985450
20101210;14.41;14.68;14.28;14.6;9406756
20101213;14.66;14.66;14.33;14.34;8989841
20101214;14.3;14.57;14.28;14.4;11354874
20101215;14.4;14.45;14.24;14.39;11807636
20101216;14.4;14.54;14.35;14.44;9871187
20101217;14.4;14.53;14.33;14.5;18390444
20101220;14.51;14.56;14.4;14.43;8333524
20101221;14.47;14.56;14.4;14.49;7814567
20101222;14.55;14.99;14.53;14.95;10275861
20101223;14.95;14.96;14.73;14.82;4819780
20101227;14.71;14.74;14.5;14.6;7686465
20101228;14.56;14.67;14.37;14.55;9069183
20101229;14.61;14.94;14.54;14.57;12101435
20101230;14.6;14.64;14.4;14.49;9215177
20101231;14.47;14.61;14.4;14.56;5106140
20110103;14.75;14.91;14.71;14.76;12139610
20110104;14.68;15.1;14.63;14.99;15468427
20110105;14.84;15.02;14.77;14.85;11837527
20110106;14.91;14.96;14.73;14.81;13150002
20110107;14.88;14.94;14.46;14.68;9985065
20110110;14.53;14.68;14.4;14.62;8628310
20110111;14.49;14.66;14.25;14.41;20324406
20110112;14.43;14.47;14.25;14.36;17657845
20110113;14.41;14.44;14.1;14.13;17527630
20110114;14.11;14.2;13.94;14.17;24034504
20110118;14.34;14.48;14.16;14.37;22467647
20110119;14.29;14.43;14.18;14.23;15007655
20110120;14.19;14.72;14.18;14.66;22982185
20110121;14.75;15.45;14.56;15.32;28197233
20110124;15.22;15.96;15.22;15.77;34791542
20110125;15.59;15.66;15.42;15.65;16748403
20110126;15.76;15.82;15.52;15.54;11324023
20110127;15.5;15.72;15.25;15.59;15527703
20110128;15.64;15.77;14.99;15.08;21375393
20110131;15.07;15.27;14.95;15.02;15622241
20110201;15.13;15.61;15.11;15.59;15241590
20110202;15.51;16;15.51;16;19520220
20110203;16.25;17.05;16.15;16.96;29196662
20110204;16.85;16.91;16.69;16.88;19698222
20110207;16.75;16.89;16.58;16.59;20956951
20110208;16.56;16.92;16.53;16.91;10751944
20110209;16.86;17.13;16.75;16.91;16905330
20110210;16.59;16.91;16.55;16.76;18342955
20110211;16.59;17.57;16.48;17.4;24009344
20110214;17.17;17.17;16.79;16.92;18622570
20110215;16.82;17.32;16.75;17.11;16093793
20110216;17.25;17.35;17.02;17.32;12163730
20110217;17.22;17.43;16.96;17.43;11569379
20110218;17.43;17.71;17.3;17.71;13521765
20110222;17.19;17.3;16.61;16.74;29520508
20110223;16.75;16.82;16.37;16.56;15950763
20110224;16.53;16.85;16.25;16.76;15248014
20110225;16.95;17.52;16.88;17.32;17846361
20110228;17.35;17.54;17.3;17.37;13674410
20110301;17.44;17.64;17.03;17.04;18695214
20110302;16.99;17.48;16.88;17.36;17965232
20110303;17.43;18.11;17.43;17.64;23534337
20110304;17.61;18.06;17.42;17.6;19398255
20110307;17.68;17.76;17.11;17.21;17281060
20110308;17.28;17.34;16.87;17.28;12766959
20110309;17.25;17.3;16.99;17.1;10854441
20110310;16.63;17.03;16.39;16.79;18734617
20110311;16.67;17.09;16.62;17.06;12421253
20110314;16.84;16.91;16.44;16.83;13369846
20110315;16.14;16.58;16.07;16.42;14292648
20110316;16.17;16.55;16;16.21;22859486
20110317;16.5;16.63;16.26;16.29;15426845
20110318;16.51;16.6;16.26;16.33;17765841
20110321;16.6;16.99;16.43;16.91;12204869
20110322;16.93;16.98;16.63;16.72;12637939
20110323;16.58;16.87;16.36;16.78;12082477
20110324;16.84;17.06;16.64;16.94;14223931
20110325;17.09;17.16;16.87;17.02;13300602
20110328;17.15;17.32;17.03;17.09;13044713
20110329;17.08;17.27;16.98;17.26;10798578
20110330;17.36;17.63;17.27;17.51;10033198
20110331;17.45;17.71;17.3;17.58;16445944
20110401;17.72;18.1;17.68;17.96;15662351
20110404;17.84;18.05;17.8;18.02;14926729
20110405;17.99;18.06;17.76;17.77;21148602
20110406;17.94;17.94;17.38;17.56;15816043
20110407;17.45;17.54;17.02;17.29;18286839
20110408;17.29;17.36;16.98;17.17;11818201
20110411;17.24;17.37;17.1;17.26;9133576
20110412;17.14;17.15;16.83;17.11;13669705
20110413;17.22;17.59;17;17.2;18079809
20110414;17.04;17.09;16.81;16.98;12305888
20110415;16.94;17.46;16.91;17.4;15183129
20110418;17.06;17.12;16.83;16.98;15558270
20110419;17.04;17.04;16.78;16.87;9291253
20110420;17.14;17.44;17.08;17.29;13585570
20110421;17.32;17.48;17.14;17.48;10377783
20110425;17.59;17.8;17.41;17.46;9147829
20110426;17.55;17.76;17.33;17.72;8543602
20110427;17.73;17.81;17.54;17.75;8373809
20110428;17.73;18.11;17.69;18.04;10865244
20110429;18.03;18.1;17.82;17.82;14980829
20110502;17.81;18.13;17.77;17.84;14675210
20110503;17.86;18.01;17.43;17.52;14911436
20110504;17.49;17.86;17.18;17.34;17687482
20110505;16.76;17.63;16.75;17.35;29190680
20110506;17.72;17.81;17.44;17.51;16013399
20110509;17.54;17.66;17.42;17.46;11386612
20110510;17.53;17.85;17.43;17.79;10686300
20110511;17.7;17.74;17.32;17.5;15473712
20110512;17.38;17.53;17.09;17.52;14415771
20110513;17.57;17.63;17.28;17.45;13658017
20110516;17.27;17.44;17.12;17.22;16831384
20110517;17.19;17.24;16.99;17.23;10592384
20110518;17.13;17.54;17.1;17.51;14307159
20110519;17.61;17.95;17.52;17.7;14756430
20110520;17.68;17.68;17.37;17.48;12835268
20110523;17.22;17.29;17.02;17.09;13471545
20110524;17.1;17.16;16.96;17.05;16667471
20110525;16.98;17.27;16.95;17.18;13524682
20110526;17.09;17.74;17.03;17.64;25101007
20110527;17.63;18.07;17.58;17.98;14806410
20110531;18;18.35;18;18.34;17440140
20110601;18.28;18.35;17.58;17.65;16160392
20110602;17.6;17.79;17.52;17.58;15395463
20110603;17.34;17.46;17.13;17.18;17795381
20110606;17.12;17.16;16.99;17.01;14325996
20110607;17.05;17.17;16.71;16.73;20971561
20110608;16.65;16.81;16.6;16.67;13088077
20110609;16.73;16.9;16.56;16.8;8492220
20110610;16.7;16.74;16.29;16.38;16202073
20110613;16.41;16.49;16.15;16.25;13820902
20110614;16.41;16.5;16.33;16.38;12614540
20110615;16.24;16.34;15.95;16.23;25659512
20110616;16.21;16.36;15.96;16.07;16894480
20110617;16.28;16.35;16.02;16.05;18953788
20110620;16.02;16.27;15.99;16.19;10103930
20110621;16.24;16.73;16.13;16.65;12014295
20110622;16.55;16.91;16.5;16.72;16059830
20110623;16.37;16.65;16.2;16.62;19598705
20110624;16.63;16.8;16.48;16.73;25039194
20110627;16.67;17.04;16.52;16.92;11344214
20110628;16.96;17.2;16.82;17.18;11172735
20110629;17.18;17.58;17;17.39;19241246
20110630;17.52;17.76;17.41;17.7;12535971
20110701;17.74;18.07;17.58;18.06;13072552
20110705;17.9;18.2;17.84;18.13;14208390
20110706;17.7;17.75;17.09;17.47;44429203
20110707;17.53;17.8;17.39;17.43;38397138
20110708;17.06;17.21;16.56;16.75;39130583
20110711;16.25;16.29;15.44;15.48;89275652
20110712;15.97;16.04;15.2;15.35;136469446
20110713;15.35;16.5;15.3;15.93;147257665
20110714;15.98;16.13;15.2;15.44;75406874
20110715;15.36;15.8;14.89;15.64;76300825
20110718;15.11;15.27;14.76;14.97;62424503
20110719;15.27;16.03;15.22;15.79;66495132
20110720;16;16.4;15.81;15.93;35469859
20110721;16.24;16.65;16.21;16.48;52575438
20110722;16.09;16.46;16.02;16.42;31671386
20110725;16.12;16.34;16.08;16.22;21389136
20110726;16.24;16.24;15.88;16.16;33855612
20110727;15.99;16.18;15.87;16;23816070
20110728;16.04;16.46;15.94;16.11;23287389
20110729;15.93;16.11;15.76;16.02;33075710
20110801;15.95;16.21;15.62;16.1;35380563
20110802;15.96;16.04;15.26;15.29;43665755
20110803;15.32;15.65;15.15;15.61;42950859
20110804;15.13;15.85;14.55;14.56;48207708
20110805;14.64;14.92;14.11;14.67;50745174
20110808;14.17;14.35;13.61;13.62;64452673
20110809;13.83;14.55;13.38;14.55;42610963
20110810;13.9;14.56;13.55;13.71;58077646
20110811;15;16.51;14.98;16.19;88495046
20110812;15.93;16.77;15.85;16.23;52056773
20110815;16.32;16.95;16.25;16.91;39114691
20110816;16.74;17.57;16.63;17.14;46875484
20110817;17.14;17.27;16.91;17.03;35664608
20110818;16.19;16.42;15.98;16.19;41307458
20110819;15.92;16.28;15.51;15.56;55479400
20110822;15.84;15.86;15.42;15.51;31961461
20110823;15.65;16.41;15.55;16.37;30121210
20110824;16.28;16.89;16.2;16.84;33159658
20110825;16.86;17.26;16.45;16.52;26441375
20110826;16.53;16.99;16.11;16.87;22185912
20110829;17.1;17.33;16.96;17.33;18112722
20110830;17.04;17.3;16.86;17.12;31066251
20110831;17.12;17.5;17.07;17.27;25667960
20110901;17.3;17.31;16.8;16.81;26925355
20110902;16.49;16.73;16.22;16.27;27752576
20110906;15.81;16.38;15.71;16.33;25510901
20110907;16.59;16.7;16.47;16.64;21257603
20110908;16.48;16.66;16.23;16.32;26158103
20110909;16.18;16.41;15.76;16.03;30372324
20110912;15.73;16.2;15.7;16.18;28221558
20110913;16.15;16.53;16.07;16.19;32225123
20110914;16;16.4;15.84;16.2;39760045
20110915;16.32;16.49;16.27;16.38;33837496
20110916;16.49;17.02;16.29;16.96;29021162
20110919;16.57;17.01;16.46;16.89;19609442
20110920;16.97;17.33;16.75;16.82;28502339
20110921;16.74;16.83;16.11;16.13;28039194
20110922;15.74;16.04;15.35;15.6;38114808
20110923;15.52;16.23;15.32;16.11;34855510
20110926;16.21;16.36;15.83;16.34;41196904
20110927;16.65;16.9;16.36;16.48;18966771
20110928;16.54;16.67;15.87;15.91;22804458
20110929;16.19;16.41;15.65;15.93;23854711
20110930;15.7;15.85;15.47;15.48;22356404
20111003;15.33;15.72;15;15.01;28922951
20111004;14.72;15.55;14.72;15.54;30939405
20111005;15.55;16;15.4;15.98;25200931
20111006;15.96;15.99;15.71;15.97;20752277
20111007;16.03;16.44;16.02;16.25;30657479
20111010;16.52;16.94;16.48;16.93;15598632
20111011;16.86;17.06;16.66;16.81;15202615
20111012;17;17.37;16.95;17.09;20716332
20111013;16.92;17.23;16.78;17.12;13440169
20111014;17.29;17.5;17.13;17.18;16442612
20111017;17.07;17.17;16.73;16.88;16227125
20111018;16.95;17.24;16.78;17.03;32034989
20111019;17.02;17.24;16.58;16.7;24261189
20111020;16.75;17.01;16.46;16.85;22673008
20111021;17.03;17.2;16.67;17.2;26653777
20111024;17.28;17.45;17.19;17.4;23858082
20111025;17.31;17.33;16.83;16.88;22521014
20111026;17.03;17.18;16.73;16.86;28488766
20111027;17.27;17.98;17.24;17.84;36306961
20111028;17.82;17.93;17.57;17.8;15696570
20111031;17.63;17.71;17.48;17.52;18021416
20111101;16.95;17.01;16.64;16.69;24262601
20111102;16.9;17.07;16.6;16.9;34230878
20111103;17.44;17.47;16.73;16.88;48116372
20111104;16.77;16.88;16.55;16.8;17205422
20111107;16.81;17.02;16.68;16.95;25141513
20111108;17.09;17.26;16.7;17.22;28256201
20111109;16.79;16.88;16.35;16.44;21832505
20111110;16.7;16.9;16.37;16.82;16569681
20111111;17.06;17.31;16.99;17.17;17453199
20111114;17.04;17.12;16.92;17.08;14325070
20111115;16.99;17.57;16.99;17.45;14323565
20111116;17.09;17.26;16.77;16.79;20893057
20111117;16.76;16.94;16.51;16.61;22075829
20111118;16.67;16.75;16.3;16.32;30815776
20111121;16.16;16.39;16;16.29;25538072
20111122;16.24;16.49;16.17;16.41;18966667
20111123;16.2;16.3;15.94;16.03;15834838
20111125;15.93;16.22;15.93;15.97;4916437
20111128;16.36;16.65;16.33;16.5;12953170
20111129;16.5;16.78;16.44;16.54;14839389
20111130;17.01;17.45;17.01;17.44;21470903
20111201;17.53;17.69;17.33;17.56;16024686
20111202;17.75;17.92;17.59;17.6;9651127
20111205;17.99;18;17.58;17.71;14712919
20111206;17.77;17.99;17.7;17.86;14123167
20111207;17.72;17.87;17.37;17.69;20772361
20111208;17.64;17.65;17.12;17.15;17691534
20111209;17.28;17.67;17.24;17.56;13918760
20111212;17.5;17.5;17.25;17.45;16317477
20111213;17.58;17.75;17.17;17.26;15626301
20111214;17.13;17.3;16.95;17.14;18691295
20111215;17.38;17.41;17.02;17.05;17172347
20111216;17.18;17.44;16.98;16.98;41654848
20111219;17.09;17.15;16.68;16.75;12967812
20111220;17.02;17.23;16.92;17.18;20304510
20111221;17.23;17.45;17.15;17.4;16627748
20111222;17.38;17.47;17.2;17.36;12179692
20111223;17.44;17.62;17.39;17.61;6001468
20111227;17.57;17.81;17.53;17.75;5927950
20111228;17.75;17.76;17.38;17.45;11594055
20111229;17.7;17.9;17.56;17.87;16024965
20111230;17.88;17.95;17.78;17.84;7205551
20120103;18.23;18.5;18.22;18.35;22807929
20120104;18.32;18.39;18.14;18.22;17799243
20120105;18.21;18.52;18.01;18.49;18364445
20120106;18.5;18.66;18.29;18.3;15264472
20120109;18.32;18.41;18.22;18.35;10658948
20120110;18.57;18.84;18.51;18.65;15817977
20120111;18.65;18.86;18.59;18.8;13906082
20120112;18.87;18.96;18.68;18.89;12236634
20120113;18.83;18.86;18.47;18.61;8864518
20120117;19.01;19.09;18.87;19.02;16538946
20120118;19.05;19.42;19;19.28;16991310
20120119;19.32;19.74;19.28;19.73;19027042
20120120;19.79;19.79;19.08;19.19;20059211
20120123;19.08;19.31;18.97;19.21;11227766
20120124;19.09;19.2;18.89;19.07;11978217
20120125;18.94;19;18.74;18.78;24991913
20120126;18.94;18.99;18.69;18.82;22025641
20120127;18.83;18.96;18.73;18.88;12440080
20120130;18.69;19.13;18.58;19.09;18211483
20120131;19.13;19.31;18.83;18.83;17970045
20120201;18.95;19.34;18.91;19.22;14919608
20120202;19.2;19.26;18.77;18.94;15674242
20120203;19.2;19.33;19.13;19.28;14617622
20120206;19.22;19.57;19.22;19.56;15579123
20120207;19.5;19.71;19.33;19.5;11344737
20120208;19.43;19.75;19.39;19.62;26257557
20120209;19.45;19.64;19.08;19.21;33784809
20120210;19.13;19.22;19.05;19.18;15243383
20120213;19.31;19.49;19.24;19.41;24703605
20120214;19.34;19.41;18.96;19.15;19509955
20120215;19.22;19.29;18.8;18.84;15355417
20120216;18.92;19.12;18.78;19.01;20175290
20120217;19.01;19.65;18.98;19.6;25730964
20120221;19.64;19.74;19.43;19.54;10925445
20120222;19.49;19.61;19.23;19.3;12424205
20120223;19.32;19.67;19.23;19.65;14823642
20120224;19.65;19.84;19.47;19.56;13837709
20120227;19.62;19.68;19.27;19.49;12062327
20120228;19.49;19.96;19.35;19.81;21582206
20120229;19.88;20.36;19.82;19.87;35824851
20120301;19.89;20.03;19.78;19.97;15289776
20120302;19.72;20.03;19.61;19.81;12829344
20120305;19.72;19.74;19.39;19.49;12995018
20120306;19.31;19.31;18.92;19.11;18687125
20120307;19.14;19.49;19.07;19.43;8839486
20120308;19.54;19.73;19.43;19.61;9569546
20120309;19.64;20.02;19.57;19.83;12352469
20120312;19.73;19.84;19.45;19.46;8288392
20120313;19.56;19.98;19.49;19.96;13048453
20120314;19.91;20.03;19.74;20.02;15914098
20120315;20.26;20.38;20.03;20.19;21115281
20120316;20.06;20.21;20.01;20.01;24229620
20120319;19.93;20.33;19.88;20.12;9534495
20120320;19.92;19.98;19.78;19.88;10521262
20120321;19.85;20.03;19.8;19.97;8798391
20120322;19.78;19.89;19.66;19.72;11074110
20120323;19.77;19.84;19.48;19.79;11190764
20120326;19.99;20.21;19.88;20.19;17628086
20120327;20.29;20.4;20.21;20.25;10785348
20120328;20.07;20.17;19.71;19.74;15418562
20120329;19.54;19.6;19.31;19.44;22631074
20120330;19.6;19.82;19.36;19.71;28205119
20120402;19.63;20.01;19.52;19.92;10927648
20120403;19.76;20.18;19.74;19.94;17035965
20120404;19.81;19.83;19.36;19.42;13792618
20120405;19.31;19.54;19.16;19.49;17296391
20120409;19.11;19.23;18.87;19.03;16339172
20120410;18.96;19.1;18.65;18.66;14647544
20120411;18.9;19.06;18.78;18.84;8577775
20120412;18.98;19.36;18.91;19.34;14023142
20120413;19.25;19.38;19.13;19.15;9746831
20120416;19.23;19.23;18.96;19.12;13307517
20120417;19.3;19.52;19.22;19.39;9301877
20120418;19.28;19.41;19.15;19.27;6493593
20120419;19.18;19.25;18.86;18.89;19133447
20120420;18.99;19.3;18.97;19.01;14750902
20120423;18.88;19.02;18.65;18.98;17371850
20120424;19.08;19.39;19.05;19.23;12012930
20120425;19.29;19.5;19.18;19.27;13184551
20120426;19.23;19.72;19.14;19.61;17723794
20120427;19.72;19.72;19.47;19.58;13489699
20120430;19.49;19.63;19.41;19.61;11697326
20120501;19.55;20;19.55;19.79;15181901
20120502;19.72;19.96;19.56;19.89;10186720
20120503;19.77;19.89;19.63;19.71;12288839
20120504;19.53;19.67;19.18;19.18;16210813
20120507;19.1;19.5;19.01;19.4;13745169
20120508;19.16;19.39;19.07;19.33;11752334
20120509;19.1;19.49;18.89;19.38;24805546
20120510;20;20.62;19.98;20.32;33547403
20120511;20.24;20.7;20.15;20.22;18215304
20120514;20.02;20.5;19.89;20.14;18543493
20120515;20.1;20.31;19.89;19.93;14979134
20120516;19.97;20.15;19.73;19.73;16971687
20120517;19.69;19.79;19.46;19.46;16532353
20120518;19.54;19.54;19.21;19.27;17950989
20120521;19.24;19.53;19.03;19.5;17058889
20120522;19.56;19.74;19.31;19.54;16951310
20120523;19.25;19.4;18.94;19.18;23896339
20120524;19.19;19.52;19.12;19.38;14478688
20120525;19.46;19.57;19.32;19.43;10496520
20120529;19.6;19.81;19.45;19.69;13384324
20120530;19.53;19.72;19.3;19.4;16218380
20120531;19.36;19.45;19.12;19.2;21288164
20120601;18.91;19.03;18.54;18.55;23735484
20120604;18.42;18.68;18.32;18.59;19891392
20120605;18.53;18.75;18.48;18.61;16301023
20120606;18.7;19.44;18.69;19.4;28309344
20120607;19.6;19.74;19.24;19.29;13457662
20120608;19.24;19.5;19.03;19.44;17371381
20120611;19.72;19.73;19.1;19.14;11665399
20120612;19.28;19.7;19.13;19.7;16140671
20120613;19.6;19.79;19.39;19.57;18623497
20120614;19.56;20;19.51;19.86;19518719
20120615;19.93;20.1;19.77;20.07;28113482
20120618;20.06;20.21;19.85;20.09;9715158
20120619;20.19;20.37;20.08;20.24;11679383
20120620;20.27;20.57;20.22;20.48;12559693
20120621;20.49;20.61;20.13;20.16;12999766
20120622;20.2;20.45;20.07;20.36;23833974
20120625;20.16;20.2;19.98;20.09;11536488
20120626;21.31;21.89;21.2;21.76;73753210
20120627;21.64;22.73;21.61;22.31;62335623
20120628;22.07;22.23;21.78;21.99;42497297
20120629;22.28;22.34;21.88;22.29;42358685
20120702;22.3;22.86;22.25;22.85;24192516
20120703;22.8;22.94;22.65;22.73;8514661
20120705;22.45;22.63;22.29;22.44;15145480
20120706;22.36;22.46;22.05;22.13;18486077
20120709;22.08;22.16;21.79;21.92;19923898
20120710;22.07;22.2;21.74;21.86;11178932
20120711;21.85;21.96;21.54;21.69;12840875
20120712;21.55;21.77;21.28;21.56;17994972
20120713;21.62;22.07;21.5;21.95;10604910
20120716;21.85;21.96;21.64;21.85;8948030
20120717;22.05;22.29;21.68;22.29;12788920
20120718;22.16;22.47;22.11;22.37;11438971
20120719;22.58;22.84;22.37;22.4;13842458
20120720;22.37;22.42;21.97;21.99;18480224
20120723;21.56;21.87;21.41;21.82;13933291
20120724;21.86;21.98;21.55;21.75;13675282
20120725;21.85;22.26;21.78;22.08;13270397
20120726;22.51;22.72;22.36;22.59;12002154
20120727;22.86;23.56;22.74;23.38;24927082
20120730;23.36;23.44;23.15;23.27;12217559
20120731;23.18;23.21;22.97;23.02;16466709
20120801;23.22;23.27;22.94;23.01;18341679
20120802;22.8;23.25;22.67;23.14;16607281
20120803;23.32;23.57;23.3;23.47;17719605
20120806;23.59;23.82;23.41;23.6;23027423
20120807;23.65;24.04;23.65;23.86;25774111
20120808;23.76;23.95;23.6;23.72;22289502
20120809;23.25;24.05;23.25;23.67;30717300
20120810;23.59;23.61;23.22;23.39;16890947
20120813;23.34;23.45;23.19;23.27;11190080
20120814;23.36;23.53;23.21;23.3;8051384
20120815;23.31;23.46;23.18;23.4;7940351
20120816;23.42;23.57;23.31;23.51;12439599
20120817;23.61;23.61;23.17;23.26;15991341
20120820;23.19;23.3;22.91;23.06;25443576
20120821;23.14;23.59;23.13;23.33;11803138
20120822;23.23;23.54;23.22;23.53;10253183
20120823;23.4;23.48;23.12;23.31;12088045
20120824;23.07;23.37;22.9;23.31;20487099
20120827;23.34;23.48;23.21;23.38;7523511
20120828;23.31;23.43;23.19;23.28;8848691
20120829;23.38;23.48;23.24;23.39;5629812
20120830;23.25;23.35;23.05;23.13;8467940
20120831;23.22;23.56;23.22;23.39;11570889
20120904;23.43;23.7;23.25;23.53;15201846
20120905;23.5;23.83;23.48;23.75;15490990
20120906;23.99;24.54;23.91;24.5;23284171
20120907;24.66;24.7;24.39;24.47;13426012
20120910;24.46;24.5;24.11;24.15;16683201
20120911;24.12;24.48;24.01;24.35;14096739
20120912;24.51;24.61;24.1;24.15;12711301
20120913;24.14;24.53;24.11;24.36;19099473
20120914;24.47;24.8;24.29;24.67;19308758
20120917;24.65;24.74;24.35;24.6;10170978
20120918;24.58;24.59;24.35;24.48;8261548
20120919;24.57;24.98;24.5;24.88;13732963
20120920;24.71;25.06;24.71;25.02;12478402
20120921;25.08;25.18;24.83;24.96;25651367
20120924;24.76;25.05;24.71;24.82;7032607
20120925;24.9;25.04;24.42;24.45;13722910
20120926;24.49;24.51;24.1;24.34;13176150
20120927;24.46;24.92;24.37;24.65;11123361
20120928;24.56;24.79;24.46;24.51;13918865
20121001;24.63;25.1;24.42;24.55;12059515
20121002;24.67;24.76;24.51;24.64;10212684
20121003;24.66;25.05;24.57;24.76;10027358
20121004;24.85;25.05;24.74;25.04;13731934
20121005;25.11;25.45;25.11;25.19;12623084
20121008;25.24;25.29;25.03;25.13;8853739
20121009;25.1;25.19;24.59;24.62;13234554
20121010;24.68;24.91;24.28;24.34;24783558
20121011;24.56;24.59;24.05;24.21;21494489
20121012;24.24;24.28;24.02;24.11;13813167
20121015;24.14;24.46;23.98;24.36;10318762
20121016;24.52;24.95;24.49;24.77;10321595
20121017;24.87;25.27;24.8;25.2;9835826
20121018;25.31;25.5;25.14;25.42;11123934
20121019;25.44;25.5;24.68;24.91;14554629
20121022;24.81;25;24.61;24.73;13189381
20121023;24.51;24.52;23.86;24.1;20863446
20121024;24.17;24.64;24.1;24.43;12870169
20121025;24.65;24.7;23.99;24.09;12923133
20121026;24.02;24.2;23.49;23.79;20105011
20121031;23.97;24.12;23.82;23.93;11751549
20121101;24.05;24.41;23.93;24.26;14520457
20121102;24.38;24.52;23.86;23.89;13758868
20121105;23.87;23.99;23.74;23.92;15718446
20121106;24.08;24.34;23.9;24.28;22555066
20121107;24.37;25.05;24.14;24.67;31116251
20121108;24.56;24.94;24.34;24.36;16146737
20121109;24.4;24.6;24.3;24.42;15800154
20121112;24.42;24.43;24.21;24.29;14415061
20121113;24.2;24.6;24.06;24.14;17265610
20121114;24.25;24.26;23.45;23.54;18331366
20121115;23.61;23.64;22.99;23.12;24009516
20121116;23.13;23.46;22.97;23.29;25067275
20121119;23.64;24;23.49;23.97;14096772
20121120;23.88;24.2;23.77;24.01;15274800
20121121;24;24.07;23.79;23.82;10556248
20121123;24.14;24.46;24.05;24.3;5227617
20121126;24.26;24.3;23.98;24.13;13953398
20121127;24.18;24.28;23.91;23.93;11974456
20121128;23.89;24.42;23.84;24.37;16944622
20121129;24.39;24.82;24.39;24.72;15591713
20121130;24.75;24.85;24.61;24.64;16589828
20121203;24.81;25.02;24.49;24.53;11968087
20121204;24.6;24.64;24.22;24.51;14515725
20121205;24.56;24.61;24.21;24.25;19984630
20121206;24.27;24.61;24.25;24.6;10885624
20121207;24.76;24.87;24.56;24.87;11143303
20121210;24.79;24.94;24.72;24.86;11014358
20121211;24.93;25.06;24.88;24.93;17985869
20121212;25.03;25.1;24.73;24.79;14881709
20121213;24.88;24.91;24.38;24.66;22098176
20121214;24.59;24.63;24.26;24.44;29063062
20121217;24.6;25.08;24.45;25.06;16035262
20121218;25.1;25.53;24.94;25.49;19130663
20121219;25.48;25.53;25.23;25.23;11924188
20121220;25.29;25.49;25.24;25.42;16456310
20121221;25.15;25.15;24.55;24.95;26493759
20121224;25;25.24;24.69;25.15;4176894
20121226;25.14;25.17;24.72;24.91;11968850
20121227;24.93;25.06;24.48;24.89;12708331
20121228;24.75;24.99;24.58;24.61;15344713
20121231;24.52;25.55;24.4;25.51;21034221
20130102;26.12;26.71;26.09;26.61;25538753
20130103;26.61;26.64;26.17;26.26;15622776
20130104;26.34;26.6;26.22;26.5;12468521
20130107;26.34;26.46;26.09;26.2;7273147
20130108;26.05;26.27;25.98;26.13;11684456
20130109;26.2;26.47;26.1;26.39;10267320
20130110;26.9;27.01;26.67;26.97;19457477
20130111;26.9;27;26.8;26.93;12274487
20130114;26.72;26.94;26.71;26.8;9432528
20130115;26.62;27.06;26.54;27.04;13345042
20130116;26.89;27.13;26.89;26.99;8719134
20130117;27.21;27.57;27.08;27.47;20833913
20130118;27.42;27.48;27.12;27.26;13560175
20130122;27.3;27.3;26.97;27.17;12944208
20130123;27.14;27.41;27.06;27.41;15096694
20130124;27.44;27.6;27.04;27.06;37654028
20130125;27.19;27.3;26.98;27.21;13733513
20130128;27.54;27.94;27.41;27.56;24959276
20130129;27.46;27.83;27.32;27.78;14455791
20130130;27.67;28.22;27.6;27.9;27177735
20130131;27.95;28.08;27.63;27.74;14193294
20130201;28.13;28.43;28;28.16;25499693
20130204;27.92;28.1;27.82;27.95;17848473
20130205;28.03;28.39;27.89;28.35;22437004
20130206;28.24;28.31;28.07;28.22;35505314
20130207;27.37;28;27.34;27.56;47506916
20130208;27.75;28.46;27.69;28.46;21117831
20130211;28.54;28.56;28.13;28.31;13004246
20130212;28.25;28.42;28.2;28.34;10860632
20130213;28.51;28.53;28.25;28.32;13046294
20130214;28.23;28.68;28.22;28.49;16098706
20130215;28.54;28.93;28.47;28.9;27813430
20130219;28.86;29.18;28.83;29.17;19033079
20130220;29.2;29.3;28.63;28.7;19154153
20130221;28.61;28.61;28.17;28.25;13793140
20130222;28.34;28.57;28.27;28.57;10296710
20130225;28.67;28.84;27.98;28;16453560
20130226;28.08;28.36;28.01;28.3;21404391
20130227;28.28;28.91;28.26;28.81;17538288
20130228;28.75;28.97;28.69;28.81;11825731
20130301;28.66;29.16;28.48;29.14;13387441
20130304;28.84;29.51;28.68;29.49;16102280
20130305;29.65;30.26;29.61;30.19;21837387
20130306;30.37;30.48;29.87;29.87;16250111
20130307;29.85;30.07;29.77;29.95;15228341
20130308;30.02;30.76;29.92;30.57;16998540
20130311;30.43;30.69;30.39;30.69;7918151
20130312;30.69;30.69;30.12;30.47;18194421
20130313;30.55;30.55;30.14;30.45;12695520
20130314;30.54;30.66;30.42;30.65;9885555
20130315;30.51;30.7;30.26;30.36;16659157
20130318;30.03;30.37;29.81;30.16;10460221
20130319;30.22;30.24;29.31;29.63;17838784
20130320;29.91;30.15;29.79;30.05;9474545
20130321;29.85;30.05;29.68;29.86;13630925
20130322;30.03;30.31;29.94;30.29;13162493
20130325;30.41;30.55;29.88;30.23;15325221
20130326;30.28;30.42;30.19;30.33;7149862
20130327;30.2;30.29;29.93;30.23;6755816
20130328;30.19;30.67;30.18;30.51;10167148
20130401;30.85;30.85;30.12;30.34;13970215
20130402;30.56;31.13;30.47;31.03;13000646
20130403;31.05;31.1;30.56;30.74;11026145
20130404;30.65;30.73;30.32;30.41;14242589
20130405;30.03;30.69;29.62;30.64;15901346
20130408;30.76;31.49;30.56;31.41;17284194
20130409;31.48;31.48;31.01;31.17;12237401
20130410;31.12;31.43;30.95;31.2;13716187
20130411;31.32;31.69;31.24;31.58;10945938
20130412;31.5;31.56;31.18;31.54;8447284
20130415;31.23;31.23;30.4;30.4;12315031
20130416;30.67;31.46;30.53;31.33;13955889
20130417;31.05;31.16;30.7;31.02;13418767
20130418;31.15;31.15;30.35;30.44;14525392
20130419;30.39;31.29;30.18;31.21;22113793
20130422;31.22;31.75;31;31.64;11984724
20130423;31.67;31.92;31.23;31.64;12822637
20130424;31.62;31.75;31.04;31.12;14456677
20130425;31.36;31.39;31.11;31.2;7761122
20130426;31.22;31.37;31;31.15;6969263
20130429;31.18;31.42;30.94;30.99;8716089
20130430;31.2;31.22;30.83;30.97;19508564
20130501;30.98;31.38;30.87;31.13;11438978
20130502;31.25;32.2;31.1;31.88;17196257
20130503;32.28;32.53;31.92;31.97;20988176
20130506;31.88;32.11;31.81;32.01;13341527
20130507;32.12;32.26;31.96;32.19;13254427
20130508;32;32.11;31.42;31.86;22890179
20130509;33.07;34.04;33;33.29;29077765
20130510;33.09;33.53;33.07;33.27;9547137
20130513;33.1;33.41;32.88;33.31;11261415
20130514;33.46;33.67;33.36;33.48;19600569
20130515;33.28;33.41;33.05;33.38;13240255
20130516;33.05;33.39;32.82;32.86;15203571
20130517;33.11;33.29;32.97;33.22;12192150
20130520;33.06;33.2;32.96;33.05;10130264
20130521;33.08;33.32;32.79;33.21;10864495
20130522;33.17;33.92;33.07;33.22;19337458
20130523;33.2;33.21;32.62;32.87;13701112
20130524;32.69;33.3;32.51;33.09;16975455
20130528;32.87;33.5;32.87;33.24;14204817
20130529;32.99;33.02;32.55;32.8;16376029
20130530;32.76;32.99;32.41;32.42;13099663
20130531;32.17;32.64;32.09;32.11;18394919
20130603;32.17;32.49;31.59;32.48;15865466
20130604;32.48;32.95;32.2;32.47;13533836
20130605;32.14;32.15;31.48;31.53;18684309
20130606;31.39;31.87;30.94;31.82;24591355
20130607;31.9;32.24;31.4;32.17;14551178
20130610;32.4;32.42;31.88;31.95;9501555
20130611;31.45;32.02;31.07;31.67;19461096
20130612;31.86;31.86;30.75;30.94;18224861
20130613;30.8;31.83;30.33;31.68;23425203
20130614;31.23;31.61;31.1;31.29;14520135
20130617;31.3;31.65;31.12;31.28;12606014
20130618;31.25;32.07;30.96;31.56;35906383
20130619;31.97;32.66;31.77;32.23;27043171
20130620;31.91;32.15;31.1;31.28;23618570
20130621;31.41;31.6;31.08;31.42;18542815
20130624;31.35;31.36;30.76;31.14;12610356
20130625;31.36;31.64;31.25;31.46;10526287
20130626;31.72;32.17;31.55;32.15;18072394
20130627;32.33;33.05;32.31;32.69;25377030
20130628;32.46;32.85;32.43;32.58;29712485
20130701;28.77;29.87;28.77;29.4;11825634
20130702;29.75;29.75;29.13;29.21;16679989
20130703;29.07;29.73;28.79;29.65;9751279
20130705;30.33;30.54;29.91;30.39;11704947
20130708;30.6;30.65;30.07;30.37;12226689
20130709;30.5;30.61;29.96;30.09;14498600
20130710;30.07;30.18;29.61;30.02;11901210
20130711;30.52;30.52;29.78;29.94;18499844
20130712;30.08;30.26;29.9;30.19;14668017
20130715;30.28;30.34;29.9;30;11607233
20130716;30.14;30.37;30.04;30.22;6887980
20130717;30.28;30.46;29.94;30.16;6300288
20130718;30.28;31.14;30.25;31.02;14420078
20130719;30.99;31.11;30.54;30.68;10239955
20130722;31.32;31.48;30.56;30.87;8973029
20130723;30.69;30.98;30.51;30.86;11194922
20130724;30.8;30.95;30.28;30.48;9384885
20130725;30.14;30.47;30.11;30.39;8224272
20130726;30.07;30.45;30.06;30.43;7218603
20130729;30.29;30.31;29.78;29.91;10686420
20130730;29.91;30.16;29.42;29.42;15676405
20130731;29.62;30.12;29.47;29.88;13379646
20130801;30.1;30.64;30.07;30.62;14062340
20130802;30.77;31.56;30.59;31.53;20084033
20130805;31.4;32.66;31.25;31.36;14242658
20130806;31.16;31.67;31.09;31.23;13260199
20130807;32;32.89;31.48;31.81;26369040
20130808;31.8;33.84;31.77;32.79;28237698
20130809;32.9;33.1;32.63;32.77;16199963
20130812;32.56;32.84;32.54;32.66;9447846
20130813;32.7;32.71;32.31;32.52;9872652
20130814;32.52;32.74;32.12;32.27;9055811
20130815;32.2;32.2;31.52;31.84;9567518
20130816;31.69;32.2;31.69;31.97;8386488
20130819;32.1;32.1;31.41;31.44;8997951
20130820;31.59;31.97;31.45;31.89;10867854
20130821;31.69;31.93;31.42;31.45;11422730
20130822;31.61;33.61;31.51;32.08;5742050
20130823;32.11;32.33;32.01;32.19;9010885
20130826;32.16;32.56;32.01;32.08;7939761
20130827;31.73;31.9;31.38;31.6;9588635
20130828;31.67;31.75;31.22;31.57;8636363
20130829;31.32;31.89;31.22;31.42;9553922
20130830;31.58;31.7;31.14;31.33;6514626
20130903;32.32;32.34;31.59;31.71;10975316
20130904;31.84;32.19;31.63;31.95;8261108
20130905;31.88;32.15;31.48;31.95;6264107
20130906;31.88;32.41;31.43;32.1;7272911
20130909;32.11;32.2;31.79;32.13;6167602
20130910;32.25;32.44;32.08;32.22;8393211
20130911;32.61;32.63;32.24;32.47;8338053
20130912;32.46;32.56;32.15;32.31;9198293
20130913;32.56;32.66;32.09;32.63;9180089
20130916;33.1;33.36;32.52;32.6;10901986
20130917;32.6;32.78;32.48;32.59;8954444
20130918;32.52;33.01;32.3;32.73;10120849
20130919;32.86;32.92;32.42;32.81;8086880
20130920;32.91;33.29;32.87;33.01;11687849
20130923;32.75;33.03;32.67;32.74;5864417
20130924;32.86;32.94;32.5;32.55;7639847
20130925;32.39;32.8;32.25;32.67;11223668
20130926;32.7;33.04;32.65;33.02;5901155
20130927;32.78;33.43;32.73;33.26;9957134
20130930;33.07;33.58;32.8;33.51;12149693
20131001;33.62;34.12;33.43;33.98;16660726
20131002;33.63;33.97;33.54;33.71;20347768
20131003;33.56;33.73;33;33.15;13198300
20131004;33.33;33.83;33.2;33.65;10079050
20131007;33.71;33.72;33.02;33.09;7761538
20131008;33.11;33.22;32.4;32.44;8865804
20131009;32.4;32.62;32.01;32.2;10553454
20131010;32.55;33.02;32.32;32.87;11045055
20131011;32.89;33.24;32.64;33.23;6911200
20131014;32.99;33.78;32.94;33.69;8285619
20131015;33.46;33.73;33.36;33.42;9302803
20131016;33.73;34.11;33.63;33.94;7124833
20131017;33.83;34.42;33.74;34.32;8908886
20131018;34.55;34.59;34.22;34.26;8056808
20131021;34.21;34.56;34.2;34.4;6972056
20131022;34.54;35.04;34.43;34.87;9596830
20131023;34.61;34.93;34.53;34.77;7647925
20131024;34.91;35.23;34.78;35.18;12017650
20131025;35.3;35.33;34.8;34.86;15476436
20131028;34.88;35.03;34.71;34.83;8458674
20131029;34.68;34.95;34.56;34.82;6008308
20131030;34.84;34.95;33.76;33.94;16362005
20131031;34.07;34.45;33.97;34.08;11359305
20131101;34.5;34.5;34.04;34.37;8492305
20131104;34.5;34.52;33.95;34.15;6574483
20131105;31.71;34.15;31.71;34.09;9559022
20131106;34.42;35.44;33.78;33.92;18028793
20131107;33.89;34.1;32.64;32.8;19983055
20131108;33.04;33.89;32.87;33.84;13908788
20131111;33.74;33.84;33.4;33.46;6687914
20131112;33.28;33.36;32.85;33.17;13788917
20131113;32.9;33.74;32.86;33.69;11256656
20131114;33.8;34.36;33.59;34.13;9606321
20131115;34.08;34.4;34;34.19;7595979
20131118;34.12;34.28;33.5;33.75;9427561
20131119;33.67;33.82;33.17;33.26;10364865
20131120;33.3;33.47;32.96;33.12;8550289
20131121;33.18;33.51;33.09;33.26;7878948
20131122;33.46;33.51;33.27;33.4;6969629
20131125;33.47;33.64;33.15;33.2;5333236
20131126;32.88;33.44;32.88;33.2;10033082
20131127;33.32;33.55;33.02;33.5;7536482
20131129;33.4;33.8;33.28;33.49;5016503
20131202;33.52;33.78;33.46;33.53;9328405
20131203;33.3;33.59;32.96;33.22;8420034
20131204;32.95;33.31;32.75;32.91;12886578
20131205;32.87;32.98;32.56;32.74;9887814
20131206;33.3;33.44;32.76;33.14;8753236
20131209;33.36;33.4;33;33.1;7738058
20131210;32.89;33.34;32.89;33.16;8126767
20131211;33.18;33.29;32.62;32.69;9368041
20131212;32.41;32.82;32.25;32.66;9865655
20131213;32.72;33.16;32.43;32.93;8325529
20131216;33.18;33.25;32.77;32.84;8359324
20131217;32.99;32.99;32.44;32.86;9957098
20131218;33.06;33.51;32.65;33.46;14051776
20131219;33.5;34.07;33.32;33.97;14270316
20131220;34.09;34.56;33.98;34.3;20909140
20131223;34.5;34.6;34.24;34.59;6592927
20131224;34.59;34.8;34.35;34.79;2714252
20131226;34.77;35.04;34.56;34.98;5422410
20131227;35.07;35.13;34.86;34.96;11248286
20131230;34.57;35.23;34.51;35.02;7546472
20131231;35;35.21;34.99;35.17;6649644
20140102;35.47;35.75;35.27;35.63;11035482
20140103;35.5;35.75;35.16;35.2;6138460
20140106;35.31;35.42;34.79;34.8;10612219
20140107;34.97;35.25;34.84;34.97;5887736
20140108;34.86;34.91;34.3;34.39;7901702
20140109;33.97;34.09;33.19;33.5;25198643
20140110;33.4;33.52;32.94;33.46;19534563
20140113;33.22;33.42;32.25;32.35;22378840
20140114;32.35;32.41;31.76;32.3;30085475
20140115;32.35;32.97;32.15;32.61;15744918
20140116;32.61;32.74;32.38;32.47;7975736
20140117;32.23;32.42;31.95;32.04;17798001
20140121;32.06;32.1;31.68;31.92;17228029
20140122;31.93;32.32;31.75;32.07;13262967
20140123;31.87;32.02;31.56;31.74;15457198
20140124;31.51;31.59;31.18;31.27;14968979
20140127;31.17;31.45;30.86;31.05;15223752
20140128;31.14;31.53;31.02;31.27;12628064
20140129;30.98;31.33;30.67;30.73;19159893
20140130;31.06;32.35;30.92;32.02;16954404
20140131;31.41;32.16;31.39;31.82;15747294
20140203;31.8;32.02;30.69;30.88;17686373
20140204;31.11;31.86;31;31.56;25116480
20140205;31.04;31.86;30.83;31.72;17585847
20140206;31.28;32.95;31.25;32.15;18462199
20140207;32.31;32.45;31.88;32.24;12389421
20140210;32.15;32.32;31.89;32.15;10191578
20140211;31.93;32.34;31.91;32.15;10069235
20140212;32.05;32.67;32.05;32.57;18143516
20140213;32.47;32.82;32.21;32.24;12654978
20140214;31.81;32.78;31.81;32.59;9143115
20140218;32.64;33.23;32.64;33.03;12903482
20140219;32.85;33.08;32.74;32.77;9532781
20140220;32.93;32.93;32.58;32.67;9602415
20140221;32.64;33.04;32.56;32.94;8929825
20140224;32.93;33.61;32.93;33.17;12146101
20140225;33.19;33.47;33.08;33.19;7522767
20140226;33.16;33.32;32.77;32.83;9073913
20140227;32.7;33.12;32.68;33.04;6826711
20140228;33.24;33.62;33.09;33.54;11612728
20140303;33.36;33.53;32.85;33.06;7448964
20140304;33.36;33.86;33.26;33.79;11718207
20140305;34;34.32;33.74;33.94;10654344
20140306;34.08;34.65;33.93;34.34;17678720
20140307;34.56;34.7;33.84;33.91;10780937
20140310;33.82;33.95;33.45;33.69;5967246
20140311;33.67;33.72;32.82;32.97;12125875
20140312;33;33.07;32.59;32.69;12339113
20140313;32.7;32.87;32.01;32.11;12232759
20140314;31.99;32.42;31.98;32.29;7336693
20140317;32.6;32.75;32.33;32.39;10390949
20140318;32.54;33.14;32.25;33.06;11626719
20140319;32.79;33.21;32.77;33;11203193
20140320;32.67;33.01;32.54;32.75;12111732
20140321;33.34;33.49;32.6;32.73;19977713
20140324;32.71;32.81;32.12;32.27;9884548
20140325;32.32;32.71;32.2;32.51;12714836
20140326;32.53;32.91;32.06;32.07;13369328
20140327;31.98;32.22;31.57;31.67;15958913
20140328;31.82;31.9;31.33;31.61;14526246
20140331;31.67;32.15;31.67;31.97;10982045
20140401;32.17;33.07;32.1;33.04;19746782
20140402;32.94;33.74;32.83;33.59;18810055
20140403;33.75;34.15;33.46;33.74;17763197
20140404;34.01;34.09;32.83;32.87;18400889
20140407;32.74;32.83;31.39;32;27255048
20140408;31.75;32.56;31.55;32.36;13206343
20140409;32.37;33.17;32.29;33.12;15465819
20140410;33.13;33.24;32.27;32.43;17692892
20140411;32.15;32.3;31.6;31.91;17041572
20140414;32.1;32.2;31.66;31.89;12410574
20140415;31.93;32.08;31.19;31.65;13080490
20140416;31.84;32.28;31.79;32.28;11856919
20140417;32.15;32.69;31.99;32.52;14956007
20140421;32.73;32.75;32.17;32.59;7500194
20140422;32.6;33.13;32.6;32.8;11829257
20140423;32.75;32.99;32.55;32.72;12060928
20140424;32.85;32.95;32.57;32.88;9815398
20140425;32.69;32.84;32.53;32.64;11021878
20140428;32.7;32.89;31.4;31.78;17278391
20140429;32.01;32.08;31.59;32.01;10361097
20140430;31.97;32.32;31.56;32.02;16338592
20140501;32.08;32.71;31.9;32.47;12006260
20140502;32.63;32.69;32.22;32.52;7603194
20140505;32.4;32.87;32.11;32.82;6244288
20140506;32.67;32.87;32.32;32.41;7885420
20140507;32.15;32.58;31.83;32.12;16791561
20140508;32.99;34.58;32.85;34.22;28312008
20140509;34.24;34.24;33.42;34.15;16088711
20140512;34.48;35.59;34.3;35.19;20714243
20140513;35.19;35.3;34.8;34.9;10517186
20140514;34.77;34.88;34.21;34.28;8352024
20140515;34.22;34.28;33.28;34.02;19434935
20140516;34.06;34.28;33.58;34.07;9684856
20140519;33.89;34.27;33.85;34.12;6775075
20140520;34.3;34.44;33.95;34.09;10011656
20140521;34.12;34.66;34.12;34.55;6896691
20140522;34.5;34.76;34.37;34.53;7294727
20140523;34.5;34.98;34.44;34.95;7054238
20140527;35.05;35.23;34.62;34.78;9437507
20140528;34.86;35.21;34.59;35.16;9157731
20140529;35.15;35.51;35.09;35.51;13876199
20140530;35.64;35.64;35.31;35.41;12804971
20140602;35.38;35.59;35.32;35.54;7432369
20140603;35.35;35.6;35.27;35.39;7620581
20140604;35.35;35.64;35.19;35.5;8687970
20140605;35.61;36.11;35.37;36.09;9458189
20140606;36.32;36.32;35.81;36.04;7271560
20140609;36.05;36.43;36.04;36.21;8810230
20140610;36.04;36.21;35.83;36.08;15010622
20140611;35.9;36.22;35.89;36.12;12274822
20140612;36.01;36.06;35.29;35.41;13747218
20140613;35.44;35.64;34.97;35.52;9801215
20140616;35.26;35.98;35.02;35.73;10469330
20140617;35.55;35.91;35.47;35.51;9384102
20140618;35.61;35.61;35.24;35.37;12601774
20140619;35.5;35.63;35.14;35.37;8012311
20140620;35.28;35.35;34.48;34.54;21913077
20140623;34.6;34.78;34.34;34.34;9499611
20140624;34.33;34.6;34.13;34.21;12755905
20140625;34.21;35.06;33.99;34.88;27264284
20140626;34.78;35.27;34.52;35.15;10378194
20140627;35.07;35.55;34.6;35.25;15120610
20140630;35.31;35.61;35.12;35.15;11022239
20140701;34.26;35.45;34.17;35.3;9850548
20140702;35.19;35.78;35.17;35.7;7889965
20140703;35.74;36.21;35.58;36.21;6806165
20140707;36.06;36.14;35.62;35.69;6243209
20140708;35.67;35.77;34.97;35.1;12079494
20140709;35.18;35.98;35.15;35.91;11174454
20140710;35.45;35.9;35.22;35.71;6190876
20140711;35.73;35.88;35.29;35.64;10288171
20140714;35.75;35.93;35.49;35.54;5972778
20140715;35.46;35.54;34.83;35.19;9962055
20140716;35.25;35.29;32.69;33;89285115
20140717;32.99;33.31;32.68;32.77;38800581
20140718;33.05;33.14;32.58;33.01;29432001
20140721;32.9;33.15;32.74;32.89;16953420
20140722;33.08;33.47;32.89;33.34;15797884
20140723;33.08;33.18;32.56;32.7;24368577
20140724;32.68;33.01;32.62;32.92;24515963
20140725;33.47;33.49;32.78;32.81;18561196
20140728;32.83;32.93;32.42;32.46;17754173
20140729;32.56;32.64;32.15;32.15;15845830
20140730;32.25;32.53;31.94;32;27828388
20140731;31.89;32.27;31.67;31.67;21844625
20140801;31.71;32.08;31.53;31.94;16580746
20140804;31.92;32.08;31.5;31.52;18642478
20140805;31.47;31.78;31.27;31.3;26355844
20140806;33.2;33.25;32.2;32.33;49972925
20140807;34.51;34.92;33.69;33.96;42015244
20140808;33.71;34.41;33.7;34.37;18765019
20140811;34.52;34.98;34.16;34.77;19259678
20140812;34.69;35.26;34.59;35.11;17794402
20140813;35.11;35.45;35.02;35.4;15511242
20140814;35.29;35.81;35.29;35.76;15799342
20140815;36.01;36.11;35.68;35.86;17620805
20140818;36;36.24;35.78;35.97;10115772
20140819;35.95;36.04;35.63;35.89;9121335
20140820;36.08;36.08;35.58;35.67;9274172
20140821;35.67;35.85;35.48;35.73;7833107
20140822;35.81;35.92;35.51;35.69;6367989
20140825;35.79;35.95;35.42;35.56;6169631
20140826;35.57;35.78;35.47;35.56;6629916
20140827;35.53;35.85;35.47;35.85;6088206
20140828;35.63;35.81;35.57;35.6;6975848
20140829;35.77;35.77;35.26;35.42;9515784
20140902;35.39;35.99;35.39;35.93;8477216
20140903;36;36.34;35.86;36.3;11825370
20140904;36.27;36.56;36.1;36.13;11031869
20140905;35.83;36.33;35.83;36.15;8935051
20140908;35.9;36.36;35.83;35.88;14039074
20140909;35.76;35.89;35.47;35.67;8795509
20140910;35.59;35.71;35.36;35.56;7408636
20140911;34.83;35.82;34.83;35.3;13304994
20140912;35.34;35.4;34.96;35.05;12086690
20140915;34.95;35.07;34.53;34.91;9915258
20140916;34.88;35.08;34.59;34.75;12144734
20140917;34.79;34.92;34.51;34.65;14247449
20140918;34.64;34.94;34.62;34.91;6961049
20140919;34.63;35.46;34.63;35.15;25997781
20140922;35;35.08;34.38;34.52;15461354
20140923;34.46;34.57;34.21;34.22;10437358
20140924;34.15;34.54;34.07;34.49;8473301
20140925;34.42;34.6;33.73;33.74;12240362
20140926;33.62;34.5;33.62;34.44;11129424
20140929;34.25;34.51;34.02;34.15;13296162
20140930;34.11;34.62;34.11;34.29;10073883
20141001;34.25;34.31;33.63;33.7;11364942
20141002;33.65;33.82;32.52;33.41;25626286
20141003;33.52;34.18;33.37;34.07;13927244
20141006;34.14;34.25;33.95;34.11;11844189
20141007;33.81;34.06;33.65;33.65;9818595
20141008;33.5;34.22;33.37;34.11;15353062
20141009;34.04;34.2;33.04;33.11;17729249
20141010;33.14;33.49;32.35;32.43;22025345
20141013;32.17;32.68;31.78;31.82;21493282
20141014;32.18;32.47;31.88;31.9;11944911
20141015;31.47;32.34;31.02;31.77;19086143
20141016;31.16;32.72;31.01;32.5;20965063
20141017;32.65;33.07;32.58;32.7;12619787
20141020;33.24;33.24;32.53;33.04;14502135
20141021;33.11;33.76;32.98;33.67;13787363
20141022;33.69;33.71;32.6;32.75;18332577
20141023;33.72;33.72;33.17;33.54;15163956
20141024;33.65;33.68;33.27;33.35;11931316
20141027;33.25;33.78;33.2;33.77;9944472
20141028;33.81;34.32;33.81;34.31;11355655
20141029;34.34;34.6;34.14;34.35;14402659
20141030;34.16;34.61;34.06;34.56;10775358
20141031;36.02;36.02;34.33;34.48;12206217
20141103;34.41;34.93;34.08;34.35;10385264
20141104;34.15;34.16;32.49;33.33;26729986
20141105;34.36;34.84;33.94;34.84;24554686
20141106;35.21;35.31;34.69;35.31;12412001
20141107;35.29;35.29;34.44;34.61;9196820
20141110;34.52;34.79;34.39;34.74;13346225
20141111;34.62;34.96;34.57;34.93;11220875
20141112;34.7;34.93;34.54;34.64;8206585
20141113;34.66;35.05;34.66;34.99;8699753
20141114;35.07;35.19;34.72;35.11;7612620
20141117;35.12;35.45;35;35.34;7710732
20141118;35.29;35.41;34.95;35.3;9487478
20141119;35.1;35.41;34.88;35.01;8455169
20141120;34.78;35.11;34.53;35.06;8227956
20141121;35.55;35.55;34.95;35.2;11036078
20141124;35.26;35.76;35.13;35.75;12188443
20141125;35.92;36.65;35.81;36.56;17894029
20141126;36.55;36.6;36.24;36.32;8172097
20141128;36.86;36.87;36.4;36.8;3308606
20141201;36.75;37.29;36.39;37.28;15539200
20141202;37.27;37.54;37.12;37.19;10380622
20141203;37.22;37.43;36.98;37.25;9897088
20141204;37.15;37.79;37.11;37.63;14156271
20141205;37.7;37.95;37.41;37.81;11000118
20141208;37.84;38.08;37.35;37.39;9667319
20141209;37.02;37.25;36.71;37.11;8857790
20141210;37.03;37.2;36.85;36.99;10904500
20141211;37.82;37.82;36.93;37.12;8277464
20141212;36.57;37.3;36.47;36.9;11823049
20141215;36.99;37.08;36.47;36.5;14788311
20141216;36.84;37.13;36.2;36.21;13103704
20141217;36.48;37.4;36.31;37.23;11306723
20141218;37.53;37.83;37.33;37.75;16157668
20141219;37.84;38.59;37.73;38.51;24141502
20141222;38.48;38.99;38.46;38.97;8270825
20141223;39.03;39.27;38.69;38.74;9911420
20141224;38.95;38.99;38.71;38.71;3187902
20141226;38.74;38.98;38.71;38.89;3780401
20141229;38.73;39.15;38.73;39.01;5081926
20141230;38.77;38.95;38.45;38.67;5698258
20141231;38.88;39.02;38.4;38.41;6740090
20150102;38.7;38.7;37.66;37.85;7769109
20150105;37.73;37.84;37.05;37.08;8345743
20150106;37.12;37.23;36.44;36.62;7572166
20150107;36.74;36.79;34.99;35.31;27172689
20150108;35.47;35.92;35.32;35.68;14922813
20150109;35.66;35.85;35.36;35.38;8853524
20150112;35.5;35.6;34.81;35.38;10749926
20150113;35.6;36.16;34.92;35.13;12733872
20150114;34.66;35.16;34.51;34.86;8401391
20150115;34.99;35.2;34.47;34.59;8630488
20150116;34.5;35.08;34.49;34.94;11778916
20150120;35.15;35.22;33.95;34.12;13421145
20150121;34.16;34.16;33.66;33.91;13113281
20150122;34.1;34.65;33.83;34.56;12978108
20150123;33.95;34.8;33.95;34.29;9570728
20150126;34.4;34.57;33.93;34.54;7117293
20150127;34.21;34.53;34.04;34.16;7675076
20150128;34.21;34.31;33.53;33.56;8219887
20150129;33.66;34.06;33.18;33.85;8771893
20150130;33.59;33.73;33.08;33.16;13614310
20150202;33.24;33.81;32.88;33.77;13486380
20150203;34.04;34.63;33.86;34.6;12525686
20150204;34.59;35.09;34.15;34.66;22721362
20150205;32.8;33.15;32.54;32.8;37682118
20150206;32.88;33.84;32.72;33.58;16532387
20150209;33.51;34.13;33.43;34.05;17959892
20150210;34.2;34.61;33.88;34.46;13447578
20150211;34.42;34.83;34.21;34.81;14119629
20150212;34.94;34.99;34.2;34.41;19079602
20150213;34.45;34.92;34.33;34.72;12138371
20150217;34.68;35.06;34.45;35.06;12991601
20150218;35.2;35.35;34.47;34.66;12137972
20150219;34.65;34.87;34.46;34.8;9307787
20150220;34.89;35.31;34.53;35.3;12620927
20150223;35.24;35.38;34.99;35.37;12776008
20150224;35.38;35.57;35.2;35.24;14882260
20150225;35.14;35.51;34.89;34.9;17644538
20150226;34.78;34.89;34.55;34.81;16811302
20150227;34.88;35.05;34.62;35;18643721
20150302;35;35.22;34.95;35.16;10437300
20150303;34.97;35.66;34.96;35.64;15718022
20150304;35.58;35.6;34.66;34.97;22855666
20150305;35.26;35.26;34.86;34.87;11141221
20150306;34.73;34.94;34.43;34.49;10689601
20150309;34.5;34.79;34.42;34.72;8668070
20150310;34.4;34.58;34.08;34.29;14160177
20150311;34.25;34.4;33.94;34.19;11435514
20150312;34.37;34.65;34.24;34.58;11295725
20150313;34.5;34.64;33.58;34.02;16225597
20150316;34.23;34.55;34.06;34.35;8423281
20150317;34.14;34.15;33.78;33.87;15200183
20150318;33.88;34.99;33.8;34.92;16296358
20150319;35;35.12;34.46;34.46;11542167
20150320;34.78;35.53;34.55;35.3;20322405
20150323;35.24;35.85;35.2;35.55;11470907
20150324;35.56;35.66;35.05;35.07;10096756
20150325;34.95;35.13;34.19;34.26;14297328
20150326;33.93;34.15;33.72;33.94;12024354
20150327;33.85;34.16;33.68;33.7;8329250
20150330;33.88;34.51;33.78;34.26;10932846
20150331;34.41;34.53;33.76;33.84;12670646
20150401;33.83;34.05;33.19;33.58;14896595
20150402;33.66;34.17;33.51;34.04;8407402
20150406;33.82;34.56;33.75;34.44;10030319
20150407;34.4;34.61;34.12;34.24;11964164
20150408;34.83;34.83;33.87;34.13;12125950
20150409;34.17;34.5;34.01;34.36;9222486
20150410;34.48;34.49;34.16;34.34;9160807
20150413;34.42;34.46;33.99;34.06;10101583
20150414;33.95;34.28;33.73;34.11;10661903
20150415;34.14;34.45;33.98;34.04;12308895
20150416;33.96;34.19;33.89;33.99;8369309
20150417;33.61;33.72;33.25;33.43;13436607
20150420;33.61;34.15;33.61;33.94;8443405
20150421;33.94;34.22;33.83;33.95;9665730
20150422;33.98;34.19;33.7;34.04;9433106
20150423;33.88;34.57;33.85;34.35;9766828
20150424;34.38;34.65;34.03;34.65;6298945
20150427;34.6;34.99;34.48;34.51;6425164
20150428;34.5;34.69;34.33;34.53;6528254
20150429;34.33;35.15;34.31;34.62;14704234
20150430;34.5;34.7;33.87;34.08;13128640
20150501;34.15;34.63;34.09;34.5;7117940
20150504;34.67;34.67;34.19;34.47;8346803
20150505;34.49;34.57;33.9;33.92;13349885
20150506;33.97;34.07;33.48;33.68;18442635
20150507;33.35;33.36;32.34;32.78;53877863
20150508;33;33.13;32.74;32.79;22946873
20150511;32.79;33.03;32.76;32.79;15071051
20150512;32.64;32.84;32.38;32.6;13104044
20150513;32.66;33.03;32.62;32.92;12216529
20150514;33.13;33.34;33.04;33.33;10437378
20150515;33.39;34;33.35;33.99;18502620
20150518;33.91;34.22;33.67;33.68;11261460
20150519;34.02;34.56;33.97;34.36;18821840
20150520;34.36;34.69;34.2;34.56;12514182
20150521;34.48;34.83;34.48;34.61;8881031
20150522;34.54;34.63;34.15;34.25;10442089
20150526;34.26;34.29;33.74;33.95;11325324
20150527;33.99;34.26;33.87;34.16;10369241
20150528;34.06;34.09;33.76;33.96;11025585
20150529;33.84;33.97;33.46;33.6;20250854
20150601;33.79;33.86;33.38;33.58;13967502
20150602;33.36;33.83;33.36;33.41;14612323
20150603;33.76;33.78;33.38;33.63;12613868
20150604;33.33;33.73;33.2;33.57;13172322
20150605;33.49;33.59;32.98;33.3;11283877
20150608;33.26;33.3;32.97;33.07;9752103
20150609;32.99;33.1;32.74;32.81;17060651
20150610;32.95;33.24;32.81;32.96;13565712
20150611;33.01;33.19;32.53;32.9;16628515
20150612;32.8;32.84;32.56;32.7;9147181
20150615;32.31;32.54;32.14;32.46;19672711
20150616;32.48;32.55;32.17;32.26;10193555
20150617;32.38;32.79;32.22;32.69;15010421
20150618;32.8;33.09;32.68;33.02;12784208
20150619;32.99;33.32;32.81;32.91;25747218
20150622;33.12;33.49;33.12;33.27;9263689
20150623;33.25;33.47;33.2;33.42;10003424
20150624;33.26;33.35;32.95;32.98;10650192
20150625;33.03;33.26;32.94;32.96;8240346
20150626;33;33.45;32.93;32.94;31263477
20150629;32.78;32.95;32.22;32.3;13108518
20150630;32.62;32.91;32.36;32.55;14752607
20150701;32.77;33.02;32.58;32.6;10298647
20150702;32.66;32.9;32.33;32.36;10806143
20150706;32.14;32.81;32.05;32.57;11008061
20150707;32.63;32.73;32.01;32.68;10398510
20150708;32.42;32.7;32.17;32.22;9961327
20150709;32.52;32.75;32.44;32.48;9937740
20150710;32.77;33.28;32.76;33.1;9675603
20150713;33.31;33.77;33.29;33.67;12884361
20150714;33.72;33.89;33.59;33.66;6937124
20150715;33.61;34.04;33.59;33.93;7675087
20150716;34.18;34.27;34.05;34.25;5959717
20150717;34.02;34.27;33.45;33.99;11539654
20150720;33.71;33.95;33.5;33.84;7782247
20150721;33.85;33.95;33.48;33.51;6896887
20150722;33.87;33.99;33.51;33.69;5384831
20150723;33.55;33.65;33.04;33.23;8253050
20150724;33.24;33.8;33.23;33.66;13075838
20150727;33.67;33.85;33.07;33.17;8701044
20150728;33.25;33.69;33.07;33.63;10064880
20150729;33.39;34.07;33.39;34.01;10396506
20150730;34;34.38;33.69;34.04;21781721
20150731;34.31;34.64;34.13;34.49;21624656
20150803;34.62;34.62;34.19;34.38;11352101
20150804;34.42;34.7;34.17;34.33;10770208
20150805;33.32;33.41;31.52;31.92;52007281
20150806;29.85;30.15;27.56;29.87;94066301
20150807;29.61;30.79;29.61;30.69;29626886
20150810;30.87;31.1;30.45;30.66;26209897
20150811;30.55;30.62;29.87;30.05;27328036
20150812;29.92;30.16;29.62;30.08;23127874
20150813;30.04;30.24;29.8;30.12;19338075
20150814;30.02;30.35;29.85;30.27;18949710
20150817;30.01;30.59;29.86;30.53;10923553
20150818;30.22;30.54;30.07;30.19;18712306
20150819;30.08;30.12;29.9;29.96;21481691
20150820;29.63;29.7;28.67;28.7;24615260
20150821;28.34;28.57;27.94;27.94;23673030
20150824;24.82;27.61;22.81;26.66;27802262
20150825;27.26;27.51;26.73;26.73;30427787
20150826;27.29;27.37;26.6;27.34;24824549
20150827;27.63;28.12;27.13;27.8;28426667
20150828;27.48;28.01;27.32;27.92;12825509
20150831;27.7;27.79;27.33;27.39;16302302
20150901;26.79;27.1;26.4;26.6;22047117
20150902;26.84;26.95;26.37;26.95;12508575
20150903;27.04;27.36;26.75;26.87;13837602
20150904;26.3;26.71;26.16;26.47;13647074
20150908;26.86;27.13;26.7;27.05;12877776
20150909;27.27;27.48;26.41;26.48;14983034
20150910;25.29;26.81;25.29;26.51;12087543
20150911;26.46;26.49;25.99;26.45;9959923
20150914;26.54;26.54;26.09;26.32;12806954
20150915;26.61;26.65;26.2;26.57;13318431
20150916;26.46;26.85;26.43;26.74;13604599
20150917;26.82;27.19;26.62;26.78;18252258
20150918;26.47;26.75;26.22;26.31;94630755
20150921;26.43;26.65;26.17;26.45;23446237
20150922;26.52;26.52;25.92;26.35;13700557
20150923;26.41;26.48;26.16;26.28;11189668
20150924;26.13;26.29;25.76;25.95;18582737
20150925;26.06;26.07;25.55;25.73;14562510
20150928;25.7;25.75;25.15;25.19;14512196
20150929;25.47;25.83;25.17;25.8;28462316
20150930;25.98;27.02;25.92;26.98;27154705
20151001;27.08;27.29;26.83;27.2;21849192
20151002;26.88;28.06;26.71;28.04;19137833
20151005;28.29;28.68;28.18;28.35;13829187
20151006;28.03;28.48;28.03;28.16;13325136
20151007;28.48;28.64;27.97;28.2;19545698
20151008;28.09;28.67;27.95;28.57;12875003
20151009;28.64;28.99;28.31;28.68;9138778
20151012;28.61;28.72;28.42;28.67;6431361
20151013;28.38;29.01;28.38;28.7;7912878
20151014;28.62;28.92;28.49;28.55;7396785
20151015;28.79;29.3;28.46;29.26;11379931
20151016;29.38;29.52;28.99;29.48;13572962
20151019;29.43;29.53;29.21;29.48;8974967
20151020;29.49;29.69;29.4;29.57;10155635
20151021;29.73;29.83;29.21;29.24;8930432
20151022;29.29;29.88;29.29;29.79;10897967
20151023;30.13;30.24;29.8;30.11;9168258
20151026;30.02;30.24;29.86;30.23;9115680
20151027;30.21;30.24;29.7;29.95;9158552
20151028;30.04;30.19;29.64;30.13;14513744
20151029;30.02;30.76;29.98;30.41;13174825
20151030;30.4;30.77;30.2;30.69;15846227
20151102;30.7;31.05;30.6;30.86;11168483
20151103;30.92;31.4;30.91;31.28;12296074
20151104;31.04;31.18;28.04;29.65;40725640
20151105;29.53;29.69;29.12;29.59;20009132
20151106;29.58;29.92;29.5;29.83;9668330
20151109;29.78;29.8;29.15;29.49;8712196
20151110;29.53;30.12;29.35;30.08;9685326
20151111;30.18;30.45;29.77;30.02;9428801
20151112;29.93;30.27;29.75;30.02;9302441
20151113;29.93;30.07;29.53;29.69;11233397
20151116;29.76;30.39;29.68;30.3;7747258
20151117;30.26;30.36;29.91;30.18;7765604
20151118;30.14;30.34;29.75;30.3;14999894
20151119;30.13;30.23;29.79;29.95;9685532
20151120;30.14;30.16;29.86;30.07;10926638
20151123;30.06;30.24;29.86;29.98;8822129
20151124;29.82;29.92;29.52;29.85;10027060
20151125;29.82;29.98;29.7;29.9;7107333
20151127;29.86;29.86;29.28;29.54;4754089
20151130;29.56;29.7;29.25;29.51;11651645
20151201;29.28;29.89;29.28;29.73;10537112
20151202;29.56;29.7;29.22;29.31;9693692
20151203;29.31;29.4;28.77;29.03;13331716
20151204;29.09;29.55;28.9;29.33;11421247
20151207;29.26;29.38;29;29.32;9647882
20151208;29.1;29.28;28.55;28.73;8631288
20151209;28.57;28.58;27.82;28.14;15817506
20151210;27.77;28.41;27.77;28.23;10757824
20151211;28.35;28.35;27.39;27.45;11056574
20151214;28.05;28.05;27.04;27.25;14230678
20151215;27.47;27.89;27.32;27.34;8304316
20151216;27.59;27.98;27.31;27.9;8877293
20151217;27.88;28.08;27.47;27.49;12242811
20151218;27.32;27.49;26.8;27.11;29376228
20151221;27.3;27.44;26.86;27.07;10700296
20151222;27.17;27.49;27.14;27.36;8094252
20151223;27.5;27.76;27.32;27.4;7347934
20151224;27.49;27.7;27.3;27.43;4174139
20151228;27.32;27.62;27.22;27.42;5329367
20151229;27.6;27.82;27.48;27.57;5983187
20151230;27.61;27.61;27.22;27.3;6722732
20151231;27.2;27.46;27.07;27.16;7038333
20160104;26.72;26.76;26.3;26.59;11914071
20160105;26.52;26.75;26.44;26.59;10205737
20160106;26.49;27.03;26.17;26.72;19881867
20160107;26.23;26.54;25.88;25.89;15944762
20160108;26.07;26.34;25.83;25.89;11514372
20160111;26.05;26.16;25.62;25.88;10586062
20160112;26.04;26.56;25.87;26.42;11398597
20160113;26.35;26.63;25.76;25.88;12424035
20160114;26;27.08;25.87;26.56;16127666
20160115;25.76;26.36;25.72;26.1;14833062
20160119;26.54;26.77;26.1;26.36;12869145
20160120;25.96;26.16;24.94;25.64;21656179
20160121;25.73;25.96;25.39;25.52;20560628
20160122;26.01;26.47;25.96;26.38;16852844
20160125;26.24;26.3;25.97;26;16416971
20160126;26.08;26.94;26.08;26.91;9345678
20160127;26.88;27.31;26.48;26.58;9921937
20160128;26.79;26.92;25.97;26.13;13499385
20160129;26.46;27.06;26.33;26.97;13324490
20160201;26.84;27.14;26.66;26.97;8721020
20160202;26.6;26.65;25.96;26;10435056
20160203;26.24;26.61;25.87;26.49;15780969
20160204;26.62;27.01;25.95;26.08;16273985
20160205;26.03;26.37;25;25.07;16868598
20160208;24.76;24.81;24.1;24.59;17446621
20160209;22.88;24.73;22.66;24.14;32023924
20160210;23.9;25.11;23.38;24.33;26056704
20160211;23.85;24.92;23.85;24.68;19841370
20160212;25.03;25.14;24.21;24.55;13059979
20160216;24.93;25.61;24.67;25.61;9773874
20160217;25.99;26.75;25.72;26.47;15267634
20160218;26.39;26.55;25.95;26.4;11129468
20160219;26.15;26.78;26.06;26.62;10471233
20160222;26.83;27.62;26.83;27.35;11548659
20160223;27.15;27.43;26.93;26.95;10921693
20160224;26.71;27.38;26.45;27.32;8897079
20160225;27.48;27.48;26.87;27.38;8348374
20160226;27.5;27.61;27.07;27.08;8671630
20160229;27.13;27.22;26.88;27.02;13200154
20160301;27.19;27.91;27.13;27.8;9918653
20160302;27.93;27.94;27.42;27.59;7552480
20160303;27.64;27.86;27.48;27.84;7450164
20160304;27.88;27.93;27.36;27.8;8656373
20160307;27.46;28.15;27.46;27.9;9191612
20160308;27.79;28.06;27.38;27.45;10519958
20160309;27.62;27.79;27.41;27.7;7779294
20160310;27.25;27.84;27.2;27.45;9273768
20160311;27.33;27.95;27.33;27.92;8357630
20160314;27.77;27.93;27.63;27.82;4619054
20160315;27.63;28;27.55;27.83;6105327
20160316;27.41;28.25;27.41;28.12;10433447
20160317;27.84;28.54;27.79;28.18;9631654
20160318;28.25;28.4;27.9;28.23;21405775
20160321;28.27;28.5;27.94;27.97;5931643
20160322;27.87;28.15;27.78;27.96;7502560
20160323;27.98;28.06;27.72;27.79;6189447
20160324;27.58;27.85;27.55;27.75;5589621
20160328;27.93;28.11;27.77;27.89;6229799
20160329;27.76;27.94;27.54;27.83;8515085
20160330;27.96;28.08;27.81;27.91;5700097
20160331;27.98;28.04;27.8;27.88;8846220
20160401;27.83;28.72;27.67;28.59;12021920
20160404;28.57;28.89;28.45;28.58;6562322
20160405;28.37;28.63;28.23;28.35;7163936
20160406;28.34;28.92;28.34;28.88;7662119
20160407;28.21;28.81;28.21;28.55;11453298
20160408;28.86;29.07;28.54;28.59;9097609
20160411;28.75;28.96;28.51;28.53;6518142
20160412;28.64;29.48;28.64;29.29;13568498
20160413;29.51;30.02;29.48;29.8;11634078
20160414;30;30;29.64;29.85;8586945
20160415;29.97;30.12;29.69;30.01;12907611
20160418;29.93;30.6;29.84;30.39;11344930
20160419;30.45;30.85;30.27;30.3;9693882
20160420;29.98;30.43;29.79;30.09;10979558
20160421;30.01;30.62;30.01;30.33;7596100
20160422;30.39;30.94;30.39;30.93;7235495
20160425;30.9;31.13;30.78;31.06;7990880
20160426;31.12;31.25;30.77;30.96;7051492
20160427;30.84;31.08;30.45;30.83;14338213
20160428;30.69;30.99;30.4;30.7;9097728
20160429;30.4;30.48;29.78;30.26;9994924
20160502;30.32;30.43;30;30.36;6944862
20160503;30.13;30.26;29.88;29.96;8155421
20160504;30.02;30.26;29.76;29.8;11899590
20160505;29.37;30.1;28.92;29.84;22447514
20160506;29.6;29.7;29.32;29.51;15773610
20160509;29.6;29.84;29.27;29.41;11180456
20160510;29.54;29.87;29.46;29.76;12650286
20160511;29.41;29.53;29.15;29.41;7746873
20160512;29.51;29.63;29.02;29.08;8069465
20160513;29.11;29.37;28.88;28.99;7476354
20160516;28.99;29.23;28.72;28.93;8599063
20160517;28.92;29.13;28.56;28.69;7555075
20160518;28.65;28.75;28.02;28.15;9096645
20160519;28.09;28.16;27.68;27.92;9040299
20160520;27.98;28.35;27.96;28.14;6174305
20160523;28.33;28.62;28.16;28.19;6926012
20160524;28.33;28.64;28.3;28.57;4885036
20160525;28.6;29;28.09;28.9;5415671
20160526;28.9;29.19;28.75;28.76;8226656
20160527;28.78;29.06;28.74;28.93;5161010
20160531;29.09;29.09;28.7;28.88;6662026
20160601;28.96;29.41;28.93;29.35;11707792
20160602;29.33;29.61;29.26;29.55;8428069
20160603;28.94;29.49;28.82;29.38;5960443
20160606;29.48;29.59;29.34;29.44;4752257
20160607;29.44;29.58;29.29;29.3;8910987
20160608;29.24;29.46;29.18;29.44;5622600
20160609;29.34;29.4;28.98;29.32;6787725
20160610;28.94;29.08;28.76;28.93;7303162
20160613;28.88;29.19;28.78;28.91;6012947
20160614;28.84;29;28.57;28.87;7230302
20160615;28.88;29.21;28.86;28.96;6454375
20160616;28.85;29.33;28.54;29.13;6620659
20160617;29.13;29.13;28.69;28.8;13198435
20160620;29.1;29.41;29.06;29.19;7519432
20160621;29.16;29.21;28.72;28.8;5265782
20160622;28.91;29.17;28.65;28.92;4667437
20160623;29.15;29.33;28.99;29.2;5166312
20160624;27.97;28.18;26.89;26.94;23189448
20160627;26.61;26.77;26.23;26.37;15234234
20160628;26.54;26.99;26.48;26.65;9266211
20160629;26.77;27.08;26.73;27;7479649
20160630;27.13;27.27;26.86;27.05;15012081
20160701;27.06;27.37;26.91;27.27;8418546
20160705;27.27;27.28;26.52;26.65;10038987
20160706;26.56;26.8;26.21;26.74;9902018
20160707;26.71;27.06;26.63;26.93;8552717
20160708;27.18;27.75;27.15;27.7;8527138
20160711;27.73;27.99;27.63;27.77;6318849
20160712;27.79;28.12;27.75;27.83;6810170
20160713;27.99;28.04;27.7;27.92;8214617
20160714;28.18;28.34;28.04;28.12;5923666
20160715;28.33;28.33;27.79;28.03;9852557
20160718;28.1;28.2;27.96;28.02;10827516
20160719;27.9;27.98;27.73;27.75;10367419
20160720;27.8;27.94;26.96;27;22780470
20160721;26.93;27.33;26.77;27.18;7551194
20160722;27.24;27.3;27.03;27.11;6601899
20160725;27.06;27.15;26.84;26.85;10287196
20160726;26.85;27.02;26.6;26.74;8893838
20160727;26.82;26.86;26.62;26.74;12577150
20160728;26.72;26.86;26.57;26.76;8370640
20160729;26.67;26.82;26.45;26.64;8840576
20160801;26.64;26.78;26.47;26.62;8558952
20160802;26.59;26.79;26.49;26.7;12317546
20160803;26.6;27.16;26.31;27.04;14283952
20160804;26.04;26.45;25.25;25.59;46749866
20160805;25.71;25.91;25.6;25.64;13454562
20160808;25.51;25.62;25.37;25.41;7922124
20160809;25.46;25.6;25.26;25.48;7564206
20160810;25.53;25.71;25.32;25.58;8030948
20160811;25.66;26.27;25.63;26.16;15405248
20160812;26.05;26.37;25.95;26.02;10590192
20160815;26.13;26.14;25.83;25.85;6609002
20160816;25.73;25.75;25.45;25.46;12208911
20160817;25.49;25.6;25.32;25.48;13351565
20160818;25.44;25.52;24.99;25.08;14874159
20160819;25.05;25.17;24.86;25.15;13575122
20160822;25.11;25.36;25.01;25.12;8374153
20160823;25.15;25.32;24.85;24.89;9037228
20160824;24.91;24.98;24.72;24.8;8276219
20160825;24.72;24.87;24.51;24.57;6391321
20160826;24.67;24.73;24.41;24.54;8062806
20160829;24.61;24.85;24.55;24.74;6535568
20160830;24.72;24.77;24.5;24.55;4514463
20160831;24.5;24.72;24.47;24.54;7270858
20160901;24.61;24.63;24.42;24.54;6085629
20160902;24.7;24.82;24.51;24.55;4937905
20160906;24.53;24.55;24.09;24.42;8132323
20160907;24.38;24.61;24.34;24.38;10982907
20160908;24.4;24.77;24.37;24.75;13602689
20160909;24.53;24.65;23.56;23.57;20104861
20160912;23.36;24.2;23.34;23.95;22765946
20160913;23.7;23.85;23.41;23.71;14556840
20160914;23.75;23.93;23.56;23.7;13331784
20160915;23.63;23.91;23.44;23.84;17393193
20160916;23.48;23.94;23.33;23.9;27403457
20160919;23.97;24.07;23.81;23.93;13480128
20160920;24.1;24.11;23.86;23.89;11610401
20160921;23.87;24.04;23.78;24;12887015
20160922;24.19;24.48;24.09;24.3;11647392
20160923;24.28;24.44;23.93;23.93;9741135
20160926;23.84;23.95;23.6;23.79;13316807
20160927;23.79;24.27;23.74;24.2;7748674
20160928;24.29;24.53;24.2;24.31;13911291
20160929;24.17;24.41;24.01;24.04;7997685
20160930;24.21;24.42;24.04;24.22;9680353
20161003;24.09;24.81;24.04;24.73;10975222
20161004;24.72;24.99;24.53;24.74;10434065
20161005;24.79;24.87;24.63;24.66;7410271
20161006;24.57;24.74;24.33;24.53;6765409
20161007;24.62;24.68;24.23;24.35;6874885
20161010;24.43;24.75;24.43;24.71;5962132
20161011;24.73;24.77;24.49;24.64;14842280
20161012;24.64;24.66;24.44;24.55;7649038
20161013;24.33;24.66;24.22;24.56;8737314
20161014;24.62;24.91;24.55;24.73;9448536
20161017;24.75;24.81;24.64;24.68;8475590
20161018;24.89;25.1;24.78;24.96;10781063
20161019;25.02;25.16;24.93;25.12;8852846
20161020;25.12;25.4;24.96;25.27;18002129
20161021;25.08;26.03;25.01;25.83;21050822
20161024;26.05;26.22;25.33;25.57;15518813
20161025;25.59;25.7;25.47;25.56;8028883
20161026;25.63;26.45;25.51;26.4;17805156
20161027;26.45;26.53;25.99;26.11;9854552
20161028;26.13;26.34;26.08;26.25;9204388
20161031;26.32;26.55;26.21;26.27;13676555
20161101;26.26;26.31;25.95;26.19;13792373
20161102;26.28;26.28;25.73;25.83;12848950
20161103;26.76;27.84;26.7;27.71;29028596
20161104;27.49;27.7;26.9;26.94;15951465
20161107;27.42;27.43;27.12;27.39;13183176
20161108;27.46;27.46;26.96;27.09;12120654
20161109;26.57;27.54;26.4;27.46;14749555
20161110;27.45;27.77;27.09;27.16;13125619
20161111;27.12;27.21;26.7;27.14;11672279
20161114;27.1;27.55;27.1;27.52;11503855
20161115;27.51;27.59;27.37;27.45;8671778
20161116;27.45;27.65;27.36;27.54;5694253
20161117;27.61;27.93;27.43;27.92;8210469
20161118;27.82;28;27.73;27.82;9043673
20161121;27.78;27.88;27.64;27.8;4766605
20161122;27.89;28.37;27.78;28.27;6961904
20161123;28.28;28.49;28.16;28.4;5235110
20161125;28.34;28.44;28.24;28.36;3017494
20161128;28.24;28.5;28.12;28.31;7427007
20161129;28.42;28.52;28.17;28.47;7374635
20161130;28.39;28.54;28.11;28.11;9929028
20161201;28.07;28.43;27.97;28.2;8997579
20161202;28.33;28.33;27.2;27.4;10884796
20161205;27.54;27.61;26.82;27.56;13905732
20161206;27.54;27.67;27.25;27.5;12706336
20161207;27.48;28.14;27.39;28.11;10107852
20161208;28.24;28.66;28.14;28.64;10707290
20161209;28.62;30.42;27.54;28.21;41508725
20161212;27.92;27.99;26.12;26.34;26683468
20161213;26.3;27.04;26.28;27.04;17486831
20161214;27.24;28.19;27.06;28.02;22334131
20161215;28.2;28.32;27.67;27.99;15070989
20161216;28.05;28.49;27.87;28.03;11759751
20161219;28.1;28.3;27.94;28.12;5850408
20161220;28.28;28.48;28.05;28.18;5098722
20161221;28.16;28.46;27.9;28.45;5902525
20161222;26.53;28.47;26.53;28.43;7453861
20161223;28.35;28.48;28.24;28.38;4032009
20161227;28.45;28.65;28.32;28.54;4923965
20161228;28.52;28.62;28.33;28.45;6370123
20161229;28.6;28.61;28.21;28.28;5835625
20161230;28.29;28.37;27.92;28.04;6161189
20170103;28.42;29.04;28.27;28.72;10598360
20170104;28.88;29.19;28.76;29.02;8645596
20170105;28.83;29.17;28.65;29;6325439
20170106;29.03;29.6;28.85;29.52;8338445
20170109;29.58;29.66;29.25;29.47;6543488
20170110;29.58;30.08;29.25;29.67;8469290
20170111;29.72;30.1;29.59;30.08;8220874
20170112;30.05;30.07;29.67;29.81;6010260
20170113;29.77;30.09;29.62;30.03;5500638
20170117;29.89;30.11;29.86;29.93;4861846
20170118;30.01;30.33;29.92;30.27;7185858
20170119;30.16;30.37;29.71;29.8;9174522
20170120;29.88;30.13;29.84;30.05;6710560
20170123;30.06;30.17;29.82;30;5811647
20170124;30.11;30.3;29.89;30.28;4774729
20170125;30.37;30.44;30.17;30.3;5237626
20170126;30.43;31.61;30.31;31;12695620
20170127;31.14;31.52;30.88;31.29;8259271
20170130;31.28;31.4;31;31.37;9097541
20170131;31.2;31.44;31.05;31.38;5170587
20170201;31.32;31.75;31.32;31.62;7434994
20170202;31.53;31.59;31.29;31.46;4731048
20170203;31.46;31.62;31.16;31.4;7520514
20170206;31.19;31.5;30.96;31.06;13631820
20170207;30.85;31.46;30.14;30.48;15176576
20170208;30.47;30.57;29.96;30.21;7847467
20170209;30.35;30.51;30.09;30.12;5773121
20170210;30.19;30.28;29.81;29.91;8876308
20170213;30.09;30.12;29.51;29.72;6974038
20170214;29.74;30.4;29.57;30.3;9255701
20170215;30.08;30.7;30.07;30.7;7597440
20170216;30.58;30.75;30.41;30.51;4313938
20170217;30.42;30.51;30.16;30.35;5004146
20170221;30.24;30.8;30.23;30.55;9231386
20170222;30.39;30.6;30.39;30.47;4596911
20170223;30.29;30.68;30.17;30.34;4368924
20170224;30.44;30.62;30.27;30.61;4930196
20170227;30.51;30.7;30.29;30.43;6475846
20170228;30.33;30.42;29.9;29.92;8553473
20170301;30.2;30.73;30.15;30.41;8348620
20170302;30.33;30.48;30.09;30.2;6699193
20170303;30.2;30.52;30.03;30.46;4421880
20170306;30.41;31.03;30.29;30.69;10712346
20170307;30.61;30.77;30.23;30.52;6845864
20170308;30.59;30.6;30.33;30.35;4993331
20170309;30.36;30.83;30.36;30.7;6664232
20170310;30.83;30.92;30.4;30.55;7785827
20170313;30.4;30.55;30.35;30.5;5352321
20170314;30.49;30.61;30.32;30.52;4307010
20170315;30.67;30.92;30.44;30.74;4065243
20170316;30.68;30.78;30.42;30.76;8728050
20170317;30.97;31.03;30.65;30.82;9432188
20170320;30.85;31.01;30.58;30.63;4134043
20170321;30.77;30.86;30.52;30.56;9621313
20170322;30.63;31.09;30.49;30.97;6602471
20170323;30.97;31.55;30.88;31.33;11218625
20170324;31.38;31.85;31.26;31.52;10347802
20170327;31.4;32.05;31.31;31.9;11019121
20170328;31.76;32.58;31.75;32.44;11092308
20170329;32.31;32.49;32.07;32.11;7239136
20170330;32.04;32.39;32.01;32.36;4124697
20170331;32.22;32.6;32.2;32.39;6709777
20170403;32.48;32.54;32.03;32.15;5842386
20170404;32.01;32.17;31.61;31.75;9084920
20170405;31.78;31.85;31.26;31.38;8602257
20170406;31.27;31.36;30.65;31.12;9208274
20170407;31.14;31.25;30.83;31.07;4968497
20170410;31.08;31.41;31.07;31.24;7836575
20170411;31.13;31.29;30.79;31.15;5244927
20170412;30.89;31.13;30.46;30.65;8697939
20170413;30.75;31.03;30.43;30.43;7498808
20170417;30.59;30.8;30.53;30.73;4017268
20170418;30.68;30.78;30.42;30.66;5407575
20170419;30.77;30.92;30.39;30.39;9324061
20170420;30.59;31.16;30.39;31.07;7219875
20170421;31.05;31.16;30.64;30.7;5615095
20170424;31.11;31.13;30.16;30.35;9132305
20170425;30.47;30.73;30.41;30.61;6240261
20170426;30.68;30.93;30.57;30.74;5125973
20170427;30.81;30.83;30.49;30.56;4276265
20170428;30.6;30.6;30.31;30.54;6681951
20170501;30.67;30.67;30.19;30.39;7265979
20170502;30.44;30.51;30.28;30.43;6276105
20170503;30.5;30.5;28.7;28.88;21623877
20170504;28.8;29.32;27.75;29.04;17172820
20170505;29.16;29.39;28.45;29.14;15438488
20170508;29.14;29.19;28.32;28.4;16399102
20170509;28.35;28.51;28.04;28.23;14809518
20170510;28.07;28.27;27.77;27.9;27522977
20170511;28.45;28.76;27.65;28.52;31149159
20170512;28.38;28.64;27.89;27.94;29191415
20170515;28;28.2;27.69;27.73;18546791
20170516;27.7;27.79;27.02;27.34;17352247
20170517;27.11;27.19;26.74;26.85;12848048
20170518;26.87;27.05;26.72;26.86;6924519
20170519;26.86;27.26;26.76;27.11;7472391
20170522;27.21;27.34;27.04;27.26;11426138
20170523;27.36;27.36;26.61;26.74;11031902
20170524;26.87;26.92;26.64;26.87;4775173
20170525;26.9;27.78;26.67;27.33;17255269
20170526;27.31;27.36;26.96;27.03;8208424
20170530;26.94;27.12;26.84;27.05;5531238
20170531;27.18;27.18;26.89;27.12;6958102
20170601;27.26;27.84;27.07;27.82;11567135
20170602;27.86;28.21;27.78;27.93;18866869
20170605;27.84;27.89;27.39;27.74;10544110
20170606;27.66;27.94;27.48;27.53;11062853
20170607;27.56;27.8;27.43;27.58;6602150
20170608;27.5;27.61;27.06;27.4;6703500
20170609;27.34;28.2;27.2;28.16;15127850
20170612;28.2;29.03;28.11;28.74;15656787
20170613;28.61;28.64;28.03;28.06;7753313
20170614;28.1;28.25;27.42;27.61;10493357
20170615;27.5;27.81;27.45;27.74;7331267
20170616;27.5;27.76;27.2;27.45;9902383
20170619;27.55;27.9;27.3;27.8;5027863
20170620;27.74;27.78;27.01;27.18;9371765
20170621;27.25;27.54;26.9;27.25;7272672
20170622;27.29;27.29;26.94;26.97;5505599
20170623;26.93;27.23;26.77;27.19;16882016
20170626;27.32;28.26;27.26;28.04;9363226
20170627;27.99;28.23;27.61;27.61;8720797
20170628;27.72;28.45;27.72;28.11;7582346
20170629;28.06;28.81;27.95;28.19;8845759
20170630;28.25;28.37;27.86;28.34;7829902
20170703;28.47;28.81;28.35;28.52;4520062
20170705;28.62;28.62;28.25;28.36;8387009
20170706;28.22;28.23;27.9;27.95;6921734
20170707;27.92;28.15;27.75;27.9;6742543
20170710;27.87;28.35;27.83;28.28;7097138
20170711;28.2;28.28;28.03;28.1;7429470
20170712;28.4;28.68;28.32;28.65;8781754
20170713;28.52;28.81;27.4;27.57;17142738
20170714;27.74;28.06;27.52;27.74;9286927
20170717;27.74;27.82;27.29;27.38;11717242
20170718;27.37;27.49;26.84;27.37;8103108
20170719;27.52;27.72;27.35;27.64;8578338
20170720;27.76;28.06;27.35;27.79;7152625
20170721;27.77;28.09;27.71;27.84;6389315
20170724;27.8;27.86;27.49;27.68;6784630
20170725;27.68;28.05;27.52;27.93;9689373
20170726;28.01;28.31;27.89;28.18;6546388
20170727;28.48;29.63;28.37;29.63;16568167
20170728;29.55;29.63;29.2;29.37;9035353
20170731;29.4;29.4;28.9;29.1;9228622
20170801;29.22;29.55;29.13;29.23;11035180
20170802;28.81;29.09;28.54;28.69;9244878
20170803;28.73;29.08;28.66;28.82;8589838
20170804;28.45;28.68;28.07;28.46;6273246
20170807;28.46;28.53;28.18;28.2;5113948
20170808;28.17;28.38;27.91;28.03;6737580
20170809;27.7;27.95;27.16;27.9;11202385
20170810;29.1;29.6;27.87;27.88;12579760
20170811;28.15;28.34;27.89;28.21;6813863
20170814;28.37;28.6;28.17;28.21;5854697
20170815;28.22;28.27;27.84;27.85;8194435
20170816;27.84;28.14;27.81;27.99;4835374
20170817;27.91;28.05;27.3;27.35;4823454
20170818;27.17;27.57;27.17;27.26;4691214
20170821;27.29;27.39;27.02;27.37;4779544
20170822;27.46;27.52;27.29;27.43;3124161
20170823;27.38;27.4;27.13;27.15;5528372
20170824;27.18;27.27;27.05;27.1;4017921
20170825;27.2;27.47;27.08;27.25;3987863
20170828;27.31;27.54;27.2;27.25;5471216
20170829;27.12;27.55;27.08;27.35;4241898
20170830;27.29;27.72;27.28;27.45;3726457
20170831;27.5;27.78;27.46;27.59;6287742
20170901;27.65;27.8;27.49;27.49;3590694
20170905;27.49;27.55;26.41;26.58;7869886
20170906;26.68;26.7;26.18;26.43;8354892
20170907;26.5;26.58;25.14;25.79;13011105
20170908;25.75;25.87;25.49;25.79;7757968
20170911;25.94;26.07;25.81;26.06;6601011
20170912;25.83;25.92;25.59;25.9;6045791
20170913;25.91;26.6;25.78;26.59;10226250
20170914;26.47;26.58;26.23;26.5;8250264
20170915;26.41;27.11;26.34;27.05;9069023
20170918;27;27.13;26.32;26.5;6101221
20170919;26.57;26.73;26.34;26.7;8031979
20170920;26.74;26.95;26.61;26.87;4043929
20170921;26.9;26.95;26.66;26.76;3559569
20170922;26.67;26.93;26.66;26.88;2312099
20170925;26.88;27.32;26.81;27.12;7626216
20170926;27.22;27.22;26.9;26.95;5256845
20170927;27.09;27.35;26.66;27.32;7966616
20170928;27.12;27.22;26.5;26.56;8141870
20170929;26.57;26.67;26.24;26.38;8903601
20171002;26.51;26.86;26.35;26.6;6693691
20171003;26.65;26.77;26.45;26.63;5030468
20171004;26.63;27.31;26.52;27.1;10967619
20171005;27.2;27.3;26.85;26.95;8622541
20171006;26.96;27.02;26.73;26.99;6363379
20171009;27;27.01;26.57;26.58;3955643
20171010;26.64;27.18;26.59;26.77;8585522
20171011;26.63;26.63;25.8;26.11;15001790
20171012;25.8;26.41;25.78;26.14;13160657
20171013;26.29;26.58;26.08;26.52;9834312
20171016;26.54;26.87;26.42;26.69;5916967
20171017;26.56;26.92;26.55;26.88;4726561
20171018;26.96;27.39;26.84;27.18;8363299
20171019;27.07;27.41;26.96;27.37;5743185
20171020;27.55;27.64;27.31;27.5;8879892
20171023;27.51;27.57;26.64;26.69;5644300
20171024;26.62;26.7;26.21;26.23;5339512
20171025;26.18;26.35;26;26.13;4141297
20171026;26.32;26.69;26.05;26.31;5177392
20171027;26.03;26.44;25.56;26.41;8691272
20171030;26.3;26.7;26.19;26.39;4910401
20171031;26.48;26.48;26.01;26.15;4391373
20171101;26.29;26.52;25.95;25.98;4804152
20171102;26;26.17;25.56;25.81;10081327
20171103;25.78;25.89;24.91;24.97;11423450
20171106;24.93;27.53;24.81;27.45;29885203
20171107;27.42;28.6;27.42;27.75;25606011
20171108;27.71;28.6;27.47;28.09;11090503
20171109;27.33;29.77;27.29;28.7;19206496
20171110;28.98;29.95;28.74;28.84;14782687
20171113;28.66;28.78;28.2;28.55;5775034
20171114;28.31;28.48;27.77;28.03;8690142
20171115;27.88;28.83;27.53;28.73;15046498
20171116;28.36;29.55;28.36;29.32;11836937
20171117;31.19;31.47;30.22;31.15;35337271
20171120;31.02;31.62;30.39;30.66;13341179
20171121;30.71;31.1;30.41;30.88;7010461
20171122;30.87;30.96;30.55;30.61;4604767
20171124;30.45;30.8;30.36;30.47;2150921
20171127;30.43;30.56;30.32;30.39;4014741
20171128;30.6;30.91;30.32;30.86;7495080
20171129;31.04;32.31;31.02;32.1;12237420
20171130;31.87;32.26;31.52;31.94;10734787
20171201;31.49;32.35;31.37;32.19;11882124
20171204;32.63;34.02;32.58;33.09;15878457
20171205;33.13;34.48;32.91;32.99;22925229
20171206;33.3;33.94;32.71;33.21;16315460
20171207;33.35;34.75;33.13;34.18;26583114
20171208;34.41;34.5;33.25;33.3;13201685
20171211;33.43;33.77;33.21;33.66;9414073
20171212;33.87;34.18;33.25;34.1;17860945
20171213;33.77;33.78;32.38;32.75;21815482
20171214;32.42;35.15;32.35;34.88;55600631
20171215;34.91;35.86;34.77;34.99;36905277
20171218;35;35.53;34.76;35.19;21360174
20171219;35.17;35.46;34.93;35.06;15564173
20171220;35.05;35.29;34.26;34.27;15625967
20171221;34.2;35.33;34.13;35.11;13139956
20171222;35.09;35.35;34.88;35.24;6566619
20171226;35.31;35.43;34.59;34.6;4695072
20171227;34.71;34.75;34.48;34.55;5147749
20171228;34.69;34.69;34.38;34.48;3434947
20171229;34.3;34.7;34.3;34.53;8116159
20180102;34.77;35.94;34.72;35.86;11040882
20180103;35.99;36.89;35.97;36.54;16121962
20180104;36.67;36.85;36.39;36.82;7092393
20180105;36.9;36.96;36.49;36.75;9002628
20180108;36.49;36.6;35.9;36.24;9719301
20180109;36.22;36.72;36.21;36.54;6216232
20180110;36.55;36.69;35.31;35.6;16875599
20180111;35.7;36.3;35.6;36.2;9659529
20180112;36.28;36.84;36.12;36.73;6824147
20180116;36.82;36.9;36.26;36.29;7149792
20180117;36.53;37.13;36.34;37.11;6230058
20180118;36.91;36.95;36;36.18;14253465
20180119;36.03;36.69;35.97;36.65;18037212
20180122;36.79;37.48;36.41;37.31;12209318
20180123;37;37.72;36.75;37.51;10364308
20180124;37.69;38.51;37.6;38;14594142
20180125;38.08;38.33;37.93;38.18;10643255
20180126;38.25;38.95;37.86;38.81;9805761
20180129;38.7;39.04;38.61;38.74;6416272
20180130;38.94;39.13;38.46;38.46;7355449
20180131;38.52;38.52;36.67;36.9;13190651
20180201;36.91;37.54;36.68;37.01;11816197
20180202;36.78;37.42;36.56;36.72;8101544
20180205;36.6;37.62;36.06;36.14;11535523
20180206;35.43;36.81;35.15;36.8;11840409
20180207;36.84;37.41;35.99;36.06;7492267
20180208;36.09;36.35;34.53;34.56;10237342
20180209;34.77;35.95;34.12;35.73;16932410
20180212;36.34;36.9;36.18;36.4;12469438
20180213;35.99;36.82;35.87;36.58;7189280
20180214;36.19;36.84;36.19;36.55;7000692
20180215;36.7;37.07;36.49;36.96;5141830
20180216;36.89;37.71;36.86;37.46;6699998
20180220;37.32;37.61;37.03;37.13;6047203
20180221;37.14;37.69;37.03;37.06;4568608
20180222;37.24;37.42;37.01;37.16;5411316
20180223;37.4;38.04;37.13;38.01;5003182
20180226;38.07;38.87;38.02;38.81;5077222
20180227;38.41;38.68;37.6;37.63;13552365
20180228;37.76;37.98;36.82;36.82;12903746
20180301;36.82;37.11;35.82;35.92;14516840
20180302;35.86;36.47;35.53;36.37;12111025
20180305;36.14;37.13;36;36.65;7910316
20180306;36.64;37.55;36.53;37.54;7878395
20180307;37.24;37.48;36.67;37.02;7465016
20180308;37.18;37.45;36.93;37.18;5040418
20180309;37.32;37.75;37.27;37.73;6126188
20180312;37.73;38.27;37.58;37.98;6028600
20180313;38;38.16;37.24;37.41;5760119
20180314;37.52;37.78;37.39;37.69;5041677
20180315;37.64;37.73;37.13;37.15;5544153
20180316;37.3;37.6;37.13;37.14;11581684
20180319;36.95;37.12;36.42;36.78;7417591
20180320;36.91;37.09;36.56;36.69;10694080
20180321;36.65;37.18;36.6;36.86;7774671
20180322;36.54;37.11;36.19;36.75;10276849
20180323;36.78;37.08;36.09;36.12;6805200
20180326;36.59;37.13;36.3;37.03;9190293
20180327;37.21;37.22;36.25;36.48;8955638
20180328;36.6;36.65;35.85;35.88;15568736
20180329;36.09;36.82;35.87;36.69;12500028
20180402;36.46;36.69;35.68;36.13;7373479
20180403;36.21;36.27;35.58;36.14;10411221
20180404;35.88;36.29;35.45;36.14;11128470
20180405;36.34;36.56;35.83;36.36;10937475
20180406;36.13;36.48;35.4;35.69;9260488
20180409;35.87;36.31;35.59;35.7;8126646
20180410;36.04;36.59;35.75;36.27;10158548
20180411;35.75;36.59;35.7;36.18;8436024
20180412;36.24;36.65;36.16;36.49;9373750
20180413;36.61;36.99;36.52;36.79;9890064
20180416;37.14;37.25;36.72;37.04;5975170
20180417;37.28;37.89;37.13;37.54;7516955
20180418;37.58;37.76;37.24;37.31;4484925
20180419;37.3;37.97;37.08;37.2;8640039
20180420;37.18;37.32;36.63;36.68;7036204
20180423;36.7;36.85;36.27;36.49;5702243
20180424;36.73;36.81;35.81;36.02;8179142
20180425;36.01;37.12;35.79;36.58;13347865
20180426;36.65;37.19;36.21;36.25;17312423
20180427;36.2;36.81;35.92;36.42;11439205
20180430;36.63;37.06;36.5;36.56;8128468
20180501;36.43;36.74;36.19;36.57;6772879
20180502;36.51;37.15;36.33;36.73;14058023
20180503;36.56;37.11;35.86;36.88;10951004
20180504;36.72;37.8;36.42;37.66;9307142
20180507;37.94;38.28;37.7;38.04;7139019
20180508;38.96;39.35;37.85;37.99;17346619
20180509;38.21;38.32;37.57;37.7;10990941
20180510;37.79;38.27;37.69;37.92;8358087
20180511;37.92;38.11;37.65;37.94;6280150
20180514;37.87;38.02;37.45;37.76;8968942
20180515;37.53;37.91;37.43;37.87;5411681
20180516;37.94;38.27;37.8;38.16;3556597
20180517;38.05;38.32;37.7;37.77;7579484
20180518;37.67;37.84;37.5;37.66;7432031
20180521;37.81;38.08;37.72;37.93;6777265
20180522;38.09;38.55;38.01;38.16;9773253
20180523;38.53;39.09;38.38;38.77;13707246
20180524;38.85;39.46;38.59;38.93;13630869
20180525;38.95;39.28;38.83;39.02;8995114
