20100104;38.13;38.15;37.55;37.92;2816520
20100105;37.78;38.17;37.2;37.33;5012298
20100106;37.32;37.67;37.19;37.43;3784235
20100107;37.81;39.01;37.18;38.93;4647685
20100108;38.76;38.87;37.65;37.79;3930673
20100111;38.14;38.39;37.66;38.35;2063422
20100112;37.87;38.04;36.75;36.81;3468080
20100113;37.11;37.44;36.7;37.36;1484057
20100114;37.44;37.49;36.62;36.73;1820136
20100115;36.52;37.06;35.91;36.02;3862771
20100119;36.02;36.38;35.8;36.2;2361182
20100120;35.69;35.88;35.3;35.62;2261271
20100121;35.82;36.17;34.63;34.73;2916139
20100122;35.33;35.36;34.07;34.14;4300337
20100125;34.44;34.61;34.02;34.32;1993409
20100126;34.09;35.75;34.09;35.03;2993825
20100127;35;35.35;34.33;34.75;2650956
20100128;35.01;35.19;34.46;34.8;2527025
20100129;34.92;35.66;34.52;34.54;2197586
20100201;34.84;35.24;34.42;35.19;3089997
20100202;35.22;36.56;35.09;36.42;3353643
20100203;36.05;36.24;35.45;36.05;2986327
20100204;36.59;36.69;35.06;35.11;6403372
20100205;34.3;34.48;32.78;33.94;5512101
20100208;34.27;34.85;33.7;34;4291042
20100209;34.51;34.75;33.99;34.11;4490724
20100210;34.03;34.34;33.42;33.61;2645781
20100211;33.48;33.83;33.28;33.81;3205703
20100212;33.33;34.35;33.29;34.2;2623281
20100216;34.84;35.18;34.43;35.08;2790298
20100217;35.35;35.6;35;35.12;1438121
20100218;34.95;35.09;34.62;35.02;1605416
20100219;35.25;36.24;35.17;35.7;4431696
20100222;36.11;36.35;35.91;36.13;4439945
20100223;35.23;36.39;35.13;36.19;6205679
20100224;36.23;36.63;36.07;36.59;2283618
20100225;35.99;37;35.75;36.88;2658251
20100226;36.9;37.18;36.62;36.94;1842463
20100301;36.86;37.8;36.7;37.59;2441003
20100302;37.73;38;37.58;37.7;2028250
20100303;37.67;38.18;37.4;37.81;2897372
20100304;38.24;38.61;37.89;38.32;2468068
20100305;38.66;39.21;38.36;39.01;1884325
20100308;39.09;39.49;38.83;39.33;2066616
20100309;39.08;39.57;38.9;39.14;2161233
20100310;39.27;39.45;39;39.15;1938671
20100311;38.91;39.22;38.62;38.94;2201550
20100312;39.25;39.97;39.02;39.83;3013194
20100315;39.4;40;39.35;40;1815015
20100316;39.72;40.13;39.42;39.72;1797486
20100317;39.78;39.94;39.34;39.91;2480354
20100318;39.81;40.29;39.66;40.26;3311017
20100319;40.37;41.07;40.11;40.42;4009608
20100322;40.07;41.38;40;41.29;2812118
20100323;41.29;41.58;40.78;41.46;2235252
20100324;41.3;41.38;40.65;40.88;1712454
20100325;41.2;41.95;41.01;41.19;2393678
20100326;41.37;42.14;41.32;41.75;2291251
20100329;42.02;42.2;41.44;41.81;1931065
20100330;41.64;41.81;41;41.36;1563603
20100331;41.14;41.36;40.7;40.85;1612943
20100401;41.25;41.69;41.11;41.5;1222412
20100405;41.54;42.88;41.33;42.76;1913078
20100406;42.61;43.42;42.15;43.37;2751888
20100407;43.38;43.38;41.88;42.1;4045449
20100408;42.09;42.09;41.35;41.44;3496598
20100409;41.75;42.61;41.44;42.55;2528337
20100412;42.66;42.7;41.95;42.01;2031869
20100413;41.9;42.3;41.6;41.83;2080871
20100414;42.09;43.1;41.86;42.95;2121325
20100415;42.73;43.61;42.52;43.46;2873392
20100416;43.21;43.56;42.57;42.95;3275141
20100419;42.63;42.99;41.03;42.19;3492957
20100420;42.38;42.9;42.02;42.88;2840899
20100421;42.73;43.87;42.58;43.72;3492747
20100422;43.32;45.55;43.23;45.34;4794368
20100423;45.33;45.97;45.05;45.9;3373267
20100426;45.95;46.22;44.58;44.68;3741621
20100427;44.45;44.49;42.69;42.85;3881038
20100428;42.99;43.59;42.04;42.46;3095094
20100429;42.8;43.29;42.66;42.91;2998966
20100430;43.01;43.22;41.2;41.33;4217186
20100503;41.56;44;41.42;43.63;4649585
20100504;42.96;43.18;41.45;41.67;2800841
20100505;41.12;42.79;40.74;41.5;2746980
20100506;41.35;42.95;38.63;40.56;6634428
20100507;40.19;42.03;39.7;40.06;6968523
20100510;41.79;43.37;41.63;43.25;3896498
20100511;42.99;43.5;41.99;42.08;4762238
20100512;42.18;43.24;41.65;43.03;3334662
20100513;42.97;43.12;41.04;41.29;5002380
20100514;39.87;40.66;39.28;39.76;6020153
20100517;39.69;39.94;38.25;39.25;6356660
20100518;39.69;39.97;37.9;38.06;3605314
20100519;37.5;39.04;37.5;38.41;5538152
20100520;37.41;38.5;36.78;37.26;6730703
20100521;36.29;38.68;36.29;38.12;4411358
20100524;38.11;38.65;37.53;37.6;2842516
20100525;36.41;38.37;36.2;38.33;3380682
20100526;38.71;39.17;37.39;37.72;3734475
20100527;38.6;39.93;38.54;39.92;3152079
20100528;39.87;40.45;39.03;39.7;3046343
20100601;39.14;40.03;38.94;39.25;3509272
20100602;39.47;40.25;39.17;40.25;3574720
20100603;39.26;39.3;38.08;38.52;6658172
20100604;37.71;37.92;36.13;36.47;4915777
20100607;36.58;37.6;35.73;35.82;3215696
20100608;35.92;36.5;35.27;36.11;3999636
20100609;36.53;37.36;36.06;36.32;3300830
20100610;37.01;37.98;36.72;37.79;3345823
20100611;37.19;38.25;37.07;37.85;2566844
20100614;38.27;39.54;38.27;38.81;2934781
20100615;39.35;40.3;39.12;40.3;3508018
20100616;40.03;40.56;39.39;40;3272233
20100617;39.88;40.01;38.75;39.13;2252319
20100618;39.3;39.72;38.53;38.66;2499615
20100621;39.21;39.51;37.41;37.73;3378966
20100622;37.86;38.68;36.83;36.89;3963644
20100623;36.87;37.23;36;36.84;3253536
20100624;36.57;36.64;35.18;35.38;3449550
20100625;35.44;35.77;34.85;35.54;4191243
20100628;35.75;36.01;34.91;34.95;2759413
20100629;34.24;34.57;32.3;32.51;6444239
20100630;32.5;33.27;32.04;32.19;4920613
20100701;32.24;33.02;31.47;32.81;4561561
20100702;33.18;33.46;32.06;32.17;3197562
20100706;32.82;33.5;31.53;31.97;4083470
20100707;31.85;33.82;31.73;33.76;5291494
20100708;35.6;35.6;32.54;33.69;8688218
20100709;33.72;34.65;33.49;34.54;3267027
20100712;34.34;34.51;33.65;34.15;1942445
20100713;34.61;34.88;34.16;34.62;2707853
20100714;34.44;34.5;33.67;34.36;2322263
20100715;34.4;34.59;33.47;34.23;2711713
20100716;34.04;34.14;32.19;32.25;3192035
20100719;32.49;32.58;30.75;31.58;6392302
20100720;31.05;32.99;30.9;32.95;4797146
20100721;33.2;33.26;31.92;32.04;3583688
20100722;32.56;33.71;32.56;33.53;3654785
20100723;33.29;34.11;32.6;34.08;3842513
20100726;34.08;34.91;33.55;34.9;2199231
20100727;35.07;35.39;34.34;34.48;3586925
20100728;34.38;34.71;33.44;33.61;1828300
20100729;33.88;34.43;32.64;33.53;3052559
20100730;32.99;34.09;32.69;34;2893516
20100802;34.62;35.78;34.16;35.51;3776462
20100803;35.41;35.42;33.88;34.01;3681188
20100804;34.25;34.96;33.91;34.74;2899930
20100805;33.94;34.34;33;34.12;4142251
20100806;33.6;34.02;33.03;33.96;2823347
20100809;34.29;35.29;34.25;35.13;3647375
20100810;34.55;34.71;34.14;34.44;2760340
20100811;33.66;34.28;33.33;33.57;3247684
20100812;32.9;33.63;31.92;33.44;4914010
20100813;31.5;32.3;30.85;31.05;8843476
20100816;30.83;30.89;29.97;30.12;5084721
20100817;30.27;31.46;30.17;30.99;3549402
20100818;30.99;31.96;30.66;31.64;3357869
20100819;31.23;31.5;30.82;31.19;3564638
20100820;30.97;31.86;30.97;31.77;2912852
20100823;31.83;32.24;31.15;31.23;2333385
20100824;30.78;30.78;30.09;30.38;3403616
20100825;30.03;31.28;29.9;31.12;3401463
20100826;31.21;31.46;30.17;30.19;2788945
20100827;30.3;30.41;29.6;30.28;4593037
20100830;30.19;30.28;28.72;28.72;5020863
20100831;28.57;29.57;28.44;28.92;3926223
20100901;29.48;30.36;29.13;30.32;3814322
20100902;31.79;32.92;31.38;32.76;6933144
20100903;33.24;33.98;32.92;33.47;4601699
20100907;33.15;33.33;32.5;32.62;4433392
20100908;32.54;33.2;32.54;33;2901697
20100909;33.66;33.83;32.88;32.97;2443979
20100910;33.04;33.47;32.95;33.27;2377945
20100913;33.77;34.66;33.54;34.3;4201504
20100914;34.24;35.53;34.19;35.28;3429123
20100915;35.03;36.12;34.96;36.08;4817182
20100916;35.7;36.32;35.62;36.14;2977674
20100917;36.36;36.55;35.89;36.09;3905455
20100920;36.22;36.62;35.83;36.37;3216769
20100921;36.48;36.48;35.71;35.92;2717604
20100922;35.72;36;35.07;35.6;3218169
20100923;35.21;35.82;34.95;35.29;2427101
20100924;35.87;36.62;35.87;36.51;2326331
20100927;36.33;37.53;36.1;36.91;4688628
20100928;37.24;38.41;36.78;38.31;4899903
20100929;38.09;38.31;37.47;37.6;3679796
20100930;38;38.25;36.63;37.2;3380875
20101001;37.61;37.83;36.8;37.11;2838412
20101004;37.14;37.27;36.6;37.16;2626970
20101005;37.58;37.88;36.9;37.77;3290119
20101006;37.52;37.89;37.06;37.54;3637734
20101007;37.91;38.48;36.98;38.48;5611495
20101008;38.47;39.74;38.3;39.06;3641083
20101011;39.04;39.99;38.69;39.11;3811662
20101012;38.83;39.27;38.38;39.01;2724367
20101013;39.39;39.46;38.31;38.43;3175637
20101014;38.39;38.72;37.84;38.17;2226784
20101015;38.63;38.81;37.92;38.8;2697280
20101018;38.85;39.22;37.65;38.86;4135834
20101019;38.24;38.41;36.98;37.34;3796194
20101020;37.47;37.67;36.92;36.95;4651051
20101021;37.1;37.49;35.92;36.1;5247954
20101022;36.2;37.14;36.1;36.89;4041357
20101025;37.33;38.42;37.06;37.53;3547426
20101026;37.11;38.29;36.96;38.15;2487747
20101027;37.73;38.32;37.15;38.26;3817975
20101028;38.65;38.76;37.73;38.73;3800245
20101029;38.62;38.62;38.08;38.51;2629335
20101101;38.9;39.89;38.34;38.64;2982767
20101102;38.97;39.58;38.62;39.23;1787182
20101103;39.36;39.51;38.36;39.31;2403698
20101104;39.8;41.97;39.8;41.93;4722144
20101105;41.79;42.76;41.79;42.5;2589995
20101108;42.42;42.86;41.8;42.77;2045681
20101109;42.83;42.83;41.64;41.9;2133353
20101110;41.84;42.62;41.47;42.39;2165544
20101111;41.9;42.59;41.61;42.4;1795833
20101112;42.17;42.37;40.99;41.4;3333612
20101115;42;42.3;40.51;41.83;5309530
20101116;40.6;41.48;39.92;40.55;5818928
20101117;40.61;41.68;40.51;41.42;2640025
20101118;41.92;42.47;41.68;41.88;2429738
20101119;41.88;42.2;41.5;42.17;2131611
20101122;41.85;42.97;41.8;42.69;1958377
20101123;42.84;43.19;42.19;42.89;2881068
20101124;43.04;43.95;43.04;43.91;2766549
20101126;43.44;43.9;43.22;43.61;1405741
20101129;43.21;43.47;41.98;42.58;2685170
20101130;42.12;43.31;42;42.8;2500191
20101201;43.63;43.63;42.83;43.43;2869718
20101202;42.75;43.25;42.01;42.14;4413684
20101203;41.84;42.04;41.34;41.82;3391413
20101206;41.78;42.83;41.64;42.62;2605725
20101207;42.95;43.18;42.26;42.34;1923927
20101208;42.42;42.59;41.45;41.85;2484072
20101209;42.15;42.35;41.93;42.08;1680180
20101210;41.85;42.38;41.69;42.18;1216560
20101213;42.53;42.53;41.36;41.66;2653950
20101214;41.66;41.97;41.52;41.77;1663989
20101215;41.65;42.06;41.39;41.64;1666510
20101216;41.67;42.37;41.51;42.32;1622592
20101217;41.9;42.7;41.82;42.31;2158529
20101220;42.47;42.79;42.2;42.69;1553714
20101221;42.89;43.18;42.58;43.18;1440653
20101222;43.19;43.27;42.68;42.85;1929074
20101223;42.74;43.09;42.5;42.79;1164230
20101227;42.45;42.58;41.76;42.09;1210237
20101228;42.14;42.5;41.74;42.15;1410145
20101229;42.17;42.87;42.11;42.13;996876
20101230;42.07;42.58;42.07;42.44;1151718
20101231;42.42;42.61;42.25;42.38;854754
20110103;42.73;43.9;42.44;43.4;2586918
20110104;43.31;43.46;42.47;42.57;2270177
20110105;42.34;43.04;42.2;42.86;2238970
20110106;42.52;43.69;42.12;42.94;3403656
20110107;43.37;43.61;41.77;42.35;3091191
20110110;41.95;42.31;41.34;42.15;2561971
20110111;42.44;42.45;41.39;41.62;2284945
20110112;41.94;41.99;41.58;41.75;1736254
20110113;41.5;41.93;41.44;41.63;1580285
20110114;41.57;42.19;41.39;42.09;1962266
20110118;41.9;42.46;41.81;42.19;1491300
20110119;42.12;42.36;40.84;40.91;2813453
20110120;40.75;41.78;40.75;41.24;2440998
20110121;41.7;41.99;41.3;41.37;1913840
20110124;41.43;42.21;41.32;42.18;1364565
20110125;42.11;42.36;41.25;41.56;2692106
20110126;41.74;41.78;41.1;41.53;1634977
20110127;41.62;42.2;41.48;41.96;2326987
20110128;41.87;41.98;40.64;40.91;3150461
20110131;41.27;41.52;40.84;41.18;2205630
20110201;41.57;41.74;40.94;40.94;2908118
20110202;40.87;40.93;40.03;40.09;4692023
20110203;41.52;42.6;41.26;42.05;5872168
20110204;42.06;44.21;42;43.71;3266136
20110207;43.73;44.9;43.72;44.59;2245594
20110208;44.51;45;44.36;44.92;2122429
20110209;44.81;45.63;44.74;44.96;2523300
20110210;44.68;45.63;44.49;45.57;1694345
20110211;45.29;46.2;45.15;46.15;1435627
20110214;46.19;46.31;45.56;45.72;2031699
20110215;45.41;46.17;45.41;45.87;1563417
20110216;46.08;46.96;46.08;46.7;2387300
20110217;46.84;47.45;46.12;46.48;3479931
20110218;45.67;47.52;45.52;46.91;4682146
20110222;46.29;46.87;45.32;45.65;2625665
20110223;45.74;46.06;44.16;44.59;3378620
20110224;44.49;45.32;44.11;45;2739136
20110225;45.35;45.88;44.96;45.49;3402703
20110228;45.03;45.63;44.59;45.26;3004601
20110301;45.31;45.61;43.92;44.22;2944739
20110302;44.07;44.39;43.45;44.21;3025397
20110303;45.21;45.28;44.25;44.62;4056761
20110304;44.65;44.81;43.6;44.08;2464746
20110307;44.38;44.4;43.21;43.26;2187267
20110308;43.24;44;42.65;43.77;1811719
20110309;43.7;44.71;43.2;44.3;2307070
20110310;43.49;44.68;43.49;44.37;2215280
20110311;44.38;44.8;44.01;44.46;2600986
20110314;43.97;44.48;42.76;42.99;3415090
20110315;42.04;43.19;41.79;42.86;2543709
20110316;42.76;42.92;41.27;41.5;4735766
20110317;42.4;42.92;41.64;41.69;3418358
20110318;42.44;42.44;40.96;41.33;4497166
20110321;41.85;42.48;41.84;42.3;1813065
20110322;43.38;43.38;42.6;42.64;2742445
20110323;42.42;42.47;41.94;42.26;3972895
20110324;42.5;43.72;42.07;43.62;5310169
20110325;43.7;44.44;43.52;43.6;2504946
20110328;43.75;44.21;42.91;42.95;2531235
20110329;42.99;44.06;42.96;44;1993957
20110330;44.15;44.98;44.01;44.9;2079324
20110331;44.77;45;43.98;44.88;2543574
20110401;45;45.62;44.91;45.11;2169063
20110404;45.24;45.49;44.81;45.17;1601410
20110405;44.95;46.1;44.79;45.66;1656155
20110406;45.88;46.21;45.26;45.9;2840351
20110407;46;47.29;45.98;46.61;3738039
20110408;46.73;47.22;45.92;46.22;2527778
20110411;46.02;46.62;45.88;45.96;1632815
20110412;45.67;46.66;45.6;45.84;2038668
20110413;46.27;46.5;45.3;45.95;1927299
20110414;45.66;46.15;45.42;46.07;1546825
20110415;46.24;46.45;45.95;46.18;1551857
20110418;45.52;45.69;44.74;45.38;2095440
20110419;45.53;45.95;45.34;45.79;1947576
20110420;46.55;47.22;46.4;47.01;2001260
20110421;47.2;47.33;46.96;47.31;2591134
20110425;47.31;47.6;46.95;47.48;1880055
20110426;47.64;48.7;47.58;48.54;2530262
20110427;48.48;48.57;47.57;48.14;2678217
20110428;47.96;48.07;47.48;47.93;1609306
20110429;48;48.17;47.52;47.55;1499669
20110502;47.75;48.13;47.28;47.74;2467498
20110503;47.71;48.48;47.66;48.1;2763424
20110504;48.36;48.62;47.73;48;3020554
20110505;46.4;48.16;46.33;47.5;4120162
20110506;48;48.27;47.06;47.39;1778180
20110509;47.56;47.6;47.02;47.31;1359606
20110510;47.87;48.42;47.72;48.26;2609628
20110511;48.74;49.43;47.95;48.7;3664445
20110512;48.47;49.35;48.1;49.17;4764277
20110513;48.77;49.25;47.35;47.63;4674583
20110516;47.51;47.83;46.19;46.23;2569347
20110517;46.05;46.53;45.68;45.86;2749034
20110518;45.91;46.56;45.86;46.18;2759565
20110519;46.5;46.5;45.58;46.45;2396285
20110520;46.08;46.24;44.96;45.6;2285862
20110523;44.94;45.93;44.94;45.62;1811047
20110524;45.76;46.08;45.49;45.5;1282027
20110525;45.01;45.9;44.87;45.6;1886428
20110526;45.31;46.43;45.26;46.18;2549107
20110527;46.25;46.97;46.2;46.4;1991576
20110531;46.75;47.08;46.18;46.83;2632889
20110601;46.55;46.81;45.02;45.07;2765918
20110602;45.43;45.74;44.16;44.47;3536624
20110603;43.77;44.56;43.22;43.53;2951156
20110606;43.45;43.82;42.86;42.89;3044314
20110607;43.17;43.5;42.55;42.58;3636122
20110608;42.4;42.62;42;42.19;4303255
20110609;42.37;43.1;42.37;42.64;4043958
20110610;42.42;42.59;41.88;42.13;3704150
20110613;42.27;42.82;42.08;42.55;2299152
20110614;43.14;44.45;43.14;44.2;2804679
20110615;43.67;44.05;43.32;43.51;2095267
20110616;43.46;44.03;42.99;43.38;1935986
20110617;43.75;44.44;43.67;43.76;1803523
20110620;43.54;44.95;43.37;44.93;2078491
20110621;45.15;46.14;45.02;46.1;2686366
20110622;45.86;46.39;45.28;45.31;1908326
20110623;44.91;45.97;44.81;45.88;2842734
20110624;45.78;45.96;44.82;44.9;1997722
20110627;44.77;45.61;44.57;45.49;2381832
20110628;45.67;46.31;45.5;46.26;1888440
20110629;46.55;46.91;45.94;46.06;2513176
20110630;46.26;47;46.25;46.94;3005435
20110701;46.85;48.31;46.7;48.24;2257541
20110705;48.08;48.73;47.93;48.42;2244857
20110706;48.16;48.51;48.09;48.48;2032135
20110707;49.25;50.92;49.23;50.56;4516599
20110708;49.85;50.26;49.51;50.25;2173959
20110711;49.5;50.05;49.35;49.76;2262671
20110712;49.48;50.2;49.3;49.35;2274576
20110713;49.82;50.44;49.54;49.61;1838594
20110714;49.89;50.5;49.34;49.93;3447383
20110715;50.27;50.46;49.5;50.44;1922999
20110718;50.09;50.4;49.7;49.97;1626737
20110719;50.42;51.86;50.27;51.79;2852770
20110720;51.88;51.99;50.84;51.18;1097291
20110721;51.51;52.15;51.33;51.4;1593760
20110722;51.55;51.84;51.21;51.5;1638841
20110725;50.87;51.39;50.78;51.04;1520689
20110726;50.95;51.3;50.49;50.9;1911410
20110727;50.59;50.67;49.17;49.23;2019331
20110728;49.47;50.8;49.47;50.18;3335111
20110729;49.51;50.97;49.22;50.16;2428075
20110801;50.89;50.89;49.12;49.96;2697446
20110802;49.34;49.56;47.01;47.05;5421410
20110803;47.09;47.82;46.11;47.75;4606611
20110804;46.38;47.08;43.12;43.15;7686865
20110805;44.07;44.45;42.3;44.31;7168054
20110808;42.5;43.24;39.18;39.85;5608243
20110809;40.9;41.65;38.1;41.6;6286155
20110810;40.33;41.96;39.93;40.14;5048932
20110811;40.57;43.23;40.29;42.33;3707993
20110812;45.68;46;43.92;44.28;5805051
20110815;44.68;44.84;43.36;44.67;4647830
20110816;44.35;44.35;42.4;42.95;4452495
20110817;43.43;43.67;40.6;41.42;5705747
20110818;39.96;40.07;37.87;38.3;5653248
20110819;37.75;38.75;37.28;37.45;4024725
20110822;38.21;38.5;37.41;37.78;2426228
20110823;37.74;39.95;37.3;39.94;4048667
20110824;39.66;41.14;39.43;41.1;3002192
20110825;41.23;42.04;39.79;39.96;5849646
20110826;39.56;42.63;39.56;42.09;6775254
20110829;42.83;44.77;42.54;44.7;5845191
20110830;44.51;45.94;44.4;45.6;4700007
20110831;45.96;46.69;44.91;45.46;3461886
20110901;45.26;45.96;44.3;44.71;4255763
20110902;43.75;44.06;43.01;43.26;1948472
20110906;41.9;43.85;41.62;43.8;3008368
20110907;44.67;46.17;44.6;45.94;3390039
20110908;45.41;46.4;44.82;45.14;3114895
20110909;44.44;45.23;43.5;44.05;3190477
20110912;43.33;45.56;43.05;45.54;3195259
20110913;45.65;46.34;45.09;45.66;3248947
20110914;44.87;46.66;44.17;45.92;3838550
20110915;46.59;47.17;45.7;47.02;3630348
20110916;47.31;48.06;47;47.89;3229055
20110919;47.11;48.32;46.66;47.98;1920553
20110920;48.17;48.93;47.42;47.49;2202667
20110921;47.59;47.9;46.1;46.18;2016305
20110922;44.25;45.89;43.63;44.81;3676160
20110923;44.41;45.7;44.22;45.52;2405473
20110926;45.75;48.19;45.07;48.16;3005469
20110927;49.09;49.25;47.09;47.35;2789603
20110928;47.54;48.3;46.89;46.95;2187210
20110929;47.83;48.05;45.43;46.65;3166833
20110930;46.04;46.86;45.47;45.68;2204699
20111003;45.25;47.65;45.2;45.37;4241617
20111004;44.62;48.56;44.62;48.44;5168334
20111005;48.38;48.45;46.54;48.22;5518750
20111006;48.82;48.98;47.24;48;5430353
20111007;48.28;49.74;48.08;48.69;4441778
20111010;49.56;50.81;48.79;50.67;2169303
20111011;50.17;50.32;48.55;49.26;4529720
20111012;50.07;51.49;49.49;50.18;3303391
20111013;50.28;50.92;49.31;49.47;2384015
20111014;50.47;51;49.48;50.7;2619379
20111017;50.37;51.29;49.9;50.03;1978224
20111018;49.93;52.61;49.06;51.97;3263213
20111019;51.85;52.1;51.08;51.32;1805674
20111020;51.14;51.33;49.88;50.58;3069788
20111021;51.37;51.61;50.74;51.59;2819956
20111024;51.73;53.35;51.43;52.77;3019006
20111025;52.25;52.25;49.75;50.63;2824534
20111026;51.57;51.73;49.61;50.46;2796727
20111027;52;53.09;50.67;52.15;3252892
20111028;51.9;52.34;50.67;51.17;2359166
20111031;50.25;51.33;49.94;50.69;2564422
20111101;49.08;50.75;48.87;50.25;2840366
20111102;51.08;51.24;50.15;50.57;3100494
20111103;49.33;51.14;48.38;51.07;4909346
20111104;50.03;51;49.93;50.39;2380479
20111107;50.24;50.88;49.55;50.63;1971697
20111108;50.96;51.75;49.87;51.2;2312441
20111109;49.97;50.78;48.74;48.93;3006080
20111110;49.86;50.06;48.86;49.62;3107624
20111111;47.89;49.53;47.65;49.48;4672125
20111114;49.37;49.73;48.9;49.09;2604203
20111115;48.96;49.65;48.54;49.3;2040112
20111116;48.85;49.34;48.07;48.13;2077469
20111117;48.07;48.29;46.57;47.01;3657650
20111118;47.31;47.31;46.49;46.98;2987786
20111121;46.21;46.7;45.6;46.31;2477921
20111122;46.27;46.56;45.42;45.73;2620112
20111123;45.19;45.58;44.66;44.74;1677538
20111125;44.47;45.07;44.22;44.29;804203
20111128;45.3;46.05;44.88;45.19;2443020
20111129;44.7;45.3;44.29;44.66;3478890
20111130;46.06;46.2;44.85;45.28;4859499
20111201;45.65;47.48;45.25;47.1;3659018
20111202;47.69;48.16;47.13;47.17;2463070
20111205;47.9;49.03;47.64;48.13;2889370
20111206;48.07;48.2;47.25;47.36;1612050
20111207;47.07;47.47;46.75;47.12;1572506
20111208;46.78;48.52;46.68;47.42;3118130
20111209;47.5;48.33;47.49;48.2;2112005
20111212;47.91;48.62;47.51;48.42;2461809
20111213;48.72;48.9;46.74;46.98;2712922
20111214;46.89;47.65;46.79;47.14;3209700
20111215;47.5;47.84;47.21;47.28;1872843
20111216;47.65;48.43;46.93;47.03;2355386
20111219;47.21;47.81;46.73;46.9;1876566
20111220;47.46;49.05;47.46;48.87;2298578
20111221;48.83;49.66;48.37;49.53;1850425
20111222;49.55;50;49.05;49.16;1283829
20111223;49.18;49.87;49.11;49.83;848555
20111227;49.7;50.27;49.34;50.07;919504
20111228;49.83;50.26;49.22;49.91;2221892
20111229;49.91;50.61;49.28;50.03;1419593
20111230;49.98;50.21;49.69;49.71;862370
20120103;50.52;50.67;49.7;49.72;2985448
20120104;49.6;50.39;49.49;50.08;2292834
20120105;49.84;50.84;49.17;50.61;2606943
20120106;49.31;50.2;49.07;49.74;1916141
20120109;49.78;49.95;49.19;49.66;1731180
20120110;49.9;49.91;48.87;49.36;2180415
20120111;49.33;49.56;48.68;48.98;2638564
20120112;49.3;49.3;48.42;48.93;1924133
20120113;48.69;49.28;48.33;48.48;1710935
20120117;48.95;49.52;48.77;48.99;1692563
20120118;48.93;49.81;48.82;49.64;2033529
20120119;49.77;50.63;49.36;50.37;2529887
20120120;50.25;50.57;49.83;50.02;1631540
20120123;49.93;50.75;49.34;49.38;1795549
20120124;49.14;49.91;49;49.62;1802714
20120125;49.64;49.7;48.37;48.74;2842653
20120126;48.91;49.38;48.12;48.46;1980061
20120127;48.3;48.75;48.14;48.55;1446561
20120130;48.19;49.61;48;49.53;2740508
20120131;49.7;50.03;49.08;49.38;2049052
20120201;49.65;50;49.28;49.52;2184664
20120202;49.82;50.01;48.67;49.11;2138163
20120203;49.52;50.49;49.48;50.27;2111772
20120206;49.97;50.12;49.64;49.79;1945552
20120207;49.63;51.11;49.43;50.6;2342648
20120208;50.71;51.24;50.48;51.01;2265536
20120209;51.02;51.27;50.5;51.15;1882214
20120210;50.7;51.07;50.5;50.78;984417
20120213;50.92;51.1;50.44;50.56;1841212
20120214;50.54;51;50.3;50.67;1683343
20120215;50.79;51.5;50.59;51;2617864
20120216;51;52.32;50.93;52.18;4155628
20120217;51.38;52.44;50.74;51.14;5424923
20120221;51.37;53.37;51.37;52.79;3954069
20120222;52.18;53.07;52.18;52.63;2347727
20120223;52.25;53.69;52.05;53.25;2268931
20120224;53.2;53.5;52.92;53.17;2273917
20120227;52.6;54.03;52.46;53.89;2605969
20120228;53.62;53.96;53.37;53.78;2025060
20120229;53.85;54.68;53.61;53.62;2915230
20120301;53.67;53.85;52.69;53.77;2555174
20120302;54;54.09;53.34;53.55;1376757
20120305;53.46;53.75;53.18;53.5;1294850
20120306;53.09;53.19;52.3;52.41;1585898
20120307;52.72;53.35;52.46;53.2;1355988
20120308;53.63;53.92;53.29;53.68;1131139
20120309;53.93;54.25;53.63;54.08;1127737
20120312;54.16;54.31;53.55;53.67;1052760
20120313;53.94;54.95;53.16;54.9;2266588
20120314;54.65;54.98;54.39;54.68;1215181
20120315;54.64;55.12;54.23;55.05;1612826
20120316;55.11;55.36;54.47;54.88;1823185
20120319;54.75;54.81;53.99;54.37;963293
20120320;54.22;54.88;54;54.74;1191650
20120321;54.9;55.45;54.74;55.25;1146493
20120322;54.83;55.43;54.69;54.99;1268559
20120323;54.88;54.9;53.83;54.54;897268
20120326;54.99;55.48;54.64;55.29;873454
20120327;55.28;55.67;55.08;55.4;941375
20120328;55.44;55.45;54.16;54.71;1044257
20120329;55.35;55.53;54.42;55.27;1936678
20120330;55.42;56.03;55.08;55.72;1893546
20120402;55.5;56.32;55.48;56.12;1246443
20120403;56.1;56.5;55.32;55.38;1868735
20120404;55.01;55.61;54.7;55.55;1796163
20120405;55.52;56.75;55.27;56.17;1827485
20120409;55.78;55.85;54.98;55.85;1751024
20120410;55.56;55.72;53.2;53.46;2134223
20120411;54.12;54.76;53.96;54.63;1764795
20120412;54.66;55.25;53.89;55.09;1496335
20120413;54.82;55.42;54.63;54.99;1282339
20120416;56;56;54.89;55.52;1841840
20120417;55.76;56.24;55.52;55.96;1439984
20120418;55.7;56.06;55.35;55.75;1111845
20120419;55.85;56.26;55.07;55.56;1202155
20120420;55.73;55.73;54.9;55.11;1573896
20120423;54.82;54.91;53.86;54.62;1194578
20120424;54.78;54.83;53.59;53.93;1507053
20120425;54.37;55.24;54.35;55.18;1394738
20120426;55.19;55.86;54.78;55.58;1215838
20120427;55.88;56.48;55.5;56.05;1185207
20120430;56.03;56.25;55.53;55.86;1519082
20120501;55.96;56.49;55.6;55.86;1380153
20120502;55.69;57.26;55.69;57.2;2446517
20120503;57.47;57.75;56.56;56.86;2106364
20120504;56.82;56.98;55.87;55.9;1474279
20120507;55.71;56.26;55.15;55.23;1473457
20120508;54.94;54.94;52.77;54.01;2754623
20120509;53.22;54.41;52.84;53.92;2179180
20120510;54.42;54.42;53.14;53.53;3307963
20120511;51.35;52.31;50.65;50.96;6557476
20120514;50.57;51.3;50.14;50.2;2488594
20120515;50.23;51.42;50.08;50.62;2342232
20120516;50.78;51.01;49.99;50.05;3009632
20120517;50;50.35;48.54;48.54;3191814
20120518;48.8;49.53;48.35;48.89;2559436
20120521;48.8;49.73;48.14;49.57;2099298
20120522;49.65;50.63;49.29;49.65;2125271
20120523;49.33;50.39;49.24;50.24;1834114
20120524;50.06;50.78;49.92;50.45;1637691
20120525;50.52;51.06;50.35;50.74;1588374
20120529;50.77;51.24;50.54;51.08;2042340
20120530;50.77;50.85;50.17;50.28;1608333
20120531;49.2;49.5;47.24;47.37;6856119
20120601;47.12;47.92;46.36;46.8;4435734
20120604;47.35;47.5;46.41;47.47;2677704
20120605;47.09;47.3;46.27;47.06;2867852
20120606;47.28;48.13;46.91;47.82;2087580
20120607;48.28;48.43;47.38;47.66;2272946
20120608;48.15;48.84;47.9;48.77;1921254
20120611;49.15;49.23;47.69;47.7;1866395
20120612;47.91;48.91;47.83;48.87;1861816
20120613;48.66;48.66;47.18;47.38;1832402
20120614;47.54;48.47;47.48;48.17;1682818
20120615;48.43;49.22;48.22;49.15;1777047
20120618;48.84;49.2;48.45;49.03;1651733
20120619;49.31;51.36;49.21;51.03;2715256
20120620;51.06;51.15;50.36;50.86;1693577
20120621;50.93;51.1;48.67;48.74;2825491
20120622;49;49.1;48.08;48.92;2144521
20120625;48.38;48.68;47.51;47.94;1683650
20120626;48.05;49.02;47.69;48.62;1496725
20120627;47.66;48.05;47.04;47.9;3118562
20120628;47.5;48.69;47.37;48.25;3571879
20120629;48.88;49.69;48.39;49.69;3314431
20120702;49.93;50.54;49.5;50.48;1929842
20120703;50.38;51.06;49.66;50.56;1581458
20120705;51.1;52.26;50.76;51.53;3680519
20120706;50.9;51.97;50.82;51.89;1703437
20120709;51.74;52.15;51.41;51.69;1491280
20120710;51.87;52.23;51.47;51.73;2049842
20120711;51.83;51.95;50.1;50.69;2540482
20120712;50.33;50.68;49.4;50.33;2060673
20120713;50.51;52.11;50.45;51.89;1959259
20120716;51.66;52.06;51.27;51.78;2100022
20120717;52.05;52.75;51.44;52.48;1414788
20120718;52.24;53.25;52.13;52.9;1153726
20120719;53.02;53.47;52.66;53.28;1432718
20120720;52.94;53.04;52.36;52.44;1615240
20120723;51.55;52.31;50.9;52.11;1269499
20120724;52.36;52.6;51.35;51.76;1312086
20120725;51.92;52.85;51.78;52.45;1199370
20120726;53.18;53.68;52.2;53.34;1533891
20120727;53.23;54.73;53.23;54.4;2256674
20120730;54.36;55.47;53.65;54.55;2873649
20120731;53.47;54.79;53.32;54.14;2328505
20120801;54.44;54.44;51.5;53.08;7732631
20120802;52.66;54.43;52.56;53.31;3322906
20120803;53.2;54.72;53.15;54.35;2865075
20120806;54.57;54.99;54.29;54.45;2486778
20120807;54.73;55.75;54.14;55.22;2470598
20120808;55.13;55.57;54.71;55.45;2089928
20120809;55.21;55.84;54.02;55.08;2887706
20120810;55.68;56.65;55.45;56.13;3394773
20120813;56.13;56.16;55.28;56.02;1665562
20120814;56.3;56.53;55.96;56.44;1830254
20120815;56.36;56.8;56.3;56.51;1067590
20120816;56.41;56.77;56.18;56.56;1165559
20120817;56.72;57.4;56.61;57.26;1340711
20120820;57.12;57.23;56.37;56.58;1421669
20120821;56.86;57.1;56.43;56.62;964354
20120822;56.62;57.95;56.62;57.72;2226483
20120823;57.5;57.6;56.95;57.07;1112421
20120824;57.07;58.18;56.95;57.95;1357673
20120827;58.15;58.37;57.13;57.68;1553131
20120828;57.61;58.41;57.41;57.44;2490085
20120829;57.55;58.05;57.25;58.03;2127288
20120830;58.21;58.44;57.49;57.53;2174698
20120831;57.78;58;57.28;57.83;1169325
20120904;57.86;58;57.06;57.67;1257525
20120905;57.66;57.78;56.83;57.07;1088625
20120906;57.42;58.11;57.42;57.96;1554984
20120907;57.96;58.02;57.25;57.51;1560607
20120910;57.4;58.3;57.26;57.86;1172193
20120911;57.63;57.9;57.33;57.77;1272275
20120912;57.79;58.44;57.57;57.95;1550688
20120913;57.85;57.99;56.83;57.66;1810428
20120914;57.63;58.15;57.39;57.56;1459841
20120917;57.75;58.02;57.12;57.46;1862773
20120918;57.34;57.34;55.84;56.33;2280695
20120919;56.56;57.22;56.3;56.86;1200008
20120920;56.54;56.75;56.04;56.56;1259308
20120921;57.07;57.49;56.01;56.05;2210979
20120924;55.5;55.72;55.15;55.17;1456117
20120925;55.4;55.96;54.86;54.9;1760996
20120926;54.81;55.14;54.18;54.9;1738901
20120927;55;55.32;54.66;55.06;1593553
20120928;54.87;55.48;54.51;55.18;1693217
20121001;55.31;56.19;55.31;55.74;1611216
20121002;55.84;56.2;55.26;55.63;1723912
20121003;55.66;56.5;55.65;55.88;1646134
20121004;55.94;57.47;55.64;56.05;2985669
20121005;56.28;56.95;56.01;56.18;1743489
20121008;56.11;56.74;56.01;56.46;824720
20121009;56.34;56.63;55.9;56.11;1906924
20121010;55.99;56.09;55.24;55.27;1175824
20121011;55.78;56.1;55.28;55.33;1547081
20121012;55.33;55.69;54.76;54.93;1211165
20121015;55;55.89;54.74;55.7;1207399
20121016;55.85;56.82;55.77;56.63;1646607
20121017;56.73;58.21;56.32;57.66;2998637
20121018;57.62;57.78;56.79;57.16;1619984
20121019;57.08;57.13;56.12;56.43;1340934
20121022;56.23;56.32;55.45;55.97;1407829
20121023;55.29;55.72;54.71;55.47;1187800
20121024;55.71;55.76;54.69;54.96;1353951
20121025;55.44;55.7;54.23;55.1;1763715
20121026;55.04;55.89;54.46;55.77;1758721
20121031;56.17;57.06;55.81;56.77;2082178
20121101;57.13;57.66;56.81;57.19;2009515
20121102;57.51;57.77;56.48;56.48;1545523
20121105;56.55;57.68;56.38;57.62;1091590
20121106;57.63;58.4;57.35;58.2;1693864
20121107;57.54;57.98;56.95;57.25;1982657
20121108;57.12;57.12;55.34;55.4;2172891
20121109;54.79;55.7;54.63;54.79;2436601
20121112;54.88;55.05;53.96;54.69;1435565
20121113;54.42;55.6;54.25;54.89;1414623
20121114;55.05;55.53;54.02;54.11;1439354
20121115;54.12;54.46;53.68;54.18;1674556
20121116;54.37;54.98;53.83;54.87;1711385
20121119;55.47;56.59;55.3;56.47;1369534
20121120;56.51;56.58;55.05;55.75;2563561
20121121;55.55;56.25;55.11;55.6;1304406
20121123;55.73;56.68;55.71;56.55;893476
20121126;56.33;56.4;53.31;54.24;3914936
20121127;54.1;54.84;53.28;54.16;2632070
20121128;54.04;55.45;54.04;55.2;2807737
20121129;54.38;55.27;53.93;54.37;3139286
20121130;54.28;54.46;53.85;54.09;2197082
20121203;54.07;54.34;53.23;53.72;2122331
20121204;53.64;53.8;52.84;53.23;1849063
20121205;53.41;53.71;51.89;52.7;3062400
20121206;52.92;53.13;52.13;52.97;1774323
20121207;52.96;53.39;52.14;52.8;1329474
20121210;52.77;52.88;52.1;52.26;2346595
20121211;52.56;52.64;51.68;51.88;3569475
20121212;52.16;52.67;51.32;52.11;2349430
20121213;52.04;52.8;52.03;52.15;1986962
20121214;52.14;52.44;51.94;52.2;2075069
20121217;52.15;52.32;51.42;52.28;2102334
20121218;52.23;52.46;51.4;52.43;2811976
20121219;52.57;53.25;52.29;52.79;2129130
20121220;52.38;52.38;51.35;52.11;2302605
20121221;51.67;52.57;51.49;52.45;2916507
20121224;52.28;52.78;52.25;52.42;842622
20121226;52.41;52.6;50.94;51.4;1898361
20121227;51.36;51.97;50.95;51.78;1988927
20121228;51.46;52.9;51.11;52.16;2669216
20121231;52.07;53.55;52.07;53.5;3354463
20130102;53.69;54.23;52.72;53.63;5630203
20130103;55.52;55.85;54.73;55.27;4970729
20130104;55.49;55.78;54.67;54.73;2776217
20130107;54.64;54.76;53.83;54.43;1878673
20130108;54.39;54.55;53.79;53.91;1497546
20130109;54.02;54.62;53.93;54.04;1863321
20130110;54.14;55.2;53.56;54.88;2094663
20130111;54.91;55.01;53.79;53.84;2546002
20130114;53.88;54.14;53.28;53.83;1325475
20130115;53.54;55.45;53.41;55.41;2921293
20130116;55.55;56.04;55.16;55.95;2386795
20130117;56.01;56.33;55.58;55.65;1216486
20130118;55.61;55.75;55.12;55.52;1254489
20130122;55.44;55.47;54.83;55.38;1695367
20130123;55.2;55.53;54.95;55.33;1367946
20130124;55.5;56.3;55.2;55.67;1080399
20130125;56.15;56.28;55.45;56.05;1221702
20130128;55.94;55.94;55.13;55.53;1211756
20130129;55.53;56.11;55.07;55.68;1618239
20130130;55.68;55.91;55.35;55.59;1430133
20130131;55.54;55.82;55.19;55.23;1318285
20130201;55.66;55.78;54.91;55.12;2187539
20130204;54.97;55.16;54.38;54.5;1382749
20130205;54.92;55.43;54.71;55.11;1929663
20130206;55.13;55.49;54.91;55.27;1797132
20130207;55.82;55.97;54.38;54.91;2052072
20130208;55;55.85;55;55.82;1605250
20130211;55.57;55.72;55.11;55.37;1297257
20130212;55.55;55.6;54.89;54.98;1642140
20130213;55;55.52;55;55.22;1235157
20130214;55.05;55.48;54.53;55.25;1091248
20130215;55.2;56.08;54.78;55.4;1623016
20130219;55.64;56.66;55.1;56.47;2618162
20130220;56.35;56.41;55.08;55.15;1816502
20130221;55.09;55.36;54.32;54.52;3139265
20130222;54.73;55.39;53.57;53.99;4002287
20130225;54.18;54.19;52.69;52.7;3032106
20130226;53.01;53.36;52.47;52.53;2790264
20130227;52.44;54;52.44;53.9;2434005
20130228;54.1;54.58;53.99;54.22;2394785
20130301;54.03;54.24;53.68;54.07;2316529
20130304;53.98;54.33;53.65;53.82;1863179
20130305;54.06;54.52;54.05;54.37;1993306
20130306;54.37;54.52;54.19;54.38;1656621
20130307;54.07;54.19;53.9;53.99;1132696
20130308;54.2;54.83;53.94;54.72;1009019
20130311;54.62;54.67;54.21;54.27;1467015
20130312;54.3;54.44;53.9;53.95;1491094
20130313;54.04;54.32;53.88;54.29;3129905
20130314;54.52;54.66;54.18;54.29;1631652
20130315;54.07;54.25;53.64;53.99;2411317
20130318;53.49;53.87;53.38;53.49;1275749
20130319;53.56;53.56;52.16;52.45;2870133
20130320;52.81;53.27;52.56;53.15;2731565
20130321;52.89;53.19;52.78;52.9;1576352
20130322;53.1;53.57;52.98;53.32;1241074
20130325;53.44;53.92;53.36;53.8;1720387
20130326;53.82;54.29;53.59;54.28;1996659
20130327;54.03;54.56;53.92;54.5;1397529
20130328;54.52;55.29;54.43;55.23;1844938
20130401;55.07;55.21;54.33;54.45;1420591
20130402;54.75;55;54.36;54.99;1042385
20130403;55;55.49;54.51;54.7;1936453
20130404;54.68;55.53;54.68;55.47;1117568
20130405;54.84;55.61;54.65;55.46;1563237
20130408;55.25;55.69;54.95;55.3;1341010
20130409;55.33;55.48;54.41;54.84;1651555
20130410;55.03;55.81;54.94;55.81;1427486
20130411;55.92;57.76;55.88;57.04;2432795
20130412;56.75;57.18;56.48;56.82;1494484
20130415;56.5;56.59;55.13;55.13;1568667
20130416;55.38;56.22;55.01;56.17;1798605
20130417;55.96;56.01;54.81;55.39;1681985
20130418;55.48;55.61;54.5;54.82;1411538
20130419;54.88;55.15;54.57;54.9;1673302
20130422;55.05;55.31;54.68;55.14;1101559
20130423;55.24;55.55;54.62;55.19;1308142
20130424;55.3;55.77;55.08;55.26;1113007
20130425;55.36;56.57;55.2;56.45;1843190
20130426;56.49;56.75;56.19;56.71;819843
20130429;56.78;56.91;56.47;56.54;865981
20130430;56.45;56.64;56.03;56.59;1021890
20130501;56.48;56.57;55.98;56.15;1229527
20130502;56.11;57.03;56.11;57.03;1199284
20130503;57.45;58.42;57.38;58.21;1213067
20130506;58.18;58.44;57.7;58.09;1266846
20130507;58;58.66;57.74;58.59;1304526
20130508;58.6;59.01;58.29;59;1240794
20130509;58.92;59.06;58.04;58.49;2020843
20130510;58.61;59.3;58.61;59.17;1549370
20130513;59.19;60.56;59.03;60.49;2857464
20130514;60.41;61.24;60.16;61.24;2367217
20130515;61.41;61.81;60.89;61.44;2005404
20130516;61.39;61.8;60.92;61.13;3266061
20130517;58.87;60.89;58.75;60.68;4494176
20130520;60.5;60.86;60.16;60.48;2197890
20130521;60.42;61.06;60.25;60.71;1454203
20130522;60.86;61.49;59.94;60.16;1370973
20130523;59.84;60.41;59.62;60.16;1357498
20130524;59.87;60.02;59.44;59.87;1027329
20130528;60.51;60.89;59.78;59.96;1064911
20130529;59.39;59.53;58.96;59.26;661720
20130530;59.4;59.79;59.07;59.14;662071
20130531;59.12;60.02;58.82;58.82;1203713
20130603;58.94;59.34;58.44;59.33;1058063
20130604;59.18;59.59;59.11;59.39;1467844
20130605;59.1;59.21;57.98;58.02;1421178
20130606;58.13;58.55;57.76;58.44;1081334
20130607;58.83;59.58;58.65;59.52;920605
20130610;59.56;59.84;59.14;59.42;836577
20130611;58.84;59.5;58.73;58.96;538531
20130612;59.2;59.34;58.15;58.24;710796
20130613;58.33;59.62;58.21;59.46;1024152
20130614;59.38;59.61;58.55;58.94;1094010
20130617;59.28;59.5;58.82;59.09;1050438
20130618;59.23;59.71;59.03;59.64;659828
20130619;59.63;59.8;58.87;58.9;853689
20130620;58.43;58.54;57.65;57.76;1201795
20130621;58.3;58.63;57.5;58.2;1577529
20130624;57.49;57.98;57.07;57.45;869229
20130625;57.9;58.97;57.9;58.67;1097908
20130626;59.08;59.51;58.65;59.4;1081319
20130627;59.65;59.92;58.98;59.56;954921
20130628;59.48;60.2;59.3;59.94;1659759
20130701;60.28;61.43;60.05;61.21;1652543
20130702;61.21;61.54;60.44;60.72;1088687
20130703;60.43;61.13;60.43;61.03;553716
20130705;61.42;62.1;60.96;62.04;711668
20130708;62.29;63.11;62.29;62.61;1417019
20130709;63.14;63.33;62.49;62.67;1418680
20130710;62.66;62.9;61.92;62.59;1314289
20130711;63.16;63.34;62.33;62.65;957716
20130712;62.61;63.15;61.78;62.26;1732230
20130715;62.31;62.7;62;62.09;1218537
20130716;62.22;62.46;61.9;62.02;1310967
20130717;62.12;62.46;61.28;61.62;1149822
20130718;61.68;61.95;61.42;61.61;1059710
20130719;61.93;61.94;61.01;61.56;1802346
20130722;61.77;62.25;61.38;62.07;697244
20130723;61.73;61.9;61.17;61.51;1487501
20130724;61.68;61.72;61.08;61.46;828627
20130725;61.37;61.52;61.04;61.44;763623
20130726;61.13;61.53;60.57;61.52;593165
20130729;61.34;61.85;61.27;61.63;804661
20130730;61.73;61.97;61.14;61.27;1075969
20130731;61.5;61.85;61.14;61.24;1091361
20130801;61.85;62.3;61.78;62.17;1231097
20130802;62.02;62.13;61.72;61.99;745690
20130805;61.91;62.16;61.69;62.07;712784
20130806;61.74;61.81;59.76;59.81;2836822
20130807;59.61;59.61;58.64;58.9;2031617
20130808;59.17;60.1;58.8;59.6;1607080
20130809;59.52;59.67;58.77;58.79;1836715
20130812;58.68;60.91;58.5;60.79;3641403
20130813;60.36;60.45;59.24;60.18;3062786
20130814;59.52;59.72;59.16;59.54;1932365
20130815;59.27;59.98;58.94;59.33;3472791
20130816;57.8;58.22;56.3;56.43;5334693
20130819;56.2;56.96;56.12;56.26;1806511
20130820;56.45;57.33;56.45;57.1;1644752
20130821;56.89;57.23;56.43;56.75;1465550
20130822;56.76;57.45;56.4;57.17;1502456
20130823;57.22;57.45;56.47;57.28;1460608
20130826;57.49;57.93;57.22;57.3;1829646
20130827;56.72;57.11;56.53;56.62;1685223
20130828;56.61;57.26;56.35;56.53;1038799
20130829;56.25;56.36;55.89;55.98;1339768
20130830;56.09;56.12;55.56;55.73;994934
20130903;56.29;56.56;55.38;55.49;1421545
20130904;55.63;56.25;55.63;56.12;1429092
20130905;56.08;56.52;56.04;56.19;1169940
20130906;56.32;56.32;55.34;55.92;1190992
20130909;56.66;56.85;56.09;56.58;1229096
20130910;56.92;57.19;56.56;57.1;1303109
20130911;57.07;57.37;56.8;57.22;1382238
20130912;57.04;57.38;56.79;57.03;1684306
20130913;57.3;57.5;56.85;57.28;1018462
20130916;57.86;58.55;57.77;57.98;1347459
20130917;58.18;58.58;58.01;58.18;623606
20130918;58.25;58.3;57.24;58.03;2115103
20130919;57.93;58.07;57.44;57.55;1695311
20130920;57.61;57.71;56.72;57;2557181
20130923;56.97;57.04;56.4;56.63;1635800
20130924;56.55;56.75;56.29;56.41;1926540
20130925;56.8;56.85;55.7;55.81;2878296
20130926;55.93;56.69;55.89;56.58;1911400
20130927;56.35;56.53;56.11;56.45;1618298
20130930;55.92;56.27;55.86;56.2;1814471
20131001;55.97;56.35;55.79;55.95;2167269
20131002;55.72;57.34;55.51;56.8;2838233
20131003;56.73;57.01;56.29;56.84;1559387
20131004;56.91;57.35;56.64;57.13;1338793
20131007;56.61;56.89;56.32;56.64;1884672
20131008;56.66;56.88;55.6;55.62;1654164
20131009;55.74;56.23;55.5;55.77;1630648
20131010;56.4;56.82;56.06;56.73;1892733
20131011;56.46;56.88;56.19;56.84;1671816
20131014;56.62;57.08;56.47;56.93;1004622
20131015;56.72;57.26;56.47;56.94;1834211
20131016;57.25;58.24;57.07;58.21;1868097
20131017;58.09;58.83;58.09;58.65;1298310
20131018;58.87;58.96;58.24;58.74;981727
20131021;58.87;58.9;58.35;58.84;812881
20131022;58.87;59.38;58.59;59.03;842562
20131023;58.87;59.22;58.49;58.87;620286
20131024;58.91;59.3;58.75;59.08;1212382
20131025;59.21;59.49;58.98;59.27;833021
20131028;59.14;60.48;58.91;60.15;1512710
20131029;60.31;60.85;59.85;60.46;1158250
20131030;60.57;61.24;60.07;60.38;1072309
20131031;60.27;60.7;59.91;60.47;993122
20131101;60.52;60.7;59.76;59.97;1012125
20131104;60.08;60.57;60.01;60.46;1196844
20131105;60.44;60.67;59.83;60.34;705915
20131106;60.48;60.92;60.16;60.51;1120024
20131107;60.76;61.4;60.17;60.32;1225974
20131108;60.22;61.43;60.14;61.02;1331135
20131111;60.82;62.06;60.64;61.84;1661677
20131112;61.96;62.61;61.51;61.82;2601607
20131113;62.78;63.6;62.77;63.38;3679457
20131114;63.19;63.72;62.44;63.43;3064919
20131115;62.41;63.35;62.13;62.8;3027667
20131118;63.02;63.04;62.24;62.48;1954697
20131119;62.28;62.91;61.82;61.87;2122964
20131120;62.13;62.53;61.64;61.76;1249027
20131121;61.63;62.27;61.63;62.14;927666
20131122;61.93;62.25;61.81;62.1;1180882
20131125;62.27;62.79;62.04;62.55;1104655
20131126;62.79;63.4;62.57;62.9;1335683
20131127;62.75;63.17;62.43;62.71;1182061
20131129;62.93;62.95;62.09;62.21;586183
20131202;62.09;62.56;61.75;61.79;1147817
20131203;61.66;62.33;61.12;61.87;1018005
20131204;61.34;61.69;60.93;61.35;1203008
20131205;61.31;61.33;60.78;61.05;855758
20131206;61.39;61.5;60.18;60.36;1730070
20131209;60.54;60.98;60.42;60.7;1230644
20131210;60.64;61.31;60.53;61.27;1374407
20131211;61.22;61.58;60.65;60.79;1547833
20131212;60.79;61.14;60.19;60.37;1145995
20131213;60.32;60.85;60.07;60.09;1046354
20131216;60.26;60.77;60.23;60.55;826385
20131217;60.94;60.95;59.79;59.83;1427879
20131218;59.83;60.36;59.31;60.34;1614617
20131219;60.32;60.59;60;60.24;840950
20131220;60.41;61.61;60.36;61.19;2002555
20131223;61.34;61.87;61.24;61.54;1124817
20131224;61.48;61.81;61.07;61.6;576643
20131226;61.72;62;61.58;61.61;609641
20131227;61.05;61.75;61.05;61.42;527432
20131230;61.43;62.09;61.43;61.85;650678
20131231;61.89;62.14;61.67;61.8;692319
20140102;61.67;62.2;61.34;61.95;1177814
20140103;61.95;62.56;61.73;62.17;807026
20140106;62.25;62.31;61.25;61.41;1693230
20140107;61.48;61.92;60.29;60.76;1911184
20140108;60.75;60.75;59.68;60.49;1922881
20140109;60.71;61.61;60.39;61.49;2069783
20140110;61.26;61.56;60.59;61.11;1181836
20140113;60.85;61.14;59.33;59.49;1488014
20140114;59.48;60.27;59.48;59.75;1575422
20140115;59.68;60.9;59.68;60.87;1488359
20140116;60.64;60.72;59.88;60.11;1285284
20140117;59.92;60.55;59.65;59.93;1932845
20140121;60.21;60.34;59.26;59.66;1301767
20140122;60;60.03;59.22;59.4;1098544
20140123;59;59.1;58.4;59.06;1086774
20140124;58.66;58.9;58.16;58.16;1209612
20140127;58.19;58.65;57.73;57.82;1413418
20140128;57.87;58.75;57.85;58.23;1739818
20140129;57.93;58.34;56.62;56.7;2124079
20140130;57.12;57.88;57;57.33;1237239
20140131;56.79;57.72;56.57;57.45;1646198
20140203;57.33;57.34;55.48;55.71;1885127
20140204;55.97;56.32;55.31;55.38;2180941
20140205;55.3;57.36;54.9;57.1;3223802
20140206;57.36;59.03;57.31;58.7;1918792
20140207;58.83;59.36;58.37;58.79;1353739
20140210;58.57;58.65;57.95;58.55;1953392
20140211;58.66;59.16;58.11;58.92;1625708
20140212;59.03;59.33;58.09;58.26;1610205
20140213;57.86;58.68;57.3;58.56;1280168
20140214;58.36;58.96;58.2;58.47;873426
20140218;58.85;59.41;58.64;58.92;1751261
20140219;58.47;59.41;57.75;58.88;1532164
20140220;58.88;59.68;58.87;59.44;2684924
20140221;58.44;59.97;58.26;59.24;4675717
20140224;59.49;59.84;58.6;58.61;2854035
20140225;58.67;59.49;58.61;59.23;2406724
20140226;59.47;61.25;59.33;60.92;2240737
20140227;60.83;61.45;60.69;61.37;1786808
20140228;61.3;61.67;61.05;61.48;1878568
20140303;60.78;61.44;60.6;61.21;1494844
20140304;61.73;62.16;61.51;61.65;1445708
20140305;61.61;61.95;61.15;61.58;1511093
20140306;61.27;61.87;60.97;61.58;1166766
20140307;61.92;62.56;61.78;62.41;1361494
20140310;62.4;62.82;62.24;62.63;1670288
20140311;62.68;63.09;62.17;62.28;1570134
20140312;62.29;62.36;61.78;62.2;1093021
20140313;62.3;62.79;61.47;61.51;1447713
20140314;61.44;62.22;61.25;61.33;1526197
20140317;61.65;62.44;61.64;62.09;1289812
20140318;61.98;62.55;61.98;62.41;1095103
20140319;62.31;62.73;61.8;62.18;1096038
20140320;61.99;62.49;61.86;62.36;897541
20140321;62.85;63.15;62.45;62.5;2000243
20140324;62.52;62.82;61.7;61.8;1321740
20140325;62.32;62.85;62.12;62.48;1733695
20140326;62.57;62.97;61.85;61.96;1749717
20140327;61.96;62.45;61.59;61.78;1513916
20140328;62.01;62.39;61.5;61.83;1203888
20140331;62.21;62.55;61.76;62.45;1205041
20140401;62.46;63.43;62.37;62.89;1444693
20140402;62.86;63.94;62.86;63.63;1380440
20140403;63.63;64.19;63.09;63.37;1768111
20140404;63.72;64.18;63.38;63.47;1834767
20140407;63.34;63.42;61.57;61.76;1316675
20140408;61.68;62.83;61.32;62.56;1559855
20140409;62.73;62.9;62.04;62.83;1066799
20140410;62.87;62.88;61.51;61.52;1173791
20140411;60.93;61.53;60.25;60.46;2256858
20140414;61.07;61.21;59.97;60.52;1161811
20140415;60.74;61.29;60.26;60.98;1084720
20140416;61.46;61.75;61.11;61.46;788073
20140417;61.32;61.4;59.97;60.84;2254945
20140421;60.65;60.9;60.39;60.57;1146272
20140422;60.54;61.2;60.24;60.82;1013940
20140423;60.84;61.91;60.76;61.89;1521279
20140424;62;62.43;61.82;62.03;1125933
20140425;61.85;62.01;61.36;61.48;987941
20140428;61.94;62.48;61.56;62.41;1484384
20140429;62.38;62.52;61.81;62.17;646456
20140430;61.21;61.69;60.71;61.28;1776414
20140501;61.47;61.8;61.04;61.5;820010
20140502;62.09;62.8;61.61;62.02;1079124
20140505;61.59;61.8;61.08;61.53;681738
20140506;61.26;61.66;60.41;60.62;1177231
20140507;60.69;60.89;60.2;60.67;1118941
20140508;60.55;62.36;60.55;61.28;987006
20140509;61.19;61.75;60.88;61.47;1084688
20140512;61.86;63;61.86;62.76;1467290
20140513;62.84;63.3;62.34;62.62;1723225
20140514;62.68;62.85;61.77;61.88;1288841
20140515;61.6;61.8;60.51;61.49;2818684
20140516;67.01;70.71;66.75;70.55;8397080
20140519;69.92;70;68.06;68.42;4603134
20140520;68.24;68.26;67.07;67.46;2899766
20140521;67.76;68.25;66.86;67.51;1500229
20140522;67.57;68.49;67.37;67.53;1649540
20140523;67.58;69.41;67.36;67.85;2070058
20140527;67.95;68.2;67.51;67.92;1462856
20140528;67.63;67.79;66.73;67.45;1682405
20140529;67.7;67.85;66.94;67.78;1106796
20140530;67.64;68.32;67.64;68.06;1467937
20140602;68.2;68.83;68.14;68.21;1270045
20140603;67.98;68.37;67.76;68.03;1111201
20140604;67.94;68.57;67.71;68.29;1386492
20140605;68.21;68.5;67.45;68.32;1255987
20140606;68.45;69.23;68.45;68.79;811238
20140609;68.95;69.54;68.58;68.65;890814
20140610;68.38;68.86;68.37;68.57;909596
20140611;68.08;68.5;67.69;67.91;908311
20140612;67.99;68.13;67.02;67.27;821662
20140613;67.46;68.11;67.26;67.89;942425
20140616;67.7;68.21;67.46;67.86;1288252
20140617;67.91;68.22;67.46;67.8;947781
20140618;67.84;68.41;67.58;68.3;1083309
20140619;68.3;68.56;68.07;68.36;972601
20140620;68.54;68.54;67.85;68.09;1714289
20140623;67.78;68;67.62;67.73;1139557
20140624;67.67;68.34;67.52;67.85;1280185
20140625;67.64;68.04;67.33;67.51;763419
20140626;67.37;67.68;66.72;67.63;1157530
20140627;67.63;68.25;67.63;67.99;876263
20140630;67.85;68.15;67.66;67.93;855227
20140701;68.19;68.83;67.89;68.69;837960
20140702;68.39;69;68.3;68.59;1081878
20140703;68.69;69.46;68.69;69.29;641888
20140707;68.92;69.6;68.84;69.41;811636
20140708;69.37;69.88;68.92;69.8;1294987
20140709;69.83;70.56;69.59;70.14;1374518
20140710;69.26;69.67;69.1;69.18;805542
20140711;69;69.37;68.37;68.75;1025005
20140714;69.12;69.28;68.71;68.76;1365135
20140715;68.5;68.74;68;68.05;1184945
20140716;68.25;68.33;67.63;68.16;940559
20140717;67.79;68.01;67.3;67.4;783636
20140718;67.65;68.02;67.35;67.98;999200
20140721;67.78;68.13;67.4;67.63;779687
20140722;67.74;68;67.67;67.74;769981
20140723;67.87;68.13;67.68;67.76;949396
20140724;67.99;69.22;67.99;68.76;787855
20140725;68.49;68.87;68.03;68.08;714715
20140728;68.19;69.19;68;68.99;1086777
20140729;68.99;69.39;68.86;68.9;866872
20140730;69.11;70.25;68.93;70.19;949868
20140731;69.68;70.19;69.19;69.23;1047038
20140801;68.44;69.4;68.44;68.95;1101241
20140804;68.95;69.78;68.73;69.55;837043
20140805;69.13;69.35;68.39;68.64;1085640
20140806;68.36;69.68;68.36;69.34;1026466
20140807;69.54;69.79;68.43;68.6;1054128
20140808;69.02;69.99;68.6;69.94;1361314
20140811;70;70.13;68.82;69.16;1673725
20140812;69.37;69.57;68.57;68.71;1480822
20140813;68.04;68.18;66.89;68.12;2692294
20140814;68.3;68.71;67.76;68.69;2820326
20140815;65.55;66.49;64.92;65.11;6070642
20140818;65.58;66.15;65.47;66.12;1830525
20140819;66.19;67.61;66.19;67.47;1542341
20140820;67.47;68.6;67.18;68.39;1399733
20140821;68.4;69.16;68.26;68.93;1298896
20140822;69.17;69.66;68.86;69.45;1380471
20140825;69.76;69.89;69.45;69.76;904334
20140826;69.75;70.56;69.5;70.21;1293360
20140827;70.32;70.49;69.81;70.01;987127
20140828;69.2;70.05;68.85;69.64;858269
20140829;69.71;69.87;69.19;69.25;920048
20140902;69.3;69.85;68.67;69.15;1390747
20140903;69.18;70;68.89;69.64;1180988
20140904;71;71.45;70.41;70.43;1833458
20140905;70.1;70.64;69.42;70.63;1561170
20140908;70.41;70.66;69.63;69.98;1309066
20140909;69.75;69.82;69.27;69.35;1328242
20140910;69.26;69.41;68.53;68.77;1273907
20140911;68.59;69.04;68.53;68.97;961349
20140912;69.04;69.32;68.7;69.08;1036941
20140915;68.92;69.22;68.62;68.91;705266
20140916;68.68;69.99;68.68;69.49;988207
20140917;69.64;69.72;69.13;69.37;1137274
20140918;69.44;69.65;69.16;69.27;697877
20140919;69.63;69.66;69.02;69.38;1315989
20140922;69.3;69.45;68.28;68.33;1124908
20140923;68.06;68.46;67.62;67.66;1317162
20140924;67.77;69.2;67.75;69.17;1008605
20140925;69.02;69.44;68.32;68.41;893932
20140926;68.58;69.22;68.45;68.94;967936
20140929;68.46;68.95;68.26;68.66;1007858
20140930;68.58;68.73;67.88;68.37;1273900
20141001;68.36;68.36;66.08;67.58;1985193
20141002;67.5;69.02;67.45;68.83;1406320
20141003;69.23;70.47;69.08;70.29;1813578
20141006;70.43;70.7;69.92;69.94;2171143
20141007;69.58;69.83;68.94;69.3;1304497
20141008;69.35;70.72;68.97;70.65;1562735
20141009;70.29;71.08;69.75;69.82;2071122
20141010;69.9;71.06;69.67;70.04;1461882
20141013;69.73;70.5;68.98;69.04;1316902
20141014;69.31;70.16;69.03;69.81;2230308
20141015;68.93;69.07;66.81;68.51;2828809
20141016;67.42;68.71;66.92;68.33;2170352
20141017;68.71;69.52;67.65;68.98;1770845
20141020;68.71;70.21;68.55;70.06;1152035
20141021;70.7;71.75;70.32;71.63;1451113
20141022;71.59;72.39;70.96;71.04;1162035
20141023;71.54;72.25;71.35;71.77;1240101
20141024;71.47;71.61;70.69;71.2;1266516
20141027;71.25;71.79;70.78;71.68;894448
20141028;70.91;71.4;70.22;71.26;1174308
20141029;71.26;71.95;70.92;71.38;935498
20141030;71.31;72.93;71.2;72.41;1154283
20141031;73.3;73.74;72.29;72.61;1253629
20141103;72.6;72.72;72;72.54;960578
20141104;72.08;72.39;71.44;72.03;1562373
20141105;72.51;72.74;71.96;72.26;943614
20141106;72.45;73.94;72.26;73.68;1505599
20141107;73.44;73.93;73.07;73.43;1354808
20141110;73.55;73.64;71.82;72.39;1669725
20141111;72.31;72.31;70.35;70.48;3712924
20141112;70.54;73.17;70.21;72.85;2692487
20141113;72.72;73.62;72.36;73.25;3020546
20141114;74.2;75.68;73.68;74.17;4140570
20141117;73.87;74.33;73.09;73.27;1617020
20141118;73.02;73.68;72.69;73.52;1319447
20141119;73.48;73.91;73.01;73.81;1023298
20141120;73.61;75.3;73.48;74.97;1174264
20141121;75.73;75.87;74.93;75.09;1181351
20141124;75.2;76.44;75.09;76.26;1159622
20141125;76.75;77.15;75.79;75.89;1202171
20141126;75.73;76;75.25;75.41;990926
20141128;75.79;77.2;75.79;76.36;565948
20141201;76.07;76.17;75.17;75.65;1053515
20141202;75.83;76.21;75.01;75.77;947316
20141203;75.77;76.51;75.4;76.33;814238
20141204;75.86;76.05;75.3;75.7;924264
20141205;75.82;75.95;75.3;75.55;676539
20141208;75.17;75.54;74.3;74.57;1219012
20141209;74;74.73;73.77;74.64;1269730
20141210;74.74;74.9;73.29;73.39;1496811
20141211;74.06;75.21;73.96;74.19;1220716
20141212;73.91;75.4;73.69;74.65;1032369
20141215;75.06;76.08;74.43;75.43;1630283
20141216;75.27;75.73;74.66;74.84;1539349
20141217;75;75.93;74.63;75.77;1155368
20141218;77.03;77.58;76.22;77.52;1080358
20141219;77.86;77.93;76.21;77.1;1897136
20141222;77.16;77.74;76.66;77.52;816691
20141223;77.75;79;77.64;78.72;855525
20141224;78.92;79.22;78.12;78.14;350815
20141226;78.29;78.99;78.07;78.17;413786
20141229;78.25;79.57;78.13;79.18;824539
20141230;78.92;79.3;78.62;78.76;771385
20141231;79.04;80.54;79.04;79.39;1379854
20150102;79.66;80.05;77.6;78.37;871717
20150105;77.7;77.81;76.95;77.28;1178709
20150106;77.46;78.03;76.32;76.79;1435586
20150107;78.09;79.64;77.72;79.42;1720436
20150108;79.95;80.05;79.41;79.78;1231291
20150109;79.78;79.78;78.3;78.5;972697
20150112;78.38;78.9;78.03;78.38;953294
20150113;79.19;79.57;77.43;77.95;1109675
20150114;76.59;77.32;75.94;77.04;1284444
20150115;77.71;78.2;75.72;75.78;964180
20150116;75.96;76.97;74.87;76.89;1553924
20150120;77;77.2;75.22;75.71;1270804
20150121;75.54;76.4;75.49;75.97;1008143
20150122;76.19;77.51;75.98;77.4;1132754
20150123;77.5;77.78;77;77.08;988693
20150126;76.88;78.04;76.71;77.99;1229506
20150127;77.35;79.26;77.05;78.72;1549935
20150128;79.2;79.89;77.77;77.86;1353614
20150129;78.09;78.79;77.33;78.27;1078075
20150130;77.37;77.79;76.13;76.2;1288770
20150202;76.06;76.73;74.51;76.57;1295613
20150203;77.05;78.92;76.81;78.89;1361926
20150204;78.5;79.22;78.13;78.9;1208675
20150205;79.05;79.68;78.5;78.76;944558
20150206;79.06;79.24;78.15;78.5;804782
20150209;77.9;78.71;77.9;78.52;1030911
20150210;78.99;79.38;78.73;79.26;997121
20150211;79.5;79.76;78.72;79.03;1073132
20150212;79.24;79.46;78.58;79.37;908212
20150213;79.53;79.65;79.13;79.41;708226
20150217;78.25;79.43;78.18;78.9;1502323
20150218;78.78;79.31;77.57;78.05;2080539
20150219;78.28;78.63;76.82;77.14;3920320
20150220;77.67;81.78;77.63;81.74;6839876
20150223;81.71;81.71;80.65;81.11;2049861
20150224;80.94;81.49;80.28;80.56;1243524
20150225;80.48;81.59;80.01;81.19;1505504
20150226;81.13;81.43;80.68;80.85;982271
20150227;81.06;81.72;80.35;80.43;1322910
20150302;80.5;80.89;79.89;80.68;1201341
20150303;80.76;80.89;79.72;79.97;792197
20150304;79.51;80.13;78.99;79.95;1163769
20150305;80;81.49;79.75;80.65;1523601
20150306;80.07;81.52;80.03;80.86;1396322
20150309;80.81;80.81;80;80.34;960245
20150310;80.03;80.26;79.21;79.44;1167348
20150311;79.44;79.9;79.2;79.27;666250
20150312;79.5;80.42;79.45;80.28;774794
20150313;80.25;80.55;79.69;80.36;597868
20150316;80.5;80.85;79.47;80.23;1610309
20150317;80;80.5;79.78;80.21;727444
20150318;80.25;80.78;79.18;80.49;959013
20150319;80.55;81.29;80.26;81.2;765468
20150320;81.28;82.42;81.16;82.32;1163685
20150323;82;83.16;81.57;81.99;1008951
20150324;81.78;82.34;81.59;81.63;724353
20150325;81.51;81.6;79.85;79.87;980882
20150326;79.55;79.72;78.69;79.14;1102569
20150327;78.94;80.11;78.73;79.73;676616
20150330;79.94;80.54;79.66;80.02;1052417
20150331;79.7;81.35;79.53;80.32;1169005
20150401;80.23;80.26;79.06;79.55;1010206
20150402;79.55;80.14;79.09;79.96;1104991
20150406;79.65;80.8;79.25;80.29;987436
20150407;80.27;80.76;79.82;79.86;548083
20150408;79.99;80.78;79.75;80.5;1237950
20150409;80.63;80.92;79.68;80.01;1037229
20150410;80.18;80.8;79.94;80.24;614137
20150413;80;80.81;79.71;80.05;770494
20150414;79.82;80.04;78.74;79.19;876562
20150415;79.47;79.94;78.07;78.16;1064921
20150416;78.09;78.69;77.81;78.5;1040962
20150417;77.95;78.11;76.33;76.43;2087140
20150420;76.88;76.9;76.25;76.7;1054107
20150421;76.86;77.82;76.86;77.61;1018265
20150422;77.47;78.03;77.04;78.01;793209
20150423;78;78.81;77.96;78.49;669982
20150424;78.67;78.67;78.09;78.16;589682
20150427;78.5;78.94;77.08;77.12;923370
20150428;76.74;77.67;76.08;77.34;1145299
20150429;77.15;77.37;76.21;76.62;1140422
20150430;76.29;76.53;75.27;75.56;1855118
20150501;75.43;76.23;75.43;76.1;1717736
20150504;76.26;76.33;75.75;76.04;1263007
20150505;75.98;76.38;75.34;75.43;1005454
20150506;75.57;75.88;74.62;75.44;1157319
20150507;75.6;77.07;75.46;76.78;1381006
20150508;77.43;78.04;77.03;77.27;1158380
20150511;77.19;77.48;76.94;76.97;912845
20150512;76.52;77.39;76.36;76.94;1060255
20150513;76.74;77.04;75.74;76.17;1158384
20150514;75.85;75.92;73.73;74.15;3540457
20150515;74.59;75.33;73.54;74.8;3855829
20150518;74.9;75.21;74.33;75.16;1586868
20150519;75.22;75.38;74.35;74.47;1309692
20150520;74.54;74.91;74.15;74.71;1114847
20150521;74.47;75.5;74.18;75.33;1109638
20150522;75.33;76.01;75.01;75.23;1075049
20150526;75.53;76.78;74.29;74.39;2050117
20150527;74.05;74.34;73.39;73.98;1219019
20150528;74.11;74.33;73.42;73.63;1216966
20150529;73.51;73.72;72.51;72.64;1510858
20150601;72.65;73.86;72.64;73.25;1396442
20150602;73.04;74.69;73.04;73.56;1730265
20150603;73.59;74.51;73.51;74.28;940508
20150604;72.74;74.12;72.01;73.32;1332546
20150605;73.25;73.85;73;73.58;1044629
20150608;73.5;73.97;73.25;73.39;860649
20150609;73.41;73.72;72.92;73.16;904467
20150610;73.61;73.73;73.21;73.61;647538
20150611;73.75;74.43;73.57;73.62;775381
20150612;73.35;74.1;73.12;73.98;929626
20150615;73.43;73.79;72.85;73.15;829299
20150616;73.08;73.55;73.08;73.36;693777
20150617;73.85;75.48;73.8;75.12;1705615
20150618;75.2;75.7;75.04;75.55;1165092
20150619;75.28;75.92;75;75.22;1254876
20150622;75.58;75.98;75.29;75.44;708044
20150623;75.69;76.52;75.45;76.02;953465
20150624;75.96;76.43;75.82;75.87;1062973
20150625;76.15;76.47;75.31;75.43;852543
20150626;75.33;76.36;75.33;76.2;839267
20150629;75.42;75.77;74.25;74.3;1601513
20150630;75;75.07;74.02;74.5;1173965
20150701;75.02;75.33;74.53;75.3;659792
20150702;75.32;75.86;74.91;75.12;658007
20150706;74.52;75.67;74.47;75.28;886246
20150707;75.54;78.02;75.06;77.96;2187210
20150708;78.17;78.17;76.2;76.35;1678388
20150709;77.24;77.24;76.2;76.47;1443429
20150710;77.47;77.49;76.78;77.38;837294
20150713;77.88;78.43;77.71;78.03;876863
20150714;78.1;78.33;77.7;78.01;823700
20150715;77.96;79.18;77.72;78.65;1255044
20150716;78.68;80.23;78.34;79.52;1563588
20150717;79.25;79.26;78.55;78.66;742361
20150720;78.93;79.43;78.66;78.9;726767
20150721;78.83;79.43;78.25;78.28;1200637
20150722;78.38;79.6;78.27;78.99;1000162
20150723;79;79.23;77.97;78.02;785006
20150724;78.21;78.38;77.17;77.2;986049
20150727;76.96;77.42;76.53;77.33;1136605
20150728;77.48;77.48;76.23;76.29;1518112
20150729;76.43;76.71;76.12;76.3;1366312
20150730;76.22;76.73;76.09;76.34;1018070
20150731;76.73;76.81;76.24;76.31;1386612
20150803;76.22;76.4;75.55;75.92;576444
20150804;76.08;76.45;75.74;76.26;976573
20150805;76.58;77.58;75.45;75.51;2308071
20150806;75.46;75.51;73.9;74.48;1459585
20150807;74.51;75.01;74.23;74.91;1111766
20150810;75.41;76.42;75.23;75.99;1140281
20150811;75.62;77.12;75.26;76.24;1699056
20150812;75.46;75.83;73.86;75.51;1762766
20150813;74.68;75.6;74.56;74.92;4088458
20150814;78.6;79.98;77.38;78.13;6489159
20150817;78.28;79.09;77.81;79.04;2019353
20150818;79.09;79.36;78.17;78.71;1161669
20150819;78.45;79.39;78.15;78.7;1090217
20150820;77.95;78.5;77.5;77.72;1054983
20150821;77.17;77.67;75.18;75.19;1380743
20150824;73.12;74.23;70.7;72.11;2404194
20150825;73.92;73.92;71.31;71.33;1574703
20150826;72.82;73.82;71.45;73.8;1596208
20150827;73.86;74.34;72.18;73.32;2001127
20150828;73.37;73.62;72.96;73.36;1163537
20150831;73.08;73.77;72.58;72.88;1305873
20150901;71.65;72.65;71.29;71.66;1427734
20150902;72.29;72.93;71.85;72.9;973890
20150903;73.29;74.46;73.1;73.46;940417
20150904;72.92;73.42;72.44;72.9;909562
20150908;73.98;74.49;73.6;74.42;1009797
20150909;74.96;75.35;73.09;73.19;1359581
20150910;73.02;74.25;72.94;73.76;1247116
20150911;73.42;73.64;72.57;73.6;1329734
20150914;73.38;73.72;72.95;73.18;870401
20150915;74.05;74.99;73.78;73.83;1849684
20150916;73.57;74.4;73.29;74.3;1190332
20150917;74.49;75.43;74.05;74.32;1041532
20150918;73.54;75.01;73.43;73.84;1856528
20150921;74.3;75.03;73.79;74.38;888154
20150922;73.79;74.25;73.41;73.7;706671
20150923;73.74;74.12;73.08;73.64;812547
20150924;73.19;73.49;72.71;73.09;980095
20150925;73.54;73.93;72.79;72.99;857410
20150928;72.86;73;70.82;70.89;1247074
20150929;70.79;71;69.91;70.44;1638955
20150930;70.99;71.78;70.87;71.71;1301489
20151001;71.61;71.9;70.61;71.43;1513724
20151002;72.25;75.21;70.59;75.12;4704868
20151005;75.49;75.67;73.28;74.34;4192061
20151006;74.3;75.08;73.15;73.27;2395742
20151007;69.5;69.7;67.5;67.96;2676751
20151008;67.94;69.15;67.73;68.97;1952090
20151009;68.88;69.33;68.27;68.43;1457790
20151012;68.57;69.05;68.1;68.83;1032550
20151013;68.78;69.33;68.1;68.53;1482932
20151014;68.7;69.03;66.57;66.87;2418616
20151015;67.26;67.47;65.75;67.42;1961881
20151016;67.57;67.91;66.72;67.27;1210746
20151019;67.2;68.48;66.93;68.44;1524907
20151020;68.28;69.19;68.01;68.53;1360527
20151021;68.86;69.54;67.59;67.68;1783291
20151022;68;68.81;67.58;68.51;1572715
20151023;67.95;68.67;64.61;64.99;2459183
20151026;64.77;65.33;63.73;65.23;2086373
20151027;65.4;65.4;63.73;64.58;2126850
20151028;64.91;65.86;63.93;64.66;1983359
20151029;64.84;64.84;63.92;64.7;1095106
20151030;64.78;65.63;64.39;65.21;1534864
20151102;65.08;65.49;63.5;65.2;2234616
20151103;66.07;67.27;65.88;66.99;2233338
20151104;67.11;67.23;66.09;66.42;1403693
20151105;66.5;66.98;65.62;66.68;1676495
20151106;66.53;66.99;65.73;65.8;1920993
20151109;65.5;65.51;62.19;62.7;4132623
20151110;62.94;64.84;62.3;64.73;3028430
20151111;63.23;63.56;61.06;62.32;4699264
20151112;62.32;64.51;62.31;63.47;6735853
20151113;50.49;54.34;50.43;53.96;23930032
20151116;53.51;55;52.82;54.73;6574309
20151117;55.51;55.58;53.76;54.64;3421081
20151118;54.83;55.75;54.31;55.64;3660475
20151119;55.44;56;54.91;55.6;3116181
20151120;56.19;56.99;55.82;55.96;3016209
20151123;55.95;57.62;55.72;56.76;4331563
20151124;56.59;58.64;56.52;57.71;3586983
20151125;57.71;58.27;57.4;57.79;2099731
20151127;57.68;58.06;57.06;57.61;1396081
20151130;57.45;57.66;56.09;56.31;5004543
20151201;56.5;56.97;56.1;56.75;3487741
20151202;56.99;57.71;56.3;56.61;3339266
20151203;56.8;57.23;55.62;57;5176004
20151204;56.78;57.64;56.28;57.08;4857584
20151207;56.7;56.7;54.66;56.44;7047224
20151208;56;57.77;55.87;56.84;4109491
20151209;56.28;57.84;56.15;56.67;3551708
20151210;56.94;57.93;56.62;56.77;2627138
20151211;56;56.29;55.24;55.43;3538040
20151214;55.75;56.31;54.25;54.76;4813592
20151215;55;55.41;54.31;54.51;4430539
20151216;54.97;55.2;53.08;54.08;5153136
20151217;54.15;54.15;51.27;51.34;5953825
20151218;51.22;51.54;49.98;50.58;6226547
20151221;50.96;51.17;49.43;50.05;3645965
20151222;49.86;51.13;49.34;50.81;3530461
20151223;51.27;51.86;50.44;51.56;2665294
20151224;51.5;51.61;50.53;50.95;889431
20151228;50.62;51.14;50;50.35;2172541
20151229;50.82;51.78;50.73;50.88;2434246
20151230;50.83;51.29;50.26;50.31;1663076
20151231;50.21;50.55;49.72;49.81;2401604
20160104;49.3;50.2;48.71;50.13;4518333
20160105;49.62;50.7;48.71;49.97;5307903
20160106;49.04;49.31;47.71;48.49;4218344
20160107;47.07;49.63;47.02;48.5;7616510
20160108;48.48;48.51;46.14;46.24;4015303
20160111;46.53;47.3;45.88;46.81;3702213
20160112;47.37;47.55;46.32;47.12;2968760
20160113;47.2;47.6;45.84;45.95;2808888
20160114;46.06;46.55;44.63;45.79;3563074
20160115;44.49;46.04;44.49;45.45;3830871
20160119;45.76;46.47;44.56;46.14;4360831
20160120;45.54;46.62;44.69;46.1;4647778
20160121;46.29;48.23;45.97;47.74;5490666
20160122;48.3;49.1;47.55;48.02;4241226
20160125;47.93;48.19;46.76;46.87;3193809
20160126;47.37;48.29;47.08;48.04;2123267
20160127;47.69;48.85;47.66;48.02;1827331
20160128;49.68;49.81;47.48;47.99;1680241
20160129;48.43;49.18;48.2;49.1;2118094
20160201;48.46;50.19;47.81;49.93;2893969
20160202;50.18;50.18;48.66;49.16;3153304
20160203;49.33;50.78;48.84;50.53;4038203
20160204;49.28;49.28;46.8;47.43;5557531
20160205;47.43;48.95;46.7;48.18;4682560
20160208;48.15;51.89;47.97;50.85;6711322
20160209;50.22;51.73;50.09;50.34;4448468
20160210;50.62;50.86;49.15;49.19;2628440
20160211;48.58;49.37;47.97;49.19;3021785
20160212;48.94;49.7;47.3;48.91;3801910
20160216;49.64;51.64;49.51;50.9;4480868
20160217;51.34;52.78;51.08;52.25;7120142
20160218;52.16;53.07;51.17;52.72;8327155
20160219;47.85;49.75;46.65;49.17;18947448
20160222;49.32;51.39;49.32;51.37;4712773
20160223;51.4;51.57;50.19;50.86;2753260
20160224;50.52;52;49.48;51.92;3537564
20160225;51.9;52.76;50.65;52.43;2835093
20160226;52.72;52.76;51.81;52.51;2330777
20160229;52.32;52.5;51.23;51.32;3370096
20160301;51.67;52.36;51.08;52.29;2579369
20160302;52.37;52.83;52.12;52.75;3080862
20160303;52.54;53.22;52.15;53.06;2012495
20160304;53.04;55.31;52.57;54.51;6376553
20160307;53.1;55.56;53.02;54.69;4177556
20160308;54.01;55.99;54;55.11;4829495
20160309;55.39;56.25;54.96;55.84;3367871
20160310;56.29;57.08;55.63;57.01;4074582
20160311;57.27;57.65;56.03;56.49;2681509
20160314;56.02;56.52;55.6;56.06;1798298
20160315;55.81;56.89;55.5;56.77;2422780
20160316;56.27;56.99;56.02;56.85;1753439
20160317;56.85;58.5;56.5;58.22;2342275
20160318;58.01;59.37;57.27;58.52;3668823
20160321;57.88;58.7;57.4;57.67;2454082
20160322;57.64;58.19;56.72;56.75;2579164
20160323;56.84;56.87;55.9;56.04;2114352
20160324;55.9;56.07;55.45;55.97;2026547
20160328;55.97;57.24;55.91;56.7;1344512
20160329;56.86;57.45;56.6;57.31;1452558
20160330;57.51;57.98;57.15;57.5;1147211
20160331;57.47;57.88;57.13;57.21;1211359
20160401;57.08;57.92;56.82;57.23;1889533
20160404;57.15;57.42;55.43;55.55;2570125
20160405;55.41;55.55;54.59;54.88;2460148
20160406;54.81;54.94;53.88;54.72;2667425
20160407;54.38;54.67;52.21;52.45;5483170
20160408;52.05;52.18;49.9;51.14;5299117
20160411;51.23;51.44;50.65;50.84;3040183
20160412;50.78;51.93;49.95;51.59;3684632
20160413;51.78;52.02;51.16;51.99;3674450
20160414;52;52;50.69;51.3;2305245
20160415;51.28;51.98;50.78;51.7;2537806
20160418;51.66;52.57;51.57;52.33;2193105
20160419;52.35;52.9;52.05;52.51;1754066
20160420;52.66;54.19;52.54;53.57;2321108
20160421;53.6;54.42;53.21;53.28;4143470
20160422;52.34;53.4;51.43;51.59;4290681
20160425;51.51;52.28;51.18;52.01;1700137
20160426;51.97;52.88;51.72;52.77;2683303
20160427;52.61;53.55;52.29;53.47;1588550
20160428;53.37;53.82;52.6;52.73;1529899
20160429;52.24;52.24;50.58;51.13;3116013
20160502;51.2;51.74;50.42;51.59;2676048
20160503;51.21;51.21;50.06;50.8;2143119
20160504;50.21;50.45;48.95;49.55;3877510
20160505;49.37;49.38;47.64;48.71;5014674
20160506;48.31;48.31;47.18;48.06;4678296
20160509;48.16;49.57;48.04;49.2;4222027
20160510;48.7;49.02;47.96;48.86;5063847
20160511;47.03;47.03;45.29;45.43;10006610
20160512;45;46.26;43.84;45.23;13426229
20160513;38.48;41.02;37.99;39.16;29545055
20160516;39.63;39.65;38.4;38.54;10379551
20160517;38.4;38.75;37.51;37.65;7042091
20160518;37.22;37.5;36.19;36.37;8688953
20160519;36.67;37.36;36.51;37.11;6326372
20160520;37.25;38.13;37.08;38.12;4846778
20160523;38.28;39.18;38.11;38.16;5240799
20160524;38.38;38.58;37.62;38.01;2721182
20160525;38.07;38.37;37.66;38.2;5086499
20160526;37.84;38.1;37.36;37.66;3751547
20160527;37.77;38.18;37.61;38.17;2704746
20160531;38.17;38.31;37.62;37.98;4793795
20160601;37.98;38.33;37.75;38.15;3900301
20160602;38.23;39.41;38;39.3;4576281
20160603;39.13;39.94;39.06;39.75;4453776
20160606;39.85;40.22;39.29;39.84;3692863
20160607;39.59;40.85;39.5;40.5;4164329
20160608;40.48;40.84;40.22;40.56;3254085
20160609;40.58;40.58;39.09;39.57;2997135
20160610;38.85;38.89;38.31;38.88;4313811
20160613;38.88;38.89;37.65;37.68;3610345
20160614;37.69;37.77;36.41;36.68;5393333
20160615;37.05;38.43;36.96;36.99;5180970
20160616;37.19;37.2;36.33;36.78;5516498
20160617;36.9;37.74;36.82;37.48;4906731
20160620;38.09;38.27;37.65;37.71;2378723
20160621;37.95;38.23;37.68;37.75;2616137
20160622;37.83;38.98;37.74;37.79;3050547
20160623;38.26;38.63;38.09;38.25;2480544
20160624;37.05;37.52;36.56;37.13;4210417
20160627;37.11;37.11;35.01;36.2;4739346
20160628;36.58;37.19;36.36;37.11;3328584
20160629;37.25;38.12;37.08;37.87;3451452
20160630;38.03;38.11;37.4;38.05;2732860
20160701;37.84;38.54;37.8;38.23;2757893
20160705;38.23;38.23;36.79;37.46;2728943
20160706;37.29;38.41;36.82;38.33;3656254
20160707;38.34;39.54;38.34;39.15;4460093
20160708;39.46;40.6;39.46;40.32;3937573
20160711;40.4;41.11;40.12;40.96;3070011
20160712;41.14;41.78;41.06;41.62;3198094
20160713;41.57;41.89;40.6;41.1;2534832
20160714;41.48;41.8;40.68;40.87;2087602
20160715;41.07;41.34;40.63;40.64;2130734
20160718;40.69;41.41;40.51;41.11;1988023
20160719;41.08;41.08;40.32;40.46;2305086
20160720;40.65;41.31;40.33;41.2;1604355
20160721;41.14;41.68;41.01;41.24;2067050
20160722;41.23;41.42;40.68;40.86;2357502
20160725;41.08;42.88;40.95;42.74;4274260
20160726;43.97;45.15;43.86;43.93;6290802
20160727;44.06;44.44;42.25;42.78;3398932
20160728;42.67;43.36;41.77;43.27;2311973
20160729;42.86;44.41;42.63;44.23;3292494
20160801;43.93;44.27;43.38;43.74;3159212
20160802;43.02;43.31;40.55;40.74;5563524
20160803;39.88;41.82;39.05;41.61;4205549
20160804;41.5;42.34;41.1;42;2248767
20160805;42.37;44.08;42.23;43.55;3112485
20160808;43.66;45.08;43.66;44.77;3428293
20160809;44.61;44.7;42.95;43.52;4771835
20160810;43.81;45.4;43.52;44.23;4407736
20160811;47;48.91;46.66;47.56;13944024
20160812;51;52.09;50.26;51.38;14787146
20160815;51.73;53.25;51.64;52.96;5845683
20160816;52.7;53.71;52.26;52.66;4351068
20160817;52.03;52.47;51.24;51.74;3962045
20160818;52.13;52.39;51.62;52.07;2490553
20160819;52.4;52.88;51.85;52.64;2897435
20160822;52.64;52.73;51.61;52.14;2840277
20160823;52.63;53.27;52.32;52.89;2473198
20160824;52.65;52.8;52.2;52.29;1908849
20160825;51.85;52.42;51.24;51.56;1775212
20160826;51.62;52.08;50.98;51.26;1970149
20160829;51.49;52.51;51.39;52.45;2128235
20160830;51.99;52.3;51.02;51.45;2187232
20160831;51.6;51.87;50.23;50.46;3024551
20160901;50.76;51.11;50.43;51.03;2538917
20160902;51.27;52.39;51.12;51.87;3054800
20160906;51.69;51.78;49.84;50.02;4010920
20160907;49.88;51.17;49.39;50.97;2991569
20160908;50.77;50.84;49.85;50.07;1980869
20160909;49.71;50.39;49.56;49.7;2759221
20160912;49.42;50.45;49.3;50.3;2543381
20160913;49.86;50.13;48.83;49.17;3256769
20160914;49.23;49.94;48.46;49.41;2979554
20160915;49.31;52;48.87;51.7;5178833
20160916;51.23;51.78;51;51.28;4126298
20160919;51.43;51.53;50.39;50.63;2533088
20160920;50.63;50.91;49.66;49.76;1729178
20160921;49.94;51.08;49.94;51.07;2245939
20160922;51.12;51.55;49.98;50.49;3744267
20160923;51.05;52.05;50.97;51.57;2541844
20160926;51.12;51.99;51.04;51.5;3213237
20160927;51.47;52.28;51.33;51.71;1676257
20160928;51.43;51.94;51.16;51.78;1460340
20160929;51.7;52.62;51.42;51.48;1995633
20160930;52.16;52.6;51.39;51.88;2607114
20161003;51.62;51.71;50.95;51.11;2156232
20161004;51.12;51.78;50.87;51.65;2108310
20161005;51.86;53.33;51.76;53;2433500
20161006;52.86;54.6;52.4;53.94;3292862
20161007;54.3;55.23;54.14;54.83;3613632
20161010;54.99;55.2;53.58;54.27;2319426
20161011;54.35;54.86;53.93;54.14;2308662
20161012;54.16;54.89;53.93;54.54;2351355
20161013;54.1;54.11;53.17;53.68;2144176
20161014;52.88;54.1;52.55;53.63;3297810
20161017;53.57;54.27;53.01;53.27;1762277
20161018;53.87;53.89;53.1;53.27;2082090
20161019;53.31;53.64;53.02;53.43;2621161
20161020;53.31;53.45;52.82;53.11;1678001
20161021;52.77;54.38;52.59;54.13;3270696
20161024;54.49;55.11;54.29;54.79;2161800
20161025;54.22;54.64;53.79;54.14;2748588
20161026;53.94;55.12;53.94;54.03;2968513
20161027;54.49;54.54;52.41;52.5;3564285
20161028;52.48;53.3;51.73;52.7;3375961
20161031;52.14;52.8;51.7;52;2638624
20161101;51.97;52.22;50.11;50.86;3285116
20161102;50.77;51.47;50.39;50.94;3006996
20161103;51.11;51.61;50.11;50.21;2218615
20161104;50.39;50.92;50.11;50.39;2274747
20161107;51.29;51.85;51.24;51.82;1724500
20161108;51.81;52.57;51.17;52.05;2984622
20161109;50.99;52.65;50.18;52.29;5374946
20161110;53.99;57.33;53.99;56.03;10673493
20161111;57.5;59.18;55.05;58.72;11523462
20161114;59.06;62.82;59.06;59.55;10520540
20161115;59.74;59.74;57.85;58.3;4644271
20161116;58.25;58.81;57.61;58.3;4020206
20161117;58.5;59;57.67;58.5;2659752
20161118;57.81;59.5;56.79;58.94;4053673
20161121;58.47;58.94;57.5;57.73;3210878
20161122;58.07;58.59;57.86;57.9;2472357
20161123;57.32;58.56;57.05;58.53;2428421
20161125;58.86;59.08;57.74;57.85;1147145
20161128;57.82;57.82;55.83;56.06;4388517
20161129;56.21;56.89;55.9;56.35;2858180
20161130;56.21;56.66;55.55;55.92;4235695
20161201;55.77;57.67;55.3;56.04;3454799
20161202;56.12;57.05;55.84;56.54;2088123
20161205;57.04;57.99;56.64;57.2;2702570
20161206;57.33;57.57;56.58;57.26;1870523
20161207;57.38;60.1;57;60.09;3345504
20161208;59.6;61.85;59.57;61.49;4141110
20161209;61.53;61.77;59.96;60.75;2761231
20161212;60.24;60.51;58.04;58.41;3785994
20161213;57.8;58.79;57.26;58.35;3275240
20161214;58.27;58.41;56.65;57.02;3782219
20161215;57.39;57.57;55.25;55.28;2205110
20161216;53.07;53.13;50.2;50.48;10748017
20161219;50.4;51.24;50.16;50.84;4003714
20161220;51;52.13;50.96;51.77;2844495
20161221;51.91;52.11;51.21;51.21;1513874
20161222;51.22;51.22;48.01;48.24;3841039
20161223;48.53;49.72;48.5;48.75;2331284
20161227;48.92;49.53;48.42;48.96;2313434
20161228;49;49.27;48.17;48.41;1674732
20161229;48.27;48.89;47.93;48.29;1455269
20161230;48.44;48.77;47.75;47.93;1552133
20170103;48.24;48.54;47.3;47.62;3968123
20170104;47.85;49.2;47.75;48.92;3781096
20170105;45.12;45.68;44.02;45.56;7409950
20170106;45.42;46.15;45.15;45.47;3088175
20170109;45.42;45.6;45.01;45.05;2270033
20170110;45.1;45.98;44.89;45.67;2325001
20170111;45.83;45.92;44.46;44.9;3031351
20170112;44.69;45.44;44.39;45.03;1903268
20170113;45.02;45.14;44.09;44.2;2338751
20170117;43.65;45.04;43.51;44.38;2022978
20170118;45.22;45.22;42.9;44.31;3708381
20170119;44.39;44.57;42.86;42.93;3588438
20170120;42.97;44.77;42.97;44.64;4064118
20170123;44.23;45;43.99;44.41;3116448
20170124;44.44;45.09;44.32;44.99;1689499
20170125;45.19;45.5;44.8;45.01;1663331
20170126;45.04;45.64;44.27;44.32;2705788
20170127;44.45;44.45;42.32;42.83;3299444
20170130;42.76;43.79;42.62;43.7;2222980
20170131;43.02;44.34;42.4;44.22;2829750
20170201;44.55;44.55;43.37;43.82;2354159
20170202;42.81;44.14;42.5;43.51;3914598
20170203;43.44;46.09;43.03;43.9;4679377
20170206;43.74;44.19;42.58;42.88;3015994
20170207;43.18;43.73;42.65;42.78;1972553
20170208;42.32;44.55;42.32;44.53;5710281
20170209;44.59;46.39;44.57;45.55;5420358
20170210;45.78;46.18;44.2;45;3121745
20170213;45.38;45.47;43.72;44.36;3018864
20170214;44.31;45.8;44.31;45.44;2551459
20170215;45.66;46.47;45.44;46.12;4031884
20170216;46.05;46.19;44.05;44.18;3284530
20170217;44.31;45.97;44.14;45.69;4296132
20170221;46.12;46.65;45.65;45.87;3306965
20170222;45.98;46.13;44.77;45.35;2459548
20170223;44.86;45.05;43.66;43.94;5364950
20170224;44.97;47.03;44;46.46;12959563
20170227;46.32;48.16;46.13;47.61;7315532
20170228;47.1;47.54;46.08;46.66;4704488
20170301;46.87;47.05;44.7;45.6;4672916
20170302;45.74;46.7;45.39;46.65;4169364
20170303;46.74;46.9;45.76;46.35;2270376
20170306;45.97;46.06;44.62;45.5;3979250
20170307;45;45.55;43.98;44.03;3750994
20170308;44.14;45.53;44.14;45.15;2671294
20170309;45.05;45.39;44.41;44.67;2098329
20170310;44.87;45.1;44.28;44.45;2788888
20170313;44.4;44.52;43.42;43.6;2349970
20170314;43.64;43.89;43.37;43.78;1832484
20170315;43.6;44.55;43.44;44.34;1776801
20170316;44.07;44.83;43.68;44.31;2343529
20170317;44.55;44.66;43.66;43.92;3366959
20170320;43.98;44.08;42.45;42.58;2651226
20170321;42.59;42.75;40.86;41.81;3212631
20170322;41.87;42.05;40.7;41.96;2650313
20170323;42.39;42.77;41.51;41.61;2713891
20170324;41.55;42.13;41.18;41.95;2107905
20170327;41.52;42.66;41.39;42.46;2645687
20170328;42.12;43.6;42.12;43.58;2897090
20170329;43.5;45.99;43.31;45.92;5004312
20170330;45.59;46.5;45.41;46.45;2180573
20170331;46.4;46.85;46.29;46.57;2645203
20170403;46.57;47.03;45.55;46.48;3085864
20170404;46.09;46.09;43.82;43.92;3867528
20170405;44.02;44.79;43.35;43.44;2378807
20170406;43.92;45.9;43.85;44.72;3545309
20170407;44.52;44.93;44.15;44.53;1819482
20170410;44.72;46.08;44.72;45.4;1724748
20170411;45.44;46.58;45.06;46.57;2324763
20170412;46.41;46.72;45.79;46.43;3405347
20170413;46.4;46.82;46.19;46.57;2770041
20170417;46.24;46.74;45.68;46.1;2222211
20170418;46.03;46.39;45.61;46.08;1530858
20170419;46.37;47.41;46.37;46.53;2285489
20170420;46.93;48.42;46.93;47.87;3037210
20170421;47.73;47.98;47.2;47.62;1944128
20170424;48.23;48.26;46.82;47.23;1904763
20170425;47.5;47.77;46.8;47.15;1689209
20170426;47.3;48.1;47.07;47.68;1825322
20170427;47.67;48.36;47.23;48.3;1968677
20170428;47.8;48.45;47.52;48.27;2518907
20170501;48.31;48.55;47.35;47.35;1742730
20170502;47.49;48.83;47.29;48.64;2038332
20170503;48.6;49.76;48.36;49.64;3113093
20170504;49.79;50.22;49.1;49.14;2999031
20170505;49.32;49.5;48.71;49.01;2026561
20170508;49.34;49.67;48.68;48.7;1706227
20170509;48.94;49.41;48.63;49.35;1985245
20170510;48.99;50.04;48.7;50.01;2498314
20170511;48.5;48.77;45.8;46.21;11157061
20170512;43.57;43.59;41;41.2;18905332
20170515;41.36;42.58;41.23;41.4;5182863
20170516;41.11;41.11;40.28;40.64;4629096
20170517;40.85;41.54;40.7;40.81;3414710
20170518;41.06;41.49;40.47;40.66;1933334
20170519;41.23;41.23;39.53;40.77;2771840
20170522;40.98;42.26;40.79;42.04;2498224
20170523;42.12;42.14;41.22;41.55;1829694
20170524;41.36;41.43;40.68;41.29;1794769
20170525;41.89;42.47;41.67;41.8;1673441
20170526;41.98;42.54;41.63;42.47;2291378
20170530;42.54;42.7;42.25;42.44;1657857
20170531;42.37;42.37;41.13;41.8;3166974
20170601;41.92;42.94;41.71;42.88;2178825
20170602;42.94;43.23;42.21;42.47;1485655
20170605;42.23;42.34;41.47;41.65;2197586
20170606;41.51;41.66;39.72;40.14;4561453
20170607;40.23;40.62;39.87;40.48;2510027
20170608;46.94;47.9;43.75;44.63;23161854
20170609;44.11;48.05;43.4;47.16;10744610
20170612;47.06;48.33;46.39;46.47;3799589
20170613;46.43;47.15;46.11;46.38;2082586
20170614;46.41;47.38;45.54;47.32;2120041
20170615;47.27;48.23;46.91;47;2771504
20170616;46.25;47.51;45.71;47.5;3442179
20170619;47.56;48.3;46.78;48.06;2223615
20170620;48.03;48.03;46.09;46.16;2737036
20170621;45.93;46.27;45;46.08;2126903
20170622;45.86;47.84;45.73;47.48;3748330
20170623;47.48;48.04;46.93;48;3205435
20170626;48.02;48.3;47.48;47.8;1549567
20170627;47.94;48.43;47.64;47.67;1567228
20170628;48.08;48.23;47.29;47.68;1690317
20170629;47.79;48.07;47.09;47.56;1760770
20170630;47.86;48.11;47.31;47.83;1398771
20170703;48.08;48.88;47.97;48.41;912348
20170705;48.3;48.95;48;48.12;1748859
20170706;47.92;48.09;47.18;47.38;1241157
20170707;47.47;47.98;47.08;47.54;1118819
20170710;47.26;47.26;45.99;46.22;2258934
20170711;46.24;46.8;46.06;46.45;1207768
20170712;46.5;46.9;46.17;46.61;1273712
20170713;46.9;48.21;46.89;47.33;2511531
20170714;47.36;47.45;46.53;46.85;1343483
20170717;46.86;47.86;46.82;47.41;1100998
20170718;47.14;47.47;45.97;46.27;1709111
20170719;46.44;47.1;46.23;46.94;1114480
20170720;47.09;47.32;46.42;47.1;762386
20170721;47.11;47.46;46.63;47.44;781896
20170724;47.25;47.38;46.8;46.9;993198
20170725;47.17;48.69;47.08;48.09;2062681
20170726;48.23;48.23;47.46;47.86;1004953
20170727;47.82;50.32;47.53;48.97;3965708
20170728;49.2;49.28;47.9;48.56;2152645
20170731;48.97;48.98;48.01;48.57;1205538
20170801;48.55;49.01;47.96;48.94;927014
20170802;46.88;47.67;46.24;46.49;3700691
20170803;46.37;47.82;46.35;46.85;2828084
20170804;46.97;47.33;46.47;46.81;2088844
20170807;47.1;47.87;46.86;47.49;1731635
20170808;48.75;48.86;47.36;47.41;1530332
20170809;47;47.21;46.33;46.88;1839443
20170810;46.1;46.69;44.55;44.87;5472315
20170811;44.35;46;43.74;44.9;6548321
20170814;45.41;45.87;44.96;45.36;2255380
20170815;45.07;45.13;44.32;44.66;1830282
20170816;45.02;45.59;44.44;44.58;1170166
20170817;44.26;44.7;43.81;44.44;1290685
20170818;44.26;44.73;44.06;44.33;1284938
20170821;44.29;44.54;43.67;43.77;1661300
20170822;44.08;44.67;43.92;44.52;908937
20170823;44.17;44.78;43.98;44.6;1005284
20170824;45.21;45.42;43.71;43.82;1771053
20170825;43.89;46.02;43.89;45.34;1878660
20170828;45.4;45.4;44.47;45.06;1408111
20170829;44.52;44.89;44.16;44.54;1316841
20170830;44.53;45.09;44.23;44.29;1459868
20170831;44.29;45.06;44.23;44.62;1460250
20170901;44.86;46.6;44.7;46.44;1863397
20170905;46.37;46.8;45.93;46.2;1747480
20170906;46.48;46.95;46.3;46.72;1496550
20170907;46.9;47;45.85;46.21;1110059
20170908;46.22;46.29;45.42;46.1;1123847
20170911;45.13;45.96;43.59;44.72;5102061
20170912;44.89;45.97;44.66;45.05;4947199
20170913;47.9;48.11;46.94;47.74;9565321
20170914;47.7;47.72;46.36;46.74;3298150
20170915;46.66;47.29;46.51;46.74;3005112
20170918;46.76;47.18;46.61;46.64;1550342
20170919;46.85;47.08;46.21;46.22;1803859
20170920;46.1;46.28;45.83;46.22;1492460
20170921;46.3;46.46;45.86;46.28;1108746
20170922;46.42;46.94;46.32;46.88;1552685
20170925;46.68;47.76;46.57;47.32;1545038
20170926;47.46;47.71;47.05;47.53;1600996
20170927;47.55;47.81;46.94;47.44;1344808
20170928;47.51;47.72;47.18;47.4;1663231
20170929;47.53;47.6;47.05;47.15;1455297
20171002;45.04;45.04;43.5;44.18;7689725
20171003;44;44.31;43.3;44.2;4014892
20171004;44.35;44.45;43.8;44.25;3490822
20171005;44.26;44.97;43.9;44.8;2171114
20171006;44.63;44.93;44.15;44.31;1391002
20171009;44.44;44.67;43.22;43.54;1266152
20171010;43.59;43.97;43.23;43.38;1323752
20171011;43.4;43.51;42.7;42.92;2257865
20171012;42.71;42.8;42.12;42.59;2938790
20171013;42.48;42.88;42.17;42.65;1424273
20171016;40.54;41.4;39.63;40.4;10612625
20171017;40.34;41.47;40.1;41.45;3992928
20171018;41.45;42.5;41.38;42.01;3962222
20171019;41.76;42.25;41.57;41.73;1123742
20171020;41.99;42.19;41.7;42.15;1777846
20171023;42.15;42.56;41.74;41.77;1350632
20171024;41.84;42.09;41.46;41.61;1461712
20171025;41.6;41.67;41.05;41.52;2209301
20171026;41.67;42.69;41.35;42.21;2793651
20171027;41.37;41.57;40.62;40.97;2331480
20171030;40.75;40.88;39.66;40;3010956
20171031;39.95;40.24;39.36;39.65;2143316
20171101;39.77;40.5;39.57;39.94;1891380
20171102;40.1;40.42;39.28;39.35;1885960
20171103;39.2;39.41;38.43;38.5;1642140
20171106;38.5;39.36;38.16;39.26;2701750
20171107;39.12;39.16;38.14;38.31;2364945
20171108;38.13;38.66;37.79;38.3;1866151
20171109;38.85;40.8;38.39;40.03;6859643
20171110;39.41;40.5;38.4;40.03;7114824
20171113;39.71;40.19;38.47;38.72;2871834
20171114;38.42;39.37;38.42;39.16;1968910
20171115;38.8;39.77;38.56;39.19;2158775
20171116;39.56;40.5;39.03;39.97;2033639
20171117;40.86;41.22;40.32;40.86;2346833
20171120;40.91;41.47;40.37;41.44;1899757
20171121;41.37;41.46;40.41;41.3;1458947
20171122;41.27;41.88;41.05;41.16;1607744
20171124;41.23;41.48;40.71;40.96;974197
20171127;41.08;41.9;40.61;41.34;2857388
20171128;41.39;42.72;41.11;42.67;2103450
20171129;42.87;46.35;42.78;45.76;7680403
20171130;45.61;46.96;45.15;45.45;4559270
20171201;45.38;45.94;44.4;45.5;2450236
20171204;46.14;47.85;46.13;47.26;3982844
20171205;47.19;47.19;45.62;46.15;2109495
20171206;46.2;46.55;45.11;45.32;2354876
20171207;45.81;46.01;44.69;44.98;2123782
20171208;45.02;45.83;44.68;45.78;1483419
20171211;45.96;46.11;45.37;45.84;1683980
20171212;45.08;46.39;45.08;45.74;1653300
20171213;45.89;46.49;45.56;46.27;1383989
20171214;46.25;46.84;44.86;44.96;1719117
20171215;45.32;46.04;45.16;45.49;2854172
20171218;45.74;46.82;45.62;46.63;1741335
20171219;46.81;46.99;45.99;46.51;1323091
20171220;46.81;47.13;46.31;46.84;1816309
20171221;46.84;47.68;46.75;47.5;1232457
20171222;47.52;47.75;47.27;47.54;1715969
20171226;47.6;49.09;47.59;48.47;1585632
20171227;48.24;48.49;47.69;47.93;2055334
20171228;47.92;47.92;47.19;47.71;1270979
20171229;47.78;48.07;47.28;47.38;1149723
20180102;48.76;49.86;48.51;49.12;3562343
20180103;49.3;49.7;48.53;48.65;2138922
20180104;48.38;48.63;46.3;48.06;2351475
20180105;48.22;48.65;47.9;48.25;1352990
20180108;48.56;49.24;47.55;48.27;1778522
20180109;48.24;48.24;47.45;47.89;1710393
20180110;47.64;49.5;47.55;49.2;3099386
20180111;49.36;50.11;48.71;50.09;2008416
20180112;50.38;53;50.3;51.82;5201554
20180116;51.85;51.97;50.04;50.18;1973686
20180117;50.52;51.16;50.13;50.97;1217288
20180118;50.84;51.4;50.69;51.22;884781
20180119;51.42;52.1;51.06;52;1504232
20180122;52;52.83;51.51;52.82;1100002
20180123;51.82;52.49;51.41;52;1181859
20180124;51.92;52.24;50.13;50.62;2557942
20180125;50.91;51;49.38;49.5;1945760
20180126;49.54;50.4;49.05;50.4;2416973
20180129;50.25;51.25;50.25;50.89;1301369
20180130;50.6;50.81;49.05;49.41;1608686
20180131;49.61;50.15;49.07;49.31;1357407
20180201;48.9;51;48.4;49.23;1447209
20180202;48.82;49.41;47.53;47.85;1842334
20180205;47.58;48.49;46.51;46.64;2622579
20180206;47.06;48.75;46.1;48.26;2463963
20180207;49.35;50.15;48.5;49.3;2221331
20180208;48.89;49.08;47.2;47.23;1791575
20180209;47.67;48.61;46.2;47.89;2079440
20180212;48.18;48.76;47.67;48.37;910082
20180213;48.3;49.23;48.18;49.17;1001251
20180214;48.87;50.67;48.49;50.36;1487097
20180215;50.76;51.6;50.3;51.24;1333622
20180216;51.13;51.8;50.9;51.5;1346662
20180220;50.97;51.43;50.15;50.49;1343886
20180221;50.52;51.1;50.04;50.06;1125792
20180222;50.16;50.74;50;50.27;1014627
20180223;50.69;54;50.23;53.56;7127872
20180226;53.63;53.8;52.21;52.4;2237668
20180227;53.14;53.53;51.01;51.03;2769921
20180228;51.51;51.95;50.89;51.31;2167688
20180301;50.65;50.87;49.15;50.48;3405552
20180302;47.85;53.23;47.46;53.04;4985294
20180305;52.9;53.18;51.74;51.9;2988274
20180306;50.99;52.51;50.81;52.49;3286235
20180307;52.19;52.33;50.64;51.05;2268846
20180308;51.42;51.52;49.95;50.13;2456820
20180309;50.43;50.76;49.38;49.99;2148364
20180312;49.91;50.31;49.38;49.85;1401232
20180313;50;50.97;49.89;50.33;1203484
20180314;50.35;50.61;49.35;49.48;1411446
20180315;49.46;49.56;48.73;48.92;2321836
20180316;48.81;49.84;48.77;49.32;1958655
20180319;49.34;49.77;49;49.36;1066583
20180320;49.59;49.68;48.84;49.35;1150717
20180321;48.2;48.4;47.32;47.7;3537751
20180322;47.36;48.12;46.83;46.87;1358051
20180323;46.99;47.56;46.25;46.36;1896538
20180326;46.89;47.48;46.64;47.13;1407638
20180327;47.08;48.47;46.91;47.37;1869987
20180328;47.41;49.11;47.27;47.9;1170382
20180329;48.11;48.98;47.94;48.41;1158087
20180402;48.29;48.95;46.71;47.53;2278709
20180403;47.64;48.22;47.52;48.2;1119497
20180404;47.59;49.5;47.56;49.42;1174186
20180405;49.55;50.14;49.17;50.07;764123
20180406;49.65;49.95;47.65;48.03;1308994
20180409;48.37;48.73;47.58;48.03;1643128
20180410;48.57;49.67;48.54;49.47;1485590
20180411;49.04;49.82;48.88;49.01;940279
20180412;49.02;49.42;48.1;48.37;1106735
20180413;48.64;48.78;47.15;47.39;1537156
20180416;47.66;48.05;47;47.85;1348643
20180417;48.25;48.34;47.07;47.15;1386498
20180418;47.39;48.12;47.23;47.28;1022079
20180419;47.06;47.11;45.81;46.72;1653073
20180420;46.76;47.87;46.53;46.78;1327690
20180423;46.82;48.24;46.72;48.15;1446801
20180424;48.17;48.8;47.62;47.89;1475487
20180425;47.8;48.81;47.28;48.73;1372434
20180426;48.6;49.76;48.37;49.68;1690663
20180427;49.52;51.62;49.51;51.6;2404670
20180430;51.71;52.14;50.53;50.56;2376914
20180501;49.9;51.1;49.46;50.17;1349953
20180502;49.99;50.48;49.27;50.2;1195285
20180503;50.04;50.09;49.23;49.28;2264447
20180504;49.11;49.69;48.57;49.49;1044004
20180507;49.74;49.74;47.99;48.52;1075527
20180508;48.46;48.82;48.05;48.4;1181868
20180509;48.5;49.42;47.99;49.27;1876781
20180510;48.85;48.89;47.56;48.58;1680977
20180511;48.24;49.16;47.96;48.8;925052
20180514;49;49.45;48.75;49.32;2139463
20180515;49.12;50.04;48.68;49.86;1551848
20180516;51.06;51.56;49.55;51.05;3042089
20180517;50.64;51.87;50.51;50.91;5173476
20180518;46.83;47.2;45.35;45.36;11422391
20180521;45.73;46.36;45.25;45.84;3733930
20180522;46.06;46.55;45.61;45.77;3483906
20180523;46.32;47.74;46.18;47.62;3086159
20180524;47.53;49.26;47.52;48.74;3065895
20180525;48.53;49.38;48.09;48.93;2491932
