20100104;9.43;9.75;9.31;9.73;24670065
20100105;9.82;10.59;9.8;10.5;49267932
20100106;10.44;10.45;10.14;10.14;21539887
20100107;10.01;10.81;9.98;10.8;30219357
20100108;10.7;10.87;10.45;10.6;17728406
20100111;10.81;11.28;10.8;10.9;34876792
20100112;11.45;12;11.38;11.95;64444327
20100113;12.18;12.43;11.7;12.39;47281863
20100114;12.37;12.87;12.22;12.38;37749362
20100115;12.41;12.54;11.91;12.09;32465139
20100119;11.91;12.25;11.77;12.21;17557894
20100120;12.02;12.15;11.75;11.91;19593664
20100121;11.88;12.05;11.3;11.32;25130332
20100122;11.22;11.84;10.76;11.62;40824333
20100125;11.91;12.15;11.58;11.99;31520526
20100126;11.9;12.29;11.75;12.09;24621084
20100127;12.03;12.23;11.75;12.22;22801660
20100128;12.3;12.49;11.6;11.76;27549033
20100129;11.94;11.98;10.86;11.06;38947485
20100201;11.14;11.82;11.14;11.82;30873241
20100202;11.88;12.03;11.45;11.88;19450997
20100203;11.69;11.87;11.35;11.42;21165403
20100204;11.14;11.52;10.76;10.79;23375356
20100205;10.86;11.1;10.53;10.94;29041820
20100208;11.14;11.22;10.61;10.73;16842222
20100209;11.07;11.07;10.61;10.72;20680518
20100210;10.81;10.95;10.35;10.4;23953789
20100211;10.44;11.4;10.4;11.38;43962440
20100212;11.1;11.17;10.8;11.03;29246561
20100216;11.23;11.61;11.23;11.59;21592194
20100217;11.7;11.76;11.36;11.63;23478025
20100218;11.07;11.18;10.63;10.8;49440468
20100219;10.7;11.05;10.62;10.86;18016847
20100222;11.01;11.02;10.85;10.92;15965113
20100223;10.81;10.84;10.33;10.43;19171173
20100224;10.48;10.63;10.38;10.44;11407576
20100225;10.31;10.49;10.08;10.45;13599727
20100226;10.52;10.67;10.11;10.54;17494777
20100301;10.69;10.77;10.57;10.66;16189528
20100302;10.81;10.85;10.63;10.69;13070485
20100303;10.75;11.17;10.63;10.85;20171522
20100304;10.93;10.99;10.63;10.77;12459374
20100305;10.91;11.35;10.85;11.27;20747302
20100308;11.28;11.55;11.16;11.47;16421932
20100309;11.22;11.8;11.21;11.54;21974793
20100310;11.7;11.95;11.61;11.89;23403153
20100311;11.79;11.8;11.47;11.67;13874830
20100312;11.84;12;11.65;11.8;16222933
20100315;11.66;11.74;11.2;11.38;18133670
20100316;11.5;12.34;11.45;12.3;34639966
20100317;12.46;12.67;12.21;12.26;31164146
20100318;12.25;12.29;11.87;11.91;16894221
20100319;11.94;12.05;11.56;11.75;16085465
20100322;11.56;12.68;11.36;12.52;38350168
20100323;12.68;12.8;12.13;12.5;32777165
20100324;12.37;12.79;12.35;12.45;33627442
20100325;12.6;12.8;11.95;11.97;28277477
20100326;12.1;12.75;12.05;12.46;31861027
20100329;12.6;12.79;12.42;12.48;16771326
20100330;12.5;12.5;12.12;12.21;14862235
20100331;12.07;12.3;11.95;12;18322212
20100401;12.15;12.32;11.82;12.04;19151812
20100405;12.19;13.2;12.09;13.17;40587302
20100406;13.21;13.8;13;13.56;41742300
20100407;13.37;13.75;13.15;13.35;21942366
20100408;13.19;15.06;13.1;14.73;98952528
20100409;14.66;14.88;14.25;14.8;44078442
20100412;14.8;15.54;14.7;15.04;41661957
20100413;15.22;15.6;15.1;15.41;39302804
20100414;15.75;15.8;15.16;15.41;36833779
20100415;14.31;15.36;14.3;14.57;83123305
20100416;14.69;14.73;13.87;14.37;70880238
20100419;14.37;14.62;13.72;14.03;31524662
20100420;14.63;15.12;14.46;15;48330321
20100421;15.15;15.18;14.69;15.09;25769783
20100422;14.86;15.74;14.67;15.74;35632903
20100423;15.95;16.47;15.75;15.89;41263607
20100426;16.35;16.66;16.17;16.64;32235425
20100427;16.34;16.45;15.48;15.57;39648020
20100428;15.93;16;15.33;15.8;27996928
20100429;15.95;16.55;15.95;16.46;26500938
20100430;16.25;16.66;15.79;15.89;29790364
20100503;16.17;16.42;15.75;16.41;20967240
20100504;16.03;16.05;15.33;15.48;31102682
20100505;14.93;15.73;14.47;14.94;34792562
20100506;14.68;15.38;12.5;13.72;63953771
20100507;13.86;13.96;12.52;13.12;51018762
20100510;14.08;14.42;13.77;14;32519362
20100511;13.7;14.68;13.65;14.24;30835599
20100512;14.36;14.7;14.27;14.7;22553297
20100513;14.7;15.08;14.32;14.36;25710101
20100514;14.15;14.32;13.36;13.65;28093580
20100517;13.47;13.78;12.95;13.32;36523876
20100518;13.88;14.12;12.8;12.98;42940696
20100519;12.81;13.17;12.33;12.77;38158331
20100520;12.13;12.4;11.71;11.77;43044696
20100521;11.5;12.61;11.4;12.42;38877938
20100524;12.57;12.78;11.77;11.79;30004892
20100525;11.22;11.98;11.05;11.95;47354199
20100526;12.39;12.5;11.7;11.71;36935193
20100527;12.22;12.82;12.04;12.82;30808994
20100528;12.78;12.94;12.1;12.46;35248633
20100601;12.18;12.72;12.1;12.17;28513777
20100602;12.35;12.55;12.14;12.47;17207729
20100603;12.7;12.84;12.4;12.75;23482890
20100604;12.24;12.75;12.01;12.13;25625969
20100607;12.2;12.29;11;11.01;35821275
20100608;11.18;11.48;10.82;11.46;34478942
20100609;11.6;11.78;10.85;11.09;40391123
20100610;11.37;11.52;11.02;11.46;28180174
20100611;11.2;11.65;11.12;11.6;20345900
20100614;11.98;12.45;11.78;11.95;44411797
20100615;12.24;12.6;12.09;12.57;30804185
20100616;12.28;12.57;12.21;12.36;24753986
20100617;12.4;12.48;12.1;12.18;21216634
20100618;12.2;12.32;11.96;12.03;16278499
20100621;12.39;12.64;12.11;12.23;25519593
20100622;12.4;12.42;11.86;11.89;21062134
20100623;12;12.12;11.8;11.96;20001216
20100624;11.94;12.08;11.16;11.19;27899503
20100625;11.29;11.53;11.02;11.52;21216557
20100628;11.56;11.56;11;11;19413717
20100629;10.78;10.8;9.96;10.05;46511673
20100630;10.13;10.3;9.59;9.64;27550061
20100701;9.64;9.87;9.09;9.7;40881037
20100702;9.78;9.83;9.3;9.48;18249155
20100706;9.83;9.88;9.16;9.27;23602454
20100707;9.27;9.91;9.27;9.9;26007144
20100708;10.09;10.19;9.62;9.82;21328214
20100709;9.82;10.04;9.74;9.97;13600666
20100712;9.98;10.18;9.78;9.82;14148002
20100713;10.12;10.52;10.01;10.4;27000239
20100714;10.42;10.61;10.2;10.42;20372975
20100715;10.48;10.55;10.07;10.25;16825619
20100716;10.07;10.19;9.52;9.63;21026314
20100719;9.78;9.78;9.31;9.55;18775564
20100720;9.32;10.07;9.28;10.03;19114904
20100721;10.26;10.3;9.65;9.69;25369965
20100722;10.01;10.25;9.97;10.15;21645230
20100723;10.22;10.58;9.28;10.52;20028109
20100726;10.57;10.97;10.36;10.96;19888845
20100727;11.18;11.36;10.85;11.15;35637825
20100728;11.17;11.42;10.9;11.1;26762801
20100729;11.26;11.43;10.82;10.99;21120256
20100730;10.8;11.17;10.66;10.86;27676103
20100802;11.12;11.41;11.01;11.27;21859011
20100803;10.83;11.55;10.77;11.17;40109925
20100804;11.25;11.37;10.92;10.98;25621838
20100805;10.9;11.1;10.7;10.73;16984067
20100806;10.65;10.81;10.52;10.71;18358583
20100809;10.86;11.12;10.73;11.07;12536186
20100810;10.91;11;10.69;10.87;12933982
20100811;10.55;10.65;10.12;10.14;20273420
20100812;10.01;10.24;9.97;10.07;16958669
20100813;10.11;10.22;10.06;10.09;12616826
20100816;10.09;10.13;9.86;9.95;12299463
20100817;10.07;10.48;10.07;10.29;18037576
20100818;10.35;10.36;10.12;10.17;15360497
20100819;10.23;10.26;9.84;9.94;17435336
20100820;9.91;9.95;9.66;9.92;12266427
20100823;10.05;10.07;9.67;9.67;16287848
20100824;9.5;9.5;9.13;9.25;23234941
20100825;9.15;9.4;8.99;9.39;21189550
20100826;9.53;9.59;9.09;9.14;15214701
20100827;9.17;9.5;8.96;9.4;17693166
20100830;9.38;9.44;9.05;9.06;14120972
20100831;9;9.14;8.92;9.01;18576627
20100901;9.21;9.35;9.08;9.25;14647458
20100902;9.3;9.53;9.22;9.51;14820414
20100903;9.76;10.15;9.75;9.84;23205030
20100907;9.76;9.84;9.55;9.57;14864242
20100908;9.87;10.28;9.8;10.22;28191839
20100909;10.49;10.63;10.23;10.27;22215654
20100910;10.38;10.54;10.25;10.34;19058180
20100913;10.6;10.62;10.45;10.54;17784894
20100914;10.49;10.54;10.31;10.33;16561824
20100915;10.28;10.54;10.27;10.46;11570167
20100916;10.46;10.5;10.21;10.24;12604238
20100917;10.35;10.41;10.02;10.08;21877261
20100920;10.22;10.93;10.1;10.87;35031047
20100921;10.93;11.08;10.64;10.73;27811206
20100922;10.7;10.84;10.43;10.56;16673563
20100923;10.41;10.57;10.1;10.17;18617485
20100924;10.47;10.77;10.43;10.67;22664660
20100927;10.98;11.48;10.95;11.25;38252046
20100928;11.49;11.55;11.18;11.44;30251442
20100929;11.56;11.56;11.16;11.23;20631249
20100930;11.32;11.45;11.12;11.28;15989190
20101001;11.42;11.44;11.22;11.25;12552103
20101004;11.22;11.67;11.2;11.36;23105736
20101005;11.55;11.75;11.47;11.71;20954241
20101006;11.75;11.92;11.48;11.62;18644806
20101007;11.75;11.76;11.45;11.71;18656083
20101008;11.66;13.69;11.63;13.56;96787149
20101011;13.6;13.79;12.92;13.48;56991402
20101012;13.27;14.1;13.17;13.61;57247211
20101013;12.41;12.53;11.75;12.1;155613165
20101014;12.3;12.33;11.47;11.56;52474157
20101015;11.77;11.78;11;11.06;49524720
20101018;11.2;11.4;11.02;11.17;30501643
20101019;11.08;11.21;10.7;10.78;35054883
20101020;10.9;11.06;10.82;10.95;27675155
20101021;11.09;11.39;10.92;11;32156559
20101022;11.09;11.32;10.97;11.24;17689603
20101025;11.34;11.4;10.91;10.99;23242261
20101026;10.84;11.16;10.84;10.97;20931372
20101027;11.01;11.12;10.8;10.92;23626154
20101028;11.21;11.26;10.95;11;31327117
20101029;11.01;11.13;10.87;10.93;22534443
20101101;10.96;11.05;10.82;10.92;20118262
20101102;11;11.28;10.95;11.15;30966401
20101103;11.08;12.37;11.08;12.31;102254829
20101104;12.5;12.63;12.06;12.32;49748198
20101105;12.38;12.57;12.04;12.11;39014554
20101108;12.47;12.97;12.38;12.92;85256163
20101109;13.29;13.58;12.85;13;72960139
20101110;13.21;13.74;13.04;13.38;59921380
20101111;13.23;13.56;13.07;13.28;34881570
20101112;13.32;13.54;12.65;12.92;46475339
20101115;13.17;13.22;12.92;12.93;35809460
20101116;12.83;12.85;12.12;12.37;42410935
20101117;12.41;12.47;11.81;11.82;32538586
20101118;12.2;12.3;12.01;12.06;25648392
20101119;12.09;12.3;11.9;12.15;21282181
20101122;12.43;12.72;12.25;12.71;32961087
20101123;12.39;12.45;12.06;12.17;27770515
20101124;12.38;12.51;12.26;12.44;19771171
20101126;12.32;12.45;12.22;12.29;8269656
20101129;12.28;12.32;12.08;12.26;16854871
20101130;12.11;12.38;12.09;12.22;16044063
20101201;12.54;12.57;12.34;12.38;19442814
20101202;12.45;12.92;12.42;12.85;35904447
20101203;12.82;13.57;12.75;13.5;43375381
20101206;13.41;13.67;13.27;13.27;29576566
20101207;13.51;13.88;13.03;13.51;51215928
20101208;13.7;13.88;13.3;13.78;46460756
20101209;13.67;14.08;13.35;13.39;54250061
20101210;13.43;13.47;13.07;13.25;27412458
20101213;13.41;13.53;13.18;13.18;22584924
20101214;13.25;13.42;12.9;12.95;26629914
20101215;12.9;13.09;12.62;12.72;23085155
20101216;12.85;13.3;12.77;13.26;27804008
20101217;13.33;13.68;13.25;13.64;32465317
20101220;13.84;14.46;13.75;14.34;40642117
20101221;14.57;14.93;14.44;14.89;37883034
20101222;14.94;14.99;14.27;14.73;36382899
20101223;14.66;14.8;14.5;14.67;19111401
20101227;14.48;14.78;14.37;14.77;13459180
20101228;14.88;15.02;14.64;14.9;15401602
20101229;15;15.1;14.84;14.92;17317976
20101230;14.93;15.03;14.74;14.82;9769665
20101231;14.78;14.98;14.55;14.85;16647907
20110103;15.23;15.49;15.19;15.38;28963879
20110104;15.51;15.63;15.29;15.34;26124805
20110105;15.24;15.5;15.19;15.47;24115487
20110106;15.53;15.53;15.06;15.22;22955278
20110107;15.72;16.48;15.64;16.35;69151018
20110110;16.5;16.65;16.05;16.33;42674342
20110111;16.46;16.47;15.92;16.29;37442525
20110112;16.4;16.43;16.16;16.33;21158609
20110113;16.29;16.85;16.19;16.29;38077689
20110114;16.5;16.8;16.31;16.76;27584084
20110118;16.82;16.94;16.44;16.64;18166763
20110119;16.57;16.69;15.68;15.83;33856763
20110120;15.66;15.7;15.05;15.33;34832273
20110121;15.33;15.56;14.87;15;29464643
20110124;14.95;15.35;14.94;15.1;23492756
20110125;14.93;14.95;14.4;14.58;28836252
20110126;14.73;15.41;14.7;15.25;26818492
20110127;15.38;15.38;14.85;15.2;21239438
20110128;15.19;15.28;14.48;14.49;28101903
20110131;14.56;15.05;14.49;14.83;19294442
20110201;15.05;15.26;14.95;15.09;19639790
20110202;15.11;15.34;14.84;15.2;16029999
20110203;15.24;15.43;14.93;15.15;17569207
20110204;15.04;15.04;14.72;14.81;16056204
20110207;14.88;15.17;14.63;14.94;17158512
20110208;15.63;15.91;15.45;15.69;42622699
20110209;15.68;15.74;15.38;15.7;18961404
20110210;15.58;15.92;15.3;15.78;25338428
20110211;15.87;15.94;15.44;15.54;36363145
20110214;15.15;15.33;14.83;15.07;49517820
20110215;15;15.16;14.95;15.09;18824003
20110216;15.14;15.23;14.98;15.06;21384069
20110217;15;15.06;14.9;14.94;14489351
20110218;15.01;15.02;14.7;14.82;19980334
20110222;14.4;14.56;13.92;13.93;35249170
20110223;13.85;13.92;13.1;13.49;36639973
20110224;13.48;13.72;13.21;13.62;22013545
20110225;13.77;14.11;13.72;14.06;19169601
20110228;14.2;14.33;13.9;13.94;16546906
20110301;14.03;14.06;13.49;13.58;22969504
20110302;13.49;13.72;13.28;13.4;19938042
20110303;13.63;13.99;13.51;13.84;19304891
20110304;13.96;13.96;13.6;13.76;14729491
20110307;13.75;13.75;13.28;13.44;22400134
20110308;13.45;13.68;13.42;13.57;11988233
20110309;13.58;13.85;13.4;13.52;18070152
20110310;13.34;13.34;12.75;12.87;33942223
20110311;12.61;13.17;12.55;13.06;20470850
20110314;12.9;13;12.62;12.81;14331875
20110315;12.22;12.77;12.15;12.69;21154796
20110316;12.66;12.8;12.26;12.33;25413846
20110317;12.63;12.8;12.54;12.64;16948178
20110318;12.81;12.94;12.47;12.48;14296966
20110321;12.65;12.93;12.56;12.89;17226120
20110322;12.97;13.19;12.77;12.77;19102667
20110323;12.74;12.8;12.5;12.69;16365154
20110324;12.85;13.16;12.74;13.1;20624329
20110325;13.58;13.68;13.19;13.22;23235135
20110328;13.32;13.35;12.88;12.89;16378679
20110329;12.89;12.96;12.75;12.86;9002741
20110330;12.97;13.29;12.82;13.17;16325836
20110331;13.05;13.16;12.89;13.15;17844370
20110401;13.42;13.6;12.95;13.26;21689064
20110404;13.37;13.46;13.17;13.26;12667061
20110405;13.32;13.43;13.24;13.33;11648899
20110406;13.45;13.46;13.27;13.44;8519818
20110407;13.43;13.58;13.19;13.22;14408511
20110408;13.31;13.33;13.01;13.15;22940001
20110411;13.2;13.21;12.68;12.76;18352539
20110412;12.6;12.69;12.41;12.61;16880346
20110413;13.05;13.8;13;13.7;58036534
20110414;13.68;14.1;13.67;13.94;32281937
20110415;13.94;14.04;13.85;14;14165267
20110418;13.79;13.86;13.41;13.77;21285511
20110419;13.8;13.84;13.21;13.3;23128307
20110420;13.66;13.79;13.33;13.4;26712150
20110421;13.53;13.54;13.26;13.39;12424530
20110425;13.36;13.44;13.26;13.34;8150752
20110426;13.06;13.13;12.88;13.02;20623559
20110427;12.97;12.99;12.7;12.96;16001309
20110428;12.9;12.94;12.59;12.68;16300377
20110429;12.65;12.79;12.52;12.66;14292044
20110502;12.76;13.14;12.71;13.01;20109256
20110503;12.95;13.03;12.7;12.89;17912391
20110504;13.72;14.49;13.43;14.22;80277206
20110505;14.1;14.49;14.01;14.32;29547379
20110506;14.5;14.77;14.3;14.45;28076581
20110509;14.66;14.95;14.53;14.69;19252407
20110510;14.71;14.97;14.65;14.96;13542797
20110511;14.91;15.15;14.53;14.71;18610400
20110512;14.43;14.7;14.31;14.41;16165143
20110513;14.47;14.98;14.43;14.72;18022558
20110516;14.86;14.94;14.33;14.35;19054288
20110517;14.42;14.57;14;14.55;17805855
20110518;14.71;15.15;14.62;15.05;25520899
20110519;15.16;15.54;15.15;15.52;31182243
20110520;15.48;15.66;15.15;15.38;23722089
20110523;15.03;15.18;14.86;14.93;15669600
20110524;14.98;15.15;14.69;14.94;12793708
20110525;14.89;15.72;14.79;15.53;20145628
20110526;15.43;15.78;15.38;15.72;18240712
20110527;15.73;15.8;15.35;15.4;15158334
20110531;15.62;15.65;14.97;15.07;20601976
20110601;14.96;15.19;14.48;14.51;21140731
20110602;14.62;14.86;14.47;14.77;14582367
20110603;14.42;14.49;14.12;14.19;19009926
20110606;14.25;14.35;13.74;13.76;22499227
20110607;13.9;14.09;13.51;13.51;19167180
20110608;13.51;13.53;12.84;12.88;27403421
20110609;12.94;13.14;12.71;13.04;18935790
20110610;12.87;12.94;12.32;12.55;25577913
20110613;12.93;13.18;12.44;12.5;25194289
20110614;12.77;13.08;12.71;12.87;19309858
20110615;12.7;12.89;12.4;12.46;21740593
20110616;12.63;12.76;11.78;12.12;34865448
20110617;12.27;12.4;12;12.1;17632255
20110620;11.94;12.04;11.8;11.89;17166318
20110621;12;12.48;11.95;12.33;19261239
20110622;12.25;12.53;12.11;12.15;16613843
20110623;12.03;12.5;11.88;12.45;31060596
20110624;12.51;12.7;12.11;12.2;20449896
20110627;12.2;12.61;12.08;12.52;17042186
20110628;12.64;13.14;12.57;12.95;21708580
20110629;13.24;13.28;12.88;12.94;16428264
20110630;12.95;13.4;12.94;13.21;15600568
20110701;13.28;13.88;13.24;13.69;18548115
20110705;13.71;13.79;13.36;13.7;13920587
20110706;13.58;13.97;13.56;13.97;18334097
20110707;14.2;14.99;14.12;14.73;35208514
20110708;14.35;15.03;14.31;14.96;28303315
20110711;14.78;15.25;13.98;14.07;40225277
20110712;14.07;14.78;13.99;14.49;33238069
20110713;14.79;15.07;14.74;14.85;27137950
20110714;15;15.07;14.52;14.72;22716781
20110715;14.85;14.95;14.66;14.93;14862022
20110718;14.78;14.86;14.52;14.79;16431294
20110719;15.48;15.75;15.03;15.45;41662385
20110720;15.5;15.65;15.34;15.42;15738546
20110721;15.52;15.79;15.51;15.58;20837059
20110722;15.53;15.98;15.53;15.8;22799741
20110725;15.63;15.97;15.52;15.83;15782833
20110726;15.74;15.91;15.63;15.87;14218197
20110727;15.96;16.05;15.3;15.43;29718660
20110728;15.4;15.74;15.14;15.3;20424385
20110729;15.02;15.42;14.85;15.11;16092365
20110801;15.62;15.74;14.95;15.21;16466715
20110802;15.08;15.25;13.84;13.88;32357758
20110803;14.1;14.31;13.31;14.19;37204847
20110804;13.88;14.19;12.66;12.66;45104659
20110805;13.01;13.18;11.79;12.66;36224780
20110808;11.74;12.11;11;11.54;42141722
20110809;12.07;12.07;10.26;11.18;59147103
20110810;10.87;11.12;10.26;10.33;35072534
20110811;10.58;11.42;10.28;11.17;28921660
20110812;11.52;11.95;11.31;11.53;27412170
20110815;11.7;12.08;11.63;12.06;15322356
20110816;11.83;12.07;11.52;11.6;18501289
20110817;11.77;11.97;11.44;11.54;16077093
20110818;10.27;10.6;9.88;10;50050874
20110819;9.77;10.1;9.35;9.5;30403422
20110822;9.9;9.92;9.01;9.15;29163049
20110823;9.29;9.4;9.04;9.25;35061851
20110824;9.3;10.28;9.25;10.24;35869221
20110825;10.35;10.65;9.73;9.81;25895744
20110826;9.75;10.38;9.57;10.28;21619180
20110829;10.64;11.16;10.57;11.16;22234272
20110830;10.96;11.32;10.8;11.16;22406294
20110831;11.39;11.53;10.86;11.07;22590850
20110901;11.25;11.44;10.92;10.97;16565352
20110902;10.68;10.69;10.15;10.32;24588401
20110906;9.83;10.37;9.83;10.32;21288516
20110907;10.61;10.9;10.55;10.85;19943148
20110908;10.78;11.1;10.47;10.58;22251577
20110909;10.57;10.8;9.97;10.09;29446369
20110912;9.86;10.42;9.81;10.32;27415495
20110913;10.53;10.76;10.41;10.53;25264012
20110914;10.68;10.82;10.38;10.58;18905923
20110915;10.75;10.76;10.45;10.72;16701831
20110916;10.69;10.85;10.6;10.79;14533916
20110919;10.57;11;10.46;10.88;19615616
20110920;11.25;11.57;11.02;11.03;32908019
20110921;11.27;11.43;10.8;10.81;22615491
20110922;10.38;10.5;10;10.28;33406796
20110923;10.09;10.48;10.04;10.32;19995242
20110926;10.49;10.66;10.01;10.64;19966532
20110927;10.99;11.18;10.6;10.68;21891298
20110928;10.72;10.97;10.22;10.27;17905349
20110929;10.53;10.53;9.61;9.93;33592892
20110930;9.8;9.88;9.07;9.29;33990172
20111003;9.06;9.34;8.21;8.23;36421750
20111004;8.26;8.76;7.4;8.74;38616986
20111005;8.66;8.82;8.38;8.73;20707752
20111006;9.05;9.51;8.86;9.48;27306507
20111007;9.65;9.77;8.98;9.01;28681244
20111010;9.23;9.73;9.23;9.59;24345760
20111011;9.4;9.98;9.23;9.83;28045596
20111012;10.09;10.52;9.9;9.98;29321627
20111013;9.99;10.33;9.73;10.2;24183197
20111014;10.38;10.48;10.02;10.22;17604156
20111017;10.2;10.3;9.95;10.01;12771576
20111018;9.93;10.58;9.81;10.51;22482268
20111019;10.37;10.47;9.88;10.1;28875642
20111020;9.93;10.21;9.73;10.01;23027312
20111021;10.14;10.35;9.89;10.23;18222382
20111024;10.11;10.93;10.03;10.91;26610016
20111025;10.84;10.92;10.47;10.72;24508325
20111026;10.95;11;10.38;10.79;15966936
20111027;11.21;11.93;10.98;11.73;40770664
20111028;11.72;12.41;11.71;12.02;28139445
20111031;11.78;12.05;11.52;11.52;19572488
20111101;10.96;11.44;10.76;11.17;23107475
20111102;11.43;11.74;11.2;11.39;21414124
20111103;11.11;11.22;10.25;10.73;43570655
20111104;10.69;10.95;10.64;10.92;14614815
20111107;10.84;11.04;10.72;11.01;17574159
20111108;11.1;11.15;10.68;10.82;19587781
20111109;10.53;10.68;10.02;10.03;26862979
20111110;10.27;10.27;9.57;9.94;32118991
20111111;10.04;10.35;9.95;10.3;14148639
20111114;10.32;10.54;10.17;10.22;12452520
20111115;10.15;10.42;10.02;10.32;12190558
20111116;10.23;10.43;10.06;10.06;9504407
20111117;10.1;10.18;9.64;9.72;20305345
20111118;9.93;9.97;9.7;9.81;12996157
20111121;9.59;9.63;9.35;9.44;13736519
20111122;9.37;9.78;9.33;9.73;15133530
20111123;9.59;9.74;9.3;9.3;11421935
20111125;9.3;9.52;9.25;9.27;4915179
20111128;9.63;9.88;9.61;9.81;10327530
20111129;9.76;9.85;9.5;9.52;9080167
20111130;10.04;10.32;9.97;10.29;20301640
20111201;10.14;10.33;9.91;10.2;10093876
20111202;10.33;10.43;10.11;10.19;9944585
20111205;10.38;10.5;10.21;10.36;13167881
20111206;10.32;10.48;10.1;10.22;10466625
20111207;10.25;10.49;10.08;10.45;12527803
20111208;10.3;10.57;9.87;9.87;17912020
20111209;10;10.28;9.95;10.03;12591589
20111212;9.91;9.92;9.66;9.89;9759970
20111213;9.99;10.1;9.48;9.58;16376777
20111214;9.55;9.57;9.11;9.28;13862059
20111215;9.42;9.45;9.1;9.29;9710317
20111216;9.3;9.5;9.2;9.29;12461204
20111219;9.4;9.45;8.95;9.02;10875482
20111220;9.19;9.44;9.15;9.35;9736624
20111221;9.33;9.54;9.23;9.47;7602595
20111222;9.53;9.55;9.42;9.48;8259672
20111223;9.54;9.98;9.53;9.96;10937936
20111227;10;10.57;9.93;10.42;24993813
20111228;10.41;10.42;10.05;10.09;10309101
20111229;10.12;10.34;10.07;10.25;8578539
20111230;10.17;10.43;10.15;10.43;7531281
20120103;10.63;11.27;10.6;11.11;25881200
20120104;10.93;11.14;10.85;11.04;14717663
20120105;10.95;11.25;10.9;11.13;12440096
20120106;11.2;11.22;10.97;11.13;9082625
20120109;11.18;11.46;11.01;11.32;15759398
20120110;11.48;11.69;11.38;11.44;11577979
20120111;11.3;12;11.29;11.96;21412608
20120112;11.97;12.22;11.73;12.13;17892114
20120113;12.02;12.4;11.88;12.35;16634727
20120117;12.4;12.63;12.19;12.25;15487558
20120118;12.34;12.75;12.28;12.73;18387572
20120119;12.78;12.94;12.74;12.8;14023076
20120120;12.77;12.92;12.57;12.64;13050835
20120123;12.73;13.24;12.65;13.14;16763975
20120124;12.94;13.21;12.76;13.16;11626281
20120125;13.18;13.2;13;13.11;14154546
20120126;13.2;13.49;12.95;13.05;13675638
20120127;12.89;13.31;12.8;13.19;13574431
20120130;12.93;13.33;12.71;13.15;13229294
20120131;13.21;13.3;12.91;13.05;11107562
20120201;13.27;13.71;13.11;13.7;20493647
20120202;13.68;13.94;13.55;13.9;18615555
20120203;13.99;14.55;13.92;14.37;22931775
20120206;14.07;14.34;13.66;14.02;18839701
20120207;13.98;14.12;13.83;13.96;10821577
20120208;14;14.28;13.98;14.27;12588209
20120209;14.3;14.58;14.07;14.47;14458348
20120210;14.22;14.71;14.18;14.63;17729770
20120213;14.72;14.73;14.4;14.58;10480012
20120214;14.44;14.69;14.4;14.5;10699519
20120215;14.57;14.82;14.44;14.51;14295368
20120216;14.45;14.8;14.42;14.74;11711231
20120217;14.8;14.94;14.64;14.66;10045581
20120221;14.84;14.85;13.99;14.19;29574648
20120222;13.74;14.14;13.61;13.77;31779041
20120223;13.96;14.29;13.75;14.27;19770019
20120224;14.28;14.39;13.88;14;14106804
20120227;13.85;14.1;13.64;13.67;22370871
20120228;13.72;14.04;13.4;14.03;28850504
20120229;13.95;14.1;13.7;13.77;16261526
20120301;13.78;14.02;13.71;13.93;10553122
20120302;13.93;14.2;13.82;13.84;15344930
20120305;13.81;13.81;13.35;13.44;11865971
20120306;13.11;13.14;12.95;13.08;15704610
20120307;13.16;13.66;13.16;13.41;15081473
20120308;13.85;13.99;13.74;13.8;13297748
20120309;13.92;13.95;13.62;13.71;7334330
20120312;13.7;13.88;13.41;13.54;7036492
20120313;13.75;14.39;13.72;14.39;18959029
20120314;14.34;14.42;13.92;14.12;13165173
20120315;14.26;14.79;14.12;14.71;15975136
20120316;14.78;14.8;14.33;14.42;11473710
20120319;14.46;14.69;14.39;14.45;10683633
20120320;14.31;14.32;14.05;14.27;10839751
20120321;14.32;14.53;14.28;14.28;6684583
20120322;14.1;14.34;13.99;14.1;11333795
20120323;14.06;14.3;13.88;14.2;8642098
20120326;14.48;14.61;14.4;14.54;12415658
20120327;14.52;14.8;14.5;14.5;12234000
20120328;14.55;14.65;13.91;14.02;20410311
20120329;13.89;14.06;13.62;13.85;13605485
20120330;14.06;14.07;13.5;13.62;16245859
20120402;13.68;13.99;13.57;13.72;9933161
20120403;13.79;13.97;13.73;13.93;9958801
20120404;13.75;13.89;13.51;13.55;14015209
20120405;13.52;13.84;13.52;13.6;9926979
20120409;13.36;13.59;13.3;13.51;8358429
20120410;13.64;13.8;13;13.07;18765293
20120411;13.36;13.78;13.34;13.6;11715391
20120412;13.61;14.11;13.59;13.86;12690582
20120413;13.82;14.09;13.59;13.92;12307413
20120416;14.01;14.07;13.53;13.72;9154099
20120417;13.87;13.89;13.66;13.81;7581831
20120418;13.81;14.08;13.75;13.75;9065694
20120419;13.85;14.04;13.47;13.77;15741830
20120420;13.88;13.9;13.46;13.52;10809975
20120423;13.25;13.44;13;13.12;14224224
20120424;13.3;13.32;12.93;13.06;9294648
20120425;13.26;13.35;13.06;13.35;8673225
20120426;13.42;13.79;13.27;13.78;11498440
20120427;13.73;13.89;13.54;13.78;9227827
20120430;13.69;13.72;13.36;13.42;7732775
20120501;13.44;13.62;13.29;13.29;7983432
20120502;13.36;13.78;13.27;13.55;11026635
20120503;13.1;13.45;12.9;12.92;24782025
20120504;12.83;12.89;12.34;12.47;15807767
20120507;12.34;12.45;12.12;12.16;11798142
20120508;12.08;12.09;11.36;11.81;22122129
20120509;11.59;11.76;11.27;11.65;11289056
20120510;11.92;11.96;11.61;11.66;7979476
20120511;11.41;11.84;11.37;11.63;6785250
20120514;11.48;11.49;11.01;11.14;9630872
20120515;11.26;11.36;10.97;11.01;11003947
20120516;11.12;11.27;10.85;10.91;11616312
20120517;10.96;11.07;10.28;10.4;13713970
20120518;10.44;10.67;10.19;10.33;16396374
20120521;10.37;10.88;10.29;10.87;15765960
20120522;10.91;11.02;10.65;10.72;14013439
20120523;10.61;10.83;10.4;10.77;8560138
20120524;10.87;10.97;10.66;10.84;9972995
20120525;10.85;11.02;10.75;10.8;5139784
20120529;10.91;11.3;10.91;11.17;7835609
20120530;10.92;11.04;10.78;10.92;8415948
20120531;10.9;10.97;10.31;10.83;14280315
20120601;10.5;10.6;10.16;10.37;15664708
20120604;10.42;10.59;10.15;10.41;12856466
20120605;10.35;10.97;10.31;10.92;11070500
20120606;11.1;11.65;11.07;11.22;17545695
20120607;11.51;11.73;11.18;11.21;14115467
20120608;11.15;11.43;10.98;11.39;7875417
20120611;11.6;11.67;11.02;11.04;7265220
20120612;11.09;11.25;10.88;11.24;7467836
20120613;11.13;11.25;10.9;10.98;6882495
20120614;10.98;11.12;10.84;11.1;8764980
20120615;11.13;11.14;10.72;10.8;13217159
20120618;10.79;10.96;10.66;10.91;6640362
20120619;11;11.3;10.96;11.14;10210361
20120620;11.2;11.42;11.02;11.24;9223339
20120621;11.24;11.41;10.91;10.97;7418808
20120622;11.08;11.22;10.9;10.99;9109144
20120625;10.84;10.88;10.4;10.49;9426636
20120626;10.56;10.67;10.4;10.58;7718031
20120627;10.58;10.68;10.43;10.63;5631674
20120628;10.55;10.83;10.52;10.79;7968716
20120629;11.11;11.29;10.89;11.16;10462870
20120702;11.05;11.33;11.01;11.05;5231819
20120703;11.06;11.22;11.05;11.13;3241070
20120705;11.1;11.13;10.88;10.99;7981922
20120706;10.83;10.94;10.68;10.83;6100907
20120709;10.77;10.77;10.4;10.5;7800969
20120710;10.61;10.65;10.26;10.37;6930308
20120711;10.34;10.46;10.14;10.21;10484314
20120712;10.08;10.09;9.75;9.75;20277123
20120713;9.89;9.9;9.73;9.8;9308303
20120716;9.91;9.91;9.72;9.76;7720335
20120717;9.89;10.16;9.74;10.05;12294446
20120718;10.01;10.44;9.99;10.15;13450950
20120719;10.26;10.39;10.14;10.32;8060679
20120720;10.17;10.47;9.78;9.78;15295940
20120723;9.73;9.82;9.53;9.77;11031842
20120724;9.8;9.85;9.26;9.4;15061409
20120725;9.5;9.52;9.13;9.2;10408806
20120726;9.2;9.29;9;9.22;12403199
20120727;9.28;9.53;9.23;9.44;10916311
20120730;9.5;9.6;9.35;9.48;6644248
20120731;9.51;9.6;9.38;9.52;7376590
20120801;9.61;9.63;9.36;9.42;6751712
20120802;9.17;9.2;8.83;9;16413602
20120803;9.13;9.34;9.06;9.26;8816246
20120806;9.3;9.51;9.12;9.38;13124872
20120807;9.79;10.36;9.7;10.08;31565698
20120808;9.85;9.94;9.7;9.82;12094051
20120809;9.86;9.96;9.57;9.62;10275193
20120810;9.63;9.68;9.51;9.67;7377764
20120813;9.7;9.96;9.69;9.94;11284919
20120814;9.98;10.13;9.93;9.96;10120947
20120815;9.87;10.25;9.87;10.21;9902928
20120816;10.23;10.45;10.15;10.37;8303605
20120817;10.44;10.61;10.37;10.52;9704247
20120820;10.71;10.77;10.5;10.6;9419061
20120821;10.65;10.74;10.41;10.48;8147689
20120822;10.49;10.65;10.36;10.5;6837512
20120823;10.5;10.57;10.25;10.29;6167713
20120824;10.25;10.35;10.2;10.31;5613251
20120827;10.36;10.38;10.06;10.1;6877513
20120828;10.04;10.17;10.01;10.04;8071068
20120829;10.09;10.17;10.06;10.15;5018174
20120830;10.05;10.09;9.8;9.83;7094073
20120831;9.91;10.12;9.78;9.86;6588511
20120904;9.96;9.98;9.67;9.76;6524497
20120905;9.79;9.87;9.7;9.77;6246187
20120906;9.91;10.4;9.88;10.33;12916285
20120907;10.32;10.8;10.31;10.7;11934059
20120910;10.83;11.04;10.73;10.92;19916686
20120911;10.84;10.98;10.64;10.78;11571451
20120912;10.91;11.03;10.78;10.96;10241991
20120913;10.92;11.35;10.74;11.28;12635493
20120914;11.43;11.78;11.32;11.41;13935969
20120917;11.37;11.38;11.14;11.23;6935401
20120918;10.98;11.14;10.94;11.05;7597134
20120919;11.12;11.32;11.07;11.16;5412178
20120920;10.96;11.08;10.76;10.79;9899476
20120921;10.91;10.96;10.7;10.72;9591064
20120924;10.6;10.88;10.52;10.68;8740504
20120925;10.81;10.9;10.46;10.46;7181010
20120926;10.44;10.64;10.28;10.54;6898569
20120927;10.6;11.04;10.58;10.88;11337568
20120928;10.88;11.01;10.66;10.75;8285170
20121001;10.75;10.99;10.64;10.69;7347993
20121002;10.84;10.89;10.51;10.58;10043656
20121003;10.67;10.74;10.52;10.57;7781986
20121004;10.58;10.6;10.36;10.47;7140317
20121005;10.62;10.7;10.51;10.54;6047413
20121008;10.47;10.48;10.36;10.42;6134448
20121009;10.39;10.59;10.25;10.45;9742646
20121010;10.41;10.48;10.07;10.17;12558737
20121011;10.25;10.37;10.15;10.27;5963124
20121012;10.27;10.41;10.18;10.25;6780147
20121015;10.33;10.43;10.21;10.38;5846371
20121016;10.45;10.75;10.42;10.71;10768933
20121017;10.6;10.95;10.57;10.92;8374384
20121018;11.5;11.5;11.03;11.17;22556514
20121019;11.1;11.26;10.93;11.06;13311160
20121022;11.11;11.22;10.85;11.01;8234081
20121023;10.79;10.8;10.62;10.74;8412236
20121024;10.85;10.89;10.6;10.64;6563752
20121025;10.91;10.98;10.81;10.88;7057090
20121026;10.82;10.93;10.55;10.59;7131409
20121031;10.4;10.5;10.1;10.31;15327474
20121101;10.3;10.51;10.2;10.47;9589089
20121102;10.49;10.58;10.22;10.25;9667999
20121105;10.22;10.24;9.98;10.1;10917206
20121106;10.18;10.36;10.14;10.31;9324658
20121107;10.28;10.29;10.01;10.06;10559398
20121108;10.06;10.15;9.74;9.78;11557187
20121109;9.8;10.05;9.76;10.01;9232233
20121112;10.03;10.06;9.59;9.59;11975846
20121113;9.52;9.72;9.41;9.45;9536123
20121114;9.54;9.58;9.15;9.3;11277804
20121115;9.31;9.49;9.3;9.37;9827393
20121116;9.89;10.04;9.44;9.64;24654909
20121119;9.76;9.9;9.55;9.6;12861651
20121120;9.68;9.73;9.47;9.64;7401574
20121121;9.66;9.91;9.61;9.89;9756532
20121123;9.91;10.03;9.87;9.99;4916047
20121126;9.95;9.99;9.82;9.82;7701046
20121127;9.92;10.03;9.85;9.86;8959186
20121128;9.85;10;9.8;9.99;7506756
20121129;10.09;10.15;9.94;10.01;9999676
20121130;10.05;10.15;10.02;10.15;9003314
20121203;10.18;10.28;10.1;10.17;8131791
20121204;10.02;10.05;9.83;9.92;12382317
20121205;9.96;10.03;9.86;9.97;8194459
20121206;9.99;10.99;9.95;10.97;38574394
20121207;10.87;11;10.72;10.93;14411185
20121210;10.88;10.95;10.81;10.91;6923015
20121211;10.91;11.15;10.85;10.93;12314357
20121212;11.02;11.44;11.01;11.32;13487557
20121213;11.35;11.49;11.33;11.43;8820305
20121214;11.39;11.53;11.33;11.38;7544471
20121217;11.41;11.46;11.27;11.42;7659386
20121218;11.52;11.65;11.35;11.63;11368264
20121219;11.6;11.72;11.54;11.54;9039011
20121220;11.52;11.67;11.51;11.66;5379272
20121221;11.35;11.85;11.27;11.81;11425528
20121224;11.86;11.9;11.63;11.69;3513129
20121226;11.74;11.76;11.58;11.59;4465398
20121227;11.62;11.8;11.47;11.71;5966373
20121228;11.57;11.7;11.39;11.43;6955985
20121231;11.37;11.71;11.32;11.64;8554930
20130102;11.96;12.42;11.92;12.27;13731220
20130103;12.27;12.67;12.17;12.46;11209710
20130104;12.45;12.69;12.44;12.64;9495856
20130107;12.53;12.73;12.45;12.68;9185573
20130108;12.84;13.05;12.71;12.95;20627027
20130109;13.12;13.18;12.77;12.89;18146561
20130110;12.85;12.86;12.32;12.67;25264695
20130111;12.62;12.8;12.58;12.8;12463959
20130114;12.72;12.83;12.6;12.75;9460807
20130115;12.59;13.17;12.59;13.15;14773681
20130116;13.01;13.11;12.85;12.98;11172500
20130117;12.99;13.13;12.79;12.96;10358812
20130118;12.83;12.93;12.76;12.89;6358699
20130122;12.86;13.08;12.77;13.06;9676338
20130123;13.07;13.11;12.86;12.94;7710367
20130124;12.92;13.11;12.86;12.97;8958189
20130125;13.03;13.11;12.9;13;10625113
20130128;13.04;13.29;12.81;12.98;14560852
20130129;12.66;12.79;12.5;12.62;17035118
20130130;12.52;12.82;12.52;12.57;10478467
20130131;12.71;12.8;12.6;12.77;10085307
20130201;12.78;13.01;12.7;12.96;8688564
20130204;12.84;12.98;12.7;12.77;7370866
20130205;12.79;13.08;12.74;12.97;7602627
20130206;12.8;13.02;12.76;12.99;10371987
20130207;12.92;13.05;12.74;12.94;11812314
20130208;12.99;13.56;12.96;13.51;20787412
20130211;13.5;13.59;13.02;13.05;16176593
20130212;13.05;13.36;13.03;13.32;9386695
20130213;13.45;13.47;13.24;13.34;7762187
20130214;13.24;13.3;13.18;13.29;5536626
20130215;13.23;13.33;12.83;12.88;13288301
20130219;12.92;12.96;12.62;12.74;20403797
20130220;12.91;13.14;12.51;12.54;15965395
20130221;12.5;12.5;12.01;12.37;16902673
20130222;12.41;12.51;12.26;12.42;9889461
20130225;12.55;12.77;12.13;12.19;12155166
20130226;12.22;12.29;11.94;12.11;10202941
20130227;12.17;12.5;12.16;12.48;9969473
20130228;12.44;12.7;12.4;12.49;7704098
20130301;12.42;12.59;12.33;12.43;7233727
20130304;12.37;12.42;12;12.16;12993500
20130305;12.24;12.38;12.06;12.09;8866685
20130306;12.15;12.35;12.11;12.21;7800436
20130307;12.34;12.55;12.3;12.44;7743019
20130308;12.53;12.56;12.32;12.37;7811237
20130311;12.43;12.61;12.33;12.45;7624624
20130312;12.43;12.47;12.31;12.35;3692869
20130313;12.37;12.49;12.26;12.41;4092898
20130314;12.44;13.5;12.41;13.25;47074132
20130315;13.16;13.22;12.98;13.16;17270771
20130318;12.9;13.19;12.8;13.03;7555949
20130319;13.1;13.17;12.64;12.78;10944369
20130320;12.87;13;12.79;12.95;8856778
20130321;12.86;13.05;12.77;12.78;6649896
20130322;12.89;13.23;12.84;13.06;8542846
20130325;13.15;13.34;12.98;13.14;8112970
20130326;13.16;13.3;13.07;13.14;10282533
20130327;13.1;13.17;12.96;12.96;10274911
20130328;13;13.2;13;13.15;5758751
20130401;13.1;13.15;12.74;12.82;7696209
20130402;12.9;12.96;12.36;12.48;13265697
20130403;12.41;12.58;12.02;12.22;12130184
20130404;12.22;12.32;12.04;12.27;7659355
20130405;12.04;12.04;11.72;11.99;13619268
20130408;12;12.38;12;12.36;10508737
20130409;12.47;12.79;12.41;12.64;10116127
20130410;12.76;13;12.72;12.93;10845950
20130411;12.95;13.05;12.84;12.86;6009837
20130412;12.78;13.05;12.7;13.04;5516308
20130415;12.88;12.9;12.15;12.27;11534834
20130416;12.44;12.57;12.36;12.49;6949946
20130417;12.35;12.46;11.97;12.45;11228996
20130418;12.49;12.53;12.01;12.06;9041352
20130419;12.15;12.23;12.08;12.23;4486301
20130422;12.29;12.39;12.11;12.33;4961615
20130423;12.45;12.76;12.37;12.75;7988088
20130424;12.75;13.1;12.74;13.03;10020918
20130425;13.1;13.74;13.06;13.53;16765728
20130426;13.48;13.71;13.35;13.52;13146768
20130429;13.58;13.79;13.54;13.74;11317555
20130430;13.75;14.15;13.65;14.12;15322944
20130501;14.07;14.07;13.5;13.8;14227729
20130502;14.41;14.9;14.35;14.55;36689747
20130503;14.66;14.89;14.58;14.66;12153623
20130506;14.74;14.82;14.66;14.81;7951027
20130507;14.87;14.9;14.59;14.71;9322097
20130508;14.68;14.78;14.51;14.7;8010868
20130509;14.83;15.33;14.68;15.14;23546333
20130510;15.15;15.8;15.13;15.61;21009616
20130513;15.62;15.78;15.43;15.7;9237267
20130514;15.72;15.95;15.72;15.86;10328134
20130515;15.73;15.85;15.27;15.44;13440170
20130516;15.44;15.6;15.23;15.26;7974339
20130517;15.27;15.43;15.21;15.34;8628770
20130520;15.36;15.66;15.27;15.5;6952838
20130521;15.55;15.69;15.45;15.54;5023810
20130522;15.51;15.7;14.91;15.08;11827188
20130523;14.7;15.02;14.49;14.93;10109963
20130524;14.83;14.99;14.7;14.93;7646342
20130528;15.25;15.49;15.23;15.27;8611851
20130529;15.21;15.3;14.96;15.09;8638900
20130530;15.15;15.45;15.03;15.33;11317346
20130531;15.23;15.5;15.16;15.17;8627909
20130603;15.34;15.43;14.95;15.19;8000033
20130604;15.16;15.33;14.91;15.01;7936541
20130605;14.85;14.91;14.29;14.52;12400038
20130606;14.42;14.71;14.32;14.58;11037702
20130607;14.71;15.03;14.6;14.95;7156546
20130610;15.03;15.37;14.96;15.18;7432471
20130611;14.92;14.96;14.72;14.79;5932372
20130612;14.96;15.06;14.68;14.76;8299083
20130613;14.69;15;14.51;14.96;8075098
20130614;14.9;15.06;14.71;14.75;5750695
20130617;14.8;15.15;14.8;14.94;7795954
20130618;14.98;15.19;14.96;15.1;6469088
20130619;15.06;15.24;14.92;14.99;7135739
20130620;14.8;14.8;13.96;14.06;16199438
20130621;14.18;14.25;13.6;13.81;10689302
20130624;13.54;13.54;12.87;13.25;17156645
20130625;13.48;13.87;13.48;13.7;8900114
20130626;14.16;14.65;14.14;14.32;17106422
20130627;14.54;14.69;14.42;14.47;5887633
20130628;14.41;14.88;14.4;14.78;9294329
20130701;15.05;15.28;15.03;15.08;9221834
20130702;15.05;15.29;14.8;14.87;8793838
20130703;14.77;14.99;14.65;14.93;2726528
20130705;15.1;15.49;15.02;15.37;9151261
20130708;15.52;15.9;15.46;15.57;10976237
20130709;15.74;15.74;15.35;15.44;8321283
20130710;15.47;15.5;15.21;15.35;7361206
20130711;15.64;15.67;15.05;15.26;16901415
20130712;15.28;15.5;15.21;15.26;7005595
20130715;15.32;15.8;15.23;15.72;9875549
20130716;15.76;15.91;15.56;15.7;6204541
20130717;15.72;15.78;15.6;15.69;6467676
20130718;15.71;16.25;15.71;16.18;9544136
20130719;16.16;16.25;15.98;16.18;5955033
20130722;16.05;16.24;15.96;16.16;4329963
20130723;16.2;16.45;16.1;16.12;5588502
20130724;16.3;16.5;15.98;16.07;6280929
20130725;16.01;16.14;15.61;15.83;10960659
20130726;15.7;16;15.62;15.94;5179810
20130729;15.96;16.14;15.87;15.96;4072583
20130730;16.07;16.52;16.03;16.35;7802085
20130731;16.42;16.52;16.28;16.31;7782767
20130801;16.46;16.99;16.46;16.85;9676957
20130802;16.72;16.75;16.31;16.45;11674658
20130805;16.39;16.56;16.27;16.55;9461744
20130806;17.54;17.67;16.75;16.91;23539836
20130807;16.95;17.49;16.86;17.28;15098120
20130808;17.39;17.57;17.32;17.49;10483940
20130809;17.45;17.49;17.01;17.25;7230808
20130812;17.19;17.44;17.08;17.23;4606379
20130813;17.36;17.45;17.11;17.37;7160738
20130814;17.3;17.48;17.23;17.36;6242634
20130815;17.23;17.25;16.97;17.14;6750872
20130816;17.1;17.28;17.08;17.19;6122181
20130819;17.18;17.6;17.08;17.2;6227123
20130820;17.16;17.32;17.04;17.24;6321803
20130821;17.24;17.56;17.19;17.46;9484560
20130822;17.59;17.85;17.5;17.82;9542856
20130823;17.87;18.01;17.76;18;7407413
20130826;17.99;18.54;17.99;18.15;8637962
20130827;17.83;17.98;17.32;17.36;10675040
20130828;17.51;17.75;17.3;17.68;8073952
20130829;17.72;17.95;17.69;17.78;5205037
20130830;17.9;17.95;17.57;17.69;6668002
20130903;17.91;18.07;17.86;17.97;7803365
20130904;17.96;18.56;17.95;18.25;11264900
20130905;18.25;18.52;18.25;18.29;8467350
20130906;18.4;18.62;18.15;18.42;8499654
20130909;18.56;18.89;18.55;18.74;8690898
20130910;18.96;19.07;18.9;19.04;7063987
20130911;19.09;19.17;18.83;19.1;8269816
20130912;19.15;19.22;18.7;18.87;6325173
20130913;19.1;19.35;18.93;19.29;8680353
20130916;19.66;19.8;19.22;19.3;8948727
20130917;19.31;19.6;19.22;19.55;5210696
20130918;19.78;19.88;19.37;19.77;9604634
20130919;19.92;20.3;19.83;20.18;12899065
20130920;20.13;20.16;19.87;19.92;10268573
20130923;19.94;20.03;19.51;19.86;7385679
20130924;19.9;20.41;19.75;20.14;7752374
20130925;20.14;20.32;20.03;20.2;7044437
20130926;20.22;20.41;20.16;20.27;5122058
20130927;20.22;20.24;19.99;20.22;6127585
20130930;19.97;20.62;19.53;20.44;9834393
20131001;20.54;20.82;20.45;20.74;6501690
20131002;20.59;20.81;20.51;20.7;5332248
20131003;20.81;20.9;20.21;20.58;7717542
20131004;20.65;20.83;20.56;20.59;5331953
20131007;20.39;20.76;20.3;20.38;5298658
20131008;20.36;20.61;19.58;19.94;14126816
20131009;20.08;20.36;19.4;20.03;11756905
20131010;20.35;20.61;20.21;20.34;8145295
20131011;20.43;20.8;20.31;20.46;10386047
20131014;20.34;20.7;20.25;20.59;9076826
20131015;20.69;20.9;20.42;20.56;10490715
20131016;20.76;20.9;20.6;20.69;9206814
20131017;20.69;20.8;20.51;20.78;5647790
20131018;20.91;20.98;20.6;20.69;10605703
20131021;20.69;20.9;20.63;20.77;7929185
20131022;20.76;20.89;20.24;20.57;9893936
20131023;20.48;20.5;20.05;20.06;7054628
20131024;20.17;20.72;20.14;20.64;8132913
20131025;20.7;20.72;20.16;20.31;9061100
20131028;20.35;20.35;19.75;19.95;10051801
20131029;19.99;20.24;19.74;20.22;6862124
20131030;20.39;20.6;20;20.29;11382308
20131031;19.49;19.8;18.56;19.04;32907772
20131101;19.09;19.5;18.96;19.3;13836770
20131104;19.46;19.54;19.21;19.29;7355133
20131105;19.26;19.4;19.06;19.15;7137839
20131106;19.19;19.41;19;19.1;6301666
20131107;19.25;19.25;18.49;18.58;9143388
20131108;18.69;19.11;18.55;19.09;7044595
20131111;19.11;19.39;19;19.2;4498141
20131112;19.23;19.4;19.09;19.26;6009834
20131113;19.31;19.72;19.22;19.7;8024176
20131114;19.79;19.82;19.5;19.56;5847185
20131115;19.55;19.65;19.31;19.45;5875879
20131118;19.51;19.67;19.17;19.25;7189492
20131119;19.18;19.25;18.54;18.57;12505045
20131120;18.7;18.93;18.4;18.44;9384901
20131121;18.43;18.95;18.43;18.89;9535290
20131122;18.98;19.02;18.7;18.82;4434899
20131125;18.9;19.09;18.8;18.84;5838651
20131126;18.86;19.07;18.78;18.83;4994361
20131127;18.85;19.25;18.69;19.18;7844490
20131129;19.24;19.42;19.09;19.19;4107028
20131202;19.22;19.55;19.19;19.23;7480522
20131203;19.19;19.5;19.07;19.26;8785259
20131204;19.2;19.86;19.17;19.71;9933440
20131205;19.75;19.98;19.65;19.69;7514771
20131206;19.9;20.34;19.82;20.17;11146316
20131209;20.25;20.75;20.25;20.73;10995781
20131210;20.66;21;20.47;20.86;8995840
20131211;20.84;21.2;20.5;20.59;11086178
20131212;20.6;20.94;20.6;20.83;11618417
20131213;20.95;21.2;20.72;21.2;7919291
20131216;21.32;21.74;21.32;21.71;14243418
20131217;21.79;22.29;21.62;22.22;19782509
20131218;22.33;22.66;22.08;22.65;16645157
20131219;22.54;22.76;22.4;22.61;8514924
20131220;22.6;22.82;22.25;22.72;11529372
20131223;22.92;22.95;22.75;22.87;6849414
20131224;22.73;23.24;22.71;23.08;4453238
20131226;23.1;23.5;23.09;23.24;5950337
20131227;23.22;23.25;23.01;23.15;3449835
20131230;23.18;23.5;23.16;23.38;4937829
20131231;23.4;23.65;23.33;23.52;5222503
20140102;23.54;23.94;23.32;23.72;8408771
20140103;23.83;23.89;23.25;23.45;5955544
20140106;23.86;24.1;23.38;23.48;15380593
20140107;23.98;24.66;23.91;24.51;17965296
20140108;24.82;24.96;24.57;24.73;12722299
20140109;24.9;24.99;24.43;24.98;13704403
20140110;24.9;25.39;24.76;25.36;11667765
20140113;25.71;26.11;25.22;25.25;18590328
20140114;25.31;25.87;24.83;25.78;12972771
20140115;26.01;26.25;25.55;25.72;11647632
20140116;25.55;25.86;25.5;25.78;8391443
20140117;25.88;26.7;25.88;26.41;14797578
20140121;26.61;26.65;26.13;26.36;15501668
20140122;25.77;25.87;25.38;25.74;15975817
20140123;25.45;25.5;24.8;25.18;14266756
20140124;24.62;24.85;23.67;23.78;20361867
20140127;23.87;24.09;23.09;23.78;13565559
20140128;23.78;24.49;23.77;24.05;14607768
20140129;23.79;23.97;23.16;23.28;12027689
20140130;23.83;24.26;23.64;24.11;12161621
20140131;23.86;24.58;23.79;24.36;11109452
20140203;24.37;24.64;23.57;23.86;12962781
20140204;24;24.38;23.9;24.2;7488152
20140205;23.74;23.81;23.04;23.67;13352501
20140206;23.99;24.55;23.96;24.29;9101083
20140207;24.44;24.92;24.34;24.8;7941806
20140210;24.7;24.9;24.52;24.64;9222643
20140211;24.81;25.27;24.75;25.25;10782267
20140212;25.37;25.55;25.12;25.32;7706943
20140213;25.46;25.63;25.15;25.58;7632493
20140214;25.56;26.03;25.51;26.02;9252534
20140218;26.12;26.34;25.77;25.85;11227957
20140219;25.74;26.68;25.05;25.75;23972953
20140220;26.14;26.93;26.14;26.83;15461385
20140221;26.93;27.33;26.88;27.05;9740131
20140224;27.11;27.98;27.11;27.84;10180336
20140225;28.01;28.2;27.42;27.54;9569814
20140226;27.7;28.03;27.18;27.49;11587877
20140227;27.41;28.16;27.38;27.86;10858353
20140228;27.9;27.97;27.25;27.55;9264236
20140303;27.16;28.2;27;27.6;9915940
20140304;27.98;28.38;27.96;28.29;12383685
20140305;28.38;28.57;28.16;28.22;9221896
20140306;28.35;28.56;28.27;28.39;6777655
20140307;28.67;28.75;28.03;28.29;11343334
20140310;28.15;28.34;27.48;27.71;9287152
20140311;27.82;28.13;26.89;27.05;11541722
20140312;26.92;27.5;26.8;26.95;10365730
20140313;27.04;27.31;26.29;26.5;10147217
20140314;26.35;26.59;26.15;26.27;7603332
20140317;26.4;26.95;26.4;26.61;6537001
20140318;26.7;27.11;26.65;26.79;6656263
20140319;26.84;26.98;26.32;26.58;5191166
20140320;26.47;26.57;25.99;26.38;8035593
20140321;26.59;26.62;26.12;26.18;6484872
20140324;26.35;26.37;25.45;25.85;9106914
20140325;26.02;26.29;25.52;25.61;7818404
20140326;25.66;25.67;24.82;24.97;9091779
20140327;24.8;24.95;24.13;24.9;14095939
20140328;25;25.44;24.76;24.88;11508729
20140331;25.21;26;25.19;25.86;10308767
20140401;26.76;26.93;26.43;26.53;11370280
20140402;26.6;26.72;26.29;26.7;6327120
20140403;26.95;27;26.03;26.25;6968952
20140404;26.48;26.63;25.21;25.43;9762356
20140407;24.99;25.11;23.39;23.92;21734396
20140408;23.97;24.58;23.61;24.46;11749008
20140409;24.68;24.94;24.16;24.86;9163952
20140410;25.2;25.51;23.9;24.08;11704362
20140411;23.89;24.53;23.55;23.91;8287037
20140414;24.04;24.21;23.2;23.68;9854318
20140415;23.62;23.73;22.58;23.46;14544982
20140416;23.66;24.33;23.61;24.22;8475605
20140417;24.05;24.49;23.93;23.96;10634179
20140421;24.15;24.27;23.6;23.88;9371872
20140422;24.17;25.18;23.98;24.97;9741905
20140423;25.03;25.04;24.03;24.19;9568965
20140424;24.55;24.61;23.85;24.55;6812475
20140425;24.33;24.33;23.47;23.66;10361494
20140428;23.66;23.69;22.52;23.02;17156480
20140429;23.89;25.1;23.7;24.98;21585002
20140430;24.75;25.24;24.54;25.23;10684737
20140501;25.16;25.66;24.91;25.39;10532376
20140502;25.87;26.53;25.8;26.49;14232091
20140505;26.2;26.28;25.85;26.19;9716151
20140506;26.03;26.2;25.48;25.68;7443790
20140507;25.65;25.69;24.64;25.15;10457499
20140508;24.3;24.99;24.04;24.32;15519048
20140509;24.53;24.69;24.13;24.34;6408319
20140512;24.59;24.94;24.48;24.59;6570462
20140513;24.75;24.95;24.4;24.68;4879181
20140514;24.73;24.75;24.08;24.21;6301861
20140515;24.08;24.38;23.54;24.21;7724782
20140516;24.1;24.2;23.63;23.9;7359614
20140519;23.58;24.19;23.54;24.16;4057207
20140520;24.04;24.15;23.64;23.84;6382594
20140521;23.92;24.28;23.89;24.19;6825470
20140522;24.3;24.96;24.28;24.78;8629467
20140523;24.97;25.1;24.46;25.07;5270487
20140527;25.25;25.64;25.02;25.62;9047734
20140528;25.55;25.86;25.31;25.71;6119174
20140529;25.63;26.03;25.42;26;5153422
20140530;26.05;26.05;25.59;25.75;6477235
20140602;25.75;26.21;25.39;26.13;6516427
20140603;25.67;25.67;25.15;25.38;10462730
20140604;25.25;25.73;24.9;25.69;6855110
20140605;25.8;25.81;25.18;25.44;7651302
20140606;25.35;25.38;25.05;25.14;6772422
20140609;24.81;24.81;24.2;24.53;10083625
20140610;24.31;24.53;24.04;24.52;6777687
20140611;24.53;25.04;24.51;24.9;7324465
20140612;24.87;24.94;24.41;24.44;4581203
20140613;24.58;24.95;24.38;24.9;4314821
20140616;24.55;24.82;24.34;24.81;5630119
20140617;24.67;24.88;24.55;24.79;3407898
20140618;24.68;25.12;24.42;25.11;6025971
20140619;25.18;25.55;25;25.14;4631212
20140620;25.32;25.41;25.12;25.4;6588917
20140623;25.25;25.69;25.15;25.64;7750867
20140624;25.63;26.24;25.51;25.66;9643963
20140625;25.64;26.01;25.52;25.91;5631574
20140626;26.24;26.9;26.08;26.72;11315112
20140627;26.92;27.07;26.29;26.41;8343643
20140630;26.59;26.67;26.22;26.4;4317001
20140701;26.55;26.91;26.53;26.6;5383771
20140702;26.72;27.25;26.72;26.92;6372953
20140703;27.19;27.23;26.68;26.84;5107412
20140707;26.97;27.03;26.45;26.61;6747010
20140708;26.38;26.4;25.43;25.78;9591704
20140709;25.64;26.17;25.48;26;4787770
20140710;25.55;25.89;25.36;25.72;4193848
20140711;25.74;25.85;25.42;25.55;3559088
20140714;25.93;26.28;25.65;25.68;4090985
20140715;25.8;25.93;25.34;25.49;4661180
20140716;25.59;25.84;25.52;25.56;4315857
20140717;25.24;25.68;25.06;25.3;7341408
20140718;25.27;25.66;25.16;25.52;5753098
20140721;25.38;25.58;25.22;25.45;3572498
20140722;25.57;26.34;25.55;26.17;8756008
20140723;26.25;26.36;25.94;26.28;3962598
20140724;26.44;26.5;25.92;25.98;6810222
20140725;25.95;26.42;25.74;26.39;7758855
20140728;26.43;27.1;26.43;26.82;10083975
20140729;27.43;27.64;26.92;27;12781986
20140730;27.13;27.46;26.6;27.35;10075455
20140731;27.05;27.36;26.74;26.84;8302976
20140801;26.65;26.93;25.97;26.26;8685089
20140804;26.16;26.57;26;26.45;7039044
20140805;26.93;27.1;25.6;25.88;19796899
20140806;25.57;25.86;24.92;25.14;13373508
20140807;24.93;25.25;24.25;24.47;13935860
20140808;24.58;24.78;24.34;24.73;6499827
20140811;24.87;25.12;24.6;24.81;5539172
20140812;24.83;25.03;24.51;24.81;4912444
20140813;25.03;25.2;24.86;24.95;4707408
20140814;24.95;25.19;24.82;25.14;5269223
20140815;25.31;25.34;24.7;25.04;6158170
20140818;25.16;25.3;24.95;25.15;4654699
20140819;25.3;25.39;25.01;25.11;5489746
20140820;25.09;25.33;24.89;25.21;4836979
20140821;25.25;25.28;25.01;25.1;5444765
20140822;24.97;25.1;24.68;25.08;4902463
20140825;25.17;25.2;24.72;24.89;5086962
20140826;24.82;25.03;24.65;24.87;5685333
20140827;24.89;24.97;24.55;24.63;5218326
20140828;24.38;24.89;24.24;24.86;6880272
20140829;24.87;24.87;24.31;24.47;6242869
20140902;24.04;24.04;23.24;23.83;17972065
20140903;23.9;24.24;23.74;23.93;8427113
20140904;23.89;24.31;23.8;24.13;7485238
20140905;24.04;24.22;23.8;24.18;5809882
20140908;24.06;24.27;23.95;24.2;5235988
20140909;24.12;24.5;24.03;24.29;7553779
20140910;24.12;24.22;23.98;24.18;4706419
20140911;24.06;24.51;24.05;24.24;6562231
20140912;24.28;24.31;23.57;23.77;8371793
20140915;23.64;23.64;22.85;23.21;11362629
20140916;22.4;22.86;22;22.82;17839676
20140917;22.49;23.12;22.43;22.84;12124970
20140918;23;23.72;22.97;23.39;13885867
20140919;23.4;23.54;22.87;23.12;8491487
20140922;22.8;22.85;22.3;22.51;9818081
20140923;22.35;22.93;22.3;22.75;8108887
20140924;22.77;22.94;22.6;22.81;7099648
20140925;22.7;22.71;22.34;22.39;8057812
20140926;22.7;22.99;22.5;22.59;7078023
20140929;22.24;22.38;22.07;22.16;9226744
20140930;22.17;23.15;21.68;22.78;19372772
20141001;22.48;22.52;21.97;22.11;9767698
20141002;22.2;22.43;21.42;22;10234212
20141003;22.05;22.35;21.95;22.13;6930514
20141006;22.53;22.86;21.95;22.18;10747401
20141007;22.13;22.35;21.72;21.8;10415275
20141008;21.82;22.08;21.5;21.97;9349564
20141009;22.12;22.21;21.36;21.39;10589865
20141010;21.29;21.62;20.7;20.76;18589546
20141013;20.65;20.89;20.19;20.27;11103411
20141014;20.13;20.8;19.87;20.62;14582696
20141015;20.27;20.62;19.55;20.4;18495872
20141016;20.16;21.72;20.16;21.39;18748480
20141017;21.71;22.13;21.7;21.71;15206654
20141020;21.76;22.09;21.52;21.7;7539217
20141021;21.95;22.53;21.89;22.45;9977140
20141022;22.54;22.69;22.07;22.12;6550080
20141023;22.39;22.73;22.32;22.36;6040636
20141024;22.31;22.67;22.18;22.58;5706090
20141027;22.44;22.7;22.15;22.67;5727303
20141028;22.75;22.99;22.41;22.91;7899784
20141029;23.23;23.44;22.54;22.89;10007470
20141030;22.33;23.56;22.2;22.98;21674148
20141031;23.59;23.7;23.23;23.25;10860156
20141103;23.23;23.3;22.91;23.02;9504659
20141104;22.77;22.77;21.86;22.33;15768484
20141105;21.9;22.02;21.35;21.72;15799319
20141106;21.76;21.89;21.52;21.87;7012657
20141107;21.85;22.08;21.75;21.94;5783354
20141110;22.06;22.43;22.04;22.14;6684803
20141111;22.12;22.57;21.93;22.56;6128278
20141112;22.4;22.66;22.38;22.54;2999911
20141113;22.69;22.95;22.62;22.65;6423392
20141114;22.68;22.77;22.51;22.72;5300077
20141117;22.43;22.5;22.24;22.42;5682098
20141118;22.29;22.52;21.96;22.39;6946370
20141119;22.44;23.06;22.07;22.19;6063802
20141120;22.02;22.35;21.9;22.19;4205591
20141121;22.63;22.84;22.52;22.72;9373620
20141124;22.78;22.99;22.72;22.85;5370288
20141125;23;23.3;22.7;22.81;8805483
20141126;22.81;22.94;22.7;22.82;4787760
20141128;22.88;22.9;22.67;22.81;2866129
20141201;22.47;22.58;22.1;22.27;9717897
20141202;22.3;22.35;22.11;22.17;5320397
20141203;21.81;22.23;21.77;22.13;7865724
20141204;22.04;22.05;21.75;21.97;6234402
20141205;22.01;22.05;21.72;21.91;3815202
20141208;21.67;21.88;21.47;21.65;7524166
20141209;21.27;21.64;21.23;21.51;9533506
20141210;21.42;21.52;20.6;20.72;15188427
20141211;20.76;20.93;20.52;20.54;10906639
20141212;20.35;20.57;20.09;20.18;11216626
20141215;20.25;20.39;19.68;19.82;14892260
20141216;19.69;19.73;18.79;18.85;27721318
20141217;18.3;18.54;17.25;18.01;53696357
20141218;18.43;19.46;18.42;19.4;26862455
20141219;19.73;20.41;19.46;20.33;22097206
20141222;20.77;20.85;19.9;20.28;11908229
20141223;20.29;20.99;20.29;20.94;14354486
20141224;21.02;21.17;20.77;20.77;3065979
20141226;21.03;21.19;21;21.11;3942480
20141229;21.02;21.64;20.81;21.48;11725688
20141230;21.33;21.65;21.29;21.45;7148729
20141231;21.52;21.68;21.34;21.38;7710688
20150102;21.32;21.49;20.41;21.02;11628165
20150105;20.82;20.94;20.33;20.44;9182100
20150106;20.32;20.39;19.5;19.66;16832858
20150107;20.3;20.5;20.09;20.43;12386968
20150108;20.86;21.01;20.66;20.72;12807081
20150109;20.8;20.87;20.35;20.51;6659091
20150112;20.42;20.51;20.1;20.22;7688125
20150113;20.42;20.78;20.17;20.35;9430381
20150114;19.98;20.32;19.81;20.23;12091948
20150115;20.44;20.67;20.1;20.24;11118160
20150116;20.04;20.2;19.87;20.01;9349443
20150120;20;20;18.87;19.13;19360377
20150121;18.98;19.63;18.82;19.24;12324247
20150122;19.45;19.94;19.31;19.89;11304884
20150123;19.88;20.1;19.63;20;8307016
20150126;20.13;20.9;20.09;20.89;10333459
20150127;20.85;21.02;20.51;20.86;9021685
20150128;20.94;20.97;20.18;20.32;8967574
20150129;20.4;20.45;19.81;20.18;7812107
20150130;20.09;20.09;19.43;19.48;10468412
20150202;19.44;19.75;19.12;19.74;7570281
20150203;19.81;20.48;19.67;20.46;8277222
20150204;20.12;20.29;19.75;19.87;9208214
20150205;19.92;20.45;19.84;20.33;8459946
20150206;20.58;20.67;19.92;19.96;9366446
20150209;19.82;19.92;19.55;19.59;15917817
20150210;19.88;20.77;19.81;20.74;15494961
20150211;20.73;20.84;20.42;20.75;8209008
20150212;20.79;21.4;20.71;21.24;12466359
20150213;21.36;21.72;21.24;21.46;16148880
20150217;21.28;22.4;21.08;21.87;24695397
20150218;21.96;22.48;21.81;22.3;16860104
20150219;22.33;22.67;22.2;22.44;9986024
20150220;22.42;22.68;22.33;22.63;10774788
20150223;22.44;22.63;22.31;22.55;11296753
20150224;22.1;22.12;21.67;21.88;17067724
20150225;21.51;22.08;21.38;21.97;15268243
20150226;21.91;22.13;21.81;21.95;9063743
20150227;22.01;22.23;21.59;21.73;9736841
20150302;21.7;22.15;21.66;21.87;6554234
20150303;22.09;22.25;21.97;22.02;8904371
20150304;21.83;22.13;21.72;22.08;8850064
20150305;21.82;22;21.74;21.93;6653942
20150306;21.88;22.1;21.5;21.62;15954840
20150309;21.64;21.76;20.67;20.91;19743882
20150310;20.26;20.65;19.98;20.03;19736625
20150311;20.09;20.15;19.39;19.59;21424841
20150312;19.77;19.89;19.52;19.72;9022548
20150313;19.59;19.69;19.3;19.41;10420643
20150316;19.41;19.7;19.1;19.66;13297435
20150317;20.9;21.85;20.8;21.74;62518319
20150318;21.55;22.56;21.4;22.52;33807525
20150319;22.59;22.92;22.41;22.85;19778723
20150320;23.18;23.25;22.38;22.62;20175634
20150323;22.5;22.94;22.41;22.41;8547089
20150324;22.38;22.53;22.05;22.08;9330831
20150325;22.11;22.11;21.66;21.69;13002029
20150326;21.5;21.7;21.16;21.39;13795005
20150327;21.51;21.68;21.16;21.3;10233816
20150330;21.42;21.67;21.19;21.27;12574228
20150331;21.16;21.56;20.95;21.03;12314264
20150401;20.98;21.16;20.59;20.88;9453215
20150402;20.86;21.38;20.73;21.34;9576303
20150406;21.14;21.58;21.08;21.34;8004125
20150407;21.38;21.54;20.73;21.11;10043815
20150408;21.48;22.04;21.35;21.59;15081795
20150409;22.13;22.65;21.8;22.61;17511504
20150410;22.64;22.64;22.26;22.55;8158596
20150413;22.3;22.36;21.9;22;8031364
20150414;21.45;21.94;21.22;21.76;10020558
20150415;21.75;22.33;21.65;22.14;6014631
20150416;22.16;22.41;21.84;21.95;8406927
20150417;21.7;21.95;21.28;21.43;6681282
20150420;22.01;22.16;21.69;21.83;9968939
20150421;21.98;22;21.43;21.71;5696850
20150422;21.7;22.22;21.63;22.03;7272002
20150423;21.71;22.23;21.45;22.08;9365915
20150424;22.35;22.41;21.98;22;6929510
20150427;22.19;22.29;21.79;21.92;5462317
20150428;21.91;22.43;21.69;22.36;11003563
20150429;21.48;21.73;20.88;21.11;19828765
20150430;21.21;21.51;21.01;21.15;10572838
20150501;21.3;21.55;21.16;21.4;9936447
20150504;20.91;21.62;20.77;21.27;23157220
20150505;21.21;21.4;19.88;20.14;20688164
20150506;20.4;20.48;19.36;19.58;26287730
20150507;19.57;19.9;19.5;19.75;13084320
20150508;19.96;20.26;19.8;19.93;10564009
20150511;19.94;19.99;19.32;19.35;9701812
20150512;19.4;19.45;19.03;19.12;16855566
20150513;19.22;19.51;19.2;19.36;11291069
20150514;19.46;19.47;19.23;19.32;7295853
20150515;19.38;19.56;19.32;19.47;5846194
20150518;19.41;19.73;19.32;19.68;6840474
20150519;19.65;19.78;19.61;19.71;7911926
20150520;19.64;20.17;19.6;20.07;9735112
20150521;20.15;20.26;20.07;20.2;8029404
20150522;20.17;20.59;20.17;20.51;11485477
20150526;20.31;20.36;19.78;19.87;11332233
20150527;19.89;19.96;19.74;19.91;4945955
20150528;19.83;20.21;19.8;20.19;7333099
20150529;20.18;20.28;20;20.05;8360332
20150601;19.96;19.99;19.5;19.58;6377307
20150602;19.52;19.9;19.52;19.77;3734138
20150603;19.88;20.06;19.54;19.71;7628536
20150604;20.15;20.58;19.97;20.28;15202601
20150605;20.27;20.48;20.09;20.28;7621913
20150608;19.67;19.83;19.15;19.17;12287599
20150609;19.2;19.51;19.19;19.35;6771573
20150610;19.49;19.64;19.4;19.53;5378322
20150611;19.6;19.83;19.36;19.82;6701220
20150612;19.68;19.78;19.38;19.43;6141984
20150615;19.25;19.43;19.17;19.23;6668377
20150616;19.15;19.64;19.03;19.09;12755894
20150617;19.2;19.48;19.13;19.42;9902988
20150618;19.52;19.65;19.38;19.5;6778882
20150619;19.49;19.64;19.41;19.5;9631867
20150622;19.61;19.68;19.09;19.09;7359986
20150623;19.1;19.47;18.97;19.38;9875057
20150624;19.36;19.43;18.59;18.63;9662251
20150625;18.75;18.8;18.45;18.64;6979229
20150626;18.52;18.64;18.16;18.38;10993152
20150629;18.06;18.15;17.5;17.58;13149626
20150630;18.07;18.49;17.97;18.25;11973061
20150701;18.71;18.96;18.46;18.55;8998063
20150702;18.71;18.8;18.44;18.55;6538041
20150706;18.3;18.56;18.16;18.27;7132130
20150707;18.46;19.24;17.88;19.05;18901870
20150708;18.53;18.76;17.49;17.57;23308345
20150709;17.89;18.26;17.77;17.84;11142093
20150710;18.15;18.24;18.02;18.15;7388692
20150713;18.74;19.05;18.51;18.85;9869510
20150714;18.85;19.24;18.74;18.92;8955435
20150715;18.86;18.98;18.33;18.54;9166879
20150716;18.69;18.95;18.53;18.69;7922670
20150717;18.67;18.7;18.34;18.45;5981808
20150720;18.5;18.57;18.24;18.46;10758544
20150721;18.49;18.82;18.43;18.48;6813059
20150722;18.28;18.73;18.21;18.52;7501981
20150723;18.98;19.07;18.47;18.68;7963841
20150724;18.8;18.8;18.09;18.11;7396741
20150727;17.82;17.97;17.52;17.69;9880566
20150728;17.87;18.11;17.57;18.01;8086724
20150729;18.16;18.45;18.12;18.22;7041917
20150730;18.43;19.79;16.84;19.65;16209438
20150731;19.62;19.72;19.24;19.62;9339542
20150803;19.59;20.05;19.5;19.85;18628154
20150804;20.14;21.98;20.09;21.75;33553316
20150805;22;22.76;21.99;22.36;15981025
20150806;22.46;22.47;21.89;21.99;11853776
20150807;21.96;22.39;21.95;22.2;9003790
20150810;22.49;22.77;22.33;22.6;10823501
20150811;22.12;22.58;21.77;22.18;10634907
20150812;21.73;22.18;21.3;22.07;9874128
20150813;22.12;22.41;21.92;22.25;8563115
20150814;22.33;22.69;22.18;22.48;9937886
20150817;22.47;22.75;22.17;22.64;4756825
20150818;22.48;22.63;22.29;22.48;4688138
20150819;22.25;22.46;21.74;22.07;5744724
20150820;21.66;21.86;21.23;21.28;7717361
20150821;20.83;20.95;20.42;20.59;10212945
20150824;18.12;20.18;17.08;19.54;12991069
20150825;20.35;20.4;19.2;19.21;7703184
20150826;19.69;19.92;18.79;19.61;7616720
20150827;20;20.64;19.92;20.54;7687046
20150828;20.45;20.84;20.39;20.84;5266057
20150831;20.57;20.99;20.21;20.43;7084952
20150901;19.91;20.34;19.71;19.87;7213752
20150902;20.1;20.27;19.79;20.26;4864110
20150903;20.35;20.91;20.35;20.49;4474377
20150904;20.15;20.66;20.05;20.48;4596141
20150908;21.08;21.58;21.04;21.47;8422913
20150909;21.8;22.05;21.07;21.12;7427082
20150910;21.18;21.25;20.37;20.72;8765649
20150911;20.59;20.99;20.55;20.96;2961946
20150914;20.88;21;20.6;21;3875025
20150915;21.03;21.09;20.59;20.6;7476359
20150916;20.68;21.26;20.52;21.19;8068625
20150917;21.21;21.4;20.85;20.96;5313316
20150918;20.62;20.88;20.5;20.66;6760043
20150921;20.66;20.87;20.3;20.4;3546078
20150922;19.94;20.06;19.43;19.63;6591058
20150923;19.46;19.63;19.05;19.36;6658973
20150924;19.21;19.78;19.15;19.55;5735038
20150925;19.76;19.89;19.47;19.76;7843650
20150928;19.56;19.61;18.55;18.59;9090985
20150929;18.34;18.59;17.62;17.76;11464225
20150930;18.18;18.55;18;18.45;7616920
20151001;18.5;18.74;18.19;18.67;6177265
20151002;19.02;19.91;18.77;19.79;10626205
20151005;19.82;20.49;19.38;20.3;10955708
20151006;20.3;20.61;20.15;20.44;6535138
20151007;20.68;21.09;20.31;20.72;7647872
20151008;20.68;21.26;20.62;21.14;6121526
20151009;21.2;21.32;20.72;21.23;5362076
20151012;21.14;21.43;21;21.08;4679267
20151013;20.93;21.63;20.81;21.13;6920623
20151014;21.2;21.46;21;21.22;4192562
20151015;21.85;21.95;21.19;21.63;6349888
20151016;20.92;21.9;20.91;21.55;6857666
20151019;21.31;21.36;20.72;21;4975033
20151020;21.11;21.38;20.72;20.97;3701020
20151021;20.94;20.95;20.23;20.26;4686763
20151022;20.81;20.86;20.22;20.47;6905569
20151023;20.83;21.36;20.68;21.29;8744927
20151026;21.31;21.83;21.3;21.7;8233587
20151027;21.52;21.78;20.8;20.94;8462424
20151028;21.11;21.8;21.1;21.76;11203121
20151029;23.08;23.41;22.47;22.8;22152468
20151030;22.97;23.41;22.67;23.19;9612849
20151102;23.51;24.06;23.51;23.78;9844735
20151103;23.68;24.19;23.29;24.14;8142567
20151104;24.31;24.41;23.76;24.03;5485492
20151105;24.02;24.34;23.84;23.91;4186720
20151106;23.98;24.23;23.72;23.84;5342994
20151109;23.54;23.57;22.87;23.32;6073693
20151110;23.04;23.48;22.97;23.43;4137394
20151111;23.52;23.55;23.14;23.3;2687788
20151112;23.11;23.47;22.77;22.8;4320210
20151113;22.72;22.85;22.39;22.51;3822797
20151116;22.43;22.63;22.09;22.63;5403311
20151117;22.75;22.85;22.07;22.25;5824824
20151118;22.27;22.78;22.03;22.72;5170637
20151119;22.46;22.72;22.16;22.53;3534293
20151120;22.69;22.75;22.19;22.46;3970182
20151123;22.38;22.86;22.38;22.67;3267676
20151124;22.39;23.09;22.39;22.96;3817249
20151125;23.06;23.11;22.63;22.92;3235401
20151127;22.66;22.98;22.51;22.77;1990340
20151130;22.86;22.99;22.61;22.74;4063097
20151201;22.95;23.33;22.81;23.28;4233432
20151202;23.2;23.78;23.11;23.43;5795733
20151203;23.58;23.6;22.29;22.39;6325945
20151204;22.37;22.72;22.19;22.63;3944215
20151207;22.63;22.69;22.19;22.32;3129634
20151208;21.83;22.21;21.35;21.91;6003640
20151209;22.27;22.64;21.61;22.06;7775945
20151210;22.13;22.35;21.73;22.06;6631751
20151211;21.71;21.8;20.99;21.05;8137225
20151214;20.97;21.12;20.18;20.81;9219341
20151215;21.01;21.41;20.94;21.15;5937786
20151216;21.44;22.18;21.3;22.08;6294850
20151217;22.23;22.24;21.44;21.45;3276210
20151218;21.39;21.73;21.14;21.17;4918326
20151221;21.18;21.64;21.05;21.62;3748894
20151222;21.68;21.87;21.37;21.74;2475035
20151223;21.98;22.62;21.68;22.5;3113366
20151224;22.42;22.58;22.3;22.51;950725
20151228;22.33;22.74;22.16;22.63;2684543
20151229;22.79;23.05;22.6;22.94;2581016
20151230;22.81;23;22.5;22.52;2916464
20151231;22.43;23.04;22.4;22.72;2406214
20160104;22.06;22.29;21.75;22.25;7464481
20160105;22.4;22.97;22.21;22.75;8259572
20160106;22.23;22.61;22.01;22.39;6746191
20160107;21.72;21.8;20.35;20.62;12776148
20160108;20.83;21.21;20.35;20.49;8428641
20160111;20.78;21.09;20.41;20.83;6309062
20160112;21.09;21.71;20.62;21.13;7450284
20160113;21.35;21.5;19.91;20.02;7829283
20160114;20.02;20.57;19.51;20.27;7324875
20160115;20.08;20.46;19.47;19.86;11495977
20160119;20.3;20.3;19.26;19.63;7816311
20160120;19.14;19.5;17.55;19.11;14078939
20160121;19.16;19.37;18.66;19.02;6726400
20160122;19.5;19.77;19.01;19.34;6053045
20160125;19.4;19.75;18.86;18.89;4976722
20160126;18.94;19.16;18.57;19.11;5806462
20160127;19.22;19.79;19.13;19.47;7830975
20160128;19.92;20.34;19.12;19.28;12525327
20160129;19.47;20.17;19.44;20.08;8811566
20160201;20.03;20.25;19.5;20.05;6807752
20160202;19.81;19.87;18.96;19.09;7966071
20160203;19.32;19.36;17.89;18.55;9291774
20160204;18.63;19.18;18.47;18.77;7514575
20160205;18.76;18.76;17.62;17.88;10225475
20160208;17.7;17.77;16.36;16.87;13193324
20160209;16.5;17.21;16.18;16.56;9303271
20160210;16.75;17.8;16.75;17.17;9199363
20160211;16.76;17.15;16.5;16.93;8621870
20160212;17.34;18.23;17.33;18.11;11436780
20160216;18.6;19.19;18.5;19.15;10125179
20160217;19.27;20.14;19.27;20.07;13946189
20160218;19.38;19.42;18.19;18.4;26319951
20160219;18.23;18.23;17.34;18.06;15891417
20160222;18.89;19.08;18.6;18.76;10291330
20160223;18.65;18.81;18.14;18.22;6894508
20160224;17.98;18.3;17.48;18.25;6525512
20160225;18.3;18.46;17.74;18.34;7037252
20160226;18.69;19;18.5;18.87;6825051
20160229;18.87;19.18;18.74;18.93;5794495
20160301;19.35;20.13;19.09;19.93;9277520
20160302;20.09;20.46;19.77;20.27;7338842
20160303;20.11;20.38;19.67;20.33;7424329
20160304;20.38;20.39;19.56;19.81;10203265
20160307;19.51;20.01;19.49;19.82;6151799
20160308;19.52;19.84;19.28;19.33;8082187
20160309;19.66;20.18;19.55;20.05;9833891
20160310;20.2;20.49;20.02;20.34;6494230
20160311;20.51;20.83;20.5;20.81;4859817
20160314;20.73;21.19;20.7;20.94;4929403
20160315;21.17;21.43;20.47;20.67;5183000
20160316;20.66;21.3;20.63;21.2;6577324
20160317;21.2;21.58;20.87;20.95;8799940
20160318;21.45;21.75;21.05;21.42;11794696
20160321;21.4;21.45;20.82;20.97;6711475
20160322;20.82;21.26;20.8;21.24;4605454
20160323;21.1;21.11;20.68;20.76;3596000
20160324;20.51;20.72;20.2;20.52;7017697
20160328;20.52;20.65;20.14;20.45;5422510
20160329;20.59;21.52;20.25;21.22;8404017
20160330;21.48;21.68;21.14;21.29;7181479
20160331;21.26;21.56;21.09;21.44;4851402
20160401;21.16;22;21.02;21.92;6238410
20160404;21.82;22.1;21.49;21.62;5648850
20160405;21.31;21.55;21.23;21.27;5079603
20160406;20.99;21.4;20.59;21.36;8746507
20160407;21.49;22.27;21.39;21.67;9710399
20160408;22.02;22.52;21.92;22.39;12677588
20160411;22.6;22.68;22.04;22.06;7688137
20160412;22.07;22.75;22.01;22.65;6212465
20160413;22.9;23.16;22.71;23.1;6324000
20160414;23.23;23.29;22.58;22.81;6437373
20160415;22.82;22.89;22.64;22.79;2723192
20160418;22.57;22.93;22.49;22.87;5098379
20160419;23.09;23.34;22.67;23.03;8552866
20160420;23.05;23.25;22.63;22.79;8980536
20160421;22.38;22.6;21.9;22.29;7889118
20160422;22.22;22.58;21.94;22.17;5316366
20160425;22.17;22.18;21.68;21.76;4144997
20160426;21.81;22.05;21.63;21.84;3837609
20160427;21.7;22.02;21.55;21.93;3947713
20160428;21.78;21.92;21.33;21.35;4408171
20160429;21.37;21.55;21.17;21.3;4878488
20160502;21.57;21.89;21.54;21.67;4147162
20160503;21.41;21.57;21.2;21.44;4000578
20160504;21.14;21.51;21.12;21.47;8017910
20160505;21.6;22.27;21.27;21.87;14302886
20160506;21.8;22.4;21.68;22.01;7152595
20160509;21.82;22.13;21.66;21.85;5272586
20160510;21.91;22.66;21.9;22.58;5457698
20160511;22.47;22.56;22;22.01;5640410
20160512;22.07;22.31;21.67;21.94;4816407
20160513;21.8;22.16;21.6;21.63;4295581
20160516;21.79;22.16;21.69;22.08;3590736
20160517;22.06;22.34;21.89;21.98;4288889
20160518;21.85;22.13;21.58;21.7;5156762
20160519;21.54;21.86;21.33;21.51;5752209
20160520;21.51;21.98;21.51;21.76;4398304
20160523;21.8;22.23;21.76;22.13;4103746
20160524;22.35;22.75;22.32;22.67;4943992
20160525;22.77;23;22.77;22.8;3306571
20160526;22.9;22.94;22.33;22.51;3751875
20160527;22.47;22.96;22.26;22.93;3238365
20160531;23;23.13;22.78;22.85;5834690
20160601;22.68;23.51;22.51;23.42;6781367
20160602;23.37;24.15;23.32;24.1;7801457
20160603;24;24.15;23.54;24.06;5551680
20160606;24;24.48;23.85;24.4;6331922
20160607;24.34;25;24.11;24.65;9880538
20160608;24.78;25.06;24.51;24.97;6752090
20160609;24.84;25.29;24.73;25.09;6171555
20160610;24.76;24.88;24.54;24.55;6472255
20160613;24.3;24.64;24.1;24.12;10144042
20160614;24;24.25;23.78;24.05;9986783
20160615;24.12;24.87;24.08;24.52;15172805
20160616;24.35;24.39;23.82;24.16;7085392
20160617;24.68;24.93;24.5;24.61;11752838
20160620;25.08;25.12;24.26;24.28;7619450
20160621;24.33;24.58;24.08;24.53;5141362
20160622;24.6;24.73;24.26;24.32;4503482
20160623;24.6;24.66;24.43;24.48;5106474
20160624;23.37;23.82;22.8;22.91;16058842
20160627;22.58;22.58;21.31;21.54;15447071
20160628;21.98;22.19;21.74;22.09;7098377
20160629;22.39;22.89;22.39;22.74;5400489
20160630;22.86;22.89;22.28;22.63;6277048
20160701;22.7;23.19;22.65;22.78;4066848
20160705;22.51;22.62;22.36;22.55;4630114
20160706;22.38;22.96;22.33;22.95;5352418
20160707;23;23.32;22.76;22.98;5092729
20160708;23.18;23.23;22.87;22.96;7903611
20160711;23.22;23.3;22.95;22.99;6638432
20160712;23.25;23.54;23.09;23.27;6395693
20160713;23.36;23.38;22.97;23.13;6249665
20160714;23.45;23.55;23.17;23.29;4604117
20160715;23.43;23.61;23.19;23.34;4996991
20160718;23.44;23.61;23.29;23.39;5466097
20160719;23.28;23.34;23;23.15;5117376
20160720;23.25;23.53;23.09;23.5;4054163
20160721;23.5;23.62;23.12;23.17;3845675
20160722;23.17;23.24;22.87;23.19;4713818
20160725;23.2;23.41;23.11;23.32;4466262
20160726;23.68;24.03;23.61;24.01;8034785
20160727;24.02;24.1;23.6;23.82;5781339
20160728;23.72;24.28;23.7;24.23;6097458
20160729;23.71;24.26;23.61;23.98;6200189
20160801;23.98;24.06;23.69;23.96;5359464
20160802;24.16;24.3;23.58;23.8;6798259
20160803;23.62;23.8;23.47;23.78;6065002
20160804;24.36;24.46;23.78;24.06;9745688
20160805;24.37;24.59;24.21;24.45;7309691
20160808;24.59;24.73;24.48;24.64;3786942
20160809;24.71;24.98;24.56;24.9;5293217
20160810;24.93;25;24.58;24.63;4860463
20160811;24.73;24.99;24.59;24.89;4151825
20160812;24.75;24.83;24.49;24.5;4067590
20160815;24.65;24.96;24.58;24.84;3567642
20160816;24.7;24.72;24.29;24.49;4827182
20160817;24.44;24.54;24.24;24.43;2906721
20160818;24.5;24.6;24.26;24.36;2730761
20160819;24.18;24.26;23.95;24.16;3155812
20160822;24.12;24.24;24.05;24.23;3412600
20160823;24.32;24.56;24.29;24.31;3743149
20160824;24.22;24.27;23.54;23.55;6680017
20160825;23.47;23.95;23.38;23.66;4536978
20160826;23.68;23.88;23.53;23.76;4589963
20160829;23.72;23.87;23.52;23.76;3079619
20160830;23.84;23.91;23.7;23.81;2659362
20160831;23.81;24.09;23.75;23.89;3757009
20160901;24.29;24.77;24.13;24.65;9785701
20160902;24.76;24.85;24.43;24.58;3267909
20160906;24.58;24.78;24.43;24.72;3516448
20160907;24.78;25.2;24.74;25.17;5212022
20160908;25.47;25.49;25.08;25.3;4449658
20160909;25.12;25.31;24.62;24.76;4884718
20160912;24.53;25.14;24.26;25.08;6006977
20160913;24.86;25.11;24.64;24.86;6775802
20160914;24.89;25.41;24.75;25.22;6036037
20160915;25.27;25.65;25.15;25.54;6039027
20160916;25.54;25.72;25.38;25.44;4792084
20160919;25.56;25.66;24.87;24.94;6182847
20160920;25.03;25.25;24.81;24.97;3260648
20160921;25.08;25.17;24.78;25.08;3926587
20160922;25.28;25.86;25.28;25.79;5946556
20160923;25.52;25.69;25.35;25.65;8546909
20160926;25.45;25.62;25.18;25.36;2999075
20160927;25.36;25.69;25.24;25.57;3652855
20160928;25.67;26.39;25.65;26.35;6874291
20160929;26.37;26.49;25.49;25.85;8836684
20160930;25.68;26.2;25.52;26.03;6109043
20161003;26.33;26.43;26.15;26.19;3866272
20161004;26.33;26.4;26;26.23;3985735
20161005;26.35;26.85;26.34;26.64;7176470
20161006;26.96;27.04;26.56;26.8;5438421
20161007;26.76;26.8;26.38;26.42;3767315
20161010;26.54;27.04;26.54;26.79;5978406
20161011;26.89;27.02;26.43;26.55;3128867
20161012;26.54;26.58;26.31;26.33;2317282
20161013;25.99;26.12;25.69;26.06;3990957
20161014;26.24;26.33;25.62;25.75;3806401
20161017;25.32;26.17;25.25;25.98;4071448
20161018;26.31;26.31;25.79;25.86;2572212
20161019;25.82;26.18;25.73;26.09;3431687
20161020;26.04;26.38;25.99;26.12;3466738
20161021;26.09;26.3;25.59;26.1;3255840
20161024;26.31;26.47;26.22;26.28;2980512
20161025;26.23;26.32;26.05;26.08;5219633
20161026;26.03;26.33;25.94;26.13;3654051
20161027;26.19;26.35;25.84;25.98;5279227
20161028;25.91;26.46;25.91;26.07;4473895
20161031;26.18;26.31;25.97;26.17;3605703
20161101;26.65;26.98;26.35;26.4;9406043
20161102;26.35;26.36;25.73;25.94;6798203
20161103;25.98;26.5;25.74;25.77;5990840
20161104;26.08;26.65;26.01;26.41;11225178
20161107;28.08;28.3;26.84;27.18;19040049
20161108;27.28;28.3;27.28;28;13466826
20161109;27.75;28.8;27.56;28.32;10960588
20161110;28.57;28.71;27.4;27.87;9536619
20161111;27.68;27.73;27.21;27.5;7367048
20161114;27.44;27.67;26.77;27.37;9510519
20161115;27.42;27.96;27.3;27.83;7372888
20161116;27.75;28.14;27.49;27.71;5723988
20161117;27.84;28.25;27.77;28.03;6986193
20161118;28.2;28.73;28.18;28.43;9823478
20161121;29.12;29.35;28.95;28.97;10263831
20161122;28.65;28.83;28.52;28.71;7083660
20161123;28.63;28.72;28.4;28.47;4122830
20161125;28.48;28.69;28.46;28.67;1660346
20161128;28.78;28.84;28.59;28.73;8285637
20161129;28.72;29.04;28.62;28.87;8355530
20161130;29.08;29.08;28.55;28.71;7429691
20161201;28.71;28.9;27.95;28.52;8466418
20161202;28.37;29.27;28.34;29.01;8673480
20161205;29.31;29.36;28.81;28.97;7050020
20161206;29.24;29.75;29.13;29.63;8575607
20161207;29.9;29.98;29.54;29.95;5552523
20161208;29.93;30.62;27.86;28.65;27910057
20161209;29.75;30.07;28.89;29.27;15863907
20161212;29.53;29.6;29.03;29.19;7094820
20161213;29.99;30.26;29.7;29.79;11258331
20161214;29.64;30.09;29.25;29.72;10258856
20161215;29.7;29.9;28.93;28.97;8584520
20161216;29.32;29.45;28.74;28.86;8520789
20161219;28.83;29;28.56;28.59;4703666
20161220;28.81;28.98;28.4;28.63;4386968
20161221;28.63;29.38;28.4;29.28;6509247
20161222;29.28;29.41;29.01;29.33;3627962
20161223;29.29;29.52;29.21;29.36;2587064
20161227;29.34;29.5;29;29.01;2730020
20161228;29;29.18;28.62;28.72;3494565
20161229;28.62;28.77;28.38;28.5;3693050
20161230;28.63;28.83;28.33;28.83;5461231
20170103;29.01;29.51;28.76;29.48;9439195
20170104;29.52;29.65;29.18;29.46;6330917
20170105;29.65;29.97;29.35;29.37;8587124
20170106;29.37;29.7;29.35;29.52;6989539
20170109;29.71;29.9;29.16;29.16;5893400
20170110;29.29;29.92;28.72;29.62;11879526
20170111;29.5;29.57;28.69;29.03;9595209
20170112;28.86;29.16;28.35;28.63;6311993
20170113;28.73;29.06;28.55;28.62;8786605
20170117;28.45;28.8;28.45;28.66;6966129
20170118;28.56;28.69;28.33;28.61;3839876
20170119;28.71;28.86;28.56;28.69;4820921
20170120;28.85;29.25;28.74;28.74;5371803
20170123;28.73;28.88;28.4;28.5;6588065
20170124;28.59;29.05;28.46;29.01;4468015
20170125;29.31;29.66;29.21;29.6;7275696
20170126;29.48;29.87;29.24;29.48;4955539
20170127;29.8;29.89;29.46;29.79;5813446
20170130;29.62;29.62;29.08;29.11;5634600
20170131;29.01;29.2;28.73;28.8;5479744
20170201;28.76;28.89;28.38;28.56;6986942
20170202;28.52;28.82;28.45;28.8;6200467
20170203;28.93;29.01;28.78;28.86;3781195
20170206;28.93;29.14;28.76;29.05;6694787
20170207;29.08;29.1;28.5;28.56;5338630
20170208;28.52;28.73;28.44;28.64;3298707
20170209;28.66;28.71;28.31;28.62;4931354
20170210;28.68;28.79;28.48;28.53;4791305
20170213;28.73;29.3;28.59;29.16;10158933
20170214;29.44;29.6;28.61;28.65;9169618
20170215;28.66;29.71;28.66;29.6;14333028
20170216;28.04;28.06;26.64;26.86;49246857
20170217;26.5;26.78;26.04;26.6;20858708
20170221;26.62;27.06;26.56;26.95;12650295
20170222;26.97;27.06;26.32;26.46;9682320
20170223;26.58;26.69;26.07;26.18;10040992
20170224;26.1;26.4;26.03;26.39;11647282
20170227;26.45;26.55;26.32;26.47;8026766
20170228;26.39;26.53;26.15;26.29;8232019
20170301;27.07;27.2;26.78;26.83;9781250
20170302;26.74;26.79;26.27;26.31;7705111
20170303;26.22;26.52;26.08;26.46;6844683
20170306;26.42;26.61;26.14;26.55;6478756
20170307;26.37;26.41;25.33;25.74;23495002
20170308;25.8;25.9;25.64;25.68;12078975
20170309;25.53;25.8;25.29;25.43;7790571
20170310;25.56;25.59;25.15;25.5;6840763
20170313;25.61;26.02;25.56;25.95;6783580
20170314;25.95;26.4;25.83;26.35;7634198
20170315;26.5;26.87;26.34;26.82;10563811
20170316;26.75;26.99;26.52;26.79;10592719
20170317;26.95;27.6;26.85;27.58;15365616
20170320;27.43;27.45;26.34;26.62;19573325
20170321;26.7;26.76;25.89;26.13;17554753
20170322;26.04;26.43;25.92;26.03;7313909
20170323;26.02;26.4;25.91;25.92;6979294
20170324;26.07;26.13;25.47;25.71;11061581
20170327;25.25;26.61;25.21;26.58;12583993
20170328;26.65;27.27;26.59;27.17;12824460
20170329;27.13;27.54;27;27.29;6146911
20170330;27.36;27.5;27.2;27.33;4714815
20170331;27.17;27.5;27.06;27.4;7166641
20170403;27.74;28.09;27.51;27.75;10087540
20170404;27.68;27.9;27.63;27.82;5159725
20170405;27.99;28.12;27.58;27.6;7249261
20170406;27.56;28.53;27.52;28.43;11886800
20170407;28.27;28.5;28;28.11;6968689
20170410;28.08;28.09;27.65;27.77;7840602
20170411;27.68;27.83;27.39;27.71;6584990
20170412;27.69;27.84;27.49;27.57;3059522
20170413;27.53;27.74;27.16;27.19;4846447
20170417;27.35;27.37;27.01;27.12;7895968
20170418;27.12;27.81;27.08;27.75;9329473
20170419;27.89;28.32;27.68;28.02;9310993
20170420;28.18;28.53;28.1;28.46;7262801
20170421;28.56;28.61;28.2;28.41;6541301
20170424;28.63;29.13;28.57;29;14538393
20170425;29.22;29.58;29.16;29.35;12104642
20170426;29.67;30.05;29.32;29.79;19013691
20170427;30.17;31.15;29.59;31.01;17187436
20170428;31.28;31.32;30.7;30.71;8353797
20170501;30.79;31.15;30.68;30.97;5675976
20170502;31;31.15;30.89;30.96;5818562
20170503;30.95;31.15;30.8;31.11;5488836
20170504;31.02;31.1;30.67;30.72;5636274
20170505;30.45;31.03;30.41;30.85;4779802
20170508;30.51;30.61;30.19;30.42;8541027
20170509;30.61;31.08;30.41;30.96;6157364
20170510;30.92;31.29;30.69;31.23;6476713
20170511;31.09;31.2;30.69;30.98;5609062
20170512;30.84;31.2;30.84;31.15;5619986
20170515;31.17;31.7;31.11;31.68;8031106
20170516;31.77;32.28;31.61;32.2;8987343
20170517;31.72;31.95;31.09;31.15;9034581
20170518;30.6;31.29;30.5;30.96;7042502
20170519;31.18;31.71;31.12;31.25;5673770
20170522;31.5;31.93;31.42;31.57;10627315
20170523;31.68;31.76;31.27;31.3;7750099
20170524;31.18;31.42;31.06;31.19;5508214
20170525;31.23;31.68;31.23;31.6;5476697
20170526;31.57;31.96;31.53;31.82;3612149
20170530;31.8;32.08;31.75;31.87;4934629
20170531;32;32.04;31.36;31.72;5797153
20170601;32.05;32.55;32;32.26;6969654
20170602;32.42;32.75;32.13;32.52;6195868
20170605;32.49;32.5;32.08;32.19;7141348
20170606;32.19;32.6;32.02;32.49;6021121
20170607;32.44;32.88;32.14;32.76;7207970
20170608;32.72;32.93;32.47;32.77;3762805
20170609;32.75;32.91;31.63;31.98;5333634
20170612;31.8;31.81;30.82;31.59;11444688
20170613;31.85;32.37;31.84;32.09;4664417
20170614;32.35;32.52;32.02;32.35;5144099
20170615;32.05;32.59;31.84;32.58;6187395
20170616;32.59;32.77;32.42;32.61;5030244
20170619;32.84;33.23;32.69;33.15;7399498
20170620;33.22;33.36;32.83;33.18;4904367
20170621;33.28;33.35;32.84;32.96;3174036
20170622;32.91;33.4;32.9;33.25;3167670
20170623;33.35;34.17;33.24;34.16;7787314
20170626;34.19;34.34;33.64;33.85;7751678
20170627;33.91;34.31;33.73;33.73;8727024
20170628;33.89;34;33.35;33.7;7730680
20170629;33.7;33.78;32.62;32.89;7167205
20170630;31.94;32.09;31.16;31.29;17920595
20170703;31.02;31.32;30.43;30.56;7346840
20170705;30.66;31;30.31;30.98;7558754
20170706;30.85;30.91;30.26;30.3;5158368
20170707;30.32;30.93;30.2;30.84;5802529
20170710;30.83;31.4;30.69;31.18;5193134
20170711;31.34;31.62;31.25;31.43;6192402
20170712;31.66;31.81;31.47;31.74;3825455
20170713;31.85;31.94;31.47;31.93;4893806
20170714;31.31;31.96;31.09;31.91;7421780
20170717;31.88;32.02;31.67;31.85;4302930
20170718;31.86;32.74;31.8;32.55;6066785
20170719;32.55;32.8;32.31;32.79;8178290
20170720;33.5;33.99;33.14;33.73;27562428
20170721;33.77;34.21;33.77;34.03;18635023
20170724;34.11;34.46;33.98;33.99;15300069
20170725;34.08;34.53;32.64;34.27;90098241
20170726;34.11;34.27;33.62;33.87;20998778
20170727;33.8;34.17;32.31;33.39;25694226
20170728;33.32;33.88;33.04;33.14;8643411
20170731;33.11;33.52;32.93;32.93;8291329
20170801;32.85;33.11;32.4;32.41;12131193
20170802;32.42;32.48;31.68;31.98;9431411
20170803;31.99;32.17;31.5;31.56;10252436
20170804;31.59;32.12;31.59;31.79;6720620
20170807;31.93;32.15;31.72;31.86;5745506
20170808;31.86;32.02;31.43;31.55;6571376
20170809;31.36;31.67;31.22;31.49;6862557
20170810;31.22;31.4;30.5;30.51;6909799
20170811;30.5;30.84;30.38;30.59;5399674
20170814;30.94;31.2;30.8;30.99;5935960
20170815;31.12;31.66;30.72;31.59;7768169
20170816;31.72;31.72;30.93;31.3;5837150
20170817;31.18;31.48;30.5;30.51;6566407
20170818;30.46;30.96;30.04;30.71;6375867
20170821;30.8;31.18;30.43;31.11;6480889
20170822;31.4;31.96;31.25;31.6;5748860
20170823;31.26;31.56;31.05;31.32;6176605
20170824;31.39;31.71;31.21;31.55;3451523
20170825;31.6;31.92;31.42;31.83;4741353
20170828;31.82;31.95;31.25;31.69;5722455
20170829;31.52;32.15;31.46;32.04;3862742
20170830;32.05;32.14;31.53;32.12;5344892
20170831;32.25;33;32.11;32.96;10560752
20170901;33.16;33.46;32.98;33.21;5281585
20170905;33.15;33.38;32.84;33.14;9819116
20170906;33.43;33.98;33.28;33.77;9355256
20170907;34;34.65;33.89;33.99;11712607
20170908;33.9;33.92;32.96;33.25;8154143
20170911;32.98;33.34;32.05;33.08;12209099
20170912;33.09;33.3;32.18;32.75;10527384
20170913;32.71;32.89;32.4;32.59;6343033
20170914;32.75;32.77;31.72;32.06;9834635
20170915;32;32.1;31.71;31.92;13413613
20170918;32.05;32.53;31.63;31.68;8663693
20170919;31.81;32.67;31.76;32.56;8376653
20170920;32.56;33.13;32.22;33.08;10057484
20170921;33.09;33.44;32.99;33.06;5732902
20170922;32.97;33.01;32.36;32.38;3936978
20170925;32.22;32.32;31.81;31.94;5095976
20170926;32.09;32.32;31.93;32.16;3460301
20170927;32.39;32.7;32.24;32.46;5676885
20170928;32.36;32.73;32.21;32.34;5023145
20170929;32.34;32.74;32.14;32.59;5414275
20171002;31.35;32;30.7;30.77;37692791
20171003;30.89;30.93;30.36;30.85;23273764
20171004;30.95;31.3;30.73;30.75;11191905
20171005;30.84;31.14;30.77;30.9;9709565
20171006;30.71;30.87;30.43;30.81;8093412
20171009;30.71;30.87;30.3;30.81;9086746
20171010;31.05;31.09;30.4;30.43;7783397
20171011;30.4;30.91;30.3;30.9;8671328
20171012;30.79;30.83;30.05;30.07;11904533
20171013;30.03;30.21;29.56;29.74;12380941
20171016;29.66;29.85;29.53;29.69;8127858
20171017;29.69;30.52;29.63;30.49;8612481
20171018;30.2;30.48;29.81;30.44;7658652
20171019;30.11;30.63;30.07;30.48;4995903
20171020;30.9;31.12;30.74;31.03;6788716
20171023;31;31.27;30.8;30.9;7146438
20171024;31;31.24;30.66;31.22;7448577
20171025;31.2;31.48;30.89;30.97;6308051
20171026;31.13;31.15;30.62;30.83;5564681
20171027;31.09;31.38;30.81;31.25;6137846
20171030;31.08;31.17;30.56;30.57;4614037
20171031;30.88;31.35;30.73;31.35;5223176
20171101;31.9;31.98;30.74;30.82;8933097
20171102;30.83;31.04;30.68;30.71;5477738
20171103;30.73;31.28;30.46;31.26;5308287
20171106;31.28;31.84;31.21;31.71;5075808
20171107;31.93;32;31.21;31.46;7923240
20171108;31.8;33.59;31.74;33.06;17296400
20171109;32.71;33.15;32.15;32.75;8848374
20171110;32.69;33.18;32.58;32.88;5693117
20171113;32.68;33.41;32.63;33.06;6162474
20171114;32.8;33.11;32.68;32.85;6859071
20171115;32.67;32.99;32.34;32.89;4922068
20171116;33;33.17;32.89;33;4677744
20171117;32.94;33.1;32.9;33;4532212
20171120;33.2;33.41;33.05;33.18;6662938
20171121;33.31;33.59;33.19;33.34;6419222
20171122;33.48;33.52;33.17;33.45;4370382
20171124;33.47;33.9;33.38;33.89;1631432
20171127;33.77;33.83;33.47;33.67;5555870
20171128;33.66;33.81;33.22;33.25;6349120
20171129;33.4;33.74;33.1;33.65;5634489
20171130;33.58;34.24;33.51;34.12;8962441
20171201;34.14;34.31;33.76;34.02;8100096
20171204;34.37;34.51;34.05;34.22;6345246
20171205;33.79;34.48;33.78;33.94;8017273
20171206;33.83;34.12;33.03;33.1;9236834
20171207;33.16;33.36;32.52;33.34;8713386
20171208;33.36;33.61;32.97;33.18;8885152
20171211;33.53;33.87;33.31;33.34;7390509
20171212;33.4;33.42;32.64;32.71;7857623
20171213;32.96;33.4;32.86;33.16;9453278
20171214;33.29;33.42;32.75;32.83;7639422
20171215;32.88;33.12;32.51;32.88;12007424
20171218;33.1;33.32;32.89;32.95;7828272
20171219;33.1;33.14;32.75;32.84;8391472
20171220;33.1;33.26;32.91;33.16;5388593
20171221;33.27;33.8;33.1;33.73;6956268
20171222;33.65;33.65;33.26;33.34;3545093
20171226;33.33;33.37;33.17;33.35;1634085
20171227;33.32;33.72;33.24;33.71;4912800
20171228;33.73;33.78;33.34;33.63;6564679
20171229;33.71;33.73;33.28;33.39;3636421
20180102;32.99;33.57;32.83;33.51;5449943
20180103;33.48;33.49;33.22;33.33;4253340
20180104;33.44;33.7;33.27;33.66;4722473
20180105;33.66;34.22;33.54;33.89;7229548
20180108;33.85;33.92;33.03;33.1;7146502
20180109;33.74;34.16;33.28;33.63;8774375
20180110;33.44;33.97;33.26;33.92;5981854
20180111;33.94;35.13;33.74;35.11;7496611
20180112;35.15;35.18;34.83;35.03;6025080
20180116;35.67;36.45;35.67;36.03;11978344
20180117;36.25;36.66;35.91;36.54;9408840
20180118;36.4;36.45;35.83;36.07;6126090
20180119;36.36;36.68;36.11;36.35;5991133
20180122;36.7;37.32;36.6;37.12;9727241
20180123;37.09;37.43;36.95;37.02;5175749
20180124;36.9;37.76;36.83;37.63;7124393
20180125;36.86;37.25;36.5;36.81;7804803
20180126;37.02;37.1;36.5;37.05;6668592
20180129;37;38.41;36.57;38.03;15528958
20180130;37.65;37.93;37.03;37.11;14740107
20180131;37.21;37.4;36.18;36.45;12872539
20180201;36.49;37.14;36.3;36.83;6168702
20180202;36.32;36.42;35.17;35.58;8430750
20180205;35.1;35.77;34.11;34.47;8988427
20180206;33.69;35.32;33.47;34.88;9572177
20180207;34.82;35.47;34.57;34.68;6697687
20180208;34.69;34.69;33.44;33.5;10910579
20180209;33.66;33.82;32.14;33.43;17956022
20180212;33.75;33.75;32.75;33.2;9416459
20180213;33.35;33.35;32.87;33.13;8861467
20180214;32.89;34.49;32.89;34.44;12991731
20180215;34.75;35.06;34.35;35;9131317
20180216;34.85;35.04;34.42;34.47;8295523
20180220;33;35.21;32.99;34.71;14923549
20180221;34.93;35.44;34.4;34.4;7490094
20180222;34.66;34.8;34.17;34.51;5149277
20180223;34.63;35.4;34.6;35.38;4480872
20180226;35.45;35.57;34.99;35.33;4798756
20180227;35.48;35.53;34.24;34.27;6166241
20180228;34.36;34.72;34.04;34.23;6991920
20180301;34.31;34.38;32.88;33.28;9505179
20180302;32.94;33.88;32.84;33.73;11015608
20180305;33.55;34.04;33.36;33.85;8278532
20180306;34.08;34.78;33.87;34.75;7490418
20180307;34.3;34.9;34.28;34.86;5511686
20180308;35.31;35.99;35.17;35.91;6827357
20180309;36.03;36.81;35.86;36.79;7730635
20180312;36.83;36.91;36.56;36.77;5989029
20180313;37;37.13;35.69;35.79;6648671
20180314;35.91;36;35.46;35.69;4635634
20180315;35.75;36.09;35.58;35.68;3475238
20180316;35.76;36.28;35.68;35.99;4503752
20180319;36.03;36.34;35.77;36.28;12579595
20180320;36.21;36.81;36.08;36.73;5725141
20180321;36.71;36.71;36.03;36.12;9137474
20180322;35.46;35.88;34.51;34.53;7554145
20180323;34.57;34.62;33.06;33.26;12167115
20180326;33.78;34.98;33.68;34.92;12752685
20180327;35.28;35.87;34.67;34.86;9578496
20180328;34.76;34.85;33.97;34.1;6561745
20180329;34.25;35.21;34.21;35.02;7153535
20180402;35.23;35.54;33.64;33.88;7749403
20180403;34.24;34.54;33.89;34.44;5251101
20180404;33.74;34.95;33.23;34.93;7024217
20180405;35.11;35.99;35.11;35.57;7945873
20180406;35.24;35.49;33.74;34.13;9692272
20180409;34.31;34.97;34.21;34.37;5072150
20180410;34.9;35.07;34.42;34.67;12493541
20180411;34.47;34.7;33.55;33.68;12078770
20180412;33.81;35.67;33.65;34.93;16895200
20180413;35.33;35.47;34.28;34.4;5985256
20180416;34.7;35.18;34.45;34.77;6200726
20180417;35.2;36.2;35.04;36.11;6874413
20180418;36.32;36.8;36.17;36.41;7470131
20180419;36.42;36.52;35.41;35.56;10344680
20180420;35.58;35.66;35.27;35.44;5153366
20180423;35.69;36.51;35.56;36.17;9774205
20180424;36.44;36.73;35.32;35.52;8368464
20180425;35.45;35.53;34.7;35.33;7503238
20180426;33.32;33.65;31.74;32.29;37019887
20180427;32.16;32.31;30.72;31.28;19221430
20180430;31.13;31.9;31.13;31.42;13349379
20180501;31.51;31.66;30.83;31.4;11191357
20180502;31.24;31.79;31.13;31.22;8836381
20180503;31.28;31.35;30.67;31.28;8178443
20180504;31.2;32.15;31.05;31.86;8715176
20180507;32.05;32.13;31.32;31.61;8461406
20180508;31.47;32.06;31.45;32.06;8342257
20180509;32.13;32.97;32;32.9;11542402
20180510;32.98;33.68;32.91;33.37;11667058
20180511;33.3;33.3;31.74;31.8;16851647
20180514;32.03;32.91;31.76;32.32;19863084
20180515;32.34;32.36;31.65;31.73;9551262
20180516;31.73;32.11;31.58;31.92;7587136
20180517;32.03;32.56;31.8;32.18;10539443
20180518;32.14;32.5;32.08;32.34;7201997
20180521;32.65;32.88;32.01;32.01;7246655
20180522;32.07;32.18;31.52;31.58;6196244
20180523;31.3;31.65;31.16;31.6;7249435
20180524;31.66;31.7;30.96;31.32;6253291
20180525;31.2;31.63;30.91;31.45;3896065
