20130118;25.1;25.49;24.16;24.79;17763549
20130122;25;27.36;24.85;26.95;2071934
20130123;28;28.86;26.49;27.49;1572111
20130124;27.17;27.9;26.64;27.35;508646
20130125;27.5;27.9;26.28;27.35;870620
20130128;27.88;27.88;26.94;27.76;172175
20130129;27.9;27.96;27;27.11;437357
20130130;26.69;27.23;26.17;26.29;816367
20130131;26.02;26.92;25.75;26.37;970389
20130201;26.47;27.8;26.18;27.65;1099294
20130204;27.71;29.08;27.6;28.41;952099
20130205;28.96;28.96;27.97;28.54;447164
20130206;28.1;28.74;27.8;27.98;377202
20130207;27.93;28.09;27.43;27.55;276266
20130208;27.6;28.31;27.32;27.91;380107
20130211;27.78;27.84;27.43;27.68;576836
20130212;28.91;29.5;28.24;28.32;1876780
20130213;28.81;29.54;28.29;28.92;772492
20130214;28.82;29.4;28.6;29.25;431874
20130215;29.48;30.41;29.48;30.27;1418622
20130219;30.47;31.33;30.45;31.19;497729
20130220;31.19;31.91;30.56;30.8;612603
20130221;30.54;31;29.76;30.47;481358
20130222;30.95;31.31;29.46;29.99;571182
20130225;31.34;31.41;30.18;30.78;471692
20130226;30.81;31.08;29.79;30.21;418210
20130227;30.56;30.7;29.83;30.26;294344
20130228;30.55;31.08;30.03;30.98;234810
20130301;30.5;31.68;30.26;30.99;688121
20130304;30.55;31.25;30.26;30.45;274401
20130305;30.12;30.74;29.85;30.03;365952
20130306;30.19;30.4;29.85;30.02;153019
20130307;29.85;30.42;29.85;30.29;306776
20130308;30.98;30.98;29.12;30.3;679211
20130311;30.5;30.69;29.99;30.66;315923
20130312;30.33;31;30.33;30.85;770655
20130313;30.93;31;30.48;30.78;321593
20130314;30.73;30.96;29.89;30;785477
20130315;29.6;30.09;29.55;29.82;798637
20130318;29.8;30.62;29.62;30.29;389523
20130319;30.29;30.69;29.78;30.26;133403
20130320;30.27;30.99;30.25;30.5;162824
20130321;30.39;30.75;29.93;30.03;96880
20130322;30.03;30.26;29.91;30.18;112742
20130325;30.14;30.16;29.31;29.48;563117
20130326;29.93;30;29.02;29.54;410896
20130327;29.41;30.33;29.26;30.15;215385
20130328;30.01;30.44;29.43;29.65;2345693
20130401;29.79;29.95;29.34;29.93;640018
20130402;29.98;30.54;29.18;29.92;638973
20130403;29.82;30.39;28.57;29.19;1083653
20130404;29.1;29.36;28.51;29.27;441956
20130405;29.02;29.39;28.59;29.3;334645
20130408;29.41;30.16;29.12;29.99;246162
20130409;30.15;30.37;29.45;30.34;250154
20130410;30.46;30.95;29.8;30.53;265775
20130411;30.33;30.87;30.06;30.64;112666
20130412;30.51;30.85;29.76;30.5;115050
20130415;30.41;30.52;29.94;30.07;144251
20130416;30.18;30.48;29;30;451955
20130417;29.95;29.95;29.21;29.55;224220
20130418;29.65;29.85;29.33;29.34;175882
20130419;29.52;29.52;28.86;29.43;118352
20130422;29.42;29.71;29.01;29.38;210727
20130423;29.51;29.79;29.15;29.34;137140
20130424;29.4;29.4;28.75;28.9;197038
20130425;29.59;30.37;29.1;30.06;1192653
20130426;30.45;30.45;29.58;30.39;209106
20130429;30.5;30.52;30.16;30.36;381608
20130430;30.33;31.07;29.51;31.01;429627
20130501;31.36;31.37;30.46;31.09;408676
20130502;31.15;31.8;30.6;31.36;214886
20130503;31.39;32;31.3;31.53;150686
20130506;31.66;32.31;30.48;31.82;866065
20130507;31.9;32.93;31.01;31.66;833201
20130508;31.82;32.07;31.38;31.9;325232
20130509;31.54;32.08;31.01;31.71;252272
20130510;31.68;31.84;30.86;31.01;274187
20130513;31.06;31.06;29.91;30.46;288922
20130514;30.6;30.79;30.21;30.76;491643
20130515;30.63;31.45;30.55;31.36;274508
20130516;31.4;31.73;31.31;31.42;339392
20130517;31.19;31.84;31.1;31.56;841218
20130520;31.61;32.44;31.35;32.03;286401
20130521;31.8;32.34;31.69;32;254499
20130522;31.84;32.4;30.96;31.8;354818
20130523;31.51;32.07;31.2;31.96;205732
20130524;31.81;32.19;31.81;32.15;168202
20130528;32.23;32.44;31.42;31.75;690334
20130529;31.6;31.83;31.35;31.57;321556
20130530;31.32;31.89;30.54;30.82;296098
20130531;30.77;31.4;30.49;30.75;211732
20130603;30.85;31.55;30.79;31.35;659736
20130604;31.26;31.8;31.26;31.41;358021
20130605;31.42;31.57;30.63;30.85;529653
20130606;30.8;30.97;30.14;30.79;367671
20130607;30.98;31.64;30.51;31.24;425545
20130610;31.47;32.08;30.91;31.17;587089
20130611;31.07;31.84;30.49;31.65;229264
20130612;31.7;31.87;30.86;31.11;218526
20130613;30.94;31.5;30.51;31.08;414860
20130614;31;31.76;30.04;31.28;344012
20130617;31.16;31.66;30.75;31.19;194482
20130618;30.87;31.62;30.84;31.55;359264
20130619;31.44;32;31.2;31.3;197363
20130620;31.09;31.67;30.79;31.28;295437
20130621;31.25;31.25;29.66;29.72;1503862
20130624;30.84;30.85;28.25;28.27;620317
20130625;28;29.27;28;28.76;322719
20130626;28.84;29.68;28.84;29.43;166773
20130627;29.7;30.4;29.35;30.03;451263
20130628;29.8;30.8;29.79;30.31;731523
20130701;30.34;31;30.1;30.95;337705
20130702;30.67;31.15;30.2;30.48;411584
20130703;30.45;30.72;29.26;30.59;538450
20130705;30.65;31.68;30.65;31.65;144604
20130708;31.75;32.27;30.98;31.79;286513
20130709;31.84;32;31.38;31.76;177917
20130710;31.68;31.68;31.15;31.5;106791
20130711;31.66;31.66;31.41;31.43;270245
20130712;31.22;31.6;31.08;31.53;116341
20130715;31.56;31.67;31.33;31.38;88655
20130716;31.46;31.63;31.28;31.4;129734
20130717;31.61;31.74;31.02;31.35;252915
20130718;31.49;31.49;30.97;31.37;332326
20130719;31.14;31.27;30.91;31.2;57505
20130722;31.35;31.38;31.03;31.3;95713
20130723;31.25;31.4;30.6;31.13;110761
20130724;31.04;31.04;30.46;30.72;75042
20130725;30.73;30.74;30.16;30.27;262274
20130726;30.25;31.19;30.1;30.97;569170
20130729;30.77;31.39;29.65;30.26;493994
20130730;30.36;30.36;29.67;29.76;200352
20130731;29.76;30.86;29.32;30.31;563472
20130801;30.5;30.5;29.88;30.25;770098
20130802;30.07;30.94;30.06;30.59;145939
20130805;30.54;30.92;30.47;30.74;325623
20130806;30.57;30.84;30.08;30.26;173633
20130807;30.36;30.49;30.08;30.18;102478
20130808;28.92;30.46;28.28;30.05;1108248
20130809;30.47;31.28;30.33;31.02;9222499
20130812;30.99;31.62;30.87;31.6;933104
20130813;31.45;32.31;31.28;32.22;912890
20130814;32.06;32.7;31.6;32.44;637081
20130815;32.17;32.84;31.66;32.79;737287
20130816;32.92;32.93;31.92;31.97;1780036
20130819;32.44;32.48;31.14;31.46;914914
20130820;31.21;31.66;30.97;31.46;471103
20130821;31.17;31.95;31.06;31.8;399526
20130822;31.73;32.49;31.58;32.42;312719
20130823;32.22;32.27;31.62;31.78;637904
20130826;31.93;31.93;31.57;31.69;470528
20130827;31.4;31.5;31.02;31.21;622801
20130828;31.1;31.32;30.86;31.1;413288
20130829;30.97;31.26;30.83;31.21;341335
20130830;31.13;31.26;30.91;31.09;379151
20130903;31.35;32.06;31.01;31.46;498107
20130904;31.92;32.04;30.95;31.16;571295
20130905;31.07;31.52;30.88;31.15;564396
20130906;31.37;31.52;30.87;31.31;186235
20130909;31.43;31.74;30.98;31.19;485060
20130910;31.43;31.94;31.2;31.75;370820
20130911;31.6;32.07;31.21;31.8;348486
20130912;31.93;32.19;31.84;31.88;440665
20130913;31.98;32.61;31.75;32.57;375006
20130916;32.76;32.89;32.09;32.3;325414
20130917;32.25;33.26;32.1;33.18;458400
20130918;33.05;33.24;32.42;33.06;210604
20130919;33.01;33.56;32.86;33.19;297634
20130920;33.14;33.16;32.63;33.05;488732
20130923;33.06;33.67;32.76;32.84;212382
20130924;32.69;32.94;31.81;31.94;553992
20130925;31.83;32.09;31.41;31.65;615194
20130926;31.6;31.84;31.13;31.27;644059
20130927;31.12;31.31;30.47;31.02;359105
20130930;30.73;30.98;30.19;30.85;924030
20131001;30.86;31.17;30.56;30.83;1035592
20131002;30.15;31.4;29.86;31.34;1862481
20131003;31.21;31.42;30.4;30.54;398889
20131004;30.98;31.97;30.7;31.25;1053070
20131007;31.15;31.32;30.79;30.85;417784
20131008;30.82;31.05;29.82;30.2;1213091
20131009;30.15;30.59;30;30.32;808182
20131010;30.68;30.99;30.31;30.89;343915
20131011;30.96;31.52;30.61;30.74;382157
20131014;30.52;30.67;29.96;30.48;356268
20131015;30.48;30.82;29.94;30.16;564595
20131016;30.23;30.23;29.5;29.93;865320
20131017;29.98;30.17;28.57;29.81;1292275
20131018;30.49;30.66;29.83;30.06;1015687
20131021;31.17;31.63;30.68;31.22;1364667
20131022;31.26;32.03;31.09;31.99;787476
20131023;31.98;32.6;31.64;32.35;713210
20131024;32.69;33.5;32.33;32.87;1389407
20131025;32.68;33.3;32.34;32.44;1265478
20131028;32.69;33.3;31.8;32.06;1616085
20131029;33.3;33.42;31.3;32.23;3081054
20131030;32.25;32.91;31.8;32.12;494267
20131031;32.04;32.32;31.56;32.02;408902
20131101;32.04;32.42;31.67;32.28;206387
20131104;32.05;32.85;32.05;32.72;514074
20131105;32.71;32.71;31.78;31.86;310970
20131106;32.01;32.29;31.77;32.24;152644
20131107;32.45;32.63;31.12;31.31;381047
20131108;31.37;31.98;31.3;31.42;261420
20131111;31.48;32.21;31.34;32.1;215044
20131112;32.03;32.33;31.8;31.97;544313
20131113;31.77;32.15;31.55;32.09;177583
20131114;32.04;32.12;31.66;31.91;199489
20131115;32.02;33.12;31.5;33.07;515911
20131118;33.03;33.82;32.76;33.13;642580
20131119;33.05;33.4;32.76;32.87;268271
20131120;32.25;32.78;31.77;32.75;457137
20131121;32.95;33.33;32.67;33.2;332091
20131122;33.2;33.61;33;33.57;910559
20131125;33.75;33.81;33.11;33.55;487489
20131126;33.44;34.26;33.44;33.99;767568
20131127;33.97;34.55;33.95;34.36;311532
20131129;34.42;34.49;34;34.1;132043
20131202;34.05;34.44;33.93;34.12;238478
20131203;33.43;34.17;33.16;33.55;1968086
20131204;33.65;33.86;33.2;33.24;10129044
20131205;33.25;33.45;32.99;33;1328749
20131206;33.09;33.64;33.01;33.52;906035
20131209;33.68;33.73;33.24;33.56;463371
20131210;33.41;33.6;33.24;33.24;409067
20131211;33.25;33.42;33;33;686916
20131212;33.14;33.14;32.03;32.11;823667
20131213;32.27;32.48;31.5;31.65;921928
20131216;31.87;32.48;31.66;32.29;594668
20131217;32.4;32.52;32;32.14;545185
20131218;32.25;32.43;31.7;31.9;556107
20131219;32.2;33.5;32.13;33.16;1533077
20131220;33.29;34.94;33.18;34.52;4017727
20131223;34.58;34.88;33.97;34.75;674823
20131224;34.75;35.16;34.54;35.1;313392
20131226;35.09;35.17;34.68;35.06;435173
20131227;35.03;35.32;35.01;35.12;132462
20131230;35.19;35.52;34.93;35.25;420150
20131231;35.24;35.97;35.15;35.47;563031
20140102;35.16;35.4;34.46;34.64;428429
20140103;34.83;35.04;34.41;34.64;484741
20140106;34.51;34.82;33.93;33.96;377931
20140107;34.01;34.55;33.84;33.88;640738
20140108;33.86;34.48;33.78;34.32;223735
20140109;34.25;34.85;34.21;34.72;591254
20140110;34.89;35.54;34.51;35.25;688717
20140113;35.14;35.33;34.72;34.84;421403
20140114;35.16;36.43;34.77;35.85;1164785
20140115;36.08;37.05;35.85;36.89;840250
20140116;36.72;37.3;36.37;36.91;818659
20140117;36.78;37.08;36.48;36.54;318956
20140121;36.45;36.79;36.03;36.22;707985
20140122;36.3;36.9;36.08;36.7;893877
20140123;36.45;37;35.61;36.04;1076930
20140124;35.87;35.87;35.14;35.26;998746
20140127;35.49;35.92;34.39;34.74;903214
20140128;34.82;35.41;34.55;34.88;794449
20140129;34.56;34.9;34.18;34.44;682818
20140130;34.34;35.37;34.29;35.06;654979
20140131;34.66;35.29;34.36;35.02;616457
20140203;35.02;35.3;34.2;34.4;794768
20140204;34.5;35;34.01;34.21;417474
20140205;34.12;34.51;33.69;34.43;335885
20140206;34.54;35.23;34.44;35.08;434403
20140207;35.31;35.43;34.78;35.21;382673
20140210;35.1;35.66;34.91;35.62;517287
20140211;35.98;36.7;35.61;36.25;1418869
20140212;36.14;36.37;35.26;35.89;1248109
20140213;35.35;35.36;34.07;34.7;2433645
20140214;34.76;35.55;34.48;35.17;1468620
20140218;35.55;36.09;31.65;33.56;4590439
20140219;33.06;33.9;32.96;33.35;1439095
20140220;33.49;33.94;33.37;33.79;667484
20140221;33.93;34.32;33.65;34.27;1135308
20140224;34.25;34.25;33.86;34.11;854556
20140225;34.25;34.41;33.59;33.63;518501
20140226;33.51;33.82;32.76;32.83;960403
20140227;32.62;33.38;32.34;33.34;1089614
20140228;33.29;34.35;33.1;34.27;1208675
20140303;33.88;34.03;33.4;33.68;871056
20140304;33.94;34.32;33.67;33.83;812320
20140305;32.7;33.25;32.46;32.91;6888395
20140306;33.12;33.26;32.75;33.18;2739121
20140307;33.38;33.69;33.05;33.37;2332582
20140310;33.49;33.89;32.86;32.91;1206435
20140311;33.02;33.31;32.91;33.07;1416943
20140312;32.93;32.96;32.52;32.83;851179
20140313;32.86;33.32;31.95;32;975798
20140314;31.89;32.08;31.61;31.73;814577
20140317;31.73;32.23;31.73;32.2;1101801
20140318;32.35;33.16;31.91;32.71;1989379
20140319;32.79;32.97;32.4;32.74;802823
20140320;32.64;33.37;32.64;33.35;911738
20140321;33.58;33.73;33.23;33.49;1975371
20140324;33.54;33.67;32.91;33.28;938610
20140325;33.27;33.33;32.4;33.1;1866022
20140326;33.18;33.47;32.72;32.85;1170019
20140327;32.84;33.17;32.41;32.59;843182
20140328;32.65;32.95;31.7;31.84;1373461
20140331;31.89;32.37;31.81;32.27;1030540
20140401;32.45;33.26;32.44;33.19;785807
20140402;33.26;33.45;32.86;33.25;609945
20140403;33.28;33.4;32.95;33.28;541032
20140404;33.3;33.38;32.19;32.57;873394
20140407;32.41;32.41;31.04;31.25;972690
20140408;31.25;31.62;31.16;31.43;740170
20140409;31.43;31.97;31.18;31.7;773493
20140410;31.75;31.91;30.89;31.03;459256
20140411;30.97;31;29.71;29.85;1242609
20140414;30.14;30.58;29.71;29.91;555845
20140415;30.05;30.17;29.08;29.65;1320213
20140416;29.74;29.83;29.43;29.81;2142855
20140417;30.2;30.97;29.89;30.72;1059555
20140421;30.8;31.01;30.28;30.3;499538
20140422;31;31.1;30.58;30.79;977811
20140423;30.83;31.03;30.73;30.84;1177017
20140424;31.12;31.12;30.55;31.01;2348360
20140425;31;31.2;30.42;30.97;2435920
20140428;30.74;31.83;30.34;31.67;3810927
20140429;31.15;33.66;31.07;32.94;3230278
20140430;32.99;33.31;32.66;32.77;1390672
20140501;32.78;32.94;32.28;32.46;1308367
20140502;32.54;32.83;32.16;32.5;1206892
20140505;32.2;32.71;31.74;32.04;784006
20140506;32.08;32.38;31.78;31.86;614850
20140507;31.87;32.18;31.72;31.89;691849
20140508;31.83;32.22;31.49;31.79;948225
20140509;31.82;31.86;31.16;31.46;1811126
20140512;31.65;32.6;31.37;32.38;945276
20140513;32.45;32.57;32.04;32.52;744949
20140514;32.36;32.59;32.31;32.41;672466
20140515;32.46;32.7;32.28;32.65;1436669
20140516;32.61;32.76;32.38;32.75;845578
20140519;32.58;33.28;32.53;33.18;841539
20140520;33.21;33.39;32.93;33.17;1061027
20140521;33.26;33.83;33.07;33.77;515308
20140522;33.75;33.94;33.52;33.76;826352
20140523;33.79;33.99;33.6;33.97;390413
20140527;34.03;34.18;33.57;33.7;675920
20140528;33.69;33.69;33.24;33.24;1048799
20140529;33.38;33.77;33.28;33.35;1013156
20140530;33.32;33.78;33.1;33.75;962178
20140602;33.74;34.01;33.43;33.9;835531
20140603;33.75;34.07;33.57;34.02;597108
20140604;33.06;34.13;33.01;34.09;1164787
20140605;34.09;34.14;33.73;34.03;1348068
20140606;34.12;34.14;33.68;33.76;693383
20140609;31.04;33.89;31.04;33.68;938756
20140610;33.45;34.08;33.38;33.55;748152
20140611;33.43;33.75;33.22;33.65;528921
20140612;33.74;33.85;32.84;32.92;949613
20140613;32.88;33.06;32.52;32.86;700759
20140616;32.33;32.6;31.65;31.9;2641618
20140617;31.8;32.15;31.72;32.03;1010524
20140618;31.96;32.19;31.88;31.93;1074289
20140619;31.84;32.13;31.84;31.91;673858
20140620;31.85;32.19;31.85;31.99;836891
20140623;32.03;32.51;31.92;32.42;1073573
20140624;32.21;32.51;31.75;32.14;2092935
20140625;31.98;32.42;31.79;32.04;1027603
20140626;32;32.21;31.73;31.99;879410
20140627;31.96;32.14;31.45;31.45;5246598
20140630;31.49;31.77;31.45;31.7;924745
20140701;31.72;32;31.41;31.9;765087
20140702;31.9;32.37;31.67;31.94;592408
20140703;32.15;32.53;32.09;32.48;564352
20140707;32.26;32.43;31.8;32.38;879341
20140708;32.32;32.56;32.1;32.2;1543975
20140709;32.16;32.74;32;32.66;904403
20140710;32.36;33.08;32.11;32.74;891497
20140711;32.65;32.98;32.27;32.95;664489
20140714;33.09;33.09;32.71;32.72;691480
20140715;32.65;32.98;32.17;32.31;1059808
20140716;32.4;32.7;32.23;32.36;1942542
20140717;32.31;32.47;31.93;31.98;609556
20140718;32.06;32.41;31.92;32.29;689641
20140721;32.19;32.44;31.79;31.89;481035
20140722;32;32.3;31.98;32.18;392057
20140723;32.3;32.46;31.84;32.06;621633
20140724;32.4;32.86;32.28;32.54;660270
20140725;32.5;32.94;32.04;32.4;1273126
20140728;32.47;32.96;32.4;32.76;1413289
20140729;32.1;34.33;32.1;33.53;2615611
20140730;33.65;33.73;32.92;33.05;1658496
20140731;32.78;33.08;32.55;32.78;1876311
20140801;32.72;33.48;32.5;32.97;1338046
20140804;32.96;33.34;32.66;32.96;499445
20140805;32.7;33.15;32.25;32.43;980557
20140806;32.19;32.56;31.38;31.88;1181313
20140807;32.08;32.25;31.66;31.79;603382
20140808;31.85;32.02;31.62;31.75;546803
20140811;31.78;32.21;31.76;32.18;331638
20140812;32.19;32.68;32.07;32.33;393255
20140813;32.42;32.73;32.19;32.2;483642
20140814;32.1;32.84;32.05;32.84;896081
20140815;33.4;34.5;33.28;33.56;1509858
20140818;33.57;34.15;33.57;33.68;795671
20140819;33.86;34;33.45;33.49;619854
20140820;33.37;33.95;33.21;33.79;679727
20140821;33.8;33.95;33.69;33.74;592809
20140822;33.74;33.95;33.49;33.79;986515
20140825;34.01;34.01;33.63;33.79;357722
20140826;33.73;33.92;33.61;33.79;387036
20140827;33.89;33.97;33.53;33.7;365467
20140828;33.69;33.69;33.13;33.19;503775
20140829;33.1;33.59;33.02;33.31;467308
20140902;38.01;38.05;36.7;36.99;6593052
20140903;37.09;37.39;36.9;36.94;1755616
20140904;36.24;36.76;35.78;36.25;1067702
20140905;36.1;36.3;35.96;36.1;1191595
20140908;36;36.32;35.92;36.1;657232
20140909;36.14;36.33;35.95;36.06;569284
20140910;36.23;36.37;35.92;36.31;371021
20140911;36.28;36.73;35.93;36.5;607824
20140912;36.55;36.87;36.35;36.62;838925
20140915;36.52;36.61;36.03;36.44;454270
20140916;36.23;36.58;35.97;36.43;740404
20140917;36.47;36.89;36.19;36.68;352580
20140918;36.62;37.05;36.6;36.95;529323
20140919;36.89;37.18;36.75;36.77;734745
20140922;36.86;36.9;36.46;36.79;586562
20140923;36.92;37.35;36.71;36.85;858620
20140924;36.75;36.84;36.47;36.54;847742
20140925;36.32;36.5;35.73;35.88;562791
20140926;36.15;36.81;36.08;36.58;697735
20140929;36.43;36.43;36.07;36.22;519630
20140930;35.77;36.31;35.77;36.02;521346
20141001;35.9;36.15;35.11;35.17;1099806
20141002;35.35;35.42;34.12;35.03;633601
20141003;35.3;35.86;35.06;35.8;1056332
20141006;36.06;36.27;35.54;35.6;542687
20141007;35.3;35.38;34.5;34.6;876016
20141008;34.59;35.19;34.43;34.97;1520625
20141009;34.8;35;33.77;33.99;1036616
20141010;33.91;34.15;33.36;33.73;893063
20141013;33.35;33.89;31.94;31.97;2206686
20141014;32.08;32.53;31.51;32.05;1687705
20141015;31.86;31.86;30.45;31.07;1214683
20141016;30.66;31.49;30.66;31.3;1266898
20141017;30.46;32.4;30.44;32.02;2323769
20141020;32.12;32.93;32.05;32.91;828144
20141021;33.34;34.24;32.93;34.16;858125
20141022;34.2;34.92;34.11;34.64;1213713
20141023;34.87;34.94;33.74;34.26;882337
20141024;34.17;35.11;34.1;35.02;323529
20141027;34.84;35.4;34.76;35.32;518493
20141028;35.37;36.27;35.16;36.23;880208
20141029;36.57;37.23;36.14;36.66;2061014
20141030;36.99;38.66;36.6;38.44;1809873
20141031;39.11;39.51;38.53;39;1080923
20141103;39.2;39.63;38.55;39.07;1351317
20141104;39.14;39.31;38.11;38.4;1426769
20141105;38.65;39.16;38.28;39.03;591827
20141106;39.13;39.69;38.87;38.98;1368700
20141107;39.39;39.69;38.73;38.99;1153801
20141110;39.17;39.79;38.9;39.35;1570961
20141111;39.28;39.93;39.22;39.9;855338
20141112;39.66;40.45;39.42;40.35;2516220
20141113;40.17;40.56;39.83;40.5;1221178
20141114;40.45;41.66;40.33;41.59;1356586
20141117;41.66;41.66;40.95;41.31;695587
20141118;41.39;41.96;41.32;41.77;926620
20141119;41.91;41.97;41.46;41.79;767700
20141120;41.5;42.09;41.42;41.71;826729
20141121;42.23;42.36;41.79;41.83;559418
20141124;41.98;42.34;41.83;42.2;605743
20141125;42.27;42.61;41.86;42.16;3645043
20141126;42.11;42.5;41.31;42.15;495835
20141128;42.67;45.07;42.63;43.89;1698418
20141201;43.86;43.86;42.28;42.66;1036503
20141202;43.26;44.16;43.05;44.14;1561997
20141203;44.37;44.67;43.78;44.34;873532
20141204;44.27;45.01;44.27;44.96;759773
20141205;44.99;45.93;44.99;45.48;1337470
20141208;45.69;45.79;44.73;44.95;1365648
20141209;44.33;44.97;43.84;44.7;1074879
20141210;44.71;45.04;44.21;44.6;1837304
20141211;44.63;44.89;42.84;43.73;2474797
20141212;43.53;44.36;43.53;43.79;856710
20141215;44.14;44.17;43.03;43.74;742779
20141216;43.38;44.17;43.38;43.76;1171139
20141217;43.99;45.78;43.69;45.76;1901635
20141218;46.01;46.37;45.34;45.95;2402670
20141219;46.41;47.04;45.6;46.86;2103813
20141222;47.03;47.3;46.58;46.67;1408621
20141223;46.82;47.79;46.69;47.51;743019
20141224;47.52;47.86;47.5;47.66;202370
20141226;47.7;47.74;47.38;47.48;286152
20141229;47.64;48.16;47.33;48.03;461596
20141230;47.83;48.1;46.82;46.86;665487
20141231;46.86;47.38;46.57;46.76;561738
20150102;47.23;47.27;46.32;46.7;438739
20150105;46.38;46.99;45.51;46.03;938653
20150106;46.34;46.34;44.69;45.61;1061963
20150107;46.14;46.71;45.62;46.21;1409169
20150108;46.33;47.02;46.33;46.68;1658481
20150109;46.83;47.38;44.34;45.2;6291119
20150112;45.88;46.21;44.99;45.32;2546411
20150113;47.46;47.46;45.25;45.64;977946
20150114;45.17;45.74;44.58;45.04;1555400
20150115;45.2;45.58;44.59;44.68;844323
20150116;44.72;44.99;44.29;44.85;572874
20150120;44.99;45.18;44.55;45;718263
20150121;45.01;45.29;44.6;44.99;637847
20150122;45.29;46.07;44.67;45.8;2227806
20150123;45.81;46.23;45.35;45.7;1039369
20150126;45.67;46.15;45.38;46.05;1163874
20150127;45.22;45.94;45.06;45.6;499328
20150128;45.96;46.35;44.88;44.91;669386
20150129;44.46;44.46;42.64;44.21;1848908
20150130;44;44.31;43.49;43.76;875177
20150202;43.87;43.98;42.55;43.33;2063918
20150203;43.46;44.27;43;43.99;817730
20150204;43.71;44.17;43.36;43.73;778449
20150205;43.72;44.18;43.62;44.15;471639
20150206;44.27;44.4;43.62;43.85;1005646
20150209;43.9;44.14;42.79;42.93;927656
20150210;43.33;44.29;43.15;44.12;1221704
20150211;44;44.6;43.77;44.25;1354604
20150212;44.3;44.69;44.16;44.38;748435
20150213;44.09;44.24;43.54;43.71;1503652
20150217;44.18;44.33;43.25;43.4;2054251
20150218;44.69;47.22;43.67;46.71;5168456
20150219;46.83;48.61;46.83;48.41;2060444
20150220;47.48;48.2;47.08;47.77;1933442
20150223;47.82;48.51;47.74;47.86;1819768
20150224;48.9;48.9;47.9;48.08;1266513
20150225;48.14;48.98;48.04;48.92;1876259
20150226;48.77;50.09;48.77;49.21;1663737
20150227;49.84;49.91;48.8;49.32;964709
20150302;49.44;50.82;49.42;50.82;1232980
20150303;50.8;50.9;49.91;50.36;1033634
20150304;50.06;50.67;49.62;50.57;682400
20150305;50.83;51.57;50.8;51.32;1080435
20150306;50.62;50.62;49.44;50.04;2568609
20150309;50.37;51.15;50.12;50.87;2784951
20150310;50.38;51.01;49.76;49.91;1245679
20150311;49.9;50.53;49.73;49.9;904494
20150312;50.01;51.15;49.93;51.05;1628542
20150313;51;51.66;50.44;50.71;1318929
20150316;51;51.98;50.84;51.41;3043082
20150317;51.46;52.24;51.15;51.8;2258132
20150318;52.18;53.2;51.68;52.91;2932778
20150319;53.06;53.75;53.04;53.61;2049924
20150320;54.39;54.78;53.63;53.69;3335286
20150323;53.48;53.68;52.39;52.63;1666638
20150324;52.69;52.96;52.06;52.28;1150340
20150325;52.25;52.26;51.09;51.15;656145
20150326;50.82;51.61;50.08;51.19;983687
20150327;51.73;54.19;51.7;53.82;2319015
20150330;54.9;55.35;53.11;53.28;1363448
20150331;53.11;54.05;52.61;54.01;1100343
20150401;54.14;54.52;53.4;54.48;1490335
20150402;54.56;54.95;54.17;54.46;761602
20150406;54.28;54.61;53.79;53.89;851141
20150407;54.03;54.94;53.09;53.15;1003277
20150408;53.36;54.77;53.28;54.76;1118066
20150409;54.83;55.13;54.45;54.81;788528
20150410;55;55.38;54.38;54.51;428509
20150413;54.49;54.72;53.71;53.78;932272
20150414;53.86;54.17;53.48;53.73;703045
20150415;53.78;54.36;52.95;53.03;1249173
20150416;53.06;53.39;52.72;53.14;1029557
20150417;52.73;52.86;52.1;52.21;827314
20150420;50.75;51.95;50.6;51.26;2876600
20150421;51.52;52.1;51.34;51.48;1182377
20150422;51.65;51.91;50.97;51.1;1444747
20150423;51.24;51.94;50.87;51.66;1051111
20150424;51.67;51.9;51.22;51.41;704524
20150427;51.54;51.75;50.16;50.2;670311
20150428;50.31;50.6;49.01;50.17;1301594
20150429;49.97;50.57;48.92;49;1104789
20150430;48.83;49.51;48.08;48.51;1107814
20150501;48.6;49.33;48.31;49.27;677556
20150504;49.48;50.04;48.95;49.16;572574
20150505;48.92;49.14;48.32;48.37;703372
20150506;48.09;48.89;48.03;48.7;1319591
20150507;49.18;53.18;48.77;52.23;2612763
20150508;53.13;54.51;52.76;54.1;2162127
20150511;54.21;54.49;53.08;53.23;1273158
20150512;53.01;53.62;52.4;52.97;1096464
20150513;53;53.53;52.53;52.68;566994
20150514;53.09;54.76;52.92;54.65;1006663
20150515;54.87;55.38;54.84;55.36;1065757
20150518;55.36;56.07;55.15;55.49;788430
20150519;55.98;57.55;55.74;57.3;1631623
20150520;54.95;55.14;54.5;54.78;5622893
20150521;54.8;55.01;54.6;54.68;2057708
20150522;55.19;55.19;54.75;54.86;1762392
20150526;54.79;55.06;54.4;54.54;1423155
20150527;54.71;54.99;54.5;54.83;1104511
20150528;54.79;54.89;54.52;54.75;1067712
20150529;54.2;54.81;54.08;54.56;3731436
20150601;54.82;55.24;54.2;54.76;1048251
20150602;54.52;54.97;54.34;54.56;1348615
20150603;54.62;55.55;54.6;55.36;1770547
20150604;55.19;56.22;54.96;55.09;1421370
20150605;55.39;55.39;54.4;55.13;952040
20150608;55;55.06;54.35;54.37;1001107
20150609;54.2;54.92;53.68;54.83;1443719
20150610;55;55.23;54.67;54.74;938598
20150611;54.93;55.19;54.65;54.95;949515
20150612;54.8;55.17;54.49;54.92;654535
20150615;54.46;54.86;54.14;54.7;1074240
20150616;54.97;55.06;54.5;54.99;1031879
20150617;55.22;55.35;54.82;55.32;774347
20150618;55.3;56.53;55.25;56.09;1212888
20150619;56.43;56.45;55.77;55.98;1548056
20150622;56.68;56.99;56.15;56.77;1765624
20150623;56.94;57;56.22;56.47;1217835
20150624;56.41;56.99;56.27;56.64;1157277
20150625;56.81;56.95;56.46;56.59;792380
20150626;56.79;56.94;56.33;56.6;4282071
20150629;56.2;56.52;55.34;55.4;1514037
20150630;55.73;56.25;55.08;56.04;1400672
20150701;56.51;56.69;55.82;56.19;1005222
20150702;56.21;56.32;55.02;55.49;1142329
20150706;55.34;55.9;54.89;55.34;1250220
20150707;55.49;56.56;54.48;56.54;1464621
20150708;56.1;56.55;55.48;55.79;1389372
20150709;56.32;56.84;55.44;55.48;658840
20150710;56.06;57.77;56;57.65;1493888
20150713;58.38;58.86;57.93;58.5;1076129
20150714;58.59;59.31;58.45;59.22;828163
20150715;59.11;59.33;58.52;58.74;1121939
20150716;59.23;59.35;58.94;59.19;762327
20150717;59.38;59.8;58.67;59;756598
20150720;59.64;59.68;58.97;59.13;949678
20150721;59.38;59.49;58.64;59.29;565457
20150722;59.02;59.92;59.02;59.89;595781
20150723;60.05;60.39;59.45;59.84;1217328
20150724;60.34;60.34;58.41;58.77;1114258
20150727;58.2;58.47;57.46;58.12;807091
20150728;57.98;58.62;57.27;58.43;778942
20150729;58.43;59.91;58.29;59.88;1126651
20150730;59.48;60;58.7;59.69;1040109
20150731;61.71;63.22;61.41;62.42;2098937
20150803;62.97;62.97;61.26;62;2347880
20150804;62.7;62.7;58.04;59.43;3920904
20150805;60;61.33;59.63;61.18;2358477
20150806;61.17;61.66;59.58;60.14;1276061
20150807;60.4;61.09;59.93;61.06;1007157
20150810;61.93;62.19;61.17;61.42;971386
20150811;59.46;59.61;58.81;59.38;7239106
20150812;59.42;59.5;58.14;58.45;3058339
20150813;58.74;59.57;58.53;59.39;2256469
20150814;58.94;59.7;58.75;59.4;781469
20150817;59.23;60.12;59.22;60.12;1565714
20150818;60.21;60.38;59.74;60.03;1230859
20150819;59.48;59.95;58.5;59.72;1409961
20150820;59;59.17;56.95;57;1689423
20150821;56.11;57.1;55.66;56.1;2010405
20150824;52.06;56.8;50;54.93;1965865
20150825;56.63;56.95;54.77;54.79;1241979
20150826;55.76;56.99;54.64;56.86;1626200
20150827;57;58.02;56.4;57.76;1466335
20150828;57.43;57.83;56.8;57.74;906888
20150831;57.61;58.25;56.91;57.6;1664519
20150901;56.71;57.34;55.59;55.95;1341517
20150902;56.73;57.4;55.92;57.4;1117780
20150903;57.57;58.49;57.33;57.6;823860
20150904;56.96;57.59;56.73;57.19;527359
20150908;57.99;58.91;57.13;58.84;1127440
20150909;59.27;60.96;59.23;59.75;1529315
20150910;59.46;60.13;59.05;59.77;766362
20150911;59.9;61.12;59.46;60.93;871537
20150914;60.89;61.88;60.78;61.4;1115065
20150915;61.5;61.93;60.92;61.81;1352319
20150916;62;62.4;61.49;62.3;902429
20150917;62.22;62.93;61.98;62.1;797768
20150918;62.25;62.25;61.22;61.36;1301239
20150921;61.82;62.58;61.37;62.32;959847
20150922;61.23;61.49;59.63;60.21;1421716
20150923;60.56;62.48;60.07;62.2;1611101
20150924;61.99;62;60.64;61.46;1485889
20150925;62;62.08;60.37;60.68;1218765
20150928;60.17;60.25;56.74;57.49;1519243
20150929;57.23;57.69;55.77;56.08;1361072
20150930;56.6;57.71;56.24;57.3;1663366
20151001;57;58.48;56.5;57.34;1286821
20151002;57.14;58.46;56;58.46;1132752
20151005;58.87;59.5;58.68;58.98;1094707
20151006;59.13;59.15;56.58;56.85;1291449
20151007;56.75;58.39;56.47;57.1;947857
20151008;56.79;57.46;56.46;57.11;962429
20151009;57.36;58.1;56.76;57.95;906476
20151012;58.07;59.92;57.42;59.79;763602
20151013;59.58;60.62;59.21;59.35;1015345
20151014;59.23;59.39;56.68;56.82;1663701
20151015;57.21;60.67;57.02;60.45;1222071
20151016;60.3;60.7;59.7;60;608332
20151019;59.96;61.1;59.52;61;741873
20151020;61.85;61.9;60.45;60.84;1033148
20151021;61.13;61.88;59.7;60.2;991414
20151022;60.84;61.02;59.94;60.9;792278
20151023;61.91;63.86;61.67;62.24;2004291
20151026;62.44;63.66;62.44;63.23;1184069
20151027;63.06;63.73;62.44;63.63;691795
20151028;64.1;64.1;61.5;62.47;809507
20151029;62.23;63.67;62.14;63.37;563111
20151030;63.42;63.9;63.1;63.62;742731
20151102;63.54;64.27;62.79;63.76;1389872
20151103;59.96;62.62;58.82;60.55;2972512
20151104;60.52;60.62;58.46;58.94;2179135
20151105;59.43;59.86;58.41;59.71;989571
20151106;59.4;60.64;59.4;60.56;1016893
20151109;60.46;60.46;58.49;58.75;1004444
20151110;58.43;58.87;58.08;58.49;1071451
20151111;58.49;58.86;57.73;58.25;873643
20151112;58.1;58.13;56.93;57.09;1046155
20151113;56.85;56.85;55.15;55.2;1983909
20151116;55.09;55.15;53.46;54.33;2263191
20151117;54.68;55.46;54.35;54.86;1622698
20151118;54.92;55.89;54.74;55.73;1090041
20151119;55.79;57.08;55.56;56.86;1511190
20151120;56.89;57.68;56.72;57.13;1493663
20151123;56.83;58.99;56.83;58.3;1778595
20151124;57.46;57.9;56.75;57.23;1800790
20151125;57.52;58.15;57.39;57.53;656992
20151127;57.7;57.93;57.18;57.82;276493
20151130;57.81;58.24;57.15;57.44;1417919
20151201;57.35;58.78;57.27;58.7;1404955
20151202;58.58;58.83;57.6;57.93;1103285
20151203;58.25;58.7;56.92;57.29;1168091
20151204;57.51;58.72;57.38;58.27;1002135
20151207;58.56;59.2;58.19;58.76;1037388
20151208;57.73;58.74;57.24;58.61;1099332
20151209;56.85;57.79;55.71;57.03;2500976
20151210;57.47;58.87;56.51;58.53;1401609
20151211;58.03;59.49;57.7;58.47;1783785
20151214;58.86;59.54;58.46;59.46;1785853
20151215;57.79;58.6;57.52;58.5;6245017
20151216;58.82;60.13;58.65;59.79;2211294
20151217;60.01;60.05;56.73;57.11;2912728
20151218;57.58;58.42;56.48;56.86;9921101
20151221;57.25;59.11;57.25;59.04;1983363
20151222;59.23;59.29;57.64;58.84;1534373
20151223;59.06;59.23;57.92;58.47;1503807
20151224;58.78;58.99;58.37;58.61;422921
20151228;58.27;58.91;57.9;58.02;1373945
20151229;58.37;59.82;58.28;59.53;1255759
20151230;59.6;59.99;59.18;59.51;613543
20151231;59.12;59.72;58.58;58.6;738042
20160104;57.56;58.19;57.33;57.99;1840355
20160105;58.06;58.18;57.38;57.71;1233924
20160106;56.77;57.8;56.25;56.97;1660038
20160107;55.79;56.7;55.06;55.72;1736542
20160108;56.26;56.76;55.01;55.07;1142219
20160111;55.32;56.57;55;56;1791122
20160112;56.33;56.8;54.73;55.85;1993694
20160113;55.89;55.96;52.13;52.31;2548187
20160114;52.14;52.59;49.67;50.8;4566516
20160115;49.18;49.36;46.99;47.82;3407505
20160119;48.33;49.09;46.56;47.2;2753646
20160120;46.4;47.77;43.14;47.28;3911217
20160121;47.93;48.83;47.12;47.9;1981177
20160122;48.68;49.77;47.53;47.98;1923407
20160125;47.85;48.79;47.24;47.32;1438755
20160126;47.95;48.84;47.27;48.61;1877172
20160127;48.57;49.01;45.03;45.23;2189782
20160128;45.51;45.69;42.21;42.46;5140014
20160129;42.57;45.4;42.21;45.37;5676359
20160201;44.96;47.61;44.95;47.06;3857907
20160202;45.25;45.25;42.41;43.02;4521218
20160203;43.51;43.79;41.25;41.96;5388937
20160204;42.24;42.58;40.57;42.5;3524931
20160205;42.17;42.78;38.72;39.46;3130395
20160208;38.51;39.29;37.53;38.2;3250934
20160209;37.68;39.88;37.01;39.18;3220033
20160210;39.78;40.38;38.71;38.74;1964223
20160211;38.01;39.29;37.86;39;2340532
20160212;39.61;39.61;38.29;39.33;1438833
20160216;40.14;40.8;39.61;40.56;1915568
20160217;41.07;43.71;40.67;42.83;3487733
20160218;42.57;43.01;41.8;41.85;2117416
20160219;41.5;43.31;40.95;42.49;2948733
20160222;42.98;44.4;42.64;44.08;3218520
20160223;45.6;48.3;45.42;46.85;6831268
20160224;46.69;47.91;45.28;47.9;3485430
20160225;48.22;49.25;47.67;48.66;1881761
20160226;49.29;50.16;48.49;49.64;2430255
20160229;49.33;50.12;48.99;49.13;1730959
20160301;49.84;50.49;48.75;50.31;1651599
20160302;50.37;50.67;49.79;50.53;1562889
20160303;50.05;50.48;49.25;50;2172017
20160304;50.35;50.49;49.08;49.56;2067642
20160307;49.13;49.77;48.73;49.68;1703773
20160308;49.11;49.58;47.23;47.31;2596122
20160309;47.65;48.43;46.69;47.59;1960352
20160310;47.89;48.34;46.45;47.26;1437368
20160311;47.79;48.87;47.15;48.87;1204212
20160314;48.83;49.89;48.83;49.69;1758227
20160315;49.13;49.5;48.12;48.41;1737964
20160316;48.39;49.96;48.01;49.71;1527002
20160317;50.54;51.72;50.04;51.42;1980922
20160318;51.54;53.32;51.51;52.45;3636918
20160321;52.13;53.05;52.13;52.71;1791466
20160322;51.55;52.18;51.01;51.64;2318155
20160323;51.67;51.67;49.7;49.77;2597820
20160324;49.71;51.27;49.45;51.08;2140933
20160328;51.11;51.46;50.55;51.35;1467720
20160329;51.13;51.42;50.65;51.26;1210958
20160330;52.66;54.34;52.47;54.18;2356442
20160331;54.29;55.59;53.91;55.29;2691957
20160401;54.71;55.25;53.8;54.52;1979331
20160404;54.58;54.89;54.24;54.64;829148
20160405;54.03;54.28;53.43;53.96;1640167
20160406;54.09;55.13;53.96;54.99;1576874
20160407;54.93;55.03;53.48;53.79;1652715
20160408;54.26;54.67;53.17;53.64;827764
20160411;54.64;54.88;53.51;53.53;828825
20160412;53.57;54.03;53.03;53.93;938861
20160413;54.33;55.22;53.8;55.16;752315
20160414;55;55.24;54.21;54.52;727356
20160415;54.66;54.66;52.33;53.08;2779105
20160418;53.06;53.17;51.29;52.14;2601151
20160419;52.47;52.52;51.19;51.5;1993545
20160420;51.43;51.69;50.46;50.9;1603988
20160421;50.69;50.79;49.61;49.97;1354130
20160422;50.02;50.31;48.41;48.66;2402347
20160425;48.73;49.34;48.66;49.31;2010461
20160426;49.14;49.47;48.24;48.85;1276817
20160427;48.69;49.92;48.5;49.8;1554828
20160428;49.42;49.66;48.47;48.73;2098930
20160429;49.5;50.2;47.78;48.89;2526741
20160502;48.83;49.95;48.65;49.83;1625264
20160503;49.38;50.31;49.2;50.14;2091912
20160504;49.54;50.25;48.89;49.16;1890066
20160505;49.18;49.79;48.75;48.88;1319876
20160506;48.55;49;47.93;48.89;1031420
20160509;48.88;49.68;48.64;49.25;1868253
20160510;45.27;47.98;44.09;46.89;7757037
20160511;46.81;47.94;46.57;46.68;1759641
20160512;47.02;47.48;46.36;47.19;1483697
20160513;47.05;47.45;46.19;46.38;1488494
20160516;46.33;47.61;46.21;47.35;1311178
20160517;47.11;48.02;46.9;47.23;1342709
20160518;47.18;47.92;46.76;47.58;1656111
20160519;47.2;47.57;46.19;46.39;1319967
20160520;46.48;47.27;46.48;47.21;883124
20160523;46.77;47.47;46.71;46.74;811378
20160524;46.97;47.86;46.71;47.81;1177757
20160525;47.88;47.92;46.52;46.57;1694095
20160526;46.34;46.34;45.11;45.78;1799876
20160527;45.8;47.11;45.57;47.09;1346907
20160531;47.04;47.12;46.21;46.41;1649445
20160601;46.18;46.63;46.06;46.59;973122
20160602;46.26;46.66;46.09;46.55;1123432
20160603;46.27;46.27;44.84;45.73;839003
20160606;45.5;45.56;44.77;45.4;1509346
20160607;45.76;46.3;45.57;45.91;1092674
20160608;46.18;46.19;45.44;45.46;1376771
20160609;45.45;45.71;45.1;45.61;1496799
20160610;44.91;45.79;43.89;44.53;1177476
20160613;44.35;44.87;43.81;43.83;968129
20160614;43.59;43.93;43.01;43.22;1439701
20160615;43.33;44.47;43.27;43.36;2119610
20160616;43.04;43.44;41.96;43.3;1096839
20160617;43.51;43.67;43.15;43.38;1152986
20160620;44.01;44.92;44.01;44.22;1035328
20160621;44.23;44.66;43.96;44.46;1174189
20160622;44.29;44.79;43.95;44.24;1241795
20160623;44.88;44.88;44.11;44.23;1579849
20160624;41.7;42.01;40.37;40.38;7220075
20160627;39.54;40.04;38.17;38.21;4098091
20160628;39.41;39.74;38.22;38.44;3171247
20160629;38.76;39.61;38.49;39.28;3368583
20160630;39.5;39.87;38.62;39.84;2012107
20160701;40;41.19;39.97;41.06;1952609
20160705;40.75;41.31;40.16;40.51;1959679
20160706;40.3;40.74;39.8;40.3;1978616
20160707;40.26;41.06;40.12;40.59;1468144
20160708;40.93;42.27;40.34;42.06;2021122
20160711;42.37;43.24;42.18;43.16;2046511
20160712;43.54;44.6;43.54;44.55;2677202
20160713;44.59;44.62;43.91;43.98;2035473
20160714;44.37;44.7;42.75;42.77;3038990
20160715;42.52;42.55;40.82;41.19;3334242
20160718;41.37;41.64;40.92;41.16;1881907
20160719;41.13;41.39;40.03;40.14;1668307
20160720;40.1;41.24;39.32;41.19;2150496
20160721;41.24;41.71;41;41.12;1170891
20160722;41.26;41.42;40.93;41.11;1686320
20160725;41.23;41.8;41.21;41.69;1533817
20160726;41.9;42.12;41.73;41.87;1165046
20160727;41.93;42.3;41.32;42.13;1513647
20160728;42.25;43.12;41.78;42.96;1569639
20160729;43;43.21;42.43;42.6;2199103
20160801;42.5;42.68;42.39;42.46;2202347
20160802;41.99;42.05;39.29;39.76;4858213
20160803;39.75;40.7;39.54;40.45;2172825
20160804;40.28;41.76;40.28;41.66;1916537
20160805;41.95;43.14;41.69;43.1;1837222
20160808;42.98;43.57;42.81;42.96;2552253
20160809;39.55;40.59;37.66;37.91;10995691
20160810;38.07;38.45;37.28;37.3;4067953
20160811;37.68;38.81;37.42;38.78;2808929
20160812;38.53;38.98;38.17;38.44;2401034
20160815;38.46;38.85;38.26;38.37;2685638
20160816;38.15;38.3;37.3;37.63;2438364
20160817;37.8;38.66;37.5;38.66;2143322
20160818;38.54;38.74;38.34;38.7;1626913
20160819;38.26;38.64;38;38.21;2124678
20160822;38.19;38.23;37.53;37.68;1572613
20160823;37.7;38.09;37.57;37.68;2940575
20160824;37.79;38.06;36.78;36.86;2588160
20160825;36.68;36.77;36.16;36.18;2279515
20160826;36.15;36.37;35.68;35.8;2550168
20160829;36.04;36.62;35.36;35.52;2716599
20160830;35.63;36;35.39;35.85;2066437
20160831;35.93;36.36;35.64;35.89;1950120
20160901;37.47;38.31;36.5;37.05;4218191
20160902;36.27;36.91;35.36;35.61;3946646
20160906;35.73;35.81;35.22;35.31;1540541
20160907;35.27;35.48;34.83;34.97;2314261
20160908;35;35.03;34.36;34.4;1742827
20160909;34.4;34.61;34.16;34.5;3211369
20160912;34.42;35.32;34.17;35.25;1701420
20160913;35.1;35.45;34.75;35.29;2023637
20160914;35.32;35.99;35.02;35.96;2268346
20160915;35.77;36.49;35.76;36.24;2577553
20160916;36.25;36.46;35.65;35.75;3015439
20160919;35.97;36.04;35.19;35.34;1716072
20160920;35.4;36.43;35.4;36.31;1853463
20160921;36.41;36.64;35.8;36.3;1831778
20160922;36.43;37.24;36.43;37.17;1599663
20160923;36.92;37.5;36.48;37.42;1503713
20160926;37.34;38.03;36.03;36.72;3168653
20160927;36.86;38;36.86;37.69;2505303
20160928;37.81;37.86;36.95;37.44;2938944
20160929;37.48;37.5;36.61;37.16;1723617
20160930;37.32;38;36.93;37.7;1744062
20161003;37.69;38.07;37.39;37.78;1244131
20161004;37.31;38.14;37.25;38.05;1499557
20161005;36.92;38.34;36.2;38.26;3730246
20161006;38.29;38.68;37.98;38.64;2146420
20161007;38.59;38.73;38.31;38.46;3508207
20161010;38.54;38.66;38.35;38.48;1216566
20161011;38.51;38.52;37.69;37.95;1747770
20161012;37.95;38.24;37.6;38.08;1455359
20161013;37.46;38.05;37.45;37.79;1569632
20161014;37.25;37.89;37.1;37.33;2125225
20161017;37.44;37.62;37.21;37.47;1765083
20161018;37.96;38.67;37.9;38.25;1310357
20161019;37.66;38.22;37.4;38.11;1417796
20161020;38.2;38.8;37.69;38.74;1134885
20161021;38.42;38.54;37.8;37.99;3208156
20161024;38.36;39.19;37.99;38.06;2839522
20161025;37.84;38.09;37.45;37.73;1862276
20161026;37.65;38.29;37.52;37.97;1070526
20161027;37.43;37.57;35.57;35.71;2749309
20161028;36.78;38.35;36.51;38.24;2818878
20161031;38.44;38.96;38.18;38.87;1593660
20161101;39.11;39.14;37.21;37.7;1760010
20161102;37.79;38.32;37.21;37.49;1171788
20161103;37.6;37.85;37.02;37.21;1503124
20161104;36.87;37.79;36.87;37;1232913
20161107;37.69;37.86;37.42;37.83;2559978
20161108;37.84;39.25;37.47;39.13;3036118
20161109;36.82;38.3;35.21;35.53;5489021
20161110;35.8;38.52;35.8;37.97;4985590
20161111;37.68;39.04;37.07;38.42;3205835
20161114;38.5;41.61;38.5;41.34;3492917
20161115;41.49;41.49;40.1;40.17;1996768
20161116;40.13;40.13;39.1;39.57;1252441
20161117;39.6;40.05;39.33;39.83;1294194
20161118;39.68;40.07;39.14;39.68;1597396
20161121;39.79;40.12;39.46;39.59;1324138
20161122;39.85;40.35;39.46;40.25;1452340
20161123;39.31;40.21;39.31;39.98;1123291
20161125;39.96;40.59;39.65;40.58;510657
20161128;40.51;40.66;39.77;40.1;1526115
20161129;40.31;40.71;40.09;40.71;1220610
20161130;40.48;40.48;39.32;39.81;1752351
20161201;39.87;40.28;38.68;38.85;1323657
20161202;38.71;39.33;38.66;39.28;1096296
20161205;39.7;40.99;39.48;40.64;1406238
20161206;40.88;41.41;40.47;41.25;1152412
20161207;41.27;42.86;41.08;42.66;1461104
20161208;42.77;44.17;42.38;44.02;2234072
20161209;44.19;44.7;43.76;44.5;1182904
20161212;44.21;44.38;43.32;43.99;1906818
20161213;44.04;44.16;43.58;43.9;1278423
20161214;43.92;44.91;43.65;44.03;1342809
20161215;44.17;45.37;43.52;45.14;2087308
20161216;45.2;45.2;43.81;44.13;1994210
20161219;43.97;43.97;42.9;43.06;1362916
20161220;43.52;45.5;43.26;44.92;1901726
20161221;45.02;45.16;44.63;44.93;658615
20161222;44.83;44.87;43.33;43.38;1050655
20161223;43.51;43.7;43.16;43.51;1474312
20161227;43.62;44.53;43.53;43.69;442700
20161228;43.68;43.68;42.89;42.93;718788
20161229;42.93;43.45;42.04;42.66;2178419
20161230;42.62;42.97;42.1;42.53;856919
20170103;43.13;43.87;42.64;42.79;1618472
20170104;43.1;44.89;42.78;44.77;1854498
20170105;44.51;44.79;44.02;44.55;933743
20170106;44.75;44.92;44.06;44.25;932858
20170109;44.14;44.7;43.9;44.39;855769
20170110;44.33;45.36;44.33;45.22;1065488
20170111;45.01;45.82;44.72;45.75;870469
20170112;45.47;45.83;44.67;45.35;731462
20170113;45.49;45.49;44.84;44.95;547673
20170117;45.08;45.22;44.2;44.74;905427
20170118;44.97;45.77;44.56;45.67;942996
20170119;45.76;46.36;45.39;45.62;1031295
20170120;45.93;46.41;45.41;45.63;735986
20170123;45.47;46.15;45.15;46;826780
20170124;45.92;46.95;45.83;46.84;1239446
20170125;47.22;48.24;46.96;48.09;1275823
20170126;49.22;50.05;48.77;49.33;2613556
20170127;49.35;49.56;48.61;49.02;945318
20170130;48.8;48.88;47.94;48.03;1337131
20170131;47.88;48.11;46.83;47;1625213
20170201;47.3;48.45;46.83;48.08;1296482
20170202;48.17;48.5;47.55;47.66;694731
20170203;48.13;48.36;47.41;47.74;760795
20170206;47.76;48.02;47.28;47.52;1139099
20170207;47.58;48.09;47.47;47.7;1477247
20170208;47.88;48.14;47.51;47.86;1065787
20170209;47.81;48.31;47.7;48.06;1249178
20170210;48.43;48.91;47.54;47.8;1611014
20170213;48.02;48.1;47.56;47.87;1449892
20170214;47.82;47.97;47.58;47.77;1048707
20170215;47.66;48.12;47.01;47.92;1464834
20170216;47.95;48.14;47.24;47.63;1236250
20170217;47.62;47.85;47.27;47.69;1653718
20170221;47.74;48.52;47.74;48.2;1802151
20170222;49.24;52.14;48.68;51.64;4043069
20170223;52.48;52.5;50.61;50.68;1869803
20170224;50.51;50.63;49.77;50.02;1443274
20170227;49.93;50.83;49.57;50.77;1326575
20170228;50.82;51.2;50.45;50.7;934959
20170301;51.12;51.61;50.42;51.05;1199364
20170302;50.79;51.25;50.63;50.98;878774
20170303;51;51;49.79;50.11;849170
20170306;49.9;50;49.16;49.76;1207284
20170307;49.56;49.76;49.05;49.42;806869
20170308;49.59;49.83;49.4;49.52;776663
20170309;49.77;50.06;49.48;49.92;765686
20170310;50.23;51.22;50.07;51.1;1160833
20170313;51.83;51.83;51.11;51.32;1086292
20170314;51.21;51.23;50.4;50.96;1066023
20170315;51.05;51.49;50.71;51.41;1141492
20170316;51.35;51.45;51.06;51.43;844527
20170317;51.71;51.85;51.25;51.31;1241097
20170320;51.36;51.53;50.81;51.1;846766
20170321;51.3;51.72;49.95;50;1158056
20170322;50.11;51.13;49.55;50.97;1128996
20170323;50.98;51.67;50.88;51.11;1081511
20170324;51.34;51.53;50.3;50.48;1306949
20170327;50.15;51.17;49.92;51.02;887426
20170328;51.8;52.1;51.13;51.3;1548051
20170329;51.09;51.3;50.65;50.86;1261483
20170330;50.89;51.37;50.89;51.24;753959
20170331;50.99;51.2;50.44;50.73;1108156
20170403;50.74;50.95;50;50.19;1302954
20170404;50.04;50.15;49.32;49.76;1484365
20170405;49.93;50.75;49.59;49.78;1141622
20170406;49.75;50.01;49.39;49.91;997178
20170407;50.01;50.04;48.15;48.31;5706644
20170410;48.49;48.94;48.12;48.54;1520113
20170411;48.64;48.64;47.29;47.47;1464276
20170412;47.55;48;46.96;47.85;1933759
20170413;47.83;48.64;47.76;48.03;1706506
20170417;48.07;49.01;47.96;48.96;1129330
20170418;48.9;48.91;48.3;48.82;717337
20170419;48.95;49.63;48.7;49.21;1069163
20170420;49.53;50.75;49.53;50.14;1289838
20170421;50.35;50.44;49.6;50.13;971591
20170424;50.84;51.13;50.12;50.35;1054272
20170425;50.57;51.37;50.54;51.08;1036566
20170426;51.02;52.86;51.02;52.76;1665662
20170427;52.75;53.27;52.62;52.68;1698494
20170428;53.92;54.87;53.09;53.93;2909026
20170501;54;56.29;53.72;54.9;2339954
20170502;55.01;55.33;54.45;55.06;1160931
20170503;55.02;55.32;54.59;54.9;1187224
20170504;55.17;55.49;54.82;54.84;1128785
20170505;55;55.8;55;55.49;914316
20170508;55.57;55.83;54.91;55.1;1490252
20170509;55.25;56.15;55.05;55.78;2651542
20170510;54.44;55.93;53.1;54.07;4096954
20170511;53.85;54.46;52.5;52.95;2622555
20170512;52.9;53.09;51.21;51.5;2743580
20170515;51.54;51.95;51.2;51.5;2064293
20170516;51.48;51.55;50.18;50.31;2226472
20170517;50.03;50.25;47.96;48.07;2399415
20170518;48;49.29;47.76;49.12;2613225
20170519;49.23;49.75;48.83;49.34;1467851
20170522;49.24;50.62;49.11;50.51;1928255
20170523;50.26;50.53;49.46;49.58;1421244
20170524;49.8;49.8;49.2;49.64;1069853
20170525;49.83;51.01;49.79;50.68;1273225
20170526;51.97;52.32;50.81;50.84;1798836
20170530;50.78;51.18;50.06;50.07;1576102
20170531;50.25;50.28;49.56;49.97;1419654
20170601;50.23;51.1;49.98;50.93;1716468
20170602;51.16;51.64;50.97;51.16;1169881
20170605;51.17;51.17;50.07;50.31;1584704
20170606;50;50.6;49.66;49.72;2200361
20170607;50.08;50.81;49.75;50.79;1942687
20170608;50.93;52.1;50.68;51.79;2061191
20170609;51.97;52.31;50.8;51.13;2220339
20170612;50.98;51.26;49.52;50.42;2055558
20170613;50.78;52.23;50.77;51.84;1462659
20170614;51.99;52.74;51.7;52.17;1432854
20170615;51.61;52.95;51.61;52.91;1184367
20170616;52.71;53.01;52.09;52.9;2390564
20170619;53.2;53.84;53.06;53.63;1042968
20170620;53.51;53.92;52.95;53.1;1091471
20170621;53.24;55.23;53.2;54.9;2426806
20170622;55.01;56.26;54.9;55.46;2668504
20170623;55.57;55.87;54.74;54.81;2457627
20170626;54.82;56.12;54.82;55.31;1228238
20170627;55.01;55.29;53.84;53.86;1522529
20170628;54.18;55.73;54.18;55.28;1013973
20170629;55.16;55.33;54.08;54.42;849910
20170630;54.96;55;54.27;54.29;1076638
20170703;54.63;55.21;54.38;54.55;496186
20170705;54.52;55.75;54.5;55.41;998399
20170706;55.06;55.06;53.93;54.06;1559649
20170707;54.2;55.04;54.2;54.68;950235
20170710;54.53;55.09;53.66;54.03;1263918
20170711;53.79;54.3;53.4;53.96;790787
20170712;54.32;54.64;53.58;54.09;1178296
20170713;54.12;54.49;53.65;54.24;1061581
20170714;54.43;54.48;53.4;53.47;961299
20170717;53.51;54.45;53.16;54.13;1196988
20170718;54.22;54.44;53.71;54.18;623187
20170719;54.27;54.51;54.09;54.38;690366
20170720;54.53;55.33;54.33;55.05;988966
20170721;54.9;55.23;54.76;55.07;665799
20170724;55.3;55.77;55.04;55.73;1086308
20170725;55.9;56.36;55.43;55.75;1001902
20170726;56;56.01;55.2;55.65;645704
20170727;55.7;55.85;54.29;55.11;1209171
20170728;54.71;55.26;54.39;55.21;984902
20170731;55.45;55.73;54.98;55.07;895649
20170801;56.49;57.25;56.15;56.91;2493989
20170802;56.89;57.25;55.45;55.84;1256678
20170803;55.77;56.96;55.77;56.25;1157263
20170804;56.47;57.48;56.27;56.9;1265845
20170807;57.15;57.62;56.49;56.65;2837182
20170808;59.05;61.48;58.85;59.42;5342744
20170809;58.88;58.99;58.05;58.36;2077889
20170810;58.04;58.16;56.9;57.07;1667797
20170811;54.75;57.17;54.15;56.77;12879903
20170814;57.14;57.83;57.01;57.46;2620008
20170815;57.61;58.56;57.22;57.45;2855882
20170816;57.8;58.41;57.44;57.9;1434856
20170817;57.98;58.07;56.01;56.18;2086359
20170818;56.33;56.33;55.26;55.78;1434778
20170821;55.81;56.15;55.59;55.86;1015908
20170822;56.01;57.03;56.01;56.9;1074024
20170823;56.53;57.91;56.53;57.15;1903892
20170824;57.33;57.91;57.29;57.73;1563125
20170825;57.99;58;57.58;57.72;1936537
20170828;57.98;58.03;57.48;57.88;879643
20170829;57.43;57.74;56.47;57.64;1537666
20170830;57.53;58.8;57.25;58.22;1430195
20170831;58.42;59.5;58.41;59.46;1793664
20170901;59.62;60;58.48;58.54;1159900
20170905;58.51;58.54;55.3;56.69;2812497
20170906;56.53;57.17;55.91;57.12;1964462
20170907;57;57.43;55.77;55.86;1642298
20170908;55.84;56.98;55.01;55.12;1538205
20170911;56.19;58.2;56;56.65;2873413
20170912;56.92;57.22;56.41;57.2;1021481
20170913;56.94;57.84;56.75;57.79;1400538
20170914;57.35;58.58;57.25;57.72;1419091
20170915;56.55;56.74;55.28;56.74;3940600
20170918;56.7;57.21;56.28;56.35;1460673
20170919;56.27;56.27;55.29;55.46;1512680
20170920;55.36;55.42;53.71;54.36;2225540
20170921;54.54;54.83;53.95;54.4;1231321
20170922;54.09;54.81;53.75;54.02;1393086
20170925;53.74;54.11;53.23;53.6;1422972
20170926;54.46;55.68;54.26;54.89;2551595
20170927;54.99;55.04;52.74;52.83;1974935
20170928;52.52;53.93;51.99;53.65;2528567
20170929;53.46;54.15;52.44;54.05;2518817
20171002;53.94;54.53;53.6;54.42;1111997
20171003;54.46;55.11;54.03;54.73;1212466
20171004;54.58;56.2;54.53;55.98;1583110
20171005;58.01;58.54;57.53;58.41;7774864
20171006;58.25;59.4;58.25;58.84;3026934
20171009;58.75;59.66;58.71;58.89;2211769
20171010;59.19;59.53;58.99;59.16;2665044
20171011;59.15;59.42;58.58;58.8;2730616
20171012;58.56;59.3;58.43;58.86;33545860
20171013;59.43;59.6;58.22;58.74;3969968
20171016;58.83;59.15;58.4;58.92;2088652
20171017;58.69;59;58.44;58.61;2382816
20171018;58.45;58.45;57.13;57.47;4215009
20171019;56.4;56.52;53.8;54.17;7962065
20171020;54.87;54.94;53.45;53.73;3472004
20171023;53.76;54.1;53.53;53.72;1992669
20171024;53.63;54.78;53.5;54.66;2486859
20171025;54.67;55.19;54.38;54.79;2425106
20171026;54.8;55.25;54.53;54.92;1375435
20171027;54.8;56.28;54.49;55.64;2319615
20171030;55.29;55.67;54.67;54.8;974296
20171031;54.82;55.98;54.72;55.75;1446800
20171101;56.06;56.1;54.04;54.2;2249089
20171102;54.27;55.17;54.21;54.91;2139138
20171103;54.91;55.09;54.53;55.03;923232
20171106;55;56.12;54.91;55.26;1520114
20171107;56.55;57.37;54.97;55.36;1829321
20171108;55.37;55.63;54.81;55.56;1423638
20171109;55.74;58.27;55.29;56.89;3116498
20171110;55.75;56.06;54.07;55.23;2282212
20171113;54.91;55.34;54.65;55.27;1723691
20171114;55.08;55.22;54.1;55.1;1310705
20171115;55.09;55.19;54.58;55.07;1357086
20171116;53.85;54.3;53.5;53.97;6225198
20171117;54.12;54.9;53.69;54.84;3963086
20171120;54.78;55.09;54.28;54.69;2325901
20171121;54.93;55.88;54.8;55.48;2029823
20171122;55.42;56;55.11;55.31;1277544
20171124;55.41;55.74;55.01;55.5;550824
20171127;55.55;56.03;55.47;55.61;1232845
20171128;55.62;55.83;54.92;55.31;1767842
20171129;55.48;56.21;55.12;55.29;1640080
20171130;54;54.69;52.36;54.16;3497128
20171201;53.94;54.91;53.68;54.81;1317556
20171204;55.68;56.84;55.3;55.41;2510729
20171205;55.53;55.67;54.27;54.33;942505
20171206;54.49;54.8;53.7;54.31;1167988
20171207;54.5;54.62;54.08;54.34;1132775
20171208;54.74;55.57;54.36;55.03;1255882
20171211;54.75;55.37;54.33;54.72;1536060
20171212;54.64;54.64;53.55;53.65;1644211
20171213;53.93;53.93;53.09;53.16;1239618
20171214;53.16;53.46;52.7;52.81;1450101
20171215;53.14;54.3;52.58;54;9077608
20171218;54.51;55.36;54.5;54.98;2187945
20171219;55.37;56.05;55.02;55.59;1592868
20171220;55.64;56.41;54.74;54.82;1797976
20171221;55.07;55.31;54.01;54.14;1350957
20171222;53.75;54.47;53.72;54.03;1276072
20171226;53.93;54.25;53.65;53.73;906995
20171227;53.95;54.19;53.7;54;798328
20171228;54.01;54.03;53.34;53.61;1188115
20171229;53.45;53.96;53.2;53.25;892415
20180102;53.76;54.97;53.58;54.96;1617872
20180103;54.95;55.62;54.65;55.37;1399683
20180104;55.35;55.78;54.66;54.68;1432552
