20100104;23.27;23.73;23.23;23.39;810839
20100105;23.42;23.84;23.27;23.69;532669
20100106;23.75;24.05;23.51;23.57;505590
20100107;23.5;23.61;23.1;23.4;628390
20100108;23.43;25.09;23.3;24.95;2726679
20100111;25;25;23.87;24.05;1350480
20100112;23.86;23.94;23.34;23.73;842478
20100113;23.89;24.02;23.46;23.92;559865
20100114;23.75;23.93;23.43;23.61;532967
20100115;23.77;23.77;22.99;23.23;741689
20100119;23.31;23.89;23.23;23.84;788194
20100120;23.63;23.63;22.89;22.96;929678
20100121;22.94;23.14;21.69;21.69;1627443
20100122;21.72;22.08;21.16;21.24;1834041
20100125;21.42;22.32;21.4;21.54;2089194
20100126;21.5;23.21;21.41;22.81;2969021
20100127;22.96;22.96;22.01;22.42;962987
20100128;22.45;22.54;21.7;21.89;726690
20100129;21.91;22.42;21.75;22.04;1038253
20100201;22.17;22.32;21.93;22.26;1427882
20100202;22.2;22.37;21.88;22.27;1184556
20100203;21.76;22.2;21.6;21.7;1318388
20100204;21.47;21.5;20.92;20.94;1273859
20100205;20.89;21.43;20.63;21.39;1074317
20100208;21.41;21.81;21.16;21.37;886913
20100209;21.66;21.98;21.29;21.57;1178632
20100210;21.46;21.68;21.05;21.26;436131
20100211;21.27;21.5;21.13;21.5;354196
20100212;21.27;21.6;20.86;21.6;493853
20100216;21.78;22.3;21.77;22.24;786072
20100217;22.43;22.93;22.23;22.46;716475
20100218;22.4;23.08;22.26;22.89;1021821
20100219;22.8;23.05;22.63;22.72;595150
20100222;22.73;22.73;22.05;22.46;1263717
20100223;22.53;23.69;22.53;23.33;1571646
20100224;23.47;23.85;23.23;23.69;903094
20100225;23.35;24.17;23.18;24.15;1123955
20100226;24.15;24.26;23.58;23.8;617983
20100301;23.82;24.49;23.78;24.39;1089114
20100302;24.41;24.65;24.31;24.37;857560
20100303;24.36;24.66;24.23;24.52;721485
20100304;24.6;24.73;24.16;24.4;382903
20100305;24.58;24.79;24.47;24.61;385948
20100308;24.55;24.69;24.37;24.5;384086
20100309;24.44;24.88;24.26;24.37;549118
20100310;24.31;24.56;23.98;24.29;1115523
20100311;24.06;24.29;23.85;24.28;646927
20100312;24.44;24.44;23.96;24.29;802980
20100315;24.29;24.37;23.87;24.36;1152388
20100316;24.53;25.05;24.43;25.04;918980
20100317;25.18;25.83;25.07;25.46;1370107
20100318;25.54;25.54;24.94;25.29;888657
20100319;25.36;25.41;24.67;24.78;690119
20100322;24.55;25.43;24.49;25.07;679171
20100323;25.09;25.31;24.88;25.26;611172
20100324;25.05;25.19;24.71;25;636081
20100325;25.14;25.4;24.28;24.34;1318057
20100326;24.35;24.66;24.23;24.31;730531
20100329;24.36;24.76;24.34;24.59;602738
20100330;24.68;24.75;24.3;24.62;433931
20100331;24.48;24.74;24.27;24.61;808121
20100401;24.72;25.08;24.56;24.77;574661
20100405;24.9;25.2;24.69;25.2;440977
20100406;25.11;25.19;24.87;25.09;652708
20100407;24.95;25.03;24.36;24.5;1239528
20100408;24.39;24.69;24.09;24.67;637052
20100409;24.68;24.99;24.24;24.89;1034231
20100412;24.86;24.9;24.14;24.34;953099
20100413;24.34;24.47;24.04;24.31;1200755
20100414;24.49;24.9;24.3;24.85;998430
20100415;24.72;25.06;24.63;24.88;943440
20100416;24.75;25.39;24.68;25.32;1621418
20100419;25.21;25.39;24.53;24.68;1631336
20100420;24.12;25.7;24.03;24.74;1667640
20100421;24.86;25.34;24.8;25.3;1004993
20100422;25.09;25.88;24.91;25.69;820699
20100423;25.8;26.25;25.75;26.25;731523
20100426;26.24;26.48;25.78;25.8;713616
20100427;25.7;26;24.92;25;743209
20100428;25.07;25.18;24.64;24.78;901118
20100429;25.01;25.3;25.01;25.25;794183
20100430;25.33;25.56;24.69;24.73;899295
20100503;24.92;25.26;24.52;25.21;620622
20100504;24.91;24.91;24.15;24.21;1096863
20100505;23.97;24.22;23.38;23.87;849671
20100506;23.65;23.89;20.3;22.61;1580536
20100507;22.58;22.86;21.95;22.14;2112021
20100510;23.18;23.34;22.46;22.73;1250501
20100511;22.5;22.93;22.46;22.71;835366
20100512;22.85;23.63;22.75;23.52;758304
20100513;23.52;23.69;23.22;23.34;571535
20100514;23.18;23.22;22.68;22.97;573507
20100517;23.25;23.6;22.55;22.82;1154766
20100518;23.07;23.3;22.79;22.89;1089892
20100519;22.74;22.83;22.07;22.44;671138
20100520;21.92;22.07;21.23;21.28;1437271
20100521;20.95;21.65;20.59;21.41;1166249
20100524;21.33;21.74;20.99;21.02;713584
20100525;20.41;20.68;20;20.6;1983962
20100526;20.75;21.44;20.75;20.93;933837
20100527;21.34;22.24;21.15;22.22;919541
20100528;22.15;22.34;21.56;22.14;969389
20100601;21.92;22.28;21.27;21.27;853944
20100602;21.43;21.91;21.31;21.91;562258
20100603;21.74;22.52;21.72;22.14;550510
20100604;21.67;21.95;21.12;21.24;753105
20100607;21.23;21.28;20.58;20.58;937898
20100608;20.64;20.83;20.51;20.8;907774
20100609;21.01;21.1;20.67;20.8;829962
20100610;21.05;21.52;21;21.5;848299
20100611;21.8;22.46;21.8;22.38;2120667
20100614;23.2;23.2;22.48;22.56;1877272
20100615;22.87;23.59;22.82;23.5;1812272
20100616;23.5;23.51;23.1;23.3;817961
20100617;23.3;23.5;23.03;23.25;556483
20100618;23.36;23.49;23.14;23.27;975160
20100621;23.64;24.08;23.33;23.51;1868734
20100622;23.5;23.6;22.8;22.8;1180737
20100623;22.66;22.86;22.3;22.62;1078982
20100624;22.41;22.56;22.11;22.16;965002
20100625;22.18;22.52;22.11;22.32;1331987
20100628;22.41;22.53;22.02;22.12;1098091
20100629;22.1;22.1;21.4;21.73;1424176
20100630;21.75;22.37;21.58;22.02;1750268
20100701;22;22.36;21.74;22.08;1411705
20100702;22.18;22.23;21.42;21.46;768067
20100706;21.85;22.01;21.19;21.33;826753
20100707;21.33;22.02;21.25;22.02;570589
20100708;22.21;22.38;21.81;22.13;998090
20100709;22.15;22.5;22.12;22.45;937215
20100712;22.3;22.46;21.74;21.83;1467523
20100713;22.06;22.84;22.06;22.8;1297514
20100714;22.76;23.12;22.45;22.85;1182275
20100715;22.92;23.19;22.55;23.1;1059860
20100716;22.99;23.12;22.61;22.74;1540356
20100719;22.89;23.17;22.35;22.92;1111837
20100720;22.66;24.73;22.66;24.7;3100594
20100721;24.77;24.92;24.04;24.32;1794356
20100722;24.74;24.94;24.35;24.49;1237283
20100723;24.31;25.19;24.07;25.07;910789
20100726;25.27;25.43;24.99;25.43;802389
20100727;25.46;25.5;24.7;24.77;1023984
20100728;24.77;24.77;23.96;24.21;1323438
20100729;24.35;24.45;23.62;23.94;1047401
20100730;23.66;24.16;23.54;24;742308
20100802;24.26;25.13;24.23;25.04;1077569
20100803;24.95;24.99;24.32;24.36;862506
20100804;24.45;24.78;24.22;24.5;699344
20100805;24.39;24.68;24.18;24.36;518031
20100806;24;24.5;23.91;24.04;1157643
20100809;24.21;24.55;24.2;24.34;653037
20100810;24.07;24.11;23.67;24.01;848087
20100811;23.58;23.58;23.02;23.15;747265
20100812;22.81;23.4;22.66;23.27;837127
20100813;23.18;23.33;23;23.02;559834
20100816;22.92;23.21;22.76;22.89;730888
20100817;23.21;24.26;22.96;23.89;1355632
20100818;23.9;23.9;23.02;23.39;1293337
20100819;23.29;23.37;22.78;22.85;533129
20100820;22.73;23.09;22.64;23.06;536940
20100823;23.15;23.31;22.37;22.4;597909
20100824;22.02;22.36;21.86;22.16;843774
20100825;21.99;22.62;21.72;22.55;700241
20100826;22.65;22.88;22.21;22.32;519099
20100827;22.53;23.03;22.1;22.94;889595
20100830;22.8;22.91;22.3;22.3;391174
20100831;22.2;22.67;22.13;22.29;478313
20100901;22.74;23.21;22.7;23.18;490261
20100902;23.19;23.75;23;23.7;437753
20100903;24;24.15;23.91;24.02;557160
20100907;24.02;24.04;23.43;23.72;512537
20100908;23.66;23.76;23.22;23.27;622281
20100909;23.68;23.79;23.37;23.49;376127
20100910;23.49;24.1;23.46;23.67;962430
20100913;23.9;24.2;23.74;23.87;593874
20100914;23.77;23.83;23.44;23.64;953189
20100915;23.61;24.09;23.55;24.04;738496
20100916;24.05;24.5;24.05;24.17;846538
20100917;24.28;24.4;24.07;24.35;760176
20100920;22.73;23.44;21.57;23.19;4501841
20100921;23.08;23.25;22.75;22.83;1326158
20100922;22.58;22.93;22.21;22.4;1577502
20100923;22.27;22.61;22.04;22.41;1251962
20100924;22.75;23.26;22.75;23.04;621168
20100927;23.01;23.49;22.97;23.21;823312
20100928;23.33;23.44;22.77;23.35;571499
20100929;23.3;23.41;23.07;23.22;380961
20100930;23.39;23.57;22.97;23.17;723985
20101001;23.26;23.77;23.26;23.33;905209
20101004;23.36;23.58;22.68;22.91;476049
20101005;23.2;23.79;23.17;23.53;759000
20101006;23.53;23.6;23.2;23.43;479386
20101007;23.61;23.67;22.82;23.15;695029
20101008;23.14;23.29;22.84;22.93;888290
20101011;22.92;23.44;22.9;23.25;877889
20101012;23.26;23.42;23.02;23.15;1118365
20101013;23.32;24.1;23.07;23.8;1605295
20101014;23.84;24.18;23.7;23.9;952202
20101015;24.14;24.6;24.07;24.16;1089267
20101018;24.15;24.38;23.89;24.35;869311
20101019;23.75;24.22;23.12;23.24;1941597
20101020;23.38;24.26;23.31;23.92;761203
20101021;24.06;24.22;23.45;23.64;751311
20101022;23.69;24.17;23.59;24.1;898808
20101025;24.25;24.58;24.15;24.38;822317
20101026;24.15;24.43;23.9;24.34;1546869
20101027;24.11;24.47;23.94;24.46;733755
20101028;24.59;24.75;24.31;24.54;633259
20101029;24.4;24.65;24.25;24.43;546769
20101101;24.56;24.87;24.46;24.74;642245
20101102;25;25.1;24.87;24.98;577774
20101103;24.96;25.08;24.71;24.89;757520
20101104;25.24;25.63;25.18;25.61;915376
20101105;25.63;26.19;25.54;25.93;974769
20101108;25.81;25.86;25.51;25.74;490293
20101109;25.67;25.67;25.11;25.29;719457
20101110;25.3;25.45;24.75;25.38;2605598
20101111;25.17;25.59;25.11;25.57;535989
20101112;25.28;25.45;24.94;25.12;667075
20101115;25.16;25.43;25.03;25.07;691117
20101116;24.87;25.09;24.72;24.98;1098696
20101117;24.98;25.18;24.8;24.86;1009859
20101118;25.11;25.63;25.05;25.34;524226
20101119;25.31;25.57;25.08;25.54;530267
20101122;25.46;26.26;25.23;26.24;1014745
20101123;25.9;25.92;25.41;25.81;1017959
20101124;25.98;26.34;25.97;26.25;554693
20101126;26.07;26.27;25.99;26.09;160199
20101129;25.83;26.25;25.36;26.14;394332
20101130;25.86;25.86;25.26;25.65;1033740
20101201;26.1;26.43;26.02;26.18;739187
20101202;26.26;26.9;26.19;26.9;750768
20101203;26.78;27;26.64;26.76;635678
20101206;26.75;26.86;26.44;26.48;441302
20101207;26.65;26.74;26.18;26.25;811696
20101208;26.31;26.44;25.94;26.35;618047
20101209;26.57;26.84;26.47;26.6;863426
20101210;26.81;26.88;26.42;26.6;898185
20101213;26.51;26.81;26.43;26.6;857967
20101214;26.67;27.08;26.58;26.79;978685
20101215;26.7;26.72;25.81;25.86;1225254
20101216;25.91;26.01;25.7;25.89;561992
20101217;26.04;26.21;25.67;25.8;871034
20101220;25.88;26.01;25.72;25.77;553598
20101221;26.04;26.2;25.84;25.98;548477
20101222;26.05;26.17;25.8;25.9;495535
20101223;25.9;26.01;25.65;25.73;329440
20101227;25.68;25.9;25.55;25.77;306304
20101228;25.88;25.88;25.64;25.83;396435
20101229;25.94;25.94;25.76;25.85;460766
20101230;25.86;26.17;25.85;25.92;702650
20101231;25.86;26.13;25.82;25.84;345085
20110103;26.12;26.75;26.12;26.38;994857
20110104;26.45;26.52;26.07;26.22;1238065
20110105;26.15;27.1;26.08;27.09;985604
20110106;27.16;27.31;26.87;27.25;592805
20110107;27.18;27.6;27.14;27.51;761901
20110110;27.45;27.82;27.25;27.75;916023
20110111;27.78;28.1;27.74;28.07;670828
20110112;28.19;28.72;28.09;28.51;1061445
20110113;28.5;28.67;28.32;28.46;552348
20110114;28.5;28.9;28.33;28.64;649094
20110118;28.58;28.7;28.09;28.41;951092
20110119;28.4;28.76;28.27;28.46;1158068
20110120;28.28;28.51;27.71;27.81;738051
20110121;28;28.73;27.9;28.39;929622
20110124;29;29.5;28.71;28.89;1530406
20110125;28;28.6;27.5;27.92;1868058
20110126;28.05;28.82;28.02;28.55;1192223
20110127;28.5;29.06;28.5;28.83;1273071
20110128;28.85;28.85;27.97;28.02;948550
20110131;28.19;28.47;28.01;28.25;581492
20110201;28.55;29.23;28.29;28.43;1128576
20110202;28.3;28.77;28.11;28.74;839241
20110203;28.81;29.36;28.73;28.76;1309235
20110204;28.75;28.75;28.18;28.55;618522
20110207;28.58;28.88;28.37;28.74;432278
20110208;28.77;29.32;28.76;28.88;601123
20110209;28.76;29.13;28.55;28.98;427031
20110210;28.85;29.17;28.59;28.7;420878
20110211;28.76;29.13;28.58;29.09;520987
20110214;29.09;29.35;28.49;29.15;1028707
20110215;28.99;29.67;28.87;29.46;865831
20110216;29.49;30.5;29.49;30.27;1105165
20110217;30.1;30.66;29.94;30.19;1545202
20110218;30.69;30.69;29.85;29.95;692681
20110222;29.51;29.51;28.91;28.98;712750
20110223;29.04;29.5;28.49;28.8;1109946
20110224;28.83;29.25;28.57;28.85;893779
20110225;29.07;29.22;28.83;29.08;646103
20110228;29.23;29.23;28.52;28.79;762597
20110301;28.92;29.13;27.92;28.05;1147684
20110302;28.02;28.37;27.97;28.16;793063
20110303;28.49;29.09;28.43;28.77;812037
20110304;28.73;28.79;28.5;28.67;727401
20110307;28.94;29.25;28.13;28.37;788013
20110308;28.4;28.83;28.23;28.26;639397
20110309;28.26;28.85;27.75;28.25;1639728
20110310;27.94;27.95;27.36;27.54;1399524
20110311;27.4;27.73;27.15;27.4;780469
20110314;27.25;27.5;26.9;27.3;654574
20110315;26.49;27.6;25.96;27.34;1046254
20110316;27.34;27.58;26.81;26.98;1003821
20110317;27.46;27.6;26.89;27.01;766532
20110318;27.29;27.34;26.93;27.29;738640
20110321;27.63;27.95;27.59;27.83;553226
20110322;27.89;27.9;27.49;27.54;388927
20110323;27.47;27.76;27.25;27.63;325953
20110324;27.93;27.95;27.46;27.67;410494
20110325;27.69;28.17;27.52;27.76;699539
20110328;27.88;28.15;27.72;27.74;488206
20110329;27.69;28.24;27.5;28.1;583145
20110330;28.27;28.9;28.22;28.8;780497
20110331;28.7;29.02;28.59;28.89;750071
20110401;29.03;29.41;28.91;29.13;890311
20110404;29.23;29.43;29.03;29.33;772457
20110405;29.21;29.28;28.84;28.9;931187
20110406;29.09;29.2;28.45;28.85;1008273
20110407;28.88;28.99;28.5;28.65;764598
20110408;28.75;28.82;28.13;28.46;553265
20110411;28.37;28.46;27.83;27.91;686776
20110412;27.86;28.32;27.61;27.74;720574
20110413;27.95;28.06;27.54;27.95;802045
20110414;27.7;28.03;27.56;27.85;692902
20110415;27.96;28.46;27.91;28.17;1555370
20110418;27.88;28.02;27.34;27.57;1559287
20110419;27.78;29.19;27.24;28.86;4086803
20110420;29.3;29.3;27.8;27.89;2376621
20110421;28;28.09;27.53;27.89;1576691
20110425;27.89;27.89;27.03;27.48;1634921
20110426;27.56;27.95;27.43;27.85;789396
20110427;27.97;28.23;27.48;28.2;1349129
20110428;28.1;28.63;28.07;28.5;1376628
20110429;28.5;28.59;28.05;28.53;812125
20110502;28.57;28.74;28.4;28.5;873282
20110503;28.4;28.51;27.85;28.2;725913
20110504;28.21;28.28;27.71;28.06;968665
20110505;27.84;28.41;27.71;28.09;646499
20110506;28.47;28.67;28.21;28.39;816863
20110509;28.43;28.8;28.17;28.77;511598
20110510;28.79;29.36;28.7;29.14;1248050
20110511;29.15;29.27;29.09;29.23;991287
20110512;29.15;29.76;29.1;29.6;961824
20110513;29.61;29.88;28.84;29.07;870019
20110516;28.92;29.28;28.86;29.03;575480
20110517;28.86;29.07;28.32;28.53;954910
20110518;28.47;29.08;28.41;29.02;1243889
20110519;29.14;29.2;28.88;29.01;495009
20110520;29.01;29.12;28.7;28.89;677977
20110523;28.56;28.62;28.15;28.26;1122957
20110524;28.35;28.52;28.14;28.21;711230
20110525;28.21;28.57;28.11;28.48;556061
20110526;28.32;28.65;28.17;28.54;622079
20110527;28.69;28.88;28.51;28.64;550003
20110531;28.91;29.1;28.61;29.1;778383
20110601;29.08;29.17;28.27;28.3;489083
20110602;28.35;28.45;27.84;27.89;798594
20110603;27.37;27.57;27.21;27.25;838576
20110606;27.19;27.26;26.61;26.83;1117024
20110607;28.43;28.87;28.12;28.49;3311631
20110608;28.55;28.56;28.17;28.41;2295400
20110609;28.42;29.13;28.31;29.03;1165967
20110610;28.95;29.01;28.52;28.75;901218
20110613;28.54;28.77;28.22;28.54;1657406
20110614;28.81;29.25;28.68;29.15;1185363
20110615;28.83;29.01;27.27;27.3;2377981
20110616;27.24;27.42;26.63;26.9;2776549
20110617;27.22;27.29;26.59;26.62;3023000
20110620;26.63;26.82;26.26;26.33;2782418
20110621;27.05;27.69;27;27.13;2080132
20110622;27.07;27.47;26.97;27.22;1621478
20110623;26.84;27.31;26.66;27.21;1145556
20110624;27.23;27.4;27.03;27.14;1468438
20110627;27.1;27.62;27.1;27.3;681647
20110628;27.45;27.65;27.32;27.54;1315444
20110629;27.74;27.74;27.29;27.53;988897
20110630;27.64;28.05;27.58;27.99;1489513
20110701;28.06;28.88;28.04;28.7;1293915
20110705;28.66;28.75;28.22;28.33;1241052
20110706;28.28;28.81;28.24;28.73;986468
20110707;28.97;29.19;28.87;28.95;984524
20110708;28.55;28.83;28.51;28.82;623552
20110711;28.44;28.55;28.11;28.25;683728
20110712;28.16;28.25;27.82;27.89;1017910
20110713;28.1;28.45;28.01;28.06;1117480
20110714;28.09;28.12;27.42;27.59;1250233
20110715;27.77;27.77;27.36;27.68;919837
20110718;27.65;27.74;27.04;27.11;1157808
20110719;27.68;28.32;27.16;27.46;1037998
20110720;27.44;27.84;27.31;27.78;1317746
20110721;27.84;28.42;27.74;28.17;1202401
20110722;28.12;28.15;27.74;28;770099
20110725;27.68;27.85;27.56;27.73;742186
20110726;27.77;27.77;27.37;27.54;626542
20110727;27.28;27.28;26.71;26.84;1124371
20110728;26.98;27.1;26.54;26.62;791486
20110729;26.28;26.82;26.11;26.67;842029
20110801;27.02;27.02;26.39;26.57;900599
20110802;26.36;26.56;25.82;25.85;818356
20110803;25.91;26.09;25.55;25.81;1285897
20110804;25.37;25.38;23.22;23.33;3486759
20110805;23.64;23.82;22.77;23.3;2485294
20110808;22.33;22.78;21.05;21.28;2645455
20110809;21.79;22.58;21.44;22.58;2422352
20110810;22.04;22.7;21.82;22;2415038
20110811;22.13;23.23;21.9;22.94;934727
20110812;23.14;23.54;22.88;23.26;891878
20110815;23.47;23.81;23.36;23.8;721420
20110816;23.55;24.16;23.5;23.86;1384726
20110817;24.08;24.3;23.98;24.05;1061621
20110818;23.34;23.43;22.54;22.7;1104416
20110819;22.41;22.92;22.39;22.77;1330323
20110822;23.38;23.43;22.66;22.77;1012796
20110823;22.84;23.34;22.56;23.29;1179779
20110824;23.28;24.03;23.14;23.99;728615
20110825;24.21;24.32;23.27;23.35;795724
20110826;23.18;23.93;22.89;23.82;731461
20110829;24.19;24.74;24.09;24.74;348516
20110830;24.58;25.22;24.58;25.05;614430
20110831;25.27;25.7;25.13;25.35;776431
20110901;25.29;25.56;25.04;25.24;1022273
20110902;24.7;25.08;24.54;24.75;1304281
20110906;24.12;25.37;24.1;25.29;1797611
20110907;25.74;25.95;25.54;25.91;766119
20110908;25.65;26.12;25.55;25.8;962459
20110909;25.47;25.71;25.22;25.57;977303
20110912;25.21;25.58;24.9;25.53;798637
20110913;25.49;25.99;25.19;25.83;681433
20110914;26.05;26.3;25.41;26.03;708854
20110915;26.25;26.7;26.03;26.65;718908
20110916;26.64;27.15;26.56;27.14;943194
20110919;26.59;26.87;26.24;26.7;584057
20110920;26.86;27.14;26.37;26.4;1338417
20110921;26.41;26.68;25.45;25.46;797648
20110922;24.68;24.91;24.06;24.41;1295488
20110923;24.34;24.67;24.18;24.59;736738
20110926;24.66;24.88;24.1;24.63;826295
20110927;25.32;25.94;25.2;25.48;732751
20110928;25.5;25.67;24.34;24.4;715430
20110929;24.94;25.02;23.85;24.38;914638
20110930;23.88;24.17;23.3;23.3;1218427
20111003;23.27;23.66;22.52;22.54;1270984
20111004;22.28;22.97;21.75;22.96;1072777
20111005;23.08;23.81;22.72;23.72;1061014
20111006;23.63;24.59;23.46;24.52;1020174
20111007;24.58;25;24.21;24.33;1242942
20111010;24.83;25.39;24.75;25.39;717781
20111011;25.07;25.49;24.96;25.16;506687
20111012;25.4;25.55;25.18;25.36;832654
20111013;25.11;25.4;24.88;25.34;637468
20111014;25.75;25.91;25.36;25.71;992556
20111017;25.5;25.51;24.5;24.66;1402127
20111018;24.91;25.76;24.07;25.29;1458368
20111019;25.2;25.63;24.92;25.07;873178
20111020;25.04;25.46;24.64;25.4;890176
20111021;25.7;26.06;25.35;25.99;1017206
20111024;26.15;26.58;26.12;26.38;818867
20111025;26.04;26.22;25.68;25.75;454785
20111026;26.18;26.18;25.22;25.84;577603
20111027;26.8;27.16;26.58;26.91;691471
20111028;26.77;26.92;26.14;26.56;715180
20111031;26.12;26.56;25.83;26.08;507393
20111101;25.22;25.62;25.05;25.37;657411
20111102;25.81;26.14;25.51;25.77;439034
20111103;25.81;26.29;25.72;26.2;681894
20111104;25.91;26.5;25.65;26.28;412871
20111107;26.28;26.48;25.89;26.43;446975
20111108;26.69;26.91;26.09;26.7;910444
20111109;26.21;26.27;25.54;25.75;621871
20111110;26.18;26.27;25.72;26.13;591999
20111111;26.46;26.79;26.46;26.6;463553
20111114;26.45;26.52;25.85;26.11;422536
20111115;25.97;26.26;25.85;26.09;566695
20111116;25.82;26.41;25.59;25.82;470540
20111117;25.7;25.87;24.91;25.17;960160
20111118;25.32;25.65;25.05;25.5;549758
20111121;25.07;25.42;24.87;25.26;671339
20111122;25.19;25.48;24.86;24.97;810421
20111123;24.69;24.74;24.09;24.29;563299
20111125;24.24;24.72;24.23;24.46;276146
20111128;25.03;25.31;24.92;25.14;388532
20111129;25.25;25.55;25.01;25.11;336809
20111130;25.82;26.31;25.75;26.01;926005
20111201;25.9;26.16;25.44;25.47;819237
20111202;25.8;26;25.66;25.76;809677
20111205;26.23;26.25;25.62;25.85;694721
20111206;25.7;25.89;25.49;25.57;449199
20111207;25.35;25.46;24.82;25.29;859787
20111208;25.05;25.15;24.51;24.58;841132
20111209;24.6;24.95;24.6;24.78;1367488
20111212;24.46;24.59;24.05;24.33;663545
20111213;24.5;24.81;23.8;23.94;1101374
20111214;23.85;24.09;23.62;23.88;879175
20111215;24.12;24.42;24;24.23;861737
20111216;24.49;24.68;23.95;24.13;1360738
20111219;24.28;24.38;23.84;23.89;742810
20111220;24.34;24.76;24.3;24.5;588052
20111221;24.41;24.55;24.16;24.39;461649
20111222;24.48;24.89;24.39;24.85;955500
20111223;24.97;25.03;24.8;25.03;253101
20111227;24.89;25.27;24.79;25.2;459585
20111228;25.19;25.25;24.84;24.9;434200
20111229;24.97;25.31;24.9;25.07;320244
20111230;25.04;25.3;25.01;25.24;424147
20120103;25.62;25.92;25.1;25.19;1062692
20120104;25.05;25.27;24.92;25;1172321
20120105;24.96;25.6;24.82;25.25;909031
20120106;25.29;25.94;25.11;25.77;951874
20120109;25.85;26.15;25.63;26.1;845922
20120110;26.4;26.62;26.3;26.48;999898
20120111;26.35;26.71;26.35;26.58;443483
20120112;26.16;26.55;26.06;26.48;1087280
20120113;26.25;26.45;26.01;26.15;674456
20120117;26.17;26.6;26.02;26.07;601008
20120118;25.99;26.18;25.85;26.04;1193066
20120119;26.1;26.7;26.1;26.58;628657
20120120;26.44;26.85;26.33;26.84;869475
20120123;26.95;27;26.19;26.64;783957
20120124;27.57;28.26;26.97;28.21;1506113
20120125;28.39;28.39;27.71;27.9;931770
20120126;28.01;28.36;27.97;28.17;769816
20120127;28.07;28.52;27.97;28.28;622680
20120130;28.04;28.46;27.68;28.33;588525
20120131;28.43;28.55;27.93;28.14;550322
20120201;28.31;28.92;28.24;28.34;520620
20120202;28.42;28.67;28.3;28.32;407565
20120203;28.65;29.25;28.65;29;674699
20120206;28.87;29.02;28.7;28.98;438190
20120207;28.98;29.3;28.9;28.94;429237
20120208;28.92;29.26;28.88;29.12;488837
20120209;29.23;29.31;28.76;29.3;449012
20120210;29;29.19;28.77;29.04;477382
20120213;29.4;29.62;29.26;29.56;561432
20120214;29.49;29.51;29.24;29.46;391247
20120215;29.56;29.84;29.35;29.43;693437
20120216;29.4;29.8;29.01;29.57;767764
20120217;29.63;29.7;29.25;29.42;380488
20120221;29.47;29.95;29.25;29.37;383187
20120222;29.37;29.37;28.58;28.89;1279760
20120223;28.96;29.41;28.79;29.18;571602
20120224;29.14;29.32;28.88;28.93;520466
20120227;28.74;29.14;28.51;28.94;1233104
20120228;28.98;29.21;28.83;29.21;554218
20120229;29.39;30.06;29.34;29.64;1077607
20120301;29.75;29.95;29.6;29.76;541029
20120302;29.83;30.02;29.65;29.96;596729
20120305;29.84;29.98;29.54;29.65;545901
20120306;29.42;29.5;29.14;29.39;596733
20120307;29.39;29.87;29.3;29.77;485264
20120308;29.95;30.5;29.86;30.37;810797
20120309;30.44;30.62;30.09;30.2;752497
20120312;30.22;30.22;29.73;30.08;837118
20120313;29.9;30.37;29.9;30.23;1394067
20120314;29.79;30.06;29.59;29.75;1182983
20120315;29.71;29.91;29.51;29.81;962154
20120316;29.71;29.98;29.62;29.71;1315048
20120319;29.74;30.09;29.58;29.79;678050
20120320;29.6;29.89;29.42;29.8;463599
20120321;29.78;29.84;29.55;29.67;484909
20120322;29.54;29.54;29.01;29.31;539721
20120323;29.28;29.66;29;29.65;685103
20120326;29.85;30;29.54;29.79;584287
20120327;29.85;29.98;29.73;29.74;365767
20120328;29.78;29.81;29.13;29.65;668475
20120329;29.45;29.71;29.3;29.67;555339
20120330;29.81;29.96;29.42;29.59;542851
20120402;29.55;29.8;29.4;29.51;812383
20120403;29.47;29.79;29.37;29.61;584305
20120404;29.32;29.54;29.07;29.44;735175
20120405;29.39;29.64;29.25;29.35;272894
20120409;28.94;29.09;28.8;29.01;430374
20120410;28.95;28.99;28.22;28.22;613494
20120411;28.56;28.61;28.38;28.53;471096
20120412;29.01;29.17;28.73;29.09;879715
20120413;29.08;29.17;28.73;28.81;795075
20120416;28.81;28.98;28.59;28.8;745947
20120417;28.93;29.36;28.75;29.21;981098
20120418;28.99;29.31;28.54;28.89;656275
20120419;29.02;29.3;28.74;29.02;452107
20120420;29.13;29.56;29.08;29.44;619228
20120423;29.17;29.21;28.84;29.16;726563
20120424;29.13;29.59;29.12;29.33;665415
20120425;29.63;29.75;29.39;29.63;434351
20120426;29.63;29.74;29.32;29.59;383611
20120427;29.75;29.75;29.41;29.62;711170
20120430;29.54;29.54;29.09;29.19;656488
20120501;29.25;29.46;28.98;29.22;546487
20120502;29.05;29.22;28.86;28.99;532674
20120503;29.16;29.39;28.9;28.98;595588
20120504;28.89;28.89;28.33;28.39;593017
20120507;28.24;28.29;27.98;28.01;976162
20120508;27.85;28.52;27.68;28.39;1106282
20120509;28.1;28.53;27.93;28.33;638160
20120510;28.54;28.54;28.04;28.32;478797
20120511;28.16;28.33;27.86;27.96;474243
20120514;27.75;27.96;27.53;27.78;454728
20120515;27.82;28.06;27.76;27.92;517305
20120516;28.04;28.04;27.58;27.58;567835
20120517;27.57;27.59;26.77;26.77;619639
20120518;26.9;27.1;26.57;26.64;664507
20120521;26.66;27.3;26.59;27.17;569481
20120522;27.1;27.35;26.95;27.13;895912
20120523;26.87;27.11;26.47;27.08;672612
20120524;27.07;27.19;26.68;27.1;695430
20120525;27.07;27.12;26.82;26.95;366447
20120529;27.06;27.53;26.91;27.32;719531
20120530;27.08;27.12;26.65;26.66;557705
20120531;26.63;26.99;26.42;26.83;627735
20120601;26.29;26.48;26.25;26.29;478573
20120604;26.39;26.45;25.77;26.24;721904
20120605;26.11;26.44;26.01;26.39;399025
20120606;26.52;26.92;26.52;26.84;433654
20120607;27.13;27.33;26.94;27.07;338678
20120608;27.09;27.62;26.95;27.61;456962
20120611;27.81;27.84;27.37;27.44;562397
20120612;27.53;27.76;27.36;27.61;585549
20120613;27.42;27.42;26.98;27.05;321831
20120614;27.11;27.8;27.05;27.69;711343
20120615;27.82;27.86;27.44;27.69;589644
20120618;27.59;27.89;27.41;27.78;423170
20120619;28.05;28.12;27.72;27.83;419959
20120620;28;28.2;27.76;28.04;627010
20120621;27.97;28.12;27.23;27.25;526286
20120622;27.41;27.56;27.17;27.44;689377
20120625;27.23;27.5;26.98;27.34;522332
20120626;27.38;27.45;27.03;27.14;356536
20120627;27.23;27.6;27.18;27.31;275693
20120628;27.14;27.41;26.89;27.41;428315
20120629;27.8;28.3;27.66;28.24;714886
20120702;28.25;28.44;27.59;28.15;429627
20120703;28.1;28.96;28;28.95;477234
20120705;28.85;28.94;28.47;28.58;679289
20120706;28.28;28.32;28.09;28.24;426397
20120709;28.12;28.18;27.85;28.06;324976
20120710;28.1;28.36;27.78;27.91;317757
20120711;28.08;28.48;27.89;28.34;896985
20120712;28.13;28.8;27.88;28.61;854006
20120713;28.65;29.38;28.56;29;811327
20120716;29.02;29.17;28.61;29.06;633253
20120717;29.54;30.91;29.54;30.07;1622910
20120718;30.07;31;29.99;30.56;1280149
20120719;30.65;30.96;30.21;30.77;715618
20120720;30.64;30.89;30.23;30.7;787013
20120723;30.45;30.71;30.14;30.51;392579
20120724;30.56;30.62;29.82;30.17;586725
20120725;30.18;30.57;30.04;30.19;772752
20120726;30.67;30.99;30.43;30.65;882220
20120727;30.9;31.12;30.71;30.77;938527
20120730;30.82;30.82;30.4;30.76;707560
20120731;30.75;31;30.7;30.79;410308
20120801;30.9;31;30.48;30.59;521660
20120802;30.29;30.94;30.18;30.5;700633
20120803;31;31.14;30.74;30.85;624268
20120806;30.96;31.02;30.71;30.81;408088
20120807;30.94;31.22;30.71;30.95;696003
20120808;30.84;31.04;30.63;30.67;694432
20120809;30.77;30.82;30.07;30.28;1086031
20120810;30.23;30.7;30.13;30.67;771591
20120813;31.12;31.54;31.02;31.26;1121551
20120814;31.43;31.73;31.31;31.69;1194295
20120815;31.61;32.12;31.59;32.11;1982432
20120816;32.07;32.63;32;32.16;1920892
20120817;32.21;32.21;31.84;31.96;956434
20120820;31.71;31.96;31.02;31.87;1810706
20120821;31.9;32.3;31.82;31.94;649381
20120822;31.82;31.89;31.53;31.75;1033785
20120823;31.81;31.99;31.6;31.78;745979
20120824;31.81;32.14;31.69;32.1;562447
20120827;32.21;32.32;31.92;31.96;429376
20120828;32;32.17;31.71;31.98;333384
20120829;32.01;32.15;31.83;32.05;322550
20120830;31.84;31.86;31.62;31.73;503813
20120831;32.01;32.05;31.67;32.02;418101
20120904;31.99;32.31;31.78;32.25;651324
20120905;32.26;32.53;32.15;32.34;527294
20120906;32.47;33.21;32.47;32.9;922215
20120907;33.31;33.55;33.02;33.27;1355952
20120910;32.63;32.9;32.26;32.44;1045437
20120911;32.39;32.52;32.08;32.26;856625
20120912;32.06;32.42;31.88;32.31;1155196
20120913;32.23;33.31;32.05;32.97;923254
20120914;33;33.33;33;33.15;468188
20120917;32.69;32.8;32.08;32.1;737097
20120918;31.93;32.53;31.93;32.35;1946895
20120919;32.46;32.98;32.44;32.96;774635
20120920;32.75;33.09;32.58;33.04;629414
20120921;33.96;34.7;33.6;33.75;2022295
20120924;34.92;35.38;34.19;34.95;2663708
20120925;35.13;35.47;34.97;35.15;1913980
20120926;35.13;35.69;34.9;35.42;1318040
20120927;35.49;36.13;35.21;36.05;1248346
20120928;35.96;36.68;35.74;36.3;1498431
20121001;36.23;36.53;35.39;35.68;1271017
20121002;35.92;36.14;35.71;35.8;743264
20121003;35.8;36.04;35.76;35.8;866110
20121004;36.07;36.23;35.92;35.97;647473
20121005;36.05;36.38;35.91;36.04;736737
20121008;35.54;35.89;35.38;35.69;1275468
20121009;35.74;35.94;35.48;35.71;637503
20121010;35.66;35.71;35.31;35.4;354031
20121011;35.64;35.84;35.47;35.51;449463
20121012;35.51;35.66;35.09;35.19;937743
20121015;35.46;35.77;35.07;35.6;1102600
20121016;34.8;36.96;34.5;36.26;2799062
20121017;35.49;36.56;35.49;36.33;906303
20121018;36.14;36.38;36.1;36.22;879479
20121019;36.12;36.16;35.57;35.83;798463
20121022;35.83;36.13;35.66;35.89;572630
20121023;35.68;35.75;35.03;35.37;831847
20121024;35.68;35.68;34.97;35;696481
20121025;35.19;35.57;34.85;35.51;655858
20121026;35.65;35.65;35.02;35.3;394083
20121031;35.55;35.94;35.02;35.27;588062
20121101;35.44;36.71;35.26;36.33;1225189
20121102;36.35;36.48;35.76;35.9;829005
20121105;35.88;36.3;35.4;35.82;951515
20121106;35.99;36.41;35.81;36.2;607585
20121107;35.98;35.98;35.4;35.62;715874
20121108;35.51;35.78;35.01;35.16;604367
20121109;35.1;35.72;34.95;35.41;465983
20121112;35.48;35.66;35.19;35.47;447659
20121113;35.16;35.61;34.9;35.05;631480
20121114;35.09;35.17;34.29;34.46;884344
20121115;34.54;35.08;34.06;34.16;1387904
20121116;34.25;34.7;33.89;34.65;1172104
20121119;34.82;35.85;34.82;35.85;767695
20121120;35.74;36.03;35.55;35.93;568816
20121121;36.03;36.34;35.27;36.25;412761
20121123;36.27;36.75;36.25;36.71;298221
20121126;36.59;36.96;36.52;36.81;473276
20121127;36.67;36.75;36.27;36.43;704979
20121128;36.35;36.73;36.01;36.68;639532
20121129;36.9;36.99;36.41;36.6;560775
20121130;36.55;36.64;36.3;36.44;955412
20121203;36.69;36.69;36.06;36.16;562696
20121204;36.15;36.41;36.04;36.2;403073
20121205;36.25;36.34;35.46;35.8;649019
20121206;35.72;36.2;35.55;35.99;741748
20121207;35.99;36.29;35.75;36.29;583437
20121210;36.22;36.76;36.22;36.42;532924
20121211;36.55;37.03;36.55;36.69;886602
20121212;36.89;37.11;36.73;36.94;703521
20121213;36.84;36.98;36.42;36.45;627916
20121214;36.34;36.49;36.21;36.35;342699
20121217;36.32;36.83;36.2;36.83;536641
20121218;36.76;37.31;36.65;37.29;803145
20121219;37.27;37.56;36.96;37.39;566963
20121220;37.35;37.75;37.33;37.75;489921
20121221;37.11;37.85;36.95;37.85;1626181
20121224;37.77;37.95;37.45;37.93;254728
20121226;37.95;38.31;37.9;38.24;666294
20121227;38.18;38.37;38.1;38.28;769090
20121228;37.92;38.37;37.85;38.09;681727
20121231;38.01;38.67;37.88;38.47;625033
20130102;39.24;39.3;38.63;39;897573
20130103;38.91;39.16;38.73;38.91;971837
20130104;38.89;38.98;38.66;38.88;897629
20130107;38.63;39.08;38.62;38.97;697572
20130108;38.89;39.39;38.82;38.82;879781
20130109;38.91;39.08;38.8;38.87;827199
20130110;39.13;39.13;38.45;38.49;838905
20130111;38.52;38.86;38.05;38.86;695691
20130114;38.8;39.34;38.79;39.17;388453
20130115;39.24;39.64;39;39.2;928107
20130116;39.21;39.21;38.78;38.98;582984
20130117;39.17;40.24;39.05;39.94;1143545
20130118;40.01;40.05;39.59;40.02;765559
20130122;38.77;39.25;37.86;38.81;3735323
20130123;38.89;39.75;38.82;39.29;1266965
20130124;39.3;39.85;39.12;39.82;973163
20130125;39.98;39.98;39.63;39.82;636909
20130128;39.81;39.82;39.21;39.46;589535
20130129;39.35;39.52;39.14;39.34;860792
20130130;39.37;39.44;38.58;38.6;1117077
20130131;38.53;38.83;38.37;38.43;1021505
20130201;38.45;39.15;38.36;39.13;1448038
20130204;39.07;39.35;38.9;39.19;657400
20130205;39.44;39.75;39.2;39.36;636712
20130206;39.31;39.68;39.09;39.68;544323
20130207;39.69;39.89;39.29;39.79;874075
20130208;39.78;40.34;39.77;40.15;721735
20130211;40.3;40.37;39.68;40.22;519147
20130212;40.22;40.37;39.87;40.08;554519
20130213;40.23;40.43;39.97;40.28;385961
20130214;40.11;40.49;40.1;40.36;347580
20130215;40.48;40.7;40.36;40.64;370554
20130219;40.76;40.97;40.13;40.25;745188
20130220;40.29;40.43;39.23;39.24;883952
20130221;39.22;41.33;38.91;40.87;2565214
20130222;40.9;42.28;40.9;41.8;1347104
20130225;42.3;42.46;41.1;41.1;1080896
20130226;41.53;41.71;41.25;41.66;1272269
20130227;41.29;42.26;41.29;41.79;1375666
20130228;41.84;42.33;41.67;41.78;919233
20130301;41.61;42;41.12;41.62;1337216
20130304;41.65;42.46;41.57;42.44;935426
20130305;42.65;43.03;42.56;42.73;618482
20130306;42.96;43.42;42.86;42.91;810345
20130307;42.9;43.38;42.89;43.32;553266
20130308;43.49;43.86;43.24;43.45;582869
20130311;43.46;43.68;43.34;43.54;480283
20130312;43.56;43.56;43.03;43.13;447228
20130313;42.97;42.97;42.23;42.53;1107006
20130314;42.83;43.04;42.57;42.91;680506
20130315;42.96;43.18;42.67;43.14;860661
20130318;42.2;43.28;42.2;43;664865
20130319;42.96;43.25;42.77;43.02;918873
20130320;43.25;43.56;42.93;43.26;741729
20130321;43.18;43.45;42.78;42.89;604077
20130322;42.95;43.32;42.63;43.08;898210
20130325;42.6;43.39;42.43;43.23;921348
20130326;43.31;44.08;43.31;44.05;813042
20130327;43.87;44.51;43.6;44.44;714943
20130328;44.51;44.93;44.3;44.87;568903
20130401;44.82;44.97;44.31;44.54;645476
20130402;44.73;45.26;44.55;45;865460
20130403;44.97;45.14;44.15;44.51;1392981
20130404;44.5;44.68;43.96;44.08;1192152
20130405;43.67;44.33;42.78;44.25;1431939
20130408;44.23;44.7;44.23;44.66;336975
20130409;44.8;44.86;44.41;44.62;553346
20130410;44.67;45.12;44.58;44.91;991020
20130411;44.95;45.69;44.55;44.92;1095106
20130412;45.01;45.27;44.37;44.86;780956
20130415;44.57;44.57;42.36;42.5;1788304
20130416;42.84;44.29;42.71;44.28;1206236
20130417;43.81;43.81;42.77;43.39;1198805
20130418;43.55;43.64;42.88;43.2;978993
20130419;43.41;44.26;43.08;43.27;878577
20130422;43.26;43.93;42.64;43.73;1486521
20130423;44.16;46.73;44.16;45.53;2573142
20130424;45.75;46.81;45.39;46;1357912
20130425;46.25;46.37;45.51;46.15;964912
20130426;46.16;46.32;45.32;45.8;754383
20130429;46;47.3;45.8;47.13;1676534
20130430;47.2;47.57;46.52;47.56;1263056
20130501;47.35;47.46;46.45;46.73;1105392
20130502;46.65;47.54;46.38;46.84;1711249
20130503;47.2;48.02;47.2;47.65;663462
20130506;47.81;48.04;47.58;47.98;560506
20130507;48.16;49.13;48.09;49.09;1667419
20130508;49.1;49.58;48.73;49.52;885354
20130509;49.52;50;49.15;49.38;862175
20130510;49.32;49.54;48.64;48.72;908147
20130513;48.76;49.43;48.47;49.3;619601
20130514;49.27;49.94;49.27;49.89;973162
20130515;49.86;50.6;49.54;50.08;1243388
20130516;50.25;50.78;49.71;49.81;1089378
20130517;49.86;50.22;49.5;49.83;472253
20130520;49.76;50.4;49.72;50.23;704532
20130521;50.17;50.49;50.05;50.39;857730
20130522;50.4;50.7;49.51;49.74;681282
20130523;49.15;50;48.83;49.7;885113
20130524;49.39;49.55;48.88;49.31;797896
20130528;50.02;50.53;49.95;50.28;685214
20130529;49.89;49.89;49.18;49.59;404729
20130530;49.74;50.02;49.3;49.56;415688
20130531;49.37;49.79;48.99;49;458684
20130603;48.95;49.09;47.5;48.88;1196755
20130604;49;49.27;48.39;48.77;659657
20130605;48.61;48.75;47.9;48.13;673458
20130606;48.01;49.02;47.99;49.02;534715
20130607;49.23;49.44;48.81;49.1;745806
20130610;49.32;49.45;48.66;49.2;811221
20130611;48.52;49.48;48.3;48.92;776961
20130612;48.92;48.92;47.88;48.03;579059
20130613;48.28;49.09;48.14;48.92;604126
20130614;48.97;49.21;48.77;49.05;425289
20130617;49.42;49.86;49.23;49.47;726009
20130618;49.64;49.98;49.3;49.52;1193094
20130619;49.65;49.85;49.26;49.4;1059705
20130620;49.01;49.11;48.5;48.62;526419
20130621;48.84;48.91;47.73;48.67;942589
20130624;48.21;48.26;47.56;47.83;547297
20130625;48.32;48.45;47.5;47.98;585636
20130626;48.48;49.07;48.05;48.7;681384
20130627;49.04;49.38;48.87;48.92;533426
20130628;48.91;49.52;48.7;48.96;1199755
20130701;49.27;50.35;49.27;49.62;799818
20130702;49.67;50.09;49.31;49.55;975885
20130703;49.34;49.57;49.25;49.48;436928
20130705;49.93;50.09;49.77;49.98;467014
20130708;50.34;50.4;49.83;50.24;586047
20130709;50.65;50.68;50.15;50.47;733594
20130710;50.35;50.6;50.16;50.32;1086805
20130711;50.95;51.74;48.45;51.69;1689503
20130712;51.95;52.66;51.95;52.27;1163463
20130715;52.55;52.96;52.11;52.31;1067699
20130716;52.43;52.57;51.23;51.49;936737
20130717;53.14;53.94;51.51;51.7;2081577
20130718;51.76;52.61;51.28;52.57;1248814
20130719;53.01;53.06;52.26;52.96;967129
20130722;53.18;53.64;53.03;53.23;1202528
20130723;53.37;53.53;52.59;52.71;806313
20130724;53.07;53.47;52.86;53.28;854559
20130725;53.08;53.25;52.81;53.07;814937
20130726;52.7;52.94;52.15;52.9;544460
20130729;52.9;53.26;52.53;53.15;692759
20130730;53.42;53.64;53.02;53.6;603136
20130731;53.62;54.3;53.6;53.79;816842
20130801;54.41;55.79;54.34;55.08;1513850
20130802;55.05;55.19;54.5;55.15;620413
20130805;55.01;55.21;54.61;54.96;621874
20130806;54.92;54.97;54.07;54.29;539257
20130807;54.12;54.32;53.19;54.21;721085
20130808;54.5;55.14;54.5;54.8;523978
20130809;54.72;55.16;54.2;54.52;474190
20130812;54.33;54.72;54.04;54.69;293034
20130813;54.92;54.97;54.27;54.71;458847
20130814;54.8;55.09;54.5;54.83;327252
20130815;54.12;54.16;52.85;52.92;614112
20130816;52.82;53.18;52.02;52.03;1569490
20130819;52;53.27;51.7;53.11;1004322
20130820;53.25;54.19;52.99;54.02;798870
20130821;53.98;54.08;53.43;53.73;565484
20130822;54.01;54.48;53.79;54.09;603044
20130823;54.44;54.74;53.67;54.58;452937
20130826;54.58;55;54.2;54.47;436035
20130827;53.87;54.06;53.3;53.42;441112
20130828;53.36;53.61;53;53.45;368711
20130829;53.33;54.18;53.26;53.55;318558
20130830;53.64;53.68;52.77;53.04;494616
20130903;53.8;54.13;51.85;52.74;1036882
20130904;52.77;53.09;52.46;53.03;580678
20130905;53.2;53.65;53;53.4;600864
20130906;53.73;53.82;52.67;53.45;364528
20130909;53.58;54.41;53.46;54.39;561405
20130910;54.83;55.69;54.65;55.4;856332
20130911;55.14;55.23;54.29;54.72;455720
20130912;54.56;54.86;54.06;54.2;547908
20130913;54.38;54.6;53.93;54.55;474543
20130916;60.06;60.45;56.87;60.43;5278774
20130917;60.28;60.41;59.7;59.95;1656221
20130918;60.03;61.23;58.81;61.15;1573346
20130919;61.26;61.32;59.38;59.5;1133378
20130920;59.58;59.96;58.99;59.03;1267509
20130923;59.12;59.14;58.37;58.55;1189053
20130924;58.42;59.1;57.51;58.27;1206326
20130925;58.49;58.79;57.85;58.29;814015
20130926;58.6;59.43;58.6;59.18;537189
20130927;58.47;58.6;57.3;57.62;1140586
20130930;56.89;57.66;56.07;57.09;1518457
20131001;57.1;58.71;57.1;58.22;1563204
20131002;57.86;57.91;57.05;57.2;1037709
20131003;57.21;57.31;56.53;56.91;790480
20131004;57.04;57.25;56.61;57.12;540777
20131007;56.4;57.14;56.23;56.85;811422
20131008;56.57;57.04;56.09;56.43;1010521
20131009;56.28;56.73;55.66;56.37;1209128
20131010;57.15;57.68;56.78;57.11;878167
20131011;57.16;57.61;56.73;57.6;696471
20131014;56.9;58.59;56.86;58.52;1367694
20131015;59.96;60.4;57.58;57.88;1562938
20131016;58.37;58.6;57.78;58.5;811792
20131017;58.66;61;58.61;60.92;1584724
20131018;61.31;61.31;60.09;60.73;892424
20131021;60.91;61.02;60;60.96;1206202
20131022;60.8;61.59;60.4;61.59;878908
20131023;61.31;61.59;60.54;60.94;384041
20131024;60.95;61.66;60.95;61.62;439170
20131025;61.8;62.33;61;62.21;537574
20131028;62.31;62.77;61.86;62.2;617456
20131029;62.52;62.52;61.09;61.74;575567
20131030;62.11;62.5;61.67;61.78;788457
20131031;61.57;62.83;61.56;62.28;630618
20131101;62.51;62.75;62;62.61;428685
20131104;62.97;64.39;62.56;64.27;1117885
20131105;64;64.09;60.48;60.61;1319668
20131106;60.83;61.67;60.76;60.95;588451
20131107;61.23;61.42;58.76;58.78;1209200
20131108;58.85;60.79;58.77;60.54;1138687
20131111;60.62;60.89;60.35;60.67;374659
20131112;60.67;60.67;59.79;60.03;728935
20131113;59.76;60.78;59.53;60.76;430634
20131114;60.75;61.06;60.55;60.88;360993
20131115;61.18;61.23;60.39;60.84;878743
20131118;61.09;61.85;60.38;61.62;873016
20131119;61.63;62.19;61.25;61.44;700743
20131120;61.53;61.71;60.76;61.06;523576
20131121;61.31;63.06;61.23;62.93;877993
20131122;63.17;63.17;61.89;62.65;481551
20131125;62.7;63.86;60.8;60.93;997200
20131126;61.07;62.04;60.96;61.77;519720
20131127;62.23;62.23;61.26;61.57;445683
20131129;61.62;61.79;61.23;61.26;208769
20131202;61.22;62.1;60.77;61.41;529937
20131203;61.23;61.36;59.94;60.11;1122285
20131204;60.07;61.15;59.94;61.08;987054
20131205;60.79;61.13;59.69;60.15;894151
20131206;61.11;61.17;60.21;61.07;654621
20131209;61.25;61.33;59.7;59.87;1149659
20131210;59.71;62.14;59.34;61.43;1728871
20131211;61.73;61.94;60.07;60.43;933108
20131212;60.48;60.8;60.13;60.37;528073
20131213;61.6;61.72;60.4;61.43;951216
20131216;61.43;62.55;61.21;62.17;958212
20131217;62.18;62.19;60.93;61.39;711276
20131218;61.96;62.84;61.13;62.83;632904
20131219;62.14;62.48;61.31;61.84;546397
20131220;62.02;62.26;61.76;61.89;1121767
20131223;62.25;62.55;61.89;62.32;780013
20131224;62.21;63.16;62.14;62.95;234424
20131226;63.3;63.4;62.66;63.14;469392
20131227;63.16;63.44;62.89;63.03;276528
20131230;62.96;63.5;62.59;63.27;428960
20131231;63.37;63.65;63;63.28;440977
20140102;63;63.82;63;63.25;634820
20140103;63.11;63.61;62.83;62.97;588075
20140106;63.2;63.5;62.25;62.3;838779
20140107;62.86;63.93;62.79;63.56;1149488
20140108;63.53;63.72;62.42;63.3;722250
20140109;63.29;63.5;62.32;63.41;618600
20140110;63.5;64.6;63.21;64.59;829411
20140113;64.6;65.09;64.3;64.56;1363204
20140114;64.54;65.53;64.39;65.41;861443
20140115;65.5;65.96;65.29;65.49;707276
20140116;65.52;65.55;65.14;65.36;365573
20140117;65.3;65.42;64.69;64.93;516062
20140121;65.5;65.73;65.17;65.62;598379
20140122;65.75;66.5;65.56;66.2;831818
20140123;66.02;66.07;65;65.29;884673
20140124;64.85;64.85;61.96;62.5;1398918
20140127;62.53;63;61.64;62.18;1313031
20140128;62.15;63.19;62.12;63.01;723681
20140129;62.5;64.91;62.22;63.84;1171859
20140130;64.79;64.85;63.59;63.98;648313
20140131;63.27;65.24;63.13;64.6;948363
20140203;64.62;65.33;61.86;62.36;2232477
20140204;62.91;63.37;61.71;63.03;1184855
20140205;62.81;63.18;61.35;62.88;1749879
20140206;62.91;63.65;62.91;63.18;675615
20140207;63.54;65.28;63.44;65.01;1069835
20140210;65.04;66.21;65.04;65.51;1617995
20140211;65.62;66.06;65.01;65.55;1595672
20140212;70.63;72.13;69.67;72.06;3753935
20140213;72;72.35;71.12;71.33;1556694
20140214;71.4;72.79;71.36;72.59;905467
20140218;73.07;73.31;72.26;72.56;833650
20140219;72.92;73.14;72.01;72.06;1071411
20140220;72.5;72.98;71.5;72.33;844159
20140221;72.57;72.8;71.68;72.22;744848
20140224;72.37;73.28;72.14;72.29;1070889
20140225;72.58;72.89;71.81;71.93;722784
20140226;72.15;72.56;71.34;71.93;794327
20140227;71.95;72.43;71.73;72.26;588251
20140228;72.39;73.27;72.13;72.89;717492
20140303;72.89;73.39;71.91;72.86;914333
20140304;73.87;74.58;73.47;74.28;842680
20140305;74.7;74.7;73.7;74.61;809668
20140306;74.8;75.1;74.1;74.2;574204
20140307;74.63;74.99;73.84;74.21;568710
20140310;74.32;74.5;73.32;73.85;485105
20140311;74.05;74.18;72.58;72.78;651822
20140312;71.59;72.52;71.11;72.08;1057085
20140313;72.28;72.78;70.78;71.23;1074393
20140314;71.03;71.46;69.94;70.82;1371540
20140317;71.04;71.33;70.32;70.71;810616
20140318;70.8;71.95;70.71;71.7;754612
20140319;71.69;71.69;70.4;71.04;1074525
20140320;70.9;72.1;70.9;72.07;1058137
20140321;71.97;72.42;71.88;72.18;1913430
20140324;72.4;73.63;70.65;70.91;1264320
20140325;71.32;71.82;70.3;70.74;934002
20140326;70.96;71.28;68.58;68.64;1053206
20140327;68.36;68.36;67.11;68.08;1624729
20140328;68.34;69.27;68.05;68.96;814976
20140331;69.41;70.57;69.07;70.37;988251
20140401;70.51;71.41;70.46;71.25;918496
20140402;71.23;72.54;71.23;72.33;1094357
20140403;72.54;72.74;71.33;71.88;1204819
20140404;72.35;72.69;70.97;71.31;904228
20140407;71.15;71.15;68.04;68.56;1061098
20140408;68.34;69.16;67.5;68.49;883980
20140409;68.81;69.33;68.35;69.31;628559
20140410;69.35;69.4;66.66;66.85;1229370
20140411;66.33;66.92;65.26;66.31;1140230
20140414;67.13;68.11;66.64;67.5;1078797
20140415;67.6;68;66.03;67.59;1180057
20140416;68.07;68.4;66.91;67.36;1802865
20140417;67.16;67.7;66.5;67.16;1212969
20140421;67.58;68.47;67.28;68.21;912380
20140422;68.44;68.95;67.83;68.49;879606
20140423;69;69;67.14;67.45;1203375
20140424;67.82;67.93;66.15;66.79;1108786
20140425;66.53;66.63;66.16;66.39;766419
20140428;66.68;66.93;65;65.56;1060948
20140429;65.57;65.86;65;65.28;1372862
20140430;65.3;66.78;65.01;66.63;1478291
20140501;66.5;67.14;65.98;66.26;1725865
20140502;66.26;66.94;66.01;66.4;961360
20140505;66.31;67.46;66.22;66.73;913086
20140506;66.49;66.81;66.2;66.42;629372
20140507;66.74;67;65.93;66.95;724912
20140508;66.86;68;66.63;66.76;753672
20140509;66.61;67.04;66.05;66.28;944981
20140512;66.55;68.12;66.5;67.97;1055317
20140513;67.97;68.47;67.22;67.29;765275
20140514;67.36;67.75;66.93;67.14;526815
20140515;67.35;67.63;66.18;66.73;940300
20140516;66.67;67.49;66.36;67.45;889482
20140519;67.24;68.39;67.01;67.7;900763
20140520;67.5;67.7;67.09;67.33;935391
20140521;67.7;68.03;67.3;67.51;546982
20140522;67.55;67.9;67.17;67.19;704954
20140523;67.31;67.6;67.06;67.55;585707
20140527;67.76;68.08;67.41;67.77;744264
20140528;67.85;68.15;67.34;67.98;667632
20140529;68.36;68.86;68.14;68.82;598800
20140530;68.88;69.67;68.79;69.16;1417573
20140602;69.37;70.37;69.1;70.28;953220
20140603;70.14;70.41;69.71;70.3;742252
20140604;70.04;71.05;69.55;69.77;854987
20140605;70.05;70.73;69.61;70.71;447646
20140606;70.82;71.25;70.73;70.96;526900
20140609;71.39;71.86;71.03;71.38;533262
20140610;71.28;71.66;70.69;71.03;549166
20140611;70.07;70.74;69.98;70.58;662383
20140612;70.58;70.85;69.61;69.93;531241
20140613;69.88;70.24;69.5;69.86;385380
20140616;69.83;70.31;69.5;69.7;457556
20140617;69.67;70.68;68.79;70.34;668135
20140618;70.54;70.71;69.55;70.28;577964
20140619;70.66;71.22;70.61;70.95;439455
20140620;71.17;71.73;70.61;71.62;1039261
20140623;71.61;71.61;70.85;71.19;447787
20140624;70.9;71.84;70.22;70.24;538142
20140625;70.24;70.91;70.07;70.85;442622
20140626;71.07;71.07;70.12;70.94;464315
20140627;70.98;71.58;70.6;71.19;714869
20140630;71.51;71.69;71.05;71.49;604800
20140701;71.75;72.82;71.66;72.24;1139977
20140702;72;72.33;70.7;70.94;811548
20140703;70.88;71.4;70.75;70.93;504349
20140707;70.92;71;69.31;69.62;736831
20140708;69.39;69.4;68.82;69;697139
20140709;69.22;69.34;68.63;69.06;482039
20140710;68.32;68.36;67.81;68.17;920404
20140711;68.12;68.78;68.03;68.55;464344
20140714;68.9;68.98;68.2;68.83;544886
20140715;68.51;69.36;67.97;67.99;793674
20140716;68.28;68.28;66.84;67.21;1180666
20140717;66.95;68.11;66.3;66.41;1316428
20140718;66.78;68.24;66.72;67.67;1454386
20140721;67.06;67.16;65.99;66.2;2219696
20140722;68;69.24;65;65.64;2873405
20140723;66.26;66.65;65.77;66.54;2235218
20140724;66.92;70.46;66.9;69.11;2749675
20140725;68.84;69;67.73;67.78;895395
20140728;67.85;67.85;66.56;67.3;804622
20140729;67.32;67.39;66.75;66.93;1040325
20140730;67.37;68.47;67.18;67.3;1036021
20140731;66.59;66.78;65.69;66.16;977101
20140801;66.18;66.93;65.71;66.49;1142451
20140804;66.82;67.55;66.32;67.39;1003124
20140805;66.75;67.16;66.11;66.41;626177
20140806;66.11;67.08;65.75;66.61;491203
20140807;66.87;66.99;65.87;66.26;477006
20140808;66.41;66.66;65.79;66.65;463171
20140811;66.91;66.96;66.09;66.48;615236
20140812;66.24;66.43;65.33;65.84;752376
20140813;65.65;65.84;63.42;64.13;1760726
20140814;64.28;65.75;64.28;65.59;1100629
20140815;66.08;66.08;64.9;65.87;994385
20140818;66.17;66.48;65.98;66.29;658158
20140819;66.04;66.86;65.84;66.12;909020
20140820;66.15;66.32;65.52;65.7;1035918
20140821;65.8;66.55;65.59;66.49;738595
20140822;66.46;66.84;66.15;66.46;1291759
20140825;66.77;66.84;66.35;66.76;761749
20140826;66.74;67.25;66.61;67.07;555586
20140827;67.28;67.51;67.07;67.24;503026
20140828;66.92;67.38;66.78;67.2;329059
20140829;67.4;68.07;67.03;67.99;491580
20140902;68.25;69.37;68.1;68.73;997725
20140903;68.91;69.71;68.75;69.69;1144556
20140904;70;70.62;69.72;70.29;1778995
20140905;70.27;70.45;69.5;70.45;534983
20140908;70.47;70.94;69.87;70.1;591435
20140909;69.86;70.4;69.17;69.22;1228317
20140910;69.43;69.64;68.08;68.71;634107
20140911;68.18;69.89;67.85;69.32;1095756
20140912;69.46;69.46;67.59;67.73;763102
20140915;67.88;67.94;66.86;67.34;812265
20140916;67.21;67.32;66.58;66.74;1093060
20140917;66.69;66.73;64.92;65.53;1502330
20140918;66.07;66.07;65.15;65.37;668223
20140919;65.38;65.76;65;65.4;1216810
20140922;65.47;66.13;65.02;65.07;873627
20140923;65.2;65.31;64.29;64.34;883381
20140924;64.59;64.64;63.63;64.24;1870732
20140925;63.8;64.2;63.11;63.25;773527
20140926;63.81;64.86;63.68;64.8;1379157
20140929;64.43;65.27;64.03;64.86;867831
20140930;64.7;64.81;63.79;63.82;674480
20141001;63.7;63.7;62.71;62.92;1376846
20141002;62.83;62.91;61.98;62.3;1311980
20141003;62.84;63.98;62.69;63.77;1499346
20141006;64.1;64.25;62.68;63.06;1407185
20141007;63.01;63.74;62.63;62.63;1111841
20141008;62.79;63.8;61.92;63.72;1112555
20141009;63.82;63.82;61.86;61.98;1579953
20141010;62.09;62.63;60.73;60.76;1545241
20141013;60.67;60.88;58.79;58.82;1364185
20141014;59.08;59.44;58.25;58.61;1676095
20141015;57.96;59.77;57.06;59.67;3143820
20141016;59.79;62.43;59.55;62.23;2302498
20141017;62.29;63.63;62;62.35;1918457
20141020;62.37;63.21;62.03;63.09;1790693
20141021;63.47;69.4;62.51;69.13;4585744
20141022;69.54;69.88;67.21;67.38;2201490
20141023;68.17;70.26;68.15;69.47;1554820
20141024;69.35;69.73;68.19;69.68;973619
20141027;69.17;69.17;67.91;68.9;928917
20141028;69.16;70.52;68.94;70.47;758474
20141029;70.39;70.82;68.97;69.87;741705
20141030;69.65;72.23;69.25;71.07;1946512
20141031;72.06;72.25;71.28;72.08;838622
20141103;72.17;72.4;71.44;71.77;798624
20141104;71.64;72.8;71.17;72.36;1387461
20141105;73.08;73.09;71.94;72.35;869486
20141106;72.54;73;71.72;72.25;732796
20141107;72.6;73.19;72.21;72.9;674614
20141110;73.07;73.75;72.71;73.72;638378
20141111;73.67;73.74;72.58;72.76;577327
20141112;72.53;73.3;72.25;73.13;469135
20141113;72.99;73.18;72.51;72.85;535466
20141114;72.7;73.04;72.06;72.29;550415
20141117;71.9;72.99;71.9;72.81;493121
20141118;72.74;73.8;72.56;73.6;693271
20141119;73.12;73.71;72.18;73.05;989767
20141120;72.46;73.1;72.26;72.9;669225
20141121;74.02;74.04;72.48;72.98;623207
20141124;72.98;73.86;72.95;73.86;706970
20141125;74;74.67;73.52;74.31;529981
20141126;74.47;74.47;73.11;73.73;476628
20141128;73.78;74.35;73.33;74.28;301476
20141201;74.25;74.25;73.23;73.23;509605
20141202;73.21;74.89;73;74.87;585490
20141203;74.78;76.8;74.66;76.59;1003007
20141204;76.76;78.5;76.68;77.78;1794351
20141205;77.79;78.27;77.57;78.01;962012
20141208;78.01;78.3;77.1;77.46;998871
20141209;76.16;76.6;75.79;76.52;1103843
20141210;76.52;77.36;76.01;76.21;670951
20141211;76.59;77.6;76.41;76.92;468442
20141212;76.27;76.9;75.93;75.99;905820
20141215;76.51;77.2;75.6;76.15;651328
20141216;76.13;77.74;75.5;76.55;970228
20141217;76.34;78.11;75.89;77.95;743010
20141218;78.94;79.34;78.43;79.32;891650
20141219;79.38;79.74;79;79.45;1224471
20141222;79.54;79.95;79.37;79.69;534501
20141223;80;80.14;78.51;79.01;930684
20141224;79.11;79.49;78.83;78.9;303731
20141226;79.18;79.44;78.86;79.15;379075
20141229;79.06;79.61;78.93;79.11;277518
20141230;79.32;79.46;78.87;78.94;305891
20141231;79.4;79.4;78.01;78.05;490713
20150102;78.73;79.02;77.39;78.29;469468
20150105;77.79;78.1;76.89;77.57;591999
20150106;77.56;77.96;76.29;76.86;829987
20150107;77.17;77.65;75.95;76.78;518723
20150108;77.66;78.95;77.56;78.72;1067969
20150109;78.43;79.12;78.24;78.56;519921
20150112;78.6;79.11;78.11;78.86;617096
20150113;79.39;80.61;78.31;78.81;776910
20150114;78.02;79.29;77.76;78.8;751350
20150115;79.2;80.05;78.5;79.03;1157732
20150116;78.6;80.48;78.53;80.37;831383
20150120;81.11;81.65;80.22;81.23;693490
20150121;80.86;82.1;80.69;81.88;765114
20150122;81.7;82.55;81.07;82.53;715268
20150123;82.49;82.63;79.97;80.06;912659
20150126;81.91;82.62;80.62;81.56;1385674
20150127;74.01;77.05;73.03;76.33;5057700
20150128;76.91;79.1;76.55;76.59;2019499
20150129;76.21;76.5;74.88;76.43;1096787
20150130;75.94;76.6;75.32;75.85;843930
20150202;75.96;76.5;74.29;75.34;1105386
20150203;75.5;76.33;75.4;75.87;1103250
20150204;75.61;76.95;75.47;76.43;930093
20150205;76.98;77.69;76.68;77.56;992249
20150206;77.53;77.96;77.35;77.77;774605
20150209;77.56;77.89;77.16;77.49;508123
20150210;77.99;79.08;77.51;78.93;592800
20150211;78.84;79.57;78.64;79.21;644207
20150212;80.18;81.56;79.31;81.03;1644888
20150213;81.38;82.93;81.29;82.89;945376
20150217;82.6;82.99;82.1;82.22;692643
20150218;82.23;83.7;81.62;83.63;654417
20150219;83.62;83.89;82.69;83.05;839411
20150220;83.01;83.7;81.78;83.67;984019
20150223;82.81;84.88;82.12;84.24;1708675
20150224;83.78;83.78;82.3;82.89;852732
20150225;82.64;82.76;81.67;82.1;586238
20150226;82.35;83.15;82.12;82.71;932355
20150227;84.14;84.3;82.73;82.86;792252
20150302;82.75;83.25;81.68;83.06;876484
20150303;82.8;82.88;81.12;81.51;647030
20150304;81.37;81.37;79.4;80.29;558386
20150305;80.12;80.42;78.3;79.08;996850
20150306;78.59;78.62;77.02;77.83;1130438
20150309;78.39;78.92;77.71;78.23;622304
20150310;77.82;78.48;77.05;77.83;785222
20150311;77.37;78;77.18;77.56;801463
20150312;78.01;79.71;77.58;79.58;791033
20150313;79.31;79.54;77.87;78.47;771450
20150316;78.96;79.35;77.58;78.27;978068
20150317;78.14;78.81;77.2;77.98;737263
20150318;77.98;79.94;77.6;79.66;767141
20150319;79.4;79.76;78.39;79.04;485081
20150320;79.31;81.01;78.72;80.86;1406096
20150323;81.14;81.25;78.9;78.94;827036
20150324;78.59;79.33;78.28;78.75;569519
20150325;78.81;78.96;76.51;76.68;761975
20150326;76.59;77.51;76.01;77.34;511255
20150327;76.99;77.88;76.76;77.79;665093
20150330;78.1;79.11;77.97;78.85;758315
20150331;78.22;78.76;78;78.19;784737
20150401;77.87;77.96;76.11;76.79;854555
20150402;76.87;77.33;75.83;76.24;897504
20150406;75.9;77.4;75.77;77.24;608434
20150407;77.12;77.32;76.48;76.53;544813
20150408;76.53;78.34;76.03;78.34;740612
20150409;78.13;78.93;78.04;78.28;759629
20150410;78.1;78.88;77.91;78.75;586583
20150413;78.95;78.98;78.35;78.5;378657
20150414;78.49;78.56;76.32;76.9;774566
20150415;77.06;77.59;76.58;76.62;801128
20150416;76.22;77.33;76.12;77.16;937428
20150417;76.76;76.93;76.26;76.76;712598
20150420;77.06;77.3;76.4;77.02;1059528
20150421;72.48;72.48;68.43;69.02;6232327
20150422;70.25;72.7;69.31;70.68;5080046
20150423;70.23;70.99;69.92;70.04;1638085
20150424;70.06;70.33;69.79;70;1705207
20150427;70.19;70.56;69.23;69.34;1047128
20150428;69.4;69.41;68.17;68.32;2416715
20150429;68.06;68.72;67.39;68.53;1835924
20150430;68.26;69.64;68.11;69.19;1407437
20150501;69.31;70.31;69.31;69.87;712638
20150504;69.76;70.43;69.62;70.17;775062
20150505;70.2;70.2;67.48;68.02;3206986
20150506;68.07;69.2;67.21;69.02;1717634
20150507;69.03;69.63;68.82;69.2;904561
20150508;69.76;70.45;69.2;69.92;831569
20150511;69.51;69.91;69.29;69.63;498010
20150512;69.35;69.41;68.73;68.9;602414
20150513;69.55;70.02;69.18;69.63;1151814
20150514;70.37;70.82;70.02;70.69;774596
20150515;70.51;70.78;69.55;70.54;791556
20150518;69.97;70.83;69.75;70.71;951830
20150519;70.78;70.86;70.19;70.38;623537
20150520;70.67;71;70.35;70.92;853321
20150521;70.98;71.33;70.57;70.97;714254
20150522;70.59;71.11;70.29;70.62;744911
20150526;70.53;70.92;69.78;70.08;1436441
20150527;70.13;70.66;69.79;70.62;1121553
20150528;70.41;70.94;70.02;70.5;746676
20150529;70.43;70.59;68.59;69.18;4000186
20150601;69.41;69.52;67.39;68.24;1431752
20150602;68.09;68.31;67.68;68.21;1118184
20150603;68.01;68.81;67.81;68.5;668594
20150604;67.74;68.25;67.56;68.17;1126812
20150605;67.93;68.57;67.54;68.53;913953
20150608;68.42;68.7;67.78;67.8;530113
20150609;67.64;67.74;67.07;67.12;556807
20150610;67.44;68.03;67.26;67.73;587946
20150611;67.49;68.12;67.49;68.06;716765
20150612;67.86;68.06;67.41;67.66;496811
20150615;67.08;67.51;66.67;66.8;647615
20150616;66.8;67.4;66.66;67.14;710604
20150617;67.34;68.01;67.19;68.01;808517
20150618;68.16;68.52;67.97;68.51;744334
20150619;68.64;69.38;68.5;69.2;1419492
20150622;68.5;69.03;66.5;66.92;2964650
20150623;66.88;67.5;66.53;66.8;1231333
20150624;66.6;67.02;65.87;65.89;899461
20150625;66.14;66.26;65.1;65.17;1120399
20150626;65.4;65.55;63.66;63.81;1926086
20150629;63.32;64.08;62.55;62.57;1809444
20150630;63.3;63.6;62.48;62.49;1989111
20150701;63.29;64.21;62.94;63.87;1368179
20150702;63.91;64.41;63.68;63.83;782511
20150706;63.48;64.15;63.12;63.44;717726
20150707;63.38;64.21;62.84;64.14;789266
20150708;63.62;63.95;62.6;62.65;921250
20150709;63.19;63.71;62.2;62.43;937246
20150710;63.03;63.43;62.33;62.98;1444605
20150713;63.61;63.98;63.02;63.89;835893
20150714;64.05;64.62;63.89;64.46;852691
20150715;64.5;64.84;63.56;63.95;877868
20150716;64.46;66.24;64.4;66.04;2042349
20150717;65.8;65.96;65.25;65.48;1084241
20150720;65.3;66.6;65.3;66.12;1393712
20150721;65.85;66.09;65.26;65.48;975493
20150722;72.02;72.35;69.05;70.89;4127561
20150723;71.39;71.39;69.57;69.68;1526205
20150724;69.81;69.94;69.26;69.46;1385604
20150727;69.35;69.57;68.62;69.16;875452
20150728;69.49;70.13;69.02;69.84;810197
20150729;69.68;70.99;69.3;70.81;1066164
20150730;70.83;70.95;70.33;70.73;1101872
20150731;70.86;71.2;70.42;70.79;771806
20150803;70.78;70.97;69.54;70.04;540649
20150804;69.77;70.87;69.77;70.32;408426
20150805;70.4;71.01;69.99;70.71;589053
20150806;70.49;70.69;69.52;70.61;753381
20150807;70.63;71.27;70.23;71.25;820306
20150810;71.42;72.59;70.78;72.44;1003047
20150811;72.17;72.64;71.48;72.46;913004
20150812;71.67;71.97;70.59;71.82;732763
20150813;71.85;72.62;71.39;72.11;736852
20150814;71.79;73.35;71.71;73.2;700315
20150817;72.68;73.6;72.5;73.37;496247
20150818;73.06;73.26;72.61;72.91;369286
20150819;72.67;72.89;71.7;72.43;456836
20150820;71.75;71.92;70.95;71.15;859637
20150821;70.57;70.9;69.65;69.92;1130048
20150824;69.17;69.17;64.7;66.4;1259932
20150825;68.31;68.31;63.76;63.81;1756829
20150826;64.4;65.62;62.22;64.49;1956418
20150827;65.41;66.87;65.09;66.3;1293516
20150828;66.27;67.71;66.04;67.48;1035128
20150831;67.4;68.33;66.67;67.11;1120202
20150901;66.28;66.54;64.84;65.02;1035753
20150902;65.82;66.66;64.61;65.54;747315
20150903;65.6;66.56;65.28;65.5;629247
20150904;64.76;65.1;64.21;64.57;347796
20150908;65.79;66.19;64.91;66.18;549817
20150909;66.68;66.89;65.24;65.42;579889
20150910;65.5;66.25;65.25;65.82;939814
20150911;65;65.92;65;65.53;867394
20150914;65.45;66.02;65.19;65.83;803917
20150915;65.11;66.65;65.11;66.23;1022355
20150916;66.24;66.69;65.93;66.17;698989
20150917;66.14;66.62;65.33;65.5;807708
20150918;64.7;65.26;64.1;64.24;1122307
20150921;64.56;65.59;63.99;64.16;629041
20150922;63.3;63.97;62.51;62.81;730365
20150923;62.99;63.1;62.16;62.47;484194
20150924;61.91;62.01;60.06;61;795515
20150925;61.59;61.94;61.01;61.3;617908
20150928;60.99;61.09;59.19;59.34;681811
20150929;59.25;59.8;58.29;59.49;793606
20150930;60.17;60.74;59.41;60.16;865302
20151001;60.42;62.71;59.54;61.24;925838
20151002;60.65;62.63;60.21;62.53;1088544
20151005;63.11;63.98;62.56;63.63;628289
20151006;63.38;63.62;62.5;62.83;538058
20151007;63.48;64.42;63.18;64.02;660166
20151008;63.98;65.33;63.65;65.03;622400
20151009;65.93;70.04;65.19;69.72;2463877
20151012;69.35;69.35;66.58;68.52;1110504
20151013;68.15;69.3;67.89;68.07;695408
20151014;68.1;69.3;67.91;68.74;696982
20151015;68.69;69.26;68.4;68.9;727412
20151016;69.1;69.44;68.57;69.34;811005
20151019;69.11;69.28;67.92;69.05;1012580
20151020;69.03;69.61;68.04;68.22;952946
20151021;64.87;66.6;63.14;64.3;2960905
20151022;64.59;65.05;63.89;64.83;987950
20151023;65.25;67.17;64.75;66.63;1855877
20151026;66.48;67.89;66.38;67.46;1018048
20151027;66.94;67.53;65.62;66.99;1288854
20151028;67.29;68.07;66.46;67.63;1001177
20151029;67.57;68.47;67.13;68.04;777613
20151030;68.07;69.21;67.78;68.45;813109
20151102;68.61;69.54;68.39;69.15;897427
20151103;68.91;68.91;67.1;67.31;923210
20151104;67.6;68.28;67;67.33;931659
20151105;67.34;67.76;66.72;67.2;740494
20151106;67.19;67.44;66.25;67.02;807577
20151109;67.16;67.31;65.62;66.48;497556
20151110;66.22;66.97;65.21;66.25;797913
20151111;66.37;67.5;66.25;66.9;616934
20151112;66.38;66.5;64.56;64.6;483590
20151113;64.49;65.56;64.34;64.93;637691
20151116;64.8;65.08;63.77;64.51;810288
20151117;64.81;65.79;63.23;63.37;1160571
20151118;63.61;65.69;63.5;65.63;789868
20151119;65.88;66.71;65.38;66.47;825499
20151120;66.73;67.3;66.56;67.28;684223
20151123;67.25;67.93;66.98;67.27;590625
20151124;67.16;68.78;66.69;68.38;1171750
20151125;67.91;69.09;67.13;67.41;498723
20151127;67.74;68.21;67.17;68;211944
20151130;67.97;68.49;67.73;67.99;792664
20151201;68.12;69.13;68.01;68.85;578871
20151202;68.62;68.81;67.36;67.46;653518
20151203;67.75;67.9;66.23;66.77;775130
20151204;66.8;67.46;66.46;67.07;494163
20151207;66.7;67.03;66;66.93;374088
20151208;66;66.25;65.42;65.65;509852
20151209;65.06;66.7;65;65.79;601536
20151210;65.73;66.36;65;65.25;707398
20151211;64.96;65.68;64.46;65.09;649663
20151214;65.18;65.22;63.31;63.79;727564
20151215;64.4;64.69;63.59;64.22;598400
20151216;64.76;65.34;64.28;65.06;694708
20151217;64.63;65.29;61.84;61.96;1225424
20151218;61.5;61.85;59.75;59.86;2451902
20151221;60.44;61.15;59.77;60.92;1093776
20151222;60.83;62.78;60.75;62.7;1307410
20151223;62.37;63.89;62.06;63.84;929057
20151224;63.75;64.6;63.45;64.3;355887
20151228;64.27;64.41;63.47;64.37;499255
20151229;64.92;65;63.8;63.94;759625
20151230;63.78;64.49;63.5;64;651804
20151231;63.62;64.25;62.86;63.05;736492
20160104;62.01;62.55;61.45;62.35;778715
20160105;62.66;62.67;61.8;62.29;744852
20160106;61.31;61.8;60.4;60.93;844837
20160107;59.76;60.54;59.06;59.49;1071500
20160108;60.31;60.97;58.22;58.24;1515834
20160111;58.55;60.08;58.43;59.5;1505511
20160112;60.23;60.87;58.41;59.5;934189
20160113;59.62;60.13;57.61;57.65;992233
20160114;57.98;58.57;56.84;58.16;687200
20160115;56.48;59.08;56.41;58.46;1443839
20160119;59.13;59.25;56.57;57.34;813942
20160120;56.41;57.62;54;56.98;1109227
20160121;56.9;57.76;55.83;55.95;1298724
20160122;57.08;58.15;56.55;57.66;1673885
20160125;53.37;53.82;49.9;50.19;3765769
20160126;49.87;52.25;48.73;49.7;3958421
20160127;49.47;51.14;49.27;49.8;2587083
20160128;50.39;50.54;48.53;48.88;1311502
20160129;49.01;50.83;48.29;50.83;1702455
20160201;50.15;51.22;48.93;51.01;1594771
20160202;50.28;50.31;49.22;49.91;1332361
20160203;50.44;50.89;48.19;49.42;1280276
20160204;49.29;50.55;48.93;50.44;1715118
20160205;50.44;51.17;50;50.64;1272807
20160208;50.01;50.06;48.9;49.73;1603562
20160209;49.11;50.08;48.62;49.84;1727796
20160210;49.5;50.21;48.36;48.82;1356405
20160211;47.96;48.42;45.84;46.07;2258311
20160212;46.86;47.43;46.36;46.6;2191978
20160216;47.14;47.77;46.72;47.39;1681248
20160217;47.83;48.52;47.7;47.96;881680
20160218;48.24;48.41;46.78;47.16;1650917
20160219;47.04;47.04;44.32;45.15;2735057
20160222;45.86;46.04;45.23;45.72;1608982
20160223;45.53;45.9;44.92;45.82;1737088
20160224;45.38;47.4;45.04;47.29;2227855
20160225;47.32;47.8;46.75;47.46;1251471
20160226;47.89;48.8;47.71;48.33;1916120
20160229;48.42;49.02;47.81;48.5;1466002
20160301;49.02;50.48;48.73;50.48;1754769
20160302;50.22;51.55;50.03;50.72;1408957
20160303;50.7;52.52;50.51;52.44;1340367
20160304;52.16;53.31;52.15;52.69;1428315
20160307;52.48;53.52;52.27;53.43;1264959
20160308;52.95;53.04;51.75;52.62;1420236
20160309;52.73;55.11;52.51;55.01;2789286
20160310;55.37;55.37;53.39;54.36;1268298
20160311;54.26;55.94;53.87;55.42;1421441
20160314;55.15;55.96;55.09;55.11;1604266
20160315;54.99;55.36;53.7;54.29;1702656
20160316;54.29;56.16;54.24;55.9;1277490
20160317;56;57.58;55.88;57.29;957810
20160318;57.28;57.83;56.45;57.2;5306128
20160321;57.01;58.5;57.01;58.26;1147479
20160322;57.82;59.01;57.71;58.98;1151619
20160323;58.82;59.46;58.33;58.39;1308753
20160324;57.86;58.83;57.27;58.71;957968
20160328;58.91;59.29;58.19;58.94;782706
20160329;58.62;60.39;58.45;60.19;1266336
20160330;60.26;60.49;59.1;59.44;1115347
20160331;59.38;61;59.05;60.4;1279411
20160401;60.01;60.74;59.38;60.73;999411
20160404;60.68;60.94;60.34;60.45;741870
20160405;59.75;60.07;58.44;58.89;1035364
20160406;58.88;59.92;58.49;59.83;896047
20160407;59.2;59.7;58.65;58.99;962465
20160408;59.56;60.65;59.49;60.18;679072
20160411;60.12;60.7;59.67;60.06;696190
20160412;59.96;60.94;59.49;60.68;750631
20160413;61.21;61.84;60.65;61.77;745065
20160414;61.74;61.76;60.6;61.19;617545
20160415;60.98;62.34;60.38;62.27;986102
20160418;61.91;62.85;61.8;62.58;669393
20160419;62.85;63.53;62.29;63.09;735465
20160420;62.92;63.47;62.65;62.7;1012633
20160421;64.5;67;63.75;63.85;1619832
20160422;64.25;65.88;64.05;65.68;950037
20160425;66.13;66.67;64.69;65.11;703548
20160426;65.45;66.52;65.23;65.93;654836
20160427;66.14;66.93;65.6;66.16;642019
20160428;65.52;66.78;65.1;65.85;625152
20160429;65.79;66.4;64.7;64.88;1190181
20160502;65.26;66.13;64.78;66.12;861615
20160503;65.45;65.71;64.71;65.38;719757
20160504;65.05;65.77;64.13;64.75;805950
20160505;64.88;65.34;64.37;64.95;526711
20160506;64.82;65.61;64.77;65.28;473050
20160509;65.05;66.11;65.04;65.6;610311
20160510;65.76;66.81;65.74;66.75;719480
20160511;66.68;67.05;66.06;66.16;456258
20160512;66.63;67.18;65.9;66.33;504800
20160513;65.96;66.38;65.06;65.32;391693
20160516;65.32;66.74;65.18;66.45;603431
20160517;65.97;65.97;64.23;65.08;1443777
20160518;64.83;65.49;64.2;64.39;1235500
20160519;64;64.87;63.12;64.13;748392
20160520;64.45;65.21;63.9;65.13;813079
20160523;65.26;66.12;64.93;65.35;675176
20160524;65.76;66.23;65.48;65.81;583960
20160525;66.31;67.86;66.09;67.61;717013
20160526;67.68;67.99;67.11;67.54;688013
20160527;67.4;68.41;67.4;68.33;616340
20160531;68.37;68.99;67.8;68.23;1098703
20160601;67.77;68.96;67.35;68.96;640625
20160602;68.85;69.64;68.49;69.48;1000121
20160603;69.55;69.68;68.69;69.26;1328245
20160606;69.49;69.95;69.09;69.75;959678
20160607;70;71.3;69.77;71.08;1234776
20160608;71.22;71.31;70.66;70.81;1063781
20160609;70.48;70.61;69.55;69.64;870352
20160610;69.07;69.16;68.36;69.11;1443439
20160613;68.38;68.55;65.92;66.02;1537843
20160614;65.9;65.99;64.83;65.69;1050378
20160615;66.1;66.15;65.25;65.42;1472223
20160616;65.09;65.59;64.66;65.55;771226
20160617;65.44;65.83;64.89;65.75;1306976
20160620;66.52;67.9;66.52;67.57;1045638
20160621;67.74;68.03;67.36;67.75;1307750
20160622;67.87;68.94;67.68;68.22;1468680
20160623;68.61;69.22;68.57;69.05;1139284
20160624;66.26;67.63;65.74;66.03;1025938
20160627;65.3;65.61;62.54;62.89;1225175
20160628;63.38;64.04;62.41;63.67;2194083
20160629;64.6;66.01;64.42;65.86;1083753
20160630;66.09;66.93;65.69;66.93;1162860
20160701;66.56;67.16;66.34;67.13;849861
20160705;66.8;67.03;65.25;65.44;970758
20160706;65.44;68.48;65.12;68.48;1648961
20160707;68.73;69.98;68.4;68.71;829283
20160708;69.25;70.2;68.95;70.14;584252
20160711;70.43;70.83;69.6;69.74;694658
20160712;70.3;71.09;70.02;70.64;831464
20160713;71.15;71.15;70.3;70.98;486407
20160714;71.61;72;71.36;71.83;819270
20160715;72.33;75.08;72.33;74.03;1376660
20160718;73.41;73.75;72.65;73.67;825141
20160719;73.52;73.79;72.8;73.17;718749
20160720;73.41;74.25;73.1;73.78;840696
20160721;75.25;76;73.75;73.81;1717025
20160722;73.82;74.53;73.41;74.34;752580
20160725;74.38;74.59;73.6;74.03;439855
20160726;74.26;75.5;73.99;75.3;996197
20160727;75.5;75.85;74.48;75.08;625994
20160728;75.11;75.46;74.23;74.92;523944
20160729;74.67;75;74.08;74.69;712171
20160801;74.76;74.98;73.7;74.43;798968
20160802;74.43;74.43;73.44;73.82;675460
20160803;73.68;74.46;73.34;74.04;538676
20160804;74.32;75.44;74.21;74.25;716861
20160805;74.84;75.59;74.57;74.63;535145
20160808;74.48;75.13;74.11;74.62;707044
20160809;74.81;75.65;74.8;75.5;647683
20160810;75.69;77.29;75.54;76.33;832245
20160811;76.75;77.4;76.22;76.96;608342
20160812;76.88;76.99;76.02;76.16;791252
20160815;76.27;76.89;75.94;75.97;768479
20160816;76.27;77.4;76.2;76.86;741184
20160817;77.09;77.4;76.6;77.27;482351
20160818;77.32;77.7;76.85;77.64;637693
20160819;77.13;77.97;76.61;77.79;554145
20160822;76.94;77.19;74.95;76.51;960544
20160823;77;77.73;76.79;77.09;456673
20160824;77.09;77.48;75.88;76.01;571255
20160825;76.02;79.16;75.7;78.69;1831972
20160826;78.78;80.25;77.73;79.36;1464847
20160829;79.4;79.92;78.78;78.91;655811
20160830;79;79.65;78.34;79.42;631345
20160831;79.42;79.43;77.77;78.63;931217
20160901;78.78;79.42;78.35;78.94;923475
20160902;79.54;79.8;78.93;79.67;749709
20160906;80.24;80.79;79.99;80.55;727472
20160907;80.45;81.32;79.97;81.31;779926
20160908;80.75;81.78;80.47;80.86;725508
20160909;80.29;80.34;78.87;78.91;883957
20160912;78.61;80.83;78.26;80.42;732100
20160913;79.58;80.59;78.27;79.16;937492
20160914;79.12;79.64;78.07;78.63;473755
20160915;78.86;80.36;78.86;80.03;601689
20160916;79.84;82.06;79.74;80.06;1318965
20160919;80.81;81.54;80.27;80.4;543013
20160920;80.78;81.1;79.65;79.77;377250
20160921;80.18;81.79;80.09;81.66;569618
20160922;80.81;81.4;80;80.64;947455
20160923;82.44;82.77;81.34;82.29;931683
20160926;81.66;82.4;81.62;81.98;1001998
20160927;81.9;82;80.11;80.76;1143196
20160928;81.3;81.79;80.31;81.66;609564
20160929;81.31;81.54;79.3;79.72;833117
20160930;80.25;81.68;79.99;81.26;755067
20161003;81.39;81.74;80.92;81.09;654972
20161004;81.29;81.77;80.25;80.83;727483
20161005;81.35;81.68;78.2;79.29;1230248
20161006;79.19;81.66;79.19;81.02;901452
20161007;80.83;81.1;79.82;80.62;851449
20161010;81.03;81.7;80.53;81.45;636682
20161011;81.12;81.23;79.92;80.61;631008
20161012;81.09;82.88;81;82.28;791540
20161013;81.53;81.74;80.04;81.35;675639
20161014;81.78;83.13;81.78;82.6;797535
20161017;83.5;84.69;82.94;83.33;993789
20161018;84.72;85.4;83.7;83.77;1548034
20161019;84.36;85.55;83.42;85.54;1140658
20161020;84.49;85;80.62;81.13;1624518
20161021;80.55;82.11;79.92;81.54;903063
20161024;82.74;84.4;82.43;82.64;1422535
20161025;82.28;82.32;80.47;80.88;1123302
20161026;80.49;81.71;80.11;81.05;593892
20161027;80.8;80.98;80.01;80.97;918136
20161028;80.95;82.59;80.95;81.51;698713
20161031;81.69;82.64;81.67;82.5;918019
20161101;82.63;82.96;79.94;80.33;799807
20161102;80.08;80.89;79.7;79.73;632263
20161103;79.5;79.69;78.58;78.67;913528
20161104;78.58;79.93;78.03;79.07;885874
20161107;79.98;80.35;78.42;79.34;1010406
20161108;78.86;80.48;78.86;80.14;688501
20161109;79.34;82.77;79.24;82.27;887047
20161110;82.89;83.94;82.08;82.12;699870
20161111;82;82.69;81.55;82.6;744378
20161114;83.14;86.16;83.14;85.97;1378473
20161115;85.45;86.12;84.24;85.92;762655
20161116;86.25;87.38;85.66;85.72;679025
20161117;86.21;87.65;85.3;86.78;848157
20161118;86.77;87.75;86.36;87.51;636503
20161121;86.82;87;85.8;86.29;883420
20161122;86.45;86.5;84.15;84.67;1374613
20161123;84.64;85.61;84.52;84.72;798122
20161125;84.89;85.5;84.85;85.43;411750
20161128;85.05;85.65;84.87;85.4;891183
20161129;85.11;86.2;84.85;85.64;772454
20161130;85.83;85.89;84.72;84.76;768660
20161201;84.94;85.55;84.7;85.19;856417
20161202;85.27;87.12;85.02;87.07;980691
20161205;87.82;88.29;86.99;87.15;915711
20161206;87.55;87.64;86.02;86.94;688448
20161207;87.18;88.41;86.91;87.29;1183108
20161208;87.46;88.02;87.08;87.33;957234
20161209;87.35;88.03;86.93;87.38;711985
20161212;87.68;88.13;86;86.48;874132
20161213;86.31;87.06;85.64;86.59;588160
20161214;86.81;87.49;85.83;86.16;769936
20161215;86.24;87.45;86.02;86.53;1426257
20161216;86.59;87.25;86.3;86.46;1655878
20161219;86.27;87;86.18;86.75;982967
20161220;87;87;86.11;86.72;582955
20161221;86.23;87.01;85.99;86.51;802106
20161222;86.53;86.85;85.43;85.98;377200
20161223;85.96;86.62;85.77;86.48;281619
20161227;86.78;87.01;86.45;86.66;578931
20161228;87.12;87.22;84.98;85.19;394687
20161229;85.15;85.59;84.61;85.06;550087
20161230;85.49;85.57;84.28;84.82;372647
20170103;85.16;85.9;84.01;85;1053646
20170104;85.44;86.44;85.05;86.37;925849
20170105;86.37;87.04;84.68;85.33;605185
20170106;85.37;87.45;85.15;87.2;773456
20170109;86.9;88.47;86.34;87.77;1083893
20170110;87.7;88.58;87.36;87.98;861677
20170111;88.06;89.28;87.88;88.52;566231
20170112;88.1;88.8;85.99;86.88;654448
20170113;86.96;88.02;86.61;87.22;438779
20170117;86.82;86.82;85.4;85.67;661858
20170118;85.83;86.92;85.37;86.66;561750
20170119;86.7;87.62;85.36;85.76;410238
20170120;86.17;86.97;85.76;86.05;739115
20170123;86.44;88.46;86.41;88.33;669016
20170124;88.94;92.27;88.82;92.08;1358509
20170125;95.5;95.5;93.01;94.7;1152529
20170126;94.63;94.94;93.27;94.02;878552
20170127;94.3;94.69;93.33;93.58;713233
20170130;93.5;93.5;91.48;91.82;1286440
20170131;94.83;96.87;90.93;92.18;2027667
20170201;91.97;93.62;91.05;93.1;1190258
20170202;92.87;93.45;91.07;93.37;959318
20170203;94.25;94.95;93.71;94.22;723452
20170206;92.6;94.43;89.83;94.2;1201808
20170207;94.14;96.54;93.85;95.08;1119534
20170208;95.09;95.37;90.95;94.18;3162136
20170209;93.96;93.96;91.4;93.75;1159852
20170210;93.84;94.5;92.76;94.09;588981
20170213;94.43;96.04;93.7;94.87;1000536
20170214;94.42;95.39;94.27;95.14;426373
20170215;95.43;96.13;95.26;95.46;704554
20170216;95.93;96.73;95.58;96.62;778909
20170217;96.04;96.59;94.43;95.26;786351
20170221;95.2;96;94.89;95.81;722761
20170222;95.39;95.64;93.65;94;1246061
20170223;94.8;95.22;93.35;93.99;783293
20170224;93.68;94.15;92.94;93.45;614803
20170227;93.45;94.19;93.15;93.66;706180
20170228;93.42;93.99;92.18;92.43;971606
20170301;93.35;93.95;92.85;93.75;1132286
20170302;93.75;93.9;93.12;93.5;866311
20170303;93.84;94.16;92.96;93.74;674808
20170306;93.64;93.92;91.55;92.34;741330
20170307;92.5;93.1;91.66;92.45;1178920
20170308;92.83;93.61;92.65;92.97;796095
20170309;92.97;93.36;92.24;92.78;673225
20170310;93.34;94.13;92.02;92.18;770187
20170313;92.33;92.33;91.57;92.02;737341
20170314;91.73;92.47;91.33;91.85;588440
20170315;91.92;93.44;91.87;92.9;827357
20170316;93.36;93.39;92.13;92.41;686159
20170317;92.48;92.9;92.13;92.36;2332359
20170320;92.73;94.56;92.06;94.41;755251
20170321;94.56;95;90.97;91.54;687369
20170322;91.66;92.21;91;92.12;1077648
20170323;92.12;93.25;91.65;92.44;431706
20170324;91.79;92.11;89.83;90.41;754364
20170327;89.33;89.6;88.47;89.21;1121764
20170328;88.91;91.42;88.8;90.81;848626
20170329;90.5;90.91;89.83;90.05;611513
20170330;90.12;91.3;90.12;91.11;555621
20170331;90.9;92.26;90.58;91.62;739553
20170403;91.7;92.09;90.14;90.79;608890
20170404;90.43;91.58;90.3;91.16;808270
20170405;91.4;92.17;90.76;90.82;467290
20170406;90.77;92.25;90.52;91.77;487036
20170407;91.45;91.97;90.76;91.04;774348
20170410;91.33;91.63;90.44;91;662392
20170411;90.97;91.22;90.52;91.01;584063
20170412;91.06;91.22;89.73;90.18;588942
20170413;90.16;90.5;89.74;90.02;714503
20170417;90.59;91.37;90.28;91.31;563085
20170418;91.89;93.64;91.72;92.48;705866
20170419;93.19;94.21;92.59;93.61;731308
20170420;93.85;94.79;93.75;93.84;658885
20170421;94.01;94.16;93.32;93.73;514720
20170424;95;95.25;93.9;94.08;760865
20170425;94.92;95.5;94.05;94.36;553102
20170426;94.65;95.52;93.74;94.54;617202
20170427;99.25;101.01;97.79;100.24;1296535
20170428;100.25;100.28;98.5;98.78;1053889
20170501;98.96;99.39;98.22;98.63;645824
20170502;98.67;99.23;98.49;98.78;437559
20170503;98.6;98.93;98.31;98.91;818734
20170504;98.97;100.92;98.89;100.52;824011
20170505;100.96;102.5;100.51;102.2;946798
20170508;102.1;102.42;100.77;101.31;622783
20170509;101.32;101.62;100.53;100.6;464268
20170510;100.49;102.83;100.46;102.69;605783
20170511;102.49;102.72;101.92;102.49;586379
20170512;101.94;102.38;101.62;102.32;431390
20170515;102.31;103.16;102.15;102.88;532626
20170516;103.11;103.17;101.75;102.89;501218
20170517;101.75;101.99;100.5;100.55;501827
20170518;99.99;100.04;98.1;99.22;797090
20170519;99.22;99.9;99;99.35;855408
20170522;99.6;100.37;99.23;99.91;674595
20170523;100.09;100.29;99.25;100;605877
20170524;100.19;101.7;100.15;101.62;565653
20170525;101.65;102.74;101.51;101.97;391458
20170526;101.98;102.42;101.41;102.18;331893
20170530;102.02;102.85;101.55;102.32;373913
20170531;102.67;102.78;101.56;102.16;773418
20170601;102.25;104.06;102.11;104;355406
20170602;103.96;104.88;103.66;104.2;359168
20170605;104.2;104.8;103.96;104.09;568640
20170606;104.07;104.64;102.89;103.37;526330
20170607;103.47;104.47;103.32;103.75;625293
20170608;103.59;104.18;102.97;103.77;418407
20170609;104.39;105.77;104.03;104.95;598920
20170612;104.8;105.77;104.66;105.2;780768
20170613;104.67;105.81;104.4;105.76;441929
20170614;106.58;106.58;104.53;104.95;503833
20170615;104.73;106.33;104.29;105.37;515526
20170616;105.56;107.69;105.44;107.57;1008034
20170619;108.56;108.9;107.58;108.3;574984
20170620;108.18;108.42;107.37;107.9;492675
20170621;107.97;108.22;107.15;107.71;438250
20170622;107.92;108.09;107.05;107.73;483909
20170623;107.87;109.55;107.31;109.43;1192300
20170626;110;111.41;109.57;111.08;982285
20170627;110.99;111.34;110.46;110.61;1145676
20170628;111.23;113.52;111.03;112.77;948489
20170629;112.97;112.97;110.85;111.55;1109266
20170630;112.14;112.24;110.78;111.39;843234
20170703;111.71;113.06;111.36;112.11;271102
20170705;112.24;112.92;111.3;111.89;548194
20170706;111.42;111.92;110.61;110.84;498350
20170707;110.99;111.47;110.72;110.92;696476
20170710;110.29;113.43;110.01;112.46;975072
20170711;112.71;112.71;110.77;111.29;671098
20170712;112.08;112.76;111.07;111.84;552336
20170713;112.51;114.31;112.48;113.31;833340
20170714;113.46;113.58;112.98;113.11;377194
20170717;112.71;113.25;111.94;112.84;518387
20170718;112.21;112.47;111.04;111.51;809611
20170719;112.04;112.52;111.77;112.28;756937
20170720;111.96;111.96;109.53;110.46;1590315
20170721;110.21;110.57;108.75;109.46;1162208
20170724;110.55;110.78;108.92;108.99;1476384
20170725;109.66;109.71;108.25;108.58;22606474
20170726;108.75;109.64;107.51;108.8;2137102
20170727;107.76;112.33;105.81;110.55;1473014
20170728;110.62;111.49;109.03;109.77;2008514
20170731;110.3;110.7;109.1;109.48;1159075
20170801;109.71;110.43;108.84;110.05;1017585
20170802;109.64;110.54;108.8;110.23;735337
20170803;110.11;111.35;109.64;110.08;702899
20170804;110.45;110.78;108.8;109.08;941062
20170807;109.36;110.12;108.91;109.42;766067
20170808;109.84;110.46;109.27;109.62;995912
20170809;109.61;110.15;108.92;109.17;751227
20170810;109.48;109.81;107.16;107.33;732864
20170811;107.15;108.04;106.9;107.52;1532275
20170814;108.37;109.89;108.08;109.13;737673
20170815;109.25;110.21;108.73;109.29;804062
20170816;109.99;111.63;109.99;111.44;708332
20170817;111.1;111.5;110.33;110.57;702653
20170818;110.27;110.97;109.72;109.99;731861
20170821;109.78;109.78;106.49;106.51;999823
20170822;106.59;108.91;106.59;108.79;841971
20170823;108.34;109.89;108.11;109.16;610152
20170824;109.45;110.4;109.14;110.12;614280
20170825;110.55;110.99;109.87;110.36;524525
20170828;110.46;110.72;108.92;109.06;560158
20170829;108.59;108.82;108;108.5;646926
20170830;108.54;111.17;108.54;111.14;709293
20170831;111.34;112.77;111.18;112.41;829022
20170901;112.71;113.63;112.71;113.45;434542
20170905;113.42;113.69;111.46;111.89;678124
20170906;112.09;112.69;110.7;111.63;527789
20170907;111.74;112.86;111.14;112.28;605028
20170908;112.41;114.44;112.23;113.79;724969
20170911;114.43;117.46;113.81;116.8;1484493
20170912;117.9;118.97;117.09;118.27;1182498
20170913;117.66;117.96;115.68;116.6;1225899
20170914;115.54;116.04;114.85;115.8;861008
20170915;115.56;116.08;114.5;115.88;2177654
20170918;116.21;117.19;115.91;116.22;1092832
20170919;116.22;117.55;115.33;117.26;1062489
20170920;117.26;119.43;117.25;119.28;877107
20170921;119.19;119.31;118.52;118.8;461863
20170922;118.5;118.79;115.21;116.21;1079990
20170925;115.78;116.1;112.2;113.9;977814
20170926;114.07;115.12;113.9;114.32;663516
20170927;114.87;115.87;114.24;115.29;696836
20170928;115.06;116.19;114.58;115.61;874097
20170929;115.09;115.14;113.89;114.68;829808
20171002;114.45;117.06;114.45;116.85;681622
20171003;117.27;117.88;116.46;117.27;545329
20171004;117.3;117.96;116.81;117.33;655706
20171005;117.38;117.39;116.31;117.06;771943
20171006;116.75;117.82;116.33;116.5;527852
20171009;116.8;117.11;116.01;116.72;383804
20171010;116.88;117.65;116.55;117.47;366187
20171011;117.58;117.78;116.3;116.7;589518
20171012;116.92;116.92;115.39;115.5;809339
20171013;115.29;116.07;115.13;115.69;771589
20171016;115.97;117.05;115.6;117;694979
20171017;117.07;117.61;116.52;116.75;711561
20171018;116.91;117.24;116.08;116.42;793535
20171019;116.15;116.74;115.69;116.6;386285
20171020;117.26;118.38;116.98;118.36;596410
20171023;118.84;118.99;118.09;118.14;547318
20171024;119.4;119.57;117.86;118.63;757998
20171025;118.94;119.28;116.9;118.16;678092
20171026;117;120.75;116.51;118.58;912790
20171027;117.8;118.02;111.65;116.93;1456689
20171030;116.2;116.94;115.33;115.57;708149
20171031;115.9;116.88;115.11;116.27;476629
20171101;117.11;117.55;116.06;116.57;881734
20171102;116.09;117.2;115.59;116.21;706913
20171103;116.1;116.84;115.61;115.74;512971
20171106;115.7;115.71;110.63;110.96;1736040
20171107;110.78;111.95;109.86;111.35;784080
20171108;111;111.58;110.53;111.41;883439
20171109;110.61;111.1;108.49;109.23;1183170
20171110;109.41;110.62;109.29;110.27;913648
20171113;110.19;112.73;109.67;112.36;1086501
20171114;111.91;113.44;111.66;112.71;456757
20171115;112.05;113.09;111.46;111.85;667717
20171116;111.58;112.6;111.47;111.87;632358
20171117;111.42;112.86;111.11;112.47;447175
20171120;112.01;113.01;111.54;111.77;666238
20171121;112.43;113.13;111.98;112.04;612289
20171122;112.21;112.56;111.57;112.07;468825
20171124;112.48;112.82;111.47;111.47;177969
20171127;111.5;112.58;111.05;111.42;546009
20171128;111.79;112.98;111.18;112.95;549815
20171129;112.97;115.21;112.71;115.09;665335
20171130;115.2;118.98;115.1;118.6;1333269
20171201;118.53;118.54;114.41;117.4;932395
20171204;118.41;119.94;117.85;118.91;885511
20171205;118.44;118.81;117.38;117.76;670007
20171206;117.9;118.47;117.16;117.34;520935
20171207;117.15;118.53;116.82;117.96;634829
20171208;118.23;119.06;117.76;118.34;592522
20171211;118.13;118.69;116.3;118.13;773860
20171212;117.99;117.99;116.82;116.96;582691
20171213;116.71;117.73;116.71;116.98;611301
20171214;117.38;117.46;114.87;114.89;930445
20171215;114.86;116.27;114.18;115.27;1708201
20171218;115.65;117.33;115.65;117.04;623268
20171219;117.41;119.92;117.33;118.84;804801
20171220;119.42;120.18;118.92;119.74;919356
20171221;120.56;121.11;119.95;120.3;505375
20171222;119.93;120.36;119.04;120.09;409532
20171226;120.09;120.88;119.69;120.1;380874
20171227;120.23;121.06;119.66;120.54;435404
20171228;120.67;120.99;119.47;120.92;350549
20171229;121.2;121.38;120.31;120.55;444428
20180102;121.47;123.78;121.11;123.61;825426
20180103;123.82;126.58;123.64;125.98;874367
20180104;126.22;129.15;126.15;128.08;1065451
20180105;128.7;129.1;127.73;128.47;673008
20180108;129.13;130.19;128.71;129.58;593244
20180109;129.77;129.92;127.62;127.9;990796
20180110;127.94;128.41;127.33;128;484574
20180111;128.39;129.28;127.36;129.24;365290
20180112;129.38;129.38;127.71;128.32;535861
20180116;128.79;129.04;125.29;125.88;708983
20180117;126.61;127.37;125.6;126.76;565818
20180118;126.6;127.23;126.03;126.11;553272
20180119;126.69;127.69;126.47;127.56;741165
20180122;127.8;127.88;126.43;127.25;650824
20180123;126.81;127.24;125.03;126.48;672257
20180124;126.99;128.02;125.52;126.2;620355
20180125;126.21;127.31;125.36;125.63;806255
20180126;126.27;131.13;124.69;126.93;1295973
20180129;128.8;128.82;125.89;125.97;745453
20180130;125.44;126.02;124.05;124.71;1058850
20180131;125.08;125.94;119.28;125.63;2269244
20180201;125.3;125.3;122.45;123.54;1661979
20180202;123.14;123.59;121.8;123.1;1020102
20180205;121.86;122.5;115;117.13;1208706
20180206;114.44;119.27;114.44;118.96;1487026
20180207;118.55;119.91;117.13;117.13;1001342
20180208;116.79;116.8;111.9;111.95;1136130
20180209;113.08;114.4;110.28;113.76;830047
20180212;115.41;117.24;114.15;116.69;779146
20180213;116.26;116.64;115.46;116.03;464771
20180214;115.17;116.35;114.56;115.99;707929
20180215;116.69;118.14;114.9;117.93;1080939
20180216;117.64;120.01;117.28;119.37;811570
20180220;118.51;119.92;118;118.86;715707
20180221;119.3;121.64;118.9;119.22;621733
20180222;119.95;120.8;118.52;118.77;508862
20180223;119.65;119.75;118.2;119.36;452999
20180226;120;121.77;119.52;121.74;842043
20180227;121.59;122.18;120.22;120.22;418018
20180228;120.65;121.88;119.19;119.2;670035
20180301;119.51;119.97;117.38;118.59;785601
20180302;117.7;118.21;115.49;117.32;674020
20180305;116.63;118.2;116.37;116.93;618380
20180306;117.54;120.17;117.34;119.07;834408
20180307;117.73;119.22;116.88;117.99;626102
20180308;118.09;118.26;116.01;116.68;659541
20180309;117.56;120.31;116.89;119.86;1245420
20180312;119.86;121.1;119.45;120.06;705940
20180313;120.45;121.97;119.92;120.23;493652
20180314;120.35;120.35;118.09;118.52;539075
20180315;118.73;119.04;116.94;117.59;575447
20180316;117.66;119.33;116.65;118.51;2864643
20180319;118.3;118.98;115.96;116.66;1034048
20180320;117.15;117.66;115.42;116.51;714434
20180321;116.51;119.06;115.74;117.65;558481
20180322;116.3;116.85;112.91;112.98;646032
20180323;113.32;114.12;109.04;109.2;742545
20180326;109.35;114.5;109.35;114.34;1142278
20180327;115.03;115.03;111.77;112.32;661372
20180328;112.62;113.13;110.88;111.18;721492
20180329;112.05;113.84;111.45;112.7;676186
20180402;111.91;112.84;107.96;109.93;973960
20180403;110.23;112.24;109.7;111.9;693875
20180404;110.15;112.69;109.65;112.32;574654
20180405;113.26;114.38;112.98;113.16;750561
20180406;111.91;112.37;109.42;110.14;594348
20180409;110.86;112.83;110.28;111.04;716123
20180410;112.52;114.6;112.01;113.8;517872
20180411;112.88;113.52;111.59;112.68;348623
20180412;113.27;113.98;112.85;113.37;576168
20180413;114.21;114.28;112.98;113.54;350156
20180416;114.52;115.17;113.6;113.92;544734
20180417;114.62;116.18;114;115.91;614047
20180418;116.58;117.36;115.67;116.18;507226
20180419;116.09;116.8;115.29;116.19;524179
20180420;116.41;116.92;115.55;116.13;672340
20180423;116.3;117.45;116.3;117.31;886028
20180424;118.13;118.62;112.56;114;998108
20180425;114.84;118.35;112.62;117.91;1513752
20180426;118.23;118.7;116.71;117.2;1023923
20180427;117.02;117.53;115.63;116.3;953322
20180430;116.39;117.06;115.28;115.69;923935
20180501;115.26;116.53;113.51;116.33;887077
20180502;116.05;116.18;111.92;112.09;1086666
20180503;111.71;114.45;111.36;113.68;1372669
20180504;113.04;115.14;112.44;114.15;591345
20180507;114.33;114.69;112.9;114.1;591909
20180508;114.3;114.6;113.18;113.76;637256
20180509;114.25;115.88;113.62;115.45;614874
20180510;115.53;116.5;115.04;116.21;318170
20180511;116.38;117.44;115.96;116.62;477910
20180514;116.99;117.34;116.11;116.72;324685
20180515;116.17;116.2;114.38;114.93;687523
20180516;115.21;119.3;115.02;119.04;815193
20180517;118.81;120.65;118.81;120.33;945747
20180518;120.22;121.7;119.67;121.18;751195
20180521;121.61;122.42;121.01;122.3;523777
20180522;122.3;123.96;122.12;122.8;988625
20180523;122.62;122.91;121.26;122.43;838373
20180524;122.42;122.86;121.5;121.87;596478
20180525;121.45;121.73;119.41;119.87;1014111
