20100104;81.84;81.9;80.18;81.56;899631
20100105;81.37;84.99;80.83;84.76;2044813
20100106;84.74;85.23;83.78;84.12;872931
20100107;84.15;86.49;84.12;85.74;1106840
20100108;85.3;86.49;84.72;86.37;1202066
20100111;86.48;86.97;84.99;85.56;1094510
20100112;84.98;85.66;83.2;83.82;867087
20100113;84.25;85.97;83.76;85.7;827150
20100114;85.16;85.64;84.66;85.11;496859
20100115;84.51;85.53;82.88;83.83;977488
20100119;83.9;84.94;83.82;84.77;596002
20100120;84.12;86.51;83.76;86.4;1947921
20100121;86.24;86.95;84.1;84.48;1307101
20100122;84.6;84.99;81.88;82.04;1015437
20100125;82.78;83.42;82.02;82.77;819488
20100126;82.47;83.61;82.05;82.57;666661
20100127;82.41;83.3;81.76;83.01;575191
20100128;83.21;83.51;81.74;81.92;874404
20100129;82.12;84.38;81.73;82;1681824
20100201;82.8;83.67;82.63;83.14;792799
20100202;83.51;86.28;83.03;85.67;1426575
20100203;79.45;81.21;76.9;78.51;7881612
20100204;77.65;78.51;76.88;77.14;2692371
20100205;77.38;77.57;75.06;76.65;3109373
20100208;76.5;78.97;76.14;77.63;1848458
20100209;78.29;79.44;78.13;78.59;1514237
20100210;78.59;79.4;77.64;77.99;1133233
20100211;77.79;79.34;77.77;79.03;1194006
20100212;78.05;78.78;77.75;78.69;908371
20100216;79.03;79.77;78;79.72;1097362
20100217;79.74;80.72;79.74;80.3;885673
20100218;79.76;80.66;79.56;80.57;562499
20100219;80.48;81.18;80;80.6;1146909
20100222;80.75;81.7;80.28;81.31;1112554
20100223;80.96;81.31;79.89;80.28;1174903
20100224;80.55;80.67;79.87;80.15;1887346
20100225;79.58;79.89;78.73;79.64;1833769
20100226;79.7;80.92;79.3;79.93;1102948
20100301;79.23;81.05;79.16;80.76;740420
20100302;81.12;81.73;80.41;80.63;1398732
20100303;80.64;80.94;80.02;80.35;834017
20100304;80.8;81.91;80.68;80.99;1528181
20100305;81.43;82.76;81.09;82.63;984465
20100308;82.81;83.74;82.45;82.78;662863
20100309;82.4;83.45;82.19;82.93;704082
20100310;82.69;83.07;81.89;82.35;1066758
20100311;81.75;82.76;81.39;82.67;870057
20100312;83.09;83.17;81.94;82.16;721425
20100315;82;82.05;79.92;81.12;1813465
20100316;81.11;81.5;80.69;81.37;671790
20100317;81.42;82.47;81.27;81.99;608888
20100318;81.91;83.48;81.63;83.32;1050850
20100319;83.43;83.95;82.43;82.86;1056613
20100322;82.05;84.28;81.86;83.86;676019
20100323;84.33;85.48;84.19;84.9;951473
20100324;84.7;85.15;84.11;84.72;717825
20100325;85.28;85.83;84.57;84.65;671598
20100326;84.64;86.7;84.64;86.07;972611
20100329;86.5;86.67;84.88;85.69;680105
20100330;85.67;86.38;85.22;85.77;443486
20100331;85.35;85.84;84.74;85.04;396499
20100401;85.6;86.83;85.59;86.53;1655851
20100405;86.86;88.38;86.66;88.14;624128
20100406;87.94;88.22;87.42;88.09;519859
20100407;88.54;89.84;88.34;88.86;1105364
20100408;88.49;89.21;87.62;88.84;465229
20100409;89.02;89.76;88.4;89.73;430635
20100412;89.75;89.94;88.91;89.47;429149
20100413;89.36;90.89;88.61;90.39;758172
20100414;90.63;91.36;90.08;91.18;1186796
20100415;91.28;91.28;89.97;90.62;740112
20100416;90.44;90.95;89.29;90.01;1225488
20100419;89.62;90.88;88.7;90.76;982071
20100420;91.17;91.8;90.92;91.36;867799
20100421;91.3;93.08;91.14;92.9;795768
20100422;91.84;95.45;91.81;94.94;927587
20100423;94.8;95.55;94;95;592237
20100426;94.7;95.59;94.3;94.49;367806
20100427;94.22;94.68;91.65;92.02;752456
20100428;92.62;93.42;91.89;92.35;553921
20100429;92.82;94.13;92.82;93.85;418892
20100430;93.98;94.88;89.83;89.9;1040704
20100503;90.7;93.38;89.9;92.37;714459
20100504;91.34;91.81;90.21;90.65;1225084
20100505;89.52;91.66;88.46;89.41;1178964
20100506;88.8;89.33;80.34;85.28;1865863
20100507;84.46;86.2;80.83;82.74;1892106
20100510;86.41;89.83;86.41;89.59;1198774
20100511;88.1;90.31;88.1;89.03;1543792
20100512;89.75;92.07;89.37;91.92;611028
20100513;91.92;92.42;89.71;90.18;757587
20100514;89.22;90.51;88.05;89.32;1559328
20100517;89.42;90.01;84.52;86.98;2332852
20100518;87.92;89.48;85.48;85.78;1803941
20100519;82.99;89.26;82.7;88.1;5850689
20100520;85.72;86.82;84.65;85.01;4014070
20100521;83.42;86.52;83.42;84.27;2539076
20100524;83.77;85.73;83.63;84.92;1571797
20100525;83.15;85.94;81.3;85.6;1942568
20100526;86.53;87.19;85.17;85.23;1604306
20100527;86.78;88.35;86.59;88.28;901032
20100528;87.92;88.94;86.39;86.86;722297
20100601;86.13;87.66;84.48;84.55;917551
20100602;82.58;85.9;82.56;85.84;1666964
20100603;85.63;87.49;85.52;86.34;1036667
20100604;85.13;85.13;81.05;81.78;1420953
20100607;82.23;82.3;78.42;78.6;2051539
20100608;78.9;79.89;77.2;79.41;1556963
20100609;79.89;82.46;79.75;80.27;1697786
20100610;81.7;83.57;81.64;83.2;1081573
20100611;82.12;84.2;82.05;83.45;1048395
20100614;84;85;83.71;84.17;1038609
20100615;82.94;83.1;81.11;82.44;2488787
20100616;80.14;80.81;80;80.12;7336884
20100617;80.4;81;80.11;80.85;2294825
20100618;80.93;81.3;80.32;80.45;1713803
20100621;81.21;82.01;79.42;79.88;2430157
20100622;79.95;81;77.93;78.18;2187304
20100623;78.44;79.58;76.68;78.83;2945656
20100624;78.43;78.53;76.08;76.52;2142564
20100625;76.72;78.18;76.41;77.27;1731491
20100628;77.29;78.31;76.7;77.04;900515
20100629;75.71;75.71;72.91;73.4;2137427
20100630;73.4;74.61;72.51;72.96;1503808
20100701;73.32;74.32;71.14;73.95;2331424
20100702;74.34;74.9;72.61;73.12;1119895
20100706;74;74.61;71.12;71.93;1281793
20100707;72.54;75.15;71.77;74.96;1368964
20100708;75.94;77.49;75.68;77.22;2080331
20100709;77.88;77.9;76.12;77.16;866132
20100712;77;77.21;75.47;76.12;892449
20100713;77.22;77.96;76.54;77.68;1156858
20100714;77.17;77.83;76.36;77.19;580870
20100715;77.04;77.37;75.35;77.18;778067
20100716;76.68;76.71;73.67;73.9;1080135
20100719;73.69;74.02;72.28;72.9;1483502
20100720;71.61;74.59;71.39;74.39;1090509
20100721;74.58;75.04;73.19;73.31;961324
20100722;74.43;77.5;74.34;76.47;1148679
20100723;76.35;79.54;75.83;79.22;1306232
20100726;79.67;82.01;79.11;81.97;1224982
20100727;82.17;82.57;79.56;80.12;1089223
20100728;80.1;80.34;78;78.53;1354608
20100729;78.97;79.55;77.24;78.3;840063
20100730;77.15;79.4;76.82;79.01;851575
20100802;80.58;82.2;80.45;81.64;1195382
20100803;81.44;81.51;79.1;79.31;1613396
20100804;82.04;85.88;80;85.47;3270466
20100805;84.87;86;83.76;84.29;1653505
20100806;82.72;85.84;82.72;85.79;1444816
20100809;86.2;87.3;85.93;86.55;1479065
20100810;85.69;86.68;84.11;84.82;916197
20100811;83.19;83.19;81.11;81.77;1238676
20100812;79.86;81.45;79.86;81.37;1230645
20100813;81.16;81.3;80;80.36;586241
20100816;79.58;80.6;79.23;79.78;726217
20100817;80.7;83.24;80.63;82.46;1061547
20100818;82.13;83.78;81.93;83.14;739623
20100819;82.78;83.2;81.45;82.72;987048
20100820;81.9;83.24;81.15;83.04;919850
20100823;83.01;84;82.27;82.91;1040476
20100824;81.58;81.63;79.86;80.55;942649
20100825;79.79;81.59;79.2;81.35;512893
20100826;81.61;81.92;77.06;77.14;1856949
20100827;77.59;78.5;76.08;78.22;1412530
20100830;78.1;78.18;75.37;75.46;1188767
20100831;75.01;77.04;74.5;75.74;1544845
20100901;76.88;79.22;76.88;78.84;811481
20100902;79.03;80.52;78.9;79.91;834719
20100903;81.03;82.2;80.72;81.09;809350
20100907;80.63;81.2;79.8;80.19;596569
20100908;80.34;82;80.28;81.38;596465
20100909;82.7;82.83;81.08;81.46;534240
20100910;81.51;82.25;80.95;81.54;644885
20100913;82.59;83.58;82.08;83.33;515738
20100914;83.08;85.87;82.99;85.1;1076124
20100915;84.4;85.93;84.25;85.83;721031
20100916;85.6;86.45;85.45;86.39;1062379
20100917;86.53;87.77;86.31;87.67;1481624
20100920;87.68;89.92;87.12;89.82;1059773
20100921;89.81;90.07;88.45;89.19;1114869
20100922;89.13;89.45;87.14;87.83;1059067
20100923;87.51;87.79;85.81;86.04;1327562
20100924;87.42;89.51;87.42;89.26;921727
20100927;89.16;90.11;88.79;89;643578
20100928;89.23;91.41;87.95;91.09;677376
20100929;91.67;91.67;89.86;90.09;716842
20100930;90.83;91.76;88.99;89.86;955667
20101001;90.79;90.83;89.34;90.31;704797
20101004;90;91.32;89.66;91.25;1131985
20101005;92.34;93.37;91.81;92.96;785233
20101006;92.8;92.99;90.17;91.63;955010
20101007;92.03;92.63;90.57;91.08;1156084
20101008;91.01;94.16;90.98;92.91;851428
20101011;93.07;94.27;93.07;93.72;720108
20101012;93.28;94;92.62;93.72;650325
20101013;94.37;95.41;93.67;94.4;616793
20101014;94.41;94.9;93.24;94.07;468576
20101015;94.86;95.66;93.9;95.27;743913
20101018;95.4;95.98;94.21;95.66;637285
20101019;93.48;94.87;92.26;93.14;1152670
20101020;92.8;94.35;92.73;93.62;655657
20101021;94.21;95.05;92.35;93.15;517497
20101022;93.27;94.25;93.14;94.03;437671
20101025;94.72;95.78;94.67;94.83;744377
20101026;94.41;96.92;93.91;96.49;1333817
20101027;95.43;96;92.7;94.32;1605787
20101028;95.17;95.17;92.92;93.92;1072564
20101029;94.15;97.79;93.97;96.88;1548803
20101101;97.33;97.44;95.82;96.46;746589
20101102;97.56;97.62;96.58;97;659667
20101103;96.85;97.22;95.16;96.63;853369
20101104;97.99;99.4;97.01;99.33;1250922
20101105;98.89;100.62;98.89;99.62;769899
20101108;99.5;101.42;99.38;101.07;1060391
20101109;101.49;101.87;100.19;100.92;1448627
20101110;107;109.28;105.73;108.28;4198113
20101111;106.22;107.14;104.98;106.5;1760319
20101112;104.28;106.26;102.8;103.71;1097632
20101115;104.07;106.59;103.89;104.35;895173
20101116;103.74;105.13;101.83;102.45;764869
20101117;102.65;105.75;102.39;105.42;1097855
20101118;106.37;107.15;106;106.26;1128389
20101119;106.47;107.5;105.62;107.16;571763
20101122;106.6;108.02;106.37;107.78;387710
20101123;106.48;107.14;105.57;106.56;965526
20101124;107.83;109.87;107.53;109.82;1111179
20101126;108.94;110.45;108.75;109.82;400644
20101129;108.94;109.05;106.9;108.7;683701
20101130;107.86;109.91;107.34;109.24;1075233
20101201;111.28;111.76;110.21;110.59;656685
20101202;110.57;113.21;110.57;113.05;810152
20101203;112.95;113.41;111.2;112.12;766446
20101206;111.94;112.4;110.77;111.25;546711
20101207;112.3;113.37;111.78;111.85;1165183
20101208;111.73;113.01;111.29;112.76;516730
20101209;113.48;113.95;112.68;113.02;573282
20101210;112.32;113.1;111.64;112.99;551156
20101213;113.61;114.01;111.64;111.74;1112928
20101214;111.79;112.82;111.28;111.82;685052
20101215;111.42;112.07;111.18;111.92;840539
20101216;111.93;113.26;111.03;113.26;654125
20101217;113.04;114.5;112.7;114.16;1326111
20101220;114.29;114.76;112.86;113.59;859708
20101221;113.87;115.45;113.08;115.32;675638
20101222;115.07;115.13;113.36;113.77;575351
20101223;113.27;113.79;110.75;111.65;1023418
20101227;111.43;113.02;110.69;112.82;334780
20101228;112.73;113.29;111.5;112.28;571569
20101229;112.22;112.42;111.34;111.53;611690
20101230;111.36;112.77;111.26;112.57;361766
20101231;112.51;112.51;110.86;110.92;326452
20110103;112.08;112.29;111.2;111.69;854346
20110104;113.49;114.54;108.17;108.36;2163703
20110105;108.18;109.85;107.7;108.3;1695082
20110106;108.16;109.14;107.21;107.94;777579
20110107;107.99;107.99;105.02;106.76;838790
20110110;106.49;107.94;105.76;107.59;662565
20110111;108.32;108.51;107.03;107.75;597641
20110112;108.39;108.78;107.7;108.64;470134
20110113;108.36;108.59;107.8;108.51;446645
20110114;108.07;110.3;107.72;110.01;527006
20110118;110.06;110.86;108.78;109.56;504377
20110119;109.51;109.51;105.56;105.69;1000935
20110120;105.54;107;104.11;105;1292404
20110121;105.39;105.87;103.29;103.95;908323
20110124;104.31;105.36;103.94;104.75;592481
20110125;104.24;104.59;102.33;104.45;680786
20110126;105;106.84;103.38;106.08;909660
20110127;106.3;106.48;105.38;105.44;640101
20110128;105.69;106.55;103.4;103.98;736927
20110131;104.23;107.54;104.12;107.18;1141959
20110201;107.9;108.42;106.6;106.91;1217599
20110202;106.62;107;105.33;106.82;702379
20110203;106.86;109.87;106.86;108.59;721468
20110204;108.76;112.98;108.59;112.56;1545310
20110207;112.66;115.15;112.56;113.84;870684
20110208;114.25;115.87;113.87;115.77;1132758
20110209;120.41;128.04;120.25;125.35;3491355
20110210;124.51;127.5;124.06;126.98;1612618
20110211;126.24;127.63;125.63;126.87;663629
20110214;126.87;128.56;126.07;126.46;901974
20110215;125.72;127.32;124.52;125.04;851454
20110216;125.75;126.71;125.15;125.56;488707
20110217;124.93;126.5;124.01;124.92;730270
20110218;125.05;128.02;125.03;127.98;917924
20110222;126.49;127.83;123.63;123.78;985418
20110223;123.94;123.98;120.77;122.1;1418052
20110224;121.93;124.44;121.54;123.79;1112748
20110225;124.42;126.08;123.97;125.29;819710
20110228;125.43;127.16;125.28;126.71;811130
20110301;126.91;127.48;123.31;124.1;1041238
20110302;124.11;125.13;123.01;124.29;743278
20110303;125.83;127.04;125.41;126.46;624906
20110304;126.45;126.6;124.21;125.29;637659
20110307;126.06;126.44;123.39;124.62;470027
20110308;124.87;126.94;123.81;126.6;747039
20110309;126.02;127.5;125.1;126.78;546601
20110310;125.15;127.21;124.26;125.51;709152
20110311;123.96;127.97;123.55;127.23;776450
20110314;126.41;126.6;122.66;123.72;1021729
20110315;119.85;123.88;119.09;123.19;1674839
20110316;122.93;123.55;120.14;121.18;1277690
20110317;123;123.13;121.29;121.69;1099517
20110318;122.21;122.21;116.65;117.29;2344616
20110321;119.43;120.67;117.36;119.75;1013240
20110322;119.93;120.61;118.27;118.49;743463
20110323;118.06;119.91;117.13;119.48;431161
20110324;120.66;120.66;118.65;119.64;535670
20110325;120.09;122.13;119.77;120.51;683756
20110328;120.69;122.28;119.34;119.43;678193
20110329;119.61;123.57;119.43;123.52;586844
20110330;123.75;125.28;123.33;124.85;589116
20110331;124.36;124.63;122.98;123.65;502394
20110401;124.52;127.89;124.22;126.63;838471
20110404;126.89;128.82;125.93;128;723973
20110405;127.47;130.19;127.13;128.59;599484
20110406;128.82;129.39;125.07;125.49;621990
20110407;125.38;127.32;124.5;126.08;533993
20110408;126.32;126.74;122.49;123.6;582624
20110411;123.8;125.25;123.07;124.48;401321
20110412;123.44;124.93;123.19;124.31;334538
20110413;125.17;128.88;125;128.39;714006
20110414;127.46;128.75;126.61;128;475522
20110415;128.67;129.94;127.79;129;553376
20110418;127.46;127.94;125.51;127.38;662578
20110419;127.88;130.5;127.88;128.49;708091
20110420;130.2;133.03;129.82;131.77;643143
20110421;132;133.47;131.01;133;421468
20110425;132.76;134.14;131.74;132.24;297483
20110426;132.48;132.73;130.66;130.99;560226
20110427;131.68;132.62;130.84;132.31;374362
20110428;132.21;132.43;131.14;131.56;493955
20110429;131.64;131.84;130.07;130.77;650675
20110502;131.52;132.4;128.7;129.29;515371
20110503;129.24;129.92;126.87;127.76;439402
20110504;127.7;129.1;126.99;128.27;582322
20110505;127.28;130.46;126.8;130.02;710494
20110506;130.44;131.45;128.35;129.61;631574
20110509;129.59;130.45;128.89;129.56;326113
20110510;130.32;133.23;130.03;132.69;718692
20110511;132.78;133.73;130.42;131.87;418574
20110512;131.93;134.66;130.98;134.58;628703
20110513;134.87;135.74;133.19;133.31;488838
20110516;132.97;134.15;131.98;132.25;420060
20110517;131.29;132.38;129.53;131.36;576158
20110518;131.49;134.02;131.49;134.01;434505
20110519;134.72;136.5;134.05;136.1;660919
20110520;134.77;135.55;128.89;130.21;1659052
20110523;129.25;130.18;127.75;128.62;1008733
20110524;128.98;133.42;127.81;129.39;1698722
20110525;117.95;122.2;114.6;114.7;8423945
20110526;116.21;118.55;114.91;118.32;3575330
20110527;118.42;126.6;118.42;126.43;4497947
20110531;126.11;127.86;125.43;126.77;3963907
20110601;126.12;127.35;121.38;121.45;3344170
20110602;122.5;123.5;120.74;120.84;1899117
20110603;119.25;124.59;119.25;122.74;1632489
20110606;122.3;123.3;120.39;121.35;1699225
20110607;122.24;123.45;121.95;122.07;1631737
20110608;121.1;121.88;118.73;119.49;1491714
20110609;119.92;122.81;119.92;121.83;1075760
20110610;121;121.51;119.32;119.63;997479
20110613;120.28;122.92;119.68;120.46;1097582
20110614;121.65;122.77;121.06;122.48;917683
20110615;120.99;121.75;120.13;120.57;1357501
20110616;120.57;122.4;119.35;122.26;1337177
20110617;124;124.65;122.75;124.04;1397694
20110620;123.19;127.12;122.92;126.16;828210
20110621;127.35;128.1;126.41;127.83;752614
20110622;127.78;129.46;126.82;127.19;869029
20110623;125.76;128.18;123.81;127.95;1799947
20110624;127.75;128.51;125.13;125.58;951355
20110627;126.12;127.25;125.5;126.21;1109079
20110628;126.62;130.03;126.62;129.9;949435
20110629;129.78;132.54;128.49;131.03;1004652
20110630;131.12;133.59;131.03;132.61;886978
20110701;132.1;134.57;131.5;134.3;712987
20110705;134.5;136.13;133;135.54;617549
20110706;135.18;137.08;134.77;135.93;532203
20110707;137.67;140.29;137.58;139.19;849566
20110708;137.06;138.5;136.38;137.61;677314
20110711;135.37;137.2;133.24;134.3;895363
20110712;133.83;135.11;133.54;134.04;809799
20110713;134.93;135.87;133.9;134.5;845753
20110714;134.74;135.51;133.3;135.02;699280
20110715;135.54;135.54;133.52;134.77;624796
20110718;134.73;136.16;133.81;134.54;878437
20110719;135.97;138;135.34;137.92;580403
20110720;137.72;138.71;136.71;138.2;924498
20110721;139.41;141.37;138.97;140.09;1040268
20110722;140;140.22;138.77;139.39;288993
20110725;137.89;139.6;137.4;138.53;383375
20110726;138.08;138.5;136.15;137.4;594812
20110727;137.24;137.31;132.62;133.03;692645
20110728;133.61;137.73;133.46;135.58;988224
20110729;134.18;135.93;133.5;135.07;851767
20110801;136.92;136.92;133;135.45;910398
20110802;133.85;134.87;126.28;126.6;1862021
20110803;127.17;129.67;123.97;129.52;1635590
20110804;127.21;128.67;120.25;120.27;1559222
20110805;122.34;125.51;119.61;124.52;1867549
20110808;120.67;123.9;113.95;114.16;2416198
20110809;116.62;120.28;105.11;119.85;4792298
20110810;128.99;132.3;123.1;125.28;6254406
20110811;127.3;132.38;126.59;130.55;2543569
20110812;132.81;139.09;131.75;137.68;2346629
20110815;138.45;140.91;137.1;140.69;1930286
20110816;139;141.71;136.38;137.59;2026174
20110817;138.57;138.99;132.11;133.74;2017812
20110818;129.58;129.62;124.31;126.94;2349154
20110819;125.11;129.73;121;121.12;2113782
20110822;122.98;124.6;119.41;121.11;1897183
20110823;121.1;130.63;120.09;130.51;2174688
20110824;129.84;132.94;128.78;132.84;1229624
20110825;133.39;134.16;128.91;129.26;1291837
20110826;128.15;132.15;127.14;131.65;1258798
20110829;132.86;135.73;132.74;135.6;1188740
20110830;134.91;136.67;133.87;135.82;980802
20110831;136.98;139.73;135.58;137.11;1279390
20110901;136.76;139.18;134.7;135.75;907069
20110902;133.58;135.29;131.26;131.83;712615
20110906;127.46;131.27;126.19;131.04;1138240
20110907;132.93;136.93;131.71;136.8;707245
20110908;135.5;139.76;135.43;137.32;1185304
20110909;135.27;138.54;132.51;133.98;1374671
20110912;132.5;135.83;131.17;134.95;999215
20110913;135.03;139;133.5;138.49;845339
20110914;138.72;145.16;135.69;143.22;2017195
20110915;144.1;148.54;143.63;147.86;1871277
20110916;147.52;148.49;144.68;147.37;1666924
20110919;145.03;151.7;144.74;150.52;1589873
20110920;152.04;154.62;150.02;151.77;2042927
20110921;151.83;153.28;146.67;146.83;1283245
20110922;140.99;145.1;137.82;143.7;3154355
20110923;142.58;147.15;142.58;146.53;1016549
20110926;147;147.38;142.29;146.82;1315278
20110927;150;152.39;147.9;148.77;1356153
20110928;144.43;147.48;143.21;143.56;1731809
20110929;145.7;145.93;134;139.8;1925957
20110930;137.21;137.21;129.08;129.7;2383833
20111003;126.91;132.28;125.64;125.67;1393922
20111004;123.78;132.14;121.3;131.68;1861332
20111005;131.03;133.4;128.61;132.88;1266297
20111006;135;141.69;134.81;141.29;1712718
20111007;141.88;143.66;138.89;141.05;1400450
20111010;142.45;145.68;142.37;144.82;1035032
20111011;142.89;144.46;142.17;143.28;960628
20111012;144.66;146.51;143.84;144.85;1085356
20111013;143.34;146.29;143.32;145.75;644381
20111014;147.67;148.75;146.27;148.22;824451
20111017;148;148.55;143.88;144.27;667125
20111018;146.05;149.53;139.08;148.32;1790843
20111019;147.56;148.24;143.29;143.73;957617
20111020;142.78;146.7;141.39;145.28;1116224
20111021;146.96;150.77;146.96;150.74;1225895
20111024;151.77;159.37;151.77;157.55;1581701
20111025;155.78;156.89;153.01;153.61;873278
20111026;155.19;155.87;150.03;153.24;986908
20111027;158.7;161.43;156.28;159.22;1494201
20111028;158.48;162.98;157.2;162.07;967108
20111031;160.68;164.55;158.77;158.79;1212972
20111101;154.35;158.95;153.75;157.31;1328630
20111102;159.48;160.55;157.24;159.54;898185
20111103;157.62;158.75;150.02;157.39;2412989
20111104;155.52;158.42;154.75;157.34;936801
20111107;156.82;159.23;154;157.32;958466
20111108;158.76;160.4;154.8;159.05;1621251
20111109;149.05;151.82;147;149.94;3180292
20111110;152.1;153.47;148.31;151.22;1201382
20111111;153.19;156.67;150.85;155.5;1006682
20111114;154.8;157.57;154.26;156.11;850048
20111115;155.86;157.06;153.82;155.41;888918
20111116;153.58;154.94;151.55;152;935232
20111117;151.9;152.59;146.84;148.22;1490432
20111118;149.66;149.72;145.38;146.22;1061760
20111121;143.3;144.01;140.9;143.04;1315495
20111122;142.4;143.68;140.99;142.18;772518
20111123;140.09;142.91;138.08;141.79;984930
20111125;141.27;142.05;138.8;138.8;560931
20111128;143.32;146.75;143.32;145.34;972812
20111129;143.49;143.57;139.75;140.66;1736294
20111130;146.19;146.85;139.88;141.86;1602169
20111201;140.89;143.99;139.83;143.32;1590943
20111202;145.09;148.08;144.36;144.71;770876
20111205;147.3;151.6;146.5;150.15;1650083
20111206;150.62;152;149.52;150.63;1100146
20111207;150.67;151.51;148.19;149.35;924205
20111208;148.55;150;145.65;146.34;807898
20111209;146.29;147.99;143.58;147.18;796996
20111212;145.3;146.1;143.47;145.2;785391
20111213;145.82;146.54;139.47;141.01;685280
20111214;140.25;140.64;137.11;138.88;1191633
20111215;140;140.92;137.57;140.11;761549
20111216;141.31;141.94;138.26;139.13;916343
20111219;139.66;140.49;135.72;135.98;800582
20111220;138.12;138.5;136.46;137.3;875435
20111221;136.76;137.38;135.8;136.62;722235
20111222;136.92;137.31;135.35;135.97;464135
20111223;136.6;139.35;136.07;139.3;551159
20111227;138.83;141.84;137.66;140.64;354464
20111228;140.27;141.05;138.5;138.72;465999
20111229;138.82;139.46;137.58;138.4;564027
20111230;138.38;139.25;137.71;138.08;470475
20120103;140.84;141.72;136.92;137.12;751409
20120104;137.04;144.21;137.04;142.88;1027449
20120105;141.31;142.55;138;142.16;1059059
20120106;141.7;141.8;139.79;140.7;578689
20120109;145.55;147.5;144.26;146.36;1539151
20120110;145.73;147.69;141.82;147.32;1593911
20120111;144.08;145.44;143.09;144.54;999604
20120112;143.7;144.64;141.29;144.44;860171
20120113;143.47;145.24;143.22;143.67;502957
20120117;144.98;145.65;141.59;142.19;914512
20120118;142.55;146.03;140.7;145.71;922078
20120119;146.11;147.1;144.81;146.67;1310480
20120120;147.16;147.82;146.07;146.94;710759
20120123;145.91;147.9;143.04;145.97;770628
20120124;145.76;151.99;145.76;150.73;1439727
20120125;149.8;152.47;148.69;151.73;644710
20120126;151.73;152.94;149.13;150.28;609299
20120127;149.8;152.38;148.74;151.52;572885
20120130;150.5;151.39;149.09;151;724752
20120131;151.91;153.12;151.16;152;905942
20120201;152.86;154.66;152.25;153.91;1269712
20120202;153.17;156;152.45;153;667624
20120203;154.72;156.87;154;155.97;797463
20120206;155.58;157.81;154.48;157.41;881128
20120207;157;158;154.51;157.07;1258224
20120208;170.71;178.47;170.02;171.49;5736744
20120209;171.6;175.98;168.2;172.54;2000897
20120210;169.95;174.1;169.95;172.6;1274645
20120213;173.05;174.49;171.26;172.37;853414
20120214;171.27;174.87;171;174.78;891406
20120215;175;176;172.36;172.62;1022426
20120216;173.99;176.47;173.05;174.43;881735
20120217;174.99;176.73;173.96;174.47;643285
20120221;174.56;174.97;170.92;172.58;620419
20120222;172.09;172.9;171.29;171.51;896214
20120223;171.71;173.85;171.52;173.24;688812
20120224;173.48;173.71;172.34;173.32;567013
20120227;171.86;176.25;171.25;174.46;633512
20120228;174.34;175.14;172.95;174.7;419062
20120229;175.28;176.1;173.5;173.73;643340
20120301;174.87;178.31;174.77;177.91;706008
20120302;177.5;178.19;175.98;176.61;521988
20120305;176.2;177.95;175.11;176.78;542922
20120306;174.39;174.39;169.59;170.51;1362767
20120307;172.48;172.74;170.68;171.34;797642
20120308;172.84;174.7;172.15;173.78;662493
20120309;174.17;177.38;173.67;176.39;527702
20120312;176.95;178.93;176.19;177.64;516412
20120313;178.89;180.17;176.36;179.87;621913
20120314;181.38;182.48;177.78;178.53;730181
20120315;177.74;178.72;176.31;178.05;622049
20120316;178.05;178.5;176.56;177.75;744855
20120319;177.77;177.99;174.9;176.6;572780
20120320;177.69;179.04;175.04;176.99;764618
20120321;176.99;177.95;175.84;176.58;500993
20120322;174.48;176.73;174.34;175.5;600885
20120323;175.98;175.98;171.26;174.16;511583
20120326;176.4;177.54;173.57;177.14;503841
20120327;177.11;177.26;175.56;176.13;436795
20120328;175.85;176.33;171.81;174.8;530920
20120329;174.14;175.1;172.6;174.75;481586
20120330;175.05;176.35;173.5;174.33;647368
20120402;174.44;176.73;173.87;175.29;470318
20120403;174.94;177.3;174.1;175.59;713501
20120404;174;175;172.4;174;487221
20120405;173.91;179;173.91;178.06;763265
20120409;174.38;177.17;173.43;176.45;718738
20120410;176.06;176.06;169.67;169.8;882423
20120411;171.57;173.91;170.51;170.85;607096
20120412;170.88;173.16;170.11;171.8;656566
20120413;171.35;173.28;170.6;172.51;482319
20120416;172.79;174.23;169.28;170.7;784396
20120417;170.95;173.37;170.95;172.84;555240
20120418;172.46;174.05;171.57;173.3;451220
20120419;173.43;173.64;169.29;169.35;794538
20120420;169.73;172.02;169.09;171.27;607237
20120423;169.02;169.37;166.36;168.01;602040
20120424;168.29;168.65;162.42;164.2;1094145
20120425;165.73;167.7;164.46;167.52;729279
20120426;167.5;171.47;166.4;171.12;550443
20120427;171.48;174.69;170.43;173.2;768877
20120430;172.75;173;170.96;172.27;424743
20120501;172.39;174.85;171.51;172.27;506202
20120502;171.55;177.3;171.32;177;514024
20120503;176.7;177.76;174.02;174.45;571322
20120504;171.24;173.17;167.81;168.54;717419
20120507;167.74;170.79;167.36;168.71;556581
20120508;163.99;163.99;154.25;163.38;2713577
20120509;161;162.44;158.53;160.94;725128
20120510;161.54;162.29;158.18;158.47;876773
20120511;157.49;161.81;157.19;160.57;660404
20120514;158.71;159.89;156.61;157.57;606341
20120515;157.82;158.14;151.35;151.53;1813045
20120516;151.83;152.6;146.36;149.96;2346334
20120517;149.97;150.31;144.12;144.3;1756182
20120518;145.51;146.29;141.12;141.51;1372150
20120521;142.06;146.61;141.85;146.3;2585512
20120522;154.71;161.3;147.86;150.27;4650646
20120523;147.5;151.36;144.54;149.89;2587584
20120524;152;152.5;146.81;148.68;1335105
20120525;148.74;150.49;148.63;149.84;801482
20120529;151.46;152.31;150.03;152.03;1246023
20120530;150.35;150.83;147.9;148.69;1270455
20120531;148.5;149.51;146.28;148.8;1103462
20120601;145.68;145.7;140.45;141.63;1364808
20120604;141.75;143.26;140.24;142.86;999185
20120605;142.21;143.52;140.75;143.19;834408
20120606;144.67;145.9;143.69;145.22;659153
20120607;146.36;146.83;142.92;144.27;728283
20120608;143.53;145.31;141.62;145.05;929261
20120611;146.44;146.44;140.74;140.97;451337
20120612;141.92;142.69;138.72;142.66;899043
20120613;141.61;142.41;139.27;139.83;996814
20120614;140.4;143.26;139.82;142.72;1968175
20120615;143;146.19;141.99;145.98;1226212
20120618;145.7;145.97;143.5;145.17;815847
20120619;145.48;148.85;145.48;147.39;880015
20120620;147.12;148.08;145.76;147.65;1029353
20120621;147.93;149.45;142.82;143.3;1364319
20120622;144.35;144.46;142.09;142.81;643648
20120625;141;142.41;140;140.89;1018367
20120626;140.71;141.83;137.91;141;973150
20120627;141.06;141.06;136.83;138;1275894
20120628;136.58;137.14;134.48;136.6;2221041
20120629;138.85;140.38;135.89;140.06;2028597
20120702;140.16;140.62;138.81;140.48;1451916
20120703;140.55;144.61;140.02;144.57;807936
20120705;143.9;149.53;143.9;147.59;1661522
20120706;146;147.99;143;144.42;929719
20120709;144.37;145.75;141.38;142.41;716077
20120710;143.67;146.18;142.71;143.7;901823
20120711;142.7;142.71;136.91;138.78;1705857
20120712;137.14;137.86;134.29;136.87;1147971
20120713;137.47;141.71;137.47;141;779159
20120716;140.11;143.1;138.85;142;1064044
20120717;142.77;143.98;141.55;142.02;1051917
20120718;140.35;145.75;139.02;144.48;1571095
20120719;145.18;154.14;145.18;152.26;1661007
20120720;150;150.74;147.54;149.08;1085667
20120723;146.69;148.09;144.14;147.26;516072
20120724;147.72;148.44;144.18;145.07;923369
20120725;144;145.37;139.67;143.08;2266496
20120726;146.45;148.4;143.63;147.54;1152230
20120727;148.41;149.71;147.25;148.15;1199537
20120730;148.39;149.45;146.22;147.11;862793
20120731;143.82;145.62;142.33;144.34;1609818
20120801;145.56;145.56;141.82;142.33;980878
20120802;141.23;142.15;136.59;140.12;1588193
20120803;143.04;145.78;142.5;145.67;719295
20120806;146.1;150.62;146.1;150.06;1193075
20120807;154;156.68;153.02;153.03;1553244
20120808;145;152.8;142.39;151.35;3143100
20120809;148.45;150.6;148.27;148.43;983556
20120810;147.17;150.52;147.17;150.16;813244
20120813;150.12;153.31;149.76;153.01;863163
20120814;154.12;154.86;151.7;152.22;828133
20120815;152.06;153.95;151.69;152.51;546146
20120816;152.9;153.53;151.49;152.4;814075
20120817;153.71;160.5;153.48;159.79;1737883
20120820;159.52;159.52;156.21;157.16;941230
20120821;157.2;158.9;155.69;156.39;898516
20120822;156.18;158.64;156.18;158.03;1172544
20120823;156.76;157.27;155.54;156.48;964685
20120824;156.3;160.76;155.95;159.58;1240424
20120827;159.8;160.04;158.16;158.6;1002944
20120828;158.67;160.38;157.57;159.06;1074419
20120829;159.68;160.71;158.48;159.34;677294
20120830;158.15;159.99;157.8;157.84;536817
20120831;158.7;159.62;156;158.65;439900
20120904;158.55;158.55;155.96;157.02;592909
20120905;157.4;157.46;154.42;154.8;732142
20120906;156.21;158.92;154.64;158.85;647741
20120907;159;162.03;157.95;161.08;1358415
20120910;161;161.98;159.79;160.31;960434
20120911;153.61;156.5;151.32;156.22;2566344
20120912;156.45;158.67;156.45;158.59;1064770
20120913;158.68;160.66;156.5;160.21;1127620
20120914;161.26;164.28;159.89;162.91;1212290
20120917;162.92;163.25;161.02;162.85;552676
20120918;162.62;162.62;158.41;158.99;631533
20120919;159.02;159.9;158.05;159.04;548108
20120920;153.89;158.27;153.12;155.47;672969
20120921;160.71;160.71;155.02;155.85;888098
20120924;155.25;155.28;153.33;153.66;442138
20120925;153.93;155;151.39;151.49;643875
20120926;151.22;152.34;148.51;150.91;606475
20120927;151.86;153.43;149.75;151.97;810302
20120928;150.77;152.28;148.06;151.23;1114958
20121001;151.6;154.15;150.79;151.76;695434
20121002;151.96;155.34;151.76;153.83;923561
20121003;154.7;156;153.64;154.55;726336
20121004;154.53;158.85;153.97;158.02;1025389
20121005;159;160.25;157.14;157.57;734485
20121008;156.83;158.61;155.82;156.3;406791
20121009;155.98;157.92;154.19;154.22;451375
20121010;157.43;159.65;155.4;155.98;694471
20121011;158.74;159.33;155.2;155.54;956023
20121012;155.81;157.06;154.31;154.85;871387
20121015;156.06;159.88;155.65;159.81;686816
20121016;160;164.01;159.71;163.84;695732
20121017;164.55;164.99;162.49;163.02;711484
20121018;162.88;165.41;162.05;164.2;614169
20121019;164.2;164.99;161.37;161.93;618176
20121022;159.29;159.93;156.55;159;678210
20121023;158.04;158.04;154.14;155.24;927166
20121024;156.84;156.95;152.49;154.52;804955
20121025;155.6;156.32;152.56;153.75;854008
20121026;153.75;154.96;150.66;152.52;824576
20121031;155;157.1;152.51;153.69;1215680
20121101;155;159.47;153.19;159.04;1099878
20121102;163.24;164.77;159.68;160.75;1511199
20121105;159.61;161.66;158.94;161.23;519400
20121106;160.79;161.56;159.37;160.44;578864
20121107;158.95;158.95;154.63;155.91;788689
20121108;155.87;155.87;150.27;150.3;789357
20121109;151.67;153.18;149.03;151.27;800248
20121112;151.64;152.7;150.72;151.89;439335
20121113;148.18;153.89;148.18;152.51;681625
20121114;153.5;153.79;148.75;149.13;842029
20121115;149.56;151.22;148.62;149.85;714802
20121116;148.61;151.83;148.61;151.38;800012
20121119;154;156.55;153.55;156.54;875287
20121120;156.13;156.62;155.09;156.51;433924
20121121;156.47;157.76;154.76;156.5;445121
20121123;158.03;159.97;157.41;159.9;292689
20121126;159.29;159.95;157.28;158.97;585174
20121127;158.27;160.31;157.59;159.12;786405
20121128;159.05;163.62;158.84;162.55;943154
20121129;162.5;162.5;159.14;160.4;958069
20121130;160.46;160.49;156.79;157.09;924180
20121203;158.18;159.46;157.39;157.46;409134
20121204;157.96;158.14;153.27;154.51;606819
20121205;154.96;155.4;151.26;152.74;511140
20121206;152.25;154.05;151.23;153.76;635739
20121207;154.23;155.8;153.15;155.35;865151
20121210;155.49;155.91;151.43;151.98;787585
20121211;152.61;154.22;150.65;154.16;726641
20121212;154.46;154.9;150.24;150.5;885216
20121213;150.73;152.03;148.49;148.77;569849
20121214;149.3;151.15;149.3;150.09;797173
20121217;150.42;153.62;148.96;153.6;1045091
20121218;153.36;154.63;152.22;152.58;861788
20121219;152.86;154.65;151.59;153.3;809589
20121220;153.19;153.19;149.04;151.36;724460
20121221;149.76;151.56;147.53;151.26;973248
20121224;153.74;153.74;150.1;151.08;251956
20121226;151.46;151.46;144.14;146.03;1157965
20121227;145.74;149.09;145.64;148.34;1063815
20121228;148.72;149.48;146.4;147.01;678204
20121231;146.58;150.13;146.58;149.92;516626
20130102;152.75;152.79;149.25;152.1;1483643
20130103;152.75;158.68;152.75;157.21;1618628
20130104;157.1;159.61;156.47;159.39;1102616
20130107;159.76;162.84;159.56;161.52;1447888
20130108;161.56;163.6;161.05;162.25;965270
20130109;163.86;165.7;161.86;165.58;1262641
20130110;163.74;167.99;163.18;167.48;1140850
20130111;167.34;167.85;165;165.93;1139951
20130114;166.02;167.49;165.62;166.34;631198
20130115;165.85;167.74;165.46;166.95;743255
20130116;166.1;166.91;165.81;166.75;760109
20130117;167.07;168.55;165.02;168.06;770914
20130118;168.21;168.79;166.57;167.7;635649
20130122;168.11;168.11;163.45;165.32;1007646
20130123;161.96;164.48;160.91;164.19;1494008
20130124;164.56;165.89;163.79;165.38;738126
20130125;164.84;170.32;164.84;170.08;953268
20130128;169.98;170.13;168.02;168.83;566512
20130129;168.5;168.71;166.71;167.95;603228
20130130;167.8;168.1;166.42;167.42;987614
20130131;165.4;166.94;163.76;166.48;1413727
20130201;165.79;167.2;161.06;161.54;2181562
20130204;161.6;164.47;160.71;162.38;1039332
20130205;162.86;165.15;162.86;164.91;1489009
20130206;175.01;179.9;173.99;174.63;3722084
20130207;174.14;178.1;173.16;178.06;1681727
20130208;176.74;179.11;176.66;177.56;1456988
20130211;177.5;178.45;176.2;177.01;892981
20130212;177.36;178.34;176.53;176.79;522106
20130213;176.99;177.76;175.32;175.63;557794
20130214;175.32;175.41;173.23;174.86;835246
20130215;175.82;177.44;175.12;176.07;903981
20130219;176.29;177.62;175.56;177.04;633572
20130220;176.07;176.98;173.27;173.51;618692
20130221;172.49;173.06;170.11;170.62;567099
20130222;170.88;172.18;170.36;171.12;614455
20130225;171.96;173.78;168.87;168.88;617254
20130226;170.08;172.64;168.47;170.12;585162
20130227;170.53;173.77;170.38;173.31;483032
20130228;173.09;174.79;172.11;173.47;503058
20130301;172.55;174.65;171.63;174.17;685131
20130304;173.23;174.81;172.76;174.4;669997
20130305;175;177.21;174.51;177.09;630207
20130306;176.43;178.38;176.43;177.42;607121
20130307;177.81;178.69;176.78;177.18;603035
20130308;178;178;176.27;177.46;320763
20130311;176.87;177.44;176.29;176.5;452665
20130312;175.85;176.58;174.35;174.41;426890
20130313;175.07;175.57;172.65;173.03;879411
20130314;173.66;174.22;172.61;173.16;671724
20130315;172.32;174.3;171.19;171.3;625088
20130318;169.67;171.28;168.87;169.22;700598
20130319;169.66;170.26;165.77;167.2;772471
20130320;168.55;171.11;167.28;170.51;883153
20130321;169.15;170.71;168.23;168.59;644150
20130322;169.72;170.49;167.64;168.41;712066
20130325;168.86;169.33;165.9;167.44;751882
20130326;167.42;167.9;165.87;167.57;538010
20130327;166.97;170.03;165.91;169.71;725684
20130328;169.27;169.6;167.91;169.31;558707
20130401;169.12;169.6;166.29;166.75;748439
20130402;167.02;169.02;166.9;167.93;559831
20130403;168.38;170.47;167.35;168.73;676181
20130404;168.7;169.64;168.31;169.62;313138
20130405;166.89;169.2;165.33;168.73;481603
20130408;168.52;169.87;167.5;169.6;293364
20130409;169.65;170.82;168.82;170.08;264577
20130410;170.68;173.15;170.23;172.6;280001
20130411;172.99;175.94;172.51;174.99;426301
20130412;174.22;174.69;172.33;174.02;350403
20130415;173.26;174.91;170.76;170.85;602467
20130416;172;172.3;169.21;171.28;391874
20130417;169.81;169.91;167.34;168.57;514358
20130418;168.95;169.05;166.34;167.35;381355
20130419;168.24;169.96;167.97;169.14;446031
20130422;169.01;169.46;165.38;165.93;779583
20130423;167.51;171.12;167.51;170.75;865294
20130424;171.07;171.95;169.86;171.44;494223
20130425;171.88;176.08;171.88;175.38;501335
20130426;174.97;175.71;173.85;175.6;350180
20130429;175.72;177.34;174.57;177;589153
20130430;176.92;181.83;176.5;181.58;1118041
20130501;181.31;181.42;178.17;178.57;605273
20130502;179.17;179.75;176.64;177.54;544574
20130503;178.73;180.85;178.73;179.26;320206
20130506;179.29;181.81;178.6;180.92;474222
20130507;181.3;185.09;181.3;185.01;613386
20130508;184.96;185.5;184.09;185.37;268256
20130509;184.97;186.63;183.31;183.62;612681
20130510;184;185.1;183.44;185;274487
20130513;184.59;185.38;183.67;183.79;256615
20130514;184.29;186.77;183.64;186.55;652791
20130515;186.3;187.44;185.07;186.71;470313
20130516;186.5;187.09;183.33;184.8;758106
20130517;185.1;187.88;185.03;187.01;413075
20130520;186.89;187.5;186.19;186.68;742088
20130521;187.01;190;186.51;189.56;579759
20130522;189.28;192.03;187.91;188.06;1122522
20130523;179.99;184.49;177.81;183.69;1439380
20130524;182.64;183.2;180.1;180.97;1038533
20130528;182.75;183.29;178.37;178.47;1091713
20130529;178.39;179.68;176.71;177.33;811130
20130530;177.52;178.51;175.26;175.57;961139
20130531;175.39;177.92;174.84;175.09;847673
20130603;175.24;175.89;172.45;175.65;774097
20130604;175.36;178.39;174.72;176.32;695037
20130605;175.15;175.97;173.6;173.74;331555
20130606;173.14;174.94;172.56;174.59;394548
20130607;175.09;177;174.89;175.94;496216
20130610;176.1;176.43;175.19;175.8;649705
20130611;173.55;175.3;172.67;173.78;439246
20130612;175.21;175.21;172.22;172.46;254788
20130613;173.26;174.94;172.75;174.43;569026
20130614;173.21;174.84;172.91;173.15;367085
20130617;174.46;177.38;174.46;176.1;608700
20130618;175.98;178.96;175.33;178.9;438422
20130619;178.66;179.96;177.52;177.81;589178
20130620;176.44;176.61;169.73;170.33;757687
20130621;171.57;172;167.46;169.09;811348
20130624;169.09;170.3;165.73;168.58;657836
20130625;170.44;171.81;169.49;170.26;608098
20130626;172.7;174.61;170.05;170.37;678132
20130627;171.73;174.19;171.06;173.65;490553
20130628;173.06;175.21;171.04;173.74;647632
20130701;174.18;176;173.67;173.94;522302
20130702;173.93;174.75;171.9;172.67;495875
20130703;170.89;173.48;170.89;172.79;160497
20130705;173.85;174.88;172.32;174.03;1221065
20130708;174.99;176.12;174.28;175.96;1203300
20130709;173.91;178.2;173.91;177.63;575029
20130710;177.75;180.15;177.75;180.02;624180
20130711;181.95;183.44;181.43;183.24;668815
20130712;183;183.55;181.99;182.4;303506
20130715;182.37;182.78;181.09;181.75;324118
20130716;181.57;182.27;179.4;180.16;444785
20130717;180.52;181.35;178.26;178.53;404785
20130718;178.53;180;178.22;179.98;1125231
20130719;179.88;179.88;178.24;179.22;595340
20130722;179.95;181.67;179.59;180.49;1008641
20130723;180.91;181.81;180;180.14;532412
20130724;180.54;181.14;179.02;179.13;382569
20130725;179.13;181.15;178.98;179.26;782929
20130726;178;181.1;177.51;180.98;499614
20130729;180.67;180.91;179.81;180.29;189672
20130730;180.43;182.06;180.04;181.64;460093
20130731;182.46;183.13;180.98;182.06;609770
20130801;183.85;187.6;182.86;186.99;637041
20130802;186.69;188.64;185.02;188.03;505912
20130805;187.25;189.28;187.25;188.3;575057
20130806;187.36;189.8;186.01;189.51;881366
20130807;177.06;180.76;172.01;173.13;3095543
20130808;174.16;179.2;173.11;177.7;1546270
20130809;177.51;179.21;177.04;178.95;683054
20130812;175;178.42;174.7;178.08;560935
20130813;177.7;179.06;177.42;178.53;481499
20130814;178.54;178.8;176.01;176.76;523519
20130815;174.99;175.55;173.57;174.44;678792
20130816;173.54;174.65;172.01;172.08;885517
20130819;172.06;173;170.17;170.23;842838
20130820;171.05;173.62;170.76;171.97;464672
20130821;171.78;173;171.06;171.86;412686
20130822;172.24;173.43;171.6;172.36;390826
20130823;172.66;172.73;170.74;171.65;386190
20130826;171.57;172.41;170.11;170.21;247220
20130827;167.53;169.99;165.68;165.78;614146
20130828;165.81;167.02;165.35;165.55;651578
20130829;165.55;167.11;165.5;166.14;398828
20130830;166.64;166.84;165;165.41;313403
20130903;167.99;168.49;165.68;167.12;753834
20130904;167.25;168;166.58;166.67;1012238
20130905;166.04;167.49;165.46;166;680694
20130906;166.43;166.78;163.31;165.18;1293309
20130909;165.48;166.27;165.13;165.74;1804821
20130910;166.29;166.3;162.53;163.04;2242926
20130911;164.13;164.6;163;163.9;1476534
20130912;163.63;164.16;162.22;163.06;1233346
20130913;163.18;166.83;163.11;166.35;869425
20130916;168.73;169.41;166.92;167.21;779859
20130917;168.03;168.03;166.36;166.68;410887
20130918;167.1;169.3;165.74;168.12;831847
20130919;168.1;169.35;167.91;168.31;725659
20130920;168.17;168.65;167.04;167.33;938696
20130923;166.79;167.4;163.86;165;771169
20130924;165.27;166.53;164.06;165.18;776505
20130925;164.56;165.76;161.98;163;782677
20130926;164.07;166.04;163.66;165.53;734143
20130927;165.03;166.31;164.33;165.63;800212
20130930;163.59;165.65;162.56;164.73;684528
20131001;165.64;166.32;164.04;164.93;558002
20131002;164.34;164.41;161.9;164.01;908477
20131003;164.15;166.23;163.25;164.48;851337
20131004;164.47;167.57;163.76;166.69;547695
20131007;165.45;166.6;164.25;164.35;634442
20131008;164.56;165.01;160.55;161.1;794751
20131009;159.82;164.1;159.35;162.4;1071083
20131010;165.38;165.38;163.4;163.64;717850
20131011;163.65;164.1;161.26;161.34;749972
20131014;160.94;162.41;160.31;161.1;654892
20131015;160.95;161.66;158.31;158.73;1922623
20131016;159.18;159.75;157.57;158.68;1421147
20131017;158.47;162;157.01;161.68;1354284
20131018;162.01;163.94;161.8;163.9;637420
20131021;164.26;164.86;163.1;163.61;398490
20131022;164.2;167.11;163.61;166.53;915514
20131023;166.08;166.44;163.21;164.21;541117
20131024;164.16;165.14;163.97;164.7;418579
20131025;165;165.6;163.98;164.54;457873
20131028;164.44;165.22;163.07;165.05;533532
20131029;165.79;166.27;164.55;165.61;628198
20131030;165.6;167.84;165.53;166.82;679886
20131031;166.33;166.92;164.92;165.64;571457
20131101;166.55;168.97;166.44;168.8;973235
20131104;169.67;171.98;168.31;169.59;935366
20131105;169.71;173.32;169.61;171.19;1961706
20131106;180;180.78;176.81;180.52;3249461
20131107;180.25;181.07;172.43;172.81;2559211
20131108;172.99;173.72;172.32;173.42;1034484
20131111;173.4;173.5;171.8;172.53;1346503
20131112;172.16;173.08;171.21;171.49;1194820
20131113;171.97;176.37;171.97;176.07;1225367
20131114;175.4;176.7;174.8;176.67;830965
20131115;176.52;176.82;173.44;175.9;1162242
20131118;175.29;175.76;172.65;173.07;730863
20131119;173.56;174.27;172.5;173.26;558302
20131120;173.91;174.68;171.81;172;605958
20131121;172.42;172.93;170.8;171.98;663811
20131122;172.21;175.12;172.19;175.02;667079
20131125;175.42;175.98;174.6;175.51;507229
20131126;175.57;177;175.29;175.36;507984
20131127;175.69;175.69;173.81;174.31;325261
20131129;174.9;175.71;173.74;175.23;265256
20131202;175.08;175.28;173.18;174.05;413966
20131203;173.79;174.84;171.84;173.15;710851
20131204;172.37;174.2;172.37;173.63;602053
20131205;172.89;173.84;172.02;173.5;613215
20131206;174.74;174.74;171.93;172.29;705780
20131209;172.64;174.52;171.01;171.18;596695
20131210;170.73;172.52;170.73;171.73;697071
20131211;172.23;173.14;170.95;171.09;724338
20131212;170.59;173.39;169.86;173.02;921182
20131213;173.02;175.35;173.02;175.19;1000718
20131216;175.42;176.87;174.26;175.56;829362
20131217;175.3;175.33;173.5;174.35;646578
20131218;174.87;177.25;172.67;177.09;818778
20131219;178.37;178.37;175.02;175.14;651865
20131220;175.74;176.41;174.94;175.05;657095
20131223;175.54;175.99;174.22;174.87;504408
20131224;175;176.86;174.89;176.03;320734
20131226;176.36;176.78;175.42;175.97;274165
20131227;176.04;176.62;175.21;175.97;286949
20131230;175.69;176.89;175.67;176.34;257801
20131231;175.91;177.2;175.6;176.57;330268
20140102;175.44;176.88;174.93;175.37;750575
20140103;175.75;178.59;175.37;177.19;665931
20140106;177.53;177.53;174.5;174.68;637674
20140107;175.02;175.57;174.25;175.4;466856
20140108;175.33;176.14;171.83;172.32;736139
20140109;173.25;173.26;170.46;172.88;649857
20140110;172.82;175.13;172.57;173.95;550274
20140113;173.58;174.16;166.69;167.5;992377
20140114;167.24;169.14;166.94;167.47;870393
20140115;168.12;170.04;167.06;168.08;632586
20140116;166.15;166.39;162.91;163.31;1753073
20140117;163.23;164.16;162.23;162.49;1045427
20140121;162.74;164.08;160.69;160.9;877604
20140122;160.66;161.45;159.31;159.86;886823
20140123;159;159.59;158.07;158.65;1075873
20140124;157.83;159.78;156.34;157.62;1184674
20140127;157.53;158.54;156.04;156.95;874679
20140128;157.35;158.17;156.13;156.74;840232
20140129;155.9;157.06;155.3;155.51;951374
20140130;157.2;159.49;157.06;158.23;927180
20140131;156.18;158.18;155.7;156.89;788574
20140203;156.25;158.13;152.79;153.66;1161857
20140204;154.3;157.24;153.7;154.18;1890197
20140205;163.82;164.13;146;148.71;11478553
20140206;150.02;154.33;149.67;152.23;2158377
20140207;153.2;156.98;151.65;155.89;1944078
20140210;155.7;156.32;154.55;155.25;1095660
20140211;157.5;158.33;155.07;156.8;1384747
20140212;157.34;157.93;154.26;154.5;1787710
20140213;154.05;156.5;153.45;156.15;1253323
20140214;154.56;159.97;154.56;158.39;1659631
20140218;158.6;158.96;156.18;157.15;863793
20140219;156.4;158.32;156.4;156.97;1049909
20140220;157.12;159.13;157.12;157.66;961326
20140221;157.66;158.84;157.66;158.4;791481
20140224;157.65;161.33;157.65;159.27;1163609
20140225;159.21;160.57;157.85;159.99;779152
20140226;164.31;164.4;161.08;162.12;1482841
20140227;160.15;161.81;159.91;161.79;2940643
20140228;161.9;162.2;160.31;161.08;1202776
20140303;159.13;160.97;159.13;160.27;987601
20140304;161.81;162.45;160.9;161.94;967610
20140305;161.93;162.39;160.84;161.45;986858
20140306;161.63;162.26;160.69;162.16;1054755
20140307;162.5;165;162.21;164.05;1028362
20140310;163.85;164.38;162.17;164.29;1315194
20140311;164.27;165;161.81;162.23;1341872
20140312;161.73;162.6;161.01;162.57;674928
20140313;162.94;163.35;158.79;159.41;898931
20140314;159.39;161.21;159.39;160.08;796431
20140317;161.15;162.03;160.04;161.51;744822
20140318;163;164.5;161.77;163.8;947531
20140319;163.99;163.99;160.31;161.26;720794
20140320;161.12;161.63;159.21;160.47;637550
20140321;162.12;163;160.13;161.04;1027023
20140324;161.43;162.26;158.82;160.01;864071
20140325;160.81;160.85;155.85;156.29;1477456
20140326;157.5;160.24;156.48;156.48;1229265
20140327;156.24;158.53;156.24;156.98;762945
20140328;157.36;159.18;157.09;158.24;734560
20140331;159.78;161.21;159.06;160.93;867714
20140401;161.1;163.72;160.99;163.72;954616
20140402;163.77;164.75;162.73;163.41;774343
20140403;164.17;164.67;161.99;162.68;654066
20140404;162.92;163.35;158.31;158.64;1014866
20140407;158.32;158.75;154.51;155.58;1239855
20140408;155.85;156.56;154.39;155.92;1298230
20140409;154.58;157.89;154.58;157.44;712986
20140410;157.65;158.29;153.75;153.79;784381
20140411;152.82;154.49;152.66;153.55;918049
20140414;154.2;155.27;153.57;154.39;675279
20140415;154.76;155.97;152.79;155.34;737774
20140416;156.45;157.53;154.62;155.05;585075
20140417;154.55;156.08;154.14;154.38;642940
20140421;154.53;155.13;153.6;153.92;424253
20140422;154.91;155.86;154.01;154.86;1087084
20140423;155.17;155.7;153.79;153.84;700474
20140424;154.37;154.89;152.25;154.61;888624
20140425;154.55;155.01;152.97;153.09;732151
20140428;153.83;154.95;149.01;151.47;1317906
20140429;151.65;152.83;150.77;152.31;869814
20140430;151.96;152.22;150.05;151.37;851991
20140501;151.59;153.67;150.38;153.4;1035751
20140502;153.75;156.99;153.46;155;971626
20140505;154.41;155.99;152.34;155.86;796970
20140506;155.15;156.15;153.63;153.89;1017249
20140507;154.05;154.36;150.41;152.56;994665
20140508;152.65;156.39;151.88;151.99;1648178
20140509;144.18;149.5;141.93;148.81;4800410
20140512;147.86;148.76;146.43;147.34;2628332
20140513;147.34;150.18;147.34;149.16;1557758
20140514;149.16;149.73;147.26;147.52;760506
20140515;147.1;147.78;145.4;147.47;1087072
20140516;147.93;149.9;147.17;149.77;1056061
20140519;149.39;151.21;149.39;150.99;972759
20140520;151;151.18;149.84;150.26;1021834
20140521;150.44;151.7;149.88;150.82;587417
20140522;150.56;152.26;150.38;151.9;661919
20140523;152.01;152.86;151.25;152.72;578636
20140527;153.21;154.41;152.74;153.5;789959
20140528;154.44;154.6;152.38;152.6;872162
20140529;152.81;153.09;152.1;153.06;474895
20140530;152.68;153.79;152.68;153.48;586960
20140602;153.58;153.77;152.76;153.17;575272
20140603;152.18;154.46;152;154.27;658364
20140604;153.47;155.96;153;155.41;848198
20140605;154.38;154.81;153.03;154.27;1356692
20140606;154.38;154.96;153.89;154.5;681004
20140609;154.74;155.75;154.69;155.31;534200
20140610;155.3;155.3;154.36;154.65;577487
20140611;154.59;154.59;153.13;153.44;458018
20140612;152.81;153.35;152.39;152.69;674033
20140613;152.75;153.8;152.4;153.54;791507
20140616;153.05;153.62;152.65;153;507601
20140617;152.88;155.06;152.88;154.69;527580
20140618;154.84;156.22;154.4;156;611325
20140619;156.05;156.5;153.94;154.25;650181
20140620;155.5;156;154.17;155.57;1022292
20140623;155.46;156.18;154.78;156.09;667670
20140624;156.09;160.27;155.91;157.9;1525005
20140625;157.48;158.33;155.72;155.94;1103474
20140626;155.93;157.27;154.77;157.08;1071975
20140627;157.08;160.75;156.41;160.42;1404386
20140630;161;161.11;159.05;160.69;674606
20140701;161.15;164.01;160.44;161.63;1085257
20140702;161.63;162.49;161.24;161.45;732383
20140703;162.02;163.37;162;162.88;415784
20140707;162.52;162.91;161.58;161.88;736172
20140708;161.7;161.88;160.45;160.88;944278
20140709;161.19;163.24;160.77;162.92;881004
20140710;161.1;161.51;159.8;159.97;662102
20140711;160.19;160.19;158.4;159.13;565930
20140714;160.09;160.39;158.97;159.46;412077
20140715;158.86;159.72;158.51;158.86;466962
20140716;159.03;159.65;157.78;158;639187
20140717;157.68;158.24;156.89;157.19;533959
20140718;157.69;158.13;156.53;157.69;560510
20140721;157.25;158.37;156.96;157.77;411102
20140722;157.96;160.06;157.14;159.23;530054
20140723;159.43;159.72;158.45;159.5;292440
20140724;160.27;161.84;159.74;161.52;423749
20140725;161.13;161.51;159.44;159.64;418684
20140728;159.96;160.6;158.95;159.92;362312
20140729;159.95;160;158.28;158.33;693801
20140730;158.83;159.86;158.47;159.35;652615
20140731;157.58;158.62;155.64;155.86;809464
20140801;155.97;156.92;153.87;154.55;788461
20140804;154.55;156.6;154.24;156.3;837082
20140805;154.65;157.46;154.19;156.57;1448948
20140806;152.22;158;152.22;156.88;1953908
20140807;159.1;159.96;157.51;158.12;1345450
20140808;158.14;160.55;157.27;160.44;649048
20140811;161.5;163.42;161.01;162.76;1031532
20140812;162.67;163.88;161.78;162.78;1262598
20140813;162.7;162.85;159.95;162.24;1141850
20140814;162.13;163.34;161.2;163.18;577413
20140815;164.04;164.51;162.17;163.54;846061
20140818;164.58;166.35;164.07;165.36;575386
20140819;165.73;167.03;165.73;167;532706
20140820;166.42;169.91;165.83;169.33;994996
20140821;169.54;170;168.41;169.27;731738
20140822;169.5;170.83;168.81;169.77;583799
20140825;170.29;170.73;169.65;169.96;624397
20140826;169.9;169.9;168.64;169;808127
20140827;169.75;170.63;168.66;169.68;637926
20140828;168.45;169.27;167.29;169.05;658727
20140829;169;169.35;167.92;169.2;517778
20140902;169.29;170.34;168.84;169.81;611211
20140903;169.9;170.01;168.72;169.05;596448
20140904;169.75;173.46;169.75;172.46;1096802
20140905;171.66;172.99;171.06;172.9;582405
20140908;172.38;173.36;172.22;172.5;426726
20140909;174.31;174.47;172.92;173.52;747995
20140910;173.51;174.76;173.25;174.7;733622
20140911;174.14;174.98;172.88;173.27;676113
20140912;172.97;174.09;172.97;173.79;920646
20140915;173.46;174.01;170.76;170.99;988317
20140916;171;172.6;170.63;172.6;732650
20140917;173.1;173.39;171.62;172.78;577994
20140918;172.8;173.81;172.24;172.84;567279
20140919;173.9;173.96;171.66;171.98;1377747
20140922;171.88;172.59;169.29;169.84;1065288
20140923;169.68;170.57;169.16;170.01;955697
20140924;170.19;170.81;166.76;167.6;1404835
20140925;167.13;167.44;163.85;164.92;1151619
20140926;165.89;166.06;163.1;165.64;838343
20140929;164.67;166.19;164.37;165.03;597581
20140930;164.89;165.7;163.76;164.73;694755
20141001;164.8;164.8;161.84;163.36;975345
20141002;163.27;167.34;162.86;167.12;1126217
20141003;167.51;168.44;166.22;166.4;772093
20141006;166.76;167.52;163.98;164.39;806095
20141007;163.48;164.82;162.93;163.12;914821
20141008;163.51;166.3;162.78;166.11;888285
20141009;165.22;166.12;162.85;163.04;1043964
20141010;163.39;164.29;160.43;160.43;799272
20141013;160.16;160.19;157.22;157.53;767993
20141014;158.95;159.27;156.85;157.73;853197
20141015;155.54;157.38;153.39;156.72;1047600
20141016;154.51;159.51;153.5;157.67;793535
20141017;158.93;159.51;155.56;156.25;1177159
20141020;155.31;157.47;154.03;157.2;914204
20141021;157.68;161.22;157.67;161.16;602862
20141022;161.21;162.99;160.56;160.57;476840
20141023;161.38;163.35;160.86;161.18;727821
20141024;161.03;161.03;159.48;160.25;1148865
20141027;160.25;161.54;158.48;161.35;1071905
20141028;161.06;161.47;158.96;160.92;1167695
20141029;157.67;167;157.52;161.79;2439982
20141030;161.55;166.59;160.97;166.11;952185
20141031;167.1;167.95;164.28;164.84;908499
20141103;164.75;166.56;164.32;165.68;684913
20141104;165.48;165.5;162.31;164.15;718152
20141105;164.61;165.69;164;164.78;536220
20141106;165.47;171.6;165.31;171.39;872815
20141107;170.92;174.9;170.78;174;1387398
20141110;174.37;175.45;171.58;171.92;761995
20141111;171.08;172.46;170.4;171.07;657706
20141112;170.94;173.42;169.9;172.93;839424
20141113;172.83;174.15;171.51;173.17;746806
20141114;173.42;174.73;172.47;174.24;727355
20141117;173.79;176.41;173.12;176.05;805072
20141118;175.58;176.72;174.64;176.56;723652
20141119;176;179.78;175.61;179.66;948797
20141120;178.74;182.02;178.11;179.78;1038634
20141121;181.41;182.5;179.43;180.05;944992
20141124;180.52;181.8;178.81;181.32;605148
20141125;181.32;183.48;181.15;182.64;857626
20141126;182.62;183.28;181.57;182.07;501554
20141128;182.59;185.14;182.52;184.9;511037
20141201;183.83;184.26;180.65;181.28;1002764
20141202;181.77;182.78;180.22;180.58;630834
20141203;180.55;183.4;180.05;183.28;634024
20141204;182.42;184.66;182.24;183.16;908266
20141205;182.79;183.59;181.57;183.3;553638
20141208;183.18;184.45;182.12;183.08;725776
20141209;180.97;183.23;180.56;182.44;543929
20141210;182.07;182.83;179.35;180.1;596440
20141211;180.11;183.35;179.64;180.92;600709
20141212;180.92;183.75;179.9;181.64;817288
20141215;182.25;182.73;178.89;180.03;901288
20141216;179.79;179.85;176.5;176.6;786748
20141217;176.82;179.62;175.2;179.2;808516
20141218;181;181.82;179.21;180.59;827801
20141219;180.79;181.8;176.93;178.82;905478
20141222;179.15;180.44;178.89;180.23;659132
20141223;180.23;184.28;180.23;183.65;726982
20141224;184.15;184.87;183.9;184.35;345437
20141226;184.84;185.92;184.48;185.12;400146
20141229;184.5;187.25;184.26;186.73;532216
20141230;186.68;187.46;185.22;186.23;382389
20141231;186.41;187.49;185.12;185.16;461703
20150102;185.98;186.67;181.41;183.1;504270
20150105;179.78;180.5;176.82;177.88;1765039
20150106;178.04;178.49;173.25;174.41;1490128
20150107;175.67;178.9;175.5;178.78;620386
20150108;177.7;179.57;177.09;178.57;793597
20150109;177.17;177.41;174.28;175.99;749223
20150112;174.65;176;173.23;174.42;1003248
20150113;175.88;177.53;172.2;173.64;923372
20150114;171.8;173.45;169.72;172.3;774513
20150115;172.83;172.83;169.41;169.46;532479
20150116;169.57;170.32;167.54;170.05;1250084
20150120;170.85;170.95;167.82;168.22;1083189
20150121;167.56;171;167.25;169.52;744342
20150122;170.23;172.09;169.29;170.83;1208441
20150123;170.48;171.53;168.66;168.77;956239
20150126;168.2;169.63;166.53;169.29;1030718
20150127;168.48;168.65;164.49;167.5;1303739
20150128;168.7;169.14;166.11;166.2;922767
20150129;167.12;170.53;166.78;170.03;764202
20150130;167.81;169.87;166;166.89;959543
20150202;166.44;168.44;164.01;167.8;1068051
20150203;168.79;171.27;168.14;170.83;1181492
20150204;151.5;153.27;139.21;139.71;10498571
20150205;138.09;143.2;136.5;141.77;4375060
20150206;142.24;142.24;138.4;138.87;2437839
20150209;138.55;138.69;135.1;136.09;1949722
20150210;137.04;137.49;134.88;135.11;1805151
20150211;135.49;136.28;134.34;135.17;1852115
20150212;135.32;136.2;134.26;135.8;1341561
20150213;135.9;137.15;134.87;135.2;1364659
20150217;135.21;136.74;133.5;136.34;1206404
20150218;136.3;137.14;136.01;136.42;1025650
20150219;136.05;137.5;135.69;136.97;1175061
20150220;136.75;140.48;136.44;139.3;1518032
20150223;139.77;140.01;138.3;138.67;1094013
20150224;138.37;139.07;137.87;138.09;720664
20150225;138.1;139.01;137.91;138.44;983743
20150226;138.43;139.02;137.21;137.48;758265
20150227;137.48;137.98;136.02;137.41;813939
20150302;137.85;138.59;136.92;138.06;775550
20150303;138.47;138.47;135.65;135.93;901388
20150304;135.79;136.04;134.44;134.94;1138820
20150305;134.99;135.66;134.14;134.29;634526
20150306;134.15;134.8;131.5;131.93;1125378
20150309;131.79;133.01;131.18;132.86;975500
20150310;132.01;132.01;129.5;130.46;1165002
20150311;130.5;131.32;127.29;127.66;1248371
20150312;128.13;130.65;127.6;130.48;1049534
20150313;129.73;130.53;128.93;130.01;752530
20150316;130.11;130.6;129;129.7;864419
20150317;129.02;130.23;128.71;129.1;779791
20150318;128.95;132.66;128.82;132.3;1020466
20150319;132.1;133.44;131.59;132.64;890751
20150320;132.94;133.88;132.5;133.18;1187555
20150323;133.16;134.35;133.12;133.87;538735
20150324;133.55;134.12;133.2;133.73;647882
20150325;133.44;134.4;132.86;132.86;982567
20150326;131.87;132.7;131.25;131.97;567090
20150327;131.71;132.99;130.29;131.22;561984
20150330;132.76;133.12;131.92;132.27;457292
20150331;131.45;132.89;131.13;131.5;623291
20150401;131.57;132.76;130.03;132.7;1026852
20150402;132.91;134.81;132.47;134.67;1398034
20150406;133.76;138.02;133.76;137.82;1807792
20150407;139.06;140.49;139;139.19;1541969
20150408;139.89;140.66;138.6;139.44;919783
20150409;139.33;141.08;139.21;140.26;880823
20150410;139.92;140.14;137.13;138.12;917649
20150413;137.68;138;136.8;137.53;662521
20150414;137.34;137.99;136.73;137.09;506059
20150415;138;138.37;137.48;137.57;629025
20150416;137.78;138.17;136.62;137.32;686857
20150417;136.16;136.75;133.46;133.78;782219
20150420;135.09;137.61;134.83;136.95;710834
20150421;137.14;137.84;134.55;135.95;759782
20150422;136.63;136.63;135.33;136.39;615702
20150423;136.91;138.68;136.34;137.37;585191
20150424;137.3;138.32;136.03;136.47;475152
20150427;136.2;136.94;135.31;135.7;453987
20150428;134.74;136.16;133.6;134.86;523618
20150429;134.45;134.7;132.91;134.07;855429
20150430;134.01;134.54;132.28;133.41;834370
20150501;134.11;136.65;133.94;136.12;738257
20150504;136.11;136.86;135.37;135.95;685993
20150505;135.27;136.17;134.39;135.4;621959
20150506;135.31;135.49;133.7;133.94;602698
20150507;134.23;134.7;133.18;134.08;621788
20150508;135;135.88;134.24;134.39;746743
20150511;134.25;135.58;133.96;134.64;1062682
20150512;133.65;134.73;132.38;133.2;1824490
20150513;129.5;134.78;128.28;129.18;3250781
20150514;130.26;132.75;127.77;131.69;1625787
20150515;131.77;134.1;131.48;133.11;919891
20150518;133.37;134.31;132.32;132.53;753755
20150519;132.37;132.76;130.35;130.7;894537
20150520;131.04;132.36;130.82;131.39;1055661
20150521;131.04;131.77;130.71;131.53;879713
20150522;131.75;133.4;131.69;133.03;678156
20150526;132.53;132.64;128.42;128.44;1189615
20150527;128.03;129.72;127.78;128.26;765288
20150528;130.71;132.95;129.99;131.85;1050845
20150529;131.63;132.22;130;130.4;790351
20150601;130.77;132.24;129.78;131.6;755145
20150602;132.14;136.27;132.11;135.37;1844509
20150603;135.37;137.57;135.17;136.86;1180957
20150604;135.95;137.89;135.95;137.08;963138
20150605;137;138.05;136.76;137.1;887807
20150608;136.5;137.23;136.1;136.43;584140
20150609;136.7;137.26;135.66;136.31;684014
20150610;136.72;137.42;135.47;135.58;605751
20150611;135.56;136.32;134.25;135.77;518443
20150612;135.28;135.42;134.18;135.25;357974
20150615;134.49;134.85;133.33;134.05;506253
20150616;133.5;134.88;133.08;134.37;716215
20150617;134.61;135.17;132.95;134.71;721627
20150618;135.53;140;135.25;139.5;1230534
20150619;139.1;140.9;138.71;140.24;1148687
20150622;141;141.03;138.98;139.26;593938
20150623;139.11;140;138.52;139.56;571231
20150624;138.9;139;137.42;137.65;974594
20150625;138.02;138.44;136.11;136.17;625506
20150626;136.81;137.44;135.78;136.86;1357625
20150629;135.39;135.67;133.78;133.83;836123
20150630;134.58;134.58;131.94;132.36;599507
20150701;133.34;133.58;131.83;133.26;858893
20150702;133.58;135.27;133.32;134.76;639384
20150706;133.69;134.07;131.42;132.62;674395
20150707;133.05;133.95;130.87;133.79;618793
20150708;132.64;133.8;129.05;129.54;725904
20150709;130.8;131.53;128.78;128.99;621674
20150710;130.5;131.43;128.45;129.7;791939
20150713;132;134.55;131.64;134.27;819523
20150714;134.5;135.52;133.89;135.28;541092
20150715;135.03;135.17;132.37;132.59;625033
20150716;133.45;134.17;132.68;132.99;500627
20150717;132.6;133;130.25;130.76;427921
20150720;130.71;131.14;129.82;130.51;691339
20150721;130.43;132.04;129.52;130.27;448733
20150722;129.87;130.64;129.58;130.03;489030
20150723;130.78;130.78;128.59;128.82;389492
20150724;129.59;129.9;125.44;126.85;573030
20150727;126.49;126.5;124.38;125;792497
20150728;125.5;126.73;123.52;126.61;765873
20150729;126.46;127.07;125.44;126.92;539336
20150730;126.38;127.8;125.88;127.12;548610
20150731;127.42;127.84;125.74;125.89;1194064
20150803;125.24;125.66;119.16;123.29;2223750
20150804;123.51;125.73;122.43;123.31;1489168
20150805;127.65;129.16;120.88;121.5;2201513
20150806;121.83;122.29;119.62;120.17;2291372
20150807;119.74;120.84;119;120.2;1435659
20150810;121.03;121.41;119.31;120.54;1349555
20150811;119.83;120.01;118.51;119;1212937
20150812;118.48;118.48;116.18;118;1111024
20150813;118.23;118.7;117.02;117.29;905955
20150814;117.33;118.58;117.03;118;1165135
20150817;117.27;118.15;116.46;117.99;711466
20150818;118;118.31;116.62;117.23;1018404
20150819;117.08;117.43;115.43;115.72;1164683
20150820;114.46;115.48;112.88;112.9;1456799
20150821;111.65;112.5;110.18;110.64;1514672
20150824;105.04;111.72;104.63;107.59;2295430
20150825;110.01;110.2;104.94;105.02;1294332
20150826;107.69;108.29;104.34;106.79;1349688
20150827;108.63;109.88;107.13;109.18;1151249
20150828;109.04;111.72;108.5;110.89;1019691
20150831;110.37;113.19;109.42;111.19;1140564
20150901;109.37;110.71;107.76;108.44;773206
20150902;109.67;109.87;107.5;109.5;611254
20150903;110.2;111.54;109.05;110.96;922503
20150904;109.45;110.32;108.25;108.98;517445
20150908;110.73;111.36;109.94;111.05;637810
20150909;112.26;113.5;108.6;108.84;662906
20150910;108.66;110.26;108.59;109.12;631604
20150911;108.88;110.33;108.04;109.71;651619
20150914;109.37;109.38;107.41;107.91;630508
20150915;108.34;109.9;107.8;109.71;720024
20150916;109.71;114.91;109.5;114.6;1249234
20150917;114.41;116.05;113.49;113.95;1235137
20150918;112.5;112.83;109.07;109.38;1021509
20150921;110.78;111.89;110.11;111.51;1116128
20150922;110;110.68;109.05;110.35;785413
20150923;110.44;112.07;106.92;108.07;563376
20150924;109.53;110.63;106.92;109.2;932589
20150925;110.47;110.71;107.75;108.32;746651
20150928;107.79;109.23;104.61;104.88;764157
20150929;104.79;105.79;103.29;104.05;717677
20150930;111.62;119.14;111.55;118.16;4770491
20151001;117.2;118.25;115.11;116.56;1562704
20151002;115.46;117.37;113.5;117.36;1106239
20151005;118.26;119.52;116.31;119.28;915461
20151006;119.11;121.3;117.89;119.99;990551
20151007;120.33;120.97;117.27;118.62;1102004
20151008;118.64;122.09;117.1;121.25;939589
20151009;120;121.56;118.9;120.54;751750
20151012;121.85;123;119.74;120.58;596527
20151013;119.27;120.27;118.19;118.73;634088
20151014;119.11;120.1;118.12;118.73;744995
20151015;119.23;119.61;115.88;117.29;827768
20151016;117.82;117.82;115.18;116.96;735851
20151019;116.67;117.66;115.75;117.21;914854
20151020;117.21;118.65;116;117.75;971476
20151021;118.08;118.1;115.5;115.81;931596
20151022;116.29;117.51;115.81;116.68;404131
20151023;114.94;116.68;110.48;113.69;2025329
20151026;114.1;115.52;113;113.61;653089
20151027;113.8;114.47;112.05;112.18;917880
20151028;112.28;113.36;110.59;112.43;861875
20151029;109.42;111.01;108.98;110.33;1222423
20151030;110.67;112;110.26;110.77;1008809
20151102;110.89;111.33;108.75;110.85;573776
20151103;111.45;114.59;110.46;114.17;1186881
20151104;114.47;115.14;112.07;113.57;1414085
20151105;127;135.22;126.76;130.5;4720507
20151106;130.64;137.38;130.48;137.24;2392718
20151109;136.9;136.91;133.35;134.34;1541740
20151110;133.65;134.7;130.14;133.2;1046223
20151111;132.03;132.49;124.64;124.96;2035090
20151112;123.88;125.36;121.96;122.13;1354174
20151113;119;120.92;116.63;119.72;2093154
20151116;119.01;121.1;117.55;120.64;1013927
20151117;120.8;121.4;116.63;119.32;1431691
20151118;119.41;119.64;117.01;119.39;1127375
20151119;119.21;123.48;119.21;122.71;1405100
20151120;123.02;125.57;122.17;123.71;1077752
20151123;123.2;126.91;122.99;126.2;902531
20151124;124.41;125.58;121.93;124.99;1149459
20151125;125.77;126.71;124.53;125.61;605988
20151127;125.68;126.29;122.86;123.99;405502
20151130;123.16;125.01;122.17;124.21;1127442
20151201;124.47;125.61;123.98;124.83;733461
20151202;125.18;127.01;124.51;125.72;995470
20151203;124.71;124.82;120.94;122.17;1587725
20151204;121.95;123.87;119.68;120.84;1611535
20151207;119.15;119.9;116.08;119.59;1277525
20151208;117.53;119;114.38;118.67;1833636
20151209;117.51;119.6;116.84;118.19;868014
20151210;117.94;119.22;115.57;115.85;688957
20151211;114.41;114.79;112.64;112.98;1063699
20151214;112.9;113.95;111.52;113.04;880798
20151215;114.04;114.93;112.75;114.54;773808
20151216;114.93;117.22;114.27;115.86;811389
20151217;116;116.58;111.97;112.75;1206564
20151218;112.13;113.53;109.73;111.66;2013004
20151221;112.05;112.29;109.47;110.61;777927
20151222;111.07;113.43;109.24;111.81;1086392
20151223;112.93;114.84;111.81;114.51;779843
20151224;114.04;114.79;112.01;113.38;360051
20151228;113.01;113.85;110.64;112.39;437748
20151229;113.34;114.64;112.67;113.98;447155
20151230;113.96;114.93;112.11;112.66;663479
20151231;112.42;113.67;111.43;111.48;508586
20160104;109.99;111.72;108.01;111.56;1359130
20160105;112.11;112.11;108.33;110.88;1051254
20160106;109.93;110.15;106.17;108.1;1417004
20160107;106.12;109.55;104.45;104.56;1162194
20160108;105;106.78;103.35;103.59;1066639
20160111;103.21;104.67;100.37;102.04;1341323
20160112;103.6;105.87;101.84;103.96;1071671
20160113;104.96;105.99;100.57;100.78;1045918
20160114;100.62;102.06;98.15;101.04;1140162
20160115;98.52;101.85;98.25;100.68;1420758
20160119;101.44;104;99.34;101.38;1332517
20160120;99.92;105.06;99.66;103.4;2269495
20160121;103.51;108.06;102.08;105.94;1642028
20160122;107.84;109.7;105.98;106.97;1042956
20160125;106.94;107.85;105.05;106.53;904175
20160126;107.37;110.24;106.73;109.12;963328
20160127;108.06;110.96;107.26;108.46;1087464
20160128;110.61;112.82;108.16;109.63;1050447
20160129;110.62;113.03;109.06;112.5;1421737
20160201;111.2;113.5;110.31;112.33;1370318
20160202;114.61;115.54;110.55;111.76;2034025
20160203;112.66;115.85;110.5;115.56;2338662
20160204;103.27;103.5;88.24;89.95;10823175
20160205;88.53;90.63;87.01;87.25;4939955
20160208;85.1;87.31;84;85.23;2826382
20160209;84.75;85.91;82.79;83.7;2354792
20160210;84.33;86.06;83;84.5;2512993
20160211;83.63;85.7;82.15;83.18;1831211
20160212;83.8;87.77;83.8;86.94;2491084
20160216;87.71;89.07;86.23;88.33;1328327
20160217;89.56;90.65;88.47;89.24;1552592
20160218;89.36;89.83;88.33;88.83;731605
20160219;87.7;88.58;86.55;88.28;830032
20160222;89.49;91.43;88.28;91;1057725
20160223;90.89;92.14;89.48;89.8;1102886
20160224;88.61;90.33;88.17;89.96;1053205
20160225;90.2;92.25;88.6;91.92;856170
20160226;91.97;92.03;89.36;90.85;927130
20160229;90.85;92.54;90.69;90.76;741663
20160301;92.02;94.12;91.12;93.69;1065441
20160302;93.52;94.62;92.77;94.57;643798
20160303;94.32;96;94.1;95.77;1120755
20160304;95.84;98.45;95.32;97.16;1132344
20160307;96.73;100;96.42;98.7;1436658
20160308;98.25;98.88;97.03;97.12;950595
20160309;97.44;98.2;95.34;97.15;852101
20160310;97.46;98.63;94.79;96.25;916636
20160311;97.22;99.38;96.75;98.49;717992
20160314;98.16;99.57;97.7;98.57;675261
20160315;97.69;98.13;96.76;97.3;628600
20160316;96.84;97.31;94.09;95.73;1178871
20160317;95.53;97.72;95.53;97.11;928909
20160318;97.32;98.46;96.67;98.12;1203465
20160321;98.47;100.18;98.47;99.25;946265
20160322;98.26;98.55;96.29;97.76;649955
20160323;97.21;97.43;95.43;95.89;749430
20160324;95.69;95.98;93.79;95.55;594418
20160328;95.77;97.43;95.66;96.43;726925
20160329;95.82;97.45;95.05;96.5;740238
20160330;96.59;97.5;96.14;96.92;814667
20160331;96.47;97.39;95.36;96.26;978307
20160401;95.67;97.33;94.57;97.26;1085921
20160404;97.52;97.73;93.55;93.8;1226669
20160405;93.42;94.88;92.84;93.85;1015849
20160406;93.98;96.54;93.87;96.48;1413036
20160407;96.08;96.68;93.74;94.56;940260
20160408;94;94.48;90.53;91.24;1386009
20160411;91;91.82;90.28;90.37;889747
20160412;91.31;91.73;89.64;91.08;1386932
20160413;91.8;93.99;91.59;93.57;1176606
20160414;93.22;93.61;91.82;92.55;900220
20160415;92.41;94.73;92.36;94.47;1384750
20160418;94.1;95.4;93.2;95.19;646488
20160419;95.4;95.9;94.09;94.81;705547
20160420;94.65;95.79;94.2;94.83;745987
20160421;95.34;95.92;93.81;94.08;911536
20160422;94.48;95.28;93.34;93.98;796929
20160425;93.79;94.48;92.72;94.38;899262
20160426;94.28;95.02;93.35;94.97;946057
20160427;95.36;95.36;94.58;94.89;1207983
20160428;93.98;96.29;93.79;94.01;959371
20160429;94;94.43;91.98;93.21;825367
20160502;93.28;95.56;92.79;95.23;597221
20160503;94.59;95.25;93.37;94.53;763852
20160504;93.99;94.97;92.74;93.05;604334
20160505;93.13;93.48;90.94;91;914184
20160506;90.8;91.18;89.12;90.11;1260340
20160509;90;90.76;89.54;90.3;1701961
20160510;87.39;90.4;87.39;89.35;1492060
20160511;87.07;87.54;83.66;84.5;3681732
20160512;89.96;90.13;83.98;86.88;5638517
20160513;86.01;88.37;84.54;85.5;3066424
20160516;85.64;87.29;85.4;86.5;2583391
20160517;86;89.98;85.58;88.11;1591311
20160518;87.2;89.1;86.5;89;1640156
20160519;89.19;90.33;87.74;89.16;1435134
20160520;89.73;91.92;89.64;91.63;1227638
20160523;91.91;93.3;91.44;92.71;2055884
20160524;92.96;94.1;92.21;93.39;1102811
20160525;93;94.5;92.67;93.93;969441
20160526;94.44;94.94;93.7;93.85;887211
20160527;93.93;94.39;93.4;94.07;663263
20160531;94.09;94.49;93.33;94.33;929318
20160601;93.65;95.87;93.57;95.46;946782
20160602;95.5;96.61;95.28;96.61;872387
20160603;96.02;96.38;95.01;95.81;1647878
20160606;96.27;97.42;95.56;96.33;1331607
20160607;86.25;96.14;86.25;94.06;7916348
20160608;94.14;94.5;92.6;93.74;2104428
20160609;92.96;96.3;92.5;96.18;1969166
20160610;95.11;96.7;94.96;95.8;1914922
20160613;95.16;96;93.78;93.83;1434171
20160614;93.38;94.11;90.79;91.36;1620846
20160615;91.99;95.4;91.91;94.56;1960783
20160616;94.04;94.24;92.95;94;970504
20160617;94.16;96;93.98;95.65;1485843
20160620;96.77;97.81;95.69;96.2;1150062
20160621;96.4;98.5;96.1;97.17;1422347
20160622;97.5;97.65;96.31;96.41;987696
20160623;97.51;98.07;96.58;97.25;990781
20160624;92.86;93.88;89.27;89.6;2758064
20160627;88.48;88.48;85.7;87.38;2794837
20160628;88.28;89.12;86.5;87.89;1362955
20160629;88.54;89.52;88.15;88.73;1468842
20160630;88.9;89.63;88.24;89.62;1192248
20160701;89.67;91.74;89.52;90.08;1046982
20160705;89.66;89.83;87.65;88.52;1064620
20160706;87.8;90.21;87.26;90.16;1041492
20160707;90.11;92.2;90.11;91.76;1028898
20160708;92.47;93.8;92.26;93.25;831056
20160711;94.05;96.46;93.57;96.01;1487256
20160712;96.37;98.76;96.34;98.57;1665098
20160713;98.99;99.11;97.92;98.53;831947
20160714;99.05;99.72;98.57;98.92;635458
20160715;99.42;99.87;98.75;98.87;601900
20160718;98.67;99.98;98.67;99.16;889643
20160719;99;99;98.12;98.8;504853
20160720;99.23;100.29;98.61;100.04;474067
20160721;100.21;100.93;98.93;99.18;551014
20160722;98.74;99.12;97.35;98.89;530005
20160725;98.92;99.95;98.29;99.76;591999
20160726;99.86;101.17;99.76;100.95;761500
20160727;100.58;101.09;98.26;99.25;1143524
20160728;99.07;99.1;96.13;96.9;1063749
20160729;96.78;98.32;96.52;98.09;732191
20160801;97.89;98.54;96.91;97.68;745886
20160802;97.62;97.62;93.3;93.4;1186886
20160803;90.31;93.46;90.31;92.86;1699105
20160804;93.21;94.83;92.96;94.27;930658
20160805;95.02;96.54;94.04;96.05;728168
20160808;96.32;97.75;95.29;95.96;733696
20160809;95.21;95.62;93.81;95.07;1686371
20160810;102.3;105.7;101.74;103.14;3771881
20160811;104.88;109.7;104.32;108.7;3011287
20160812;108.21;109.12;107.18;108.19;1339071
20160815;108.72;109.66;108.14;109.17;1091491
20160816;108.98;109.26;108.58;108.81;629848
20160817;108.57;108.76;107.32;107.5;951813
20160818;107.78;108.62;107.68;108.61;577389
20160819;108.34;109.15;108.26;108.93;554654
20160822;108.93;108.93;107.77;108.04;547479
20160823;108.95;109.85;108.22;109.09;672363
20160824;108.91;108.91;107.65;107.87;591158
20160825;107.68;108.12;106.56;107.09;542982
20160826;107.14;108.3;106.03;106.42;460084
20160829;106.29;107.33;105.77;106.45;554754
20160830;105.9;105.9;104.23;104.5;585110
20160831;104.39;104.85;102.59;103.62;540255
20160901;104.11;104.3;102.31;103.53;589687
20160902;103.5;104.35;102.68;103.23;789067
20160906;103.28;103.86;101.73;102.56;518309
20160907;102.86;104.89;102.07;104.84;839401
20160908;104.35;104.79;102.41;102.88;687978
20160909;102.56;102.56;100.52;100.74;584545
20160912;100.18;101.97;99.64;101.8;806317
20160913;100.93;101.85;99.78;100.47;570403
20160914;100.7;100.7;99.18;99.77;445741
20160915;99.17;100.22;98.68;100.06;517528
20160916;99.47;100.25;99.15;100.07;752549
20160919;100.37;100.97;99.53;99.95;671436
20160920;100.38;100.72;98.54;98.77;649193
20160921;98.78;99.6;97.99;99.11;524496
20160922;99.82;100.33;98.69;98.97;668552
20160923;98.87;100.27;98.87;99.91;740633
20160926;99.3;99.95;96.47;96.77;717316
20160927;96.84;97.98;96.28;97.86;583924
20160928;97.27;98.49;97.12;97.94;453356
20160929;98.28;100.42;98.28;99.65;1306621
20160930;100.36;101.84;100.02;101.14;969414
20161003;100.7;101.96;100.17;100.93;644964
20161004;100.68;101.4;100;100.29;572917
20161005;100.54;101.37;99.7;99.75;608161
20161006;100.33;101.79;100.01;101.41;650872
20161007;103.56;104.6;102.63;103.01;1065760
20161010;103.54;104.79;103.21;103.63;438632
20161011;103.83;104.97;102.11;102.33;531822
20161012;102.33;102.68;101.42;101.71;553796
20161013;101.05;101.17;98.04;99.69;903022
20161014;100;100.88;97.5;97.52;1157066
20161017;97.58;97.88;96.88;97.19;732015
20161018;97.57;98.27;97.26;97.64;662706
20161019;98.02;99.38;97.7;98.98;650052
20161020;98.73;98.73;97.1;97.59;632436
20161021;96.58;96.78;94.89;96.63;642552
20161024;97.13;98.83;97.13;98.6;710183
20161025;96.5;98.94;96.1;97.82;843789
20161026;97.34;99.1;97.27;98.05;414616
20161027;98.31;98.8;97.4;97.83;411585
20161028;98.53;100.16;98.05;98.14;605481
20161031;98.2;98.5;97.56;98.1;560733
20161101;98.54;100.44;97.34;98.66;707573
20161102;97.96;99.31;97.29;97.76;452178
20161103;98.14;98.32;97.35;97.64;531414
20161104;97.95;100.13;97.95;98.59;625624
20161107;100.09;100.41;99.26;99.83;817351
20161108;99.64;100;98.14;98.91;752754
20161109;97.08;103;96.1;102.15;1619566
20161110;103.27;110.45;103.1;106.26;2007438
20161111;106.84;108.88;103.72;107.1;1251875
20161114;107.15;112.39;106.93;111.59;1683714
20161115;111.59;113.59;110.48;113.17;1575196
20161116;111.71;113.69;111.71;111.92;856336
20161117;112.73;113.67;111.7;113.57;858581
20161118;112.89;113.27;110.15;110.28;693280
20161121;110.29;111.74;110.14;110.57;494543
20161122;111.33;113.75;110.49;113.68;486520
20161123;112.82;114;111.71;112.52;560513
20161125;112.54;113.06;111.96;112.17;114981
20161128;111.63;112.13;109.87;110.91;593289
20161129;110.48;110.87;108.09;108.61;1033584
20161130;107.98;108.87;104.38;104.61;1583266
20161201;105.05;106.51;104.14;104.37;905663
20161202;105.18;107.25;104.16;105.72;726882
20161205;106.64;108.74;105.94;108.19;523277
20161206;108.09;108.28;106.95;107.42;558689
20161207;106.98;109.32;106.9;108.96;631498
20161208;109.4;110.42;108.23;108.88;603341
20161209;108.83;109.74;108.44;109;488162
20161212;108.38;108.91;103.24;103.77;1044440
20161213;104.11;104.9;103.54;103.76;881973
20161214;103.19;103.86;101.17;101.75;1167676
20161215;101.6;101.67;95.67;96.93;2450481
20161216;97.07;97.1;93.46;94.75;1806898
20161219;94.35;95.34;93;93.24;1127992
20161220;93.32;94.06;92.54;92.92;1029508
20161221;92.69;93.31;92.27;92.81;568250
20161222;92.75;92.88;90.01;90.73;1145397
20161223;91;92.34;89.24;89.45;985632
20161227;89.97;91.12;89.62;90.1;954650
20161228;89.9;90.39;89.31;89.98;746480
20161229;89.9;91.07;89.9;90.74;963328
20161230;90.75;91.47;90.07;90.32;932434
20170103;91.27;93.05;90.56;90.63;1434366
20170104;91;92.49;90.15;90.62;1528624
20170105;88.62;89.12;87.07;89.05;2110534
20170106;89.27;89.45;87.55;88.58;1699690
20170109;88.94;88.94;87.22;87.25;975644
20170110;87.91;88.84;87.51;87.94;1723000
20170111;87.75;88.29;85.95;86.64;1111417
20170112;86.08;86.91;85.9;86.39;877705
20170113;86.75;87.36;85.79;86.32;806306
20170117;87;90.13;86.83;89.58;2393579
20170118;89.57;89.61;87.76;89.29;1400974
20170119;89.38;90.31;87.67;88.2;973211
20170120;88.38;89.46;87.71;88.9;926314
20170123;88.46;89.4;87.49;89.29;800624
20170124;89.77;90.5;89.43;90.11;638037
20170125;90.67;92.1;90.57;91.15;1375414
20170126;90.77;91.25;89.49;90.01;860298
20170127;90.46;90.63;87.81;87.97;1088398
20170130;87.7;88.83;87.28;88.44;939022
20170131;86.76;88.66;85.91;88.43;2011008
20170201;88.12;88.47;86.53;87.37;2174739
20170202;80.51;81;76.18;76.61;17508098
20170203;75.96;77.62;75.9;76.17;6439942
20170206;76.18;77.23;75.62;76.53;5378267
20170207;77.01;77.14;75.92;75.98;2082280
20170208;76.28;77.67;75.8;77.5;3074548
20170209;77.7;78.29;77.54;77.98;1604288
20170210;78.41;80.13;78.4;79.61;2330145
20170213;80.04;80.16;79.28;79.34;1648964
20170214;78.97;80.25;78.91;79.49;1848969
20170215;79.68;79.99;78.74;79.17;1761467
20170216;79.25;79.9;78.36;78.47;2069514
20170217;78.06;79.09;78.06;78.39;1802185
20170221;78.81;79.22;78.08;78.19;2495540
20170222;77.82;78.17;76.75;78.11;2068558
20170223;78.69;79.35;78.11;78.65;1476645
20170224;78.62;79.93;78.37;79.21;1075121
20170227;79.08;79.99;78.77;79.79;1019915
20170228;79.78;79.83;78.9;79.33;1821326
20170301;80.06;80.6;78.92;80.57;1550944
20170302;80.15;81.08;79.85;80.71;1757260
20170303;80.65;81.19;79.25;79.79;1227685
20170306;79.79;80.03;79;79.73;1130600
20170307;79.3;79.58;78.37;79.14;1437348
20170308;79.33;80.69;79.12;80.43;1323279
20170309;80.26;80.37;79.41;79.68;978682
20170310;79.81;80.7;79.57;80.3;778150
20170313;80.43;80.68;78.87;79.59;1052725
20170314;79.69;80.34;79.22;80.03;702378
20170315;79.99;81.57;79.99;81.25;1041144
20170316;80.96;81.65;80.63;81.04;610224
20170317;81.25;81.34;79.96;80.7;1586419
20170320;80.71;80.71;79.21;79.46;1021806
20170321;79.76;79.87;77.47;78.23;1440073
20170322;77.92;78.38;77.39;78.21;907722
20170323;79.57;79.96;78.72;79.22;1027909
20170324;79.17;80.18;78.92;79.74;1069422
20170327;78.93;80.52;78.78;80.42;878155
20170328;80.41;81.92;80.17;81.65;846342
20170329;80.88;83.26;80.88;82.97;1278051
20170330;82.75;83.58;81.69;81.9;1071755
20170331;82.02;82.28;81.27;81.62;990726
20170403;81.83;82.08;80.97;81.37;1475001
20170404;81;81.37;76.69;77.74;2182929
20170405;77.93;80.41;77.87;79.52;2002512
20170406;79.85;82.31;79.85;80.71;1536922
20170407;80.46;80.5;79.13;79.28;1421473
20170410;79.5;81.76;79.5;80.53;1126670
20170411;80.62;80.95;79.2;80.33;638940
20170412;80.35;80.69;79.86;80.18;732809
20170413;80.42;80.5;78.96;79.15;660524
20170417;79.21;80.05;78.9;80;505441
20170418;79.52;79.98;79.36;79.53;432272
20170419;79.85;80.5;79.26;80;1390231
20170420;79.3;80.32;79.1;79.72;1329936
20170421;79.67;79.67;78.29;78.92;1363405
20170424;79.8;80.1;79.26;79.61;1442185
20170425;79.75;80.6;79.38;80.57;890997
20170426;80.8;81.87;80.61;81.18;868806
20170427;81.5;82.57;80.75;82.42;995953
20170428;82.26;82.26;80.46;80.72;688894
20170501;80.91;80.91;79.28;79.31;608782
20170502;79.59;80.99;79.41;80.81;936013
20170503;80.69;80.93;79.19;79.87;1654280
20170504;80;80.7;79.44;80.34;1599978
20170505;80.5;82.69;80.5;82.11;1465314
20170508;82.52;84;81.95;82.1;935787
20170509;82.24;84.47;82.17;84.05;1697526
20170510;83.88;84.43;82.97;83.07;1185172
20170511;82.39;82.39;78.6;79.23;2055134
20170512;78.94;79.03;76.24;76.4;2792436
20170515;76.02;77.61;76;76.55;1879253
20170516;76.57;76.57;73.82;73.94;2826641
20170517;73.41;73.77;71.51;72.75;4010473
20170518;75;75.49;70.47;71.38;4456200
20170519;71.24;71.67;68.23;69.29;4195636
20170522;69.39;70.19;68.07;68.24;2602359
20170523;68.48;68.48;67.56;67.7;1792640
20170524;67.64;67.71;66.26;66.68;1970163
20170525;67.27;67.69;66.45;66.52;1890597
20170526;66.62;66.79;66.06;66.11;1452314
20170530;66.33;67.58;66.06;67.34;2296004
20170531;67.24;67.85;66.53;67.8;2065566
20170601;68.16;69.71;67.97;69.5;2147019
20170602;69.7;69.92;68.72;69.17;2261162
20170605;69.14;69.72;68.75;69.16;2651492
20170606;68.66;69.46;68.37;69.02;2286008
20170607;69.16;69.58;68.59;69.13;2261808
20170608;69.97;70.42;68.87;69.2;2186401
20170609;68.99;70.28;68.5;70.15;1413208
20170612;70;72;69.5;69.7;2212634
20170613;69.62;70.32;68.78;70.03;1551140
20170614;70.57;70.73;69.56;70.59;1306567
20170615;70.14;72.45;69.98;71.57;2158389
20170616;71.51;72.12;71.06;72.08;2435346
20170619;72.02;72.11;71.27;71.43;1773158
20170620;71.57;71.8;70.45;70.66;1340561
20170621;70.66;71.17;70.28;70.91;1900930
20170622;71.08;73.96;70.9;71.43;1601404
20170623;71.27;72.84;70.78;72.73;1117175
20170626;72.8;73.37;72.19;72.89;713971
20170627;72.89;73.26;72.36;72.88;1404159
20170628;72.81;73.66;72.72;72.85;799929
20170629;73.06;73.84;72.56;73.31;872960
20170630;73.72;74.29;73;73.8;2321750
20170703;73.95;75.13;73.81;74.85;417426
20170705;74.73;74.84;72.43;73.1;1293782
20170706;72.88;73.1;70.36;70.53;1871484
20170707;70.85;72.86;70.77;72.3;1359339
20170710;72.15;72.53;71.12;72.42;1480658
20170711;72.6;72.73;71.56;71.75;1376551
20170712;72.08;72.51;71.22;71.25;778744
20170713;71.62;72.35;71.3;71.88;955384
20170714;71.35;71.88;70.57;71.37;1237473
20170717;71.5;73.99;71.5;72.82;995035
20170718;72.74;72.96;71.7;72.14;1050937
20170719;72.21;73.31;72.08;72.97;873085
20170720;73.21;74;72.89;73.76;781757
20170721;73.71;75.02;73.14;74.88;1208739
20170724;74.34;74.44;72.69;73.04;896276
20170725;73.2;75.77;73.2;74.98;1147121
20170726;75.06;75.33;74.21;74.66;1248478
20170727;74.5;75.71;73.75;75.61;943442
20170728;75.61;75.97;74.69;75.24;1480581
20170731;75.58;76.24;74.52;75.65;942130
20170801;75.43;75.86;74.22;75.73;793786
20170802;75.6;76.1;75.2;75.51;638236
20170803;75.6;76.45;75.12;76.05;835464
20170804;76.05;77.35;76.02;77.29;1030703
20170807;77.37;79.38;76.86;78.15;2501167
20170808;86.31;88.75;84.25;88.53;4960265
20170809;88;90.45;86.83;87.05;3450529
20170810;86.69;87.24;83.32;83.84;2150484
20170811;83.54;85.71;82.31;83.78;1573352
20170814;84.5;85.18;83.94;84.87;1054682
20170815;84.4;85.38;83.3;84.96;1153126
20170816;85.22;86.99;85.22;86.15;1182298
20170817;85.9;86.95;85.28;85.5;1188844
20170818;85.24;85.29;83.83;84.32;1231456
20170821;84.6;85.61;84.14;84.9;957713
20170822;85.36;85.53;84.47;85.32;948759
20170823;85.23;85.71;84.51;84.59;832643
20170824;85.4;86.94;84.75;85.95;1657073
20170825;86.11;87.87;85.85;87.2;1178720
20170828;87.08;87.63;86.43;87.23;847187
20170829;86.42;86.99;86.03;86.83;548922
20170830;86.57;87.37;85.82;86.95;1121044
20170831;87.27;87.95;86.93;87.89;1088341
20170901;87.96;89.42;87.71;89.32;1188667
20170905;89.77;90.39;88.29;89.5;1293982
20170906;89.72;90.73;89.22;90.55;1693027
20170907;90.67;90.97;88.5;88.74;1480654
20170908;90.45;91.41;89.25;90.79;1683362
20170911;90.83;92.16;90.4;92.15;1029979
20170912;92.35;92.55;90.81;91.4;952679
20170913;91.42;91.63;89.88;90.63;1124223
20170914;90.49;91.12;89.4;90.82;1094550
20170915;90.38;91.26;90;90.87;1070443
20170918;91.12;91.39;89.9;90.16;835371
20170919;90.53;91.28;90.06;91.03;1071158
20170920;90.46;90.62;88.42;89.11;1031169
20170921;89.04;89.45;88.01;88.48;1074672
20170922;88.4;89.05;88;88.42;657852
20170925;88.4;90.05;88.18;88.5;1272827
20170926;89.06;89.5;88.12;88.73;1080629
20170927;88.75;89.32;87.54;89.2;1252941
20170928;88.07;89.53;87.85;88.86;1353098
20170929;88.95;89.6;88.13;88.29;985789
20171002;88.38;89.06;87.83;88.98;738980
20171003;89.47;89.66;88.5;88.54;662215
20171004;89.14;89.85;88.83;89.48;1368819
20171005;89.58;89.71;88.99;89.43;815045
20171006;89.15;89.35;88.02;88.25;1291830
20171009;88.56;88.59;86.58;86.95;741861
20171010;85.78;87.54;85.78;87.22;1261191
20171011;86.67;86.9;84.51;85.2;1605319
20171012;85.06;85.42;83.26;85.26;1239019
20171013;85.13;86.25;84.81;85.04;1258053
20171016;84.91;86.51;84.69;86.05;1326253
20171017;85.88;86.86;85.81;86.01;887109
20171018;86.34;87.04;85.21;85.33;959024
20171019;85.14;86.77;85.12;86.38;732875
20171020;87.16;90.58;86.98;90.37;1840794
20171023;89.2;92.16;89.2;89.56;2003098
20171024;89.48;90.93;89.48;90.67;1450224
20171025;90.8;92.4;90.2;91.85;1512060
20171026;91.87;92.84;91.22;91.26;1412041
20171027;90.5;91.71;89.83;91.09;1300621
20171030;90.43;92.17;90.05;91.81;1951068
20171031;91.25;91.9;89.05;89.43;2034425
20171101;90.21;90.31;88.51;89.45;2374629
20171102;95;97.2;88.69;91.73;5253255
20171103;91.73;92.41;89.71;90.67;1587960
20171106;91;91.09;87.15;88.03;2247924
20171107;88.11;88.14;83.91;85;2829166
20171108;85.13;86.69;84.53;85.43;2051785
20171109;85.21;87.32;85.21;86.3;1722030
20171110;86.41;87.92;86.36;86.63;1114214
20171113;86.72;87.34;86.34;86.67;1466632
20171114;86.15;87.46;86.15;87.2;905413
20171115;86.91;87.84;86.42;87.13;1010129
20171116;86.98;88.71;85.91;88.41;1290506
20171117;89.69;89.87;88.5;89.11;1078041
20171120;88.98;89.87;88.8;89.56;876709
20171121;89.87;90.38;88.86;90.27;785582
20171122;90.16;92.98;90.1;91.94;1251227
20171124;92.23;93;91.14;91.42;526570
20171127;91.78;92.5;91.55;92.37;899980
20171128;92.96;94.96;92.73;94.52;996420
20171129;94.41;96.83;94.3;94.65;1115007
20171130;94.41;96.04;94.16;95.15;1083881
20171201;95.15;96.55;93.78;95.6;1213261
20171204;96.6;100.12;96.09;99.71;2597730
20171205;99.67;99.7;95.64;95.79;1591350
20171206;96.26;98.26;95;97.3;1173668
20171207;97.62;100.21;97.62;99.97;1373363
20171208;100;102.38;99.49;102.34;1158027
20171211;102.15;103.09;100.24;101.19;1295895
20171212;101.19;101.84;100.09;100.14;745779
20171213;96.16;97.63;95.73;96.22;2190366
20171214;96.5;97.5;95.87;96.85;1048886
20171215;97.56;98.02;95.94;96.11;1459983
20171218;96.83;98.55;96.02;98.06;1239394
20171219;98.7;99.01;96.7;97.33;921565
20171220;97.9;98.97;97.1;98.62;1139303
20171221;98.98;101.18;98.35;100.92;1111131
20171222;101;101.98;100.41;101.8;523208
20171226;102;104;101.97;103.39;645963
20171227;103.49;103.75;102.21;103.31;693445
20171228;102.86;103.35;101.91;102.61;541124
20171229;102.63;105.52;102.36;103.69;1155361
20180102;103.41;105.31;103.05;104.88;1123100
20180103;104.5;104.74;101.36;101.64;1499904
20180104;101.81;104.05;100.52;103.52;1177718
20180105;103.64;104.44;102.56;104.38;773347
20180108;105.05;105.97;102.68;104.96;1333339
20180109;104.5;105.51;103.43;104.99;1052452
20180110;104.71;106.3;103.12;104.98;699481
20180111;105.39;106.15;104.27;105.94;677052
20180112;105.93;106.92;105.49;106.79;980268
20180116;107.03;107.39;103.73;104.42;1338113
20180117;104.49;106.85;104.42;106.05;656523
20180118;107.6;110.93;107.15;109.82;1574931
20180119;110.28;112.89;109.72;112.78;1074168
20180122;112.96;115.32;112.43;114.89;1519450
20180123;114.21;116.3;113.59;115.85;1061180
20180124;116.18;119.33;116.02;117.74;1058147
20180125;118.65;119.16;116.89;117.37;729332
20180126;117.87;118.92;116.5;118.87;957908
20180129;117.76;118.37;116.91;116.97;922156
20180130;116.74;117.5;114.9;116.09;1515539
20180131;116.16;116.8;114.31;114.31;1510789
20180201;108.01;115.48;107.03;111.5;3249353
20180202;111.05;113.86;109.15;109.8;1577202
20180205;109.39;111.09;105.17;105.44;1631664
20180206;103.26;107.37;103.05;106.73;1600937
20180207;107.12;109.06;106.8;107.7;1110938
20180208;107.53;107.57;101.2;101.32;1476436
20180209;102.94;104.47;100.09;103.49;1266524
20180212;104.33;105.61;102.74;103.39;797888
20180213;103.41;104.9;102.54;104.54;732895
20180214;103.58;107.11;103.36;106.68;723472
20180215;107.04;107.47;105.58;106.95;926898
20180216;106.02;107.57;104.73;105.59;624261
20180220;104.8;106.46;103.66;105.39;620997
20180221;105.35;109.4;105.35;106.67;817985
20180222;106.74;109.54;106.74;107.51;673019
20180223;108.37;108.54;106.4;108.53;549511
20180226;109.27;110.37;108.62;109.61;652277
20180227;110.2;111.83;107.82;107.9;703954
20180228;108.39;109.11;105.83;105.84;790757
20180301;105.8;106.96;103.92;105.12;771524
20180302;104.12;106.73;102.52;106.44;700226
20180305;106.22;108.83;106.02;107.42;752788
20180306;107.43;107.98;106.37;106.96;942447
20180307;105.82;107.54;104.95;106.97;709259
20180308;107;107.34;104.87;105.23;627062
20180309;105.97;106.26;104.5;105.84;735314
20180312;105.95;108.33;105.5;107.48;643951
20180313;108.28;108.94;107.2;107.32;566608
20180314;108.17;108.77;107.33;107.78;429302
20180315;107.99;108.55;106.8;108.44;527302
20180316;108.65;110.25;107.87;109.15;706526
20180319;108.97;110.68;107.9;108.32;616474
20180320;108.68;110.51;108.58;110.4;704548
20180321;110.44;111.85;109.41;109.47;614340
20180322;111.92;111.92;107.6;107.66;941302
20180323;107.78;109.8;106.96;107.08;772483
20180326;109.12;110.75;107.98;110.73;648723
20180327;110.64;111.95;108.94;109.59;729609
20180328;109.42;110.78;108.16;110.04;771464
20180329;111;112.69;110.57;111.8;668798
20180402;111;111.23;107.23;108.04;849458
20180403;109.09;109.99;108.05;109.84;797916
20180404;108.62;112.94;108.39;112.7;1054035
20180405;112.88;114.68;112.75;114.39;819396
20180406;113.94;114.56;110.64;111.77;848393
20180409;112.66;113.64;112.3;112.47;739859
20180410;114.38;115.35;113.12;115.05;774571
20180411;114.02;116.69;114.02;114.36;600338
20180412;114.5;115.38;113.69;113.99;584645
20180413;114.45;114.97;109.32;111.15;1188505
20180416;111.98;112.59;111.07;111.99;782132
20180417;112.73;113.82;111.26;113.41;873431
20180418;113.56;115;111.1;111.35;610588
20180419;111.34;111.77;108.91;110.09;795551
20180420;109.69;110.42;105.76;106.27;955042
20180423;106.97;110.12;106.94;109.43;864520
20180424;109.65;110.99;107.42;108.36;732756
20180425;108.36;109.74;107.64;108.79;465056
20180426;108.72;110.48;107.6;110.01;482226
20180427;109.96;112.13;109.82;111.04;866700
20180430;111.62;112.36;109.72;109.85;643331
20180501;108.36;108.63;104.63;106.93;1000492
20180502;106.79;107.48;105.05;106.56;948041
20180503;106.23;108.36;105.72;107.29;977656
20180504;106.75;107.27;105.22;106.8;809936
20180507;106.84;107.33;103.98;106.19;681429
20180508;106.5;107.85;105.82;106.58;1082916
20180509;107.26;110.11;106.02;109.85;886396
20180510;109.73;109.82;107.57;108.96;606053
20180511;108.75;109.44;108.17;109.01;857367
20180514;109.69;111.08;109.01;110.48;708304
20180515;109.62;112.33;109;111.46;814855
20180516;112.58;113.6;111.36;112.17;804033
20180517;111.79;114.91;111.79;113.62;1173024
20180518;113.05;115.6;112.38;115.46;1222122
20180521;116.26;117.89;115.1;117.08;1363543
20180522;117.11;117.48;115.54;116.61;1788217
20180523;122.51;136.43;122.13;133.33;5606599
20180524;133.24;137.44;131.42;134.8;2125490
20180525;135.09;137.59;134.11;137.3;1474925
