20100104;10.69;10.73;10.58;10.67;3936539
20100105;10.71;10.88;10.65;10.87;2342350
20100106;10.82;11.04;10.79;11.04;3286117
20100107;11.42;11.61;11.39;11.49;5996194
20100108;11.26;11.34;11.2;11.27;3987529
20100111;11.3;11.34;11.13;11.32;2549494
20100112;11.29;11.38;11.26;11.36;2369578
20100113;11.42;11.52;11.38;11.48;1996162
20100114;11.43;11.47;11.38;11.4;2031397
20100115;11.45;11.45;11.2;11.22;1634890
20100119;11.24;11.47;11.23;11.45;1671272
20100120;11.39;11.42;11.21;11.32;1310396
20100121;11.34;11.39;11.09;11.11;2039929
20100122;11.04;11.21;10.94;10.96;2285826
20100125;11.04;11.14;11;11.09;2546595
20100126;11.05;11.35;11.01;11.3;2552866
20100127;11.39;11.52;11.21;11.5;3192340
20100128;11.53;11.54;11.37;11.51;3447868
20100129;11.53;11.73;11.48;11.48;3475065
20100201;11.57;11.7;11.5;11.63;2400407
20100202;11.59;11.75;11.56;11.71;2707120
20100203;11.65;11.68;11.46;11.55;3107561
20100204;11.3;11.52;11.26;11.3;3257892
20100205;11.34;11.54;11.31;11.49;2968350
20100208;11.36;11.54;11.23;11.3;2109142
20100209;11.42;11.48;11.29;11.39;1954341
20100210;11.38;11.46;11.29;11.33;1930831
20100211;11.37;11.59;11.31;11.55;1948376
20100212;11.51;11.62;11.41;11.61;1726146
20100216;11.67;11.7;11.56;11.65;1485606
20100217;11.67;11.78;11.65;11.77;1411317
20100218;11.81;11.85;11.72;11.78;1222067
20100219;11.73;11.82;11.64;11.78;1579076
20100222;11.76;11.83;11.65;11.79;1973210
20100223;11.79;11.82;11.65;11.76;2072140
20100224;11.83;12.05;11.75;12.04;1863397
20100225;11.96;12.25;11.88;12.22;2277005
20100226;12.26;12.27;12.14;12.23;2007374
20100301;12.27;12.35;12.09;12.33;2249148
20100302;12.36;12.41;12.3;12.32;2515866
20100303;12.36;12.41;12.3;12.36;1887718
20100304;12.5;12.89;12.42;12.77;3791745
20100305;12.8;12.85;12.69;12.79;3090230
20100308;12.77;12.97;12.74;12.95;1861754
20100309;12.95;12.97;12.83;12.87;2595957
20100310;12.92;13.06;12.9;13.02;2391275
20100311;12.97;13.17;12.9;13.15;2759987
20100312;13.15;13.24;13.1;13.23;1605265
20100315;13.23;13.43;13.15;13.39;2154232
20100316;13.39;13.58;13.39;13.55;2098238
20100317;13.59;13.63;13.42;13.49;2484987
20100318;13.36;13.49;12.96;13.04;4779815
20100319;13.04;13.52;13.03;13.52;5042481
20100322;13.48;13.75;13.45;13.67;2170758
20100323;13.68;13.68;13.45;13.57;2734197
20100324;13.57;13.57;13.34;13.4;2049440
20100325;13.42;13.54;13.38;13.44;1959717
20100326;13.23;13.42;13.2;13.4;2972606
20100329;13.4;13.46;13.27;13.37;1369302
20100330;13.39;13.45;13.27;13.32;2490751
20100331;13.13;13.46;13.13;13.37;1750068
20100401;13.46;13.53;13.29;13.36;1561755
20100405;13.44;13.78;13.42;13.74;2202925
20100406;13.74;13.78;13.56;13.67;2140279
20100407;13.66;13.73;13.46;13.54;2453352
20100408;13.83;14.14;13.73;14.03;4713094
20100409;14.07;14.1;13.88;13.97;1995610
20100412;14.01;14.08;13.87;14;1542097
20100413;14;14.16;13.97;14.13;1711114
20100414;14.09;14.13;13.99;14.11;1159672
20100415;14.09;14.2;14;14.16;1358872
20100416;14.16;14.22;13.97;14.11;1858028
20100419;14.09;14.16;13.83;14.02;1716886
20100420;14.12;14.24;14.03;14.18;1994522
20100421;14.18;14.38;14.12;14.28;1789202
20100422;14.25;14.64;14.19;14.6;2052197
20100423;14.67;14.72;14.44;14.63;1262522
20100426;14.69;14.73;14.55;14.6;956723
20100427;14.53;14.65;14.26;14.28;2184440
20100428;14.32;14.41;14.02;14.07;1759677
20100429;14.16;14.38;14.08;14.32;1396355
20100430;14.38;14.4;13.96;14;2136932
20100503;14.02;14.36;13.95;14.26;1032805
20100504;14.16;14.19;13.72;13.77;2287956
20100505;13.71;14.02;13.59;13.75;2452282
20100506;13.21;13.4;12.75;13.22;4313267
20100507;13.11;13.4;12.79;12.88;2748862
20100510;13.2;13.47;13.19;13.47;1977842
20100511;13.4;13.69;13.21;13.52;1512682
20100512;13.51;13.59;13.43;13.57;1256964
20100513;13.54;13.57;13.14;13.19;1413748
20100514;13.13;13.19;12.99;13.07;1842426
20100517;13.07;13.27;12.86;13.26;1979471
20100518;13.09;13.27;12.9;12.95;3102331
20100519;12.9;13.13;12.87;12.93;2014019
20100520;12.6;13.27;12.52;13.07;4189354
20100521;13.19;13.38;12.81;13.14;3154547
20100524;13.14;13.16;12.96;13.08;1790645
20100525;12.82;13.26;12.72;13.21;2354358
20100526;13.34;13.42;12.95;13.02;1913796
20100527;13.25;13.34;13.06;13.29;1439856
20100528;13.35;13.37;13.01;13.1;2387825
20100601;13.08;13.4;13.07;13.17;1903021
20100602;13.19;13.61;13.11;13.6;2235667
20100603;13.84;14.48;13.75;14.05;3746547
20100604;13.87;14.1;13.6;13.66;2521049
20100607;13.69;13.85;13.26;13.28;2012317
20100608;13.26;13.69;13.14;13.65;2974900
20100609;13.74;14.15;13.7;13.9;3409400
20100610;14.07;14.4;13.99;14.37;2675717
20100611;14.19;14.52;14.18;14.33;2098347
20100614;14.48;14.48;14.2;14.24;1960074
20100615;14.26;14.42;14.14;14.4;1477067
20100616;14.33;14.46;14.25;14.36;1122749
20100617;14.43;14.5;14.19;14.42;2167331
20100618;14.48;14.54;14.3;14.33;1873924
20100621;14.45;14.5;14;14.1;1344809
20100622;14.1;14.29;13.78;13.82;1579415
20100623;13.82;13.95;13.66;13.85;1578535
20100624;13.78;13.92;13.66;13.77;1383368
20100625;13.79;13.84;13.6;13.63;1841891
20100628;13.65;13.77;13.51;13.67;1422074
20100629;13.55;13.59;13.27;13.35;1675723
20100630;13.3;13.63;13.29;13.32;2013116
20100701;13.3;13.75;13.19;13.69;2797689
20100702;13.73;13.88;13.55;13.57;1934405
20100706;13.7;13.94;13.44;13.66;1969031
20100707;13.75;14;13.6;13.84;2804148
20100708;13.81;13.82;13.24;13.51;3532405
20100709;13.53;13.56;13.36;13.52;1328068
20100712;13.5;13.72;13.38;13.44;1241499
20100713;13.53;13.64;13.44;13.58;1663141
20100714;13.6;13.71;13.41;13.55;1449924
20100715;13.6;13.73;13.44;13.7;1483473
20100716;13.66;13.69;13.25;13.26;1992855
20100719;13.3;13.47;13.29;13.35;1328514
20100720;13.18;13.63;13.14;13.6;1511272
20100721;13.63;13.69;13.31;13.37;1884687
20100722;13.45;13.77;13.42;13.71;1426207
20100723;13.74;13.94;13.66;13.91;1256860
20100726;13.91;13.99;13.75;13.97;1154289
20100727;13.96;13.98;13.41;13.53;2637090
20100728;13.49;13.64;13.26;13.31;1938030
20100729;13.39;13.45;12.85;13.09;2610717
20100730;12.98;13.22;12.87;13.17;1899125
20100802;13.25;13.33;12.95;13.16;2015841
20100803;13.16;13.22;12.76;12.98;2317714
20100804;13.06;13.23;13.02;13.23;1653802
20100805;13.05;13.13;12.18;12.66;4306796
20100806;12.21;12.62;12.21;12.56;2690037
20100809;12.65;12.92;12.64;12.85;1641351
20100810;12.79;12.85;12.67;12.75;1329721
20100811;12.63;12.64;12.44;12.45;1900217
20100812;12.34;12.51;12.25;12.41;1510476
20100813;12.27;12.47;12.25;12.26;2211224
20100816;12.21;12.44;12.19;12.35;1177434
20100817;12.47;12.54;12.37;12.42;1409124
20100818;12.35;12.77;12.26;12.73;1982470
20100819;12.7;12.97;12.33;12.57;3210879
20100820;12.52;12.53;12.23;12.45;2016139
20100823;12.5;12.85;12.49;12.64;1841597
20100824;12.52;12.52;12.25;12.41;2074207
20100825;12.34;12.76;12.31;12.71;1498638
20100826;12.71;12.75;12.5;12.54;1144324
20100827;12.6;12.79;12.38;12.74;1427046
20100830;12.68;12.68;12.47;12.59;1487509
20100831;12.28;12.68;12.28;12.41;3095555
20100901;12.6;12.88;12.48;12.78;2697575
20100902;12.86;13.11;12.78;13.05;1901570
20100903;13.23;13.25;13.03;13.15;1213773
20100907;13.11;13.14;12.87;12.9;1254926
20100908;12.94;13.06;12.92;12.94;1097640
20100909;13.06;13.11;12.88;12.94;1004973
20100910;12.97;13.09;12.91;13.04;1030192
20100913;13.12;13.26;13.1;13.23;812934
20100914;13.24;13.48;13.2;13.41;1148860
20100915;13.3;13.56;13.3;13.52;1583970
20100916;13.5;13.55;13.38;13.5;1016230
20100917;13.57;13.58;13.39;13.48;1530987
20100920;13.5;13.69;13.38;13.63;1387314
20100921;13.54;13.62;13.32;13.47;1607918
20100922;13.51;13.76;13.38;13.72;1911627
20100923;13.65;14.03;13.6;13.97;2048873
20100924;14.08;14.16;13.98;14.11;1304315
20100927;14.06;14.09;13.81;13.86;1420009
20100928;13.92;14.13;13.75;14.04;2687824
20100929;13.98;14.02;13.84;13.91;1642568
20100930;13.98;14.06;13.53;13.66;2405376
20101001;13.79;13.86;13.66;13.76;1715034
20101004;13.69;13.74;13.48;13.61;1918418
20101005;13.69;13.74;13.35;13.57;2992886
20101006;13.51;13.58;13.33;13.58;3244008
20101007;13.96;14.16;13.77;13.86;3611089
20101008;13.85;14.1;13.81;13.94;1747303
20101011;13.91;14.07;13.86;14.02;1462937
20101012;13.98;14.12;13.87;14.04;1513437
20101013;14.12;14.12;13.83;13.95;1440199
20101014;13.95;14.08;13.89;13.99;1203176
20101015;14.05;14.21;13.89;14.2;1802449
20101018;14.21;14.36;14.12;14.28;1317216
20101019;14.16;14.26;14.05;14.13;1670962
20101020;14.2;14.36;14.2;14.3;1308497
20101021;14.36;14.57;14.27;14.37;1773106
20101022;14.4;14.49;14.27;14.41;789937
20101025;14.46;14.73;14.43;14.61;1280886
20101026;14.57;14.81;14.55;14.63;1474424
20101027;14.5;14.67;14.43;14.65;1753737
20101028;14.73;14.77;14.42;14.59;1230821
20101029;14.58;14.78;14.5;14.75;1257618
20101101;14.81;14.96;14.77;14.9;1508200
20101102;15.02;15.26;14.97;15.25;2136805
20101103;15.2;15.28;14.97;15.12;2465628
20101104;15.35;16.06;15.35;15.91;2839703
20101105;15.87;16.1;15.83;16.06;1419126
20101108;15.98;16.02;15.71;15.96;1674026
20101109;16.03;16.03;15.66;15.72;1254260
20101110;15.75;16.04;15.75;16.02;1493265
20101111;15.92;16.2;15.82;16.15;1172883
20101112;16.06;16.18;15.92;15.97;1070757
20101115;16.09;16.13;15.89;15.91;956378
20101116;15.84;16.14;15.71;15.89;1507172
20101117;15.93;16.43;15.87;16.35;2291297
20101118;16.1;16.25;15.52;15.86;4083736
20101119;15.83;16.02;15.72;16.01;1461866
20101122;15.94;16.25;15.76;16.2;1511850
20101123;16.05;16.27;15.96;16.03;1526611
20101124;16.09;16.42;16.09;16.4;964306
20101126;16.29;16.42;16.26;16.42;348625
20101129;16.27;16.34;15.88;16.06;1266392
20101130;15.93;16.33;15.87;16.22;1355325
20101201;16.38;16.65;16.29;16.4;1801238
20101202;16.39;16.49;16.18;16.4;1827447
20101203;16.36;16.39;16.2;16.28;1283178
20101206;16.3;16.34;16.14;16.18;950286
20101207;16.31;16.4;16.16;16.22;1058164
20101208;16.41;16.41;15.99;16.09;1578003
20101209;16.13;16.41;16.07;16.39;1391206
20101210;16.4;16.43;16.09;16.28;1298253
20101213;16.3;16.32;15.81;15.83;1351890
20101214;15.84;15.92;15.75;15.79;1345464
20101215;15.75;15.82;15.47;15.58;2263986
20101216;15.61;16.04;15.58;16;1335246
20101217;15.91;15.99;15.74;15.74;1482162
20101220;15.86;15.91;15.62;15.69;893875
20101221;15.71;15.85;15.6;15.78;641332
20101222;15.78;15.87;15.69;15.84;656879
20101223;15.8;15.89;15.71;15.84;727220
20101227;15.81;15.85;15.64;15.8;370333
20101228;15.82;15.92;15.78;15.82;435109
20101229;15.83;16;15.83;15.88;582835
20101230;15.86;16;15.79;15.96;675314
20101231;15.93;15.98;15.8;15.81;562811
20110103;16;16.19;15.94;15.97;1082002
20110104;16;16;15.53;15.55;1623626
20110105;15.48;15.66;15.04;15.66;1869652
20110106;15.93;16.19;15.84;15.94;3198156
20110107;16.03;16.18;15.81;15.99;1722655
20110110;15.88;16.13;15.77;16.07;1780177
20110111;16.1;16.14;15.95;16.12;1012423
20110112;16.2;16.32;15.99;16.02;1065974
20110113;15.98;16.04;15.9;15.95;669005
20110114;15.91;15.98;15.84;15.96;865003
20110118;15.97;16.1;15.84;15.95;905593
20110119;15.91;16.25;15.89;16.18;1126060
20110120;16.14;16.43;16.13;16.27;1188903
20110121;16.29;16.35;16.16;16.23;853135
20110124;16.25;16.4;16.22;16.38;694177
20110125;16.33;16.52;16.16;16.52;966353
20110126;16.59;16.67;16.39;16.63;1055055
20110127;16.65;16.86;16.55;16.75;1373963
20110128;16.77;16.8;16.32;16.36;929823
20110131;16.36;16.43;16.2;16.3;1197171
20110201;16.36;16.5;16.29;16.4;1333191
20110202;16.38;16.42;16.11;16.21;2096671
20110203;16.85;17.25;16.73;17.15;2470212
20110204;17.04;17.5;17.04;17.47;1391267
20110207;17.42;17.43;17.14;17.36;1553376
20110208;17.38;17.54;17.33;17.48;975024
20110209;17.41;17.56;17.33;17.38;879832
20110210;17.26;17.74;17.26;17.73;1095789
20110211;17.67;17.95;17.65;17.94;1030936
20110214;17.9;17.98;17.64;17.68;875079
20110215;17.66;17.8;17.61;17.66;825712
20110216;17.68;17.92;17.67;17.79;966000
20110217;17.77;17.95;17.66;17.79;714128
20110218;17.76;17.98;17.63;17.95;930455
20110222;17.89;18.18;17.63;17.68;868777
20110223;17.59;17.67;17.27;17.57;1454003
20110224;17.56;17.86;17.43;17.72;877979
20110225;17.79;18.05;17.75;17.92;938609
20110228;17.92;18.04;17.76;18.01;858917
20110301;18.14;18.2;17.77;17.88;1334085
20110302;17.82;18.08;17.7;18.01;1179197
20110303;18.15;18.22;17.8;18.1;1391005
20110304;18.04;18.11;17.8;17.98;655560
20110307;18.05;18.09;17.58;17.67;979574
20110308;17.64;17.94;17.47;17.83;929710
20110309;17.77;17.98;17.63;17.82;600441
20110310;17.66;17.72;17.53;17.64;1017975
20110311;17.58;17.99;17.43;17.93;839552
20110314;17.82;17.96;17.45;17.61;1019201
20110315;17.3;17.58;17.28;17.46;893385
20110316;17.33;17.5;17.17;17.29;1458192
20110317;17.4;17.64;17.13;17.45;1565919
20110318;17.57;17.58;17.22;17.4;2107051
20110321;17.51;17.51;17.07;17.15;1884985
20110322;17.15;17.23;16.99;17;1232067
20110323;16.93;17.3;16.86;17.23;960669
20110324;17.31;17.53;17.18;17.43;1417223
20110325;17.5;17.75;17.37;17.56;818853
20110328;17.56;17.79;17.51;17.52;1217472
20110329;17.48;17.58;17.42;17.55;879350
20110330;17.65;17.93;17.58;17.93;948224
20110331;17.89;17.98;17.61;17.78;1347081
20110401;17.84;17.94;17.73;17.89;915982
20110404;17.86;17.93;17.64;17.83;907814
20110405;17.8;18.31;17.8;18.11;1838941
20110406;18.19;18.25;17.94;17.95;1313343
20110407;17.86;18;17.54;17.73;2099942
20110408;17.77;17.77;17.47;17.65;918981
20110411;17.67;17.87;17.61;17.81;910038
20110412;17.68;18;17.68;17.81;817880
20110413;17.84;17.92;17.69;17.87;1172522
20110414;17.74;17.82;17.54;17.69;1272153
20110415;17.7;17.82;17.49;17.8;932585
20110418;17.6;17.72;17.41;17.68;980435
20110419;17.68;17.74;17.56;17.64;656293
20110420;17.83;18.15;17.79;18.11;1302901
20110421;18.11;18.16;18.02;18.07;635139
20110425;18.03;18.14;17.97;18.11;560276
20110426;18.18;18.25;18.03;18.13;1150666
20110427;18.19;18.26;18.05;18.24;828531
20110428;18.25;18.55;18.18;18.5;982057
20110429;18.5;18.56;18.38;18.42;1603878
20110502;18.54;18.65;18.31;18.35;972700
20110503;18.35;18.45;18.11;18.34;1275715
20110504;18.31;18.51;18.22;18.36;1760920
20110505;18.77;19.84;18.7;19.64;3796045
20110506;19.78;19.91;19.49;19.55;1481051
20110509;19.62;19.77;19.49;19.65;921967
20110510;19.75;20.15;19.66;19.94;1223418
20110511;19.9;20.29;19.83;20.27;1631917
20110512;20.33;20.78;20.19;20.61;2449551
20110513;20.68;20.73;20.52;20.66;1202841
20110516;20.62;20.67;20.37;20.44;1312974
20110517;20.41;20.52;20.18;20.25;1345003
20110518;20.18;20.48;19.95;20.47;1421677
20110519;20.16;20.42;20;20.2;2102164
20110520;20.09;20.26;19.82;20.2;1658567
20110523;20.02;20.25;19.97;20.1;1091750
20110524;20.19;20.24;19.89;19.9;904995
20110525;19.91;20.39;19.77;20.29;1686147
20110526;20.19;20.58;20.15;20.55;1507213
20110527;20.51;20.6;20.37;20.43;1159243
20110531;20.51;20.6;20.31;20.49;1201177
20110601;20.49;20.64;20.15;20.18;1404968
20110602;20.08;20.19;19.92;20.02;817387
20110603;19.8;19.98;19.71;19.78;1073070
20110606;19.79;19.84;19.47;19.48;1006039
20110607;19.48;19.79;19.48;19.56;558647
20110608;19.45;19.54;19.21;19.41;1082485
20110609;19.34;19.58;19.25;19.42;839151
20110610;19.32;19.33;19.05;19.06;992578
20110613;19.06;19.21;18.95;19.11;1284498
20110614;19.27;19.38;19.15;19.19;1013787
20110615;19;19.15;18.8;18.9;1236784
20110616;18.9;18.95;18.62;18.77;1188432
20110617;18.97;19.19;18.79;18.8;1356962
20110620;18.75;19.14;18.66;19.03;1062558
20110621;19.08;19.58;18.85;19.56;1360470
20110622;19.45;19.69;19.34;19.56;1219671
20110623;19.35;19.81;19.32;19.77;1545526
20110624;19.74;19.84;19.33;19.4;2020011
20110627;19.38;19.59;19.27;19.55;858702
20110628;19.6;20.11;19.6;20.08;1173422
20110629;20.08;20.12;19.77;19.84;1039322
20110630;19.94;20.13;19.9;20.03;942765
20110701;20.09;20.34;19.94;20.32;822180
20110705;20.31;20.43;20.2;20.3;949060
20110706;20.28;20.41;20.14;20.27;1265762
20110707;20.3;20.39;20.04;20.32;2472065
20110708;20.18;20.29;19.81;20.02;1731071
20110711;19.9;20.05;19.65;19.74;1461652
20110712;19.8;19.91;19.65;19.7;1288136
20110713;19.85;20;19.57;19.63;891526
20110714;19.69;19.8;19.37;19.44;998488
20110715;19.47;19.5;19.23;19.42;1127481
20110718;19.34;19.42;19.25;19.3;730543
20110719;19.45;19.59;19.41;19.43;868294
20110720;19.39;19.48;19.25;19.31;830715
20110721;19.41;19.8;19.41;19.45;773231
20110722;19.41;19.59;19.25;19.54;729656
20110725;19.39;19.47;19.06;19.17;1469061
20110726;19.29;19.49;19.07;19.4;1282369
20110727;19.36;19.36;18.79;18.84;1247964
20110728;18.92;19.3;18.92;19.04;1027440
20110729;18.84;19.16;18.75;18.94;1346182
20110801;19.02;19.24;18.75;19.08;1727333
20110802;18.91;19.07;18.51;18.52;1175060
20110803;18.53;19.09;18.44;19.05;1927764
20110804;18.97;19.32;18.58;18.62;2680504
20110805;18.85;19.08;18.04;18.39;2161411
20110808;18.1;18.95;17.25;17.43;2179326
20110809;17.65;17.86;16.81;17.75;3023691
20110810;17.33;17.7;17.09;17.12;2178244
20110811;17.4;17.99;17.27;17.77;1645060
20110812;17.87;18.16;17.36;17.92;1482719
20110815;17.96;18.06;17.6;18.01;1146852
20110816;17.86;18.35;17.62;18.25;2436774
20110817;18.23;18.36;17.69;17.95;2409236
20110818;16.89;18.1;16.75;17.71;4197613
20110819;17.51;17.77;17.31;17.51;2455558
20110822;17.9;17.95;17.61;17.72;2174889
20110823;17.76;18.63;17.7;18.41;1487656
20110824;18.43;18.62;18.12;18.48;1217174
20110825;18.53;18.68;17.92;17.94;1051490
20110826;17.81;18.49;17.61;18.41;1131235
20110829;18.52;18.88;18.29;18.88;1055930
20110830;18.79;19.21;18.79;19.11;1362582
20110831;19.13;19.42;18.96;19.14;1520756
20110901;19.19;19.31;18.68;18.69;1416846
20110902;18.45;18.63;18.34;18.4;1150261
20110906;18;18.51;17.89;18.48;951733
20110907;18.65;18.92;18.56;18.9;879385
20110908;18.85;19.02;18.65;18.74;690085
20110909;18.55;18.84;18.38;18.52;1066500
20110912;18.25;18.97;18.25;18.95;1254810
20110913;18.94;19.37;18.87;19.25;1040249
20110914;19.29;19.47;18.91;19.24;1436812
20110915;19.39;19.82;19.32;19.75;1151793
20110916;19.86;20.41;19.76;20.17;2158838
20110919;19.88;20.45;19.75;20.31;911116
20110920;20.33;20.75;20;20.29;1264467
20110921;20.27;20.47;19.92;19.93;1204767
20110922;19.5;19.82;19.29;19.59;1571179
20110923;19.49;19.92;19.43;19.88;1114117
20110926;19.95;20.24;19.77;20.24;1179005
20110927;20.53;20.64;20.03;20.14;1357501
20110928;20.24;20.32;19.82;19.85;1155216
20110929;20.15;20.37;19.27;19.6;2024186
20110930;19.44;20.05;19.2;19.67;2664248
20111003;19.68;19.81;19.09;19.1;1548330
20111004;18.95;19.31;18.62;19.29;1521170
20111005;19.38;19.57;18.91;19.56;1932485
20111006;19.65;20.51;19.57;20.19;2337975
20111007;20.29;20.7;20.21;20.5;1430833
20111010;20.75;21.07;20.59;21.07;1064147
20111011;21.09;21.25;20.82;21.24;1027949
20111012;21.36;21.36;20.86;20.87;1195698
20111013;20.82;21.05;20.65;20.84;963087
20111014;21.05;21.25;20.85;21.25;725602
20111017;21.06;21.42;20.84;20.89;838222
20111018;20.87;21.4;20.71;21.21;875066
20111019;21.4;21.63;21.24;21.34;990184
20111020;21.34;21.56;21.14;21.26;1167182
20111021;21.52;21.81;21.42;21.8;1218378
20111024;21.8;22.18;21.75;21.96;1148791
20111025;21.91;22.12;21.82;21.91;745466
20111026;22.13;22.13;21.33;21.5;1511608
20111027;22.02;22.28;21.79;22.1;1180590
20111028;22.06;22.22;21.74;21.89;787773
20111031;21.95;22.31;21.92;21.93;1268262
20111101;21.66;21.97;21.53;21.76;937579
20111102;21.93;21.94;21.52;21.66;1038306
20111103;21.79;22.41;21.42;22.3;1630242
20111104;22.27;22.45;22.05;22.35;639295
20111107;22.29;22.44;22.06;22.41;542135
20111108;22.5;22.67;22.2;22.58;612874
20111109;22.24;22.36;21.58;21.66;896423
20111110;21.9;22.07;21.66;22.02;731909
20111111;22.19;22.53;21.99;22.44;1018731
20111114;22.46;22.47;22.19;22.25;550712
20111115;22.13;22.59;22.11;22.47;700117
20111116;22.23;22.27;21.86;21.97;902395
20111117;21.82;21.99;21.35;21.74;1480926
20111118;21.73;21.81;21.14;21.53;1907962
20111121;21.32;21.83;21.31;21.73;1172385
20111122;21.74;21.77;21.5;21.6;708810
20111123;21.46;21.69;21.29;21.34;777415
20111125;21.13;21.48;21;21.36;652777
20111128;21.77;22.16;21.74;21.88;825843
20111129;21.99;22.37;21.88;22.35;1093536
20111130;22.8;22.86;22.06;22.27;2006848
20111201;22.32;23.2;22.29;23.07;1663489
20111202;23.29;23.29;23.08;23.11;928127
20111205;23.43;23.45;23.2;23.33;944692
20111206;23.37;23.37;23.03;23.25;811579
20111207;23.23;23.38;23.02;23.27;668007
20111208;23.18;23.29;23.01;23.08;715776
20111209;23.16;23.41;23.1;23.4;699532
20111212;23.29;23.41;23.12;23.38;720649
20111213;23.57;23.81;23.17;23.23;1135199
20111214;23.15;23.31;23;23.21;870998
20111215;23.39;23.46;23.16;23.21;843919
20111216;23.38;23.76;23.15;23.5;3398219
20111219;23.67;23.95;23.07;23.13;1805466
20111220;23.51;23.98;23.49;23.93;1995594
20111221;23.96;24.08;23.65;23.91;1415305
20111222;23.92;24.04;23.75;23.83;1256806
20111223;23.88;24.13;23.78;24.12;795451
20111227;24.13;24.58;24.05;24.49;1054482
20111228;24.57;24.57;24.1;24.24;1039918
20111229;24.27;24.43;24.06;24.28;1128017
20111230;24.27;24.27;23.75;23.77;2332138
20120103;24.24;24.27;23.53;23.65;2793858
20120104;23.65;24.19;23.53;23.81;2806806
20120105;24.03;25.3;23.88;25.21;5027876
20120106;25.24;25.46;25.06;25.37;2435863
20120109;25.42;25.42;25.09;25.19;2391373
20120110;25.39;25.4;25.01;25.16;2641845
20120111;25.19;25.4;25.12;25.35;1648832
20120112;25.41;25.63;25.36;25.58;1819114
20120113;25.49;25.75;25.43;25.58;1495287
20120117;25.81;26.03;25.68;25.83;1835110
20120118;25.8;25.94;25.63;25.75;1947354
20120119;25.82;25.87;25.2;25.57;3242443
20120120;25.51;25.82;25.49;25.77;2362785
20120123;25.82;25.89;25.58;25.86;1478051
20120124;25.79;26.05;25.78;26.01;2127961
20120125;25.92;26.24;25.86;26.19;1800786
20120126;26.36;26.36;25.76;25.82;2669388
20120127;25.81;25.9;25.42;25.55;2324591
20120130;25.42;25.5;25.13;25.35;2244795
20120131;25.45;25.5;25.04;25.41;2150725
20120201;25.51;25.82;25.49;25.62;2253171
20120202;26.02;26.27;25.55;25.6;2860988
20120203;25.95;26.16;25.7;25.88;2534119
20120206;25.82;25.83;25.46;25.66;2151226
20120207;25.62;26.04;25.62;25.99;1657305
20120208;25.98;26.11;25.66;25.82;1479308
20120209;25.81;25.96;25.74;25.93;1292573
20120210;25.7;25.99;25.59;25.98;1122859
20120213;26.08;26.12;25.69;25.97;1741532
20120214;25.84;25.99;25.74;25.95;1526466
20120215;25.95;26;25.49;25.62;1386461
20120216;25.73;26;25.68;25.79;1316372
20120217;25.75;26.02;25.63;25.92;2067444
20120221;25.96;26.1;25.88;26.03;1664914
20120222;26.08;26.81;26.08;26.47;2600135
20120223;26.52;26.66;26.35;26.35;1857965
20120224;26.34;26.49;26.26;26.4;1058595
20120227;26.3;26.65;26.19;26.55;1447633
20120228;26.51;26.86;26.42;26.8;2024454
20120229;26.72;26.75;26.56;26.67;1839696
20120301;27.11;27.14;26.9;27.13;1697891
20120302;27.11;27.13;26.82;26.95;1953639
20120305;26.84;27.53;26.76;27.47;2175615
20120306;27.32;27.49;27.31;27.37;1699800
20120307;27.36;27.56;27.11;27.47;1220490
20120308;27.61;27.8;27.57;27.68;1125636
20120309;27.8;28.11;27.71;27.99;985417
20120312;28.2;28.34;28.05;28.31;1762964
20120313;28.46;28.53;28.2;28.48;2008238
20120314;28.58;28.6;28.19;28.29;2049819
20120315;28.1;28.36;27.36;28.18;4231857
20120316;28.09;28.43;27.79;27.9;2647052
20120319;27.81;28.06;27.76;27.86;1441286
20120320;27.83;28.56;27.79;28.42;2288052
20120321;28.5;28.8;28.39;28.69;1996443
20120322;28.44;28.67;28.38;28.62;1116720
20120323;28.5;28.6;28.06;28.56;1398972
20120326;28.77;29.39;28.76;29.38;2479257
20120327;29.45;29.53;29.29;29.5;1771556
20120328;29.5;29.68;29.16;29.67;2775081
20120329;29.66;29.66;29.19;29.38;2102316
20120330;29.5;29.51;28.98;29.05;2186343
20120402;29.11;29.42;29.11;29.27;2375874
20120403;29.23;29.41;29.05;29.2;2189241
20120404;29.05;29.31;29;29.19;1863396
20120405;29.72;30.01;29.16;29.91;3683510
20120409;29.47;29.7;29.27;29.6;2313972
20120410;29.41;29.55;28.48;28.6;3207508
20120411;28.77;29.19;28.7;29.08;1655066
20120412;29.24;29.8;29.16;29.53;2023414
20120413;29.54;29.82;29.39;29.53;1815965
20120416;29.56;29.64;29.22;29.61;2013206
20120417;29.7;29.99;29.49;29.85;2199502
20120418;29.78;30.27;29.68;30.17;1914319
20120419;30.09;30.25;29.79;29.96;1566582
20120420;30.11;30.16;29.87;30.02;1984219
20120423;29.9;29.91;29.5;29.85;1557831
20120424;29.89;30.07;29.36;29.66;1477232
20120425;29.8;30.25;29.76;30.25;1468048
20120426;30.15;30.74;30.04;30.59;1284622
20120427;30.75;31.28;30.64;31.11;1230705
20120430;31.1;31.1;30.53;30.75;2135672
20120501;30.79;31.54;30.75;31.23;2020995
20120502;31.19;31.97;31.08;31.93;2392597
20120503;31.88;32.4;31.69;31.86;2622072
20120504;31.65;31.94;31.19;31.22;1928445
20120507;31.16;31.65;30.96;31.12;1884958
20120508;30.88;31;29.96;30.49;3251036
20120509;30.24;30.95;30.1;30.59;1955783
20120510;30.89;31.2;30.6;30.9;1434143
20120511;30.81;31.14;30.75;30.8;2227063
20120514;30.66;30.81;30.27;30.27;2307148
20120515;30.21;31.03;30.2;30.59;2654799
20120516;30.75;31.26;30.69;31.11;2951986
20120517;31.25;31.87;30.3;30.32;3919274
20120518;30.28;30.84;30.18;30.33;2672898
20120521;29.93;30.2;28.69;30.18;3695396
20120522;30.19;30.95;30.14;30.63;2125512
20120523;30.59;31.1;30.42;31.01;2349933
20120524;31;31.33;30.88;31.21;1773466
20120525;31.28;31.43;30.98;31.24;1062149
20120529;31.43;31.72;31.09;31.48;2002833
20120530;31.3;31.45;31.08;31.28;2074539
20120531;31.21;31.85;31.08;31.62;3394368
20120601;31.28;31.37;30.56;30.8;2383318
20120604;30.74;31.12;30.55;30.98;1678670
20120605;30.9;31.25;30.71;31.16;1541913
20120606;31.26;31.92;31.26;31.88;1464409
20120607;32.24;32.25;31.4;31.46;1880946
20120608;31.45;32.27;31.45;32.25;1906287
20120611;32.61;32.68;31.85;31.88;2031824
20120612;32.03;32.54;31.9;32.52;1644085
20120613;32.5;32.6;32.05;32.12;1854965
20120614;32.29;33.03;32.21;32.76;2088382
20120615;32.78;33.38;32.75;33.3;2626637
20120618;33.42;34.15;33.15;34.1;2371910
20120619;34.35;34.73;33.84;33.96;2616051
20120620;34.09;34.1;33.41;33.77;2246775
20120621;33.76;33.88;32.96;33.08;2205578
20120622;33.2;33.35;32.81;33.24;2029662
20120625;33.03;33.12;32.58;32.71;1904993
20120626;32.73;33.25;32.68;33.12;2358668
20120627;33.26;33.26;31.55;31.85;3949548
20120628;31.51;31.58;29.88;30.84;6957140
20120629;31.33;31.47;30.8;31.24;4259907
20120702;31.26;32.11;31.26;31.61;2947248
20120703;31.62;31.64;31.14;31.39;2410561
20120705;32;33.71;32;33.6;4607083
20120706;33.64;33.78;33.26;33.56;1646384
20120709;33.55;33.75;33.35;33.45;1337611
20120710;33.54;33.86;33.34;33.44;2232785
20120711;33.46;33.52;33.11;33.36;1834585
20120712;33.23;33.95;33.12;33.82;2491057
20120713;33.77;34.33;33.65;34.11;1745314
20120716;34.01;34.5;33.89;34.26;1190999
20120717;34.37;34.78;34.15;34.62;1678981
20120718;34.5;35.02;34.41;34.62;2238197
20120719;34.63;34.7;33.93;34.27;2004249
20120720;34.15;34.39;33.56;33.71;2153617
20120723;33.26;33.55;32.83;33.45;1810541
20120724;33.52;33.63;33.02;33.21;1295030
20120725;33.33;33.59;33.09;33.34;1476178
20120726;33;33.55;32.75;33.26;2148420
20120727;33.5;33.95;33.34;33.63;2000439
20120730;33.6;33.76;33.43;33.56;1371160
20120731;33.55;33.66;33.15;33.22;1924948
20120801;33.46;33.46;32.87;33.06;1822055
20120802;33.03;33.45;32.76;33.14;2377860
20120803;33.54;34.12;33.51;34.06;2196972
20120806;34.04;34.16;33.73;33.91;1637316
20120807;34.14;34.25;33.93;34.05;1854527
20120808;33.95;34.25;33.95;34.15;1086948
20120809;34.09;34.2;33.55;33.9;1704288
20120810;33.88;33.88;33.27;33.58;1544380
20120813;33.86;33.88;33.45;33.84;1886663
20120814;34.06;34.2;33.51;33.77;1827385
20120815;33.91;34.42;33.89;34.25;1911555
20120816;33.71;34.8;33.41;34.23;3631436
20120817;34.36;34.93;33.9;34.74;2781652
20120820;35.22;35.41;34.77;34.85;2214320
20120821;34.96;35.03;34.7;34.81;1777263
20120822;34.7;35.03;34.7;34.88;1408803
20120823;34.77;34.82;34.48;34.59;1553120
20120824;34.53;35;34.52;34.95;1737209
20120827;34.95;35;34.6;34.83;1288239
20120828;34.78;34.99;34.68;34.79;1388276
20120829;34.83;35.04;34.69;34.99;1616112
20120830;34.83;35.18;34.69;34.71;1361861
20120831;34.96;35.04;34.51;34.6;1139774
20120904;34.57;34.84;34.55;34.74;1572232
20120905;34.67;34.85;34.11;34.14;1810549
20120906;34.39;34.69;34.27;34.63;1618229
20120907;34.71;34.8;33.91;34.07;1681446
20120910;33.95;33.96;33.4;33.44;2339032
20120911;33.32;33.45;33.09;33.13;1565561
20120912;33.27;33.55;33.19;33.35;1712559
20120913;33.48;33.99;33.35;33.92;1742841
20120914;34;34.05;33.63;34.02;2402284
20120917;33.88;33.92;33.58;33.68;1330204
20120918;33.64;33.66;32.84;32.88;1764594
20120919;32.94;33;32.48;32.85;2530756
20120920;32.84;33.59;32.7;33.53;2064087
20120921;33.58;33.58;32.95;32.96;2068785
20120924;32.64;33.23;32.64;32.93;1858584
20120925;33.07;33.07;32.36;32.37;1771891
20120926;32.31;32.52;32.22;32.39;1706875
20120927;32.4;32.6;32.13;32.45;1398077
20120928;31.86;32.35;31.26;32.3;2935346
20121001;32.28;33.15;32.19;33.08;2573394
20121002;33.35;33.42;32.76;32.97;1563028
20121003;33.09;33.44;33.04;33.34;2017759
20121004;33.45;33.53;32.35;32.7;4337050
20121005;32.99;33.32;32.84;33.05;1981799
20121008;32.9;33.12;32.58;32.64;1409801
20121009;32.5;32.77;31.88;31.89;1933231
20121010;31.88;32.38;31.87;32.09;1334523
20121011;32.33;32.37;31.08;31.09;2579084
20121012;31.13;31.18;30.79;30.87;3275798
20121015;30.87;31.2;30.85;31.14;1458464
20121016;30.9;31.63;30.9;31.52;2350598
20121017;31.52;31.59;30.66;30.91;2148769
20121018;31.01;31.48;30.92;31.31;2201837
20121019;31.32;31.36;30.77;30.94;2573814
20121022;30.8;30.98;29.94;30.16;2359411
20121023;29.85;30.81;29.7;30.68;2597613
20121024;30.81;30.83;30.37;30.5;1947727
20121025;30.61;30.79;30.04;30.33;2241676
20121026;30.45;30.54;30.21;30.46;2133972
20121031;30.4;30.58;30.04;30.48;1621951
20121101;29.88;29.88;28.06;28.57;6797659
20121102;28.75;28.93;28.34;28.44;3649002
20121105;28.5;28.98;28.35;28.92;1947509
20121106;28.88;28.94;28.57;28.68;2025180
20121107;28.41;28.71;28.1;28.13;1633431
20121108;28.05;28.33;27.77;27.84;1777103
20121109;27.71;27.86;27.41;27.61;2249177
20121112;27.63;27.73;27.48;27.6;1848491
20121113;27.57;28.52;27.53;28.29;3740893
20121114;28.4;28.48;27.53;27.57;2297243
20121115;26.92;27.33;26.13;27.22;5104640
20121116;26.99;27.21;26.7;26.87;3809943
20121119;27.06;27.8;27.02;27.78;3378375
20121120;27.76;27.91;27.27;27.66;2236458
20121121;27.74;27.96;27.68;27.8;1783813
20121123;27.99;28.02;27.75;27.96;1012221
20121126;27.96;28.43;27.9;28.42;2985033
20121127;28.7;28.84;28.35;28.53;3562334
20121128;28.54;28.82;28.26;28.79;2225483
20121129;28.78;28.94;28.59;28.79;2390092
20121130;28.81;28.85;28.46;28.54;5579337
20121203;28.71;28.81;28.16;28.19;2495203
20121204;28.24;28.37;27.7;27.71;2328561
20121205;27.86;27.97;27.52;27.68;2025508
20121206;27.58;27.78;27.42;27.61;2265578
20121207;27.69;27.85;27.57;27.75;1879741
20121210;27.81;27.98;27.63;27.64;1679507
20121211;27.78;27.87;27.29;27.35;1778721
20121212;27.39;27.49;26.96;27.21;2149330
20121213;27.21;27.4;26.75;26.77;2079158
20121214;26.67;26.84;26.57;26.6;1946303
20121217;26.65;27.35;26.61;27.33;2111593
20121218;27.43;27.45;27.11;27.21;2467220
20121219;27.13;27.77;26.77;26.9;2560174
20121220;27.03;27.11;26.47;26.63;2397027
20121221;26.3;27.1;26.08;26.97;3355283
20121224;26.87;26.96;26.63;26.89;749519
20121226;26.85;26.95;26.17;26.2;1831251
20121227;26.25;26.64;26.01;26.57;2218093
20121228;26.46;26.96;26.45;26.61;1406373
20121231;26.48;27.12;26.45;27.05;2029480
20130102;27.14;27.28;26.52;27.22;3560991
20130103;28.37;29.56;28.35;29.39;7174987
20130104;29.4;29.41;28.88;28.98;2219969
20130107;28.85;28.98;28.62;28.78;1791778
20130108;28.64;28.85;28.39;28.41;2410621
20130109;28.94;29.17;28.26;28.45;2609804
20130110;28.48;28.71;28.19;28.65;1701298
20130111;28.66;28.76;28.24;28.29;1357334
20130114;28.28;28.45;28.06;28.13;1337837
20130115;28.06;29.03;28.03;29;2136019
20130116;28.89;28.96;28.63;28.79;1762070
20130117;28.76;29.25;28.76;29.14;1434131
20130118;29.04;29.12;28.76;29.11;1830859
20130122;29.06;29.59;28.85;29.44;2159570
20130123;29.37;29.64;29.35;29.55;2296270
20130124;30.1;30.63;30.04;30.58;3496906
20130125;30.63;30.68;30.38;30.55;2228928
20130128;30.61;30.64;30.07;30.16;1911254
20130129;30.16;30.22;29.68;29.71;2462641
20130130;29.64;30.07;29.6;29.94;2198769
20130131;29.94;29.98;29.6;29.85;2421398
20130201;30.09;30.09;29.66;29.72;2240719
20130204;29.6;29.92;29.26;29.3;1513111
20130205;29.35;29.98;29.3;29.8;2461921
20130206;29.68;29.87;29.29;29.56;2539836
20130207;29.37;31.04;29.37;30.15;3686487
20130208;30.4;30.86;30.23;30.53;2738480
20130211;30.4;30.53;30.2;30.43;1839959
20130212;30.49;30.5;30.09;30.33;1876721
20130213;30.4;30.68;30.2;30.22;2021443
20130214;30.13;30.36;30.01;30.19;1336305
20130215;30.21;30.39;29.55;29.96;2641044
20130219;30.05;30.05;29.57;29.97;2115398
20130220;29.9;30;29.31;29.35;2014949
20130221;29.34;29.39;28.85;28.87;1919826
20130222;28.94;29.16;28.47;29.08;2206988
20130225;29.21;29.24;28.27;28.28;2460510
20130226;28.29;28.54;28.09;28.12;2630753
20130227;28.13;28.96;28.09;28.78;1749130
20130228;28.87;29.28;28.79;29;2645286
20130301;28.95;29.12;28.61;29.07;2234168
20130304;28.86;29.49;28.75;29.45;2592709
20130305;29.49;29.8;29.33;29.68;1897626
20130306;29.62;29.87;29.5;29.85;2432746
20130307;29.81;29.81;27.43;27.62;9979851
20130308;27.88;28.41;27.75;28.1;4230150
20130311;28.01;28.29;27.93;28.09;2003221
20130312;28.09;28.24;27.87;27.95;1380462
20130313;28.05;28.15;27.56;27.65;3382275
20130314;27.74;28.15;27.68;27.94;2119664
20130315;27.83;28.39;27.82;28.14;2824129
20130318;27.78;28.13;27.71;28.02;2615557
20130319;27.99;28.05;27.54;27.73;2914313
20130320;27.94;28.12;27.71;28.09;2042890
20130321;28.13;29.2;27.78;29.03;4505602
20130322;28.92;29.8;28.8;29.61;2643142
20130325;29.58;29.78;29.43;29.52;3158708
20130326;29.72;29.99;29.6;29.72;2495469
20130327;29.45;30.14;29.42;30.03;1940734
20130328;30.06;30.34;29.84;30.31;3178599
20130401;30.25;30.3;29.84;29.92;2609605
20130402;30;30.07;29.65;29.7;2374553
20130403;29.72;30.08;29.43;29.63;2367948
20130404;29.69;30.16;29.65;30.04;2050668
20130405;29.6;29.79;29.48;29.66;1943048
20130408;29.57;29.69;29.46;29.66;1873947
20130409;29.62;29.99;29.3;29.81;2018121
20130410;29.84;30.13;29.81;30.12;1811824
20130411;31.51;32.5;31.48;31.9;6594354
20130412;32.01;32.41;31.7;32.34;2614326
20130415;31.73;32.24;31.45;31.54;2476434
20130416;31.68;31.93;31.55;31.9;1932306
20130417;31.65;31.92;31.32;31.5;1858050
20130418;31.64;31.64;31.02;31.26;2093158
20130419;31.24;31.54;31.22;31.43;1795357
20130422;31.5;31.62;31.15;31.5;1340199
20130423;31.86;32.17;31.55;31.85;2000802
20130424;31.83;32.24;31.71;31.81;1357695
20130425;31.98;32.59;31.89;32.52;1812523
20130426;32.48;32.7;32.38;32.56;1332179
20130429;32.63;32.99;32.6;32.86;1832869
20130430;32.95;33.06;32.69;33.03;2117353
20130501;32.98;33.06;32.42;32.5;1330470
20130502;32.49;32.63;32.12;32.33;2368717
20130503;32.64;32.99;32.51;32.85;1788952
20130506;32.88;32.97;32.39;32.6;1179250
20130507;32.72;33.25;32.56;33.25;1928987
20130508;33.17;33.24;32.82;33.06;1508682
20130509;33;33.3;32.71;32.87;1926859
20130510;32.97;33.06;32.61;32.93;1388459
20130513;32.91;32.91;32.41;32.48;1401819
20130514;32.5;33.09;32.48;32.87;1698046
20130515;32.94;33.11;32.6;33.11;1519755
20130516;32.91;33.06;32.34;32.44;2049191
20130517;32.59;32.84;32.45;32.8;1785023
20130520;32.52;32.75;32.32;32.56;1469885
20130521;32.62;33.17;32.47;33.09;1456101
20130522;33.15;33.24;32.4;32.6;1127744
20130523;32.62;32.71;32.15;32.54;1396812
20130524;32.66;33.09;32.16;32.92;1826574
20130528;33.12;33.22;32.93;33.12;1270509
20130529;32.86;33;32.4;32.57;1430754
20130530;32.68;32.86;32.32;32.34;1134892
20130531;32.18;32.91;31.86;32.16;2540580
20130603;32.22;32.41;31.79;32.41;1319989
20130604;32.35;32.57;32.13;32.33;961132
20130605;32.32;32.49;31.78;31.98;834949
20130606;32.05;32.08;31.37;31.83;1696598
20130607;32.07;32.48;31.84;32.44;1187966
20130610;32.48;32.6;32.19;32.39;965387
20130611;32.01;32.25;31.75;31.92;797959
20130612;32.12;32.19;31.68;31.77;682454
20130613;32.1;32.83;31.96;32.67;1714859
20130614;32.67;32.98;32.11;32.43;1370078
20130617;32.71;32.71;31.99;32.27;971674
20130618;32.18;32.73;32.17;32.66;812837
20130619;32.58;32.86;32.07;32.12;822786
20130620;31.88;31.94;31.52;31.7;1160331
20130621;31.93;32.1;31.47;31.9;2234092
20130624;31.77;31.93;31.33;31.65;1205071
20130625;31.95;32.19;31.5;31.92;1250723
20130626;32.09;32.36;31.86;31.86;1123469
20130627;32.06;32.62;32.06;32.4;1124472
20130628;32.22;32.87;32.22;32.41;2111723
20130701;32.65;32.97;32.58;32.7;1377943
20130702;32.75;32.97;32.57;32.73;849593
20130703;32.4;32.8;32.32;32.7;481966
20130705;32.99;33.28;32.54;33.06;749377
20130708;33.26;33.59;33.06;33.25;1281321
20130709;33.47;33.68;33.22;33.23;1348449
20130710;33.07;33.6;33.07;33.5;1253295
20130711;33.74;33.77;33.44;33.62;1249256
20130712;33.63;33.89;33.35;33.53;1543413
20130715;33.6;33.67;33.32;33.34;1120432
20130716;33.4;33.62;33.11;33.11;1090528
20130717;33.25;33.44;32.86;33.03;1214756
20130718;33.19;33.44;33.03;33.29;1947744
20130719;33.5;33.54;33.21;33.4;1640807
20130722;33.78;33.78;33.24;33.75;1476483
20130723;33.68;33.74;33.34;33.53;1352964
20130724;33.63;33.72;33.17;33.32;797919
20130725;33.14;33.7;33.14;33.59;1200333
20130726;33.46;33.61;33.15;33.57;738955
20130729;33.37;33.61;33.21;33.55;716920
20130730;33.55;33.88;33.46;33.59;964703
20130731;33.66;33.97;33.57;33.75;1056199
20130801;33.95;34.68;33.93;34.6;1082446
20130802;34.45;34.59;34.22;34.47;1437083
20130805;34.33;34.59;34.26;34.41;745792
20130806;34.22;34.24;33.67;33.88;2284827
20130807;33.84;33.87;33.36;33.44;1823946
20130808;33.78;33.78;33.45;33.57;1400283
20130809;33.44;33.59;33.25;33.51;855835
20130812;33.38;33.93;33.35;33.86;1135141
20130813;33.88;34.11;33.74;33.93;1222174
20130814;33.7;33.7;33.16;33.32;1565594
20130815;33;33;32.32;32.45;2182415
20130816;32.38;32.71;32.34;32.38;1935822
20130819;32.83;33.06;32.55;32.59;2134613
20130820;33.15;33.86;33.13;33.69;3183886
20130821;33.52;33.97;33.27;33.78;2660801
20130822;33.71;35.09;33.66;34.26;2357589
20130823;35.39;35.43;34.6;34.93;3667301
20130826;35;35;34.49;34.53;1878676
20130827;34.24;34.3;33.87;33.87;1719598
20130828;34.01;34.16;33.8;33.89;1154846
20130829;33.66;34;33.62;33.9;972945
20130830;33.97;33.99;33.54;33.63;1019073
20130903;34.13;34.51;33.66;34.08;1785698
20130904;34.15;34.77;34.02;34.55;1567389
20130905;34.59;34.9;34.49;34.78;1336392
20130906;34.69;34.87;34.34;34.38;1316890
20130909;34.42;34.61;34.36;34.55;745515
20130910;34.82;34.97;34.63;34.94;1027178
20130911;35;35.38;34.96;35.33;1601187
20130912;35.33;35.4;35.08;35.19;1388200
20130913;35.35;35.35;34.85;35.08;888949
20130916;35.5;35.52;35.27;35.45;1235568
20130917;35.44;35.8;35.44;35.59;972022
20130918;35.65;36.27;35.51;36.11;1308871
20130919;36.1;36.42;36.1;36.17;1165173
20130920;36.25;36.34;35.69;35.79;2602708
20130923;35.7;35.92;35.66;35.84;1154189
20130924;35.98;36.02;35.56;35.81;870963
20130925;36.22;36.22;35.63;35.87;1441474
20130926;35.88;36.4;35.88;36.18;929520
20130927;36.03;36.33;35.95;36.28;829860
20130930;35.95;36.5;35.86;36.4;1366048
20131001;36.5;36.97;36.42;36.87;1252980
20131002;36.53;37.03;36.35;37.01;1490819
20131003;36.7;36.95;36.35;36.58;1215187
20131004;36.47;36.85;36.39;36.74;831448
20131007;36.55;36.55;36.16;36.21;1105724
20131008;35.64;36.39;34.58;35.73;1195272
20131009;35.9;35.94;35.6;35.63;1168733
20131010;35.81;36.28;35.8;36.18;1479180
20131011;35.79;36.38;35.71;36.38;1227146
20131014;36.11;36.56;36.1;36.49;1116967
20131015;36.33;36.41;36.17;36.25;1089513
20131016;36.55;36.97;36.35;36.93;981899
20131017;36.78;36.89;36.51;36.86;1567213
20131018;37.1;37.27;36.83;37.15;1022946
20131021;36.57;37.41;36.57;37.25;989054
20131022;37.8;37.8;37.18;37.36;1626965
20131023;37.27;37.87;37.14;37.84;1320486
20131024;37.87;37.98;37.54;37.65;1125823
20131025;37.76;37.95;37.55;37.94;1057070
20131028;38;38.22;37.89;38.07;1884359
20131029;38.24;38.58;38.21;38.38;1918462
20131030;38.33;38.88;38.33;38.58;1769505
20131031;38.54;38.72;38.34;38.68;1265900
20131101;38.88;39.26;38.6;38.81;1437080
20131104;38.35;38.75;38.35;38.68;1416108
20131105;39.53;39.53;38.47;38.79;1017348
20131106;38.91;39.11;38.74;38.87;983153
20131107;38.94;39.28;38.4;38.46;1206736
20131108;38.5;39.08;38.36;39.05;908042
20131111;39.01;39.32;38.85;39.25;867924
20131112;39.04;39.44;39.03;39.39;1125012
20131113;39.15;40.05;39.08;40.03;1403646
20131114;39.98;40.63;39.79;40.55;1498924
20131115;40.51;40.83;40.12;40.82;1711060
20131118;40.85;41;40.26;40.44;1440896
20131119;40.46;40.9;40.24;40.48;1267738
20131120;40.72;40.85;40.35;40.66;1336064
20131121;40.78;40.78;39.97;40.13;3035798
20131122;37.15;38.2;36.5;37.84;9624417
20131125;38;38.11;37.57;37.76;2823628
20131126;37.84;38.46;37.79;38.35;3058051
20131127;39.17;39.17;38.24;38.34;1219302
20131129;38.34;38.5;38.09;38.23;603361
20131202;37.98;38.04;37.27;37.35;3514771
20131203;37.16;37.39;36.5;36.63;3449208
20131204;35.87;36.47;35.84;36.34;3271495
20131205;36.36;36.47;36.03;36.13;1842623
20131206;36.44;36.48;35.95;36.07;1606281
20131209;36;36.11;35.87;35.94;2137510
20131210;35.79;35.9;35.68;35.74;1867544
20131211;35.65;35.75;35.2;35.2;2478647
20131212;35.24;35.67;35.15;35.31;2271690
20131213;35.52;35.99;35.52;35.87;2436375
20131216;36.06;36.63;36.05;36.31;2663173
20131217;36.18;36.34;35.97;35.99;1783797
20131218;36.09;36.69;35.84;36.69;1899606
20131219;36.55;36.76;36.31;36.66;1668594
20131220;36.74;37.21;36.66;37.01;2729468
20131223;37.25;37.25;36.91;36.98;953668
20131224;37.02;37.1;36.86;37;450151
20131226;37.03;37.35;37.03;37.25;596349
20131227;37.22;37.3;36.76;36.88;1044765
20131230;36.98;37.33;36.88;37.17;834894
20131231;37.19;37.52;37.17;37.47;1122021
20140102;37.18;37.68;37;37.14;1513617
20140103;37.16;37.43;37.05;37.17;1101424
20140106;37.19;37.6;37.08;37.09;993445
20140107;37.09;37.56;36.86;36.89;1907974
20140108;36.94;36.99;36.61;36.85;2352842
20140109;36.95;37.34;36.86;37.33;2193496
20140110;37.4;37.6;37.06;37.33;1626584
20140113;37.08;37.18;36.61;36.65;2632307
20140114;36.77;36.9;36.49;36.6;1043274
20140115;36.59;36.78;36.25;36.39;1477966
20140116;36.81;36.81;35.94;36.04;1645987
20140117;36.03;36.03;35.61;35.7;1759417
20140121;35.85;35.92;35.02;35.21;2503324
20140122;35.67;35.67;34.61;34.63;2977829
20140123;34.52;34.54;33.93;34.25;2734455
20140124;33.92;34.32;33.86;33.92;2560702
20140127;33.88;34.47;33.74;34.14;2878174
20140128;34.2;34.52;33.82;33.89;2627332
20140129;33.75;34.06;33.62;33.83;2616150
20140130;34.02;34.1;33.78;33.98;1789168
20140131;33.51;34.22;33.5;33.96;2284831
20140203;34;34.1;32.94;32.97;3053333
20140204;33.18;33.38;32.86;32.89;2445274
20140205;32.84;33.22;32.58;33.15;4672724
20140206;33.23;34.68;33.16;34.66;3025804
20140207;34.51;34.8;34.16;34.68;1690569
20140210;35.29;35.29;34.45;34.57;1631223
20140211;34.64;35;34.62;34.77;1676907
20140212;35.44;35.45;34.47;34.58;1419106
20140213;35.09;35.09;34.58;34.79;1317307
20140214;34.63;34.88;34.52;34.71;1905577
20140218;34.69;34.73;34.16;34.16;2242053
20140219;34.22;34.32;33.88;33.9;2250286
20140220;33.99;34.32;33.63;33.83;2287130
20140221;34.09;34.23;33.7;33.73;2336902
20140224;33.83;34.75;33.71;34.64;2977063
20140225;34.82;35.21;34.36;35.02;2541818
20140226;35.42;36;35;35.85;4623176
20140227;36.12;36.27;35.73;36.16;3011543
20140228;36.92;36.95;35.79;36.4;4216313
20140303;36.46;36.46;35.74;36.15;1648705
20140304;36.32;36.64;36.2;36.23;1653293
20140305;36.75;36.75;35.83;35.98;1879094
20140306;35.99;36.04;35.6;35.88;1339033
20140307;36.07;36.13;35.6;36.03;1768737
20140310;35.93;36.25;35.83;36.18;1265227
20140311;36.17;36.31;35.89;36.13;1456390
20140312;36.52;36.52;35.99;36.19;1330392
20140313;36.18;36.29;36.02;36.15;1212459
20140314;36.08;36.66;36.08;36.34;2090828
20140317;36.5;37.07;36.42;37.05;1977661
20140318;37.47;37.47;36.55;36.63;1516443
20140319;36.56;36.9;36.09;36.33;1037883
20140320;36.19;36.54;36.15;36.39;991936
20140321;36.74;37.02;36.43;36.49;3068067
20140324;37.05;37.21;36.29;36.65;1845386
20140325;36.7;36.86;35.79;35.84;1902930
20140326;35.93;36.16;35.55;35.61;1318368
20140327;35.66;35.86;35.33;35.71;1857332
20140328;35.78;36.29;35.7;36.05;1475464
20140331;36.13;36.3;35.66;35.79;1592801
20140401;36.01;36.47;35.85;36.45;1572296
20140402;36.4;36.92;36.37;36.75;1871143
20140403;36.83;37.14;36.6;36.71;969547
20140404;36.83;36.89;36.15;36.19;1158601
20140407;36.1;36.28;35.29;35.38;1317276
20140408;35.27;35.91;35.09;35.83;1221538
20140409;35.9;36;35.47;35.72;1139632
20140410;35.63;35.78;34.83;34.93;1856053
20140411;34.8;34.81;34.36;34.53;1676685
20140414;34.78;34.96;34.43;34.64;1430276
20140415;34.81;35;34.33;34.57;1443924
20140416;34.84;34.99;34.63;34.7;826532
20140417;34.67;34.95;34.46;34.5;1123119
20140421;34.61;34.89;34.49;34.52;1127142
20140422;34.59;34.84;34.43;34.53;1103727
20140423;34.57;34.7;34.21;34.27;1618425
20140424;34.39;34.52;34.21;34.22;1422286
20140425;34.13;34.26;33.87;33.89;2047630
20140428;34.08;34.27;33.81;34.14;2260851
20140429;34.33;34.46;33.93;34.28;1282225
20140430;34.2;34.27;33.87;34.04;1562513
20140501;34.14;34.53;33.89;34.27;1169081
20140502;34.48;34.69;34.15;34.19;1026067
20140505;33.97;34.24;33.84;34.03;811103
20140506;33.82;34.01;33.77;33.83;3052032
20140507;33.8;33.94;33.61;33.89;1514673
20140508;34;34.65;33.95;34.53;2049133
20140509;34.5;34.64;34.23;34.58;1697420
20140512;34.6;35.05;34.6;34.83;1370017
20140513;34.71;34.86;34.56;34.58;1575793
20140514;34.57;34.76;34.44;34.51;1488013
20140515;34.56;34.56;33.89;34.21;2010756
20140516;34.28;34.79;34.28;34.77;1457878
20140519;34.71;34.78;34.53;34.61;1199541
20140520;33.9;34.01;33.47;33.56;3054469
20140521;33.54;34.27;33.54;34.04;2418183
20140522;34.05;34.37;33.89;34.05;2096951
20140523;34.3;34.63;33.93;34.43;5062319
20140527;35.3;35.3;33.73;34.15;2956954
20140528;34.22;34.24;33.68;33.74;2587470
20140529;33.88;33.89;33.53;33.88;2141567
20140530;34.01;34.34;33.88;34.23;1817892
20140602;34.24;34.35;33.94;34.18;1700466
20140603;34.07;34.2;33.93;34.11;962846
20140604;33.97;34.32;33.94;34.31;995680
20140605;34.25;34.45;33.75;34.35;1451976
20140606;34.44;34.6;34.28;34.54;1060770
20140609;34.56;34.95;34.33;34.36;1368378
20140610;34.33;34.35;33.83;33.84;1634439
20140611;33.83;33.84;33.44;33.7;1569431
20140612;33.62;33.62;33.27;33.39;1712409
20140613;33.38;33.6;33.26;33.56;1391961
20140616;33.45;33.56;33.33;33.48;1350546
20140617;33.48;33.71;33.38;33.62;1116376
20140618;33.7;34.15;33.65;34.06;1448592
20140619;34.1;34.21;33.83;33.92;1315157
20140620;34.07;34.29;33.94;33.97;2443060
20140623;33.9;34.02;33.72;33.99;1480344
20140624;33.85;33.88;33.36;33.38;1402059
20140625;33.47;33.53;33.08;33.17;1403962
20140626;33.13;33.19;32.73;33.01;1930522
20140627;33;33.09;32.8;32.9;1484161
20140630;33.05;33.31;32.95;33.07;1231886
20140701;33.27;33.3;33;33.26;1296794
20140702;33.37;33.62;33.25;33.49;1204230
20140703;33.53;33.73;33.53;33.58;518932
20140707;33.53;33.63;33.26;33.31;975409
20140708;33.33;33.55;33.15;33.47;2112162
20140709;33.64;33.9;33.48;33.88;1383609
20140710;33.41;33.52;33.22;33.3;1333846
20140711;33.13;33.33;32.79;32.9;1454417
20140714;33.03;33.17;32.49;32.53;1926897
20140715;32.48;32.77;32.45;32.63;1988419
20140716;32.29;32.55;31.06;31.08;5791550
20140717;30.96;31.27;30.92;31.1;4421362
20140718;31.12;31.79;31.04;31.66;2220104
20140721;31.5;31.66;31.31;31.39;2109589
20140722;31.5;31.63;31.29;31.3;1823326
20140723;31.28;31.55;31.26;31.5;1435165
20140724;31.49;32;31.48;31.82;1345173
20140725;31.68;31.88;31.68;31.73;1138513
20140728;31.71;32.11;31.68;31.98;1326538
20140729;32.07;32.19;31.87;31.94;1130233
20140730;31.98;32.43;31.98;32.39;1575494
20140731;32.16;32.44;32.16;32.2;1878985
20140801;32.24;32.47;32.13;32.35;1396149
20140804;32.3;32.52;32.18;32.45;1741641
20140805;32.36;32.66;32.15;32.33;1514522
20140806;32.08;32.77;32.08;32.47;1720167
20140807;32.62;32.73;32.25;32.32;1627440
20140808;32.47;33.58;32.47;33.38;2013892
20140811;33.29;33.38;33.12;33.16;1189036
20140812;33.25;33.32;32.91;33.01;1082295
20140813;32.88;32.93;32.4;32.7;1410919
20140814;32.77;33.08;32.69;33.05;878734
20140815;33.26;33.29;32.59;32.78;1269863
20140818;33.07;33.37;32.92;33.31;1406038
20140819;33.68;34.73;33.68;34.66;3110129
20140820;34.54;35;34.34;34.94;2314243
20140821;34.98;35.08;34.46;34.63;2423282
20140822;36.13;37.22;36.1;37.19;5854137
20140825;37.17;37.25;36.76;36.91;2229134
20140826;36.91;37.44;36.91;37.18;1830524
20140827;37.32;37.77;37.18;37.58;1554517
20140828;37.46;37.72;37.05;37.62;1135473
20140829;37.31;37.83;37.31;37.71;1953013
20140902;37.72;38.04;37.65;37.89;1944514
20140903;37.94;38.26;37.73;38.06;2295465
20140904;38.06;38.52;38.04;38.44;1654342
20140905;38.31;38.42;37.85;38.42;1848553
20140908;37.83;38.43;37.73;38.13;1640834
20140909;38.22;38.22;37.59;37.76;1549144
20140910;37.8;38.1;37.54;37.65;1194828
20140911;37.56;37.77;37.54;37.74;988073
20140912;37.65;37.83;37.34;37.58;1145520
20140915;37.73;37.88;37.45;37.48;911221
20140916;37.47;37.88;37.38;37.75;1049592
20140917;37.81;37.9;37.52;37.74;823262
20140918;37.8;37.95;37.7;37.84;747304
20140919;38;38.09;37.53;37.75;1945244
20140922;37.6;37.86;37.28;37.3;1137162
20140923;37.34;37.41;37.05;37.08;1231261
20140924;37.08;37.97;37.01;37.86;1325162
20140925;37.56;37.76;37.13;37.42;1533729
20140926;37.35;38.06;37.3;38.01;1424539
20140929;37.68;38;37.51;37.73;1023758
20140930;37.78;37.87;37.45;37.79;1514964
20141001;37.72;37.77;37.4;37.49;1253751
20141002;37.51;37.99;37.36;37.91;1536687
20141003;38.02;38.67;37.91;38.49;1831987
20141006;38.56;38.6;37.77;37.9;1490285
20141007;37.7;37.84;37.38;37.55;1868241
20141008;37.63;38.35;37.56;38.22;1838618
20141009;38.27;38.45;37.87;38.09;2588916
20141010;38.17;39.12;38.09;38.77;2642291
20141013;38.59;39.15;38.33;38.44;1850054
20141014;38.73;39.06;38.47;38.92;1889760
20141015;38.46;38.81;37.82;38.23;2614538
20141016;37.59;38.47;37.59;38.36;1793980
20141017;38.53;38.77;38.01;38.6;1920168
20141020;38.27;39.24;38.24;39.2;1210230
20141021;38.51;40.09;38.51;39.79;1800415
20141022;39.87;40.18;39.65;39.7;1686576
20141023;39.7;40.56;39.7;40.04;1659584
20141024;40.15;40.27;39.79;40.25;1408644
20141027;40.24;40.38;40.03;40.31;1684949
20141028;40.24;40.31;39.7;40.16;1367963
20141029;40.15;40.35;39.82;40.03;1016115
20141030;39.94;40.53;39.77;40.42;843317
20141031;41;41;40.12;40.36;1115611
20141103;40.37;40.71;40.24;40.62;974781
20141104;40.57;40.62;40.1;40.22;2051510
20141105;40.34;40.55;40.06;40.38;782983
20141106;39.83;41.01;39.83;40.94;1248736
20141107;40.99;40.99;40.58;40.7;1201476
20141110;40.66;41.19;40.63;41.16;1436996
20141111;41.2;41.37;40.84;40.97;1272504
20141112;40.85;41.52;40.79;41.4;1720086
20141113;41.5;41.55;40.95;41.28;1303770
20141114;40.91;40.91;40.43;40.69;1873989
20141117;40.68;40.97;40.49;40.67;1302828
20141118;40;40.78;39.74;40.64;1708394
20141119;40.62;41.15;40.62;41.08;1703017
20141120;41.18;41.77;41.03;41.61;2362850
20141121;44.65;44.78;43.84;44.65;6297148
20141124;44.88;45.13;44.09;44.52;2713323
20141125;44.7;45.09;44.47;44.65;2183696
20141126;44.78;45;44.65;44.89;1174483
20141128;45.08;46;44.75;45.74;992227
20141201;45.63;45.68;44.99;45.08;1383681
20141202;45.23;45.5;44.66;45.14;1229379
20141203;44.74;45.54;44.65;45.43;1166222
20141204;45.38;45.71;45.24;45.53;1099490
20141205;45.7;45.91;45.14;45.35;956134
20141208;45.1;45.55;44.99;45.11;723550
20141209;44.7;45.09;44.47;44.93;971925
20141210;44.87;45.44;44.51;44.65;936256
20141211;45.52;46.04;44.65;45.41;1228932
20141212;45.01;45.91;45.01;45.29;1323549
20141215;45.72;46.19;45.36;46.03;1433391
20141216;45.96;46.37;44.98;44.99;1607372
20141217;45.05;45.45;44.58;45.39;1787704
20141218;46.06;46.36;45.42;46.36;1423909
20141219;46.31;46.65;45.36;45.51;2421647
20141222;45.76;46.62;45.4;46.58;1103584
20141223;47.25;47.29;46.62;46.66;924231
20141224;46.82;46.9;46.32;46.36;507824
20141226;46.6;46.94;46.48;46.71;504257
20141229;46.52;47.35;46.52;47.05;852931
20141230;46.73;47.15;46.55;46.96;820697
20141231;47.21;48.1;47.12;47.13;1256098
20150102;47.42;47.66;46.57;46.87;907844
20150105;46.87;47.12;46.51;46.83;1526673
20150106;46.94;47.54;46.44;46.92;1761466
20150107;47.13;47.85;47.05;47.84;1302678
20150108;47.96;48.48;47.78;48.47;1664963
20150109;48.51;48.52;47.39;47.6;1509214
20150112;47.73;48.06;47.34;47.92;1046402
20150113;48.41;48.89;47.22;47.43;1517480
20150114;45.91;46.67;45.69;46.32;2237866
20150115;46.01;46.91;45.53;45.57;1717500
20150116;45.41;46.51;44.88;46.45;2049574
20150120;46.57;46.65;45.53;45.9;1438040
20150121;45.87;46.18;45.57;46.09;1255486
20150122;46.09;47.39;45.76;47.13;1600465
20150123;47.25;47.59;47.01;47.33;1057861
20150126;47.32;47.69;47.03;47.62;904161
20150127;46.39;47.36;46;47.17;1465606
20150128;47.45;48;46.81;46.83;1049189
20150129;46.78;47.31;46.42;46.82;1449575
20150130;46.72;46.96;45.64;45.86;3084716
20150202;46.01;46.08;44.73;45.93;1282870
20150203;46.19;47.31;45.97;47.3;1360265
20150204;46.93;47.69;46.89;47.37;1653733
20150205;47.19;47.92;47.14;47.47;1022086
20150206;47.7;47.82;47.31;47.49;808064
20150209;47.25;47.6;47.01;47.31;687260
20150210;47.69;47.85;47.41;47.67;699639
20150211;47.84;48.09;47.34;47.41;735627
20150212;47.51;47.87;47.23;47.84;826296
20150213;47.83;48.15;47.5;48.09;746799
20150217;47.86;48.64;47.82;48.43;1145409
20150218;48.45;48.6;47.95;48.35;734601
20150219;48.34;48.67;48.02;48.46;824627
20150220;48.57;49;48.25;48.96;1031094
20150223;49.07;49.43;48.86;49.42;1281347
20150224;49.5;49.98;49;49.04;1480459
20150225;48.5;49.35;48.43;49.23;2505204
20150226;49.1;49.85;49.03;49.53;1578871
20150227;52.37;53.12;51.73;52.91;4389023
20150302;52.71;53.49;52.7;53;2811647
20150303;53.03;53.12;52.39;52.77;1810223
20150304;52.8;52.98;52.22;52.56;1230195
20150305;52.58;52.96;52.46;52.48;1642125
20150306;52.26;52.86;52.09;52.2;926946
20150309;52.4;52.73;52.29;52.73;1149619
20150310;52.26;52.71;52.04;52.46;872038
20150311;52.42;52.95;52.4;52.53;876398
20150312;52.78;53.21;52.55;53.14;1289518
20150313;53.24;53.49;52.61;53.02;900871
20150316;53.37;53.68;53.27;53.43;952458
20150317;52.99;53.35;52.85;53.19;767722
20150318;53.05;53.14;52.15;52.89;1384529
20150319;52.8;53.41;52.79;53.37;975591
20150320;53.66;54.09;53.38;53.73;2090261
20150323;53.93;54.06;53.18;53.19;1681126
20150324;54.46;54.46;53.31;53.32;1226789
20150325;53.22;53.33;52.36;52.42;1360537
20150326;52.24;52.37;51.75;51.89;1252786
20150327;51.78;52.46;51.76;52.07;868777
20150330;52.33;53.09;52.09;52.87;834636
20150331;52.8;53.47;52.67;52.68;988230
20150401;52.5;52.64;51.65;52.01;1485412
20150402;52.15;52.29;51.72;51.96;1059646
20150406;51.76;52.42;51.67;51.98;786992
20150407;51.79;52.18;51.41;51.41;983545
20150408;51.71;52.38;51.49;52;1152414
20150409;52.13;52.38;51.4;51.84;1048315
20150410;51.97;52.02;51.5;51.73;1089767
20150413;51.79;52.67;51.71;52.1;980635
20150414;51.89;52.45;51.8;51.9;1442393
20150415;51.99;52.38;51.67;51.68;1322724
20150416;51.87;51.99;51.6;51.73;1069077
20150417;51.32;51.46;49.99;50.2;1644560
20150420;50.57;51.29;50.25;51.14;1044016
20150421;51.7;52;51.34;51.81;1173830
20150422;51.76;52.08;51.41;51.95;1197178
20150423;51.7;52.53;51.63;52.26;841513
20150424;52.19;52.5;52.11;52.19;825788
20150427;52.21;52.3;51.23;51.24;1061181
20150428;51.09;51.52;50.63;50.92;1190654
20150429;50.71;50.78;49.42;49.88;1486764
20150430;49.88;50.29;49.22;49.44;1444829
20150501;49.57;50.94;49.57;50.85;1170454
20150504;50.81;51.02;50.43;50.64;830677
20150505;50.4;50.8;49.97;50.27;961339
20150506;50.27;50.69;50.06;50.6;1062299
20150507;50.66;50.93;50.28;50.42;1208987
20150508;50.78;51.7;50.78;51.28;992358
20150511;51.4;51.7;50.99;51.01;991899
20150512;50.94;51.4;50.57;51.04;873884
20150513;51.1;51.41;50.49;50.62;1054399
20150514;50.87;51.17;49.5;49.68;2534152
20150515;49.83;50.35;49.54;50.24;1874180
20150518;50.32;51.25;49.94;51.18;1327041
20150519;52.13;52.38;51.31;51.49;1758461
20150520;51.31;51.39;50.46;50.47;1325362
20150521;50.34;51.01;50.1;50.78;2126584
20150522;51.46;51.46;48.17;48.52;3709737
20150526;48.63;48.76;47.61;47.78;2057005
20150527;47.92;48.59;47.71;48.28;1382711
20150528;48.24;48.63;48.15;48.47;1298665
20150529;48.54;48.62;48.12;48.34;1924262
20150601;48.41;48.62;47.88;48.26;1284688
20150602;48.27;48.87;48.11;48.49;1023932
20150603;48.74;49.15;48.38;49.09;929129
20150604;48.73;49.28;48.73;48.93;1338500
20150605;48.65;49.15;48.51;48.8;1206037
20150608;48.77;49.27;48.64;48.79;1331004
20150609;48.74;49.03;48.48;48.75;1385178
20150610;48.83;49.08;48.58;48.92;976348
20150611;49.06;49.33;48.8;48.93;774310
20150612;48.48;49.08;48.27;48.53;1893422
20150615;48.22;48.73;47.87;48.69;1901964
20150616;48.54;49.18;48.46;49.17;1588826
20150617;49.05;49.6;48.92;49.43;2120205
20150618;49.63;50.26;49.6;50.16;1857538
20150619;50.12;50.74;49.84;50.47;3949065
20150622;50.73;50.78;50.25;50.31;1559499
20150623;50.21;50.6;50.12;50.54;1689265
20150624;49.86;50.7;49.86;50.08;1715094
20150625;50.26;50.28;49.79;49.79;1478118
20150626;50.03;50.57;49.85;50.27;1925121
20150629;49.91;49.99;48.5;48.55;1996460
20150630;49.08;49.27;48.28;48.61;2317687
20150701;48.96;49.5;48.82;49.39;1925623
20150702;50.33;50.45;48.97;49.31;2015228
20150706;48.86;50.13;48.86;49.87;2442818
20150707;50.02;50.63;49.55;50.57;3027628
20150708;50.41;50.64;49.98;50.17;2439360
20150709;50.69;51;50.27;50.32;2496230
20150710;50.81;51;50.5;50.86;2092893
20150713;51.25;52.44;51.14;52.41;3138243
20150714;52.49;52.49;51.84;52.43;2546544
20150715;52.36;52.75;52.08;52.32;2020298
20150716;52.71;53;52.32;52.96;1827465
20150717;52.76;52.82;52.06;52.27;1757845
20150720;52.56;52.93;52.38;52.83;1482199
20150721;52.94;53.22;52.43;52.86;1703290
20150722;52.99;53.5;52.95;53.28;2143183
20150723;53.29;53.43;52.79;52.89;1167894
20150724;52.97;53.04;52.55;52.69;1505415
20150727;52.47;52.69;51.94;52.08;1773727
20150728;52.13;52.26;51.65;52.01;1956399
20150729;52.06;52.85;51.96;52.79;1912781
20150730;52.55;52.88;52.22;52.75;1009169
20150731;53.01;53.22;52.56;53.16;1194931
20150803;53.25;53.45;52.76;53.03;1235687
20150804;52.98;53.39;52.81;53.19;1476245
20150805;53.38;54.14;53.38;53.81;1371484
20150806;53.67;55.22;53.15;53.57;2502191
20150807;53.46;53.56;52.4;53.07;2361136
20150810;53.65;54.06;53.56;53.73;1807015
20150811;53.45;54.08;53.34;53.82;1695556
20150812;53.47;53.67;52.73;53.56;1659379
20150813;53.34;54.13;53.23;53.63;2604283
20150814;53.95;54.27;53.46;53.72;2709072
20150817;53.93;54.56;53.28;54.5;2118526
20150818;55.53;56.68;55.5;56.53;4010610
20150819;56.14;56.45;55.22;55.7;2564800
20150820;55.25;55.95;54.95;55.25;3784109
20150821;51.26;52.3;49.95;50;12828566
20150824;46.7;49.91;46.6;48.33;6979881
20150825;49.28;49.29;47.17;47.22;4923002
20150826;48.75;48.93;47.19;48.93;4159630
20150827;49.39;49.88;48.74;49.68;3422860
20150828;49.32;50.05;49.04;49.4;4007079
20150831;49.29;49.55;48.43;48.62;3314465
20150901;47.62;48.21;47.32;47.47;3998634
20150902;48.19;49.49;47.45;48.45;3003654
20150903;48.61;49.2;48.33;48.48;2664486
20150904;47.82;48.73;47.69;48.44;3143242
20150908;49.42;49.82;48.78;49.77;2845658
20150909;50.14;50.35;49.24;49.38;3580293
20150910;49.25;50.25;49.25;49.84;2849689
20150911;49.62;50.08;49.18;50.06;1722430
20150914;50.15;50.2;49.38;49.46;2702789
20150915;49.58;49.86;49.05;49.42;2113569
20150916;48.2;49.83;48.02;49.75;2094919
20150917;50.25;51.27;50.19;50.49;2770996
20150918;49.94;50.09;49.04;49.12;4088799
20150921;49.38;50;49.12;49.44;2465662
20150922;48.72;49.01;48.44;48.92;2790959
20150923;49.04;49.41;48.78;49.1;1427862
20150924;48.64;49.06;48.34;48.88;2044323
20150925;49.23;49.75;48.68;49.08;2311373
20150928;48.77;49.57;47.33;47.49;2582783
20150929;47.5;47.93;46.97;47.56;2335344
20150930;48.14;48.83;47.77;48.47;2875873
20151001;48.48;49.2;47.3;47.86;4039330
20151002;47.52;48.75;47.12;48.73;2301985
20151005;48.83;49.24;48.35;49.15;3194534
20151006;49.05;49.15;47.41;47.69;2811382
20151007;47.97;48.3;47.36;48.15;3749069
20151008;48.05;49.05;47.91;49.02;2668992
20151009;48.98;49.11;47.97;49.04;3011278
20151012;49.14;50.7;49.05;50.53;2859032
20151013;50.27;50.65;49.37;49.45;2600289
20151014;50.17;50.28;48.31;48.5;3381929
20151015;48.82;49.54;48.68;49.34;2339596
20151016;49.57;50.64;49.34;50.3;3026274
20151019;50.26;50.51;49.87;50.39;2395457
20151020;50.17;50.48;50.02;50.34;2121513
20151021;50.43;50.68;50.08;50.18;1833297
20151022;50.5;51.49;50.45;51.04;2080624
20151023;51.41;51.55;48.97;49.66;2969198
20151026;49.58;50.2;49.36;49.88;1785583
20151027;49.73;49.88;48.79;49.24;2469223
20151028;49.43;50.39;49.22;50.35;1536001
20151029;50.26;50.38;49.52;50.18;1376390
20151030;50.09;50.97;49.93;50.58;2179128
20151102;50.25;50.93;49.48;50.66;2498348
20151103;50.71;51.84;50.53;51.74;2816569
20151104;51.79;51.95;51.25;51.62;2417579
20151105;51.79;51.91;51.16;51.54;2476254
20151106;51.5;51.55;50.05;50.4;2175609
20151109;50.15;50.29;48.5;49.12;3785437
20151110;49.05;49.99;48.86;49.94;2167450
20151111;49.97;49.98;48.44;48.52;3378711
20151112;48.1;49.22;48.07;48.11;2970859
20151113;44.67;46.5;43.47;44.81;9629868
20151116;44.87;46.05;44.47;45.77;4936077
20151117;47.12;47.32;45.45;46.31;4961011
20151118;46.36;46.66;45.63;46.42;4260507
20151119;45.01;46.63;45.01;46.2;5138440
20151120;50.4;51;49.06;50.84;8053991
20151123;50.97;51.25;50.57;51.13;2787563
20151124;50.73;52.55;50.6;52.42;4885044
20151125;52.33;53.05;52.14;52.74;3259277
20151127;52.86;53.03;52.25;52.66;1071196
20151130;52.83;52.83;51.74;52.01;3423380
20151201;52.53;53.2;52.23;53.09;4127473
20151202;53.14;53.98;53.14;53.52;3703144
20151203;53.44;53.61;51.91;52.51;3971858
20151204;52.79;54.28;52.57;54.16;2970594
20151207;53.76;54.07;53.13;53.82;2429588
20151208;53.46;54.7;53.01;54.48;2584999
20151209;54;55.1;53.47;54.04;2959540
20151210;54.25;54.78;53.61;54.15;2360480
20151211;53.34;54.03;53.29;53.56;2341030
20151214;53.86;54.77;53.61;54.41;3129396
20151215;54.96;55.33;53.92;54.08;2886449
20151216;54.74;54.99;53.96;54.93;2623001
20151217;55.36;55.49;53.73;53.86;2523541
20151218;53.46;53.75;52.9;52.95;5095435
20151221;53.7;54.1;53.29;53.81;2221479
20151222;54.28;54.55;53.8;54.31;2574074
20151223;54.5;54.73;53.71;54.34;2010112
20151224;54.4;54.58;54.01;54.33;597263
20151228;54.07;54.6;53.91;54.39;1226689
20151229;53.19;55.64;53.19;54.94;1298156
20151230;54.96;55.29;54.54;54.55;1205075
20151231;54.44;54.54;53.8;53.81;1471703
20160104;53;54.37;52.5;54.37;4145698
20160105;54.37;55.17;54.18;54.73;3029185
20160106;54.03;54.53;53.3;53.89;2533668
20160107;52.97;55.11;52.5;53.76;3774739
20160108;53.84;53.84;51.96;52.1;2830863
20160111;52.52;52.87;51.88;52.59;2261929
20160112;53.52;54.86;53.41;54.45;3878768
20160113;54.26;54.27;52.07;52.19;3565051
20160114;52.42;53.37;51.72;52.82;3212648
20160115;51.21;52.73;51.21;52.29;3656463
20160119;52.89;53.15;52.08;52.58;3278983
20160120;51.99;52.83;50.42;52.18;4108685
20160121;52.32;52.68;51.91;52.23;3216224
20160122;52.96;54.27;52.74;54.14;2638154
20160125;54.08;54.35;53.4;53.62;2208357
20160126;53.52;54.48;53.2;54.33;2144978
20160127;54.37;54.82;53.41;53.78;2476972
20160128;54.26;54.43;53.23;53.95;2176840
20160129;54.27;56.32;54;56.26;3492064
20160201;56.26;57.19;55.85;56.76;4299205
20160202;56.29;57.19;55.69;56.52;3145826
20160203;56.78;56.92;54.44;55.1;3431397
20160204;54.44;54.79;53.35;54.48;4135936
20160205;54.21;54.25;53.01;53.32;4347179
20160208;52.67;53.6;52.11;53.33;3809853
20160209;52.94;54.86;52.78;54.53;3878402
20160210;54.47;55.64;53.81;53.84;3474235
20160211;53.22;53.61;52.16;52.56;3467914
20160212;53.26;54.06;52.31;53.75;2643110
20160216;54.33;56.11;54.24;55;4148201
20160217;55.52;55.86;54.9;55.07;4409585
20160218;54.77;55.11;54.29;54.82;3220951
20160219;54.49;54.73;53.6;54.69;3180655
20160222;55.32;55.79;55.02;55.43;3040364
20160223;55.11;56;55.03;55.35;3101285
20160224;55.25;56.38;54.84;56.25;3838799
20160225;56.55;56.77;55.71;56.54;2804744
20160226;56.77;56.82;55.64;56.29;2443615
20160229;56.1;56.57;54.92;54.98;6083288
20160301;55.45;56.53;55.36;56.23;5119702
20160302;57.85;58.92;56.75;57.74;8993558
20160303;58.27;58.43;56.07;57.85;4220312
20160304;57.73;57.81;57.1;57.42;3673394
20160307;57.62;59.44;57.25;57.53;3128933
20160308;57.41;58.1;57.23;57.38;2346731
20160309;56.44;57.47;56.25;56.58;3208362
20160310;56.28;57.56;56.16;57.21;3016479
20160311;57.94;58.1;57.21;57.96;2369690
20160314;57.93;58.3;57.75;58.17;1550965
20160315;57.85;58.5;57.85;58.13;1784532
20160316;57.85;58.3;57.43;58.09;2502266
20160317;57.99;58.57;57.66;58.53;2112329
20160318;58.8;59.68;58.5;59.3;4666731
20160321;58.85;59.11;58.21;58.43;2361055
20160322;58.86;58.9;58.05;58.12;2242204
20160323;58.04;58.41;57.62;58.18;1281168
20160324;58.35;58.5;56.88;57.41;2527399
20160328;57.54;57.99;57.3;57.59;2035366
20160329;57.7;58.14;57.5;58.09;2081578
20160330;58.27;58.59;57.64;58.34;1830061
20160331;58.34;58.77;57.85;57.9;1977732
20160401;57.89;58.79;57.62;58.64;2307591
20160404;58.87;59.01;58.41;58.65;2941072
20160405;57.68;58.52;57.51;57.9;2314394
20160406;58.06;58.79;57.71;58.49;1797589
20160407;58.09;58.53;56.4;56.7;2996728
20160408;56.67;56.8;56.18;56.53;1937364
20160411;56.53;56.92;56.01;56.05;1966407
20160412;56.16;56.49;55.44;56.41;1554058
20160413;56.68;57.03;56.11;56.95;1751652
20160414;56.46;57.07;56.02;56.98;2681181
20160415;57.16;57.34;56.71;56.95;1945623
20160418;56.93;57.9;56.75;57.77;2095326
20160419;57.95;58.05;57.21;57.53;1506590
20160420;57.51;57.67;57.05;57.39;2033319
20160421;57.63;58.1;57.2;57.25;2286521
20160422;57.17;57.39;56.5;56.67;2286284
20160425;56.69;57.12;56.14;57;2073580
20160426;57.13;57.84;56.87;57.6;1577882
20160427;57.59;58.31;57.13;58.21;1918602
20160428;57.99;58.23;57.31;57.44;2032496
20160429;56.94;57.1;56.07;56.78;2941203
20160502;57.07;57.78;56.68;57.59;1267867
20160503;57.28;57.69;56.66;57.3;1499319
20160504;56.95;57.8;56.69;57.64;1661026
20160505;57.51;57.9;56.44;56.47;1897042
20160506;55.51;57.09;55.51;57.07;2074931
20160509;57.82;58.36;56.92;58.16;2305180
20160510;58.24;58.5;57.23;57.56;2393729
20160511;55.4;55.83;54.43;54.44;5519418
20160512;54.54;55.35;53.87;55.09;3635976
20160513;55.09;55.64;54.28;54.32;3385126
20160516;54.17;55.93;54;55.74;3182475
20160517;56.69;57.21;54.14;54.52;4934176
20160518;54.12;54.7;53.34;54.31;3216627
20160519;54.63;55.86;54.62;55.52;5564905
20160520;52.05;53.95;52;52.49;11595431
20160523;52.53;53.05;52.17;52.4;4340399
20160524;52.64;53.55;52.52;53.36;3007685
20160525;53.29;53.88;52.82;53.41;2901817
20160526;53.71;54.44;53.54;53.88;2568364
20160527;54.07;54.23;53.59;53.92;2254911
20160531;54.41;54.44;53.06;53.4;3004359
20160601;53.47;53.87;53.26;53.3;2197249
20160602;53.34;53.77;53.2;53.69;2216372
20160603;53.47;53.47;52.87;53.09;2591141
20160606;53.2;53.35;52.06;52.34;3106786
20160607;52.38;53.4;52.27;53.18;3828160
20160608;53.24;53.59;52.99;53.45;2442098
20160609;53.32;54.5;52.93;54.22;4723850
20160610;53.6;53.93;53.26;53.63;2859256
20160613;53.55;53.85;53.03;53.54;3103268
20160614;53.5;54.02;53.23;53.89;3433817
20160615;53.91;54.66;53.82;54.32;3625225
20160616;54.13;54.57;54;54.43;2272556
20160617;54.31;54.49;53.91;54.25;3557527
20160620;54.7;55.25;54.16;54.2;2152680
20160621;54.31;54.98;54.15;54.85;2765787
20160622;54.8;55.23;54.14;54.43;2981564
20160623;54.69;54.98;53.82;54.07;2249085
20160624;52.75;54.95;52.75;54.42;5501492
20160627;54.3;54.87;53.34;54.75;4217610
20160628;54.68;55.45;54.51;55.34;2825255
20160629;55.54;56.34;55.54;55.77;3042368
20160630;55.86;56.73;55.61;56.69;2604455
20160701;56.55;57.23;56.16;56.35;1959706
20160705;56.19;56.53;55.89;56.36;1577292
20160706;56.34;56.8;55.99;56.79;2822324
20160707;56.53;56.81;56.31;56.56;1762049
20160708;57;58.22;56.7;58.19;2466180
20160711;58.16;58.32;57.61;58.06;2868576
20160712;58.23;58.36;57.6;57.9;3134095
20160713;58.23;58.51;57.7;58.04;2238022
20160714;58.24;58.26;57.8;58.02;1862314
20160715;58.34;58.34;57.89;58.19;2187051
20160718;58.41;59.37;58.32;58.95;2184675
20160719;58.89;59.29;58.82;59.21;2208263
20160720;59.22;59.5;59.06;59.32;1751393
20160721;59.32;59.5;58.9;59.22;1570395
20160722;59.6;60.19;59.13;59.97;1976735
20160725;59.92;61.26;59.83;61.13;2774993
20160726;61.04;62.02;61.04;61.98;3674932
20160727;61.83;62.35;61.23;61.39;3415906
20160728;61.4;61.7;60.9;61.33;2405926
20160729;61.31;61.89;61.08;61.83;2159743
20160801;61.72;62.02;61.08;61.58;2103350
20160802;61.37;61.65;60.33;60.68;2118781
20160803;60.21;61.32;59.57;61.32;2520824
20160804;61.44;61.8;61.17;61.49;2060450
20160805;61.73;62.14;61.49;61.85;2157445
20160808;61.82;61.88;61.24;61.51;2294003
20160809;61.54;61.69;60.58;60.8;3192817
20160810;61.02;61.33;60.5;61.06;2595385
20160811;61.72;62.37;61.09;61.96;2441674
20160812;61.5;63.14;61.3;63.12;3110717
20160815;63.33;63.62;63.02;63.22;3216616
20160816;62.33;63.07;61.82;61.87;4645856
20160817;61.88;62.38;61.68;62.3;2979823
20160818;62.49;63.65;62.3;62.88;4819040
20160819;64.5;66.28;64.2;65.06;7260000
20160822;65.07;65.26;64.37;64.45;4935669
20160823;64.76;64.97;64.17;64.3;2887615
20160824;64.17;64.31;63.66;63.87;2418966
20160825;63.83;64.02;62.9;63.41;3491973
20160826;63.46;63.9;62.95;63.26;2222529
20160829;63.23;63.61;62.91;63.11;2540311
20160830;62.91;63.08;62.08;62.3;2190701
20160831;62.22;62.42;61.82;62.24;2604329
20160901;62.46;62.51;61.63;62.38;1813488
20160902;62.55;62.84;62.13;62.73;1316588
20160906;62.53;62.75;61.83;62.75;2361336
20160907;62.1;63.03;62.1;62.86;2233449
20160908;62.64;63;62.45;62.72;2082880
20160909;62.2;62.42;60.77;60.78;3021015
20160912;60.86;61.79;60.79;61.71;2244050
20160913;61.41;62;60.81;61.17;2409674
20160914;61.17;61.61;61.04;61.3;1902895
20160915;61.09;62.09;60.84;61.95;1846312
20160916;61.81;62.02;61.31;61.93;2934647
20160919;62.07;62.81;61.93;62.53;2338934
20160920;62.54;63.01;62.37;62.91;2622345
20160921;63.46;63.46;62.5;63.35;2288204
20160922;63.58;64.28;63.5;63.98;2083184
20160923;63.58;64.62;63.58;64.26;1814476
20160926;64.12;64.26;63.48;63.76;1762763
20160927;63.64;64.6;63.64;64.39;2200689
20160928;64.49;64.51;63.23;63.43;2197746
20160929;63.41;63.95;63.19;63.35;1981956
20160930;63.87;64.53;63.53;64.3;2041974
20161003;63.97;64.64;63.74;64.23;2091079
20161004;64.14;64.69;64.02;64.26;1597497
20161005;64.25;65.4;64.24;64.48;2318339
20161006;64.24;64.54;63.83;64.37;1757512
20161007;64.67;65.29;63.95;64.28;1945338
20161010;64.68;64.99;64.08;64.2;1823514
20161011;64.15;64.16;63.53;63.75;1944584
20161012;63.92;64.95;63.85;64.9;2141609
20161013;64.62;64.83;64.05;64.81;2001996
20161014;64.94;65.14;64.54;64.66;1626664
20161017;64.7;65.05;64.28;64.39;2152897
20161018;64.66;64.9;63.54;63.55;2262729
20161019;64.6;64.6;63.03;63.36;3018958
20161020;63.47;64;63.24;63.41;2043059
20161021;63.19;63.42;62.77;63.4;1800110
20161024;63.73;63.93;63.14;63.39;2108066
20161025;63.04;63.33;62.56;63.13;1758017
20161026;63.06;63.98;63;63.5;2040013
20161027;63.5;63.62;62.08;62.31;2236454
20161028;62.19;62.55;61.78;62.28;2324665
20161031;62.43;62.57;61.9;62.54;3183384
20161101;62.4;62.69;61.82;62.11;3157912
20161102;62.18;62.41;61.83;62.11;1843283
20161103;62.32;62.39;61.2;61.28;2118712
20161104;61.03;62.14;61.03;61.4;2293754
20161107;61.91;62.88;61.63;62.59;3191896
20161108;62.59;63.69;62.28;62.85;2801695
20161109;61.53;63;61;62.86;2880823
20161110;63.13;64.64;62.93;63.24;3491177
20161111;63.13;63.9;62.52;63.64;3390878
20161114;63.73;64.47;63.57;63.6;3865045
20161115;64;64.01;61.98;63.09;4099789
20161116;63.09;64.09;62.92;63.86;3744476
20161117;64.11;65.53;63.11;65.53;4038274
20161118;67.72;68.84;66.6;68;6999124
20161121;68.02;68.36;67.56;67.93;4024478
20161122;68.65;69.81;68.55;68.94;7715524
20161123;68.81;69.74;68.53;69.25;2833186
20161125;69.55;69.55;68.86;69.04;1036448
20161128;68.79;69;68.28;68.36;2693812
20161129;68.6;68.85;68.21;68.57;2221271
20161130;68.45;68.72;67.58;67.59;4411627
20161201;67.46;67.95;67.09;67.38;2925465
20161202;67.45;67.88;67.19;67.36;2248663
20161205;67.69;67.92;66.87;67.15;2765717
20161206;67.26;67.5;66.7;67.26;2626176
20161207;67.38;68.3;67.05;68.26;2360186
20161208;68.13;68.44;67.47;67.7;2451256
20161209;67.78;67.78;66.91;67.62;2198682
20161212;67.45;67.81;67.01;67.39;1786673
20161213;67.69;68.69;67.44;68.27;2698604
20161214;68.4;68.46;67.21;67.44;2827267
20161215;67.68;67.94;67.07;67.27;3237709
20161216;67.49;69.53;67.29;69.53;11132690
20161219;69;69.24;68.34;68.41;4173781
20161220;68.52;69;68.14;68.43;3205888
20161221;68.45;68.73;67.97;68;2105935
20161222;67.83;67.96;66.99;67.11;2058542
20161223;67.15;67.58;67.07;67.11;1411535
20161227;67.26;67.71;67.14;67.15;1266398
20161228;67.28;67.59;66.47;66.52;1808563
20161229;66.49;67.14;66.28;66.37;1670181
20161230;66.69;66.96;65.49;65.6;2777536
20170103;66.02;66.97;65.39;65.61;3023889
20170104;65.66;66.76;65.62;66.55;2970630
20170105;65.72;66.59;65.55;65.69;2799080
20170106;65.79;65.99;65.26;65.31;2183152
20170109;65.27;65.98;65.27;65.45;2182208
20170110;65.31;67.2;65.26;66.77;3020623
20170111;66.79;67.21;66.08;66.55;1919558
20170112;66.35;66.69;65.91;66.59;1209884
20170113;66.51;67.09;66.49;66.93;1418126
20170117;66.9;68.36;66.81;67.12;1611861
20170118;67.4;67.4;66.72;66.9;1935592
20170119;66.77;67;65.83;65.96;1469307
20170120;66.28;66.44;65.48;66;1732699
20170123;65.81;66.07;64.89;65.11;2048752
20170124;65.19;66.22;65.19;66.11;1676624
20170125;66.34;66.5;65.71;65.96;2194208
20170126;66.14;66.35;65.52;65.57;2090545
20170127;65.82;65.87;64.94;65.33;1967582
20170130;65.26;65.68;64.68;65.39;1655363
20170131;65.15;66.13;64.58;66.11;1832657
20170201;66.02;66.32;65.48;65.88;2148230
20170202;65.73;66.18;65.46;65.64;1654769
20170203;65.91;66.58;65.62;65.96;1698715
20170206;65.81;66.46;65.66;66.34;1734936
20170207;66.35;66.68;66.08;66.36;1368177
20170208;66.36;67.86;66.33;67.67;1950442
20170209;67.8;68.44;67.7;68.17;1818388
20170210;68.32;68.96;67.84;68.79;2219189
20170213;69;69.03;67.99;68.05;2116662
20170214;68.05;68.72;67.94;68.7;1994691
20170215;68.51;68.95;68.39;68.92;2377656
20170216;69.08;69.08;67.97;68.26;2542583
20170217;68.22;68.59;67.87;68.55;4137520
20170221;68.99;69.53;68.55;68.81;2788230
20170222;68.93;69.39;68.72;69.04;2540905
20170223;68.84;68.93;67.56;67.64;2618070
20170224;67.75;69.37;67.52;69.01;3232916
20170227;68.98;69.39;68.67;69.15;2380433
20170228;68.85;68.85;68.05;68.58;3499444
20170301;68.02;68.25;65.63;66.8;7923587
20170302;66.73;68.38;66.62;67.81;3312086
20170303;67.8;67.91;66.55;67.07;2605977
20170306;67.06;67.54;66.64;67.4;2819433
20170307;67.16;67.58;66.69;66.87;2495965
20170308;66.71;67.11;66.43;66.71;1965765
20170309;66.73;66.83;66.37;66.65;1867593
20170310;67.11;67.14;66.44;66.96;2016916
20170313;66.94;67.2;66.54;66.95;2354716
20170314;66.88;67.46;66.71;67.28;1648637
20170315;67.23;67.76;66.83;67.54;1357530
20170316;67.24;67.95;67.22;67.31;1863461
20170317;67.91;67.91;67.09;67.65;3324776
20170320;67.46;67.64;66.28;66.46;2135786
20170321;66.71;66.75;65.44;65.77;2453218
20170322;66;66.49;65.41;66.35;1821990
20170323;66.24;66.6;65.69;65.77;1740464
20170324;66.09;66.55;65.69;66.12;1857415
20170327;65.76;65.91;65.21;65.34;2326272
20170328;65.27;65.86;64.75;65.77;2075302
20170329;65.77;66.38;65.46;66.06;1593310
20170330;65.94;66.63;65.87;66.61;1741351
20170331;66.4;66.52;65.81;65.87;1655255
20170403;66.05;66.05;65.02;65.18;2313769
20170404;65.1;65.17;63.53;63.66;2788596
20170405;63.69;63.82;62.46;62.53;4965872
20170406;62.93;64;62.87;63.45;4468617
20170407;63.54;63.58;62.96;63.09;3140820
20170410;63;63.81;63;63.5;2197473
20170411;63.46;63.99;63.22;63.91;2060472
20170412;64.08;64.09;63.65;63.73;2225369
20170413;63.89;64.02;63.19;63.2;1742964
20170417;63.56;63.64;63.02;63.28;1869409
20170418;63.32;63.61;63.17;63.41;1756518
20170419;63.74;64.08;63.56;63.73;2007550
20170420;63.79;65;63.79;64.66;2857768
20170421;64.66;64.93;64.11;64.9;2150086
20170424;65.42;65.7;64.66;65.06;2119081
20170425;65.21;65.34;64.52;64.75;1804019
20170426;65.13;65.51;64.93;65.05;1910586
20170427;65.03;65.89;65.02;65.54;2349525
20170428;65.59;65.59;64.65;65;2823968
20170501;65.3;65.43;64.07;64.08;1813992
20170502;64.07;64.77;63.96;64.72;2524271
20170503;64.85;65.22;64.66;65.14;1741869
20170504;65.14;65.39;64.33;64.57;1876213
20170505;64.7;64.89;64.41;64.7;1922288
20170508;64.75;64.89;64.43;64.63;1532107
20170509;64.59;65.59;64.36;65.22;1696417
20170510;65.27;66.53;64.94;66.05;3073188
20170511;65.59;65.8;64.57;65.23;2691075
20170512;64.98;65.12;63.47;63.49;3332452
20170515;63.45;63.62;62.28;62.35;5505106
20170516;60.54;61.87;59.67;61.5;8804297
20170517;61.31;62.43;61.22;61.52;4108658
20170518;61.85;62.16;61.01;61.07;3702876
20170519;62.91;63.95;61.23;62.2;6901192
20170522;62.3;62.92;61.88;62.45;3686059
20170523;62.3;62.63;61.75;62.02;3343399
20170524;62.03;62.51;61.68;61.95;3020449
20170525;62.35;63.27;62.11;63;4110197
20170526;63.15;63.69;62.79;63.52;1923722
20170530;63.56;63.74;63.3;63.43;2233783
20170531;63.43;63.94;63.16;63.92;3039239
20170601;63.88;64;63.24;63.68;2762997
20170602;63.46;63.89;63.31;63.74;2018738
20170605;63.87;63.88;63.29;63.32;2234627
20170606;63.1;63.25;61.73;61.84;3443290
20170607;62.13;62.51;61.86;62.11;2851615
20170608;62.53;62.63;61.19;61.32;3451778
20170609;61.42;62.08;60.74;61.96;2498629
20170612;61.66;62.87;61.66;61.86;3101753
20170613;61.7;62.28;61.53;62.09;1962910
20170614;62.35;62.35;60.82;61.1;2903907
20170615;61.07;61.36;59.53;60.91;2930130
20170616;60.18;60.23;59.6;60.08;4407508
20170619;60.19;60.84;59.56;60.65;2400550
20170620;60.62;60.62;57.66;57.72;5961078
20170621;57.61;58.15;56.65;56.9;7242738
20170622;56.94;56.94;55.62;55.97;6669932
20170623;56.01;56.37;55.22;56.29;5281551
20170626;56.41;57.27;56.4;56.7;2851471
20170627;56.62;56.99;56.2;56.53;2610537
20170628;56.73;58.09;56.35;57.78;3476441
20170629;57.72;57.93;56.76;57.3;2935113
20170630;58.06;58.06;57.38;57.73;3419092
20170703;57.99;58.49;57.96;58.23;1544030
20170705;58.18;58.25;57;57.39;3940254
20170706;56.91;57;55.96;56.28;4068917
20170707;56.27;56.67;56.12;56.14;3581390
20170710;56.05;56.14;54.73;54.8;4575628
20170711;54.81;55.02;54.32;54.34;3657062
20170712;54.68;54.89;54.08;54.13;4363932
20170713;54.1;54.61;53.89;54.42;6000351
20170714;55.61;56.05;54.68;54.76;5736567
20170717;54.79;55.26;54.67;54.73;3468128
20170718;54.79;54.97;54.26;54.33;2698261
20170719;54.35;54.73;54.21;54.42;4683198
20170720;54.52;55.08;54.42;54.65;4902432
20170721;54.73;55.02;54.1;54.31;4069052
20170724;54.2;54.2;52.91;53.07;5574525
20170725;53.34;54.48;53.08;54.03;5339991
20170726;54.09;54.41;53.37;53.96;2715419
20170727;53.9;55.13;53.79;55.12;3182551
20170728;55.08;55.35;54.67;54.87;2102600
20170731;55.1;55.39;54.73;55.32;2736560
20170801;55.46;55.68;55.03;55.6;2475331
20170802;55.58;55.9;55.21;55.65;2471882
20170803;55.63;55.99;54.53;54.87;3108983
20170804;55.1;55.94;54.86;55.86;2400886
20170807;55.62;56.02;55.13;55.4;2235112
20170808;55.52;56.61;55.52;55.92;3086164
20170809;55.88;56.07;55.02;56.04;3352973
20170810;55.7;55.73;54.67;54.8;3336906
20170811;54.86;55.94;54.8;55.56;2593760
20170814;55.91;56.24;54.64;54.77;3457242
20170815;54.67;54.75;52.85;53.03;7469019
20170816;53.88;54.45;53.39;54.37;3615304
20170817;53.92;54.36;53.19;53.33;5508437
20170818;58.73;59.5;57.99;59.02;14140321
20170821;58.95;59.14;57.75;58.56;5277373
20170822;58.8;59.24;58.66;59.19;3342689
20170823;59.03;59.32;58.67;58.92;3144667
20170824;59.36;60.8;58.14;58.33;4233463
20170825;58.39;59.67;58.39;59.38;6287651
20170828;59.45;59.55;58.76;59.02;2764555
20170829;58.61;59.15;57.95;58.69;2649369
20170830;58.74;58.92;58.05;58.43;3179226
20170831;58.5;58.87;58.15;58.45;3369989
20170901;58.65;59.27;58.65;58.92;2751772
20170905;58.75;59.37;58.7;58.99;2921455
20170906;58.84;59.7;58.84;59.15;2924110
20170907;59.37;59.62;58.12;58.55;2942049
20170908;58.51;58.72;57.87;58.52;2085349
20170911;58.6;59.38;58.34;59.27;2778151
20170912;59.49;61.4;59.19;60.67;3370159
20170913;60.76;61.9;60.76;61.41;2943989
20170914;61.28;61.44;60.29;60.6;2800941
20170915;60.57;60.93;60;60.71;3528360
20170918;60.81;60.99;59.95;60.81;2373688
20170919;60.88;61.21;60.69;61.15;3052350
20170920;61.3;61.43;60.63;60.92;1746960
20170921;61.1;61.26;60.65;60.91;2352147
20170922;60.63;61.07;60.31;60.89;1644545
20170925;62.69;63.58;62.5;62.86;3860682
20170926;63.01;63.94;62.67;63.79;3651706
20170927;63.68;65.3;63.64;64.84;4648238
20170928;64.56;64.85;63.73;64.8;4223975
20170929;64.92;65.21;64.5;64.57;2501677
20171002;64.34;64.92;63.73;64.69;2507345
20171003;64.55;65.15;64.45;64.91;1775298
20171004;65.01;65.38;64.34;65.23;3286933
20171005;65.22;65.65;65.05;65.53;2227168
20171006;65.33;66.16;65.32;65.99;2385409
20171009;65.96;65.96;65.07;65.29;1268100
20171010;65.29;65.51;64.6;64.84;1761936
20171011;64.96;65.23;64.39;64.55;2754383
20171012;64.55;64.66;63.16;63.28;3254305
20171013;63.39;63.61;62.91;63.12;2812713
20171016;63.03;63.39;62.34;62.91;2226095
20171017;63;63.6;62.86;63.24;1783755
20171018;63.22;63.55;62.86;63.32;1860777
20171019;63.35;63.62;62.93;63.39;1771514
20171020;63.7;64.34;63.41;64.23;2334638
20171023;64.15;64.91;63.97;64.31;1891156
20171024;64.34;64.76;64.14;64.34;2020707
20171025;64;64.32;63.3;63.84;2364173
20171026;64.02;64.71;63.71;64.27;1624035
20171027;63.64;64.09;63.29;63.82;2537178
20171030;63.59;63.59;62.59;63.42;2159635
20171031;63.68;64.87;63.41;63.49;1983728
20171101;63.74;64.12;63.17;63.48;1965682
20171102;63.85;64.67;63.55;64.36;1948277
20171103;64.17;64.55;64.05;64.13;1645382
20171106;64.11;64.73;62.85;64.14;2052865
20171107;64.21;64.82;64;64.79;2680369
20171108;64.63;64.88;63.78;63.87;2373361
20171109;63.56;65.19;63.55;64.57;2392055
20171110;64.29;65.8;64.29;65.76;3430702
20171113;65.16;65.89;64.71;64.91;2613042
20171114;64.02;64.91;63.56;64.47;3992385
20171115;64.24;65.52;63.91;64.61;3327996
20171116;64.56;65.99;64.38;65.69;4665751
20171117;72.13;73.94;71.02;72.25;8241924
20171120;72.39;72.86;71.67;72.74;4161609
20171121;72.97;73;71.89;72.67;3069354
20171122;72.25;72.81;72;72.3;2287837
20171124;72.27;72.69;71.18;71.32;1045380
20171127;71.6;71.96;71.02;71.33;2557214
20171128;71.36;72.89;70.84;72.81;3015419
20171129;72.95;76.33;72.73;75.95;5689796
20171130;75.97;77.2;74.93;76.03;5023895
20171201;75.64;76.33;74.28;75.73;3100709
20171204;76.42;78.81;76.24;78.01;4498211
20171205;78.22;78.78;76.99;77.02;2403457
20171206;77.26;77.97;76.63;76.79;2037567
20171207;77.09;77.48;76.5;76.7;1748860
20171208;77.01;77.11;76.15;76.89;2093924
20171211;76.7;77.21;76.02;76.76;2070695
20171212;76.74;77.19;76.21;76.41;2096538
20171213;76.68;77.57;76.52;76.97;2014162
20171214;77.15;77.48;75.2;75.51;2057230
20171215;76.41;76.77;75.26;75.96;4383057
20171218;76.35;77.69;76.35;77.56;1813175
20171219;77.76;78.84;77.19;78.54;2925573
20171220;78.81;79.81;78.33;79.61;2991841
20171221;79.72;80.62;79.53;80.14;2515563
20171222;80.07;80.52;79.42;80.44;1447612
20171226;80.55;81.13;80.4;80.96;1309931
20171227;81.24;81.24;80.56;80.73;958005
20171228;80.92;80.92;80.02;80.61;810870
20171229;80.56;81.48;80.22;80.25;1758151
20180102;80.86;81.36;80.43;80.5;2107957
20180103;80.64;80.66;79.62;80.45;2942035
20180104;80.46;81.01;79.61;80.91;2313233
20180105;81.32;82.12;80.97;81.97;2224474
20180108;81.96;82.12;80.83;81.22;3318396
20180109;81.17;81.17;79.57;80.51;1676877
20180110;80.38;81.21;79.92;80.68;3348624
20180111;80.96;82.62;80.38;82.56;2252821
20180112;82.92;83.93;82.81;83.58;2202580
20180116;84.08;84.26;80.6;80.87;2596518
20180117;81.58;82.22;81.18;81.3;2950216
20180118;81.51;82.46;81.35;81.65;2186351
20180119;82.16;83.9;81.74;83.76;2514547
20180122;83.87;84.56;83.47;84.48;1852987
20180123;84.22;84.66;83.85;84.58;1537501
20180124;84.63;85.32;83.45;84.59;1751951
20180125;85.07;85.11;83.81;84.39;1259044
20180126;84.87;85.51;84.16;85.46;1842296
20180129;85.04;85.66;84.24;84.57;1785736
20180130;84.8;85.2;83.24;83.39;2233822
20180131;83.51;83.68;81.66;82.39;3241292
20180201;81.71;83.18;81.6;82;2189673
20180202;81.49;81.93;79;79.08;3229972
20180205;79.03;80.28;76.89;76.9;3673287
20180206;75.47;78.86;74;78.33;3034547
20180207;77.7;79.34;77.2;77.99;2219160
20180208;77.87;78.7;75.02;75.06;3438523
20180209;75.53;78.02;74;77.32;3907830
20180212;77.72;78.15;76.23;77.35;2302199
20180213;77.13;77.99;76.61;77.82;1369687
20180214;77.15;79.24;76.94;78.93;1996664
20180215;79.16;80.63;78.72;80.61;2184677
20180216;80.48;80.94;79.7;80.17;2356817
20180220;79.69;79.92;77.94;77.98;2256811
20180221;78.04;79.64;77.81;77.88;1755863
20180222;78.22;79.56;78.16;78.5;1262087
20180223;79.05;79.38;76.88;78.87;3196372
20180226;79.31;80.02;78.66;79.95;2114622
20180227;80.22;81.16;77.52;77.54;3214597
20180228;78.9;80.7;78.08;78.09;3781287
20180301;77.93;79.31;76.9;77.95;3033118
20180302;77.18;79.05;76.68;78.42;2603788
20180305;78.36;78.37;76.73;77.98;2756778
20180306;78.5;80.67;78.16;80.51;4420893
20180307;76.67;77.31;73.76;75.4;8768165
20180308;75.95;76.93;74.91;75.22;3795061
20180309;76.13;77.05;75.22;77.01;3419956
20180312;76.87;77.15;76.01;76.43;4057069
20180313;77.18;78.08;76.72;77;2428320
20180314;77.42;77.58;76.68;77.18;2468913
20180315;77.22;77.55;76.5;76.82;2634000
20180316;76.76;77.49;76.26;76.75;4289024
20180319;76.58;77.66;76.5;77.04;2853799
20180320;77.35;77.66;76.83;77.31;2184228
20180321;77.11;78.71;77.03;77.41;2365868
20180322;76.67;77.26;74.87;75.04;2540402
20180323;75.14;76.43;74.8;74.84;2330881
20180326;75.6;77.5;75.42;77.32;2046587
20180327;77.64;77.94;76.48;76.92;3371757
20180328;77.23;78.47;76.06;76.16;2774593
20180329;76.66;78.25;76.2;77.98;3247472
20180402;77.62;77.84;74.53;75.77;3098362
20180403;75.95;76.72;75.33;76.2;2277091
20180404;75.54;78.85;75.54;78.63;2763427
20180405;78.89;80.1;78.17;79.77;2205992
20180406;79.2;79.64;76.79;77.45;3053746
20180409;77.99;78.4;76.86;76.94;2097421
20180410;77.98;78.65;77.55;78.12;1691973
20180411;77.41;78.48;77.1;77.3;2281124
20180412;77.7;78.88;77.49;78.15;1790614
20180413;78.38;78.64;75.98;76.17;2426581
20180416;76.68;77.86;76.37;77.59;2146457
20180417;78.4;79.21;77.94;78.77;2333731
20180418;78.83;79.99;78.63;78.89;2308086
20180419;78.66;79.01;77.88;78.75;2504296
20180420;78.73;78.77;76.98;77.32;2308468
20180423;77.46;78.39;77.09;78.14;2088922
20180424;78.68;78.84;77.22;77.72;2147143
20180425;77.48;78.66;77.16;78.29;1600040
20180426;78.35;80.48;78.02;80.42;2224908
20180427;80.33;82.04;80.04;81.68;2530328
20180430;82.11;82.81;80.74;80.85;3049904
20180501;80.42;80.62;78.3;79.38;2488259
20180502;79.27;80.49;78.32;79.71;2305892
20180503;79.45;80.97;78.89;80.37;2111109
20180504;80.08;81.11;79.09;80.71;3237908
20180507;80.85;80.99;78.88;79.44;2547486
20180508;79.6;81.24;79.26;80.84;3401696
20180509;80.74;81.86;80;81.85;2039609
20180510;81.97;82;80.4;81.31;2021714
20180511;81.44;82.44;81;81.94;1775496
20180514;82.19;82.91;81.9;82.66;1766880
20180515;82.25;82.85;81.88;82.77;2497945
20180516;83.68;84.57;83.06;83.37;2288248
20180517;83.05;83.98;82.85;83.43;2016509
20180518;82.71;83.1;82.16;82.47;3649745
20180521;83.06;83.1;81.53;81.93;3733500
20180522;82.26;83.6;81.93;82.34;3694602
20180523;81.58;82.75;81.15;82.61;2493895
20180524;82.53;83.62;81.82;82.96;4079301
20180525;79.18;80.46;76.56;77.34;7845428
