20100104;19.23;19.25;18.59;18.85;594661
20100105;18.92;19.16;18.56;18.76;500943
20100106;18.75;19.25;18.69;19.22;340381
20100107;19.6;20.98;19.37;20.86;1530499
20100108;21;21.62;20.87;21.61;619358
20100111;21.62;21.62;21.05;21.28;403887
20100112;21.28;21.6;20.87;21.14;234857
20100113;20.63;21.41;20.63;21.31;195584
20100114;21.09;21.48;20.4;20.44;438238
20100115;20.54;20.54;19.75;20.35;236562
20100119;20.17;20.45;20.07;20.21;378202
20100120;20.09;20.31;19.71;20.1;298056
20100121;20.16;20.49;19.5;20;283378
20100122;19.96;20.49;19.57;20.05;289007
20100125;20.15;20.47;19.73;19.74;154634
20100126;19.66;20.26;19.24;19.97;458610
20100127;19.93;20;19.64;19.91;122638
20100128;20;20.16;19.15;19.29;207028
20100129;19.31;19.97;19.3;19.4;191951
20100201;19.49;19.99;19.42;19.79;233749
20100202;19.74;19.74;18.88;19.49;365699
20100203;19.44;19.61;19;19.12;91355
20100204;18.93;19.01;18;18.01;329439
20100205;18;18.13;17.52;17.92;343125
20100208;17.85;18.6;17.53;17.87;213927
20100209;18.12;18.26;17.8;17.94;464235
20100210;17.84;18;17.05;17.29;587084
20100211;17.16;17.92;17.05;17.75;216751
20100212;17.53;17.9;17.53;17.86;293998
20100216;18.15;18.49;17.92;18.39;185844
20100217;18.53;18.68;18.26;18.45;211157
20100218;18.37;18.54;18.24;18.42;93521
20100219;18.43;18.45;17.93;17.94;315358
20100222;17.95;18.28;17.56;17.98;201218
20100223;17.95;18.01;17.27;17.72;542444
20100224;17.75;18.43;17.62;18.36;187041
20100225;18.08;18.5;17.95;18.1;204689
20100226;18.17;18.5;18.12;18.33;112547
20100301;18.5;19.21;18.38;19.12;359908
20100302;19.24;19.69;19.13;19.67;298800
20100303;19.65;20.03;19.27;19.97;404755
20100304;20.03;21.21;19.87;21.21;552994
20100305;21.45;21.62;20.96;21.4;546422
20100308;21.41;21.74;20.74;20.98;440008
20100309;21.02;21.49;20.72;21.17;559323
20100310;21.24;21.62;21.08;21.47;250571
20100311;21.4;21.56;20.64;21.54;489890
20100312;21.94;23.35;21.58;23.33;1976496
20100315;22.52;23.06;21.17;22.11;1143103
20100316;22.35;22.94;21.91;22.86;528637
20100317;23.01;23.17;22.44;22.49;310432
20100318;22.49;22.73;21.88;22.64;237096
20100319;22.49;22.5;21.61;21.7;448483
20100322;21.51;22.15;21.32;22.07;339615
20100323;22.14;22.3;21.62;22.21;297761
20100324;22.06;22.29;21;21.97;288710
20100325;22.08;23.28;22;22.72;545226
20100326;22.98;23.14;22.4;22.5;254226
20100329;22.68;22.9;22.33;22.81;209572
20100330;22.98;23.45;22.8;23.21;345072
20100331;23.22;23.39;22.54;22.62;459712
20100401;22.81;23.02;21.84;22.15;421577
20100405;22.26;22.63;21.64;22.63;501413
20100406;22.65;23.26;22.58;23.19;261615
20100407;23.1;23.2;22.09;22.2;340011
20100408;22.19;22.47;21.89;22.15;137267
20100409;22.18;23.38;22.18;23.2;428320
20100412;23.14;24.1;23.04;23.22;759033
20100413;23.14;23.14;22.44;22.84;248223
20100414;23.03;23.29;22.72;23.26;240730
20100415;23.36;24.09;23.31;23.81;269625
20100416;23.81;23.98;23.1;23.61;206345
20100419;23.47;23.52;22.06;22.17;431919
20100420;22.28;22.88;22.25;22.82;214652
20100421;22.78;23.3;22.43;23.18;327308
20100422;22.99;24.85;22.75;24.59;602482
20100423;24.73;25.4;24.29;25.36;446741
20100426;25.46;25.76;24.73;24.97;269237
20100427;22.87;23.65;21.66;22.75;1542925
20100428;23.31;23.72;22.86;22.98;408046
20100429;23.26;24.1;23.24;24.08;304971
20100430;24.15;24.75;23.09;23.12;353482
20100503;23.47;24.55;23.3;23.93;309524
20100504;23.74;23.77;22.83;23.01;254651
20100505;22.64;23.13;22.01;22.5;270664
20100506;22.48;22.77;20.71;21.99;429973
20100507;21.95;22.47;21.14;21.24;285258
20100510;22.66;23;22.2;22.82;353125
20100511;22.68;24.09;22.51;23.4;287284
20100512;23.58;25.04;23.33;24.7;299341
20100513;24.94;25.4;23.96;24.18;476231
20100514;23.88;24.23;23.5;23.74;245872
20100517;23.96;24.75;23.64;23.76;693890
20100518;23.93;24.5;23.47;23.5;196242
20100519;23.31;23.97;22.91;23.51;203269
20100520;22.85;22.97;22.1;22.16;313216
20100521;21.7;23.83;21.35;23.32;424693
20100524;23.33;24.07;23.33;23.55;245055
20100525;22.71;23.09;22;22.86;464162
20100526;23.18;24.09;22.79;23.62;759630
20100527;24.32;24.78;23.24;24.59;317168
20100528;25.25;26;24.81;25.58;636297
20100601;25.41;25.98;24.75;24.75;487845
20100602;24.82;25.09;22.86;23.59;1154526
20100603;23.55;24.14;23.17;23.9;484451
20100604;23.7;23.9;22.73;23.16;781005
20100607;23.4;23.48;21.57;22.23;925779
20100608;22.28;22.52;21.25;21.42;577514
20100609;21.6;22.19;21.24;21.9;930243
20100610;22.19;22.6;21.92;22.4;849153
20100611;22.67;24.87;22.62;24.68;5338625
20100614;24.75;24.89;23.75;24.53;1084900
20100615;25.18;25.37;24.81;25.12;889210
20100616;25.04;26.5;24.86;25.85;1434571
20100617;26.13;26.46;24.86;25.8;677729
20100618;25.97;26.49;25.83;26.18;781751
20100621;26.49;26.75;25.13;25.55;864368
20100622;25.53;25.87;24.91;25.05;702262
20100623;25;25.21;24.46;24.97;506029
20100624;24.75;24.81;24.1;24.42;564718
20100625;24.47;24.92;23.86;24.92;897458
20100628;24.93;26.03;24.92;25.82;746334
20100629;25.26;25.26;23.81;24.04;669763
20100630;23.97;24.48;23.42;23.66;479291
20100701;23.75;23.99;22.68;23;1364557
20100702;23.12;23.31;22.79;23.08;488797
20100706;23.3;23.88;22.02;22.21;933182
20100707;22.22;23.46;22.06;23.35;789740
20100708;23.61;23.73;22.61;22.97;538984
20100709;22.95;23.54;22.5;23.51;281367
20100712;23.44;23.48;22.51;23.09;412348
20100713;23.49;23.93;23.05;23.89;437234
20100714;23.74;23.74;22.78;23.6;391554
20100715;23.56;23.56;22.73;23.3;378697
20100716;23.03;23.06;22.59;22.77;563938
20100719;22.9;23.06;22.51;22.9;495657
20100720;22.66;23.24;22.23;23.15;445729
20100721;23.31;23.31;22.45;22.86;322648
20100722;23.27;24.17;23.07;24.12;477190
20100723;24.08;24.76;23.85;24.74;423844
20100726;24.83;25.5;24.65;25.43;444298
20100727;25.55;25.89;24.41;24.67;346367
20100728;24.56;24.82;24.11;24.61;297814
20100729;24.93;25.67;24.77;25.44;815285
20100730;25.03;25.53;24.68;25.26;528176
20100802;25.65;25.87;25.17;25.43;394993
20100803;25.38;25.49;24.51;25.33;503236
20100804;25.45;25.45;24.73;24.9;339656
20100805;24.74;24.97;24.17;24.89;345398
20100806;24.44;24.88;23.56;24.79;482321
20100809;24.9;25;24.43;24.71;309717
20100810;24.45;24.66;23.96;24.09;366120
20100811;23.5;23.9;22.84;22.95;498608
20100812;22.52;23.25;22.11;22.97;266212
20100813;22.81;23.05;22.06;22.18;449214
20100816;22.14;22.93;21.83;22.58;401766
20100817;22.88;23.53;22.71;23.24;361108
20100818;23.09;24.15;22.75;24.04;381258
20100819;24.05;24.29;23.41;23.44;522527
20100820;23.4;23.55;22.88;23.36;530001
20100823;23.44;23.7;23.16;23.19;326311
20100824;22.92;23.4;22.2;22.96;364049
20100825;22.69;23.65;22.69;23.58;267271
20100826;23.74;23.97;23.13;23.27;385221
20100827;23.64;23.98;23.21;23.71;309168
20100830;23.52;23.79;23.21;23.54;615484
20100831;23.56;23.56;22.45;22.7;769060
20100901;22.93;23.22;20.67;22.26;3352136
20100902;22.29;23.49;21.6;22.23;1407775
20100903;25.23;26.47;24.3;26.3;3125653
20100907;26.41;26.74;26.06;26.4;859692
20100908;26.75;26.95;26.39;26.71;813622
20100909;26.92;26.96;25.97;26.35;419397
20100910;26.36;26.88;26.19;26.21;363746
20100913;26.5;27.7;26.41;27.65;774827
20100914;27.52;29.25;27.34;28.59;1039288
20100915;28.4;28.56;27.87;28.01;445217
20100916;27.89;28.15;27.53;28.03;249635
20100917;28.33;28.45;27.54;28.15;446230
20100920;28.31;28.33;27.54;28.23;508767
20100921;28.35;29.47;28.35;29.11;1023508
20100922;29.05;29.13;27.77;27.94;626911
20100923;27.62;28.37;27.51;27.66;534520
20100924;28.1;28.94;28.02;28.93;409888
20100927;29.02;29.16;28.6;28.64;385647
20100928;28.81;29.47;28.09;29.35;622960
20100929;29.39;30.19;28.96;29.82;732002
20100930;29.99;29.99;29.01;29.2;482953
20101001;29.44;29.54;28.81;29.35;380454
20101004;29.53;29.63;28.26;28.41;633953
20101005;28.79;29.31;28.47;28.69;461109
20101006;28.67;28.94;28.05;28.3;524291
20101007;28.6;28.86;27.76;28.53;812586
20101008;28.59;29.11;28.57;28.96;373221
20101011;28.82;29.25;28.52;29.03;231229
20101012;28.86;31;28.8;30.9;1571809
20101013;31;31.56;30.33;30.88;797708
20101014;30.33;30.51;29.61;30.42;697408
20101015;30.78;31.05;30.23;31.01;478920
20101018;31.18;31.73;31.1;31.66;500697
20101019;31.15;31.65;30.52;30.8;472559
20101020;30.89;31.47;30.64;30.72;320575
20101021;30.85;31.58;30.61;30.89;314383
20101022;30.92;31.22;30.5;31.07;236588
20101025;31.23;32.5;31.19;32.1;434536
20101026;31.83;32.68;31.62;32.33;332276
20101027;32.25;32.25;31.37;31.59;464087
20101028;31.7;32.03;31.01;31.14;353848
20101029;31;31.21;30.68;30.69;373374
20101101;31.36;31.36;30.01;30.41;574532
20101102;30.85;31.01;30.09;30.81;293819
20101103;30.85;31.85;30.8;31.67;254164
20101104;31.84;32.19;31.39;31.86;298381
20101105;32.02;32.34;31.65;32.3;208605
20101108;32.33;33.5;32.21;33.03;343730
20101109;33.29;33.29;32.4;32.61;241181
20101110;32.65;33;32.35;33;164470
20101111;32.62;32.89;32.32;32.75;188136
20101112;32.43;32.74;31.82;31.98;316900
20101115;32.01;32.2;31.51;31.8;159661
20101116;31.49;31.73;30.51;31.57;369160
20101117;31.39;31.86;31.01;31.5;150211
20101118;31.76;32.68;31.76;31.97;200172
20101119;32.04;32.05;31.64;31.95;304948
20101122;31.95;32.87;31.29;32.68;429880
20101123;32.27;33.5;32.24;33.48;410691
20101124;33.76;35;33.59;34.47;663675
20101126;34.44;35.05;34.33;34.99;163270
20101129;34.37;35.55;34.2;35.15;702936
20101130;34.64;35.96;34.5;34.95;785001
20101201;35.77;36.71;35.58;36.47;857419
20101202;36.42;37.24;35.37;35.72;1628875
20101203;34.37;35.58;33.76;35.22;1773567
20101206;35.16;36.04;33.63;34.08;1074640
20101207;34.61;34.92;33.76;33.86;630933
20101208;33.86;34.66;33.41;34.41;636699
20101209;35.31;35.35;33.73;34.76;650262
20101210;34.93;34.93;34.23;34.71;418878
20101213;34.96;34.97;33.8;34.01;612276
20101214;33.78;34.21;33.01;33.16;616837
20101215;33;33.42;32.01;32.79;857455
20101216;32.61;34.33;32.6;34.09;537908
20101217;34.17;34.18;33.15;33.15;3263923
20101220;33.29;33.8;33;33.03;616039
20101221;33.47;33.59;32.99;33.41;298762
20101222;33.37;34.7;33.13;34.49;692223
20101223;34.56;34.97;34.5;34.74;356790
20101227;34.74;34.84;33.75;34.15;297734
20101228;34.19;34.34;33.62;33.96;135007
20101229;33.99;34.42;33.81;34.27;125636
20101230;34.36;34.91;34.11;34.34;157943
20101231;34.24;34.57;33.63;34;219750
20110103;34.13;34.5;33.69;34.32;392310
20110104;34.48;34.84;33.89;34.28;473803
20110105;34.11;34.75;33.89;34.52;530439
20110106;35.12;37.48;35.1;37.18;1240660
20110107;37.5;38.25;36.91;37.55;801529
20110110;37.44;38;36.76;37.85;523507
20110111;37.72;37.85;36.63;37.17;667802
20110112;37.5;37.77;37;37.09;260520
20110113;37.22;37.35;36.83;37.12;263350
20110114;37.17;37.49;36.81;37.06;577427
20110118;36.9;37.21;36.2;36.45;527193
20110119;36.52;36.65;35.6;35.72;618609
20110120;35.37;36.94;35.37;36.12;535256
20110121;36.38;36.83;35.8;35.87;350391
20110124;35.81;36.24;35.5;36.09;260687
20110125;35.81;36.33;35.41;36.05;276261
20110126;36.17;36.78;35.45;36.65;374785
20110127;36.68;37.16;36.24;37.06;367071
20110128;37.12;37.12;36.07;36.73;546954
20110131;36.9;37.26;36.13;37.04;571562
20110201;37.1;38.76;36.84;37.94;571576
20110202;37.9;37.98;36.78;36.91;465990
20110203;36.99;39.76;36.99;38.95;1102788
20110204;39.31;40.34;38.99;40.07;769474
20110207;40.49;40.63;40;40.39;426476
20110208;40.22;41.24;40.01;41.2;291787
20110209;40.92;41.82;40.43;41.21;497275
20110210;41.03;41.95;40.65;41.54;254280
20110211;41.36;42.63;41.33;42.59;287556
20110214;42.8;43.83;42.7;42.99;359154
20110215;42.73;42.76;41.7;42.32;394880
20110216;42.38;43.9;42.38;43.1;559903
20110217;43.17;43.45;42.55;43.32;363636
20110218;43.61;44.06;43.15;43.46;441188
20110222;43.25;43.99;42.43;42.55;684703
20110223;42.36;43.24;40.06;41.03;758991
20110224;40.96;42.58;40.49;41.18;542363
20110225;41.34;43.43;41.34;42.97;397859
20110228;43.08;43.37;41.52;41.73;482780
20110301;41.4;41.86;40.55;41.05;581862
20110302;40.84;41.74;40.25;41.1;438765
20110303;41.62;42.68;41.12;42.25;374527
20110304;42.11;42.22;41.08;41.98;582720
20110307;42.99;43.16;40.48;41.27;707111
20110308;41.25;42.21;40.66;41.87;520136
20110309;41.66;42.28;41;41.13;705278
20110310;40.7;42.57;40.34;42.11;1211060
20110311;43.02;47.55;43.02;45.77;3042711
20110314;45.68;47.2;45.68;46.95;1068364
20110315;45.45;47.85;44.18;47.19;1074889
20110316;46.7;47.93;45.63;46.2;978050
20110317;47;47.48;45.81;46.42;545192
20110318;47.5;47.53;45.69;46.77;1842527
20110321;46.91;47.93;46.19;47.25;578109
20110322;47.25;47.42;46.39;46.47;431255
20110323;46.55;47.53;45.98;47.27;549820
20110324;47.47;48.43;47.02;47.84;492857
20110325;47.83;48.45;47.54;47.65;325212
20110328;48.45;48.67;47.51;47.94;325805
20110329;47.65;48.14;47.34;47.79;507978
20110330;48;48.88;47.75;48.71;291190
20110331;48.71;48.84;47.95;48.13;266881
20110401;48.6;48.87;47.85;48.45;548923
20110404;48.63;48.78;47.65;48.28;290723
20110405;48.15;49.95;48.15;49.81;621979
20110406;49.92;50.15;49.01;49.85;344790
20110407;49.56;51.46;49.21;51.1;996741
20110408;51.72;51.72;50.1;50.69;386387
20110411;51.2;51.82;50.69;51.12;576686
20110412;50.87;51.72;50.42;50.51;503808
20110413;50.8;50.95;49.3;49.8;441695
20110414;49.45;50.03;49.01;49.59;555366
20110415;49.47;50.43;49.04;50.07;551024
20110418;49.84;50.41;48.62;50.12;430763
20110419;49.94;50.45;49.06;49.78;336401
20110420;50.51;53.11;50.51;53.02;743192
20110421;53.8;53.99;52.32;52.88;423349
20110425;53.29;53.89;51.96;52.72;346910
20110426;52.74;53.17;52.25;52.57;557041
20110427;52.6;53.08;51.75;52.91;326756
20110428;52.91;53.22;52.12;52.81;216979
20110429;52.95;53.37;52.34;53.19;294215
20110502;53.69;53.97;52.75;53.36;412667
20110503;53.11;53.36;51.73;52.4;359276
20110504;52.29;53.54;52;53.07;642240
20110505;53.15;54.22;52.15;53.13;659420
20110506;53.47;55.7;53.22;53.77;602928
20110509;53.99;54.82;53.5;54.57;224230
20110510;54.72;55.44;54.15;55.05;371469
20110511;55.1;55.25;53.53;54.3;317658
20110512;54.2;55.95;53.41;55.91;400567
20110513;56.11;56.87;54.94;55.51;427540
20110516;55.51;56;53.33;53.35;492805
20110517;52.9;53.19;50.99;52.23;661803
20110518;52.33;53.95;52.25;53.77;431915
20110519;53.75;54.1;53.2;53.45;496155
20110520;53.2;53.28;51.43;52.5;690203
20110523;51.49;52.88;50.43;52.41;645975
20110524;52.51;52.76;51.77;52.05;445694
20110525;51.76;53.18;51.55;52.83;279985
20110526;52.97;55.17;52.84;54.55;469302
20110527;54.82;55.29;54.41;55.25;306283
20110531;56.26;57.17;55.3;55.98;1317254
20110601;56.22;56.7;54;54.12;842559
20110602;53.92;53.93;50.51;50.59;1406493
20110603;49.99;51.61;48.68;51.06;1426612
20110606;51.64;52.1;49.6;49.7;843149
20110607;49.99;50.5;49.34;49.61;1416755
20110608;56.33;56.83;53.1;55.9;3945236
20110609;55.94;57.25;55.19;57.05;1179728
20110610;56.59;57.19;55.64;56.16;944029
20110613;56.16;58.22;55.51;57.75;1259433
20110614;58.42;59.35;58.15;59.31;1232982
20110615;58.63;59.4;56.9;57.03;1070839
20110616;57.16;58.2;56.03;56.88;893162
20110617;57.24;57.96;56.72;57.42;1093294
20110620;57.16;59.01;57.02;58.74;816500
20110621;59.3;62.39;59;62.08;1366572
20110622;61.66;62.69;61.05;61.49;867701
20110623;60.74;62.83;60.25;62.58;913076
20110624;63.04;63.05;61.9;62.82;4003358
20110627;63.66;64.85;62.53;63.17;976242
20110628;63.68;64.53;63.25;64.19;745916
20110629;64.56;64.89;62.93;63.35;610729
20110630;63.35;65.27;63.31;64.58;644290
20110701;64.79;65.35;64.12;65.18;520638
20110705;65.18;67.03;65.08;66.82;686704
20110706;66.68;67.21;65.59;67.09;803953
20110707;67.85;68.8;66.52;66.69;699829
20110708;65.88;68.74;64;68.7;1059542
20110711;68.42;68.44;64.83;64.96;896692
20110712;64.1;65.65;62.79;64.29;964597
20110713;64.86;66.33;64.5;64.87;531891
20110714;65;65.79;63;63.33;591595
20110715;63.98;64.33;62.18;64.31;583223
20110718;64.01;64.2;62.92;63.73;436973
20110719;63.98;66.13;63.98;65.75;521119
20110720;66.36;66.43;64.64;65.31;612530
20110721;65.88;67.14;65.27;65.72;488714
20110722;65.84;66.44;65.5;66.02;499117
20110725;65.55;66.66;65;65.09;521237
20110726;65.05;65.96;64.64;64.94;449657
20110727;64.65;64.66;61.76;62.08;691061
20110728;62.07;63.91;62;62.78;974640
20110729;61.74;63.48;60.78;63.03;669101
20110801;64.62;65.75;62.36;63.23;550294
20110802;62.75;63.89;61.34;61.43;685462
20110803;61.31;62.72;58.59;62.08;891535
20110804;61.1;61.99;57.05;57.12;733265
20110805;55.48;57.35;52.41;56.39;1388368
20110808;52.56;53.16;48.99;50.49;1742957
20110809;50.17;55.51;49.51;55.48;1035995
20110810;53.91;55.64;52.67;53.08;593744
20110811;53.34;57.93;53.13;57.16;865512
20110812;59.84;60.57;57.35;59.39;1071206
20110815;60.02;60.94;56.64;57.71;852714
20110816;56.77;57.44;55.36;55.56;858882
20110817;55.97;56.37;52.37;53.31;980960
20110818;51.61;51.67;49.5;50.08;1008379
20110819;49.09;52.41;48.67;49.6;1111946
20110822;49.67;50.5;48.44;48.89;1073155
20110823;48.94;52.79;48.28;52.69;986792
20110824;52.68;54.51;52;54.26;718851
20110825;54.73;55.97;53.19;53.48;945806
20110826;53.2;56.66;51.71;56.48;761201
20110829;57.78;59.45;57;58.97;609634
20110830;58.83;59.56;57.27;57.59;717457
20110831;58.13;59.91;57.93;59.08;796304
20110901;59.26;59.66;57.32;57.6;490642
20110902;56.13;57.24;54.95;55.33;529182
20110906;53.26;55.59;51.64;55.37;1216393
20110907;56.39;57.25;55.6;56.8;626833
20110908;56.59;60.2;56.03;59.76;1904520
20110909;62.13;68.7;62.03;68.45;4659440
20110912;68.06;71.26;67.95;70.93;2083185
20110913;70.26;71.41;68.06;69.96;2050606
20110914;69.95;70.63;67.9;69.95;1391533
20110915;70.5;70.5;69;70.2;851657
20110916;69.85;70.5;69.57;70.46;1047298
20110919;69.78;74;69.13;72.86;1452830
20110920;73.62;73.91;69.83;70.18;1016018
20110921;70.39;71.85;67.98;68.06;690357
20110922;66.29;67.61;64.58;66.88;777403
20110923;66.56;68;65.63;66.96;589676
20110926;67.26;69.24;65.62;69.12;408890
20110927;70.27;71.87;69.7;70.02;771178
20110928;70.18;71.19;67.24;67.34;455818
20110929;68.67;68.99;63.31;66.12;932367
20110930;65.28;65.58;62.21;62.23;1139270
20111003;61.25;64.05;60.28;61.32;821100
20111004;60.27;63.02;58.71;62.93;1484229
20111005;62.89;67.7;62.39;66.68;2290711
20111006;66.37;68;65.81;66.61;985785
20111007;67.09;67.9;63.75;65.58;888087
20111010;66.75;69.7;66.61;69.24;873826
20111011;68.61;69.38;67.3;68.35;732013
20111012;69;70.68;67.3;67.77;1001376
20111013;67.73;69.54;67.07;67.96;628690
20111014;69.96;69.96;67.54;68.9;435339
20111017;68.89;69.61;66.63;67.48;344071
20111018;67.4;69.31;66.29;68.75;763408
20111019;68.74;72.89;68.15;68.7;1308614
20111020;69.18;70.02;66.7;67.88;661310
20111021;67.89;70.38;67.6;68;889132
20111024;68.66;71.74;68.01;70.93;1110246
20111025;71;71.2;68.58;68.6;557493
20111026;68.7;70.19;66.38;67.6;867152
20111027;69.96;70.07;65.64;68.42;1034678
20111028;68.17;69;66.46;67.53;473017
20111031;66.75;68.79;64.03;67.29;733183
20111101;65.66;71.7;65;70.33;1940048
20111102;72.05;72.49;70.58;71.03;1080146
20111103;72.11;72.12;70.01;71.26;928419
20111104;70.91;75;70.1;74.24;1553079
20111107;74.96;75.69;73.12;74;1234026
20111108;74.9;75.45;71.53;73.4;699793
20111109;71.69;73;70.51;71.13;723410
20111110;72.16;73.46;71.41;72.15;890080
20111111;72.9;73.49;71.65;72.35;759765
20111114;72.77;73.4;71.21;71.78;699334
20111115;71.55;72.98;70.65;72.51;438220
20111116;72.54;74.38;71.01;71.55;926136
20111117;71.55;71.71;67.78;69.02;1053798
20111118;70.97;70.98;66.89;67.54;1213425
20111121;66.19;66.88;64.33;66.26;849213
20111122;66.3;67.4;64.93;66.49;764962
20111123;65.91;66.86;64.91;65.97;587999
20111125;65.54;65.98;64.41;64.6;263005
20111128;67.2;69.38;67.08;68.45;864595
20111129;67.69;69.93;67.69;68.37;833282
20111130;71.1;71.24;68.5;69.63;2476451
20111201;69.75;70.49;68;68.49;1992562
20111202;70.48;74.79;70.1;74.19;3010294
20111205;75.29;75.7;72.5;73.9;1325396
20111206;73.59;74.09;72.08;72.93;741996
20111207;72.5;74.19;71.26;73.13;898621
20111208;72.68;73.26;71.5;72.13;633599
20111209;72.86;74.34;71.7;74.06;769378
20111212;73.33;73.54;71.75;72.76;714171
20111213;72.95;73.75;69.71;70.62;775637
20111214;69.98;70.14;66.9;67.21;1321824
20111215;67.81;68.43;66.17;66.72;811379
20111216;66.79;68.2;66.11;67.01;877044
20111219;67.63;68;64.7;64.91;966578
20111220;65.66;67.47;65.12;66.97;653432
20111221;66.71;67.64;65.04;65.87;412181
20111222;65.88;66.39;64.01;64.16;918655
20111223;63.97;66.34;62.94;66.26;642310
20111227;65.33;66.32;64.36;65.51;756992
20111228;65.29;65.49;63.92;64.09;407079
20111229;64.11;65.06;64.05;64.67;353361
20111230;64.18;65.27;64.06;64.92;756093
20120103;65.9;67.35;63.44;64.1;1224631
20120104;63.85;67.47;63.59;66.37;1686193
20120105;69.99;71.43;69.02;69.56;2246948
20120106;69.74;70.92;69.25;69.52;616104
20120109;69.56;70.65;69.11;69.93;631065
20120110;70.7;70.75;68.52;70.46;830074
20120111;69.97;73.78;69.97;71.78;1057191
20120112;71.96;72;70.46;71.93;846468
20120113;71.49;73.67;70.75;73.13;1051151
20120117;74.46;74.95;73.62;74.13;784939
20120118;74.37;75.83;73.93;75.75;816386
20120119;76;77.83;75.8;77.39;890978
20120120;77.25;77.76;75.9;76.26;601780
20120123;76.84;77.75;75.77;76.9;694051
20120124;76.45;77.45;76.31;77.38;454339
20120125;77.45;79.14;77.07;78.8;627737
20120126;79.49;79.64;75.97;76.69;593356
20120127;76.55;77.68;75;77.31;442137
20120130;76.99;77.6;76.07;77.27;599493
20120131;77.51;77.86;75.92;76.15;570551
20120201;76.54;77.06;75.63;76.82;642520
20120202;77.97;78.31;76.19;76.61;423858
20120203;77.15;78.5;76.54;78.11;557367
20120206;77.89;78.88;77.74;78.68;492268
20120207;78.53;80.09;78.47;79.65;684897
20120208;80.03;81.25;79.09;80.61;919015
20120209;80.76;81.5;79.81;81.42;1191231
20120210;80.62;81.18;79.75;80.84;867850
20120213;81.71;82.36;80.89;82.05;618030
20120214;82;83;81.66;82.8;548924
20120215;83;84.48;82.65;83.53;955519
20120216;83.84;84.46;82.91;84.17;702735
20120217;84.11;84.46;82.51;82.56;341072
20120221;82.77;83.56;81.28;82.06;396149
20120222;81.04;82.9;80.5;82.57;815335
20120223;82.35;84.02;82.35;83.4;502893
20120224;83.28;83.44;81.61;81.94;408709
20120227;81.69;84.11;81.51;83.81;460039
20120228;83.76;84.16;82.33;83.88;561180
20120229;83.9;83.9;82.54;83.24;370295
20120301;83.19;85.91;83.01;85.31;972633
20120302;85.42;85.62;84.06;85.15;463408
20120305;86.12;87.93;85.83;87.14;1005448
20120306;86.4;86.9;84.79;85.85;761238
20120307;86;88.68;86;87.92;909675
20120308;88.98;90.36;87.56;89.27;1557973
20120309;90.44;92;87.62;89.28;1585700
20120312;89.45;89.89;88.19;88.46;740905
20120313;88.74;90;88.28;90;790597
20120314;90.2;90.28;89.06;89.46;543707
20120315;89.93;90.9;88.61;90.37;767897
20120316;89.65;90;88.37;88.58;752925
20120319;88.41;89.63;88.01;89.6;820089
20120320;89.26;91.01;89.05;90.61;684483
20120321;90.76;92.33;90.39;92.07;713097
20120322;91.55;93.88;90.81;93.59;843844
20120323;93.49;93.78;92;93.55;738743
20120326;94.28;94.73;93.41;94.51;538067
20120327;94.55;94.73;93.69;93.97;338578
20120328;93.58;93.93;92.13;93.59;901399
20120329;92.61;93.17;91.61;92.83;572667
20120330;93.13;93.58;92.36;92.89;449281
20120402;92.58;94.42;92.26;93.92;440367
20120403;93.93;95.62;93.75;95.01;808089
20120404;94.18;95.24;93.36;94.93;551751
20120405;94.33;95.44;94.23;95.04;339381
20120409;93.59;94.48;92.51;94.37;374412
20120410;94;94.37;91.61;91.86;1223599
20120411;92.56;94.17;92.56;93.7;338043
20120412;93.45;94.8;93.11;94.73;321997
20120413;94.1;95;93.42;94.93;321403
20120416;95.44;95.85;92.25;93.15;559148
20120417;93.26;94.85;93.01;94.46;481374
20120418;93.81;96.33;93.81;95.56;521412
20120419;95.73;96.65;93.54;94.49;351029
20120420;94.75;96.04;94.4;95.35;376260
20120423;94.36;94.56;93.21;93.53;396444
20120424;93.71;93.71;85.78;87.15;2536278
20120425;87.67;89.81;87.47;89.13;1092576
20120426;89;90.53;88.12;89.53;591229
20120427;90.02;91.54;88.9;89.62;737431
20120430;89.19;89.91;87.5;88.18;436182
20120501;87.95;90.65;87.71;89.08;418344
20120502;88.72;91.49;88.51;91.33;572153
20120503;91.35;92.14;90.11;90.85;431986
20120504;90.23;90.53;87.49;87.49;688959
20120507;86.95;87.55;85.81;86.06;802993
20120508;85.28;86.09;78.87;85;2578598
20120509;83.34;84.9;82.87;84.27;1222056
20120510;85.66;86.87;84.8;86.06;4365192
20120511;85.37;88.55;85.13;87.96;1137949
20120514;87.23;88.68;86.33;87.34;881015
20120515;87.36;89.91;86.7;87.51;932286
20120516;87.9;90.85;87.63;90.31;1273737
20120517;90.53;90.72;85.32;85.87;1276504
20120518;86.17;87.12;84.28;85.32;1104044
20120521;85.14;87.95;83.52;87.84;1155134
20120522;87.93;90.72;87.55;90.5;899032
20120523;90.12;91.68;89.01;91.2;1365431
20120524;91.93;92.09;90.03;90.93;887562
20120525;91.33;91.88;89.92;90.95;590945
20120529;91.72;91.95;89.45;91.24;1644871
20120530;91.15;91.15;88.43;89.6;892290
20120531;90.13;90.13;86.89;89.37;3247683
20120601;88.5;88.56;85.63;86.55;1026397
20120604;86.44;86.65;84.2;86.29;798043
20120605;86.48;87.49;85.01;87.38;1241283
20120606;91.6;97.89;90.84;94.74;3538046
20120607;96.07;97;92.88;93.33;1246830
20120608;92.97;94.5;92.23;94;914003
20120611;95;95.08;91.99;92.25;1135924
20120612;92.44;94.54;91.62;94.26;825932
20120613;93.82;94.53;91.31;91.65;1087653
20120614;92.14;93.74;91.64;92.98;1027452
20120615;93.07;96;92.66;95.84;1278987
20120618;95.75;97.88;94.87;97.01;1408284
20120619;97.24;97.7;96.15;96.76;1003516
20120620;95.87;98.42;95.28;97.7;1009675
20120621;97.4;97.42;94.51;95.05;1060640
20120622;95.41;96.35;94;95.61;1839327
20120625;94.49;94.83;93.06;94.37;642934
20120626;94.45;96.13;93.24;94.17;754550
20120627;94.54;94.54;92.23;93.26;622820
20120628;92.4;92.84;89.1;90.29;1141107
20120629;91.9;93.99;88.71;93.38;1438202
20120702;93.08;93.44;90.17;92.07;1281490
20120703;92.3;94.98;91.63;93.59;493902
20120705;93.56;95.45;93.13;94.41;747702
20120706;93.55;95.17;92.86;93.66;467468
20120709;93.54;94.09;92.12;93.36;464892
20120710;93.76;95.39;92.55;93.19;522081
20120711;93.1;93.45;89.68;91.05;606530
20120712;90.87;91.95;88.28;91.45;751560
20120713;91.67;92.97;91.37;92.69;281054
20120716;92.17;93.91;90.83;91;473215
20120717;91.62;92.23;89.67;91.35;434647
20120718;90.8;93;90.18;91.96;551939
20120719;92.42;93.54;91.91;92.51;399096
20120720;91.44;91.72;87.04;87.53;1126808
20120723;83.76;87.05;83.01;86.47;1357916
20120724;86.69;87.13;84.37;85.14;367875
20120725;85.11;85.55;83.41;83.78;574993
20120726;85;87.26;85;86.37;889355
20120727;86.36;88.07;85.5;87.38;496740
20120730;87.81;88.16;86.57;87.51;351710
20120731;87.45;88.11;84.63;84.88;898224
20120801;85.03;85.92;83.37;83.74;1017064
20120802;83.3;86.31;82.64;85.25;763205
20120803;86.68;87.99;86.04;87.78;679246
20120806;87.33;88.98;87;87.89;644757
20120807;87.93;88.93;87.72;88.26;388464
20120808;87.68;87.86;85.73;86.53;702565
20120809;88.52;88.61;86.7;87.09;625896
20120810;86.94;87.07;84.86;85.35;578125
20120813;84.5;85.35;83.8;84.11;817937
20120814;84.86;88.05;84.85;86.14;1464877
20120815;85.77;86.76;85.5;85.9;506463
20120816;85.93;90.47;85.71;90.27;1452822
20120817;90.96;92.03;90.25;91.85;881687
20120820;91.99;92.67;90.09;90.9;824516
20120821;91;92.11;90.27;91.99;652084
20120822;91.92;92.05;90.95;91.9;679738
20120823;91.38;92.39;91.17;92.21;468587
20120824;92.45;93.28;91.95;92.96;598784
20120827;93.58;93.96;92.67;93.69;965168
20120828;93.68;95.2;93.24;94.85;977040
20120829;94.31;95.13;93.33;94.33;910268
20120830;94.09;94.92;93.07;93.63;332553
20120831;94.25;94.5;93;94;576577
20120904;94.03;94.55;92.81;94.18;1235410
20120905;94.43;94.82;92.54;92.92;1193066
20120906;93.8;95.8;92.84;95.26;1804350
20120907;102.75;103.52;99.26;101.54;3115339
20120910;101.5;102.19;100.05;100.19;847006
20120911;99.02;100.84;98.92;99.34;544306
20120912;99.28;99.78;98.45;98.9;656431
20120913;97.43;100.4;97.3;100.16;950174
20120914;100;102.4;99.78;100.87;994773
20120917;101.35;101.35;99.4;99.66;648668
20120918;98.97;98.98;96.32;97.77;609933
20120919;97.73;98.82;97.32;98.55;468499
20120920;98.85;99.01;97.4;98.5;384512
20120921;98.38;99.08;97.24;97.92;518176
20120924;97.46;98.86;97.15;98.44;525911
20120925;98.7;99.38;97;97.09;698851
20120926;96.5;97.38;95.43;96.48;512055
20120927;97.2;97.33;95.6;96.66;429860
20120928;96.38;96.95;94.55;96.31;408905
20121001;96.78;97.97;95.7;96.81;460451
20121002;97.16;97.16;95.38;96.3;370872
20121003;96.43;97.81;96.16;97.54;369336
20121004;97.74;98.98;97.18;98.96;417727
20121005;99.03;100.37;98.79;99.77;581556
20121008;100.35;100.35;98;98.17;331513
20121009;97.85;98.05;95.14;95.75;324328
20121010;95.73;97.03;95.73;96.34;301773
20121011;97.02;97.54;95.42;95.65;419303
20121012;95.26;96.91;94.98;95.22;586268
20121015;95.59;95.99;94.29;95.3;250224
20121016;95;98.18;91.85;98;2007068
20121017;98.09;99.82;95.9;96.34;1005778
20121018;94.55;96.71;93.46;95.55;1994441
20121019;95.37;96.06;94.18;94.78;761519
20121022;94.42;95.04;93.54;95.01;597421
20121023;93.95;94.69;92.74;94.04;471745
20121024;94.19;94.78;92.92;93.14;626333
20121025;93.57;93.84;91.88;92.27;489416
20121026;92.27;93.32;91.2;92.41;436443
20121031;92;92.85;91;92.19;434283
20121101;92.25;93.78;90.5;93.71;556816
20121102;93.8;94.13;92.44;92.45;415629
20121105;92.45;92.88;90.9;92.68;338865
20121106;92.78;94.11;91.24;94.06;557840
20121107;93.11;94.42;92.73;93.05;459068
20121108;92.86;93.57;90.44;90.99;758798
20121109;89.48;90.99;86.98;88.34;1630826
20121112;88.57;88.57;86.61;87.22;682545
20121113;86.74;89.66;86.26;89.46;982633
20121114;89.34;89.77;86.88;87.31;519245
20121115;86.99;89.14;86.76;86.93;803943
20121116;87.56;88.6;87.31;87.6;1144757
20121119;88.4;90.24;88.27;89.02;785773
20121120;89.03;89.35;88.21;88.94;375483
20121121;88.85;91.04;88.85;90.52;417314
20121123;90.79;92.25;90.68;92.2;254668
20121126;92.17;93.1;90.93;92.93;523903
20121127;92.9;93.92;92.5;93.24;564863
20121128;92.72;94.55;91.48;94.19;1086818
20121129;94.29;94.38;91.99;93.15;1665138
20121130;98;100.4;97.52;100.28;4002885
20121203;100;101.03;99.82;100.9;1089245
20121204;100.95;100.95;99.73;100.38;1159299
20121205;100.4;100.7;99.7;100.19;676794
20121206;100.3;101.61;99.95;101.53;738566
20121207;101.45;101.59;100.02;100.44;729994
20121210;100.57;100.59;99.43;99.53;539245
20121211;99.6;100.02;96.7;97.03;982076
20121212;97.76;97.85;95.09;95.4;837340
20121213;95.57;96.23;94.15;94.25;1002647
20121214;94.3;95.33;94.1;95;739160
20121217;95.88;97.27;95.19;97.24;809247
20121218;97.6;98.67;97;97.92;673985
20121219;98.33;98.33;96.12;96.34;468940
20121220;96.48;97.13;95.53;96.41;430736
20121221;95.11;97.81;94.77;97.23;619028
20121224;97.13;97.49;96.87;97.1;138727
20121226;96.8;97.4;95.47;95.72;401109
20121227;95.57;96.58;94.48;96.44;386807
20121228;95.89;97.4;95.48;96.55;323072
20121231;96.67;98.27;96.28;98.26;435180
20130102;100.26;102.48;99.64;101.53;1190215
20130103;101.69;102.56;100.6;101.99;787813
20130104;97.76;99.41;96.5;97.85;1906824
20130107;97.48;98.15;95.66;96.32;875790
20130108;96.82;96.82;94.22;95.09;1263781
20130109;95.8;95.99;93.32;94.22;922813
20130110;94.6;94.6;92.11;94.32;1095615
20130111;93.88;94.48;92.46;93.39;795479
20130114;93.47;95.4;93.25;94.99;723121
20130115;94.35;94.77;93.26;94.6;404019
20130116;95.51;95.51;93.85;94.99;294406
20130117;94.69;95.98;94.18;95.66;453051
20130118;95.66;95.66;93.59;94.29;506504
20130122;94.78;96.4;93.84;96.17;727536
20130123;95.73;97.14;95.24;97.14;385016
20130124;96.39;99.94;96.39;98.01;727438
20130125;98.29;100.6;98.02;100.4;674568
20130128;100.25;100.41;98.49;98.54;413649
20130129;98.06;98.54;96.74;98.21;694297
20130130;98.15;98.66;97.15;97.84;468333
20130131;97.25;98.71;96.47;97.82;542273
20130201;98.73;98.83;97.29;97.54;427267
20130204;97.46;98.81;96.68;97.37;626975
20130205;98.35;100.18;97.45;99.52;572337
20130206;99.33;100.59;98.6;99.66;429447
20130207;99.31;99.93;98.16;98.96;296703
20130208;99.14;100.19;98.32;99.32;212387
20130211;99.28;100.19;98.68;99.19;230997
20130212;99.53;100.06;98.41;98.71;341815
20130213;98.72;99.68;98.26;99.49;320061
20130214;88.3;89.51;86.9;87.8;6945796
20130215;88.32;88.77;86.95;87.96;1769660
20130219;87.68;88.48;83.45;85.68;3131327
20130220;85.61;87.31;85.33;87.17;1912756
20130221;86.75;87.9;85.45;87.67;1504169
20130222;88.01;89.28;87.61;88.05;1428861
20130225;88.17;90.21;87.74;88.07;1577853
20130226;88.02;88.83;85.56;86.2;1696959
20130227;86.64;88.49;86.45;88.03;1256709
20130228;88;89.04;87.71;88.56;1117076
20130301;88.39;89.39;87.82;88.78;936909
20130304;89.2;90.39;88.83;89.79;753098
20130305;90.27;92.12;90.04;91.68;1325600
20130306;91.38;91.69;90.79;91.11;1396736
20130307;90.72;91.19;89.31;89.91;948823
20130308;90.08;90.42;89;89.79;1657214
20130311;89.88;90.53;89.52;89.82;1240493
20130312;89.73;89.88;87.15;87.19;1011130
20130313;87.93;88.7;86.63;87.49;1455596
20130314;87.85;89.03;87.18;88.37;2943054
20130315;75.96;76.93;72.51;74.14;13816753
20130318;73.61;74.74;72.94;73.96;2410940
20130319;74.21;75.15;74.17;74.91;2306358
20130320;75.44;78.2;74.93;77.38;2470117
20130321;77.28;79.2;76.1;76.39;2481634
20130322;77.43;77.95;77.05;77.52;1569147
20130325;77.86;78.26;76.11;77.22;947643
20130326;77.17;79.67;76.8;79.3;1418761
20130327;78.99;80.65;78.63;80.48;1337810
20130328;80.46;81.59;80.17;81.29;1995465
20130401;81.1;81.85;80.85;81.69;1087881
20130402;82.09;83.4;81.85;82.48;1654311
20130403;82.45;82.66;81.41;82;1711590
20130404;84.3;84.86;82.43;84.74;2138069
20130405;83.54;84.4;82.69;84.05;1515803
20130408;84.05;84.6;83.75;84.04;1650277
20130409;84.39;84.95;84.09;84.53;1441091
20130410;84.53;86.63;84.25;85.65;1608551
20130411;85.7;88.65;85.52;88.14;2312841
20130412;87.75;88.6;86.63;87.69;1697849
20130415;87.5;87.66;85.37;85.76;1531994
20130416;86.68;86.99;85.68;86.65;1476822
20130417;86.03;86.2;83.85;84.47;1378016
20130418;85.04;85.04;82.24;82.97;1297904
20130419;83.19;84.24;82.48;83.7;1395974
20130422;84;85.64;83.31;84.84;806233
20130423;85.42;86.79;85.2;86.46;1071792
20130424;86.43;86.75;84.62;86.22;946144
20130425;86.72;87;85.48;85.64;969843
20130426;85.69;86.62;85.22;85.99;703943
20130429;85.87;87.83;85.85;86.72;997549
20130430;86.98;87.87;86.47;87.65;825993
20130501;87.09;87.56;86.22;86.56;1073741
20130502;86.36;89.75;86.36;89.36;1372564
20130503;89.98;90.63;89.81;90.18;964893
20130506;89.97;91.47;89.96;91.12;650568
20130507;91;91.06;89.95;90.41;655276
20130508;90.4;91.56;90.12;91.48;442038
20130509;90.98;91.58;89.39;89.39;827567
20130510;89.73;92.52;89.4;92.18;880280
20130513;92.22;93.41;92.04;92.99;900247
20130514;92.66;94.52;92.4;93.51;570183
20130515;93.45;93.96;92.37;93.61;586923
20130516;93.04;94.29;92.61;93.09;1006461
20130517;93.43;94.17;92.75;93.97;491033
20130520;93.97;95.25;93.71;94.87;726484
20130521;94.87;96.25;94.84;94.88;1076099
20130522;94.81;96.3;93.42;94.06;1073786
20130523;93.04;93.74;92.53;93.22;875212
20130524;92.79;93.53;91.58;92.12;667245
20130528;92.92;93.49;91.78;92.09;513705
20130529;91.75;92.58;91;91.67;713888
20130530;91.74;92.09;91.1;91.44;517621
20130531;91.06;91.62;90.42;90.76;683305
20130603;91.24;91.24;88.2;89.74;653776
20130604;87.9;89.54;85.76;87.11;1344628
20130605;86.72;88;85.98;86.09;726894
20130606;86.27;86.91;85.83;86.89;554346
20130607;87.16;87.76;85.51;85.65;938820
20130610;86.79;87.3;86.17;86.59;1609612
20130611;86;86.74;83.65;84.13;2308475
20130612;95.36;98.88;95.1;96.64;7492562
20130613;96.36;97.45;95.25;97.01;1521214
20130614;96.08;97;95.19;96.14;838625
20130617;96.12;96.68;95.5;96.02;714351
20130618;96;96.85;95.77;96.6;542539
20130619;96.32;96.64;94.95;95.04;473654
20130620;94.45;94.73;92.97;93.4;645456
20130621;93.93;94.36;91.94;94.15;1042007
20130624;93.28;98.33;92.55;97.18;2091995
20130625;98.01;98.8;96.85;97.89;898532
20130626;98.8;100;98.12;98.71;779366
20130627;98.91;99.45;98.34;99.25;919033
20130628;98.61;100.41;97.98;100.12;1187337
20130701;100;100.69;98.58;99.01;605889
20130702;99.19;99.74;96.6;97.48;1141396
20130703;97.37;99.21;97.37;98.66;297938
20130705;99.49;100.64;99.11;100.23;481946
20130708;100.15;101.41;99.7;100.16;721103
20130709;100.25;101.48;99.13;99.5;526992
20130710;99.6;99.89;98.59;99.29;547935
20130711;100.11;100.94;99.83;100.73;404991
20130712;100.31;100.91;99.39;100.57;345291
20130715;100.85;100.96;99.23;99.46;363688
20130716;99.04;99.21;97.73;98.94;654534
20130717;98.98;99.04;97.09;97.13;465999
20130718;97.36;98.37;96.77;97.8;411961
20130719;97.77;98.51;96.95;97.39;387576
20130722;97.3;98.67;97.24;98.67;380723
20130723;98.66;98.82;95.71;95.9;668365
20130724;96.24;96.43;93.36;94.06;723392
20130725;94.19;95.4;93.34;95.31;599126
20130726;94.89;100.47;94.89;99.68;1119594
20130729;99.72;100.17;97.97;98.89;591712
20130730;98.98;100.64;98.96;100.47;443876
20130731;100.53;101.43;99.92;100.9;393382
20130801;100.9;101.84;100.09;101.65;851321
20130802;101.35;105.01;100.24;103.47;1092768
20130805;103.5;103.96;101.77;102.38;478228
20130806;102.41;104.42;102.41;103.51;618833
20130807;103.18;103.18;101.53;102.17;379048
20130808;102.47;106.1;102.12;106.03;718672
20130809;105.8;106.89;105.01;105.8;781702
20130812;105.28;105.95;104.81;105.28;396332
20130813;105.45;106.5;104.54;105.45;272468
20130814;104.81;105.62;103.45;103.5;300995
20130815;102.3;102.78;98.05;99.21;1525879
20130816;99.47;100.39;98.48;98.61;1027345
20130819;98.12;99.63;98.1;99.31;835098
20130820;99.85;103.04;99.4;101.47;731126
20130821;101.31;102.56;100.15;101.52;524199
20130822;102.05;102.53;100.96;102.04;225365
20130823;102.81;103.94;101.13;103.75;470517
20130826;104.32;105;103.32;104.18;394454
20130827;102.99;103.15;99.91;100.31;477551
20130828;100.36;101.07;99.56;100.1;385369
20130829;99.91;101.51;99.54;100.99;240680
20130830;102.55;102.55;99.08;99.24;567347
20130903;100.62;100.99;98.28;98.54;627001
20130904;98.54;98.98;97.41;97.86;948965
20130905;98.09;98.32;97.3;98;859430
20130906;98.1;99.02;96.44;97.24;947526
20130909;99.2;101.88;98.45;101.35;912905
20130910;102.04;104.26;101.09;103.67;783238
20130911;103.43;104.2;101.68;102.16;780981
20130912;101.53;103.1;99.96;100.16;1780142
20130913;114.1;118.27;112.47;117.53;4490575
20130916;118.5;120.11;117.38;118.35;1474640
20130917;116.98;117.93;116.63;117.13;1055867
20130918;117.08;120.37;116.46;119.99;1261132
20130919;120.72;121.5;118.3;118.75;922889
20130920;119.27;119.82;116.66;117.63;1285447
20130923;116.14;117.87;116;117.11;586378
20130924;117.08;118.34;116.23;117.15;434802
20130925;117.65;117.9;115.71;116.78;352271
20130926;117.75;118.88;116.83;117.32;356624
20130927;117.11;119.17;116.08;119.11;488072
20130930;118.07;119.75;117.29;119.46;620635
20131001;119.65;121.99;119.09;121.74;854742
20131002;121.31;121.86;120.6;121.42;398827
20131003;121.86;126.03;121.81;124.04;1144791
20131004;124.16;125;122.84;123.92;1119678
20131007;122.79;125.15;122.32;123.49;695747
20131008;123.17;123.57;119.93;119.99;944883
20131009;118.77;120.02;116.41;118.63;823287
20131010;120.27;120.93;118.8;119.81;541651
20131011;120;120;118.23;118.64;597242
20131014;117.56;118.74;116.35;118.22;663563
20131015;118.55;119.06;116.58;117.85;1168346
20131016;118.5;122.43;117.92;121.58;685579
20131017;121.08;124.11;120.07;123.69;652379
20131018;124.69;126.95;124;126.21;682888
20131021;127.31;127.46;123.07;125.99;981206
20131022;127.05;127.9;124.78;126.11;292047
20131023;125.33;126.19;124.42;125.77;255759
20131024;125.61;128.28;125.04;128.28;378159
20131025;128.85;128.9;126.7;127.52;470128
20131028;127.55;129.14;126.48;127.29;561521
20131029;127.59;128.39;126.81;128.29;230180
20131030;128.19;129.42;127.67;128.56;414632
20131031;128.3;129.97;127.5;128.85;439917
20131101;128.8;130.33;127.68;128.63;271756
20131104;129.31;131.33;128.43;130.7;354371
20131105;130.4;131.99;128.85;131.5;232128
20131106;131.84;131.94;129.63;131.41;282295
20131107;131.46;131.96;126.3;126.84;593554
20131108;127.06;129.2;126.61;127.89;507582
20131111;128.46;129.91;127.07;128.27;377370
20131112;128.62;129.67;127.22;129.53;591110
20131113;128.54;130.53;128.02;130.41;437948
20131114;130.31;130.67;129.05;130.44;305722
20131115;130.16;132.35;130.16;131.24;391545
20131118;132.02;132.72;129.58;129.98;357506
20131119;129.96;131.41;127.37;127.49;371352
20131120;128.1;128.34;125.74;125.8;444740
20131121;125.8;129.16;125.8;127.11;462874
20131122;127.37;128.54;127.01;128;326618
20131125;128.16;130;127.95;129.15;311838
20131126;128.89;130.73;128.84;128.89;454615
20131127;129;129.49;127.86;128.47;433290
20131129;128.66;128.75;126.43;126.94;340037
20131202;126.74;128.12;126.34;126.93;396547
20131203;126.39;126.89;124.44;125.01;598112
20131204;123.73;124.99;122.55;123.48;1079765
20131205;124.85;125.9;117.8;118;2509085
20131206;92.27;97.75;91.7;93.76;13931315
20131209;93.13;93.8;89.65;90.21;6153923
20131210;89.42;96.31;89.42;94.39;4166735
20131211;94.22;95.36;92.74;93.21;3018610
20131212;93.37;93.37;91.1;91.24;914556
20131213;91.48;93.32;91.26;91.96;877828
20131216;92.14;93;90.6;91.18;1095247
20131217;91.94;91.94;88.61;91.63;1821603
20131218;91.5;94.39;91.49;93.64;1849139
20131219;93.02;94.63;92.73;93.44;743225
20131220;93.71;95.19;93.24;95.19;1917088
20131223;95.17;95.92;93.01;93.36;1092623
20131224;93.42;94.99;93.06;94.42;515891
20131226;95.05;95.55;94.35;94.81;544067
20131227;94.69;95.4;93.48;93.53;411989
20131230;93.75;94.38;93.07;94.37;622803
20131231;94.26;97.15;93.59;96.52;1382737
20140102;96.21;98.26;95.7;95.91;1619126
20140103;95.9;97.03;94.66;94.92;708228
20140106;95.03;95.65;92.51;92.91;1182032
20140107;93.32;94.83;92.17;94.46;829906
20140108;94.24;94.32;92.96;94.17;653758
20140109;94.19;94.42;91.61;92.29;1125958
20140110;92.6;93.58;91.66;92.33;790854
20140113;91.98;92.36;88.15;88.89;1201880
20140114;89.13;90.3;88.32;88.76;999623
20140115;88.5;88.85;82.42;85.89;3204947
20140116;85.5;85.75;82.33;82.75;2984347
20140117;81.67;85.24;81.19;83.56;1772856
20140121;83.82;83.82;80.47;80.93;1618497
20140122;81.24;83.1;80.35;83.06;1297206
20140123;82.8;84.79;82.49;84.62;1604676
20140124;84.42;86.98;83.32;83.97;1659956
20140127;83.66;84.6;82.5;83.11;874534
20140128;82.7;84.41;82.7;84.25;995776
20140129;83.46;84.63;81.89;82.55;1143400
20140130;83.04;86.17;82.79;85.97;923504
20140131;83.87;86.03;83.5;85.71;1188139
20140203;85.75;86.03;83.09;83.93;1443446
20140204;84.07;85.11;83.33;83.5;1108585
20140205;83.58;85.88;82.52;85.82;1321863
20140206;85.96;88.82;85.96;88.34;1213827
20140207;87.31;89.62;86.01;88.31;977441
20140210;88.26;88.76;87.09;87.72;558060
20140211;87.88;87.88;86.29;86.45;1305999
20140212;86.29;87.22;85.2;86.42;749236
20140213;86.07;87.05;85.6;86.04;748766
20140214;85.82;86.47;85.01;85.71;714822
20140218;85.87;88.43;85.76;87.75;645159
20140219;87.76;88.9;87.19;87.56;535164
20140220;87.6;88.32;85.72;86.15;791657
20140221;86.15;87.18;83.98;85.98;1323488
20140224;86;88.21;85.99;87.44;897091
20140225;87.46;89.5;87.46;88.79;776161
20140226;89;92.67;88.35;90.22;1149502
20140227;90.17;92.04;89.42;91.62;722561
20140228;91.83;92.47;89.06;89.69;801998
20140303;88.94;89.86;88.18;88.42;568509
20140304;89.36;89.94;88.39;89.06;631140
20140305;89.62;89.82;87.98;88.5;949065
20140306;88.74;88.94;86.9;87.3;719675
20140307;87.95;88.17;86.52;87.3;954622
20140310;87.14;89.85;86.98;89.64;1388544
20140311;89.55;92.91;89.2;91.5;2254303
20140312;90.69;91.75;89.09;91.39;1505506
20140313;91.38;91.6;89.05;89.51;2317618
20140314;95.89;97.86;95;95.26;7452700
20140317;95.5;96.8;94.42;96.41;1387313
20140318;96.37;99.47;96.02;98.64;1452587
20140319;98.85;101.35;97.85;101.27;1556142
20140320;103.03;106.83;102.78;104.3;3055844
20140321;104.1;105;100.84;100.84;1976755
20140324;100.45;101.88;99.93;101.26;1110842
20140325;101.41;102.22;99.8;100.34;1039624
20140326;102.65;105;101.42;101.43;1326496
20140327;101.01;101.27;98.13;98.75;1505625
20140328;98.87;100.17;96.57;97.89;1568056
20140331;98.47;98.9;96.8;97.44;1066547
20140401;97.59;99.33;97.15;98.98;1351495
20140402;98.9;100.25;98.8;100.11;916735
20140403;100.26;100.78;99.32;99.77;694344
20140404;100.09;100.64;95.23;96.09;1317594
20140407;95.71;95.93;91.76;93.75;1486527
20140408;93.43;96.04;93.31;95.87;1329213
20140409;96.3;98.43;95.29;97.08;833374
20140410;96.84;97.27;93.96;94.85;1342172
20140411;93.78;94;88.46;91.05;2960106
20140414;91.85;93.37;89.62;90.13;1022469
20140415;91.08;92.24;87.67;90.42;1329571
20140416;91.17;92.6;89.74;90.22;969375
20140417;90.26;90.77;86.57;87.79;1795391
20140421;88.2;90.77;88.2;89.59;1003505
20140422;90.18;91.24;88.86;89.41;873294
20140423;89.41;89.74;88.09;88.22;672218
20140424;88.85;90.09;86.83;89.63;606756
20140425;89.2;90.01;87.5;88.11;498730
20140428;88.42;89.81;84.59;86.58;1377036
20140429;86.57;87.16;84.86;86;763463
20140430;85.95;87.9;85.36;87.71;884600
20140501;87.6;88.13;85.93;85.97;1093553
20140502;86.35;88.39;86.17;88.12;2345602
20140505;88.47;89.21;86.61;88.54;983471
20140506;88.23;89.16;87.34;87.55;1117013
20140507;87.15;88.75;84.43;84.79;1402673
20140508;84.64;87.35;84.64;85.86;1021230
20140509;85.58;87.97;84.76;87.87;747361
20140512;88.05;90.32;87.73;89.88;747883
20140513;89.24;89.63;87.57;88.51;659220
20140514;88.41;88.85;86.83;87.15;569701
20140515;87.11;87.18;84.76;86.76;1189644
20140516;86.49;88.03;85.28;87.87;877878
20140519;87.65;88.22;85.66;86.67;721565
20140520;86.44;86.44;85.05;85.33;669301
20140521;85.84;86.67;84.13;84.82;816774
20140522;84.68;86.22;84.68;84.98;675843
20140523;85.2;85.86;84.6;85.43;666180
20140527;85.8;87.87;85.79;87.22;909719
20140528;87;87.17;83.76;85.4;1058545
20140529;85.7;85.76;83.54;85.03;1084138
20140530;84.9;85.39;84.36;84.9;677052
20140602;85.05;87.27;84.74;86.8;730750
20140603;86.8;87.19;86.22;86.77;557933
20140604;86.57;87.26;86.04;87.03;383673
20140605;87.09;88;85.54;85.93;705658
20140606;86.01;87.18;85.81;86.25;739370
20140609;86.27;87.08;85.14;85.41;1233685
20140610;85.12;85.64;84.2;85.31;3222758
20140611;96.17;98.61;95.5;97.11;6442457
20140612;96.54;96.95;94.86;95;1770666
20140613;94.63;95.55;94.09;95.11;770068
20140616;94.92;95.44;93.75;94.5;826413
20140617;94.5;95.34;94.26;94.64;606179
20140618;94.34;95.05;94.13;94.89;635789
20140619;94.97;95.6;94.27;95.03;776956
20140620;94.78;95.85;94.64;95;974551
20140623;95;95.45;94.11;94.67;620077
20140624;94.35;95.02;93.83;93.88;815038
20140625;93.95;94.33;92.3;92.61;974390
20140626;92.83;93.29;91.04;91.33;911084
20140627;91.07;92.69;90.82;92.09;995271
20140630;92.16;92.72;91;91.41;756653
20140701;91.63;93.64;91.63;93.41;705015
20140702;93.27;95.17;93.03;94.5;707442
20140703;94.84;96.95;94.79;96.43;695344
20140707;96.09;96.85;95.53;96;640914
20140708;95.97;96.01;94.52;94.91;762551
20140709;94.45;95.51;94.06;94.42;558128
20140710;93.46;94.02;92.11;92.69;627697
20140711;92.74;93.42;91.21;91.64;607555
20140714;92.5;92.5;90.77;91.5;792420
20140715;91.68;92.34;90.1;90.75;632328
20140716;91.02;91.02;89.24;89.26;643652
20140717;88.88;89.98;88.14;89.75;1103289
20140718;89.97;90.78;89.54;90.44;588175
20140721;90.24;93.13;90.08;93.02;986693
20140722;93.75;93.8;91.52;92.09;603004
20140723;92.06;92.37;91.37;92.2;707058
20140724;92.04;93.31;91.27;93.14;581183
20140725;92.7;93.11;91.16;92.64;578355
20140728;92.77;92.77;91.72;92.29;594109
20140729;92.4;92.67;91.82;92.25;469072
20140730;92.45;94.28;92.18;94.13;763054
20140731;93.85;94.34;92.3;92.33;746183
20140801;92.33;93.39;91.62;93.06;962157
20140804;93.2;95.18;93.1;94.6;833224
20140805;93.95;95.89;93.89;95.32;681156
20140806;95;95.88;94.33;94.61;826913
20140807;94.86;95.77;93.7;93.92;508946
20140808;94;95;93.91;95;410693
20140811;95.07;95.59;94.35;95.29;379030
20140812;95.44;95.44;92.15;92.97;661208
20140813;92.99;93.54;91.76;92.45;454199
20140814;92.5;94.39;92.5;93.73;402932
20140815;94.37;94.5;91.9;93.24;610974
20140818;93.34;94.83;93.13;94.53;441825
20140819;94.85;96.12;94.19;95.64;426479
20140820;96.01;99.37;94.81;97.49;938653
20140821;97.07;97.98;95.26;96;508918
20140822;95.89;97.85;95.34;97.21;489422
20140825;97.67;98.04;96.78;97.4;577168
20140826;97.55;98.94;97.39;97.72;507874
20140827;97.75;98.59;97.63;98.14;421274
20140828;97.82;98.3;97.01;97.91;354789
20140829;98.15;98.82;97.15;97.31;523336
20140902;97.46;98.45;96.77;98.36;543334
20140903;98.58;99.25;98.08;99.16;641943
20140904;99.42;101.77;99.11;99.59;825570
20140905;99.91;99.92;98.03;99.45;779853
20140908;99.77;100.1;97.7;98.11;871227
20140909;98.11;99.23;96.58;96.99;1183273
20140910;97.43;97.65;95.83;96.78;1095208
20140911;96.45;97.69;95.86;97.48;3720288
20140912;114.5;118.2;114.12;114.89;9532386
20140915;114.61;115.29;113.14;114.41;1609890
20140916;114.04;116.97;113.2;116.15;1620431
20140917;116.15;120.57;116.08;118.5;2027348
20140918;118.72;119.32;117.49;118.4;695214
20140919;119.24;120.82;119.16;120.38;1460513
20140922;120.6;121;117.87;118.92;1006333
20140923;118.03;118.8;116.05;116.05;1102070
20140924;117.05;120.45;116.91;120.41;959602
20140925;120.2;121.43;118.82;118.86;806338
20140926;119.33;119.92;118.39;118.65;734429
20140929;118.49;118.63;116.9;118.32;771640
20140930;118.02;120.06;117.52;118.17;743421
20141001;117.81;118.18;115.17;115.83;874833
20141002;116;116.44;114.29;115.31;846905
20141003;116.32;117.22;115.31;116.2;1422513
20141006;116.7;117.25;115.94;116;633837
20141007;114.9;115.63;113.41;113.42;860880
20141008;113.63;115.49;113.59;114.87;692840
20141009;114.92;115.75;113.57;114.77;750290
20141010;114.52;115.24;112.44;114.22;697561
20141013;113.95;115.5;111.78;113.17;923715
20141014;114;114.94;111.41;111.96;1270645
20141015;110.14;111.14;106.87;110.28;1673510
20141016;109.37;114.31;108.75;113.85;1730448
20141017;115.39;116.79;114.75;116.57;1144064
20141020;116.85;120.08;116.08;119.87;1034256
20141021;120.31;120.97;117.53;118.97;753837
20141022;119.51;119.95;117.56;117.61;603521
20141023;118.6;119.92;117.54;117.84;568391
20141024;118.34;118.42;116.28;117.35;483167
20141027;117.5;117.96;116;117.72;474912
20141028;117.95;121.13;117.12;120.97;831082
20141029;120.97;123.74;119.78;121.56;1042983
20141030;121.21;122.12;119.9;120.56;481333
20141031;121.82;122.71;120.12;120.81;469458
20141103;121.44;122.09;119.25;119.91;954186
20141104;119.97;120.4;116.91;120.11;958974
20141105;120.81;121.58;118.12;118.66;633092
20141106;119.21;123.19;118.25;122.08;1074254
20141107;122.12;122.92;120.79;121.75;456845
20141110;121.43;124.12;121;124.08;627568
20141111;124.2;124.31;121.01;122.18;693069
20141112;121.7;125.23;121.66;125.04;666079
20141113;125.64;125.96;123.3;123.92;636169
20141114;123.77;125.05;123.21;123.75;333552
20141117;123.36;125.19;122.39;124.2;788212
20141118;124.2;125.17;123.53;124.88;602570
20141119;124.28;129.47;124.28;127.26;1099547
20141120;127.19;128.32;126.82;127.04;477898
20141121;128.14;128.62;127.03;127.38;741044
20141124;125.47;126.95;122.3;126.77;1103539
20141125;126.8;127.84;124.55;125.7;617357
20141126;125.35;126.07;125.01;125.8;350123
20141128;126.01;128.32;126.01;126.49;218841
20141201;126.92;127.29;123.59;124.46;685412
20141202;125.21;125.65;121.5;122;876929
20141203;122.33;125.34;121.87;124.68;992221
20141204;125.16;126.05;123.6;125.74;1610191
20141205;132.8;134.5;127.83;129.75;3439358
20141208;128.57;129.5;125.19;126.99;1170913
20141209;124.98;127.65;123.81;127.53;724563
20141210;127.61;128.5;125.19;125.23;733645
20141211;127.54;130.98;127.53;129.44;1127428
20141212;128.8;130.31;128.64;128.67;487961
20141215;129.41;129.46;127;128.34;567546
20141216;128.28;128.88;126.55;127.28;579543
20141217;128.01;131.26;126.71;130.86;592396
20141218;132.25;132.79;128.75;129.7;1157790
20141219;129.7;129.98;128.04;129.22;1129613
20141222;129.23;130.84;128.41;128.53;620897
20141223;128.65;129.6;127.54;128.56;1031435
20141224;128.69;128.95;127.89;128.18;408619
20141226;128.4;129.43;127.67;127.83;291259
20141229;127.87;128.92;127.83;128.76;697894
20141230;128.3;129.67;128.13;128.77;410931
20141231;128.71;130.2;127.8;127.84;462954
20150102;128.13;129.09;125.24;126.84;410905
20150105;126.31;127.98;125.65;127.15;477609
20150106;127.05;128.79;124.7;126.95;758152
20150107;128.78;130.64;127.97;130.58;597180
20150108;131.53;132.88;131.14;132.24;622476
20150109;132;132.87;129.84;131.57;574220
20150112;132.38;132.43;129.14;129.84;428315
20150113;130.59;132.94;127.51;128.81;542665
20150114;127.15;129.06;127.13;128.75;410884
20150115;131.81;131.81;126.86;127.14;681901
20150116;126.75;129.95;126.61;129.72;529111
20150120;130.39;130.69;126.95;127.16;481604
20150121;127.09;128.67;126.61;128.35;315470
20150122;128.9;132.63;127.5;132.56;638681
20150123;133.14;137.33;132.5;135.34;1233407
20150126;136.68;137.49;134.77;136.08;844179
20150127;135.81;136.83;134.15;135.84;437572
20150128;136.65;137.2;133.55;133.86;486707
20150129;134.38;134.58;132.33;134.4;563886
20150130;134.28;135.09;131.5;131.94;606937
20150202;132.08;132.35;128.11;130.96;904060
20150203;131.14;134.03;130.54;133.85;569336
20150204;133.36;133.83;131.17;132;735412
20150205;132.31;133.6;131.72;133.03;587990
20150206;132.98;133.57;132;133.26;386529
20150209;133.13;135.06;132.76;134.97;513058
20150210;135.88;138.11;135.29;137;741115
20150211;136.69;137.98;135.24;135.9;548347
20150212;136.5;136.64;134.72;136.07;408638
20150213;135.94;136.67;134.69;136.66;521457
20150217;136.74;136.94;134.56;135.91;336755
20150218;135.38;136.74;134.59;136.62;275452
20150219;136.85;139.73;136.6;136.92;562727
20150220;137.12;138.13;135.71;138;286483
20150223;137.99;138.92;136.67;137.25;316317
20150224;137.67;138.41;136.11;138.39;523739
20150225;138.42;140.31;137.14;138.76;463092
20150226;138.52;141;138.47;140.59;539579
20150227;141.98;143.34;140.01;140.76;720566
20150302;141.97;143.69;141;143.62;507456
20150303;143.25;143.25;141.6;142.03;662113
20150304;141.55;142.01;139.44;139.91;659945
20150305;139.95;141.8;139.49;140.86;479278
20150306;140.56;141.16;138.27;138.59;640491
20150309;139.88;141.7;139.42;140.96;1691611
20150310;140.27;142.09;139.03;140.47;1195724
20150311;141.78;142.82;140.49;141.96;943396
20150312;143.93;145.9;142.28;144.82;2368331
20150313;155.09;156;148.11;150.1;4533651
20150316;150;151;148.44;150.18;1256773
20150317;149.38;151.94;148.78;150.46;923363
20150318;150.73;151.59;149.13;150.99;840697
20150319;151.01;152.67;150.39;152.29;719469
20150320;152.68;152.75;151.1;152.02;856759
20150323;153.1;154.52;152.61;153.18;734897
20150324;153.24;154.5;152.8;153.77;536797
20150325;153.62;154.33;151.29;151.58;555998
20150326;150.35;151.28;148.36;150.01;621032
20150327;149.63;151.75;149.57;151.2;441823
20150330;152.84;153.02;151;151.58;553742
20150331;151.51;152.96;150.4;150.85;477108
20150401;150.89;151.38;148.42;150.98;744999
20150402;150.65;152.24;149.52;151.33;691621
20150406;150.87;153.87;150.68;153.27;696328
20150407;153.68;155.55;151.43;151.45;546785
20150408;152.1;153.23;151.72;152.17;458102
20150409;152.17;153.08;150.5;151.8;368743
20150410;151.9;152.68;151.37;151.68;304586
20150413;151.72;152.96;151.71;152;540956
20150414;152.7;154.24;151.62;153.49;785849
20150415;156.2;156.3;153.39;153.56;873609
20150416;153.51;154.62;153.51;154.16;435602
20150417;154.9;155.83;151.75;152.05;688833
20150420;152.5;153.37;150.79;151.59;600808
20150421;151.78;153.81;151.64;152.97;524958
20150422;152.82;153.98;150.5;153.94;529970
20150423;153.88;157.91;153.12;156.99;817720
20150424;157.93;158.97;156.71;157.08;745312
20150427;156.97;157.47;155.64;155.91;455569
20150428;155.5;156.96;154.25;154.47;759120
20150429;154.29;154.63;151.39;151.83;555996
20150430;151.22;153.61;150.3;151.09;641968
20150501;150.41;154.32;150;154.27;475829
20150504;154.52;154.95;153.03;153.85;506001
20150505;154.25;154.54;152.11;153.47;578786
20150506;153.33;153.85;151.17;152.04;626970
20150507;151.37;154.87;151.01;153.84;502983
20150508;155;156.22;154.18;154.29;487735
20150511;154;155.22;154;154.27;478676
20150512;153.26;154.38;152.12;153.19;374294
20150513;152.99;154.11;151.16;152.13;521840
20150514;152.69;152.69;149.53;149.83;1027602
20150515;149.41;152.06;149.12;151;723068
20150518;150.4;152.11;149.85;151.51;567672
20150519;151.36;153.51;150.75;152.14;697245
20150520;151.68;152.09;149.53;150.83;615876
20150521;151.2;153.19;151.05;152.25;451333
20150522;152.07;152.97;151.11;151.24;401731
20150526;150.9;152.38;150.14;150.16;862042
20150527;151.88;155.48;151.72;154.78;1377544
20150528;155.18;156.49;152.8;156.27;2504544
20150529;159.27;159.85;152.25;152.62;3789548
20150601;153.05;154.17;151;153.87;1206959
20150602;154.3;156.15;154;154.35;973817
20150603;154.51;157;153.67;156.26;905274
20150604;154.72;157.5;154.26;155.9;816641
20150605;156.11;157.18;154.6;156.28;682601
20150608;156.46;156.51;153.54;153.69;723733
20150609;153.73;154.49;152.22;153.77;539354
20150610;154.49;155.69;153.85;154.98;571104
20150611;155.01;156.46;155.01;155.37;412569
20150612;154.71;156.29;154.28;155.32;341749
20150615;154.47;155.32;153.57;154.57;432996
20150616;154.45;156.1;154.1;155.5;386946
20150617;155.68;156.39;154.59;155.62;473928
20150618;156;158.75;155.62;156.48;877950
20150619;156.24;156.71;154.69;154.73;570554
20150622;155.79;156.47;154.83;155.69;540640
20150623;155.88;157.15;155.22;156.36;572820
20150624;156.44;157.13;154.86;155.59;443188
20150625;155.6;155.8;153.89;154.84;933559
20150626;155.4;158.1;155.01;157.98;1160708
20150629;156.26;156.95;153.24;153.68;634703
20150630;154.69;154.94;152.78;154.45;618692
20150701;155.94;156.48;154.3;155.42;701264
20150702;155.23;156.26;154.28;156.23;801534
20150706;154.79;157.34;154.25;157.23;734355
20150707;157.18;159.72;156.07;159.42;984593
20150708;158.01;160;157.78;158.55;1218858
20150709;160;162.59;159.78;159.91;1430552
20150710;162.5;163.7;160.78;163.11;876603
20150713;164.45;167.13;164.02;166.95;983327
20150714;167.72;167.72;165.52;167;666236
20150715;167.52;168.33;166.11;168.25;731499
20150716;169;169.31;166.23;167.32;1213252
20150717;167.92;168.48;166.6;166.91;566666
20150720;167.85;168.53;167.44;167.94;448025
20150721;167.97;168.65;166.25;166.79;511276
20150722;166.44;170.75;166.37;170.52;598526
20150723;170.43;171.21;168.91;169.22;601527
20150724;169.35;170.36;168.83;169.54;501115
20150727;168.45;168.87;165.67;166.39;730161
20150728;167.05;167.86;164.54;166.01;651994
20150729;166.25;167.28;165.26;166.49;570348
20150730;166.3;167;165.01;166.82;447370
20150731;167;167.86;165.63;166.03;543184
20150803;167.23;167.99;163.26;165.27;674931
20150804;164.83;166.92;163.98;165.07;441463
20150805;166.52;167.77;165.54;167.01;507683
20150806;167.27;167.96;163.4;164.8;629629
20150807;164.7;165.97;163.39;165.61;621748
20150810;167.66;169.13;167.07;168.36;573365
20150811;166.96;168.51;166;168.51;559665
20150812;166.6;167.57;164.09;166.94;675491
20150813;167.24;170.94;167.13;169.28;572242
20150814;168.73;171.1;168.55;171.04;479394
20150817;171.12;171.61;168.77;171.39;545722
20150818;170.76;176.77;170.76;173.32;1023772
20150819;173.65;173.93;172;172.62;739678
20150820;171.67;172.91;168.75;171.3;840958
20150821;167.77;168.46;162.17;162.57;1809948
20150824;143;163.6;120.38;158.72;2739964
20150825;164.11;164.43;152.52;153.26;1752877
20150826;154.3;158.87;154.04;158.05;1791632
20150827;160.87;162.99;159.31;160.24;2454738
20150828;164.78;169.29;158.13;159;2919641
20150831;157.28;160.66;157.23;158.09;1115182
20150901;155.35;156.98;153.02;153.76;1284517
20150902;155.55;158.89;153.84;158.51;1041399
20150903;158.6;160.87;158.26;158.93;948851
20150904;157.22;158.99;156.04;157.7;601154
20150908;160.72;164.68;158.02;164.61;1156352
20150909;169;169.14;163.32;163.4;1416643
20150910;162;165.29;161.4;164.83;1369683
20150911;164.81;165.55;162.68;165.06;632071
20150914;164.77;165.72;162.03;163;658895
20150915;163.09;165.13;160.77;164.06;767450
20150916;164.53;164.92;162.94;164.72;501663
20150917;164.49;169.25;163.92;168.14;1040525
20150918;167.98;170;166.91;167.23;1583922
20150921;168.46;170.02;167.53;168.69;789681
20150922;166.42;167.66;164.42;165.78;593616
20150923;165.56;168.26;165.55;168.1;557618
20150924;167.08;168.69;165.79;168.01;541858
20150925;169.39;170.21;168;169.15;769334
20150928;168.02;168.35;163.42;164.36;948761
20150929;163.9;164.46;160.59;161.71;820117
20150930;163.95;165.93;162.35;163.35;752038
20151001;164.26;165.59;162.78;165.59;828696
20151002;163.91;165.79;161.01;165.76;930511
20151005;166.83;168.27;165.33;168.04;1005999
20151006;167.96;167.96;165.34;165.91;716201
20151007;165.95;167.74;164.16;165.05;959026
20151008;164.63;165.78;162.42;163.94;601872
20151009;163.81;166.2;162.56;165.8;489995
20151012;166.73;167.12;164.98;166.07;557215
20151013;165.54;167.33;163.33;163.85;448155
20151014;163.6;164.09;158.43;159.26;622960
20151015;160.3;161.21;158.04;161.06;703219
20151016;161.32;167.38;161.15;166.11;737145
20151019;166.08;168.63;164.5;168.36;689904
20151020;169;170.13;168.03;169.21;613156
20151021;169.69;170.13;167.62;168.22;439050
20151022;168.99;170.25;167.71;168.02;439557
20151023;169.92;169.92;163.74;165.91;560067
20151026;166.01;170;165.96;169.2;724041
20151027;169.73;169.92;167.41;169.09;398292
20151028;169.32;173.99;168.01;172.96;785188
20151029;172.07;173.5;171.12;173.3;469656
20151030;173.36;175.72;172.74;173.96;713027
20151102;174.88;175.78;171.17;172.76;611205
20151103;171.92;174.95;171.9;172.95;644973
20151104;173.32;173.53;169.39;170.12;508288
20151105;170.58;173.18;169.5;172.53;440145
20151106;172.04;173.21;170.34;172.64;343061
20151109;172.27;172.27;169.6;171.56;409423
20151110;170.98;174.1;170.78;174.08;370605
20151111;174.28;174.67;170.51;170.69;573189
20151112;170.23;171.49;169.24;169.36;624658
20151113;167.89;168;151.52;155.2;3011511
20151116;154.34;160.42;154.2;159.48;1664495
20151117;160.59;163.58;160.01;162.7;789856
20151118;163.74;165.27;160.62;164.99;547883
20151119;165.24;165.75;163.25;164.5;536731
20151120;165;170.54;164.46;170.51;788092
20151123;170.77;173;169.58;170.84;727061
20151124;169.78;172.19;169.37;170.83;646508
20151125;170.01;171.01;169.17;170.11;710692
20151127;170.59;171.84;169.88;170.98;353395
20151130;173.01;174.49;165.84;167;1823511
20151201;167.82;168.95;163.78;165.83;1111290
20151202;165.83;166.2;162.58;163.52;1224473
20151203;164.41;165.36;161;163.19;2097385
20151204;174.5;185.73;173.87;184.08;5251611
20151207;184.64;186.27;183.22;184.24;1615776
20151208;182.25;185.49;181.95;185.08;875984
20151209;184.56;186.65;183.67;184.06;785753
20151210;183.61;185.81;182.93;183.11;843438
20151211;179.69;183.79;179.01;182.47;709387
20151214;183.05;187.22;183.05;185.54;1078620
20151215;186.18;187.47;184.46;185.42;853862
20151216;185.43;188;185.43;187.27;793336
20151217;188;188.48;184.76;185.43;778326
20151218;184.95;185.67;184.03;184.94;2640749
20151221;186.46;187.3;184.82;186.49;804107
20151222;187.06;187.19;184.94;186.12;574288
20151223;186.84;186.84;184.78;186.27;391073
20151224;185.93;186.7;184.53;184.93;253117
20151228;184.73;186.32;183.94;184.77;510566
20151229;186.29;187.69;185.02;185.31;458074
20151230;185.61;186.25;184.7;185.61;357854
20151231;184.61;185.99;183.83;185;633765
20160104;182.67;184.6;180.46;181.81;1196625
20160105;182.57;183.88;180.73;182.67;567952
20160106;180.39;183.27;179.13;183.21;870706
20160107;179.8;186.49;179.8;182.98;1034469
20160108;184.8;184.8;181.65;182.17;847551
20160111;182.64;183.93;179.86;182;560657
20160112;182.81;185.98;182.75;185.62;675419
20160113;186;186;178.5;179.09;877918
20160114;179.09;180.37;173.86;177.88;1606655
20160115;173.2;174.49;168.4;170.45;1658360
20160119;171.98;177.95;170.39;175.31;1041246
20160120;173.3;175.96;168.53;174.26;1557148
20160121;174.5;180.58;173.1;176.5;1213337
20160122;177.95;180.16;175.55;179.73;1041381
20160125;178.5;179.79;175.25;175.66;873665
20160126;176.58;179.95;175.67;179.13;815474
20160127;178.83;179.56;172.9;173.93;812806
20160128;175.83;175.84;171.29;174.34;763730
20160129;175.34;181.3;174.88;181.17;1054480
20160201;179.92;182.01;177.76;180.57;748074
20160202;179.74;180.72;176.46;177.03;650474
20160203;180.5;181.43;171.25;173.46;1069201
20160204;173.55;173.55;167.5;168.88;1295530
20160205;168.75;169.48;155.81;159.71;2367486
20160208;156.76;156.85;152.75;155.34;1885527
20160209;152;155.91;148.6;151.98;1785503
20160210;152.79;156.12;151.83;153.84;1439537
20160211;152.54;154.66;150.1;153.31;1200733
20160212;156.24;158.64;154.29;158.49;1066781
20160216;160.61;161.89;157.6;159.02;971400
20160217;160.51;162.89;158.16;158.92;1443793
20160218;155.33;155.95;147.25;154.55;3673523
20160219;153.16;153.38;146.77;150.07;2825554
20160222;151;156.87;150.43;156.27;1571990
20160223;156.63;161.46;156.3;159.17;1924192
20160224;156.52;161.23;156;160.75;1247979
20160225;161.52;164.27;160.88;164.25;1408134
20160226;165.57;166.97;162.54;164.75;1205134
20160229;165;168.5;164;165.19;1183070
20160301;165.86;168.65;164.2;168.41;1053590
20160302;168.21;168.86;165.71;168.32;776315
20160303;167.41;171.19;166;169.38;1124432
20160304;169.96;170.05;167.58;168.97;628748
20160307;168.57;168.89;163.05;164.64;1238029
20160308;164.34;165.48;162.47;162.96;1651951
20160309;164.7;165.97;158.21;159.01;2445401
20160310;159.56;164.32;158.5;163.39;3753301
20160311;186.6;192.06;184.1;191.62;6130719
20160314;189.52;191.91;188.84;190.02;1700095
20160315;189.02;191.01;187.65;187.87;1185158
20160316;187.1;191;186.6;190.02;936721
20160317;189.44;190.68;187.46;188.01;1029297
20160318;188.32;192.38;187.9;191.39;1096111
20160321;190.88;193.78;190.21;192.35;1037799
20160322;190.44;192.5;189.46;191.65;881850
20160323;191.22;193.07;190.77;191.57;527300
20160324;191.4;192.71;190.62;191.76;621177
20160328;191.84;193.6;190.74;191.91;475792
20160329;192.55;193.93;191.53;193.37;541910
20160330;194.87;195;192.33;194.11;613695
20160331;193.87;194.94;192.62;193.74;737320
20160401;192.62;195.61;192.1;194.18;507177
20160404;194.68;194.84;191.37;193.12;583739
20160405;192.27;195.02;192.01;193.75;765272
20160406;193.91;196.6;193.42;194.67;657665
20160407;194.12;195.04;191.85;194.12;866982
20160408;201.94;203.75;197.81;200.51;3611916
20160411;201.51;204.62;200.63;202.1;1598833
20160412;203.5;205.11;201.64;203.94;1190993
20160413;205.44;207.75;205.03;207.42;1116392
20160414;207.72;207.72;204.66;205.67;1365074
20160415;206.34;206.34;202.31;204.06;11411000
20160418;203.93;207.05;203.24;206.91;1112765
20160419;206.2;206.57;203.09;204.04;1162031
20160420;203.98;205.12;202.91;204.42;883403
20160421;204.62;207.67;204.39;205.86;855314
20160422;205.42;206.48;202.69;205.39;995261
20160425;205.08;207.83;203.95;207.37;959953
20160426;207.04;208.22;205.36;208.13;1126817
20160427;207.32;212.92;207.32;212.52;1388255
20160428;211.51;211.97;206.58;206.99;891509
20160429;206.46;208.54;205.25;208.28;826387
20160502;208.29;210.77;207.54;210.72;667043
20160503;208.4;210.34;206.74;209.91;901037
20160504;209.05;211.01;208.71;209.97;543602
20160505;209.78;209.78;204.46;206.21;844002
20160506;205.2;208.93;204.05;208.68;774132
20160509;205.65;210.25;204.6;208.46;800551
20160510;209.25;209.25;205.79;208.27;854348
20160511;207.01;207.7;202.28;202.85;951983
20160512;203.7;208.41;203;207.43;761781
20160513;207.03;207.54;203.29;205.2;633440
20160516;204.85;209.09;204.39;208.13;482645
20160517;207.21;208.24;203.28;204.44;875452
20160518;204.45;208.31;203.18;206.45;1032977
20160519;205;208.63;205;207.89;523352
20160520;208.73;208.95;206.06;208.47;968999
20160523;208.97;209.98;205.95;206.02;964258
20160524;208.48;209.72;206.42;206.59;1391397
20160525;206.61;212.26;206.61;211.48;1238574
20160526;214;214.44;211.55;213.69;1885862
20160527;230.75;237.53;228.53;233.15;3584534
20160531;233.48;234.15;231.36;233.01;2141883
20160601;233.29;236.86;232.6;236.68;871507
20160602;236.24;238.76;234.81;237.06;781182
20160603;236.8;237.32;234.18;236.57;778378
20160606;238.66;238.75;234.63;236.74;490345
20160607;236.79;239.95;236.5;239.18;716451
20160608;240;240.69;238.46;239.36;409223
20160609;237.73;240.51;237.73;240.01;550430
20160610;237.82;240.24;237.8;239.98;526280
20160613;237.21;240.83;237.21;237.95;578477
20160614;237.92;239.32;235.6;237.88;559478
20160615;237.89;240.33;237.65;238.23;577665
20160616;237.08;240.41;236.63;239.82;562632
20160617;239.7;239.98;237.89;238.04;853878
20160620;240.75;241.88;239.18;240.2;647220
20160621;240.9;241.43;239.7;240.47;485120
20160622;241.08;241.12;238.11;238.23;623192
20160623;240.05;242.23;238.34;242.08;601680
20160624;236.14;242.91;236.01;239.16;1463572
20160627;236.78;238.56;232.57;235.04;826386
20160628;237.08;237.5;234.62;236.21;793855
20160629;238.5;241.83;237.84;240.66;749779
20160630;242;244;240.18;243.64;615012
20160701;242.87;245.38;241.02;243.74;561207
20160705;243.44;245.3;242.4;244.72;604098
20160706;244.57;248.42;244.31;247.77;758495
20160707;247.67;248.68;245.06;247.29;514576
20160708;248.52;253.11;247.51;250.82;742598
20160711;252;253.2;250.65;252.29;504071
20160712;253.88;254.66;251.3;253.25;553940
20160713;252.99;253.76;250.05;250.13;471736
20160714;251.95;255.3;251.3;255.11;786061
20160715;256.83;256.88;255.26;255.81;666549
20160718;256.02;256.84;255.1;256.09;544993
20160719;256;256.91;254.53;256.91;383556
20160720;257.42;257.54;255.68;255.8;481763
20160721;255.15;256.78;254.62;254.91;449538
20160722;255.03;258.78;254.9;258.6;379165
20160725;258.96;260;258.41;259.55;344762
20160726;260.09;261.42;258.47;259.02;445008
20160727;258.81;259.99;256.82;257.73;431026
20160728;257.42;260.66;257.04;260.48;428581
20160729;260.76;262.12;260.13;261.21;452319
20160801;262.19;262.81;258.71;260.57;767453
20160802;261.51;262;255.07;256.98;697496
20160803;256.76;258.96;255.06;258.91;420896
20160804;258.33;260.69;256.64;260.68;532118
20160805;261.34;262.78;260.71;262.35;414804
20160808;263.16;263.56;260.66;261.33;348528
20160809;261.44;262.88;260.79;261.91;276809
20160810;262.39;263.48;261.78;263.09;269587
20160811;264;266.19;262.78;265.95;452193
20160812;265.05;266.98;265.05;266.8;433039
20160815;268.76;269.82;266.84;266.97;452937
20160816;266;267.37;265.33;265.9;468130
20160817;265.48;266;263.02;265.79;494767
20160818;266.34;271.96;266.34;271.59;834854
20160819;270.93;276.2;268.74;274.55;839231
20160822;275.78;275.86;270.35;270.7;1307778
20160823;272.95;276.23;272.02;275.89;835415
20160824;278.29;278.63;271.28;273.98;1178285
20160825;272.6;274.5;269.71;271.45;2178469
20160826;270.11;270.5;250.24;254.85;5833628
20160829;254.6;256.52;252.5;254.09;1251393
20160830;252.51;253.17;244.5;244.97;1859434
20160831;244.03;248.88;242.96;247.21;1549687
20160901;246.67;248.44;244.68;245.52;682612
20160902;246.59;249.51;244.88;246.46;747315
20160906;246.82;249.76;246.37;249.64;862804
20160907;249.96;250;245.83;246.74;612816
20160908;244.93;245.9;243;243.57;936426
20160909;243.32;243.56;238.73;238.73;1310211
20160912;235.38;243.33;235.19;242.39;1257189
20160913;241.45;241.46;235.42;236.76;860549
20160914;237.31;239.23;236.12;237.27;583062
20160915;232.74;234.55;230.1;232.99;1478169
20160916;232.9;235.64;232.05;233.79;1347187
20160919;233.78;236.24;233.07;234.55;690963
20160920;234.55;235.83;233;233.2;611387
20160921;235.09;240.26;234.3;239.74;1162459
20160922;240.95;241.12;237.41;238.38;687631
20160923;237.23;239.22;236.24;237.01;479713
20160926;236;238.71;235.4;237.81;542465
20160927;238.37;244.09;238.05;243.66;1292376
20160928;243.7;243.93;239.33;240.2;720297
20160929;240.2;240.4;236.89;237.12;588929
20160930;238.87;240.61;237.32;237.98;615019
20161003;236.81;238.51;236.6;237.6;605668
20161004;237.73;239.22;236.77;238.55;809983
20161005;237.84;239.6;235.54;235.6;596322
20161006;235.6;242.7;235.1;241.57;1286429
20161007;242.61;242.62;237.86;239.07;613687
20161010;241.65;242;239.34;240.36;433051
20161011;240.21;240.58;235.59;236.66;609575
20161012;237.18;240.49;236.63;238.97;556372
20161013;246.35;266.74;245.25;266.14;4768570
20161014;268.03;268.78;262.59;262.75;1699655
20161017;262.5;263.33;257.54;258.72;1198086
20161018;260.62;261.49;255.72;256.04;710530
20161019;255.84;256.67;252.84;256.45;477386
20161020;255.45;257.55;254;254.43;407509
20161021;253.18;253.6;251.55;252.36;518629
20161024;253.23;253.66;251.09;252.25;721218
20161025;250.67;250.69;246.69;246.99;779883
20161026;246.59;248.86;245.76;245.92;620605
20161027;245.89;248.14;239.44;239.86;814027
20161028;239.86;244.35;239.42;242.31;579657
20161031;243.49;244.29;240.72;243.34;512979
20161101;242.82;243.68;238.76;240.18;478862
20161102;239.8;241.77;239;239.29;390477
20161103;238.82;239.55;229.76;231.61;966416
20161104;229.94;233.53;227.33;228.17;942330
20161107;231.76;232.9;225.13;232.59;1203565
20161108;233.27;233.71;230.02;232.63;656202
20161109;226.64;237.31;226.51;236.34;1058564
20161110;238.27;240.79;234.87;236.61;1129819
20161111;235.4;239.84;234.56;238.87;698174
20161114;240.35;244.51;239.31;240.41;1252255
20161115;241.38;245.21;239.75;244.47;904578
20161116;244.48;248.09;242.57;246.62;788398
20161117;247.78;251.31;246.12;251.13;895788
20161118;251.05;252.65;248.46;250.09;468809
20161121;251.09;252.09;249.05;251;741799
20161122;252.54;259.81;252.54;258.39;1208204
20161123;259.29;262.92;258.06;262.02;836083
20161125;263.56;264.67;261;263.62;383717
20161128;263.57;265.38;261;261.6;841059
20161129;261.33;262.37;260;260.41;748682
20161130;259.68;262.27;256.54;259.5;1014454
20161201;259.85;261.42;257.12;257.41;1412809
20161202;271.7;273.99;244.75;253.39;4415669
20161205;253.49;260.95;252.4;257.6;1678035
20161206;256.93;257.15;251.74;254.22;1165179
20161207;254.01;255.65;251.08;253.94;704035
20161208;254.57;256.63;253.17;253.29;736032
20161209;252.68;253.45;249.83;251.14;647089
20161212;250.02;251.61;248.55;251.61;761382
20161213;252;257.21;251.58;255.02;710148
20161214;254.42;254.9;251.25;252.93;630423
20161215;253.2;258.19;252.43;256.69;602295
20161216;257.8;266.57;257.8;262.13;1577571
20161219;262.13;263.87;259.04;259.97;774213
20161220;259.8;262.55;259.12;260.89;495366
20161221;260.29;263.35;258.2;262.95;628947
20161222;263.1;264;256.36;257.31;744872
20161223;257.25;258.46;255.83;256.86;335656
20161227;257.99;260.4;257.69;258.73;407693
20161228;258.9;259.47;254.25;255.75;435338
20161229;254.91;258.21;254.91;257.34;330486
20161230;258.16;258.16;253.62;254.94;399163
20170103;256.2;260.58;255.61;256.68;662200
20170104;257.08;261.83;257.08;260.92;678325
20170105;259.84;266.06;258.42;264.14;1279511
20170106;264.64;266.8;262.28;263.3;710515
20170109;263.18;265.31;259.53;260.79;433499
20170110;260.98;264.14;260.78;262.5;431410
20170111;262.5;264.38;260.42;262.15;393142
20170112;262.03;262.07;259;260.95;403566
20170113;260.74;262.25;259.71;261.4;409688
20170117;260.95;264.88;259.5;263.06;412236
20170118;264.04;265.71;261.75;265.5;638735
20170119;265.76;267.96;264.98;266.12;829213
20170120;267.13;267.22;265.34;266.22;634686
20170123;265.9;266.42;263.81;266.02;446516
20170124;266.43;269.12;265.55;268.81;501149
20170125;269.97;272.52;268.73;272.01;654943
20170126;271.89;273.99;271.18;272.42;503707
20170127;272.36;272.36;270.12;271.44;365536
20170130;270.76;271.42;267.25;270.18;680866
20170131;270.17;273.17;266.4;272.28;820936
20170201;272.38;273.75;269.24;269.54;443158
20170202;268.85;271.04;267.25;270.75;462881
20170203;272;274.75;270.6;272.06;442797
20170206;272.31;274.75;271.22;273.08;721736
20170207;273.05;274.28;271.63;272.49;427963
20170208;272.54;272.99;271.08;272.82;444062
20170209;273.75;273.95;272.08;272.87;492101
20170210;273.04;273.47;269.31;269.84;671380
20170213;270.8;271.3;267.75;268.12;613411
20170214;268.2;271.49;267.77;271.46;620953
20170215;270.99;273.87;270.45;273.64;520093
20170216;273.6;273.98;271;272.09;395892
20170217;271.96;276.33;270.71;275.15;449624
20170221;275.95;278.45;275.58;277.26;505487
20170222;277.53;278.06;276.01;277.19;313052
20170223;277.82;277.99;273.74;274.6;487380
20170224;274.19;277.26;272.52;276.33;465618
20170227;277;277.61;275.59;275.69;398208
20170228;275.35;276.35;272.73;273.43;425338
20170301;276.59;277.78;274.46;274.83;588362
20170302;274.83;277.75;274.83;277.45;509064
20170303;277.38;278.34;275.28;278.15;463225
20170306;280.24;281.17;273.49;275.59;1079238
20170307;274.75;275.16;268.23;269.92;1641595
20170308;270.5;275.86;270.5;275.47;823437
20170309;276.5;277.25;272.65;273.77;1726447
20170310;271;287.19;270.5;286.42;4576917
20170313;286.47;288.59;283.71;286.91;1086792
20170314;285.21;286.69;283.8;285.38;616464
20170315;286;288.55;284.45;287.78;548145
20170316;287.73;289.13;285.09;286.32;487389
20170317;287.63;289.27;286.08;288.81;665208
20170320;288.8;288.98;284.27;285.71;655616
20170321;286.2;286.43;280.93;281.28;588070
20170322;281.28;284.05;280;283.26;701431
20170323;283.01;284.77;280.95;281.22;489018
20170324;281.78;282.91;279.83;281.53;342243
20170327;279.64;281.88;277.09;280.14;514642
20170328;279.79;283.65;279.71;282.86;379744
20170329;283.17;283.99;281.57;283.43;411384
20170330;283.06;285.54;281.72;285.51;500205
20170331;285.24;285.96;283.76;285.23;433911
20170403;285.51;285.98;281.92;282.03;644353
20170404;282;284.04;280.85;281.57;397907
20170405;281.69;284.41;280.49;281.65;406049
20170406;282.65;285.02;282.21;284.96;504863
20170407;285.21;286.99;283.75;284.5;343323
20170410;287.46;287.46;285.3;286.59;370013
20170411;286.74;287.08;283.31;286.65;356930
20170412;285.71;286.18;283.03;283.78;336712
20170413;284.21;285.83;282.68;282.68;330321
20170417;283.49;284.73;282.21;283.17;325869
20170418;282.75;284.18;282;282.86;291893
20170419;282;282.43;276.02;279.46;1042008
20170420;279.87;281.39;277.97;278.73;560266
20170421;278.78;281.03;277.55;279.5;507275
20170424;282.48;283;276.4;278.21;707191
20170425;279.47;281.19;276.64;277.99;512893
20170426;278.11;280.98;277.03;279.69;488853
20170427;279.71;283.67;277.95;281.68;679207
20170428;282.44;282.8;279.54;281.44;348809
20170501;281.78;283.84;281.2;283.22;493894
20170502;283.28;288.72;283.28;288.59;516270
20170503;288.83;291.5;288.22;290.36;457756
20170504;290.01;292.39;289.48;292.21;327541
20170505;292.92;296.17;291.65;295.47;477242
20170508;296;298.13;294.04;297.54;532904
20170509;298.06;301.4;297.62;299.57;592334
20170510;299.42;299.92;297.55;299.47;434322
20170511;298.54;300.42;296.02;299.91;505037
20170512;299.65;299.65;296.19;297.55;469271
20170515;298.41;299.88;295.18;295.41;578391
20170516;295.49;295.99;293.2;293.33;696846
20170517;292.11;293.2;289.68;292.09;754477
20170518;293.11;299.7;292.27;297.82;887901
20170519;298.01;299.66;292.91;294.08;709177
20170522;295.32;298.84;294.08;294.94;612392
20170523;296.39;296.4;290;290.55;925977
20170524;290.5;290.98;277.68;280.51;2026063
20170525;282.26;293.84;282.26;293.04;2136975
20170526;305.5;310;301.36;302.4;2858743
20170530;302.02;306.87;302;303;807137
20170531;304.11;304.97;301.3;304.84;595895
20170601;304.45;307.19;304.26;306.72;552779
20170602;309.99;311.78;307.7;311.47;680297
20170605;313.14;314.86;311.54;313.73;843117
20170606;313.21;314.08;306.01;306.96;935608
20170607;307.93;309.63;306.88;307.94;482951
20170608;309;310;305.52;307.27;537763
20170609;308.33;310.19;306.84;307.87;511845
20170612;305.88;307.49;300.48;301.02;826601
20170613;301.68;303.02;299.02;302.69;532158
20170614;302.44;303.51;299.45;302.21;636414
20170615;300.73;300.74;296.94;300.13;386958
20170616;298.42;299.6;294.41;295.94;802111
20170619;296.69;297;291.04;294.17;880966
20170620;294.85;299.97;294.85;296.5;1014882
20170621;295.67;296.89;288.22;288.84;981186
20170622;288.8;290.51;283.1;284.14;1155149
20170623;282.21;286.19;280.95;284.71;822778
20170626;285;291.56;285;289.72;740873
20170627;289.44;289.71;280.98;282.86;886833
20170628;283.28;286.96;280.32;285.28;526887
20170629;284.9;286.5;281.37;285.88;764984
20170630;287.51;289.85;284.34;287.34;720927
20170703;287.7;288.34;282.78;283.36;333040
20170705;281;283.97;276.12;279.04;1294317
20170706;276.51;277.72;271.43;273.24;1084648
20170707;273.92;278.94;272.04;276.97;584678
20170710;276.64;276.89;267.52;268.82;1099416
20170711;268.57;269.25;253.09;255.98;3388513
20170712;258.68;265.31;257.17;261.86;1909113
20170713;265.5;265.5;257.19;257.4;1081871
20170714;264.7;267.48;260.7;261.74;1566991
20170717;261.75;262.48;253.69;253.94;1671434
20170718;253.15;259.78;253.15;258.75;1600600
20170719;259.17;260.79;255.14;256.75;1197043
20170720;256.67;256.94;254.89;255.74;791236
20170721;255.66;256.49;250.44;253.4;1135745
20170724;253.3;256.13;250.88;252.08;884138
20170725;252.49;257.11;250.53;256.61;950505
20170726;245.79;249.98;243.61;247.24;2357768
20170727;247.24;251.5;245.8;249.43;1170248
20170728;247.01;252.57;246;248.6;669831
20170731;243.88;251.92;243.28;251.21;962660
20170801;253.14;257.06;252.45;255.27;1117790
20170802;255;255.35;246.1;247.97;1188174
20170803;246.94;251.98;246.24;251.28;676403
20170804;252.15;254.59;250.01;250.2;460920
20170807;249.56;251.92;248.53;248.81;618275
20170808;248.89;252.87;247.23;250.64;537119
20170809;249.85;254.42;249.18;253.08;669230
20170810;252.09;252.2;246.69;246.87;686191
20170811;247.95;251.98;247.95;251.05;385940
20170814;251.8;252.88;247.45;248.47;681332
20170815;248.81;248.93;237.36;237.67;1574685
20170816;238.02;245.1;236;243.43;1303010
20170817;241.83;245.25;240.96;241.43;678547
20170818;240.85;247.36;240.85;244.2;814120
20170821;236.67;240;233.02;234.21;1805525
20170822;236.37;239.98;231.16;231.65;2166327
20170823;231;233.44;228.5;232.06;2861063
20170824;240;247.3;233.02;233.71;2884748
20170825;215.44;217.8;208.25;212.36;7890175
20170828;210.2;211.38;207;207.75;2745197
20170829;205.14;212.73;204.01;211.78;1754801
20170830;211.38;213.88;210.59;213.57;1511175
20170831;214.82;221.15;214.47;221.01;2071694
20170901;221.12;222.27;218.76;221.73;1646275
20170905;221;223.94;220.01;223.9;1623080
20170906;224.29;228.09;223.77;228;1518952
20170907;228.52;231.28;228.25;230.53;1626421
20170908;229.66;229.66;226;226.98;1112941
20170911;227.87;228.89;227.12;228.6;715962
20170912;229.54;229.56;225.52;226.88;1006391
20170913;225.98;227.69;225.71;226.41;716642
20170914;225.34;226.03;221.69;223.93;1439843
20170915;223.49;224.88;222.81;224.67;937583
20170918;225.73;228.69;225.34;227.08;1061060
20170919;227.38;227.55;222.63;224.45;802931
20170920;223.89;226.92;221.88;223.84;623149
20170921;224.72;224.72;219.7;219.74;847943
20170922;219.01;221.69;218.36;219.17;767675
20170925;219.64;220.63;218.13;218.89;904610
20170926;219;220.76;218.67;218.99;1422228
20170927;219.28;228.8;219.28;227.66;1168728
20170928;227.44;228.59;226.03;226.89;549874
20170929;226.3;227.91;224.62;226.06;562094
20171002;226.93;226.99;218.33;223.8;1063620
20171003;222.47;227.79;221.76;227.62;893156
20171004;226.76;227.42;222.85;223.52;600199
20171005;223.53;224.99;220.62;220.63;1229552
20171006;219.42;221.33;219.1;219.91;1479151
20171009;220.1;220.9;215.61;217.34;631273
20171010;217.15;217.84;212.69;212.69;835579
20171011;212.19;212.68;207.67;207.89;2061083
20171012;201.52;201.78;189.5;190.16;5495992
20171013;191.98;200.9;187.96;198.58;3790636
20171016;196.12;197.4;192.11;193.7;2309776
20171017;196.44;202.66;195.27;202.28;1993972
20171018;197.81;201.16;196.61;198.37;2400323
20171019;198.06;208.69;197.12;204.62;2739403
20171020;205.72;207.64;203.17;204.84;1114744
20171023;204.84;204.97;202.11;202.36;804514
20171024;201.96;203.77;201.27;203.31;670185
20171025;202.6;203.43;199.56;201.29;785376
20171026;201.23;202.26;199.4;200.51;688343
20171027;200;200.36;196.01;198.93;953247
20171030;197.86;204.95;196.78;201.69;837201
20171031;202.18;203.88;200.29;201.79;724551
20171101;203.79;212.35;202.14;204.83;1350861
20171102;204.77;208.54;201.3;202.9;872877
20171103;203.03;205.2;201.15;202.05;837250
20171106;201.18;202.65;198.51;201.33;1272467
20171107;201.64;202.85;196.54;198.01;770407
20171108;198.26;199.4;194.13;195.9;1311573
20171109;194.07;201.28;191.8;199.19;956991
20171110;198.42;204.66;198.2;200.76;807030
20171113;200.55;202.01;196.11;198.03;861724
20171114;197.82;201.24;197.82;199.05;594112
20171115;198.15;200.6;196.56;199.99;647804
20171116;200.82;207.61;198.61;205.96;1049834
20171117;208.02;215.68;206.61;215.1;1690707
20171120;215.77;216.05;208.75;209.16;1282127
20171121;207.06;211.9;203.09;209.96;1643900
20171122;210.16;215.41;209.72;212.3;1152800
20171124;212.69;214.08;209.27;210.37;438178
20171127;210.95;212;205.84;206.69;1162525
20171128;208.3;217.27;206.64;217.07;1815018
20171129;218.98;227.4;218.82;223.1;1991698
20171130;224.61;226.9;218.58;221.71;2723743
20171201;208.07;217.61;201;212.58;6694667
20171204;212.74;226.92;212.74;221.64;2663024
20171205;223.77;226.14;219.8;223.97;1567853
20171206;222.68;225.26;219.53;223.14;1280602
20171207;223.96;227.52;221.15;221.59;1039522
20171208;222.41;225.31;219.13;224.54;1465536
20171211;224.16;224.43;215.56;216.14;1142609
20171212;216.25;217.23;210.72;214.87;1860142
20171213;215.76;217.47;213.23;215.03;1069744
20171214;216.08;218.26;214.75;217.17;1389735
20171215;218.37;220.1;216.01;218.25;1750216
20171218;219.68;224.44;219.32;222.66;812358
20171219;227.41;230.8;223.92;227.47;1159598
20171220;228.49;230.89;224.21;226;897724
20171221;226.29;229.58;225.93;228.57;1448959
20171222;229.29;229.56;224.73;226.27;1232628
20171226;227.74;229.97;224.34;226.68;1381355
20171227;226.49;227.65;224.6;225.65;517868
20171228;225.27;225.6;223;225.33;496835
20171229;224.98;225.14;222.35;223.66;668078
20180102;224.44;231;224.44;229.63;972917
20180103;235.77;246.52;234.38;245.12;1975001
20180104;248.01;249.3;240.25;244.88;1250624
20180105;244.44;244.75;235.02;237.96;1811790
20180108;237.25;238.99;230.18;231.14;1348934
20180109;231.2;233.54;227.82;232.92;940135
20180110;231.17;233.16;229.15;230.45;517646
20180111;231.4;233.5;228.01;233.15;702856
20180112;233.54;237.72;233.49;237.32;1086690
20180116;238.29;238.68;234.68;237.12;832400
20180117;245.19;245.73;237.6;238.69;1363170
20180118;238.82;243.96;238.26;243.15;1075346
20180119;244.9;247.3;241.66;244.13;1235142
20180122;240.88;241.79;232.74;235.01;1973572
20180123;233.85;234.78;227.88;228.79;1919241
20180124;228.33;228.33;220.67;224.31;1702006
20180125;224.87;228.74;223;227.29;1128703
20180126;226.88;229.35;223.41;227.69;1450685
20180129;227.53;230.9;225.38;229.15;996321
20180130;225.84;228.79;223.07;226.05;737836
20180131;226.46;226.89;221.02;222.1;989546
20180201;220.6;222.02;217.53;219.4;810126
20180202;219.18;221.96;216.2;219.47;1030709
20180205;218.51;224.39;212.99;212.99;1902090
20180206;210.79;222.13;207.34;218.59;1650174
20180207;217.99;221.67;216.91;218.06;753520
20180208;218.88;219.94;209.01;209.09;1022063
20180209;211;220.44;205.5;218.55;1325542
20180212;219.97;222.22;204.75;209.48;2647360
20180213;208.44;211.25;206.26;206.79;1071585
20180214;204.74;208.64;204.7;206.76;1299033
20180215;207.24;208.25;203.38;204;1261140
20180216;204.45;205.73;201.63;203.15;1061074
20180220;200.15;205;199.5;201.13;985613
20180221;202.21;204.84;199.83;201.19;728667
20180222;201.26;204.84;199.54;204.05;953784
20180223;205;207.21;203.77;207.11;852282
20180226;206.9;207.04;198.32;198.93;1634826
20180227;198.9;204.89;198.29;203.06;1217491
20180228;204.49;208.98;203.33;203.35;997293
20180301;203.62;204.84;199.54;200.71;808077
20180302;198.08;199.08;191.7;194;2207951
20180305;194;198.34;192.5;197.88;1314496
20180306;198.4;202.89;198.4;200.22;1266054
20180307;197.76;202.13;196.07;201.07;921920
20180308;202.35;206.96;200.13;206.54;1023144
20180309;207.47;208.75;202.81;205.92;1064673
20180312;205.69;208.31;203.02;207.62;899689
20180313;208.49;213.3;207.6;208.4;1436820
20180314;208.84;209.49;201.25;201.99;1167914
20180315;202.39;206.5;201;206.14;2747185
20180316;210.35;223.5;207.54;221.88;5862246
20180319;221.75;222.98;215.2;215.6;1368809
20180320;216.89;219;214.22;215.63;1267883
20180321;215.79;217.54;212.9;213;1027644
20180322;212.55;215.61;207.21;207.36;1451781
20180323;207.5;207.99;202.17;202.29;1332760
20180326;205.07;208.3;204.78;207.9;1006919
20180327;209.21;209.68;203.5;204.92;1044647
20180328;204.64;208.78;204.2;205.11;783295
20180329;206.01;207.87;203.31;204.27;1171089
20180402;204.28;206.55;199.15;203.13;913452
20180403;204.51;205.88;203.06;204.38;727293
20180404;202.73;207.19;202.73;206.32;949649
20180405;207.84;208.37;204.87;206.92;1036926
20180406;206.31;213.31;205.48;208.26;1289013
20180409;208.29;214.59;206.17;212.15;1253954
20180410;217.5;221.73;216.67;221.06;1663170
20180411;219.2;221.44;213;213.3;1205017
20180412;214.17;218.78;212.39;217.81;1125679
20180413;219.75;223.14;218.25;220.88;1368223
20180416;226.68;230.59;224.35;227.93;1555216
20180417;228.09;233.91;228.02;233.59;1261759
20180418;233.89;237.88;231.11;233.04;1180230
20180419;232.99;234.96;231.61;234.16;904443
20180420;234.77;235.88;231.58;235.05;1090750
20180423;236.19;240.08;235.37;238.65;1099463
20180424;238.75;239.42;232.67;233.94;1207861
20180425;234.82;238.34;234.39;236.2;695473
20180426;237.61;244.65;236.36;243.61;928536
20180427;243.59;249.51;242.3;248.81;1028857
20180430;250.14;257.63;249.43;250.91;1228809
20180501;252.06;254.34;248.42;250.62;922800
20180502;248.91;250.53;243.66;248.42;780587
20180503;246.49;247.98;242.6;246.87;595100
20180504;246.1;255.4;245.18;253.74;917252
20180507;255;257.24;252.36;253.07;784277
20180508;251.85;254.16;247.38;249.23;559115
20180509;250.41;250.89;244.46;248.9;826297
20180510;249.79;250.45;245.19;247.5;547877
20180511;247.26;250.12;246.1;250;539614
20180514;250.49;250.98;246.2;247.04;568421
20180515;251.5;252.49;246.01;250.39;956153
20180516;251.89;253.49;251.11;252.02;827387
20180517;251.5;258.57;251.5;257.6;807711
20180518;257.19;257.19;255.01;255.59;754483
20180521;258.35;261.4;253.95;254.77;719440
20180522;255.39;257.03;252.27;252.69;570258
20180523;252.07;258.49;251.47;252.97;931517
20180524;252.45;253.22;245.45;251.72;906845
20180525;253.72;255.39;250.05;251.05;815389
