20100104;81.38;82.23;80.5;81.95;1010335
20100105;81.92;81.95;80.56;81.78;1209207
20100106;81.73;82.44;80.87;81.06;1335014
20100107;81.73;83.49;81.06;82.8;1567348
20100108;82.43;84.73;82.43;84.56;1357104
20100111;84.82;85.17;83.88;84.02;848085
20100112;83.24;83.24;81.55;82.35;852570
20100113;83.07;83.36;82.03;83.07;721293
20100114;82.81;84;82.75;83.17;592432
20100115;83.14;83.85;81.95;82.3;728523
20100119;82;82.69;81.34;82.64;703755
20100120;82.25;82.25;80.02;81.36;981197
20100121;81.25;81.59;78.1;78.83;1368127
20100122;78.17;78.96;75.94;77.57;2366846
20100125;79.34;79.39;76.03;76.72;1076023
20100126;76.35;77.45;75.35;76.1;996210
20100127;75.79;76.37;74.54;75.88;848639
20100128;76.05;76.88;74.75;75.68;1024857
20100129;76.12;76.98;74.87;75.18;1282673
20100201;75.63;76.32;75.33;76.06;1160193
20100202;78.86;83.27;78.85;82.23;5826013
20100203;81.26;82.57;80.58;82.08;2072794
20100204;80.93;81.06;78.38;78.63;2354043
20100205;78.45;79.1;73.3;76.12;2661276
20100208;76.19;77.38;74.25;75.61;1988454
20100209;76.8;78.23;75.18;77.88;1724911
20100210;77.95;78.71;76.38;77.64;1134596
20100211;77.93;80.48;77.39;80.34;1273013
20100212;79.03;81.25;79.03;81.17;1162991
20100216;80.37;82.39;79.69;82.31;1473696
20100217;82.2;83.21;82.03;83.06;975486
20100218;82.89;84.85;82.03;84.56;1501443
20100219;83.93;85.14;83.93;84.67;1175805
20100222;84.9;85.12;84.13;84.52;1336576
20100223;84.01;84.53;82.41;82.92;1211629
20100224;83.02;83.65;81.85;83.55;1121077
20100225;82.09;83.79;82.06;83.61;1205475
20100226;83.54;84.44;82.99;84.16;1013646
20100301;84.5;85.92;83.67;85.89;884127
20100302;86.35;86.94;85.91;86.38;961602
20100303;86.49;87.52;86.09;86.69;884846
20100304;86.81;86.96;85.31;85.5;1046196
20100305;86.19;86.99;85.8;86.67;796573
20100308;86.84;87.22;86.26;86.87;838383
20100309;86.77;88.08;86.54;87.25;998804
20100310;87.07;87.76;86.49;86.94;829262
20100311;86.87;86.87;85.76;86.53;939862
20100312;86.73;86.89;85.58;86;891338
20100315;85.69;87.76;84.96;86.29;1433921
20100316;86.36;88.23;85.94;88.07;998412
20100317;88.37;89.16;88.05;88.61;1045538
20100318;88.62;89.4;88.62;88.9;807023
20100319;88.9;88.9;85.98;86.28;1575761
20100322;85.93;88.77;85.5;88.45;1049652
20100323;88.83;89.95;88.34;89.83;960187
20100324;89.58;89.88;88.72;89.14;703950
20100325;90.05;91.11;89.06;89.13;723709
20100326;89.61;90.84;89;90.01;728345
20100329;90.24;90.64;89.51;90.08;339337
20100330;90.03;90.3;88.57;89;714567
20100331;88.45;88.86;86.92;87.25;848355
20100401;88.08;88.99;86.86;87.77;849792
20100405;88.14;90.99;88.14;90.74;1077122
20100406;90.57;91.62;89.74;91.48;909206
20100407;91.2;91.6;88.8;89.11;1115177
20100408;88.68;92.31;88.66;92.06;1461349
20100409;92.13;93.54;91.12;93.31;1588762
20100412;93.47;94.91;93.04;94.44;1316003
20100413;93.98;94.25;91.68;92.13;1767971
20100414;92.65;93.02;91.58;92.86;1151176
20100415;92.23;94.71;92.08;93.22;1420353
20100416;94.61;94.74;91.6;93.41;1424530
20100419;92.81;94.31;91.69;93.6;1129654
20100420;94.34;96.91;94.34;96.09;1680095
20100421;96.05;98.95;95.88;98.77;1463620
20100422;97.91;101.53;97.77;101.12;2174055
20100423;100.09;102.42;99.2;102.22;1574481
20100426;114.57;118.44;112.28;112.42;8098850
20100427;111.75;113.33;107.51;107.73;4104931
20100428;106.02;111.25;104.82;110.68;3641861
20100429;111.09;111.63;109.49;110.76;1646892
20100430;110.81;111.44;108.85;108.87;1642272
20100503;110.28;112.38;109.31;111.71;1830961
20100504;110.84;110.95;108.38;109.14;1886092
20100505;107.98;108;102.45;104.21;3094593
20100506;103.81;105.66;95.39;102.9;2689782
20100507;103.43;104.11;97.56;98.14;2476652
20100510;101.75;106.69;101.74;106.64;2241164
20100511;104.38;107.88;104.09;105.24;1854044
20100512;106.04;111.78;105.75;111.41;1785988
20100513;111.21;111.84;108.08;108.73;1327550
20100514;107.35;107.83;104.82;106.69;981316
20100517;106.89;108.57;103.86;108.12;1503125
20100518;109.15;111;103.94;104.47;1637396
20100519;103.51;104;97.66;99.62;3178697
20100520;96.28;97.49;92.64;93.15;3047215
20100521;92.08;99.29;90.79;99.04;2928353
20100524;97.68;100.19;97.26;97.36;1254196
20100525;95.26;99.15;94.11;99.04;1797432
20100526;100.49;103.36;98.34;99;1595338
20100527;100.27;105.9;100.27;104.66;2601668
20100528;104.54;106.83;103.5;104.44;1562577
20100601;102.42;104.76;98.8;98.98;1731168
20100602;99.92;103.56;99.04;103.54;1208437
20100603;103.54;103.87;100.2;101.29;1312255
20100604;98.93;100.16;94.95;95.65;1454476
20100607;96.35;96.42;92.24;92.35;1741287
20100608;93.1;95.07;90.21;94.1;1946930
20100609;94.76;98.35;94.28;94.96;1976239
20100610;97.25;100.09;96.72;99.77;1378399
20100611;98.27;100.18;96.19;98.24;1694388
20100614;100.17;100.73;97.81;98.23;1906651
20100615;99.12;102.7;98.28;102.48;1685562
20100616;101.93;103.78;99.88;102.8;1480457
20100617;103.6;103.6;99.51;101.86;1071916
20100618;101.99;102.35;100.56;101.36;1045905
20100621;103.04;105.47;102.7;103.53;1753267
20100622;103.77;104.19;97.33;97.94;1504284
20100623;97.91;98.95;95.05;97.71;1585313
20100624;96.95;97.59;93.3;94.29;1540121
20100625;94.64;96.74;93.47;96.65;1864157
20100628;96.58;97.63;95;95.64;881934
20100629;94.03;94.03;89.02;89.94;2115020
20100630;89.87;90.82;87.58;87.82;1734683
20100701;88.23;88.23;82.07;85.35;3030020
20100702;86.63;86.88;83.5;84.1;1228456
20100706;85.64;86.52;82.02;83.45;2438546
20100707;83.56;90.39;83.56;90.14;2791112
20100708;90.91;92.4;88.45;90.29;1353182
20100709;90.65;92.62;90.04;92.39;977660
20100712;91.76;92.77;88.85;90.64;818406
20100713;92.21;95.09;91.49;94.6;1485310
20100714;94.45;96.9;93.48;95.68;2015393
20100715;96.56;96.56;91.54;94.38;1366384
20100716;93.96;94.28;89.82;90.41;2118150
20100719;90.11;91.9;87.45;91.36;2739444
20100720;90.54;91.26;85.78;88.7;6745280
20100721;89.21;89.92;84.6;86.17;3656717
20100722;87.5;88.31;85.19;86.2;2952993
20100723;85.97;86.42;84.2;85.97;2075239
20100726;86.04;89.36;85.2;88.18;1609969
20100727;89.25;89.38;85.1;86.18;1742417
20100728;86.17;86.5;83.66;84.28;1351414
20100729;84.52;84.88;81.8;84.11;1776939
20100730;82.68;83.65;82.03;83.3;1800831
20100802;84.38;87.4;83.7;86.75;2089974
20100803;86.75;86.75;84.19;85.09;1655504
20100804;85.71;86.32;84.66;85.86;1113838
20100805;84.83;86.25;84.35;85.33;1567822
20100806;83.94;85.18;83.34;84.92;1126743
20100809;85.43;86.8;85.2;86.07;1286601
20100810;85.44;85.44;82.27;82.75;2469379
20100811;81.25;81.25;78.96;79.27;2392063
20100812;78.45;79.61;77.53;78.13;2250959
20100813;77.99;77.99;76.43;76.74;1591625
20100816;76.33;78.29;75.63;77.19;1956105
20100817;78.27;80.76;77.84;79.43;1799676
20100818;79.4;80.58;77.9;79.98;1554082
20100819;79.4;79.87;76.46;78.01;2096482
20100820;77.31;77.72;76.1;77.58;1641233
20100823;77.7;80.63;77.11;77.71;3007595
20100824;76.39;77.3;74.72;75.19;2683851
20100825;74.37;76.61;73.61;76.18;2328352
20100826;76.44;77.11;74.41;74.51;1568762
20100827;75.26;75.96;72.87;75.58;1545027
20100830;74.81;76.58;74.24;74.37;1704745
20100831;73.26;75.9;73.26;74.16;2192309
20100901;75.5;77.99;75.25;77.95;1706504
20100902;78.01;78.25;76.35;77.28;1452976
20100903;78.34;79.83;77.7;79.2;1396108
20100907;78.43;78.56;75.65;75.98;1830830
20100908;76.14;77.92;75.99;77.47;1893242
20100909;78.51;79.02;75.45;75.8;1961172
20100910;75.91;76.18;72.84;73.06;3255217
20100913;74.31;74.67;71;71.62;3540272
20100914;72;73.06;71.1;72.32;2471917
20100915;72.08;72.83;71.51;72.77;2042469
20100916;72.5;73.02;71.35;72.57;2340074
20100917;72.92;74.69;72.59;74.49;2340611
20100920;74.98;80.03;74.78;79.88;3578494
20100921;80.5;81.61;78.04;78.47;2754295
20100922;78.09;79.79;76.54;76.58;2583728
20100923;75.36;78.1;75.07;75.87;2043712
20100924;77.33;79.68;77.06;79.16;2109011
20100927;79.47;79.47;77.56;77.72;1741457
20100928;77.88;79.28;76.3;78.95;2533411
20100929;78.75;81.8;78.32;80.75;2407275
20100930;81.7;82.48;78.52;80.96;3054757
20101001;81.78;82.26;79.33;80.2;1588829
20101004;79.74;80.32;78.89;79.95;1279448
20101005;80.92;83.67;79.86;83.03;2221613
20101006;82.83;83.5;80.93;81.91;1338788
20101007;82.33;82.54;79.5;80.56;1629872
20101008;80.78;83.18;80.51;82.77;1221633
20101011;82.8;84.63;82.8;83.06;1769738
20101012;82.96;84.42;82.24;84.27;1818667
20101013;84.57;87.41;84.52;86.65;2740191
20101014;86.6;86.9;83.86;84.45;1506136
20101015;85.58;85.82;83.28;84.39;1970145
20101018;84.57;86.97;83.91;85.76;2831340
20101019;84.26;88.15;84.22;85.6;2225974
20101020;85.81;85.81;83.64;85.09;3117764
20101021;85.59;87.47;84.9;85.55;1399318
20101022;85.57;85.91;84.42;85.56;909581
20101025;86.28;87.44;84.73;84.81;1469359
20101026;84.34;86.02;83.71;84.52;1410855
20101027;83.28;83.28;77.81;81.04;5530882
20101028;81.38;81.38;77;77;2936386
20101029;77.21;77.6;75.33;75.83;3086316
20101101;76.25;76.65;74.43;75.27;1289542
20101102;75.93;77.65;74.75;77.22;1859983
20101103;77.16;77.98;76.6;77.46;2124628
20101104;78.8;79.89;78.21;79.8;2003485
20101105;79.95;80.77;79.35;80.07;1830687
20101108;79.54;79.55;77.46;78.47;2027059
20101109;78.53;78.9;76.03;76.45;2307168
20101110;76.34;77.73;75.92;77.64;1367569
20101111;76.76;77.01;75.55;76.13;1943650
20101112;75.42;76.4;73.44;74.13;3658483
20101115;74.71;75.95;74.62;75.16;2323394
20101116;74.61;75.5;73.62;74.19;1945726
20101117;74.09;74.75;73.79;74.37;1113886
20101118;75.23;77.07;74.49;76.15;2281948
20101119;75.98;77.02;75.38;76.62;1339543
20101122;76.42;76.65;75.43;75.64;1754567
20101123;74.69;75.08;73.97;74.31;1162750
20101124;75.19;75.75;74.55;75.73;1054079
20101126;74.94;75.49;74.5;75;473734
20101129;74.75;75.59;73.87;75.13;1096473
20101130;74.21;74.37;72.95;73;1918463
20101201;74.18;75.99;73.92;74.3;2639285
20101202;74.56;78.98;74.47;78.81;2807271
20101203;78.09;80.5;77.58;80.06;2297605
20101206;81.4;83.98;80.61;83.75;2775322
20101207;84.86;85.7;84.12;84.54;2203355
20101208;84.81;85.06;82.37;83.52;1593305
20101209;84.2;85.84;83.52;85.69;1717843
20101210;85.98;85.98;84.42;85.74;1366109
20101213;86.32;86.67;85.38;85.58;1157711
20101214;85.75;89.31;85.26;87.95;3316090
20101215;87.97;89.36;86.91;87.21;1221852
20101216;87.61;90.94;87.61;89.52;2060997
20101217;89.97;90.35;89;90.08;1288173
20101220;90.4;91;88.59;88.6;1291585
20101221;89.01;89.26;87.96;88.9;1367466
20101222;88.88;90.05;88.85;89.92;751211
20101223;89.43;90.95;89.25;89.86;857323
20101227;89.4;90.8;89.02;90.33;437886
20101228;90.69;90.78;89.82;90.31;455642
20101229;90.31;91.28;89.93;90;751147
20101230;90.01;90.59;89.56;89.82;461896
20101231;89.68;89.81;88.68;88.83;670015
20110103;89.73;90.78;89.42;90.47;1107644
20110104;90.38;90.82;88.28;89.17;970336
20110105;88.45;90.39;88.1;89.77;884036
20110106;89.62;89.74;87.3;87.86;1508037
20110107;88.05;89.18;86.36;87.49;1231720
20110110;87.4;88.13;86.03;87.9;995324
20110111;88.46;88.89;87.48;87.79;790640
20110112;88.44;89.99;87.62;89.69;1272627
20110113;89.47;89.64;87.19;87.47;1413877
20110114;87.32;88.35;87.03;88.24;868331
20110118;88.04;88.21;86.56;87.23;884748
20110119;87.25;87.34;85.27;85.97;1322162
20110120;85.67;87.32;84.94;86.59;1075261
20110121;87.35;89.69;87.2;88.45;1967271
20110124;88.6;88.6;86.68;87.56;1743355
20110125;87.29;87.98;86.51;87.77;837044
20110126;88.07;89.74;87.33;88.76;1100298
20110127;88.92;91.33;88.32;91.28;1687474
20110128;91.41;92.28;89.62;89.92;2311648
20110131;89.96;90.08;85.37;85.5;4324094
20110201;86.18;86.63;84.94;85.42;3526295
20110202;80.51;84.77;79.75;83.6;7449786
20110203;83.15;85.7;82.53;85.68;3417589
20110204;85.73;86.44;84.92;85.97;1729614
20110207;86.19;87.32;85.86;86.4;1609088
20110208;86.43;86.69;85.1;86.07;1127203
20110209;85.92;86.95;85.45;85.8;1170897
20110210;85.32;87.65;85.27;87.09;1284758
20110211;86.54;87.1;85.46;86.7;1278632
20110214;86.47;86.7;85.37;85.45;1181422
20110215;85.2;85.65;83.77;83.93;1506777
20110216;84.05;84.84;82.4;83.22;2097907
20110217;82.71;83.83;82.38;83.28;1466820
20110218;83.71;84.36;83.12;83.44;1908585
20110222;82.68;82.68;81.16;81.62;1404569
20110223;81.03;81.98;79.5;81.01;1418015
20110224;81.13;81.45;80.19;80.69;2258357
20110225;81.09;81.79;80.68;81.52;1372608
20110228;82.08;82.99;81.62;82.5;1631192
20110301;82.57;82.73;80.16;80.2;1809051
20110302;80.35;81.24;79.88;80.31;1141800
20110303;81.2;82.5;80.72;82.35;1277461
20110304;82.38;82.39;80.23;80.94;1109204
20110307;81.39;81.99;80.02;80.37;837555
20110308;80.81;84.22;80.76;83.36;2082626
20110309;83.18;84.34;82.72;83.85;1089667
20110310;82.67;83.41;81.82;82.27;911042
20110311;82.19;83.85;81.83;83.34;1058684
20110314;82.83;83;81.27;82;1109846
20110315;79.78;82.69;79.52;81.41;1834971
20110316;81.24;81.5;79.24;79.71;1937629
20110317;81.36;81.36;79.15;79.57;1332291
20110318;80.77;80.9;79.29;80.1;2472515
20110321;81.23;81.5;80.59;80.99;1153765
20110322;80.97;81.11;80;80.19;804589
20110323;80.01;81.11;79.3;80.78;748199
20110324;81.28;81.7;80.18;81.33;947592
20110325;81.42;83.03;81.35;82.09;625608
20110328;82.19;82.61;81.38;81.4;576254
20110329;81.41;81.68;80.61;81.54;780698
20110330;81.89;84.27;81.87;84.19;1309765
20110331;83.95;87.19;83.95;85.36;2644603
20110401;85.94;87;85.77;86.03;1942705
20110404;86.11;86.52;84.9;85.16;1196088
20110405;84.9;85.47;84.1;84.76;917971
20110406;85.41;85.57;84;84.49;582777
20110407;84.22;84.98;83.5;84.19;555223
20110408;84.54;84.92;82.21;82.58;951444
20110411;82.63;83.45;82.54;83.18;838133
20110412;82.71;84.58;82.49;84.34;797555
20110413;84.72;85.19;83.8;84.64;1211559
20110414;84;84.84;83.19;84.74;817489
20110415;84.82;86.22;84.38;85.7;1044564
20110418;84.42;85.27;83.82;84.88;1017445
20110419;85.29;87.18;85.29;86.1;1195908
20110420;87.23;87.56;85.54;86.24;1213006
20110421;86.25;87.55;85.76;87.31;624617
20110425;87.46;88;86.24;87.22;614305
20110426;87.41;87.9;86.51;87.86;1343801
20110427;91;92;85.61;88.65;3853852
20110428;88.68;89.13;86.53;87.43;1329398
20110429;87.5;87.66;85.8;86.18;1374101
20110502;86.78;86.98;85.74;85.92;1131257
20110503;85.7;86.1;84;84.32;1362200
20110504;84.39;84.56;83;83.9;1093411
20110505;83.22;84.81;83.01;83.89;1017065
20110506;85.05;85.72;84.24;84.5;1262232
20110509;84.36;84.61;83.06;83.55;831777
20110510;83.9;84.88;83.52;84.54;1089921
20110511;84.15;84.51;83.31;83.96;961696
20110512;83.78;85.83;83.34;85.39;1281614
20110513;85.4;88;85.4;86.66;2159412
20110516;86.05;86.79;85.02;85.1;1176842
20110517;84.75;85.65;84.01;84.36;1510965
20110518;84.04;84.21;83.53;83.88;1230021
20110519;84.09;84.8;82.4;83.02;1035737
20110520;82.71;82.71;81.54;81.96;945090
20110523;81.02;81.47;80.34;80.54;1403946
20110524;80.78;81.39;80.25;80.35;943962
20110525;80.18;82.36;80.07;82.02;1261556
20110526;81.78;82.58;81.39;82.25;957565
20110527;82.42;82.99;81.92;82.96;637983
20110531;83.62;83.94;82.75;83.8;1105958
20110601;83.42;84.06;82.07;82.16;2227708
20110602;82.41;82.72;80.9;80.95;962342
20110603;79.7;79.81;76.33;76.98;4139719
20110606;76.78;76.88;74.68;75.02;2198085
20110607;75.57;75.76;74.6;75;1697793
20110608;74.93;75.03;73.99;74.57;1582868
20110609;74.78;75.12;74;74.56;1242251
20110610;74.4;74.52;72.48;72.98;1819662
20110613;73.16;74.16;72.79;73.66;1645412
20110614;74.55;75.66;74.01;74.37;1448700
20110615;73.77;74.25;72.68;73.56;1308740
20110616;73.6;75.35;73.53;75.29;1914742
20110617;75.94;76.3;75.42;76.05;1402823
20110620;75.89;77.81;75.71;77.7;1347746
20110621;78.05;78.22;77.55;78.04;2082338
20110622;77.62;78.23;77.1;77.22;1205172
20110623;74.55;77.9;73.88;77.78;3179731
20110624;77.94;78.23;76.43;76.76;1298207
20110627;76.65;77.55;76.58;77;754481
20110628;77.59;79.96;77.25;79.33;1831075
20110629;79.6;80.77;79.31;80.49;1934755
20110630;80.79;81.52;80.39;81.32;1094842
20110701;81.36;82.99;80.75;82.78;987038
20110705;82.75;82.75;81.13;81.81;920401
20110706;81.33;81.52;80.71;80.93;1082963
20110707;81.87;82.71;81.7;82;1232038
20110708;81.28;81.44;80.4;81.06;966417
20110711;80.25;80.48;78.39;78.73;1609316
20110712;78.67;79.5;78.13;78.18;891614
20110713;78.88;79.8;78.01;78.14;785840
20110714;78.48;78.51;76.5;76.63;1100499
20110715;77.02;77.02;75.31;75.83;1376924
20110718;75.67;76.97;75.22;75.6;1191668
20110719;74.97;75.57;74.27;75.07;2660130
20110720;75.12;75.9;74.92;75.64;1698137
20110721;74.4;74.64;72.01;72.78;4871618
20110722;72.95;73.63;72.35;72.49;1729793
20110725;71.97;72.56;71.57;71.78;1675187
20110726;71.89;72.5;71.5;71.63;1348645
20110727;71.32;72.28;70.85;71.38;1829562
20110728;71.56;72.22;70.21;70.35;1574540
20110729;69.61;70.21;67.77;69.23;1969481
20110801;70.21;70.25;67.26;67.84;1554848
20110802;67.07;67.29;65.08;65.13;2418636
20110803;65.3;67;64.19;66.92;2094678
20110804;65.9;66;64.01;64.63;2864966
20110805;65.53;67.06;64;66.36;2983091
20110808;64.42;64.65;58.67;58.84;4888931
20110809;59.85;60.25;55.91;59.84;3227186
20110810;58.57;59.77;57.26;57.42;2575216
20110811;57.87;62.2;57.31;61.15;2476447
20110812;61.36;64.02;61.16;62.59;2144176
20110815;63.09;63.96;62.1;63.46;1812013
20110816;62.78;63.27;61.03;61.11;2139162
20110817;61.4;63.09;59.8;60.11;2464334
20110818;58.32;58.47;56.68;57.2;2859701
20110819;56.19;58.43;56.19;56.47;2398013
20110822;57.83;57.9;55.53;55.71;2376890
20110823;56.07;57.16;55;57.15;2426657
20110824;56.32;58.55;56.21;58.35;2313569
20110825;58.64;58.86;56.63;56.83;2301474
20110826;56.42;59.59;56.21;58.73;1648612
20110829;59.9;62.4;59.84;62.1;1930969
20110830;61.95;63.56;60.42;63.22;2766194
20110831;63.41;64.39;62.26;62.69;1498841
20110901;62.69;62.85;60.65;60.74;1510321
20110902;59.3;59.97;57.67;58.36;1274287
20110906;55.97;56.55;54.25;55.82;2576034
20110907;56.78;57.19;56.16;56.85;2651425
20110908;56.16;56.6;53.74;54.01;3091303
20110909;53.61;54.02;51.91;52.54;2770010
20110912;51.74;52.94;50.92;52.35;1912744
20110913;52.52;54;52.3;53.27;1584280
20110914;53.33;54.9;52.38;54.12;1666408
20110915;54.89;54.89;53.37;54.55;1424563
20110916;54.8;55.85;53.3;53.6;2279834
20110919;52.47;53.37;52.13;52.99;1800500
20110920;53.2;54.06;51.44;51.49;1514777
20110921;51.55;52.35;50.01;50.02;1719291
20110922;48.42;49.12;47.35;48.01;3024107
20110923;47.52;50.85;47.52;50;2217886
20110926;50.45;52.42;50.01;52.31;1832056
20110927;53.51;54.89;52.62;53.24;1815344
20110928;53.49;53.62;50.22;50.41;1876706
20110929;51.57;52.72;49.54;51.09;2271394
20110930;50.09;51.5;49.52;49.91;1538358
20111003;49.46;50.46;48.48;48.49;3009838
20111004;47.64;52.04;47.48;51.96;2582229
20111005;52.18;54.25;51.72;54.1;1837282
20111006;54.13;55.62;53.93;55.21;1654552
20111007;55.71;56.63;52.75;53.54;1712251
20111010;54.75;55.74;54.4;55.62;912419
20111011;55.3;56.24;55.01;55.99;869701
20111012;56.35;59.58;55.67;57.69;2933728
20111013;57.4;57.74;55.6;56.84;1442887
20111014;57.66;58.19;56.68;57.91;1056242
20111017;57.56;57.56;54.82;54.98;1489557
20111018;53.69;55.52;51.52;55.21;3095322
20111019;55.09;56.1;54.92;55.36;1400682
20111020;55.46;55.85;53.89;55.08;1467246
20111021;55.88;57.41;55.86;57.4;1492939
20111024;57.71;59.5;57.52;59.12;1881806
20111025;58.78;58.78;57.11;57.22;1538071
20111026;57.98;59.3;56.93;58.54;1556109
20111027;60.17;62;59.92;60.47;2634742
20111028;53.39;54.6;51.77;51.8;8703292
20111031;51.34;51.92;50.53;50.81;3179898
20111101;49.34;50.71;48.75;49.87;3371120
20111102;50.52;51.44;49.9;50.84;1728839
20111103;51.53;51.69;49.42;51.52;1704871
20111104;51.09;51.75;50.31;51.64;1292710
20111107;51.44;52.47;50.77;52.4;1397638
20111108;52.69;53.46;51.79;53.3;1473126
20111109;52.28;53.05;52.05;52.64;2027962
20111110;53.34;54.12;52.18;53.26;2284039
20111111;53.64;54.76;53.43;54.59;1495810
20111114;54.3;54.85;53.37;53.79;1544254
20111115;53.77;53.78;52.79;53.45;1653158
20111116;52.44;53.22;51.65;51.85;1140117
20111117;51.84;52.06;49.98;50.31;1624673
20111118;50.68;50.98;49.93;50.68;1631314
20111121;49.8;49.9;47.83;48.49;1920491
20111122;48.3;48.68;47.2;47.89;1472497
20111123;47.17;47.65;46.28;46.36;1363557
20111125;46.31;47.11;46.02;46.05;561479
20111128;47.6;48.3;47.19;47.93;1644973
20111129;47.18;47.4;45.88;46.74;2706654
20111130;48.34;49.32;48.05;49.06;2156455
20111201;49.1;49.85;48.45;49;1906464
20111202;49.67;50.81;49.35;49.45;2335323
20111205;50.35;50.68;49.44;49.75;1803150
20111206;49.7;50.01;48.99;49.07;1605346
20111207;48.79;50.3;48.13;49.64;1569878
20111208;49.19;49.68;48.52;48.84;1354504
20111209;49.07;49.98;49.03;49.79;1201353
20111212;49.22;49.46;48.27;49.41;2480095
20111213;49.71;50.41;47.52;47.86;2241482
20111214;47.52;47.95;46.63;46.76;1666612
20111215;47.55;47.74;46.24;46.63;1966601
20111216;46.94;47.25;46.01;46.64;2087362
20111219;46.81;47.18;45.22;45.37;1764738
20111220;46.22;48.26;46.22;48.16;1505016
20111221;48.14;49.38;47.64;49.14;1522643
20111222;49.3;50.79;49.15;50.56;1599099
20111223;50.79;51.68;50.76;51.19;1119719
20111227;50.34;50.34;46.56;46.62;4250973
20111228;46.9;48;46.06;46.37;2669611
20111229;46.49;47.42;46.4;47.32;2094204
20111230;47.59;47.88;47.25;47.45;1682873
20120103;48.34;49.66;48.28;48.51;1954492
20120104;48.47;49.29;47.72;48.97;1778993
20120105;48.52;50.39;48.14;50.32;2053687
20120106;50.27;50.32;49.02;49.48;1839162
20120109;49.7;50.93;49.7;50.49;1296938
20120110;51.03;52.35;51;51.83;1883829
20120111;51.55;52.48;51.3;51.83;1794295
20120112;50.98;52.14;49.84;52.01;3091170
20120113;51.65;52.05;50.55;50.9;2478256
20120117;51.73;52.33;49.86;49.89;2413538
20120118;50;54.13;49.78;53.86;3557742
20120119;53.83;56.29;53.6;55.43;2829138
20120120;55.23;55.23;53.42;54.19;2614504
20120123;54.18;55.1;53.74;53.96;2046610
20120124;53.52;54.71;53.33;54.36;1926543
20120125;54.4;55.12;53.4;54.89;1740499
20120126;54.23;55.25;53.78;54.42;1337629
20120127;54.2;54.85;53.81;54.6;1055151
20120130;54.02;54.6;53.36;53.75;1565477
20120131;54.25;54.69;52.91;54.32;2691360
20120201;59.13;65.25;58.5;61.64;13145490
20120202;61.76;64.94;61.5;64.36;4832133
20120203;65.07;69.14;65.04;68.66;4803321
20120206;68.72;71.57;68.18;70.74;3651543
20120207;70.42;70.93;69.38;70.7;3661422
20120208;70.7;71.33;69.3;70.2;2467982
20120209;70.22;70.22;68.73;69.53;2027066
20120210;68.86;70.24;68.3;70.04;1937427
20120213;70.76;72.25;70.49;71.94;2473054
20120214;71.22;72.26;70.77;72.07;2050404
20120215;72.52;73.09;69.18;69.35;2662733
20120216;69.28;70.91;68.94;70.66;1650508
20120217;71.17;72.5;70.93;71.03;1286514
20120221;71.32;72.26;70.38;70.61;1914079
20120222;70.37;71.07;69.2;70.08;1370341
20120223;70.04;71.35;69.54;70.9;899579
20120224;71.36;72.35;70.7;71.3;1840575
20120227;70.74;76.78;70.74;76.1;5862164
20120228;75.86;78.04;75.45;76.15;2486934
20120229;75.91;76.83;74.86;75.57;2011695
20120301;76.52;76.52;74.07;74.48;2034666
20120302;74.38;75;73.5;74.14;1349056
20120305;73.79;74.66;73.34;73.85;1436864
20120306;72.13;73.14;71.27;72.8;1557908
20120307;73.23;74.09;72.93;73.57;1088411
20120308;73.67;73.69;71.63;73.44;1957496
20120309;72.95;75.85;72.93;75.3;1864068
20120312;75.47;75.73;74.5;75.13;1022297
20120313;75.68;78.18;75.6;78.06;2218459
20120314;78.5;79.39;77.97;78.5;2252581
20120315;78.58;78.92;77.63;78.82;1326961
20120316;79.23;79.36;76.06;76.84;2532463
20120319;76.84;78.81;76.23;77.76;1472088
20120320;77.32;77.86;76.01;77.42;1107327
20120321;77.52;78.08;76.73;77.52;804002
20120322;77.18;77.38;75.73;76.54;875699
20120323;75.93;77.14;74.37;76.78;1103408
20120326;77.89;78.38;77.53;78.02;1173480
20120327;78.21;78.82;76.52;76.62;1257611
20120328;76.5;77.16;75.08;75.83;1153474
20120329;75.06;76.36;74.53;76.13;814302
20120330;76.61;76.94;75.76;76.86;1181196
20120402;76.69;77.04;75.31;75.77;1155788
20120403;75.74;76.32;74.25;74.5;1341953
20120404;73.78;74.63;72.79;74.23;1545663
20120405;73.97;75.45;73.68;75.23;829472
20120409;73.99;74.55;72.65;74.29;1698001
20120410;73.99;74.23;70.32;70.46;1965500
20120411;71.82;73.03;71.51;71.94;1108922
20120412;71.87;72.57;71.69;71.97;1274210
20120413;71.75;72.44;70.95;71.1;1204093
20120416;71.7;72.6;70.53;71.03;787923
20120417;71.5;71.89;67.05;68;6099223
20120418;68.01;68.03;66.13;66.21;3250148
20120419;66.05;66.09;64.18;64.49;2713533
20120420;64.77;65.16;63.89;64.17;1646260
20120423;63.25;66;62.88;65.73;2890902
20120424;65.61;67.28;65.48;66.33;1924425
20120425;67.45;71.32;67.45;68.89;2546772
20120426;67.89;69.62;64.83;65.96;3650485
20120427;66.67;67;64.14;64.52;2556532
20120430;64.52;64.94;63.31;64.02;1481970
20120501;64.33;66.08;63.99;64.79;1953845
20120502;64.44;65.24;64.06;64.88;1277663
20120503;64.68;64.96;62.65;62.8;1574704
20120504;62.75;62.75;61.21;61.77;1964920
20120507;61.65;62.32;61.56;61.98;1341612
20120508;61.39;61.76;60;61.62;1626466
20120509;60.6;61.89;60.38;61.11;2062277
20120510;61.72;62.19;60.75;61.13;1239153
20120511;60.55;62.9;60.24;62.41;1758264
20120514;61.94;62.5;60.92;61.02;1143229
20120515;60.71;62.39;60.14;60.96;1454620
20120516;61.15;62.69;60.99;61.58;1964635
20120517;61.61;61.61;58.33;58.46;2426423
20120518;58.62;59.19;57.16;57.71;1661990
20120521;57.75;58.77;57.02;58.56;1805124
20120522;58.6;59.32;57.77;58.58;1391739
20120523;58.05;59.16;57.59;58.96;1756410
20120524;59.26;59.43;57.6;58.53;1301887
20120525;58.64;60.89;58.54;60.56;1304826
20120529;60.84;62.89;60.84;62.83;1504447
20120530;62.33;65.45;59.97;63.13;5554648
20120531;63.02;63.16;60.45;61.88;1872498
20120601;60.6;60.61;57.51;57.81;2075105
20120604;57.78;58.26;55.62;57.27;1852181
20120605;56.88;59.02;56.7;58.86;1068084
20120606;59.31;60.95;58.94;60.79;1470709
20120607;61.58;61.96;59.72;60.01;1861306
20120608;59.67;61.13;59.16;60.83;974408
20120611;61.39;61.49;58.73;58.83;1273675
20120612;59.19;59.73;58.53;59.6;1477536
20120613;59.27;59.54;57.81;58.24;1368891
20120614;58.46;59.1;57.69;58.04;1367683
20120615;58.39;59.24;58.21;59.11;1592121
20120618;59;60.67;58.37;60.23;1173256
20120619;60.32;62.59;60.32;62.14;1117393
20120620;62.14;62.77;61.43;61.8;969181
20120621;61.72;61.95;57.92;58.16;1529138
20120622;58.4;58.79;56.42;56.73;1791971
20120625;55.94;56.35;54.53;54.86;1713904
20120626;54.87;56.01;54.08;55.44;1708270
20120627;55.72;57.54;55.72;56.85;1432653
20120628;56.26;57.61;55.57;57.44;1201077
20120629;59.19;61.16;58.77;61.16;2346864
20120702;61.43;61.61;60.41;61.53;1377726
20120703;61.71;62.94;61.62;62.94;722144
20120705;62.9;63.89;62.09;63.26;988517
20120706;62.44;62.97;61.64;62.82;929141
20120709;62.81;62.83;61.46;61.9;878096
20120710;62.26;62.57;60.07;60.66;1257198
20120711;60.78;62.01;60.37;61.9;1288789
20120712;61.23;62.2;59.85;61.7;1958861
20120713;61.96;63.33;61.73;62.82;897260
20120716;62.85;63.14;61.45;61.98;907840
20120717;62.46;63.57;61.53;63.44;1300597
20120718;64.27;65.49;63.31;65.04;2063461
20120719;66.66;68.96;66.66;68.46;4024521
20120720;67.88;68.45;67.44;67.61;978729
20120723;66.12;69.13;66.02;67.31;2066069
20120724;62.69;65.64;61.46;62.25;4256197
20120725;63.22;65.49;62.92;64.61;1956405
20120726;65.82;67.23;65.01;66.9;1369992
20120727;67.14;69.27;66.83;68.61;1170845
20120730;68.62;69.75;67.09;68.23;1807781
20120731;68.23;68.39;67.28;67.56;684885
20120801;67.97;68.26;66.41;67.4;707190
20120802;66.7;67.28;65.93;66.85;802812
20120803;68.71;70.26;68.19;69.54;1828146
20120806;69.55;71;69;70.02;1245747
20120807;70.46;71.77;70.46;70.86;1035368
20120808;70.54;72.56;69.94;71.67;1213556
20120809;71.68;72.21;70.71;71.22;814639
20120810;70.95;72.04;70.88;71.84;840872
20120813;71.79;72.32;71.06;71.73;594804
20120814;72.17;72.87;71.33;71.52;870240
20120815;71.58;72.14;71.47;71.77;1064982
20120816;71.77;74.97;71.75;73.82;1378416
20120817;74.31;75.7;74.09;75.27;1411112
20120820;75.03;75.03;73.14;73.65;803823
20120821;73.68;74.65;73.18;73.43;850265
20120822;73.43;75.23;73.31;74.63;825620
20120823;74.33;75.56;73.65;74.01;554144
20120824;73.7;74.83;73.45;74.35;485937
20120827;74.56;75.06;73.67;74.04;819295
20120828;74.03;75;73.83;73.98;731659
20120829;74.15;74.85;73.36;74.68;664083
20120830;74.05;74.66;73.7;74.31;644013
20120831;75.31;76.48;74.64;75.46;1260430
20120904;74.23;77.38;74.23;76.04;1188170
20120905;76.02;76.39;74.72;75.25;1263697
20120906;75.97;78.82;75.97;77.76;1100518
20120907;77.77;78.58;77.36;78.02;713091
20120910;78.29;79.75;77.56;78.51;869111
20120911;78.52;80.08;78.31;79.65;1100838
20120912;79.86;80.7;79.81;80.49;883250
20120913;80.09;81.4;78.34;80.93;1440096
20120914;80.91;84.05;80.76;83.34;1323649
20120917;83;84.09;82.3;83.33;1018576
20120918;82.92;83.97;82.2;82.88;1038271
20120919;82.87;85.3;82.5;85.01;1323922
20120920;84.57;85.59;83.61;84.5;1131204
20120921;85.47;86.47;85;85.22;1423222
20120924;84.91;86.37;84.22;85.68;954973
20120925;85.82;85.98;83.32;83.34;934922
20120926;83.44;83.66;80.61;81.84;1343107
20120927;82.5;83.64;81.76;83.48;798899
20120928;82.99;83.65;81.84;82.91;1015967
20121001;83.19;84.07;82.35;82.57;1072418
20121002;82.98;84.24;82.94;83.84;1120721
20121003;84.08;85.88;83.33;84.92;1013462
20121004;85.42;85.9;84.81;85;475747
20121005;85.56;87.54;85.2;85.57;827536
20121008;85.25;87.13;85.25;86.55;753432
20121009;86.28;86.94;84.17;84.21;888653
20121010;84.48;85.01;83.58;84.1;984328
20121011;85.01;85.68;84.06;84.82;894592
20121012;84.92;85.4;82.87;83.58;728307
20121015;83.93;84.55;83.32;84.1;852185
20121016;84.77;85.08;83.72;84.85;997724
20121017;85.11;88.91;85.11;87.11;1556494
20121018;86.8;87.86;86.35;87.19;849545
20121019;87.29;87.72;86.42;87.05;997139
20121022;86.71;86.9;84.69;86.31;1032057
20121023;89.13;94.34;86.25;93.81;5691078
20121024;95.43;97.96;95.23;95.24;3958981
20121025;95.11;96.35;94.08;94.88;1896184
20121026;94.72;96.19;93.65;95.29;1266219
20121031;95.75;98.28;95.55;97.68;1605394
20121101;98.39;100.66;97.89;100.56;1601287
20121102;99.92;100.55;98.15;98.15;1221650
20121105;97.73;98.69;97.38;98.16;1199525
20121106;98.64;99.5;97.71;98.15;1182536
20121107;97.31;98.89;95.68;97.8;1217536
20121108;97.59;98.28;96.89;97.35;1333620
20121109;96.98;98.51;94.5;96.61;1367462
20121112;96.95;97.38;95.38;96.48;1130926
20121113;96.33;98.2;95.95;96.95;1269368
20121114;97.46;100.55;94.73;95.14;1699026
20121115;95.63;97.08;93.5;93.96;1659950
20121116;94.69;96.92;93.91;96.16;1188601
20121119;97.36;99.7;97.03;98.12;864275
20121120;97.89;101.78;97.68;100.91;1403840
20121121;101.09;102.53;100.48;101.03;1035669
20121123;101.21;102.73;101;102.73;372465
20121126;101.89;102.98;100.61;100.99;844797
20121127;100.9;102.05;99.59;100.19;1456290
20121128;100.19;103.28;99.61;102.59;1586342
20121129;102.77;103.5;101.11;102.52;973446
20121130;102.37;102.5;100.81;101.84;854688
20121203;102.26;102.6;100.69;100.96;747646
20121204;100.98;101.4;99.91;100.42;991382
20121205;100.35;100.54;98.46;98.62;988106
20121206;98.6;98.93;96.55;97.6;1462951
20121207;97.83;98.52;97.34;98.01;1200456
20121210;97.61;99.9;97.35;99.66;970024
20121211;100.1;100.33;97.45;99.36;1039177
20121212;99.79;102.27;99.37;101.3;1371956
20121213;100.99;102.57;100.63;101.12;848626
20121214;100.68;101.44;99.78;100.1;652582
20121217;100.5;101.73;100.06;101.35;1079814
20121218;101.26;104.21;99.27;102.72;1981142
20121219;102.8;103.89;100.48;102.15;1542499
20121220;102.08;102.78;100.79;102.33;905309
20121221;100.49;102.73;100.08;101.38;1671586
20121224;100.86;102.05;100.44;100.6;238254
20121226;100.79;101.27;98.91;99.74;481306
20121227;99.8;101.4;99.67;101.16;976112
20121228;100.44;100.6;99;99.02;781191
20121231;98.96;102;98.77;101.75;810235
20130102;103.74;107.21;103.72;107.17;1644057
20130103;107.13;107.94;105.78;106.9;1036869
20130104;106.79;106.93;105.81;105.99;606411
20130107;105.6;105.76;103.82;104.37;797518
20130108;103.67;105.52;103.29;105.01;875009
20130109;105.51;107.74;105.51;105.81;830494
20130110;106.02;106.56;105.05;105.78;667125
20130111;106.18;106.39;104.87;105.05;552131
20130114;105;105.46;103.75;105.43;987618
20130115;104.46;105.58;103.96;104.43;712023
20130116;104.26;104.41;102.66;102.8;1024193
20130117;103.51;107.63;103.11;107.4;1233641
20130118;107.11;107.19;101.74;102.31;2016223
20130122;102.34;104.17;101.86;103.92;1046880
20130123;103.62;108.17;103.41;107.7;2803316
20130124;107.7;111.58;107.61;110.02;1486134
20130125;110.51;111.25;109.26;109.68;973839
20130128;110.83;111.04;104.39;106.29;1655796
20130129;106.2;109.52;105.23;109.36;871136
20130130;109.1;109.7;107.92;108.72;1167001
20130131;112.65;115.67;110.35;115.38;2924898
20130201;114.65;115.5;112.46;112.74;1264045
20130204;111.63;113.78;111.34;111.61;993318
20130205;112.23;112.58;110.26;110.89;1101760
20130206;109.81;111.1;107.95;108.4;1374919
20130207;108.69;109.76;106.84;107;1595474
20130208;107;107.95;106.68;107.32;596706
20130211;107.33;108.22;105.93;106.47;777013
20130212;106.72;110.83;106.61;110.81;1204105
20130213;110.88;111.65;110.24;110.98;1124620
20130214;110.22;111.4;110.13;111;633025
20130215;111.18;111.62;110.2;111.33;922157
20130219;111.36;112.86;109.11;112.61;1491938
20130220;112.69;112.89;107.22;107.57;1129997
20130221;107.1;107.25;104.06;107.11;1774778
20130222;107.22;110.13;106.95;109.55;1250335
20130225;109.7;110.53;107.11;107.11;1588872
20130226;108.24;110.55;107.85;110.1;1166950
20130227;109.71;111.5;109.62;111.04;1080163
20130228;111.08;114.3;110.84;112.95;1227742
20130301;112.02;114.49;110.9;114.35;1657228
20130304;113.97;117.63;113.6;117.36;2083609
20130305;117.95;120;117.16;118.88;2092059
20130306;118.91;119.99;117.94;118.51;1775575
20130307;118.28;118.31;116;116.08;1667958
20130308;117.8;119.29;116.53;117.75;1719535
20130311;117.77;119.68;117.77;119.29;1553596
20130312;119.01;119.54;117.85;118.86;1013386
20130313;118.75;119.05;116.83;118.13;1158955
20130314;118.36;118.85;117.09;117.49;1304191
20130315;116.9;117.57;114.9;115.2;1562688
20130318;114.29;115.7;112.63;114.84;690081
20130319;115.25;116.09;113.84;115.17;900455
20130320;116;117.33;115.36;116.28;731527
20130321;115.74;115.91;113.57;113.84;840543
20130322;114.4;114.89;113.25;114.39;545571
20130325;114.88;115.74;113.01;113.76;1001363
20130326;114.74;114.79;113.81;114.29;758136
20130327;113.24;116.56;113.22;116.23;1518869
20130328;116.23;118.85;116.12;118.46;1373263
20130401;118.4;118.92;115.89;116.07;1011270
20130402;116.5;117.19;114.59;114.99;1149109
20130403;115.34;116.1;111.96;112.61;1719396
20130404;112.51;113.19;111.35;112.08;920793
20130405;110.24;113.54;108.96;113.4;989847
20130408;113.13;114.48;111.82;114.46;722518
20130409;114.54;116.91;114.54;115.23;789318
20130410;115.58;118.03;115.04;117.96;795946
20130411;117.9;120.41;117.75;119.59;882094
20130412;119.17;120;117.75;119;526612
20130415;118.03;118.82;113.12;113.12;870475
20130416;114.15;116.95;114.15;116.78;1018130
20130417;115.57;117;115.29;116.53;892053
20130418;116.79;117.14;111.93;112.34;1299928
20130419;112.9;118.16;112.26;117.13;1325772
20130422;117.51;118.56;114.86;118.02;878028
20130423;118.49;122.39;118.08;122;1912056
20130424;119.81;120.47;112.56;119.25;2433482
20130425;119.26;120.47;116.77;117.37;1403803
20130426;117.35;117.75;114.98;116.2;955332
20130429;116.26;116.48;115.29;116.07;993252
20130430;115.84;116.13;113.14;114.28;1123618
20130501;114.08;115.21;112.58;112.9;1190743
20130502;113.26;116.3;113;116;1021706
20130503;118.06;120.08;117.79;118.42;1237301
20130506;118.16;119.16;117.5;119;697521
20130507;119.07;122.8;118.21;122.65;1010949
20130508;122.65;123.64;121.4;123.6;830372
20130509;123.85;127.33;123.74;124.71;1547841
20130510;124.98;127.99;124.93;127.9;922505
20130513;127.81;128.57;126.14;127.27;584600
20130514;127.49;129.92;127.44;129;1252533
20130515;130.39;130.49;127.81;129.67;764984
20130516;129.34;130.73;127.99;128.1;832176
20130517;129.15;130.99;128.95;130.71;719361
20130520;130.5;131.5;129.15;129.53;513101
20130521;129.84;131.31;128.74;130.97;784551
20130522;131.83;134.09;127.72;128.72;1230198
20130523;126.22;131.32;125.66;130.58;911727
20130524;128.91;129.37;126.87;129.19;536984
20130528;130.99;131.52;128.75;129.61;496361
20130529;128.57;129.2;126.5;127.77;487381
20130530;127.98;129.87;127.61;128.93;550055
20130531;127.92;130.93;127.75;127.76;520598
20130603;127.79;127.91;122.5;126.42;1329418
20130604;126.09;127.47;121.74;122.63;881734
20130605;121.95;123.51;119.14;119.72;819238
20130606;119.54;123.1;118.74;122.88;579867
20130607;123.49;125.18;120.43;124.55;528311
20130610;125.73;127.62;124.72;126.28;677955
20130611;124.9;126.62;123.41;124.1;777368
20130612;124.96;125.38;122.69;122.85;517480
20130613;122.84;128.26;122.27;127.82;834482
20130614;127.1;130.21;127.1;129.24;880021
20130617;130.44;131.59;128.18;129.28;543372
20130618;130.02;130.34;127.95;129.61;456846
20130619;129.43;130.11;126.78;126.8;542021
20130620;125.15;125.15;119.25;120.3;1330666
20130621;121.79;121.79;110.88;113.32;3302662
20130624;111;112.97;107.88;111.77;2335874
20130625;112.55;116.35;112.55;114;1289156
20130626;114.85;116.73;111.94;112.55;1226573
20130627;113.72;116;112.53;115.43;898379
20130628;115.31;115.74;114.06;114.36;1137362
20130701;115.55;117.76;114.54;115.9;884096
20130702;116.01;117.95;115.67;116.35;1150999
20130703;116.35;116.35;114.3;114.99;665038
20130705;115.28;115.74;111.7;114.5;1093352
20130708;114.82;116.1;113.37;113.59;768031
20130709;114.75;115.45;114;114.29;1047328
20130710;114.31;120.04;113.84;119.62;1506917
20130711;121.98;124.54;121.84;123.36;1701146
20130712;122.98;123.91;122.21;123.35;595364
20130715;123.74;125.19;123.05;124.83;1114671
20130716;124.73;124.77;119.72;121.08;1764322
20130717;121.57;122.14;119.25;120.6;979064
20130718;121.24;123.64;118.92;119.37;1774780
20130719;126.05;129.99;124.06;128.91;2581442
20130722;128.98;132.56;128.55;131.68;1423424
20130723;131.76;132.63;130.4;131.04;1312745
20130724;131.5;131.98;128.55;129.82;1144867
20130725;129.09;129.56;127.04;129.48;1803866
20130726;128.24;130.56;128.04;130.39;988539
20130729;130.13;131.44;129.51;130.56;787322
20130730;131.48;131.85;129.79;131.66;807250
20130731;132.12;136.44;131.91;133.94;1299516
20130801;135.69;137.18;135.06;136.67;1149182
20130802;136.67;138.33;136.06;137.72;784088
20130805;137.19;137.82;135.87;137.05;521462
20130806;136.08;137.18;131.37;131.81;1348419
20130807;130.71;133.54;130.14;132.77;1266253
20130808;133.34;135;132.85;133.01;897730
20130809;133;134.55;132.08;133.26;789123
20130812;132.45;136.25;132.45;135.06;697298
20130813;135.2;135.49;132.71;134.42;961994
20130814;134.3;134.88;131.02;132.46;668364
20130815;130.49;133.02;128.9;132.71;1341076
20130816;132.87;135.18;132.47;133.66;1012185
20130819;133.36;134.52;131.79;131.81;720266
20130820;132.31;135.11;132.3;134.25;645320
20130821;133.54;134.39;131.32;131.7;915806
20130822;132.15;137.35;132.07;136.86;1019331
20130823;136.9;137.49;134.21;134.3;893071
20130826;134.12;136.66;132.7;133.1;644373
20130827;131.53;132.47;127.59;128.74;1199958
20130828;128.48;130.2;128.12;128.84;523396
20130829;128.55;131.5;128.55;129.78;467875
20130830;129.88;130.61;127.98;128.65;552394
20130903;131.03;131.16;128;128.56;562712
20130904;128.43;132;128.21;131.76;979474
20130905;131.6;132.01;129.39;129.48;572574
20130906;130.62;132.5;128.78;131.37;771874
20130909;132.21;136.46;131.53;135.62;914011
20130910;136.36;136.99;134.99;136.96;566893
20130911;137;137.43;134.86;135.79;1166785
20130912;135.78;137.07;134.5;134.93;670741
20130913;135.71;137.2;134.73;137;739760
20130916;139.7;141.86;139.25;141.24;1542256
20130917;141.18;144;140.5;143.03;950444
20130918;144.6;149.82;141.94;149.81;1777286
20130919;150.61;151.84;148.98;149.71;1420598
20130920;150.23;150.76;147.86;148.05;1259300
20130923;148.2;148.28;144.48;146.31;763493
20130924;146.31;150.48;145.89;148.78;817462
20130925;148.55;149.64;146.08;148.51;770196
20130926;149.22;149.85;146.77;147.66;817916
20130927;147.48;149;146.77;147.41;442486
20130930;145.48;147.32;144.29;146.44;690227
20131001;146.05;147.11;144.01;144.69;1264872
20131002;143.29;143.52;140.41;141.62;2223054
20131003;141.52;142.32;138.06;139.42;1877156
20131004;139.42;141.05;138.18;139.68;904732
20131007;138;138.75;136.1;136.63;1160070
20131008;135.96;137.5;133.66;134.07;1131002
20131009;133.72;138.07;132.88;136.13;1120550
20131010;137.51;140.38;136.65;139.36;722677
20131011;139.67;140.45;138.32;140.42;450917
20131014;138.76;138.76;129.22;131.29;3701628
20131015;131.27;132.64;129.57;132.05;1686460
20131016;133.12;134.48;131.5;133.74;1109608
20131017;132.85;134.87;131.97;134.7;1199197
20131018;135.96;136.03;132.4;133.43;1071914
20131021;133.25;135;129.39;130.97;2374724
20131022;140.85;147.44;138.01;146.19;4149834
20131023;145.76;147.08;143.74;144.4;1251917
20131024;144.58;147.62;143.7;147.26;1090023
20131025;147.6;147.92;144.19;146.18;712871
20131028;146.5;147.32;144.7;145.99;568419
20131029;146.32;148.95;145.89;148.93;890987
20131030;149;149.47;144.85;147.03;973412
20131031;146.56;147.93;145.26;146.01;828214
20131101;146.02;147.28;145.14;147.06;779101
20131104;148.24;150.31;147.93;150.26;678789
20131105;149.4;149.49;147;147.85;823888
20131106;147.63;148.73;146.21;146.53;857077
20131107;147.63;149.14;143.8;143.95;844017
20131108;144.02;145.26;142.66;145.25;681760
20131111;144.82;145.53;141.92;142.51;1067222
20131112;142.61;143.69;141.12;142.77;845146
20131113;141.3;144.53;141.3;144.25;714352
20131114;144.56;150.44;144.56;149.05;1411471
20131115;149.9;152.27;149.06;150.84;1575694
20131118;151.51;152.93;150.23;150.54;1198175
20131119;148.62;151.65;147.4;149.26;898725
20131120;149.25;150.75;144.51;145.62;1126158
20131121;145.37;150.46;145.37;150.23;934872
20131122;150.16;151.4;149.35;150.28;836049
20131125;150.28;152.38;149.56;151.27;791404
20131126;151.49;154;150.89;153.11;589283
20131127;153.29;154.24;151.67;152.32;447298
20131129;152.78;154.43;152.22;152.76;267748
20131202;153.01;153.6;149.09;149.29;595749
20131203;148.16;149.22;147.54;148.99;783758
20131204;148.95;150.41;146.57;148.08;715120
20131205;147.93;148.06;146.22;146.95;648180
20131206;148.25;150.26;147.4;149.55;755502
20131209;149.55;152.48;149.29;149.99;835390
20131210;150.32;155.05;149.26;151.6;935921
20131211;151.2;151.86;147.69;147.89;871011
20131212;148.13;149.13;147.73;148.63;1036812
20131213;149.25;149.79;147.22;148.85;983108
20131216;149.6;152.26;149.6;149.94;908435
20131217;150.62;152.08;148.85;151.53;873493
20131218;152.61;156.69;150.74;156.15;1122413
20131219;155.92;156.13;152.73;153.52;716776
20131220;154.95;156.57;153.49;155.28;955886
20131223;156.61;157.02;155.44;156.59;535883
20131224;156.17;157.71;155.98;156.94;289811
20131226;155.83;159.22;155.77;157.8;443487
20131227;158.75;159.04;156.17;156.96;341134
20131230;156.63;157.57;155.95;157.04;283707
20131231;157.07;157.5;156.35;156.86;340493
20140102;156.52;157.11;155.11;156.03;407749
20140103;156.29;158.56;156.29;156.9;442436
20140106;157.37;157.7;154.37;154.45;594894
20140107;154.91;156.16;154.46;154.58;664351
20140108;155.5;157.61;153.46;157.6;815804
20140109;158.05;159.36;156.58;159.01;788871
20140110;159.91;160.01;156.29;156.64;853283
20140113;156.21;156.54;152.79;153.5;701434
20140114;153.56;155.37;153.3;155.25;1099391
20140115;155.25;158.11;155.22;157.6;753100
20140116;157.62;159.26;156.8;159.07;714573
20140117;157.43;159.75;156.2;156.84;772913
20140121;157.28;157.89;151.62;153.7;1072496
20140122;153.73;153.73;150.16;150.98;1239668
20140123;149.51;153.38;149.51;153.33;993597
20140124;150.39;152.26;145.5;145.68;1334821
20140127;147.6;147.6;141.88;142.49;1925794
20140128;142.24;145.19;140.73;143.9;1642934
20140129;142.79;144.45;140.97;141.63;1473081
20140130;146.45;147;130.05;132.22;4743441
20140131;131;136.32;130.32;133.3;3119369
20140203;133.3;134.32;124.39;126.69;3605369
20140204;128.28;130.97;127.59;130.6;2339516
20140205;129.54;130.73;128.24;130.38;1876604
20140206;130.79;133.63;130.52;133.6;1891193
20140207;134.54;137.27;133.6;136.55;1971533
20140210;136.58;138.82;135.73;136.59;1519864
20140211;136.57;138.54;136.28;137.97;1510042
20140212;138.63;139.82;136.59;137.93;1250087
20140213;136.74;139.09;136.26;138.43;868302
20140214;138.41;140.38;137.62;138.56;1381049
20140218;139.06;140.25;135.86;136.66;1432893
20140219;136.68;137.07;134.69;135.11;1256973
20140220;135.43;138.26;133.39;138.01;1318255
20140221;138.29;139.66;138.05;138.8;1170891
20140224;139.51;142.09;138.82;140.87;1221143
20140225;140.87;142.21;140.24;140.73;1195273
20140226;140.85;143.62;138.9;142.3;1190587
20140227;142.07;145.49;142;145.03;1113696
20140228;144.74;146.5;143.03;144.63;1284353
20140303;142.44;144.38;141.76;143.14;1382668
20140304;144.92;146.79;144.58;145.88;1108335
20140305;145.65;148.63;144.87;147.78;1318164
20140306;148.27;148.87;146.95;147.49;648895
20140307;148.96;149.4;145.72;145.99;903415
20140310;145.73;145.78;144.58;145.7;985460
20140311;145.95;146.65;143.74;144.42;891438
20140312;144.41;144.43;142;144.05;865299
20140313;144.4;145.3;140.49;141.69;933549
20140314;141.63;143.01;140.8;142.08;1026008
20140317;142.5;146.37;142.5;144.98;987719
20140318;145.47;146.8;144.81;146.33;646071
20140319;146.96;147.89;144.74;146.35;663891
20140320;145.86;145.91;143.81;144.72;739366
20140321;145.79;146.61;144.48;144.93;1264278
20140324;145.87;146.07;141.6;142.95;756267
20140325;143.88;145.81;143.43;145.35;775567
20140326;146.05;147.04;142.52;142.64;677886
20140327;142.35;144.3;142.05;143.08;684028
20140328;143.78;147.12;143.54;146.75;761304
20140331;147.58;149.57;146.83;149.46;909523
20140401;149.73;154.21;149.06;153.3;1237673
20140402;153.3;154.36;152.24;153.63;781585
20140403;154.21;154.41;152.15;153.09;835133
20140404;154.7;156.71;151.73;152;1361126
20140407;151.64;153.35;145.94;147.82;1281454
20140408;147.53;149.87;146.03;147.98;982319
20140409;149.34;151.09;147.31;150.08;871226
20140410;149.69;151.04;147.18;147.38;916943
20140411;146.43;150.83;145.5;147.78;1230882
20140414;149.06;150.57;146.96;148.37;717535
20140415;149.3;152.37;148.43;151.46;1120871
20140416;152.93;154.8;151.71;154.76;1010588
20140417;154.94;155.65;153.12;153.75;785303
20140421;154.37;154.85;153;154.38;597465
20140422;154.5;155.58;153.66;154.86;869158
20140423;154.34;154.38;152.54;153.53;722387
20140424;154.3;155.25;152.34;154.66;859847
20140425;151.33;155.81;149.02;155.42;1533674
20140428;155.9;156.66;151;154.38;1414046
20140429;154.21;154.39;150.72;152.26;984529
20140430;152.17;153.59;151.47;153.38;585907
20140501;152.96;154.97;151.42;152.2;752509
20140502;152.55;154.94;151.39;152.5;643216
20140505;152.01;153.78;151.04;152.49;487114
20140506;152.02;152.88;149.22;149.38;884650
20140507;149.96;151.84;147.66;151.77;872896
20140508;151.62;152.82;150.07;150.96;560542
20140509;150.59;151.6;149.15;151.53;562451
20140512;152.37;156.28;152.27;155.88;886584
20140513;155.03;155.33;149.83;151.55;1615763
20140514;150.72;151;143.42;144.53;2550702
20140515;144.12;144.22;140.74;144.13;1800127
20140516;144.58;146.36;142.78;145.98;1491325
20140519;144.97;145.82;143.91;145.48;830852
20140520;145.02;146.09;143.47;144.41;573292
20140521;144.79;145.66;144.54;145.41;725192
20140522;144.94;146.78;144.4;145.89;597843
20140523;146.26;147.52;145.77;147.26;554749
20140527;147.75;147.98;142.81;143.71;1281152
20140528;144;144.59;142.55;143.26;661710
20140529;144.02;144.92;142.42;143.22;637004
20140530;143.28;144.26;142.51;143.55;1053253
20140602;144.18;144.18;142.88;143.41;492569
20140603;143.24;144.57;142.87;143.5;747840
20140604;142.79;143.36;141.57;141.59;988835
20140605;143.05;143.91;141.13;143.2;891673
20140606;143.28;144.31;142.86;144.07;672118
20140609;144.26;144.43;141.77;141.93;981381
20140610;141.93;143.37;141.05;143.35;926394
20140611;142.19;142.8;140.47;140.96;884350
20140612;140.81;141.35;138.25;138.56;1335161
20140613;138.44;138.59;136.94;138.23;1179754
20140616;138.54;139.59;137.05;138.38;756169
20140617;138.04;138.73;136.64;138;932683
20140618;138.25;140.02;137.09;139.79;684119
20140619;139.87;140.38;139.01;139.3;643676
20140620;140.05;140.29;138.63;138.87;997695
20140623;138.33;140.93;137.13;139.33;952112
20140624;139.35;141.25;138.49;138.93;782532
20140625;138.47;139.13;137.21;138.99;964902
20140626;139.16;139.16;136.86;138.11;839644
20140627;138.12;139.3;137.62;138.46;1459389
20140630;138.91;139.97;137.66;139.22;775331
20140701;139.7;142.91;139.7;141.87;1060470
20140702;141.45;141.91;139.82;140.26;630954
20140703;140.67;142.65;140.27;142.54;405604
20140707;141.49;142.34;139.96;140.16;909738
20140708;140.03;144.32;139.28;142.73;1973433
20140709;142.75;143.37;140.85;141.11;1452209
20140710;138.32;139.71;137.55;139.21;1655477
20140711;139.92;144.18;139.15;140.76;1451574
20140714;141.29;141.33;138.54;139.31;1043632
20140715;139.25;140.66;138.65;139.97;1037444
20140716;140.42;141.81;139.25;140.6;1654859
20140717;139.48;139.93;138.57;138.96;969456
20140718;140.09;140.97;139.4;139.5;940115
20140721;138.65;140.73;138.65;140.35;744462
20140722;140.6;144.09;140.53;143.2;1536635
20140723;136.9;145.34;135.37;145.24;5963148
20140724;144.99;148.8;144.3;146.91;3281789
20140725;146.41;149.08;145.58;148.89;1589247
20140728;148.87;149.24;147.5;147.63;1575804
20140729;147.63;148.15;145.12;145.5;1539564
20140730;145.45;146.13;141.63;142.79;2395935
20140731;142.65;143.84;140.9;142.64;1902788
20140801;142.16;145.6;141.55;143.51;1539630
20140804;144.1;146.68;144.1;145.78;1239501
20140805;144.69;146.36;143.32;143.89;1020621
20140806;143.45;146.86;143.39;145.8;1107816
20140807;146.1;146.25;142.22;142.58;1297100
20140808;143.11;148.27;143.08;148.15;1670721
20140811;148.43;148.98;147.49;147.72;946587
20140812;147.47;148.27;145.04;145.75;774824
20140813;146.33;146.7;144.45;145.66;1079827
20140814;146.15;150.07;146.15;149.92;1455083
20140815;150.59;150.64;147.09;148.44;698480
20140818;149.5;150.96;149.29;150.25;925078
20140819;151;153.37;150.86;152.9;1361063
20140820;152.27;154.1;152.15;153.7;702100
20140821;152.61;153.03;150.52;151.88;973829
20140822;152;152.63;151;151.86;548151
20140825;152.7;152.7;150.37;150.64;610209
20140826;151.01;152.07;150.39;151.67;794171
20140827;151.14;152.68;150.51;152.51;843879
20140828;151.51;153;151.12;152.51;743172
20140829;152.03;153.3;151.87;153.02;515430
20140902;153.5;153.84;152.47;153.39;577158
20140903;153.13;154.61;152.88;153.25;687006
20140904;153.38;155.51;152.82;153.99;845917
20140905;153.61;153.7;151.75;152.01;1081457
20140908;151.33;154.47;151.2;152.58;959652
20140909;152.67;152.67;149.74;151.26;603992
20140910;151.09;153.74;151.09;153.52;773532
20140911;152.88;153.72;152.62;153.37;523892
20140912;153.35;153.97;151.69;152.11;738530
20140915;152.6;155.19;151.9;153.17;951245
20140916;152.3;154.32;151.75;152.6;765259
20140917;152.82;154.97;152.82;154.31;652657
20140918;155.04;155.09;153.53;153.89;547054
20140919;154.76;156.13;154;155.82;1100212
20140922;155.24;155.24;153.15;153.61;979595
20140923;152.68;153.53;152.2;152.49;598945
20140924;152.5;154.29;150.64;153.82;1042580
20140925;153.07;153.76;150.28;150.53;686198
20140926;150.49;151.28;149.61;150.79;452491
20140929;149.62;149.76;147.96;148.88;811872
20140930;148.81;149.24;145;145.65;1166678
20141001;145.32;145.48;141;141.55;1499409
20141002;141.08;143.32;140.63;143.06;1133498
20141003;143.93;144.6;142.4;143.1;1225880
20141006;144.45;146.19;143.65;143.89;729284
20141007;143.28;143.6;141.54;142.08;1187293
20141008;141.87;144.1;139.85;143.93;839903
20141009;144.02;144.61;140.72;141.28;841595
20141010;141.28;142.8;139.97;140.63;1230628
20141013;141.71;144.18;140.33;140.42;1304585
20141014;141.59;146.98;141.03;145.33;1512281
20141015;141.62;144.4;140.04;143.68;1483713
20141016;141.35;147.48;141.35;145.76;944562
20141017;146.97;150.97;146.15;150.04;1240859
20141020;150.54;153.54;150.54;153.21;1118250
20141021;154;155.39;153.07;155.27;744933
20141022;155.22;157.2;154.12;154.39;977876
20141023;155.17;158.53;155.09;157.7;822560
20141024;158;159.98;157.04;158.62;911410
20141027;157.67;158.1;155.02;157.4;1119360
20141028;154.26;170.99;153.98;168.06;2893533
20141029;165.65;168.83;165.65;168.23;1270766
20141030;168.43;171.3;167.91;170.55;888960
20141031;172.37;173.7;171.2;172.05;924470
20141103;171.56;173.27;170.62;172.6;784531
20141104;172.43;173.13;170.69;172.72;749721
20141105;174.32;174.45;172.45;172.85;588806
20141106;172.35;174.9;172.19;174.84;552243
20141107;174.43;176.62;174.43;175.81;722763
20141110;175.81;175.83;173.5;173.79;891791
20141111;174.29;177.18;174.12;175;782273
20141112;174.22;176.25;173.89;175.21;656903
20141113;175.48;177.21;174.47;175.21;501685
20141114;174.83;175.65;172.16;173.27;936415
20141117;173.36;177.2;173.02;175.55;784040
20141118;175.57;177.94;175.57;177.22;792575
20141119;176.43;179.95;175.73;179.89;1086482
20141120;178.35;182.34;178.18;182.06;920970
20141121;184.5;185.34;183.16;183.67;983724
20141124;183.88;185.28;182.5;184.76;1214642
20141125;184.86;185.58;183.83;184.61;864605
20141126;184.6;184.94;182.6;183.54;593418
20141128;184.24;186.64;183.52;186.17;353325
20141201;186.27;186.84;184.39;185.45;630641
20141202;185.19;185.8;183.68;184.82;655288
20141203;185.25;189.46;185.02;189.41;709987
20141204;189.01;190.22;187.48;188.26;565770
20141205;188.01;189.87;187.14;188.83;582619
20141208;188.68;189;185.78;186.59;524153
20141209;184.36;187.7;183.83;187.43;527701
20141210;186.35;188.12;183.17;183.26;909318
20141211;183.84;186.56;183.5;184.46;483510
20141212;183.92;185.6;180.45;180.64;1120796
20141215;181.88;184.89;180.73;183.36;1208864
20141216;179.06;181.04;174.02;174.43;2476523
20141217;174.43;189.72;172.85;188.93;3201058
20141218;191.64;192.44;188.35;190.52;1537608
20141219;191.5;193.78;187.99;189.73;1678100
20141222;189.39;190.76;187.32;190.29;668993
20141223;191.11;192.18;190.38;191.13;687851
20141224;192.16;192.24;191.05;191.15;254447
20141226;192.46;194.46;191.96;192.45;462090
20141229;191.49;194.03;191.14;193.03;640339
20141230;192.89;194.99;192.53;193.66;725639
20141231;194.88;196.71;193.43;193.74;508768
20150102;194.17;196.14;191.26;193.01;505517
20150105;191.33;192.3;188.5;189.03;733536
20150106;190.01;190.5;186.14;187.47;826781
20150107;189.39;192.81;188.3;191.88;605309
20150108;193.47;197.37;192.27;196.83;882872
20150109;197.35;199.92;196.29;197.23;881379
20150112;197.95;200.44;195.26;198.96;872725
20150113;201.08;205.16;194.81;197.37;1186534
20150114;195.19;200.73;194.8;198.75;1110714
20150115;198.82;200.72;195.13;195.48;901102
20150116;194.77;200.45;194.35;200.17;612498
20150120;201.4;201.63;196.29;197.88;726927
20150121;197.7;199.11;196.67;197.66;875188
20150122;199.71;200.84;198.24;199.71;945635
20150123;200.22;201.97;199.31;200.92;380633
20150126;200.59;203.76;199.81;203.07;451290
20150127;200.49;203.24;199.8;201.87;471168
20150128;204.26;207.15;201.08;201.41;1154012
20150129;201.02;204.14;199.5;203.95;1010862
20150130;203.77;203.77;198.8;199.08;804363
20150202;199.46;202.23;197;201.12;1282488
20150203;202.18;202.91;198.2;201.06;1185578
20150204;207.19;217.11;206.06;214.88;2154341
20150205;215.25;215.5;210.54;211.34;1158697
20150206;211.57;213.1;209.5;211.14;840023
20150209;210.12;211.14;205.81;206.29;1081007
20150210;207.97;209.23;205.33;208.08;805594
20150211;208.3;209.74;206.51;207.78;598266
20150212;209.19;213.89;207.77;213.05;1104462
20150213;211.91;214.33;211.91;213.23;488446
20150217;212.31;215.2;212.08;213.51;703048
20150218;211.96;213.91;211.92;212.55;745330
20150219;212.54;213.41;210.26;212.33;810930
20150220;211.25;213.79;210.95;213.27;807940
20150223;213.13;214.24;212.01;213.2;607769
20150224;213.81;215.55;212.7;214.3;676312
20150225;212.08;215.66;212.04;214.15;798226
20150226;213.45;214.35;211.13;212.8;762097
20150227;213.27;213.96;211.25;211.95;612356
20150302;211.96;217;211.96;215;732621
20150303;214.67;215.58;212.04;214.47;541063
20150304;214.2;214.2;210.66;211.49;726663
20150305;212.63;213.31;209.74;210.82;741233
20150306;210.5;210.82;202.1;203.42;1180921
20150309;203.53;206.29;202.08;205.7;922899
20150310;204.39;204.69;200.87;202.55;729031
20150311;203.15;203.42;195.13;196.67;1315039
20150312;196.89;200.47;196.45;199.51;650661
20150313;198.24;200.15;195.35;197.62;865319
20150316;198.03;199.92;197.18;198.69;600788
20150317;198.54;198.54;195.74;196.93;768354
20150318;195.62;199.73;191.05;198.92;1423040
20150319;197.8;199.22;193.75;194.14;1104851
20150320;195.04;198.38;194.42;197.95;1023000
20150323;197;200.18;196.59;197.16;823115
20150324;196.39;201.31;196.39;198.26;902754
20150325;197.71;199.18;193.93;194.09;662549
20150326;192.87;197.24;192.8;196.05;1048736
20150327;195.5;198.57;194.64;198.5;542834
20150330;199.08;202.07;199.07;201.04;686437
20150331;200.52;204.64;200.01;202.06;1008198
20150401;201.89;202.5;198.9;201.39;935563
20150402;200;201.67;199.26;200.38;821889
20150406;199.75;202.42;199.13;201.02;588615
20150407;201;202.09;197.67;197.73;656151
20150408;193.52;197.28;190.23;196.14;1985557
20150409;196.28;197.09;193.24;196.16;1002266
20150410;197.48;197.82;195.43;195.67;605736
20150413;195.79;195.79;192.4;193.94;809853
20150414;193.43;196.92;192.04;195.81;633596
20150415;196.53;197;193.94;194.95;778501
20150416;193.89;193.98;191.21;191.35;861470
20150417;189.74;191.57;189.01;189.6;931293
20150420;191.25;194.93;191.1;194.85;1105473
20150421;196.41;196.51;193.65;193.97;977628
20150422;193.64;194.31;191.47;191.77;933821
20150423;191.24;192.19;189.88;190.92;1207567
20150424;194.5;197.18;193.11;196.49;1162984
20150427;196.67;200.18;196.67;197.83;1975843
20150428;182.54;187.5;179.12;183.7;4734575
20150429;182.94;183.24;177.24;179.03;1636785
20150430;179.69;180.59;174.75;175.6;1691272
20150501;175.87;180.38;175.39;179.31;1245849
20150504;179.4;181.18;178.77;180.15;1037741
20150505;180.27;181.58;179.55;179.6;930012
20150506;179.82;180.75;177.88;178.84;841053
20150507;179.54;182.82;179.16;182.52;955872
20150508;184.92;188.48;184.02;185.65;1214294
20150511;185.8;188.94;185.02;186.98;1557041
20150512;186.9;187.81;185.09;186.45;939576
20150513;185.9;188.28;185.17;187.66;1046049
20150514;189.01;190.24;188.09;189.3;934097
20150515;189;189.39;185.02;187.83;1225867
20150518;187.64;189.35;186.99;188.71;660192
20150519;189.75;190.93;187.92;190.03;1000302
20150520;189.85;190.04;187.86;189.1;772564
20150521;187.77;192.52;187.61;192.05;1014485
20150522;192.06;193.02;191.84;192.01;894280
20150526;191.5;192.95;187.83;188.31;656186
20150527;188.33;188.84;185.2;187.56;962681
20150528;187.51;188.39;186.34;187.52;577895
20150529;187.24;188.35;184.03;184.25;875798
20150601;184.64;188.26;183.27;186.96;903475
20150602;186.13;188.98;185.56;188.23;771111
20150603;188.31;189.46;186.79;189.25;717068
20150604;187.86;189.08;187.32;187.99;707683
20150605;187.49;188.35;185.8;187.77;485812
20150608;187.86;188.91;185.24;185.4;639904
20150609;185.64;185.64;182.72;182.99;1138758
20150610;184.14;186.43;183.44;185.98;828615
20150611;186.85;189.5;186.22;186.73;674708
20150612;185.48;187.07;184.77;185.99;482547
20150615;184.8;185.31;183;184.01;628238
20150616;183.45;185.29;182.67;183.89;644104
20150617;183.99;185.89;183.34;185.55;465402
20150618;185.96;188.4;185.88;187.25;543110
20150619;188.18;189.58;187.24;187.57;1032307
20150622;187.95;188.01;184.04;184.93;800282
20150623;185.25;187.18;184.57;185.26;497942
20150624;185.13;186.73;182.58;182.72;900854
20150625;183.66;183.66;178.19;178.27;1298554
20150626;178.89;179.98;176.92;177.81;1033932
20150629;176.87;178.42;173.52;173.77;746467
20150630;175.16;175.6;172.85;173.05;845322
20150701;174.87;175;169.4;171;1611991
20150702;170.99;170.99;168.19;169.73;1283539
20150706;169.41;171.24;167.79;168.74;1329969
20150707;169.15;171.43;166.64;171.23;1419964
20150708;169.75;172.69;169.33;170.74;1263290
20150709;172.77;172.77;170.09;170.52;730716
20150710;172.28;174.81;171.28;174.42;901687
20150713;175.53;176.41;174.4;175.36;651707
20150714;175.36;176.77;174.99;175.68;566565
20150715;174.82;175.23;172.15;173.5;1056006
20150716;174.56;174.92;169.92;170;942795
20150717;170.19;171.89;167.99;168.72;956264
20150720;168.47;168.89;159.21;163.14;3575337
20150721;163.14;166.61;162.48;166.21;1631706
20150722;173.5;180.75;172.98;178.36;3137127
20150723;176.96;180.5;176.3;179.43;1940749
20150724;179.9;180.16;175.83;176.1;1299907
20150727;174.64;174.95;170.89;171.84;1391481
20150728;173.41;176.91;173.09;176.72;964313
20150729;177.01;179.67;176.02;178.75;619806
20150730;178.27;179.9;176.56;178.12;557734
20150731;178.75;179.28;177.29;177.73;477493
20150803;177.67;178.31;174.87;175.97;568109
20150804;175.98;176.26;174.35;174.88;741656
20150805;175.77;176.37;172.91;173.84;917925
20150806;174.53;175.24;169.73;170.52;898084
20150807;170.85;171.93;169.6;170.41;659985
20150810;172.05;176.09;171;174.86;652488
20150811;173.49;174;170.58;171.47;674909
20150812;170.04;172.93;168.67;172.79;857944
20150813;172.8;176.15;172.8;174.57;910572
20150814;174.52;177.66;174.24;177.22;713702
20150817;176.02;179.28;175.3;178.49;603251
20150818;178.49;183.34;177.56;182.95;1414386
20150819;182.66;186.82;180.53;184.58;1398358
20150820;182.73;185.72;181.81;183.1;1063601
20150821;181.6;182.5;176.51;177.6;1502980
20150824;168;173.55;163.3;167.69;1920550
20150825;173.15;173.85;166.45;166.46;1195468
20150826;169.03;169.64;162.93;168.09;1254066
20150827;169.85;175.29;168.35;170.65;1470721
20150828;170.67;171;167.4;168.49;1150944
20150831;168.81;170.95;167.04;168.1;701294
20150901;164.61;167.16;159.29;160.2;1446136
20150902;162;166.26;161.05;166.25;1132403
20150903;167.2;168.49;164.75;165.34;995856
20150904;163.78;165.26;162.5;163.87;557537
20150908;166.45;167.18;164.76;165.67;851198
20150909;167.59;168.49;164.68;165.07;903277
20150910;164.81;164.97;160.29;162.13;968018
20150911;161.65;163.61;161.28;163.04;683817
20150914;162.69;163.57;160.78;161.55;459076
20150915;164.1;168.76;163.55;167.46;969324
20150916;168.23;168.34;164.93;168.08;696500
20150917;168.1;171.29;167.12;168.46;740406
20150918;166.16;168.02;163.36;164.1;1050089
20150921;164.95;165.27;161.28;162.66;668472
20150922;161.02;161.6;156.28;157.93;1108402
20150923;158.07;159.7;156.65;157.93;707496
20150924;156.9;157.43;153.41;156.48;1057216
20150925;158.3;158.77;153.73;154.95;735755
20150928;153.08;153.64;146.98;147.19;1159622
20150929;146.51;148.14;143.75;145.46;1081535
20150930;146.49;147.75;143.78;147.26;926041
20151001;147.21;148.68;145.27;148.09;973125
20151002;146.48;148.84;144.47;148.6;901942
20151005;149.98;156.64;149.98;156.11;1439901
20151006;154.92;156.29;151.56;154.24;991025
20151007;154.97;159.1;154.29;157.7;740490
20151008;157.09;160.98;156.64;160.23;508116
20151009;159.83;160.96;156.81;158.65;648912
20151012;158.98;159.17;157.46;158.87;254151
20151013;157;158.92;155.08;155.22;949970
20151014;155.28;156.02;150.16;151.51;868236
20151015;151.75;154.73;149.19;154.65;955123
20151016;155.71;157.32;153.05;156.77;845056
20151019;156.31;156.69;154.17;156.27;712619
20151020;155.92;156.64;153.15;155.56;808714
20151021;156.57;158.5;152.44;152.86;933139
20151022;153.26;160.52;152.87;159.81;1626410
20151023;166.17;167.66;140.5;145.9;6520089
20151026;147.69;151.87;146.33;150.17;2037573
20151027;149.9;154.55;148.04;153.69;1479846
20151028;153.8;158.09;153.42;157.84;1629075
20151029;157.33;163.03;156.36;162.7;2076198
20151030;162.49;164.89;160.09;160.14;1604366
20151102;160.94;162.02;159.45;161.2;943877
20151103;161.22;161.95;158.73;160.89;759385
20151104;160.94;161.52;158.75;160.99;714900
20151105;161.02;161.48;156.71;158.66;1027717
20151106;158;158.6;152.35;156.45;1239096
20151109;155.33;156.99;153.55;155.5;698003
20151110;155.05;157.03;153.24;156.85;478920
20151111;156.62;159.35;156.05;158.92;649304
20151112;157.16;157.16;155.1;155.5;800809
20151113;154.43;156.03;150.41;151.07;803102
20151116;151.29;155.1;150.44;154.7;1043950
20151117;156.83;161.08;156.17;157.27;935027
20151118;157.28;158.66;155.51;158.05;754392
20151119;158.75;160.09;158.09;159.72;635182
20151120;160.39;162.45;159.21;162.27;843938
20151123;165.08;166.9;163.63;164.48;1044554
20151124;163.38;165.67;163.06;164.69;665658
20151125;164.89;167.38;164.05;166.82;592335
20151127;166.5;167.72;165.52;166.29;305371
20151130;166.49;167.38;162.24;162.52;731690
20151201;163.65;164.61;161.45;163.26;659421
20151202;163.8;164.05;160.59;161.41;753422
20151203;162.21;162.21;155.01;157.61;916992
20151204;157.73;161;157.44;160.19;1005732
20151207;159.48;160.21;155.04;157.86;877073
20151208;156.5;159.43;156.5;157.66;758398
20151209;155.94;156.27;147.5;148.25;1777034
20151210;148.75;150.44;146.76;149.17;991422
20151211;146.74;148.59;145.84;146.1;1012720
20151214;146.61;147.93;142.79;144.03;990676
20151215;145.1;146.89;143.86;145.04;824075
20151216;146.73;153.63;146.01;153.1;1462462
20151217;153.35;154.35;146.97;147.03;810969
20151218;146.09;146.75;142.18;142.27;1805299
20151221;142.99;146.69;142.99;146.58;941113
20151222;147.08;147.32;143.03;146.94;958383
20151223;148.06;150.28;146.76;150.14;681455
20151224;150.04;150.72;148.88;149.57;313945
20151228;149.06;149.77;146.45;148.98;601269
20151229;150.06;150.53;147.46;150.16;643397
20151230;149.37;150.18;147.5;148.57;444743
20151231;148.12;148.75;146.85;146.87;379282
20160104;144.4;148.19;142.6;148.09;1097733
20160105;148.65;149.66;144.64;144.9;981819
20160106;142.79;144.47;140.4;141.2;892434
20160107;138.28;140.67;137.53;137.65;1275151
20160108;139.12;139.87;135.26;135.56;815308
20160111;136.49;137.45;132.45;134.41;937135
20160112;135.76;136.35;131.38;134.31;801037
20160113;134.82;135.8;129.68;129.96;1157865
20160114;131.04;135.07;129.9;134.03;1223002
20160115;129.97;130.72;125.69;128.64;1461338
20160119;130;131.5;125.79;127.21;1373931
20160120;124.99;132.05;123.6;130.63;1627827
20160121;131.63;136.73;131.48;133.37;1218397
20160122;135.97;137.46;130.99;133.58;1581169
20160125;132.74;134.54;131.05;133.22;1268421
20160126;133.76;136.68;132.94;134.25;1071094
20160127;133.27;135.28;131.34;132.37;1312784
20160128;134;136.07;131.53;132.02;1945366
20160129;134.67;139.05;132.04;134.39;2871768
20160201;134.52;138.23;132.26;135.42;1975432
20160202;134.5;134.85;131.77;132.19;1433083
20160203;133.84;135.12;131.56;135.08;1311171
20160204;136.86;141.08;136.72;139.8;1416814
20160205;139.71;141.51;137.1;137.82;898906
20160208;136.73;137.08;132.8;135.24;1119593
20160209;133.34;138.08;133.34;137.04;1185772
20160210;138.22;138.48;134.29;134.36;796773
20160211;131.45;133.07;128.24;129.74;1182926
20160212;131.8;132.78;130.28;132.19;1128467
20160216;134;135.96;131.34;135.45;1382465
20160217;136.6;139.75;136.27;138.85;905977
20160218;138.9;140.68;137.47;140.48;841859
20160219;139.29;143.5;139.29;142.91;1255233
20160222;145.11;148.84;144.8;148.21;1247710
20160223;148;150.94;147.36;150.14;1217756
20160224;148.22;151.62;146.2;151.28;1129173
20160225;151.92;152.62;148.92;151.87;1123790
20160226;152.12;155.75;151.88;154.55;924401
20160229;154.51;157.79;153.88;155.32;1153168
20160301;156.49;158.07;155.32;157.52;685118
20160302;157.3;159;157.03;158.82;748942
20160303;158.97;159.04;155.8;158.05;1013116
20160304;158.68;162.18;157.22;161.16;1106743
20160307;160.5;161.44;158.51;159.15;1048194
20160308;158.49;159.78;155.9;158.55;946116
20160309;158.65;159.78;156.93;158.58;718000
20160310;159.57;160.8;156.62;158.33;879440
20160311;160.38;165.84;160.24;164.7;1373831
20160314;163.65;167.7;163;166.04;963939
20160315;166.45;170.55;165.31;168.84;1545553
20160316;167.05;175;166.04;174.22;1387955
20160317;173.84;177.99;173.06;176.65;1053072
20160318;177.18;179.65;176.7;177.93;1640752
20160321;178.22;179.54;176.3;177.46;740125
20160322;177.19;178.16;175.3;177.17;734940
20160323;176.7;177.05;174.83;175.01;673752
20160324;174;175.22;172.22;175.09;809592
20160328;175.63;178.07;175.51;176.99;578427
20160329;176.51;177.8;173.76;177.29;875390
20160330;178.6;178.88;176.7;177.35;961490
20160331;177;180.59;176.57;180.34;1198232
20160401;180.12;183.74;179.2;183.31;1567863
20160404;183.94;184.69;182.07;182.98;1010719
20160405;181.8;184.16;180.03;181.16;858399
20160406;181.66;183.41;180.83;182.35;682663
20160407;181.51;182.51;178.5;180.44;912498
20160408;182.24;183.57;181.27;182.59;600524
20160411;182.24;185.56;181.82;183.52;700678
20160412;183.71;185.99;182.59;185.17;503739
20160413;185.95;187.7;185.31;187.33;677866
20160414;187.46;187.58;183.61;186.13;858420
20160415;186.36;187.46;184.97;186.4;794342
20160418;186.6;190.68;186.51;190;896807
20160419;192.27;193.59;187.05;190.15;1137100
20160420;190.46;192.04;188.06;188.46;1031747
20160421;188.87;189.67;187.21;187.45;612925
20160422;187.45;188.01;186.28;187.31;878948
20160425;187.32;188.5;185.12;186.04;1002450
20160426;174.8;179.64;171.2;179.43;3337431
20160427;180.17;182;175.86;178.25;1311593
20160428;176.81;178.64;174.09;174.78;852845
20160429;174.78;175.29;173.08;174.14;883185
20160502;175;178.03;174.41;176.81;920823
20160503;175.13;178.21;174.09;176.89;992156
20160504;175.44;178.06;174.01;175.18;960692
20160505;175.31;177.63;175.07;176.29;729539
20160506;175.07;177.47;174.82;176.7;564516
20160509;176.5;177.42;174.01;175.09;732829
20160510;176.36;178.32;175.25;177.28;726823
20160511;176.23;176.84;172.01;172.37;745856
20160512;172.56;174.17;169.33;171.54;796911
20160513;171.69;172.89;168.32;168.72;789936
20160516;168.56;168.86;165.06;167.58;1760818
20160517;167.14;171.28;166.66;169.75;1172953
20160518;168.23;170.05;166.03;166.98;786135
20160519;165.98;167.88;164.59;167.67;819810
20160520;168.54;169.27;166.54;168.1;888890
20160523;167.98;169.03;166.61;166.87;538400
20160524;167.98;175.17;167.98;174.25;1545751
20160525;174.56;176.46;173.59;174.39;691936
20160526;173.86;175.21;171.56;172.25;628226
20160527;172.28;175.39;172.28;174.61;503920
20160531;174.81;174.94;173.18;174.62;772632
20160601;173.36;175.39;172.29;175.23;500159
20160602;175.22;175.8;173.25;175.03;526385
20160603;173.76;174.74;172.2;173.81;608430
20160606;173.9;175.95;172.75;174.83;499315
20160607;174.61;179.35;174.31;177.93;857109
20160608;178.32;181.19;177.82;181.11;837990
20160609;180.27;180.56;177.9;179.69;559041
20160610;178.53;178.7;176.54;177.52;566408
20160613;177.16;178.02;174.83;175.01;839060
20160614;174.38;175.24;172.44;174.86;711660
20160615;175.66;178.52;174.25;176.3;1047620
20160616;175.74;175.74;172.52;174.43;923687
20160617;174.55;176.43;173.91;175.64;956928
20160620;177.36;180.42;177.36;177.73;720792
20160621;178.51;179.18;176.35;177.18;642687
20160622;177.93;179.73;177.34;178.2;480230
20160623;180.38;181.01;177.46;178.8;695881
20160624;170.8;170.89;160.97;162.57;2818465
20160627;160.5;160.5;152.19;154.46;1824974
20160628;159.13;161.61;158.43;161.04;1718488
20160629;163.05;165.74;162.2;163.89;926848
20160630;163.87;166.64;161.81;166.64;876231
20160701;167;169.42;166.37;167.27;717383
20160705;166.26;166.93;161.97;163.96;629896
20160706;163.42;166.6;162.7;166.42;846156
20160707;166.88;168.75;165.61;167.88;488031
20160708;169.88;172.66;168.54;171.38;721318
20160711;171.83;173.29;170.3;172.72;673059
20160712;174.75;174.83;172.47;173.72;554374
20160713;174.4;174.67;171.64;173.79;469969
20160714;175.1;176.9;174.03;174.19;596378
20160715;174.99;176.75;174.24;175.51;688123
20160718;175.97;181.67;174.97;178.02;1309943
20160719;177.73;180.94;177.73;179.35;531829
20160720;178.83;186;178.38;183.67;1557686
20160721;183.74;184.63;181.85;182.72;1261735
20160722;187;188.27;181.77;187.61;1331823
20160725;185.92;190.37;185.06;190.26;1120542
20160726;190.2;190.58;188.08;189.98;1105716
20160727;189.23;191.69;189.14;190.62;1044821
20160728;190.62;193.03;189.44;192.38;936514
20160729;192.9;193.59;191.29;192.36;962250
20160801;192.36;194.1;191.73;192.13;826807
20160802;191.67;192.43;188.98;189.38;647165
20160803;188.99;189.2;187.11;187.83;754769
20160804;188.34;189.84;187.36;189.21;631072
20160805;190;191.52;187.99;189.56;633888
20160808;190.65;190.65;188.67;189.56;391495
20160809;189.92;189.92;188.33;189.24;449744
20160810;189.82;189.82;186.01;186.78;752117
20160811;187.61;189.18;186.7;187.12;637397
20160812;186.06;187.16;185.01;185.97;620028
20160815;186.37;186.62;184.2;184.86;1169838
20160816;183.71;184.81;182.65;183.02;902489
20160817;183.09;183.94;180.92;182.13;901898
20160818;182.43;185.12;181.11;184.58;650901
20160819;184.01;185.05;182.06;182.87;773846
20160822;182.89;184.22;181.71;183.76;426183
20160823;185.15;187.13;184.82;186.24;666222
20160824;184.9;185.24;180.65;181.57;754619
20160825;181.29;181.85;179.54;180.58;711526
20160826;181.09;182.15;179.6;181.02;892454
20160829;181;182.63;181;181.34;490978
20160830;181.19;181.87;178.65;179.25;472103
20160831;179.03;180.01;177.5;178.64;685320
20160901;178.59;178.9;176.34;177.65;630387
20160902;178.93;179.49;177.15;177.98;430677
20160906;178.76;178.99;177.11;178.61;463815
20160907;178.61;182.44;178.1;182.25;1106036
20160908;181.46;181.93;174.63;174.8;1250157
20160909;172;172.53;165.9;166.72;2026409
20160912;164.75;170.5;164.67;169.92;1021820
20160913;168.25;169.35;165.88;166.72;759115
20160914;166.52;167.6;163.87;164.33;1058614
20160915;164.12;165.27;163.01;165.1;731199
20160916;164.42;164.61;160.84;162.75;1342984
20160919;163.06;165.13;161.44;161.83;949132
20160920;162.51;162.85;159.55;160.44;751967
20160921;160.48;163.16;160.31;162.69;993967
20160922;164.45;165.14;163.46;164.35;661233
20160923;163.64;163.98;161.82;162.17;635116
20160926;161.63;161.83;159.76;160.61;569722
20160927;160.92;163.48;160.85;162.81;612927
20160928;162.62;163.11;159.73;162.29;865714
20160929;161.6;163.36;159.87;160.35;588479
20160930;160.67;163.06;160.47;162.16;628249
20161003;161.84;163.61;161.06;162.07;494478
20161004;162.2;163.56;161.31;162.27;574524
20161005;162.84;165.05;162.84;164.1;575149
20161006;163.81;166.99;163.5;166.26;753912
20161007;166.55;166.97;162.62;163.49;588357
20161010;164.52;165.23;161.34;161.56;596754
20161011;161.69;161.78;159.13;161.03;961700
20161012;161.58;161.58;160.15;160.83;564732
20161013;159.36;161.4;158.63;160.78;623586
20161014;162.36;163.67;160.5;160.75;543090
20161017;158.86;166.08;158.73;163.01;1448127
20161018;164.25;164.25;160.67;162.29;1106144
20161019;162.76;167.24;162.19;166.47;1039437
20161020;165.78;167.26;164.29;166.07;700282
20161021;164.88;167.35;163.43;167.18;892556
20161024;167.83;172.05;167.83;170.46;1416533
20161025;156.49;159.79;148.54;152.09;5778883
20161026;151.98;153.38;148.98;149.52;1826742
20161027;149.77;150;145.91;147.69;1518407
20161028;148.76;152.8;148.32;150.82;1365882
20161031;151.69;151.69;149.41;149.82;1263727
20161101;150.24;151.9;149.53;150.57;1210875
20161102;150.42;153.71;149.54;150.76;1146301
20161103;151.78;151.78;150.29;150.99;722779
20161104;152.98;154.47;151.23;152.79;978290
20161107;155;156.06;154.14;154.93;726568
20161108;154.8;158.9;154.17;157.93;1030053
20161109;156.93;161.79;154.3;160.74;1453861
20161110;161.42;165.84;160.39;165;1410462
20161111;164.72;165.77;161.55;162.95;803058
20161114;162.9;165.56;162.05;162.93;823581
20161115;163.93;165.54;162.57;165.27;1130600
20161116;163.93;164.5;160.74;162.12;830478
20161117;162.61;164.49;161.55;163.27;876126
20161118;163.71;164.15;160.34;161.05;683514
20161121;161.28;163.04;160.92;162.81;574275
20161122;162.85;164.36;162.01;163.98;766657
20161123;163.94;165.37;162.1;165.32;630199
20161125;165.56;166.45;165.31;165.61;173089
20161128;165;166.11;162.36;162.63;568214
20161129;163.5;164.45;161.26;163.58;537637
20161130;163.92;164.85;161.06;162.44;578285
20161201;161.9;164.21;161.3;162.61;557002
20161202;163.35;169.63;162.92;166.84;1550222
20161205;168.54;170.61;168.07;170;1029019
20161206;170.49;171.19;167.62;169.4;883248
20161207;169.11;174.77;168.94;173.8;1005621
20161208;174;174.31;170.33;172.31;746017
20161209;172.91;174.2;170.12;173.73;923172
20161212;174.11;180.88;173.63;176.2;944779
20161213;177.75;180.17;177.71;178.14;805844
20161214;177.38;180.34;175.82;175.99;1437400
20161215;175.58;176.84;173.19;173.81;690561
20161216;174.09;175.78;173.2;174.08;865142
20161219;174.67;176.29;173.93;174.57;651612
20161220;175.18;178.11;174.54;177.93;731972
20161221;178.42;182.79;177.72;181.04;1074138
20161222;181;181.26;179.24;181.01;886031
20161223;180.97;182.94;179.7;181.95;561408
20161227;182.1;185.24;181.81;183.65;725174
20161228;184.5;184.5;182.1;182.82;850133
20161229;182.27;184.22;182;183.19;599683
20161230;183.8;184.29;180.87;181.77;467719
20170103;183.46;184.56;181.63;182.93;655034
20170104;183.84;186.88;182.97;185.42;633327
20170105;185.42;187.93;184.03;185.98;883032
20170106;186.45;186.9;184.68;186.1;632919
20170109;186.31;186.45;181.48;181.61;756959
20170110;182.11;184.38;181.28;183.82;654170
20170111;184.48;185;181.48;183.05;730077
20170112;182.12;184.42;179.74;183.86;695448
20170113;184.58;185.98;183.8;184.77;690728
20170117;184.81;186.87;184.12;185.44;658917
20170118;186.09;186.32;183.49;186.01;524888
20170119;186;186.66;184.44;185.23;573569
20170120;185.02;187.05;184.13;185.62;600108
20170123;185.8;187.38;185;186.99;692922
20170124;187.82;190.85;186.61;188.92;1128873
20170125;190.38;192;189.01;190.2;1327384
20170126;180;181.87;171.74;173.94;4500266
20170127;172.99;173.81;168.18;170.85;2153053
20170130;169.96;174.99;169.2;174.91;1222285
20170131;174.63;175.12;173.13;174.89;775163
20170201;175.65;176.04;173.75;173.94;695341
20170202;173.59;174;170.17;171.5;921744
20170203;172.35;174.55;171.74;173.61;551074
20170206;173.01;173.76;171.41;172.57;585450
20170207;173.83;175.65;172.94;173.4;739846
20170208;172.85;174.22;171.17;173.94;802805
20170209;173.28;175.25;172.3;174.07;528619
20170210;174.37;175.43;173.32;174.48;644999
20170213;174.57;176.19;174.57;175.42;590453
20170214;174.76;175.98;173.83;174.87;499430
20170215;174.84;177.69;174.69;177.05;715990
20170216;177.23;178.19;175.84;176.69;604279
20170217;176.44;177.51;175.68;177.19;408728
20170221;175.14;180.99;175.14;179.62;735171
20170222;179.67;181.06;178.94;180.87;677416
20170223;181.99;182.49;179.29;180.72;773247
20170224;179.69;180.67;178.03;180.16;712246
20170227;180.31;181;178.73;179;860342
20170228;179;179.17;176.86;178.59;600256
20170301;178.14;178.96;177.56;178.03;969036
20170302;178.24;178.67;177.26;177.8;430950
20170303;178.02;178.99;176.71;177.89;424969
20170306;176.47;177.77;175.33;175.75;449310
20170307;175.59;176.88;174.22;175.38;484160
20170308;175.89;176.77;174.96;176.04;723862
20170309;175.75;177.12;175.13;176.4;559919
20170310;177.31;179.69;176.81;177.75;788623
20170313;178;179.55;176.63;178.22;867988
20170314;177.66;179.26;177.22;178.79;426804
20170315;179.18;180.11;176.73;177.47;937571
20170316;176.97;177.97;172.07;172.69;1156255
20170317;172.83;173.01;171.29;172.71;1191036
20170320;172.55;173.1;171.84;172.8;606196
20170321;173.91;174;171.41;172.01;841387
20170322;171.87;172.32;169.79;170.32;827055
20170323;170.14;172.15;169.1;170.22;997960
20170324;170.65;171.6;169.4;170;527792
20170327;169;170.26;168.14;169.86;596781
20170328;169.8;170.48;168.37;169.85;559415
20170329;170.01;171.53;169.55;171.08;378834
20170330;170.76;171.79;169.51;170.15;467541
20170331;170.29;171.71;169.75;171.33;526916
20170403;171.83;172.12;169.15;170.72;552305
20170404;170.09;170.9;164.81;165.61;1188856
20170405;165.6;167.45;164.97;165.6;1255399
20170406;165.06;169.14;165.06;167.17;710532
20170407;166.68;167.58;166.25;167.03;399667
20170410;167.76;169.24;167.53;167.6;629817
20170411;167.28;168.41;166.75;168.3;385964
20170412;168.66;169.83;167.27;168.27;683532
20170413;167.98;170.18;167.44;169.44;712761
20170417;169.63;171.44;167.5;168.95;1273878
20170418;168.63;169.05;166.69;168.14;1023200
20170419;168.75;171.08;168.71;170.14;911571
20170420;170.34;172.52;169.89;171.64;901635
20170421;171.49;171.84;169.39;171.51;991112
20170424;173.96;176.82;172.9;174.8;1550866
20170425;177.73;182.94;177.48;180.94;3659915
20170426;181.52;186.29;180.88;185.12;1597398
20170427;185;186.62;183.95;185.86;783712
20170428;185.87;185.94;183.86;185.68;970456
20170501;185.67;187.2;185.6;185.91;700380
20170502;185.9;188.31;185.51;187.66;862093
20170503;187.45;189.23;186.33;187.15;897228
20170504;187.49;188.29;183.72;183.93;998621
20170505;183.83;185.38;183.48;185.14;568276
20170508;185.56;185.98;183.48;183.68;578887
20170509;183.63;185.07;183.38;184.5;597213
20170510;184.4;185.36;183.5;185.25;566121
20170511;185.16;186.08;182.88;185.65;449143
20170512;185.07;185.1;182.84;183.19;597973
20170515;184.03;188.79;183.05;187.83;1377021
20170516;188.35;188.76;184.94;186.94;636144
20170517;184.9;185.91;182.1;182.28;773494
20170518;175.48;178.8;172.97;177.2;1382630
20170519;177.68;180.45;176.61;179.08;793591
20170522;180.08;181.69;179.22;180.13;516671
20170523;180.49;181.14;180.05;180.78;414588
20170524;180.7;181;179.49;179.98;457026
20170525;179.97;182.28;179.04;180.4;542650
20170526;180.72;180.79;178.76;179.13;578151
20170530;179.35;183.88;178.74;183.2;761864
20170531;183.23;185.82;182.68;185.54;755910
20170601;185.57;188.77;185.18;187.81;782664
20170602;188.21;190.92;187.09;189.89;614356
20170605;190;194.97;189.06;191.86;1164402
20170606;191.73;192.78;188.85;188.91;678232
20170607;188.94;190.04;187.92;189.17;540625
20170608;189.15;190;187.99;189.09;509067
20170609;188.81;191.85;188.19;190.98;501509
20170612;191.15;191.84;188.21;190.61;640512
20170613;191.67;194.52;190.37;193.9;694200
20170614;193.96;202.99;193.2;196.54;1330817
20170615;195.14;196.88;194.06;196.24;767308
20170616;195.83;196.33;194.59;195.87;645943
20170619;196.75;198.25;196.09;196.87;566365
20170620;197.42;199.94;194.32;194.56;1169546
20170621;194.92;195.38;192.26;193.81;565528
20170622;194.25;195.75;193.09;195.16;465916
20170623;194.63;194.63;186.52;188.68;1564959
20170626;189.11;191.93;188.92;190.72;780858
20170627;190.84;191.93;188.04;188.52;618957
20170628;189.92;190.3;188.23;188.54;598829
20170629;188.84;189.79;186.51;188.04;653294
20170630;188.27;192.49;188.27;191.62;744840
20170703;191.92;193.03;190.79;191.97;397151
20170705;192.64;194.19;192.64;193.21;416850
20170706;192.28;193.27;188.82;189.7;518504
20170707;190.51;192.91;188.65;192.11;426179
20170710;192.5;193.86;191.85;192.83;368661
20170711;192.84;193.02;189.75;191.25;421960
20170712;192.53;194.08;192.11;192.26;540678
20170713;192.78;193.79;191.67;192.25;652759
20170714;192.64;193.23;190.45;192.29;587742
20170717;194.22;197.54;193.99;195.52;1125581
20170718;195.65;196.53;194.14;196.2;738458
20170719;198.03;200.61;197.62;198.34;923346
20170720;196.35;197.07;188.37;189.74;2269028
20170721;189.51;191.96;188.56;191.22;721592
20170724;190.96;190.96;188.62;190.08;542670
20170725;191.41;192.15;189.49;190.95;716583
20170726;190.71;192.47;189.58;190.19;903927
20170727;182;182.34;175.12;178.24;2557852
20170728;177.09;179;175.51;177.76;1462332
20170731;178.07;178.51;174.18;177.88;925350
20170801;178.09;179.29;175.33;176.48;1051826
20170802;176.28;177.02;174.92;176.58;662267
20170803;176.55;176.78;173.87;175.91;790860
20170804;176.52;178.14;176.01;177.82;742702
20170807;178.1;179.08;176.67;178.39;1066910
20170808;178.06;179.38;177.2;178.54;751141
20170809;177.64;178.4;174.6;175.05;801303
20170810;175;175.47;171.6;171.74;1120484
20170811;171.29;172.66;170.56;171.24;611032
20170814;171.92;174.93;171.81;173.65;641221
20170815;174.02;174.02;172.61;173.19;644811
20170816;173.76;175.31;173.51;174.11;596123
20170817;174;174.33;171.44;171.49;580649
20170818;170.92;171.45;169.74;170.08;607622
20170821;170;170.63;167.77;167.8;820112
20170822;168.16;169.89;167.82;169.31;827295
20170823;168;169.13;167.58;168.37;573271
20170824;169;169.69;167.16;167.35;567827
20170825;168.19;169.2;167.47;168.45;400382
20170828;168.78;169.33;167.03;168.19;400040
20170829;167.4;169.02;167.19;168.02;427800
20170830;168.05;169.74;167.3;168.91;553117
20170831;169.75;172.2;169.75;171.62;648812
20170901;171.65;174.31;171.24;173.29;551587
20170905;173;173.1;170.48;172.14;480587
20170906;172.37;172.59;168.86;170.2;779679
20170907;170.72;170.72;168.47;168.96;728899
20170908;168.18;172.36;168.03;172.29;624785
20170911;173.58;175.63;173.16;173.6;900010
20170912;174.23;176.42;173.86;176.34;515465
20170913;176.74;177;173.71;175.89;530910
20170914;174.6;176.31;173.89;175.13;785339
20170915;173.12;174.11;170.44;171.86;1176681
20170918;172.31;172.53;170.09;170.84;556803
20170919;170.81;171.68;169.51;171.06;820442
20170920;171.06;171.75;169.94;170.38;715452
20170921;170.94;172.91;170.08;172.69;588869
20170922;172.86;177.45;172.72;175.23;939925
20170925;175.05;178.32;174.83;177.29;816710
20170926;177.8;182.25;177.19;181.63;1016635
20170927;182.1;182.25;179.82;181.53;755454
20170928;181.6;183.94;180.92;183.57;812554
20170929;183.17;185.74;182.59;184.44;467922
20171002;185.4;185.95;182.61;183.9;830868
20171003;184.61;185.75;182.71;185.09;652118
20171004;185.12;185.91;183.39;185.82;673349
20171005;185.9;190.73;183.14;183.44;1388037
20171006;183.56;183.76;180.7;181.33;794964
20171009;181.72;181.83;178.91;179.96;676981
20171010;180.81;180.81;176.07;177.18;1264635
20171011;177.13;177.87;175.85;176.91;641020
20171012;176.66;177.9;175.92;177.1;700622
20171013;177.98;179.44;176.33;178.78;593356
20171016;178.16;178.16;175.08;176.77;637973
20171017;176.67;176.67;174.73;176.34;798922
20171018;176.43;178.28;175.43;176.79;632357
20171019;176.54;178.23;175.5;177.96;381727
20171020;178.87;183.14;178.82;182.46;894871
20171023;182.5;183.88;180.89;182.5;1524855
20171024;164.95;168.6;162.01;163.26;9479958
20171025;162.72;163;159.71;160.94;2497223
20171026;161.13;163.1;160.57;161.51;1531097
20171027;161.64;162.94;160.63;161.41;1250981
20171030;161;161.99;160.56;161.66;910196
20171031;161.77;164.83;160.63;163.93;1138772
20171101;165;167.45;163.63;164.42;1137854
20171102;163.72;164.67;160.94;163.41;985406
20171103;163.53;166.23;163.31;163.86;951341
20171106;163.53;163.92;162.55;163.42;496218
20171107;163.37;163.5;162.1;162.56;732895
20171108;162.67;163.07;161.81;162.77;543639
20171109;161.76;162.92;161.29;162.74;687854
20171110;162.54;162.96;161.68;162.05;704511
20171113;161.5;162.47;161.43;161.67;490846
20171114;161.97;161.97;159.97;161;620105
20171115;159.58;162.24;158.8;161.57;736745
20171116;161.57;164.47;161.25;162.88;639121
20171117;162.42;166.08;161.75;165.4;808569
20171120;165.87;166.85;164.72;165.2;553935
20171121;165.82;169.88;164.21;168.88;1400855
20171122;168.8;169.44;166.17;166.64;889597
20171124;167.84;168.75;166.83;167.82;336316
20171127;167.7;167.99;164.93;165;985763
20171128;165.02;167.83;163.77;167.48;1722203
20171129;167.57;170.21;167.02;168.99;1420536
20171130;169.9;171.58;167.04;168.57;988149
20171201;168.43;169.18;164.51;167.46;776849
20171204;169.4;171.4;168.32;169.63;1098113
20171205;168.8;170.09;166.69;169.12;693498
20171206;169.39;170.8;168.9;169.11;463325
20171207;170.05;171.28;169.01;170.49;742880
20171208;170.88;170.88;168.47;169.7;579166
20171211;169.33;169.86;166.67;167.87;1151762
20171212;168.64;168.79;165.98;166.51;859185
20171213;166.92;168.19;166.65;167.04;506064
20171214;167.3;167.88;162.92;163.92;850373
20171215;164.34;165.11;163.22;164.49;1205687
20171218;165.3;166;164.73;165.36;735926
20171219;165.61;166.87;164.7;166.1;560960
20171220;166.26;166.7;164.77;164.88;415073
20171221;165.4;170.79;165.34;169.61;1240295
20171222;170.05;172.3;169.03;171.68;705373
20171226;171.71;173.2;169.77;170.16;469556
20171227;169.94;170.87;169.64;170.08;329494
20171228;170.28;170.76;169.16;170.67;281270
20171229;170.53;171.68;168.26;168.64;399759
20180102;169.17;169.95;167;167.99;675996
20180103;168.28;169.55;167.9;168.84;963157
20180104;169.91;170.25;168.1;168.82;617559
20180105;168.88;169.32;167.73;168.48;561187
20180108;168.6;170.43;167.91;169.05;918863
20180109;169.56;169.83;167.94;168.37;1108711
20180110;167.04;167.12;164.33;166.21;827694
20180111;166.86;169.3;164.52;169.03;953738
20180112;169.81;172.99;168.49;172.75;1081757
20180116;173;173.2;167.64;168.95;844276
20180117;169.78;172.3;168.54;171.38;805092
20180118;171.92;172.05;166.66;167.39;1061482
20180119;167.36;167.81;165.5;167.53;879683
20180122;166.95;166.95;163.77;166.65;1109286
20180123;176.16;177;170.4;171.98;2152063
20180124;173.68;181.89;173.48;178.97;2261389
20180125;180.01;187.47;179.02;183.09;2563883
20180126;185.74;186.95;184.5;185.97;1472157
20180129;184.41;184.9;182.2;182.5;968139
20180130;181.72;183.09;180.06;182.07;843016
20180131;183;183.6;180.45;181.42;822514
20180201;180.62;184.5;180.41;182.49;799249
20180202;181.27;181.59;177.26;178.06;852221
20180205;176.97;179.11;171.53;171.88;1295595
20180206;168.58;174.44;167.51;173.81;1298300
20180207;173.19;176.46;171.47;171.52;862497
20180208;170.99;171;164.94;164.95;933637
20180209;168.28;171.4;163.63;167.01;1635862
20180212;169.03;172.49;168.03;171.05;930899
20180213;170.4;171.67;168.89;170.19;592143
20180214;168.98;172.66;168.08;171.21;751590
20180215;172.81;177.59;171.46;176.74;894907
20180216;176.46;180;172.16;172.7;1288373
20180220;172.3;173.34;167.77;168.5;1059071
20180221;168.85;169.22;166.26;166.29;1151983
20180222;166.64;168.65;166.25;168.48;679430
20180223;169.69;172.55;168.48;171.44;750272
20180226;171.44;171.64;166.29;168.09;1039596
20180227;168.67;169.54;165.2;165.24;554284
20180228;165.25;166.34;161.91;162.43;1021155
20180301;160.7;163.92;158.62;160.57;1439787
20180302;159.66;159.66;156.37;158.65;1086626
20180305;157.96;160.2;157.88;158.58;880222
20180306;159.45;161.9;159.45;161.42;837631
20180307;160.75;161.75;157.71;158.6;725010
20180308;159.12;159.67;156.89;158.78;657192
20180309;159.85;164.24;158.47;164.06;973305
20180312;164.76;165.14;162.96;163.31;536100
20180313;164.01;164.61;162.1;162.72;457405
20180314;163.86;163.86;159.86;160.12;533572
20180315;160.15;160.87;158.98;160.48;649559
20180316;160.87;162.69;159.77;159.82;948434
20180319;158.9;159;156.55;158;1088266
20180320;158.91;159.07;156.02;157.26;1064793
20180321;157.8;159.01;157.12;158.24;705835
20180322;157.07;158.38;155.47;155.48;804757
20180323;155.89;156;152.4;152.63;1155582
20180326;154.65;154.9;152.46;153.44;668691
20180327;153.41;154.33;151.5;152.8;751847
20180328;152.8;153.38;150.22;151.17;797695
20180329;152.08;154.19;151.96;153.11;508315
20180402;152.55;152.88;148.62;150.46;989868
20180403;150.91;152.12;150.04;151.23;548791
20180404;146;151.88;145.59;151.6;1491952
20180405;152.94;153.5;151.66;152.61;880964
20180406;151.72;151.9;146.4;148.52;927931
20180409;147.94;149.48;146.72;146.79;715066
20180410;148.03;150.5;147.93;149.82;755913
20180411;148.91;150.51;148.79;148.93;433652
20180412;149.11;150;148.67;149.03;528897
20180413;150.25;150.87;147.97;148.59;390938
20180416;150.28;154.18;149.72;153.57;973903
20180417;154.6;156.09;153.42;153.53;835001
20180418;153.8;156.55;153.8;154.72;534633
20180419;153.97;154.6;150.42;152.01;576844
20180420;151.66;152.55;148.11;149.37;878458
20180423;149.37;150.78;148.73;150.32;1122738
20180424;157;159.76;155.62;155.96;3734625
20180425;155.49;156.63;154;155.48;1500229
20180426;156.12;156.66;153.24;155.85;1120827
20180427;155.79;158.14;154.77;157.75;1006200
20180430;157.74;157.98;154.77;154.95;901291
20180501;154.2;156.47;152.72;155.92;1138966
20180502;156.06;156.23;153.84;154.24;893810
20180503;153.59;153.92;150.21;151.74;1510594
20180504;151.2;154.11;151.09;153.3;1019232
20180507;153.54;154.78;153.04;153.4;1088776
20180508;153.56;155.28;153.05;153.98;726674
20180509;154.06;155.54;152.89;154.6;835239
20180510;155.38;156.92;154.7;155.62;911937
20180511;155.34;156.65;155.05;155.97;746808
20180514;156.12;158.45;156.02;157.65;1101509
20180515;157.04;158;156.59;157.26;1757712
20180516;157.41;160.43;157.17;159.56;2060618
20180517;159;162.11;158.18;161.85;3897050
20180518;161.98;164.23;161.26;162.68;3732876
20180521;164.85;166.4;163.5;164.95;4571017
20180522;165;167.54;164.25;164.3;6635106
20180523;164.45;165.96;162.63;164.65;4099825
20180524;157.94;158.8;150.75;151.01;6791684
20180525;150.96;153.48;150;151.07;4434457
