20100104;24.35;24.45;24.12;24.27;1754143
20100105;24.2;24.25;23.83;24.18;1622912
20100106;24.31;24.45;24.08;24.25;2223558
20100107;24.21;24.6;23.94;24.56;1932325
20100108;24.44;24.69;24.28;24.66;1110764
20100111;24.74;24.92;24.27;24.89;1635738
20100112;24.8;25.21;24.68;24.78;1880434
20100113;24.85;25.05;24.68;24.99;1602851
20100114;24.98;25.08;24.71;24.95;1501966
20100115;25.03;25.2;24.76;24.88;2277718
20100119;24.9;25.24;24.71;25;1597895
20100120;24.77;24.87;24.4;24.52;1580843
20100121;26.28;26.89;26.15;26.77;8645287
20100122;26.75;26.99;26.44;26.59;2849572
20100125;26.81;26.92;26.48;26.59;2151159
20100126;26.57;26.98;26.43;26.78;2308989
20100127;26.72;26.88;26.38;26.82;1901325
20100128;26.59;26.87;26.4;26.52;2652057
20100129;26.64;26.66;26.06;26.26;2687313
20100201;26.42;26.97;26.23;26.9;2957839
20100202;26.77;28.15;26.76;28;3669815
20100203;27.79;28.46;27.66;28.29;2708040
20100204;28.04;28.19;27.71;27.92;2618903
20100205;27.82;27.85;27.11;27.7;2262993
20100208;27.7;28.49;27.69;27.84;2380231
20100209;28.06;28.31;27.78;28.13;2572068
20100210;27.95;28.27;27.75;28.03;1923042
20100211;28.04;28.48;27.82;28.44;1636237
20100212;28.1;28.43;27.92;28.33;1922312
20100216;28.47;29.23;28.47;29.18;1543062
20100217;29.26;29.5;29.15;29.43;1323306
20100218;29.38;29.83;29.32;29.76;1533787
20100219;29.7;29.7;29.35;29.42;1481504
20100222;29.42;29.65;29.41;29.55;1129199
20100223;29.49;29.74;29.3;29.33;1242915
20100224;29.45;30.04;29.45;30.01;2390080
20100225;29.81;30.35;29.5;30.29;2138305
20100226;30.37;30.37;30;30.07;1253850
20100301;30.23;31.12;30.15;31.08;3037885
20100302;31.06;31.1;30.72;30.86;2852965
20100303;30.81;30.94;30.54;30.59;1479171
20100304;30.68;30.8;30.5;30.54;1605556
20100305;30.72;30.97;30.19;30.83;1284221
20100308;31;31.18;30.65;31.17;1373537
20100309;31;31.09;30.73;30.83;1280479
20100310;30.74;31.03;30.66;30.93;1115982
20100311;30.87;31.64;30.85;31.6;1597741
20100312;31.68;31.8;31.48;31.76;1030404
20100315;31.76;31.77;31.26;31.56;1668919
20100316;31.54;31.76;31.44;31.72;1026998
20100317;31.74;32.1;31.69;31.97;925571
20100318;32;32.14;31.7;31.9;864364
20100319;31.95;32.5;31.37;31.57;1362053
20100322;31.43;32.53;31;32.48;1477113
20100323;32.41;32.69;32.23;32.65;934013
20100324;32.56;32.63;31.84;31.85;1637905
20100325;31.98;32.3;31.68;31.7;1242143
20100326;31.73;32.02;31.6;31.96;1690391
20100329;32.08;32.59;32.03;32.54;1248490
20100330;32.61;32.88;32.42;32.75;1441563
20100331;32.67;32.74;32.23;32.44;1229965
20100401;32.58;32.87;32.53;32.79;974004
20100405;32.84;32.99;32.31;32.38;1533420
20100406;32.2;32.34;31.42;31.64;2931122
20100407;31.68;31.85;31.27;31.74;1621449
20100408;31.63;32.17;31.26;32.02;1206728
20100409;32.12;32.78;32.06;32.73;1348438
20100412;32.76;33.1;32.68;32.96;1145375
20100413;32.91;33.09;32.7;32.92;1952938
20100414;32.94;33.4;32.93;33.35;1220261
20100415;33.35;33.72;33.2;33.6;1029618
20100416;33.43;34.06;33.42;33.95;1846856
20100419;33.86;34.05;33.23;33.71;1956442
20100420;33.87;34.31;33.63;34.28;1341081
20100421;34.25;34.25;33.49;33.81;2266191
20100422;33.67;34.51;33.41;34.49;2312944
20100423;34.47;34.8;34.25;34.75;1375341
20100426;34.6;35.65;34.6;34.99;3731691
20100427;32.86;33.95;32.33;33.53;6417619
20100428;33.78;33.92;32.98;33.3;2169857
20100429;33.41;33.57;32.99;33.1;2085444
20100430;33;33.33;32.85;32.96;1637820
20100503;33.05;33.18;32.86;33.06;1530551
20100504;32.74;32.85;32.25;32.53;2378940
20100505;32.3;32.47;31.33;31.4;3360036
20100506;31.3;31.44;28.25;30.4;4588504
20100507;30.38;30.38;29.03;29.27;4307105
20100510;30.47;31.49;30.29;31.41;4069405
20100511;31.36;31.95;31;31.57;2621780
20100512;31.68;31.98;31.47;31.95;1429519
20100513;31.85;32.21;31.6;31.6;1690802
20100514;31.47;31.47;30.32;30.52;3018593
20100517;30.51;30.93;30.07;30.89;2566120
20100518;31.08;31.31;30.04;30.22;2486200
20100519;30.09;30.23;29.6;30.04;1712014
20100520;29.47;29.61;28.93;29.03;2822110
20100521;28.68;29.52;28.25;29.45;2353929
20100524;29.38;29.55;29.06;29.3;1642358
20100525;28.42;28.83;28.18;28.79;2263624
20100526;28.97;29.23;28.23;28.24;4163486
20100527;28.69;29.39;28.69;29.35;2226675
20100528;29.32;29.53;29.09;29.14;1494778
20100601;28.82;29.49;28.59;28.96;2315168
20100602;29.02;29.41;28.67;29.35;1701559
20100603;29.5;29.86;29.5;29.76;1815629
20100604;29.08;29.19;27.61;27.67;3140504
20100607;27.71;28.05;27.37;27.45;3704357
20100608;27.41;28.11;27.09;28.04;2341491
20100609;28.07;29.14;28.04;28.5;2316660
20100610;28.77;29.09;28.74;29.06;1513878
20100611;28.76;28.94;28.37;28.93;1811034
20100614;29.01;29.36;28.71;29.08;1893259
20100615;29.2;30.15;29.03;30.13;1839118
20100616;29.85;30.01;29.56;29.73;1911295
20100617;29.92;29.92;29.28;29.87;1468732
20100618;29.78;30.09;29.66;29.97;1493153
20100621;30.4;30.4;29.33;29.49;1554777
20100622;29.46;29.84;28.81;28.88;1419575
20100623;28.85;28.85;28.2;28.67;1386742
20100624;28.52;28.6;28.18;28.26;1210632
20100625;28.36;28.53;27.97;28.12;1221018
20100628;28.23;28.35;27.95;28.1;611118
20100629;27.91;27.91;27.4;27.7;1739481
20100630;27.7;28.31;27.67;27.87;1833517
20100701;27.89;28.53;27.7;28.45;2335172
20100702;28.1;29;28.05;28.7;1862621
20100706;29.08;29.95;28.99;29.33;2587439
20100707;29.44;30.2;29.44;30.2;2084834
20100708;30.44;30.8;30.14;30.75;1340513
20100709;30.68;31.36;30.6;31.1;1902615
20100712;30.95;31.22;30.75;31.08;1333066
20100713;31.36;32.02;31.24;31.87;1744816
20100714;31.7;32.56;31.52;32.56;2301899
20100715;32.49;32.5;32.06;32.47;3128549
20100716;32.24;32.31;31.59;31.74;1649153
20100719;31.95;32.05;31.24;31.41;1422595
20100720;31.13;31.22;30.48;31.21;2315242
20100721;31.34;31.53;30.37;30.58;1677975
20100722;30.88;31.27;30.73;31.14;1618400
20100723;30.47;31.35;30.26;31.34;2549092
20100726;30.78;31.49;30.7;31.49;2487116
20100727;31.63;31.95;31.49;31.72;2335477
20100728;31.68;31.68;30.95;31;1350850
20100729;31.12;31.46;30.89;31.2;1700389
20100730;30.94;31.28;30.83;31.13;1539666
20100802;31.61;32.08;31.22;31.73;1973776
20100803;31.7;31.74;31.09;31.39;1721741
20100804;31.52;31.77;31.4;31.64;1399599
20100805;31.49;31.91;31.38;31.66;1441944
20100806;31.35;31.87;31.27;31.73;1291173
20100809;31.83;32.15;31.83;31.97;1191989
20100810;31.65;31.69;31.38;31.48;1616510
20100811;30.88;31.01;30.05;30.18;2654447
20100812;27.37;29.58;27.31;29.4;9067917
20100813;29.24;29.36;28.65;28.91;2121719
20100816;28.77;28.8;28.42;28.72;2446841
20100817;28.86;29.56;28.64;29.28;2256163
20100818;29.3;29.62;29.07;29.36;1646670
20100819;29.25;29.32;28.72;29.02;1320016
20100820;28.78;28.97;28.56;28.7;1265481
20100823;28.85;28.94;28.24;28.28;1640283
20100824;27.85;28.38;27.75;28.24;1717376
20100825;28.01;28.54;27.94;28.46;1696672
20100826;28.53;28.7;28.28;28.33;1399238
20100827;28.54;28.78;28.11;28.68;966264
20100830;28.62;28.62;27.83;27.86;1544412
20100831;27.66;28.3;27.66;28.04;1837431
20100901;28.42;29.09;28.42;29.04;1373287
20100902;28.99;29.21;28.84;29.18;1031455
20100903;29.38;29.9;29.24;29.56;1563159
20100907;29.39;29.39;28.7;28.79;1517035
20100908;28.87;29.32;28.8;29.18;1017750
20100909;29.43;29.56;29.05;29.18;940390
20100910;29.27;29.47;29.18;29.32;932666
20100913;29.67;29.72;29.28;29.42;1332889
20100914;29.3;29.79;29.19;29.49;1158369
20100915;29.57;29.78;29.27;29.66;1160925
20100916;29.62;29.79;29.42;29.6;1285435
20100917;29.69;29.8;29.35;29.44;1777131
20100920;29.48;30.2;29.48;30.18;1299579
20100921;30.19;30.43;30.09;30.16;1257452
20100922;30.15;30.32;29.9;30.18;1204027
20100923;29.98;30.27;29.82;30.02;1970194
20100924;30.4;31.03;30.33;30.7;1183186
20100927;30.84;30.94;30.6;30.65;706590
20100928;30.79;31.45;30.47;31.4;1698199
20100929;31.34;32.35;31.27;32.06;2441495
20100930;32.1;32.22;31.3;31.62;1261700
20101001;32.01;32.03;31.32;31.65;1203720
20101004;31.42;31.84;31.23;31.47;688993
20101005;31.74;31.92;31.47;31.89;1305986
20101006;31.73;31.88;31.28;31.28;1481870
20101007;31.42;31.83;31.34;31.5;1090884
20101008;31.5;32.98;31.5;32.83;1798685
20101011;32.81;32.93;32.63;32.7;711883
20101012;32.73;33.92;32.73;33.5;2255510
20101013;33.67;33.67;33.08;33.27;1798099
20101014;33.29;33.45;32.8;33.25;1043087
20101015;33.53;33.84;33.5;33.62;1173513
20101018;33.69;33.92;33.35;33.52;986293
20101019;33.13;33.49;32.7;32.76;1428418
20101020;32.69;33.24;32.6;33.12;1137777
20101021;33.33;33.87;33.01;33.06;1806885
20101022;33.14;33.34;32.99;33.13;967770
20101025;33.38;33.49;32.74;32.74;1164187
20101026;32.59;32.68;32.24;32.41;1203490
20101027;32.15;32.64;31.96;32.38;1167543
20101028;32.42;32.77;31.83;32.2;1463094
20101029;34.63;37.16;34.63;35.59;6023317
20101101;35.19;35.49;34.56;34.93;2281144
20101102;35.08;35.37;34.72;35.28;1423860
20101103;35.27;35.67;35.03;35.49;1312916
20101104;35.9;36.57;35.85;36.06;1781799
20101105;36.01;36.23;35.88;36.08;960538
20101108;36.35;36.45;35.67;35.92;1094121
20101109;35.91;35.91;35.25;35.51;1452129
20101110;35.42;35.42;35.03;35.24;1562610
20101111;35.05;35.94;34.88;35.94;1320214
20101112;35.6;35.95;35.35;35.89;1285789
20101115;35.94;36.56;35.66;36.36;1489449
20101116;36.06;36.1;35.33;35.49;1218058
20101117;35.19;36.2;35.12;36.17;1180137
20101118;36.94;37.57;36.56;37.24;3597274
20101119;37.13;37.82;37.01;37.69;3516696
20101122;37.53;38.15;37.41;38.13;2728837
20101123;37.81;37.94;37.59;37.77;1436144
20101124;37.8;38.09;37.66;37.95;1328878
20101126;37.66;38.18;37.65;37.9;464427
20101129;37.55;37.65;37.05;37.45;1432700
20101130;37.24;37.6;37;37.46;1738060
20101201;38.14;38.58;38.14;38.58;1495551
20101202;38.42;39.02;38.32;39.02;1412845
20101203;38.92;38.98;38.53;38.67;1279978
20101206;38.66;39.05;38.61;38.95;1222786
20101207;39.24;39.41;38.92;39.02;1015534
20101208;38.91;39.12;38.63;38.7;832549
20101209;38.85;39.28;38.72;39.12;1238937
20101210;39.12;39.29;38.7;39.05;906950
20101213;39.09;39.09;38.16;38.35;2438574
20101214;38.37;39.72;38.37;39.47;1594112
20101215;39.31;39.49;39.13;39.21;802317
20101216;39.24;39.27;38.82;39.17;590114
20101217;39.09;39.72;39.07;39.65;936298
20101220;39.65;39.75;39.24;39.54;876859
20101221;39.78;40.08;39.65;40.04;879269
20101222;40.03;40.06;39.73;39.91;495094
20101223;39.77;40.12;39.73;39.96;360698
20101227;39.78;39.99;39.65;39.83;449444
20101228;39.88;39.9;39.56;39.8;526325
20101229;39.88;39.95;39.83;39.87;273465
20101230;39.8;40.05;39.67;39.84;510724
20101231;39.81;40.72;39.78;40.35;1034932
20110103;40.62;40.65;40.09;40.22;1063360
20110104;40.35;40.91;40.21;40.87;1566455
20110105;41.16;41.58;40.88;41.31;1757651
20110106;41.52;41.57;40.31;40.54;1529971
20110107;40.69;40.84;39.84;40.31;1920977
20110110;40.13;40.73;40.03;40.66;1321587
20110111;40.74;41.45;40.67;41.41;1515924
20110112;41.63;41.93;41.6;41.76;1805045
20110113;41.67;42.02;41.62;41.9;834071
20110114;41.9;42.01;41.74;42;821650
20110118;42.1;42.11;41.67;41.91;1162206
20110119;41.84;42.1;41.66;41.86;1001364
20110120;41.75;41.85;41.53;41.81;1173502
20110121;41.93;42.35;41.81;41.87;919281
20110124;41.96;42.07;41.63;41.73;811895
20110125;41.71;41.75;40.43;40.56;1954624
20110126;40.58;40.94;40.39;40.73;1600211
20110127;40.72;40.92;40.56;40.73;1874885
20110128;40.74;40.85;39.99;40.04;837072
20110131;40.31;40.67;40.25;40.25;1223820
20110201;40.44;40.76;40.4;40.69;1440967
20110202;40.45;40.63;39.85;40.28;1620410
20110203;43;46.42;42.86;45.97;5663360
20110204;45.92;47.17;45.52;46.5;2016498
20110207;45.47;46.73;45.15;45.68;2495560
20110208;45.39;46.44;45.28;46.24;1077683
20110209;46.03;46.5;45.6;46.46;1181913
20110210;46.21;46.5;45.61;46.42;930904
20110211;46.21;47.39;46.05;47.08;1541301
20110214;46.86;47.78;46.55;47.38;1005391
20110215;47.18;47.45;46.74;46.87;755417
20110216;47.18;47.56;47.02;47.12;804162
20110217;46.91;47.17;46.61;46.88;872218
20110218;46.77;47.63;46.68;47.24;1061216
20110222;46.77;46.77;45.37;45.43;1366940
20110223;45.58;46.07;44.8;45.2;1286492
20110224;45.15;46.03;45.13;45.73;1122165
20110225;45.83;46.54;45.83;46.5;836156
20110228;46.56;47.3;46.39;47.21;1221728
20110301;47.24;47.49;45.74;45.86;1658723
20110302;45.79;46.52;45.49;46.42;1099622
20110303;46.47;46.67;45.69;45.96;1338265
20110304;45.9;46.23;45.51;46.2;809117
20110307;46.27;46.51;45.41;45.45;1175920
20110308;45.61;46.41;45.51;46.21;991687
20110309;46.06;46.43;45.74;46.36;839029
20110310;45.79;46.56;45.67;46.13;866241
20110311;46;46.58;45.22;46.44;773842
20110314;46.06;46.13;44.99;45.51;686418
20110315;43.98;44.82;43.37;44.54;1212244
20110316;44.51;44.95;43.76;43.77;1378155
20110317;44.36;44.55;44.06;44.08;700316
20110318;44.27;44.79;43.69;44.68;1402228
20110321;45.17;45.98;44.87;45.95;911994
20110322;46.13;46.39;45.19;45.42;591710
20110323;45.34;45.42;45.03;45.24;593633
20110324;45.38;46.27;45.17;46.24;850816
20110325;46.24;47.56;46.24;47.24;1293950
20110328;47.26;48.33;47.22;47.99;1555901
20110329;47.92;47.97;47.4;47.53;1038447
20110330;47.85;48.04;47.74;47.94;1017129
20110331;47.91;48.25;47.81;48.18;1277156
20110401;48.37;48.45;47.62;47.97;1461325
20110404;48.16;48.16;47.74;47.75;1167224
20110405;47.6;47.79;47.46;47.62;1217002
20110406;47.83;48.05;47.42;47.49;781466
20110407;47.5;48.13;47.03;48.01;1434261
20110408;48.3;48.37;47.37;47.53;766804
20110411;47.71;47.84;47.31;47.53;550468
20110412;47.31;47.74;46.97;47.25;613058
20110413;47.49;48.07;47.15;47.99;1012562
20110414;47.72;47.79;47.35;47.48;627425
20110415;47.67;48.36;47.31;48.19;1138240
20110418;47.6;47.6;46.68;47.26;1591757
20110419;47.28;47.41;46.92;47.34;1466898
20110420;47.95;47.95;47.27;47.33;1868532
20110421;47.56;47.65;47.01;47.3;631081
20110425;47.1;47.29;46.84;46.94;590973
20110426;47.14;47.53;46.97;47.25;679730
20110427;47.5;47.86;47.3;47.73;799634
20110428;47.74;48.68;47.64;48.51;1154021
20110429;48.54;48.6;48.19;48.5;805292
20110502;48.95;48.95;48.14;48.3;998078
20110503;48.34;48.34;47.64;48.09;816684
20110504;48;48.14;47.55;47.91;1287617
20110505;46.41;49;46.41;48.5;2873021
20110506;48.64;49.27;47.82;49.03;1685088
20110509;49.21;51.5;49.05;51.27;2202906
20110510;51.16;52;50.9;51.16;1953816
20110511;50.83;51.12;49.7;50.01;1138355
20110512;49.82;50.74;49.5;50.67;925066
20110513;50.42;50.83;49.84;50.09;587782
20110516;50.03;50.29;49.49;50.06;773904
20110517;49.95;50.36;49.87;50.12;835975
20110518;50.17;51.29;50.1;51;1070312
20110519;51.05;51.44;50.75;50.9;1004785
20110520;50.88;51.02;50.26;50.33;847393
20110523;49.81;49.81;49.03;49.16;1064862
20110524;49.36;49.81;49.36;49.43;555773
20110525;49.09;49.53;48.63;49.45;798582
20110526;49.21;49.81;49.05;49.8;553100
20110527;49.82;50.9;49.79;50.21;741496
20110531;50.75;51.26;50.65;51.26;1210351
20110601;51.2;51.45;50.09;50.15;793815
20110602;50.1;50.53;49.5;49.74;740234
20110603;49.18;49.38;48.9;49.05;830766
20110606;48.93;48.93;48.31;48.56;832965
20110607;48.76;49.05;48.36;48.4;814449
20110608;48.43;48.49;47.48;47.62;1490708
20110609;47.52;48.75;47.52;48.4;1246976
20110610;48.15;48.27;47.58;48.04;927898
20110613;48.03;48.76;47.92;48.4;772016
20110614;49.1;50.1;49;49.8;1309130
20110615;49.31;49.59;48.28;48.58;1013610
20110616;48.68;48.83;47.73;48.43;929577
20110617;48.78;49.16;48.61;48.66;782496
20110620;48.68;49.7;48.66;49.62;653301
20110621;49.93;51.41;49.86;51.21;897318
20110622;50.89;51.94;50.71;50.77;1262233
20110623;50.07;50.34;49.21;50.27;1003374
20110624;50.37;50.63;49.94;50.43;1350962
20110627;50.55;50.95;50.31;50.56;652130
20110628;50.83;51.62;50.55;51.59;665920
20110629;51.74;53.29;51.74;52.57;1665137
20110630;52.74;52.88;52.23;52.6;923124
20110701;52.62;52.86;52.02;52.54;1642099
20110705;52.56;53.2;52.41;52.99;1632654
20110706;52.88;53.52;52.8;53.28;775276
20110707;52.94;53.47;52.2;52.9;1077422
20110708;52.75;53.03;52.24;52.95;1015504
20110711;52.17;52.54;52;52.15;725628
20110712;52.23;52.49;51.41;51.97;1133099
20110713;52.21;53.55;52.06;52.66;1806470
20110714;52.86;53.16;52.25;52.51;769151
20110715;52.6;52.87;52.23;52.58;990271
20110718;52.47;52.58;51.93;52.42;763503
20110719;52.78;53.67;52.78;53.46;549770
20110720;53.46;53.56;52.72;53.07;598083
20110721;53.41;54.11;53.24;53.62;825867
20110722;53.72;54.39;53.54;53.62;885100
20110725;53.24;53.81;53.08;53.45;684035
20110726;53.26;53.69;53.08;53.22;679875
20110727;52.88;53.15;52.25;52.33;995750
20110728;52.49;53.21;52.48;52.72;912167
20110729;52.13;52.98;51.76;52.46;960608
20110801;53.04;53.08;51.58;52.33;922039
20110802;51.97;52.82;50.83;50.9;1238504
20110803;51.01;51.11;49.65;50.37;2077074
20110804;49.76;50.03;47.46;47.46;2293039
20110805;48.18;48.29;46.32;47.74;2209867
20110808;46.45;46.98;43.54;43.75;2467115
20110809;44.26;45.6;42.83;45.53;3834418
20110810;44.66;46.97;43.96;45.69;2907705
20110811;45.88;49.69;45.75;49.1;2837248
20110812;49.1;52.11;48.76;50.43;3499755
20110815;47.34;48.19;44.05;47.14;7130295
20110816;47.57;48.43;46.37;46.98;2497426
20110817;47.04;48.18;47.02;47.55;1556581
20110818;46.42;46.61;44.8;45.75;2744948
20110819;45.07;45.72;44.15;44.29;2535625
20110822;45.1;45.42;43.88;44.24;2117766
20110823;44.45;46.06;44.45;46.04;2152487
20110824;45.93;46.69;45.45;46.65;2098118
20110825;46.84;47.24;46.33;46.61;1305324
20110826;46.38;48.17;45.67;47.96;1430150
20110829;48.39;49.17;48.29;48.4;1627850
20110830;48.3;49.12;48.04;48.77;1327370
20110831;49.15;49.55;48.42;48.83;1133510
20110901;48.66;49.76;48.33;49.09;1432950
20110902;48.29;48.95;47.85;48.02;1052926
20110906;46.69;47.66;46.18;47.6;1126641
20110907;48.42;48.93;48.31;48.71;1588187
20110908;48.51;49.46;48.46;48.72;997902
20110909;48.23;48.23;46.81;47.2;1133103
20110912;46.52;47.26;46.21;46.7;1287474
20110913;46.9;47.93;46.65;47.8;1018365
20110914;48.04;49.22;47.41;48.65;971788
20110915;50.57;50.57;48.98;49.51;2237274
20110916;50.04;50.95;49.68;50.85;1407061
20110919;49.99;50.9;49.93;50.61;1500187
20110920;50.84;53.21;50.84;51.44;2079218
20110921;51.37;51.99;49.8;49.8;1271032
20110922;48.35;48.67;46.63;46.98;2104205
20110923;46.74;47.9;46.2;47.57;1696342
20110926;48.66;48.94;46.22;47.32;2103986
20110927;48.36;49.8;47.91;48.56;1816632
20110928;48.57;48.62;45.26;45.45;2477819
20110929;46.13;46.4;43.1;44.47;3181859
20110930;44.11;44.69;43.5;43.92;2347847
20111003;43.55;44;41.96;42.1;2109228
20111004;41.33;43.78;40.76;43.69;2757074
20111005;43.67;44.23;43.12;43.99;1203026
20111006;43.82;45.22;43.79;44.9;1577447
20111007;45.26;47.17;45.2;45.84;1956057
20111010;46.53;47.14;46.26;47.08;980319
20111011;46.84;47.46;46.63;47.08;777130
20111012;47.76;48.88;47.39;48.27;1395393
20111013;48.07;48.62;47.74;48.37;795152
20111014;48.84;49.43;48.34;48.99;635159
20111017;48.85;49.34;47.68;47.83;712850
20111018;47.73;48.31;46.65;47.92;1001623
20111019;48.03;48.27;47;47.21;813800
20111020;47.57;48.28;47.24;47.7;1012241
20111021;48.2;48.64;48.08;48.48;1124030
20111024;48.61;49.72;48.47;49.68;882420
20111025;49.35;49.41;48.22;48.31;774770
20111026;48.73;48.8;47.6;48.55;860375
20111027;49.89;51.43;49.74;51.06;1348280
20111028;50.98;51.4;50.33;50.71;953916
20111031;50.43;50.78;49.21;49.23;1141734
20111101;47.88;49.25;47.06;48.88;2183594
20111102;49.62;50.68;49.31;50.42;2036992
20111103;56.98;60.37;55.78;59.46;4677452
20111104;58.49;59.7;57.85;58.97;2061141
20111107;58.67;58.87;58.07;58.84;1840924
20111108;58.2;59;57.96;58.78;1395522
20111109;57.75;58.21;56.89;57.47;1428772
20111110;58.05;58.53;56.98;57.99;1305508
20111111;58.42;58.5;57.34;57.53;1192868
20111114;57.07;58.24;56.7;57.68;1107884
20111115;57.43;58.19;57.13;57.87;2373312
20111116;57.21;58.1;56.82;57.17;1076142
20111117;56.98;57.52;55.8;56.5;1043814
20111118;56.68;57.09;56.17;56.27;770499
20111121;55.36;55.36;54.08;54.47;1361564
20111122;54.61;56.2;54.61;55.49;1397040
20111123;54.35;54.35;53.01;53.81;1073068
20111125;53.18;54.28;52.61;53.62;412355
20111128;55.27;57.09;55.27;56.13;1076610
20111129;56.46;56.46;55.49;55.53;812568
20111130;57.46;59.08;57.46;58.99;1424928
20111201;58.5;59.13;57.7;57.8;714155
20111202;58.73;59.5;57.92;58.04;779736
20111205;58.96;59.12;56.86;57.33;1302638
20111206;57.51;57.51;56.07;56.11;1367677
20111207;55.93;57.15;55.68;56.88;1021166
20111208;56.44;56.48;55.5;55.69;690512
20111209;55.92;55.92;54.06;54.63;1702958
20111212;54.16;54.76;53.62;54.28;1225797
20111213;54.73;55.45;53.6;53.81;917032
20111214;53.62;53.81;52.59;52.79;813303
20111215;53.35;53.43;52.88;53.18;988172
20111216;53.58;54.17;53.35;54.06;1604123
20111219;54.66;54.96;53.64;53.75;1534593
20111220;54.63;55.15;54.38;54.51;1742075
20111221;54.4;55.4;54.3;55.36;637574
20111222;55.28;55.75;55.02;55.28;740996
20111223;55.38;56.78;54.91;56.72;748513
20111227;56.63;57.44;56.47;57.18;619346
20111228;57.24;57.32;56.36;56.45;747024
20111229;56.41;57.08;56.35;56.91;393869
20111230;57.11;57.26;55.95;56.16;469805
20120103;56.92;57.63;56.15;56.22;982236
20120104;56.05;57.03;56.02;56.43;981261
20120105;56.21;57.06;55.99;56.34;1712157
20120106;56.49;56.57;55.29;55.75;3217243
20120109;55.91;56.07;55.28;55.55;927248
20120110;56.11;56.54;55.85;56.05;1147022
20120111;55.9;55.95;55.19;55.63;919762
20120112;55.68;56.24;55.6;56.03;612363
20120113;55.59;56.26;55.36;56.08;780721
20120117;56.82;57.71;56.81;57.54;984857
20120118;57.53;57.87;57.39;57.75;684761
20120119;57.74;58.24;57.23;58.09;657871
20120120;58.08;58.08;57.23;58.02;611707
20120123;58.19;58.6;56.95;57.48;1568768
20120124;57.04;58.21;56.78;58.08;1596764
20120125;58.33;59.45;57.53;59.21;2118997
20120126;59.38;59.55;57.94;57.99;1866372
20120127;57.82;58.21;57.64;57.98;1942072
20120130;57.44;58.06;57.04;57.72;1501865
20120131;58.2;58.56;57.44;57.93;1774432
20120201;58.4;59.2;58.32;58.9;1569935
20120202;59.13;59.5;58.15;58.85;2301616
20120203;55.5;58.34;54;57.48;9904581
20120206;57.15;57.93;56.8;57.41;3263643
20120207;56.89;57.68;56.18;57.44;2216573
20120208;57.19;57.47;56.62;57.07;2039323
20120209;57;57.68;56.48;57.65;1818958
20120210;57.09;57.43;56.79;56.9;1362378
20120213;56.39;56.52;55.39;55.5;3599572
20120214;54.67;55.42;54.56;55.16;2861412
20120215;55.51;56.42;55.11;55.18;2430442
20120216;55.28;56.41;55.13;56.08;1446347
20120217;56.37;56.46;55.84;56.04;1325318
20120221;56.05;56.51;55.6;56.14;1654829
20120222;55.83;56.7;55.72;56.4;1013641
20120223;56.4;57.52;56.13;57.34;1770272
20120224;57.41;57.41;56.35;56.84;1395127
20120227;56.45;57.89;56.42;57.8;2114735
20120228;57.97;58.35;57.71;58.3;2320758
20120229;58.25;58.8;58;58.54;2635873
20120301;58.38;58.91;58.23;58.65;2673349
20120302;58.36;58.43;58.1;58.35;2001359
20120305;58.1;59.09;58.05;58.85;1705105
20120306;58.22;58.35;57.62;58.1;2837914
20120307;58.07;58.47;57.88;58.39;3766143
20120308;58.73;59.1;58.52;58.91;2088363
20120309;58.98;59.09;58.55;59.07;1459495
20120312;59.23;60.05;58.96;59.79;1951599
20120313;60.3;61.8;60.17;61.74;2855283
20120314;61.61;62.38;61.51;62.36;2330905
20120315;62.41;63.91;62.19;63.38;3338063
20120316;62.91;63.92;62.05;63.67;4746926
20120319;63.46;63.48;62.36;62.83;2061791
20120320;62.59;62.67;62.1;62.23;1425152
20120321;62.43;63.04;62.24;62.76;1252299
20120322;62.31;62.72;62.21;62.38;1470537
20120323;62.26;62.4;61.68;62.25;1339453
20120326;62.58;62.89;62.39;62.64;1789098
20120327;62.85;63.21;62.48;62.57;1792172
20120328;62.46;62.77;61.65;62.25;1689452
20120329;61.94;62.29;61.53;62.23;1043147
20120330;62.72;62.72;61.89;61.94;1461600
20120402;62.15;62.79;62.05;62.39;1684506
20120403;62.39;63;62.13;62.65;1426407
20120404;62.31;62.84;62.04;62.34;1227901
20120405;62.17;63.28;61.78;63.15;1390557
20120409;62.22;62.42;61.87;62.16;886828
20120410;62.2;62.23;60.7;60.79;1463715
20120411;61.29;61.5;60.85;60.95;1473710
20120412;61.08;62.53;60.85;62.41;1661706
20120413;62.3;63.13;61.74;62.96;1647322
20120416;62.95;63.31;62.03;62.68;1527688
20120417;63.01;63.42;62.49;63.27;845353
20120418;62.94;63.21;62.73;63.06;1464813
20120419;63.11;63.44;62.39;62.78;1079652
20120420;62.97;64.66;62.97;64.03;1495706
20120423;63.16;63.34;61.95;62.5;1603552
20120424;62.49;62.6;61.6;61.88;1324589
20120425;62.39;64.75;62.39;64.63;2204449
20120426;64.63;65.28;64.36;65.02;1322420
20120427;65.18;65.6;64.84;65.23;1618364
20120430;64.93;65.36;64.56;65.35;1320304
20120501;65.48;65.48;63.94;64.01;1893542
20120502;63.85;64.69;63.41;64.6;1575771
20120503;64.75;64.75;63.78;64.15;1936696
20120504;62;62.62;60.27;60.72;4374882
20120507;60.74;61.81;60.35;61.6;2158056
20120508;61;61.27;59.41;59.87;2759665
20120509;59.02;60.34;59.01;59.22;2567608
20120510;59.81;59.9;58.76;59.17;2673331
20120511;59.1;59.4;57.97;58.16;2537217
20120514;57.71;57.96;57.31;57.44;2084889
20120515;57.32;57.47;56.24;56.47;4351239
20120516;56.47;57.56;56.46;57.06;2764332
20120517;57.17;57.17;55.02;55.08;2281888
20120518;55.29;55.65;54.45;54.54;2099409
20120521;54.86;55.17;54.52;55.06;1560006
20120522;54.95;55.56;54.38;54.69;2927876
20120523;54.18;54.86;53.51;54.65;2720851
20120524;54.79;55.32;54.57;55.09;2127331
20120525;54.95;55.32;54.76;54.96;1385253
20120529;55.25;55.99;55.25;55.79;1784177
20120530;55.15;55.78;55.02;55.75;2844500
20120531;55.65;55.82;53.88;54.15;3335593
20120601;53.41;53.56;51.87;52.43;3389950
20120604;52.47;53.24;51.82;53.15;2201825
20120605;52.8;54.28;52.63;54.16;2606404
20120606;54.39;55;54.09;54.98;1565353
20120607;55.32;55.62;54.73;54.87;1415747
20120608;54.62;55.14;54.39;55.01;1617868
20120611;55.45;55.81;54.67;54.68;1403628
20120612;55.01;55.45;54.61;55.37;1563179
20120613;55.22;55.36;54.05;54.31;1879099
20120614;54.5;54.68;53.89;54.3;1799160
20120615;54.4;55.39;54.4;55.07;2345665
20120618;54.95;55.55;54.56;55.38;1466917
20120619;55.62;57.01;55.58;56.55;2075342
20120620;56.56;56.65;55.63;56.15;2063738
20120621;56.32;56.46;54.46;54.49;1796649
20120622;55.08;55.36;54.29;54.92;1800868
20120625;54.49;54.6;53.32;53.89;1590501
20120626;53.93;54.42;53.76;53.86;1758876
20120627;54.11;54.66;53.55;53.9;1439626
20120628;53.66;53.97;52.43;52.92;2039178
20120629;53.41;54.32;52.92;54.12;2869695
20120702;54.26;54.76;53.73;54.7;1332059
20120703;54.59;55.65;54.5;55.19;771988
20120705;55.03;56.2;54.58;55.5;1559886
20120706;55.07;55.23;54.13;54.65;1270392
20120709;54.54;54.63;52.72;52.96;3069842
20120710;53.27;53.61;50.99;51.51;4991100
20120711;51.57;51.67;49.81;50.6;5433956
20120712;50.5;50.72;49.93;50.56;5180371
20120713;50.83;52.42;50.64;51.63;3097455
20120716;51.59;51.96;50.98;51.39;2050702
20120717;51.47;51.85;50.59;51.35;1159927
20120718;51.15;53.06;51.15;52.59;3537254
20120719;52.7;55.27;52.7;54.68;3882670
20120720;54.18;54.33;52.89;53.21;2324451
20120723;52.37;52.75;51.7;52.46;1902138
20120724;52.45;52.75;52.04;52.4;1698901
20120725;52.42;53.01;52.14;52.34;1826682
20120726;52.93;53.94;52.93;53.7;2451657
20120727;53.93;55.2;53.65;54.7;2049724
20120730;54.71;54.79;53.57;53.83;1213535
20120731;53.74;53.81;51.78;52.38;3489351
20120801;50.89;53.02;50.87;50.89;2413858
20120802;50.25;51.22;50;50.88;2771823
20120803;51.75;53.25;51.75;53.09;1715468
20120806;53.15;54.12;52.89;53.51;1707865
20120807;53.88;55.15;53.79;54.42;2081942
20120808;54.16;54.41;52.77;54.37;2611509
20120809;54.42;55.63;54.22;55.26;2513952
20120810;54.8;55.66;54.73;55.62;2465760
20120813;55.32;55.78;54.57;55.01;3017787
20120814;58.2;61;58.06;60.13;8770259
20120815;59.47;61.57;59.44;60.93;3374468
20120816;60.72;61.51;60.18;61.29;1962690
20120817;61.38;61.98;60.96;61.61;2235150
20120820;61.45;61.56;60.47;60.59;2594576
20120821;60.57;61.01;60.12;60.36;1629870
20120822;60.08;60.16;59.56;59.81;1743256
20120823;59.8;60.16;59.38;59.53;1268153
20120824;59.25;60.36;59.05;60.1;2212746
20120827;60.14;60.43;59.73;59.81;1630171
20120828;59.81;60.84;59.71;60.19;2430478
20120829;60.09;60.26;59.52;60.15;1969539
20120830;59.61;60.07;59.35;59.81;2190498
20120831;60.31;60.42;59.66;59.95;1516026
20120904;59.81;60.02;59.31;59.78;3318310
20120905;59.93;60.47;59.57;59.59;2507416
20120906;60.04;61.09;59.95;60.95;2369715
20120907;60.84;61.63;60.84;61;2831655
20120910;60.13;61.27;60.13;60.82;1632218
20120911;60.69;60.81;59.84;60.22;2016763
20120912;60.46;60.77;59.55;59.63;1937020
20120913;59.7;60.83;59.58;60.6;2156843
20120914;60.56;61.64;60.56;61.23;2259863
20120917;61.34;61.75;60.7;60.99;1881903
20120918;61;61.36;60.7;61.3;1412344
20120919;61.29;61.92;61.13;61.57;1652612
20120920;61.27;61.64;60.48;61.62;1942818
20120921;61.97;62.24;61.76;61.82;3780456
20120924;61.42;61.74;60.81;61.44;1309956
20120925;61.76;61.93;61.14;61.4;2270118
20120926;61.27;61.34;59.82;60.65;1765615
20120927;61;61.86;60.85;61.67;2236244
20120928;61.45;61.8;60.66;61.57;2334117
20121001;61.61;63.54;61.49;63.16;3058764
20121002;63.35;63.43;62.47;62.7;1825081
20121003;62.76;63.3;62.4;63.3;1645945
20121004;63.4;64.03;63.03;63.3;1495349
20121005;63.75;64.19;63.13;64;1806344
20121008;63.59;63.97;63.21;63.44;974961
20121009;63.34;63.74;62.37;62.54;1265402
20121010;62.61;62.77;62.05;62.38;1053406
20121011;62.93;63.46;62.84;63.16;1270956
20121012;63.29;63.54;62.42;63.01;1394261
20121015;63.16;63.52;62.7;63.43;1241550
20121016;63.72;65;63.62;64.96;1541251
20121017;64.94;65;64.13;64.5;1350208
20121018;64.42;64.85;64.02;64.29;1723854
20121019;63.97;64.01;62.65;62.93;1735920
20121022;62.93;63.16;62.06;62.59;960263
20121023;62.09;62.32;61.55;62.19;1071449
20121024;62.62;62.62;61.38;61.53;1709650
20121025;62.14;62.51;60.93;61.3;1359486
20121026;61.39;61.51;60.67;60.79;1639943
20121031;61.22;61.82;60.57;61.62;2144972
20121101;59.47;61.81;58.4;61.17;3455218
20121102;61.61;61.61;59.93;60.03;2213366
20121105;59.8;59.91;58.77;59.4;2903560
20121106;59.4;59.92;59.39;59.78;1923961
20121107;59.23;59.36;58.44;58.56;2309686
20121108;58.57;58.58;57.29;57.31;2039356
20121109;57.26;58.32;57.23;57.49;2188577
20121112;57.55;57.83;57.3;57.45;920087
20121113;57.1;58.04;56.87;56.96;1455904
20121114;56.92;57.22;56.19;56.34;2101543
20121115;56.35;56.86;56.04;56.41;1781010
20121116;56.66;56.91;56.14;56.62;2141886
20121119;57.35;59.43;56.97;57.7;1972415
20121120;57.69;58.25;57.29;58.03;1567884
20121121;57.86;58.62;57.86;58.5;2024241
20121123;58.91;59.63;58.52;59.62;700611
20121126;59.18;59.35;58.89;59.32;1037547
20121127;59.44;59.48;58.56;58.69;1809390
20121128;57.98;58.33;57.39;58.05;1504461
20121129;58.29;58.66;57.97;58.01;1733789
20121130;58.2;58.53;57.77;58.25;1371398
20121203;58.59;60.02;58.51;59.21;3277620
20121204;59.13;59.21;58.3;59.06;2269413
20121205;59;59.68;58.84;59.33;1983432
20121206;59.11;59.79;58.47;59.77;1501298
20121207;59.96;60.75;59.68;60.67;1768393
20121210;60.86;60.98;59.96;60.09;1319394
20121211;60.15;60.64;60.15;60.4;1015065
20121212;60.75;60.98;60.24;60.4;1353331
20121213;60.55;60.88;59.79;59.91;768920
20121214;59.63;61.17;59.63;60.93;1522181
20121217;61.01;61.26;60.59;60.82;1401659
20121218;60.76;61.03;60.65;60.9;1869237
20121219;60.86;61.06;59.71;60.34;2033407
20121220;60.5;60.5;59.37;59.99;1867344
20121221;59.53;60.43;59.36;59.82;2473515
20121224;59.8;59.8;58.81;58.95;686095
20121226;58.96;59.07;57.81;57.95;1260819
20121227;57.95;58.66;57.76;58.45;1715409
20121228;58.12;58.75;57.9;57.93;991856
20121231;57.67;59.89;57.53;59.86;1483426
20130102;60.35;61.02;59.9;61.01;3251250
20130103;61.35;62.98;61.35;62.23;2956645
20130104;62.3;62.98;62.03;62.69;1895583
20130107;62.67;62.67;61.45;62;1887120
20130108;61.75;62.75;61.62;62.74;1643617
20130109;62.79;63.22;62.41;62.49;1349287
20130110;62.87;63.82;62.5;63.8;2716756
20130111;63.8;64.14;63.54;64.13;1807593
20130114;64.04;64.43;63.9;64.23;2083066
20130115;64;64.35;63.61;64.34;1150599
20130116;64.18;64.33;63.9;63.97;1067446
20130117;64.44;64.61;63.99;64.23;1497488
20130118;63.91;63.92;62.4;62.85;3118735
20130122;62.67;62.92;62.36;62.81;1725242
20130123;62.6;62.92;62.33;62.4;1337375
20130124;62.6;63;62.31;62.54;1815381
20130125;62.95;63.34;62.7;63.25;1811568
20130128;63.31;63.37;62.94;63.14;2077002
20130129;63.3;63.88;63.08;63.72;1597744
20130130;63.7;63.99;62.77;62.87;945437
20130131;62.11;62.25;60.76;60.93;3921414
20130201;61.2;62.97;61.2;62.72;4349693
20130204;62.44;62.5;60.99;61.05;2523686
20130205;64.3;66.07;62.55;64.71;6229518
20130206;64.25;64.49;63.19;63.33;2025991
20130207;63.22;63.37;62.09;63.14;2244964
20130208;63.11;63.51;62.44;62.75;1399907
20130211;62.4;62.4;61.48;61.78;2458549
20130212;61.97;62.78;61.7;62.67;1725537
20130213;62.68;63.44;62.65;63.3;1490072
20130214;63.25;63.78;62.84;63.54;1208225
20130215;63.43;64.1;62.99;63.11;2661426
20130219;63.1;63.62;62.5;63.6;2074210
20130220;63.67;64.29;63.65;63.71;1917819
20130221;63.31;63.86;62.57;63.03;1660119
20130222;63.26;63.62;62.66;63.31;1561570
20130225;63.64;63.64;61.73;61.78;1410824
20130226;61.71;62.47;61.3;62.33;1933467
20130227;62.12;64.04;62.09;63.93;1763133
20130228;63.66;64.6;63.61;64.1;1850973
20130301;63.68;64.48;63.17;64.47;1319790
20130304;64.44;64.89;64.09;64.89;1412239
20130305;65;66.51;64.97;65.85;2300184
20130306;65.89;66.17;65.68;65.92;1343514
20130307;65.82;66.23;65.68;65.9;1861704
20130308;66;66;64.9;65.7;1622196
20130311;65.48;65.96;65.29;65.75;578516
20130312;65.94;66.19;65.76;65.83;1538818
20130313;65.81;65.89;64.58;65.02;1407009
20130314;65.26;65.34;64.88;65.02;1031362
20130315;64.74;64.76;63.28;63.34;2207444
20130318;62.72;62.97;62.26;62.44;1908387
20130319;62.82;63;61.87;62.25;2340740
20130320;62.76;63.91;62.76;63.75;2400642
20130321;63.43;63.64;63.03;63.04;1365131
20130322;63.14;64.14;63.11;63.89;1195091
20130325;64.01;64.42;63.08;63.28;852369
20130326;63.67;64.01;63.31;63.99;870337
20130327;63.61;63.64;63.12;63.54;968927
20130328;63.79;64.11;63.13;64.03;1361753
20130401;63.98;64.13;63.32;63.66;769742
20130402;64.11;65.6;64.05;65.28;1337124
20130403;65.32;65.41;64.49;64.88;1587314
20130404;64.92;65.16;64.37;64.53;1593376
20130405;63.64;63.8;62.29;63.17;2178329
20130408;63.07;64.39;63.04;64.39;1189172
20130409;64.53;64.6;63.69;64.48;1243683
20130410;64.56;65.87;64.45;65.49;1254480
20130411;65.57;67.78;65.4;67.56;2414767
20130412;67.27;68.26;66.9;68.24;1835254
20130415;67.89;68.08;67.04;67.4;2913863
20130416;67.8;68.12;67.46;67.89;2062499
20130417;67.54;67.68;66.3;66.71;1858319
20130418;66.86;67.39;66.49;67.21;1772266
20130419;67.63;69.78;66.94;69.67;3549569
20130422;69.49;69.82;69.16;69.59;1864803
20130423;70;70.8;69.56;70.38;2069953
20130424;70.28;70.51;68.81;68.82;1270382
20130425;69.12;69.85;68.51;68.93;1997319
20130426;69.14;69.63;68.83;68.88;1745534
20130429;69.24;69.65;68.72;68.92;1489468
20130430;69.05;70;68.99;69.35;2089502
20130501;69.38;70.9;68.69;68.79;2884849
20130502;67.09;71.78;66.7;70.6;4388008
20130503;71.03;71.53;70.29;71.23;2083695
20130506;71.07;71.08;69.99;70;2332205
20130507;69.88;70.5;69.72;70.31;1674175
20130508;70.39;70.67;69.95;70.01;1822639
20130509;69.98;70.1;69.13;69.27;1599155
20130510;69.32;71.09;69.16;71.05;1722078
20130513;70.71;71.13;70.34;71.02;1346383
20130514;70.92;71.83;70.85;71.8;1255503
20130515;71.7;72.08;71.41;71.63;1338602
20130516;71.29;71.57;70.67;70.78;1447642
20130517;71.19;71.76;70.38;70.85;2236244
20130520;70.72;71.69;70.39;71.46;2160117
20130521;71.41;71.72;70.49;71.12;1181083
20130522;71.07;72.31;70.03;70.14;1444280
20130523;70.17;70.81;69.69;70.33;1213648
20130524;70.05;71.12;70.03;70.95;1166940
20130528;71.73;72.7;71;71.05;1715117
20130529;70.34;70.68;69.02;69.21;1160252
20130530;69.44;70.18;69.41;69.58;1174720
20130531;69.02;69.26;67.78;67.78;1542071
20130603;67.86;67.99;66.47;67.5;1331552
20130604;67.57;68.19;67.13;67.47;2035876
20130605;67.22;67.52;66.46;66.48;1492106
20130606;66.54;66.92;65.23;65.97;2239303
20130607;66.44;68.61;66.16;68.12;2414271
20130610;68.21;68.33;67.2;67.6;1654200
20130611;67.06;68.23;66.57;67.75;1443879
20130612;68.36;68.59;67.35;67.42;2023557
20130613;67.29;68.35;66.89;68.05;1067966
20130614;67.9;68.61;67.55;68.41;1254374
20130617;68.9;70.65;68.81;70.2;2015287
20130618;70.35;70.35;69.2;69.72;1346649
20130619;69.58;70;68.32;68.38;1148263
20130620;67.91;67.91;65.27;65.51;2393708
20130621;65.92;66.28;64.79;65.79;2046655
20130624;64.89;65.72;63.93;64.74;1884527
20130625;65.09;65.48;64.57;64.74;2147818
20130626;65.46;66.04;65.46;65.64;881397
20130627;66.27;67.03;66.22;66.47;1001255
20130628;66.15;66.54;65.46;65.77;1431893
20130701;66.48;67.25;66.18;66.94;1224234
20130702;66.83;68.04;66.8;67.45;1021715
20130703;67.32;67.51;66.83;67.25;607568
20130705;67.94;68.31;67.39;67.93;861765
20130708;68.15;68.78;67.78;67.92;1068988
20130709;67.62;67.8;66.03;66.59;2653908
20130710;66.62;67.55;66.59;67.03;1414682
20130711;68.08;68.35;67.69;68.06;1238198
20130712;68.19;68.64;68.05;68.46;1164163
20130715;68.35;68.58;66.97;67.44;1620937
20130716;67.4;67.58;66.43;66.78;1453506
20130717;66.9;67.19;66.29;66.33;1286269
20130718;66.35;67.14;66.35;66.74;1397831
20130719;66.89;68.64;66.75;67.57;2664918
20130722;67.73;68.12;66.63;66.67;1304899
20130723;66.53;66.6;64.9;64.95;4404930
20130724;65.1;65.22;64.43;64.71;2425137
20130725;64.62;65.74;64.44;65.29;3666857
20130726;65.06;66.4;65.06;66.2;2314092
20130729;66.12;66.83;65.68;66;1273177
20130730;66.35;66.73;65.36;65.6;1890373
20130731;65.98;66.24;65.59;65.65;1954347
20130801;66.13;67.01;65.91;66.79;2167500
20130802;66.53;67.01;66.46;66.89;1464268
20130805;66.65;67.36;66.63;67.28;1449777
20130806;67.19;67.53;66.86;67.43;1691985
20130807;67.12;67.43;66.25;66.64;1725958
20130808;66.74;66.96;65.86;66;1929255
20130809;65.98;66.96;65.53;66.59;1527348
20130812;66.51;66.93;66.19;66.58;1535663
20130813;66.49;66.63;65.91;66.45;1663250
20130814;66.21;66.41;64.94;65.13;2913591
20130815;66.89;68.82;66.68;67.36;6230378
20130816;67.17;67.71;66.9;67.25;1994225
20130819;67.11;67.24;66.3;66.75;2021168
20130820;66.69;67.66;66.34;66.86;3961442
20130821;66.89;67.02;66.22;66.32;1994721
20130822;66.28;67.38;66.24;67.27;1220723
20130823;67.22;68.26;66.99;68.15;1718266
20130826;68.13;68.56;67.26;67.27;1509200
20130827;66.54;66.54;65.55;65.64;1733270
20130828;65.28;65.61;64.63;65.38;1854421
20130829;64.73;65.86;64.45;65.37;1490215
20130830;65.5;65.62;64.99;65.36;835528
20130903;66.06;67.1;66.02;66.26;1715601
20130904;66.36;67.5;66.02;67.31;1667795
20130905;67.42;67.93;67.16;67.37;1185972
20130906;67.49;68.07;66.71;67.58;1384986
20130909;68.48;69.5;68.48;69.49;1835558
20130910;69.54;69.62;68.59;68.97;1575860
20130911;68.84;69.7;68.69;69.69;1403741
20130912;69.82;70.58;69.54;70.33;1388683
20130913;70.69;71.04;70.32;70.8;1233287
20130916;71.41;71.67;70.75;71.11;1253358
20130917;70.95;71.52;70.94;71.33;1126915
20130918;71.3;72.22;70.42;72.17;1334040
20130919;72.15;72.48;71.45;72.43;1575554
20130920;72.55;72.69;71.68;71.75;3750965
20130923;71.65;71.67;70.75;70.76;1214313
20130924;70.84;71.91;70.57;71.51;1604442
20130925;71.57;71.91;70.9;71.14;1335662
20130926;71.15;71.55;70.5;70.74;1048535
20130927;70.49;70.61;70.02;70.42;901227
20130930;70.17;70.89;69.78;69.9;1659677
20131001;69.9;70.55;69.83;70.5;1015297
20131002;70.29;70.44;69.51;70.41;1021946
20131003;70.22;70.32;69.23;69.44;921139
20131004;69.49;70.22;69.33;69.98;1638848
20131007;69.31;69.6;69;69.29;1289639
20131008;69.38;69.63;68.66;68.71;1660095
20131009;68.86;69.06;68.25;68.77;1528771
20131010;69.51;70.65;69.47;70.63;1473022
20131011;70.51;71.03;69.98;71.01;1742054
20131014;70.57;71.65;70.57;71.65;1048300
20131015;71.19;71.33;70.4;70.5;1893394
20131016;70.9;71.3;70.5;70.99;1562829
20131017;70.94;71.84;70.36;71.71;1314782
20131018;71.85;72.15;71.62;72.05;1673619
20131021;72.02;72.06;70.49;71.07;1262270
20131022;71.57;72.29;71.31;71.93;1220946
20131023;71.44;71.65;70.98;71.27;927534
20131024;71.6;71.83;71.16;71.39;1052723
20131025;71.63;71.98;71.1;71.51;1027019
20131028;71.72;71.8;71.29;71.56;1643729
20131029;71.89;72.96;71.61;72.81;1881155
20131030;73;73.11;71.18;71.38;1843735
20131031;73.3;74.62;70.9;70.96;3044381
20131101;70.7;70.94;69.27;69.94;3948022
20131104;70.34;70.82;69.67;70.14;1784676
20131105;69.35;71.01;69.3;70.75;1529304
20131106;70.76;71.31;70.56;71.25;1282328
20131107;71.31;71.59;70.22;70.32;1368413
20131108;70.15;71;69.93;70.96;1055564
20131111;70.75;71.17;70.67;70.9;931724
20131112;70.58;71.08;70.53;70.68;952899
20131113;70.26;73.09;70.26;73.03;2267250
20131114;73.06;73.67;73.01;73.44;1097336
20131115;73.23;73.67;72.53;73.67;1550110
20131118;73.62;73.69;72.65;72.86;956694
20131119;72.69;72.97;72.31;72.56;1113625
20131120;72.89;73.91;72.5;73.3;1290958
20131121;73.5;74.07;73.24;74.01;1127522
20131122;74.09;75.02;74.05;75.01;1763268
20131125;74.93;75.22;74.17;74.32;935866
20131126;74.44;75.46;74.43;75.07;1381970
20131127;74.96;75.42;74.48;75.25;1131533
20131129;75.26;75.77;74.93;74.96;595687
20131202;74.99;75.29;74.45;74.88;1136779
20131203;74.55;74.57;73.89;74.49;1778307
20131204;73.92;74.1;72.56;73.1;2278983
20131205;73.01;73.29;72.62;72.73;1901577
20131206;73.41;73.96;73.34;73.71;836416
20131209;73.97;74.35;73.48;73.89;659825
20131210;73.6;73.83;73.03;73.6;885206
20131211;73.73;74.55;73.62;73.82;1410185
20131212;73.56;73.56;72.29;73.07;1665876
20131213;73.05;73.16;71.45;72.64;1405709
20131216;73.01;73.42;72.49;73.16;993933
20131217;73.08;73.27;72.34;72.75;1041160
20131218;72.71;74.06;72.3;74;1459075
20131219;73.8;74.28;73.65;73.91;687797
20131220;73.28;75.06;73.28;74.35;1200221
20131223;74.82;75.14;74.2;74.76;1055071
20131224;74.79;74.88;74.23;74.62;295351
20131226;74.6;74.93;74.19;74.64;564737
20131227;74.65;75.04;74.13;74.45;698577
20131230;74.45;75.18;74.36;75.04;683858
20131231;75.39;75.55;74.96;75.32;704252
20140102;74.99;75.1;73.56;73.71;1084018
20140103;73.72;74.36;73.6;73.65;802475
20140106;74.74;74.87;73.87;74.08;1275407
20140107;74.31;74.75;73.45;73.89;1111652
20140108;73.89;73.89;72.93;73.08;1447044
20140109;73.52;73.96;73.11;73.44;1145312
20140110;73.75;74.18;73.58;74.05;1517195
20140113;74.98;75.13;73.77;73.84;2541132
20140114;73.99;74.05;73.05;73.74;1570553
20140115;73.89;73.94;72;72.87;2034910
20140116;72.61;72.87;72.08;72.19;2140176
20140117;71.7;72.71;71.61;72.57;1516737
20140121;73.19;73.99;71.97;72.18;1969059
20140122;72.39;72.7;71.8;72.13;1162087
20140123;71.53;71.59;70.31;70.47;2260826
20140124;70.31;70.47;68.76;68.79;2495715
20140127;68.74;69.12;67.58;68.56;3306401
20140128;68.91;70.42;68.7;69.85;2558973
20140129;69.63;69.66;68.17;68.54;2070204
20140130;69.06;69.38;68.21;68.95;2451127
20140131;67.87;69.26;67.59;68.74;1908506
20140203;68.87;69.07;67.87;68.28;3015182
20140204;68.87;69.77;68.7;69.19;2484944
20140205;69.55;69.55;63.63;65.36;8099594
20140206;67.07;67.2;66.23;66.8;5131292
20140207;66.51;66.92;65.79;66.5;3649785
20140210;66.5;66.9;66.13;66.39;6061043
20140211;66.28;67.14;66.1;66.78;3685421
20140212;67.26;67.47;66.47;66.88;3256621
20140213;66.7;67.64;66.48;67.54;2961479
20140214;67.44;68.28;67.42;67.98;2638542
20140218;68;68.38;67.57;68.08;1736978
20140219;67.7;68.23;67.36;67.39;1881489
20140220;67.62;68.1;67.4;67.86;1871408
20140221;67.85;68.5;67.59;67.65;1397369
20140224;67.61;68.48;67.49;67.9;1373287
20140225;68.07;68.14;67.15;67.48;3766108
20140226;68.26;68.72;67.86;67.98;2472324
20140227;67.53;68.01;67.35;67.6;1995158
20140228;67.82;69.5;67.73;68.84;3054511
20140303;68.46;68.74;68.06;68.56;1632810
20140304;69.7;70.62;69.09;69.73;1615968
20140305;69.53;69.6;69;69.27;3041407
20140306;69.29;69.58;68.99;69.04;1275522
20140307;69.41;70.25;69.15;70.02;1901194
20140310;69.8;70.2;69.44;70.2;1464364
20140311;70.2;70.47;69.68;70.11;2205842
20140312;69.62;70.37;69.6;70.2;1680565
20140313;70.26;70.44;69.58;69.78;2149696
20140314;69.75;69.88;68.92;69.3;2470438
20140317;69.69;70.42;69.65;69.95;1902447
20140318;70.03;70.61;69.97;70.12;1244870
20140319;70.02;70.23;69.21;69.69;1628484
20140320;69.54;69.54;68.84;69.12;1441427
20140321;69.46;69.64;68.28;68.37;3027873
20140324;68.57;68.88;67.09;67.3;2707116
20140325;67.39;67.72;66.84;67.37;2849395
20140326;67.6;67.77;67.19;67.23;3314360
20140327;67.23;67.91;67;67.23;2435295
20140328;67.26;67.45;66.37;66.73;2866440
20140331;67.34;67.36;66.54;66.88;2689249
20140401;67.52;68.29;67.22;68.26;4577972
20140402;68.52;68.76;68;68.09;1997651
20140403;68.27;68.62;67.95;68.21;4221097
20140404;68.37;68.5;66.82;66.98;2126691
20140407;66.97;67.5;66.86;67.3;6167900
20140408;68.25;70.29;68;69.53;4789337
20140409;69.87;69.95;69.02;69.71;2464120
20140410;69.6;70.2;68.78;68.92;1663366
20140411;68.41;68.99;68.07;68.18;2547114
20140414;68.52;69.2;68.36;69.18;1976027
20140415;69.83;70.83;69.3;70.8;2798949
20140416;71.2;72.15;70.96;72.09;2782749
20140417;71.89;72.28;71.23;72.15;3037151
20140421;71.9;71.97;71.41;71.9;1131632
20140422;72.17;72.43;71.69;72.1;1447761
20140423;72;72.18;71.38;71.67;1938088
20140424;71.76;72.14;71.5;72.09;1022167
20140425;72.02;72.26;71.58;72.2;1395330
20140428;72.28;72.77;71.5;71.9;2506320
20140429;72.08;72.99;71.91;72.93;2387125
20140430;72.7;72.92;72.21;72.57;1712437
20140501;72.21;72.49;71.5;72.19;2519035
20140502;74.29;76.24;73.97;75.62;7079442
20140505;74.75;75.18;73.72;74.06;3357341
20140506;73.68;73.75;73.05;73.55;2943405
20140507;73.64;73.99;73.33;73.69;2356150
20140508;73.69;73.98;73.28;73.32;1845580
20140509;73.27;73.55;72.97;73.24;1986118
20140512;73.5;73.73;73.41;73.63;1120812
20140513;73.32;73.98;73.2;73.93;1474531
20140514;73.85;74.16;73.49;73.68;1021199
20140515;73.35;73.5;72.65;73.07;1315681
20140516;73.17;73.54;73.11;73.16;1976072
20140519;73.23;74.12;73.2;74.02;1228968
20140520;74.03;74.33;73.68;73.88;1048711
20140521;74.11;74.37;73.81;74.12;981069
20140522;74.09;75.06;74.05;74.91;1752697
20140523;74.83;75.2;74.63;74.9;1149475
20140527;74.92;75.65;74.84;75.58;1438134
20140528;75.38;76.19;75.36;75.65;2350035
20140529;76.1;76.52;75.87;76.51;1974186
20140530;76.19;76.74;76.16;76.62;1235293
20140602;76.6;77;76.37;76.75;1263188
20140603;76.73;76.73;76.06;76.69;1529966
20140604;76.44;76.53;75.81;76.46;1822734
20140605;76.41;76.81;76.1;76.6;1126371
20140606;76.9;77.34;76.64;76.77;1010463
20140609;76.64;76.8;76.36;76.5;1125243
20140610;76.44;76.67;76.09;76.42;993292
20140611;76.39;76.68;76.22;76.56;980344
20140612;76.74;77.23;76.36;76.7;1671327
20140613;76.6;76.76;75.77;76.49;1881529
20140616;76.47;76.57;75.76;75.91;1384482
20140617;75.96;76.22;75.03;75.25;1582858
20140618;75.34;76.16;75.14;76.13;1219364
20140619;76.05;76.83;75.27;76.52;2036257
20140620;76.5;76.71;75.37;75.75;1992992
20140623;75.75;75.82;74.53;74.83;1556394
20140624;74.86;75.19;74.5;74.52;801819
20140625;74.44;75.06;74.31;75;1149712
20140626;74.26;74.72;73.82;74.6;1379623
20140627;74.57;74.99;74.5;74.71;1049979
20140630;74.95;75.44;74.17;74.26;1571150
20140701;74.54;74.54;74.05;74.23;2067359
20140702;74.24;74.37;73.71;73.96;1461740
20140703;74.09;75.22;74.09;74.97;1158296
20140707;74.75;74.87;74.36;74.81;959734
20140708;74.54;74.83;73.71;74.06;1555054
20140709;74.2;74.91;74.01;74.67;1399144
20140710;74.02;74.86;74.02;74.69;1414924
20140711;74.66;74.84;74.27;74.5;1179196
20140714;75.03;76;75.03;75.38;1584778
20140715;75.31;76.23;75.3;75.73;2432868
20140716;75.81;76.05;75.06;75.14;1572075
20140717;75.22;75.44;74.45;74.49;1177891
20140718;74.69;76.08;74.34;76.08;1778391
20140721;75.53;75.71;74.9;75.42;1243954
20140722;75.76;76.36;75.27;76.24;1905329
20140723;76.2;76.24;75.55;75.94;1619256
20140724;76.09;76.41;75.62;75.91;1602834
20140725;75.6;75.96;75.3;75.67;957372
20140728;75.8;75.87;74.64;74.93;1327015
20140729;74.88;75.4;74.36;74.39;998826
20140730;74.47;74.71;73.69;74.27;1891478
20140731;74.02;74.4;73.24;73.46;2010535
20140801;73.49;74.27;72.83;73.87;1814386
20140804;74.23;74.69;73.72;74.22;1072470
20140805;74.17;74.34;73.67;73.95;1165239
20140806;73.99;75.17;73.77;74.26;2353389
20140807;74.65;74.74;73.08;73.2;2216618
20140808;73.22;74.24;72.85;74.2;1916112
20140811;74.59;75.91;74.51;75.5;1402966
20140812;75.25;75.88;74.96;75.37;1183783
20140813;75.52;75.83;74.95;75.15;1193701
20140814;75.37;76.27;75.17;75.9;2275685
20140815;75.44;76.7;74.5;76.16;3093686
20140818;76.89;77.25;76.51;76.79;2042807
20140819;76.67;76.8;76.03;76.64;1700135
20140820;76.28;76.99;76.25;76.58;1250898
20140821;76.55;77.07;76.24;76.27;1725110
20140822;76.34;76.79;76.27;76.29;1329572
20140825;76.78;77.39;76.73;77.19;1194020
20140826;77.15;77.66;77.09;77.24;1304727
20140827;77.23;77.25;76.67;77.01;1050768
20140828;76.62;76.97;76.55;76.66;731221
20140829;76.72;77.01;76.37;76.83;1011389
20140902;76.68;76.89;76.46;76.84;1401540
20140903;77.13;77.24;76.22;76.23;1365616
20140904;76.25;77.05;76.12;76.65;1085282
20140905;76.59;76.93;76.04;76.78;1256454
20140908;76.45;76.48;75.25;75.59;1637600
20140909;75.37;75.39;74.21;74.41;1748394
20140910;74.44;75.09;74.03;74.9;1136544
20140911;74.47;74.83;74.06;74.74;1718718
20140912;74.9;75.32;74.26;74.48;1813896
20140915;74.39;74.74;74.06;74.43;1434374
20140916;74.3;75.2;74.06;74.73;865033
20140917;74.7;75.05;74.36;74.69;1098401
20140918;74.81;75.3;74.7;74.96;1153397
20140919;75.37;75.86;75.24;75.43;5490849
20140922;75.54;76.07;74.97;75.25;1265578
20140923;74.96;75.19;74.39;74.43;1600371
20140924;74.63;75.27;74.53;75.12;1139539
20140925;74.86;74.95;74;74;1216072
20140926;74.17;74.85;73.92;74.6;944037
20140929;74.05;74.78;73.97;74.71;1364027
20140930;74.43;75.01;74.32;74.72;1742312
20141001;74.38;74.54;73.98;74.25;2342787
20141002;73.88;74.24;73.57;73.7;2022615
20141003;74.12;74.5;73.74;74.11;1189265
20141006;74.16;74.32;73.56;74.05;1270059
20141007;73.68;75.14;73.59;74.14;1939353
20141008;74.25;74.86;73.83;74.74;1526530
20141009;74.62;74.96;73.45;73.61;1680197
20141010;73.64;73.74;72.61;72.65;1957788
20141013;72.4;72.6;70.92;71.02;2074407
20141014;71.3;72.16;70.96;71.89;2232978
20141015;71.5;72.54;70.18;71.6;2382510
20141016;70.51;72.27;70.51;71.78;1708694
20141017;72.47;72.63;71.8;72.18;1950540
20141020;72.14;73.29;71.89;73.11;1232692
20141021;73.44;74.69;73.26;74.66;1137457
20141022;74.9;75.5;74.42;74.44;1428936
20141023;74.75;74.96;74.1;74.23;1471440
20141024;74.52;74.66;74.06;74.35;1407215
20141027;74.21;74.96;74.08;74.52;1105263
20141028;74.86;75.14;74.42;75.07;945209
20141029;75.04;75.41;74.39;74.72;1215273
20141030;74.55;75.14;74.07;74.94;944741
20141031;75.51;75.69;74.85;75.18;1532577
20141103;75.4;76;75.12;75.96;2895102
20141104;73.15;73.92;71.96;72;4669899
20141105;72.26;72.39;70.97;71.2;4355554
20141106;70.98;72.19;70.98;71.83;3857311
20141107;71.26;72.62;70.96;72.58;2815571
20141110;72.61;73.43;72.32;72.83;1564718
20141111;72.72;73.15;72.54;72.7;1261900
20141112;72.53;72.89;72.28;72.62;1342907
20141113;72.5;72.96;71.75;72.55;2470188
20141114;72.52;72.56;71.12;71.33;2244566
20141117;71.3;71.38;70.8;71.12;1656648
20141118;71.06;72.4;71.06;72.03;2896859
20141119;71.93;72.83;71.55;72.81;1646542
20141120;72.78;73.52;72.46;72.85;1705100
20141121;73.6;73.87;73.04;73.04;2339262
20141124;73.57;73.93;72.71;72.76;1534840
20141125;72.91;73.78;72.68;73.26;2253138
20141126;73.23;73.64;72.88;73.21;861597
20141128;73.36;74.32;73.17;74.14;1097648
20141201;73.69;74.29;73.58;73.74;1486284
20141202;73.74;74.32;73.56;74.26;1475780
20141203;73.99;74.69;73.49;74.61;2570054
20141204;74.32;74.75;73.91;74.36;1723142
20141205;74.25;74.67;74.02;74.66;1594160
20141208;74.59;74.78;73.88;74.23;1237750
20141209;73.85;74.67;73.36;74.64;1220240
20141210;74.23;74.44;73.42;73.45;1642044
20141211;74.34;74.71;73.86;74.01;1376551
20141212;73.61;74.13;72.87;73.03;1386155
20141215;73.47;73.58;72.22;72.23;1176140
20141216;72.19;74.19;71.77;72.99;2147239
20141217;73.14;74.48;72.71;74;1659183
20141218;74.82;75.78;74.53;75.78;1782746
20141219;75.98;76.42;75.47;76.25;3186623
20141222;76.19;76.28;75.38;76.1;1579233
20141223;76.22;77.85;76.22;77.76;2776080
20141224;77.7;77.98;77.26;77.39;1344321
20141226;77.64;77.89;77.19;77.45;418193
20141229;77.26;77.68;76.69;77.4;827467
20141230;77.34;77.73;76.65;77.17;1383149
20141231;77.34;77.67;76.18;76.2;915087
20150102;76.55;76.73;75.01;75.59;926393
20150105;75.19;75.24;74.5;74.68;1350913
20150106;74.68;74.83;73.81;73.99;1588333
20150107;74.4;74.63;73.91;74.33;1586647
20150108;74.64;75.61;74.42;75.4;1475316
20150109;75.43;75.6;74.65;74.9;1155948
20150112;74.73;75.09;73.56;74.26;1947406
20150113;74.32;75.78;74.03;74.52;1451045
20150114;73.48;74.24;73.03;74.12;1321466
20150115;74.07;74.17;73.43;73.71;1540745
20150116;73.32;74.38;73.05;74.22;1654298
20150120;74.72;74.74;73.99;74.53;1549727
20150121;73.34;74.6;72.89;73.98;1972690
20150122;74.45;75.33;73.75;75.11;2247915
20150123;75.05;75.05;73.15;73.7;3109271
20150126;73.37;73.62;72.53;72.86;2360697
20150127;71.88;72;70.78;71.75;3381183
20150128;71.96;71.96;70.38;70.4;2644459
20150129;70.81;72.06;70.69;71.97;2648669
20150130;71.37;71.86;70.5;70.59;2362237
20150202;70.72;71.85;70.41;71.83;3291650
20150203;72.3;72.96;71.96;72.84;2163572
20150204;72.74;73.39;72.42;72.55;2392588
20150205;74.59;78.69;74.59;78.4;6222523
20150206;78.43;81.14;78.27;79.55;5206138
20150209;79.37;79.63;78.41;79.46;2667889
20150210;80.25;80.37;79.13;80.01;2400266
20150211;80.09;80.81;79.79;80.36;1770613
20150212;80.2;81.27;80.2;80.91;1666889
20150213;81.19;82.73;80.98;82.49;3703888
20150217;81.89;82.14;81.3;81.78;2051571
20150218;81.34;81.99;81.21;81.5;1283623
20150219;81.46;81.6;80.92;81.08;1189952
20150220;80.82;81.84;80.62;81.8;1229854
20150223;81.62;82.38;81.48;82.14;1524962
20150224;81.82;82.32;81.57;81.77;1174968
20150225;81.72;82.29;81.51;81.88;1499321
20150226;81.81;82.34;81.41;82.28;1802304
20150227;82.28;82.94;82.1;82.67;1756225
20150302;82.37;83.47;82.17;83.4;1784227
20150303;82.89;83.23;82.55;82.91;1259328
20150304;82.84;82.9;81.83;82.23;2125954
20150305;82.77;83.36;82.33;83.22;1881879
20150306;82.78;83.02;81.83;82.23;2446261
20150309;82.2;83;81.99;82.88;1575513
20150310;82.13;82.13;81.27;81.27;1835938
20150311;80.87;81.27;79.98;80.5;2040236
20150312;80.77;81.36;80.59;81.22;1497776
20150313;81.13;81.35;80.14;80.53;1253002
20150316;80.97;81.31;80.36;81.15;1202704
20150317;80.96;81.07;80.52;80.82;1109284
20150318;80.76;82.28;80.13;81.74;1452044
20150319;81.3;81.91;80.88;81.67;1057877
20150320;82.2;83.65;81.88;83.53;1755321
20150323;83.36;84;82.86;82.88;1470151
20150324;83.87;84.39;83.35;83.36;1917322
20150325;84.6;85.28;83.72;83.72;2713831
20150326;83.7;83.7;82.33;82.36;1464404
20150327;82.2;83.44;82.05;82.89;1266938
20150330;83.29;84.27;83.16;84.07;1231330
20150331;83.92;84.15;83.16;83.16;1297906
20150401;83.59;83.6;82.87;83.16;1383444
20150402;83.2;84.25;83.18;84.1;1079466
20150406;83.47;85.12;83.39;84.97;1638431
20150407;84.84;85.17;83.95;83.98;1354937
20150408;83.95;84.49;83.53;84.17;1046061
20150409;84.15;84.64;83.84;84.49;951299
20150410;84.4;84.57;83.23;83.44;1150140
20150413;83.52;83.9;83.2;83.2;995286
20150414;83.21;84.87;83.14;84.64;1296658
20150415;84.58;84.99;83.94;84.31;943268
20150416;84.44;84.49;83.84;83.92;821857
20150417;83.33;83.71;82.5;82.82;1025547
20150420;83.42;83.58;82.31;82.54;1391589
20150421;83.22;83.3;82.48;82.73;1241514
20150422;83.03;83.25;82.03;82.42;1177124
20150423;82.22;82.92;82.22;82.45;1012464
20150424;82.53;82.8;82.08;82.26;762426
20150427;83.21;84.15;83.06;83.17;1363959
20150428;82.77;83.18;82.48;82.95;863820
20150429;82.87;83.5;82.33;82.44;1718425
20150430;82.36;82.75;81.08;81.29;1384233
20150501;81.96;82.81;81.5;82.77;1296084
20150504;82.94;83.81;82.67;83.54;2208117
20150505;87.72;89.84;86.55;86.9;5943765
20150506;86.96;88.04;86.28;87.42;2482411
20150507;86.97;89.07;86.52;88.33;2774697
20150508;88.86;89.2;88.01;88.42;2032022
20150511;88.29;88.94;87.74;87.92;2294568
20150512;87.53;88.16;87.3;87.59;1379639
20150513;87.77;88.24;87.29;87.54;1188735
20150514;88.16;89.51;88.12;89.39;2668857
20150515;89.59;89.59;88.27;88.95;1749998
20150518;88.62;89.52;88.62;89.17;1034868
20150519;89.02;89.62;88.42;89.57;1287834
20150520;89.33;89.88;89.06;89.08;1217821
20150521;88.98;89.53;88.52;89.35;1453279
20150522;89.4;90.33;89.26;90.22;1577950
20150526;89.98;89.99;88.04;88.48;2315093
20150527;88.47;89.12;88.11;88.77;1028812
20150528;88.46;88.62;87.8;88.46;1033550
20150529;88.77;88.77;87.43;87.43;1676678
20150601;88.01;88.17;86.61;87.73;1044912
20150602;87.25;87.84;87.06;87.26;1035996
20150603;87.5;87.76;87.04;87.36;1316818
20150604;87.13;87.71;86.95;87.39;1487660
20150605;87.39;87.79;86.87;87.46;1363204
20150608;87.53;88.03;87.19;87.53;1381110
20150609;87.47;88.31;87.46;87.95;1329749
20150610;88.37;88.95;88.02;88.35;1143346
20150611;88.38;88.65;87.54;87.69;1192133
20150612;87.64;87.82;86.78;86.99;1026001
20150615;86.41;86.76;86.16;86.45;1146457
20150616;86.77;88.19;86.44;87.83;1454998
20150617;87.92;88.2;87.05;87.91;1132425
20150618;88.34;89;88.26;88.34;1362999
20150619;88.07;88.85;87.98;88.32;968297
20150622;88.61;89.49;88.19;88.33;758598
20150623;88.13;88.67;87.69;87.71;870840
20150624;87.73;87.91;87.25;87.48;1180835
20150625;87.78;87.8;86.55;86.75;1747660
20150626;87.08;88.03;86.84;88;1995791
20150629;87.43;87.56;85.98;86.05;1611056
20150630;86.62;86.9;85.99;86.66;1556275
20150701;87.11;87.69;86.95;87.67;991604
20150702;87.97;88.35;87.36;87.52;1064706
20150706;86.87;87.63;86.5;86.93;1379111
20150707;87.16;88.4;86.65;88.24;1643098
20150708;87.19;87.77;86.11;86.2;2287850
20150709;87.3;87.57;86.05;86.22;1298781
20150710;87.21;87.73;87;87.42;951026
20150713;88.26;89.31;88;89.18;1265520
20150714;89.28;89.63;88.55;89.2;1278863
20150715;88.88;89.95;88.81;89.42;1496871
20150716;90.03;90.37;89.25;89.31;1932570
20150717;89.24;89.27;88.52;88.68;1347210
20150720;88.69;89.1;88.26;88.53;1456156
20150721;88.65;89.77;88.01;89.24;1174750
20150722;89.11;89.75;88.58;89.32;864381
20150723;89.52;89.66;88.95;89.15;764863
20150724;89.2;89.49;88.16;88.4;901968
20150727;88.08;88.47;86.63;86.87;1694087
20150728;87.15;88.12;87.15;88.02;1356798
20150729;87.97;89.84;87.97;89.62;1195572
20150730;89.09;89.8;88.61;89.53;845226
20150731;89.84;89.98;88.98;89.11;1278018
20150803;89.2;89.87;88.76;89.51;1181192
20150804;89.5;90.76;89.13;90.19;956424
20150805;90.83;91.25;90.5;91.01;1398030
20150806;91.18;91.45;89.99;90.04;1279087
20150807;90.04;90.72;89.14;90.47;1664775
20150810;91.46;91.68;89.76;89.89;1934603
20150811;89;90.35;88.9;90.28;2447223
20150812;89.43;89.43;87.25;88.84;2039459
20150813;88.87;90.47;88.46;89.81;2209120
20150814;89.22;89.46;88.21;88.82;3324714
20150817;86.85;88;82.71;82.8;11082486
20150818;83.18;85.22;82.6;83.82;6233717
20150819;83.49;84.48;83.04;83.42;2705148
20150820;83;83.21;82.11;82.18;2227492
20150821;81.5;81.97;79.77;79.83;3004376
20150824;75.66;78.26;73.67;76.56;5634075
20150825;78.54;78.83;75.65;75.73;3798807
20150826;77.52;78.62;76.43;78.4;2618670
20150827;79.04;80.45;78.61;80.07;2418888
20150828;79.8;80.38;79.55;80.35;1908978
20150831;80.11;80.39;79.5;79.77;1702112
20150901;78.3;78.55;76.87;77.23;2880573
20150902;78.08;78.75;77.68;78.74;1407803
20150903;78.73;79.7;78.73;79.27;2529296
20150904;78.62;79.13;77.08;77.35;2045150
20150908;78.37;78.51;76.99;77.65;2257310
20150909;78.37;78.54;76.31;76.46;2002875
20150910;76.24;76.8;75.7;76.01;2080809
20150911;75.82;76.44;75.4;76.42;1857857
20150914;76.83;76.86;75.61;76.38;1256988
20150915;76.32;77.73;76.07;77.4;1459599
20150916;77.4;78.42;77.26;78.11;1289991
20150917;78.1;79.86;77.86;78.86;2034962
20150918;78.23;78.99;77.53;77.64;2502709
20150921;78.2;78.9;77.95;78.51;1841789
20150922;77.45;77.86;77.02;77.35;1199218
20150923;77.49;78.42;77.23;78.35;1921359
20150924;77.77;78.71;77.06;78.54;1722135
20150925;79.7;80.88;79.16;79.77;2032555
20150928;78.81;79.57;77.12;77.19;2658904
20150929;77.33;78.87;77.05;78.73;2341142
20150930;79.74;80.76;79.37;80.68;2865932
20151001;80.46;81.17;80.19;80.95;2790669
20151002;80.19;81.27;79.49;81.23;2399482
20151005;81.9;83.2;81.43;83.08;1552817
20151006;83.07;83.39;82.56;83.08;2092461
20151007;83.12;83.81;82.87;82.98;1957694
20151008;82.74;83.97;82.31;83.91;1258970
20151009;83.96;84.68;83.87;84.45;1499810
20151012;84.46;84.68;83.86;84.53;940820
20151013;84.06;84.19;82.95;83.05;1360708
20151014;83.16;83.54;82.77;83.13;981646
20151015;83.79;84.96;83.79;84.35;1836818
20151016;84.73;85.12;84.23;84.77;1032465
20151019;84.8;84.99;83.58;83.8;1940779
20151020;83.95;84.39;83.64;83.74;1693108
20151021;83.99;84.29;83.23;83.34;1383070
20151022;84.02;84.78;83.95;84.59;2624308
20151023;85.08;85.23;83.67;84.21;1920212
20151026;84.21;84.54;83.51;83.89;1317312
20151027;83.6;83.82;83.13;83.67;1179036
20151028;83.84;84.35;83.23;83.25;2101022
20151029;82.74;83.44;81.89;82.24;4990512
20151030;82.5;82.65;80.18;80.46;6945631
20151102;84.71;88.1;84.64;86.97;8552270
20151103;86.94;87.04;85.64;86.83;4325877
20151104;86.17;86.52;85.16;85.9;2196576
20151105;86.01;86.92;85.56;86.73;1759507
20151106;86.5;86.82;84.54;85.67;1668697
20151109;85.3;85.72;83.96;84.65;2160669
20151110;84.3;85.63;84.29;85.39;1051571
20151111;86.07;86.69;85.49;85.83;1336476
20151112;85.43;85.89;84.31;84.35;1438316
20151113;84.06;84.06;82.31;82.66;2009948
20151116;82.66;83.24;82.3;83.05;1416674
20151117;83.25;83.37;81.87;82.06;1582712
20151118;82.47;83.81;82.05;83.75;1534870
20151119;84.14;84.87;83.95;84.57;1808260
20151120;84.82;85.37;84.14;84.4;1786403
20151123;84.41;85.54;84.3;85.41;1058840
20151124;85.01;86;84.72;85.57;1996584
20151125;85.75;86.08;85.23;85.4;1232457
20151127;85.47;85.8;85.13;85.29;775924
20151130;85.19;85.42;84.1;84.12;1993051
20151201;84.26;85.07;83.77;85.03;1654339
20151202;84.93;85.16;83.72;83.79;1357520
20151203;84.26;84.45;82.99;83.83;2391787
20151204;84.01;85.52;83.82;85.43;1348684
20151207;85.44;87.57;85.11;86.98;2066290
20151208;86.43;87.28;85.85;87.08;2950956
20151209;86.96;87.99;86.06;86.24;4321247
20151210;86.51;87.61;86.05;86.86;2311003
20151211;85.57;86.17;83.7;84.5;2970870
20151214;84.55;85.56;84.15;85.55;2097072
20151215;86.18;88;86.12;87.48;2331046
20151216;87.88;89.46;87.23;89.26;2259055
20151217;89.77;89.93;88.86;89.21;2147223
20151218;88.76;88.88;87.35;87.41;2237847
20151221;88.16;88.54;87.49;88.21;1294925
20151222;88.29;88.85;87.59;88.65;1274267
20151223;89;89.38;88.77;89.36;669026
20151224;88.93;89.28;88.32;88.8;347029
20151228;88.39;88.84;88.13;88.66;636074
20151229;89.09;89.63;88.98;89.4;741905
20151230;89.34;89.62;89.01;89.03;858498
20151231;88.62;89.15;88.03;88.06;863082
20160104;86.93;87.24;86.12;87.21;1722363
20160105;87.18;88.17;86.91;88.01;1494278
20160106;87.06;87.22;84.74;85.09;2759398
20160107;83.52;84.6;83.01;83.33;2140389
20160108;83.7;84.4;82.68;82.82;1738494
20160111;83.37;83.57;81.46;82.88;1969104
20160112;83.52;84.27;83.06;84.23;1445633
20160113;84.34;84.82;82.81;83.1;1628268
20160114;83.32;84.95;82.87;84.28;2003524
20160115;82.49;83.17;81.44;82.35;2146505
20160119;83.41;84.13;82.88;83.88;2122744
20160120;82.67;83.55;81.02;82.93;2355634
20160121;83.41;84.11;81.92;83.3;1840345
20160122;84.51;85.9;84.28;85.69;1403743
20160125;84.63;85.14;83.37;83.47;2124306
20160126;84.39;84.82;83.39;83.59;2090581
20160127;83.55;83.82;81.95;82.4;2431072
20160128;82.9;84.22;82.89;83.69;1776422
20160129;84.11;85.39;83.98;85.25;2067722
20160201;85.04;85.93;84.31;85.46;2170722
20160202;84.55;85.52;84.55;85.02;1525512
20160203;85.36;86.71;84.08;86.46;2357707
20160204;85.78;87.65;85.77;87.01;3180974
20160205;87.39;91;87.38;90.99;4459912
20160208;89.81;91.11;88.08;89.63;3844570
20160209;88;90.77;87.99;90.44;3071693
20160210;90.41;90.88;88.32;88.47;2727564
20160211;86.78;87.25;86;86.74;1858769
20160212;87.23;88.37;86.56;88.31;1604699
20160216;89.45;90.31;88.14;88.62;2201148
20160217;88.98;90.9;88.71;90.07;1970961
20160218;89.98;91.4;89.42;91.25;2093153
20160219;91.06;91.64;90.15;91.63;1346654
20160222;91.97;92.5;91.35;91.72;1105624
20160223;91.48;92;90.91;91.72;1054545
20160224;90.55;92.2;90.31;92.02;923187
20160225;92.22;92.7;91.16;92.68;816392
20160226;92.92;93.43;91.71;91.79;1042124
20160229;91.62;92.16;91.23;91.33;1122404
20160301;92.23;92.8;91.78;92.4;1065443
20160302;92.13;92.76;91.35;91.85;1577738
20160303;91.86;92.4;91.43;92.2;1038657
20160304;92.61;93.06;91.79;92.55;982448
20160307;91.91;92.39;91.44;91.63;1022929
20160308;91.53;91.96;90.73;91.74;1977379
20160309;92.24;93.1;91.79;92.2;975024
20160310;92.2;92.7;90.95;91.77;955219
20160311;92.86;93.27;92.29;93.11;1061318
20160314;93.09;94.56;92.74;93.83;1320080
20160315;93.07;94.06;92.99;93.8;1399785
20160316;91.8;93.32;91.55;93.11;1638636
20160317;93.11;94.13;92.85;93.95;1027885
20160318;93.74;94.5;93.21;94.18;2028133
20160321;94.24;94.64;93.36;94.13;694314
20160322;93.65;93.75;92.6;93.18;1273609
20160323;93.49;94.09;93.25;93.38;771910
20160324;93.19;93.44;92.66;93.27;621865
20160328;93.31;93.9;93.23;93.6;576934
20160329;93.7;94.39;93.2;94.17;783606
20160330;94.77;94.93;94.35;94.42;855976
20160331;94.15;94.67;93.95;94.31;1225015
20160401;93.88;95.73;93.64;95.65;1132097
20160404;95.8;95.8;94.84;95.5;796557
20160405;95.38;95.9;94.9;95.1;743284
20160406;95.12;95.72;94.95;95.68;658610
20160407;95.09;95.1;93.5;94.54;1491503
20160408;95.02;95.39;94.58;95.21;943945
20160411;95.73;96.2;95.12;95.25;794077
20160412;95.09;95.69;94.51;94.73;1252647
20160413;95.25;95.25;94.26;94.52;1173031
20160414;94.61;95.3;94.15;94.71;1066732
20160415;94.82;94.99;94.08;94.95;1210599
20160418;94.9;95.97;94.63;95.78;962812
20160419;96.42;97.08;96.06;96.95;1286312
20160420;96.85;97.33;96.54;96.57;1198289
20160421;96.04;96.25;93.69;93.89;1631242
20160422;93.53;93.96;91.96;93.95;1978424
20160425;93.53;94.79;93.52;94.72;1451934
20160426;94.72;95.88;94.38;95.69;1430514
20160427;95.71;96.8;95.47;96.17;1670574
20160428;95.67;97.46;95.47;97.12;1487623
20160429;96.69;96.85;95.31;95.87;1591304
20160502;95.86;97.48;95.68;97.13;2274592
20160503;94.23;95.48;93.02;93.29;3521600
20160504;92.5;93.42;91.92;93.15;2444692
20160505;93.13;94.26;92.97;93.28;1222929
20160506;93.17;94.12;92.06;93.99;1785588
20160509;94.22;95.03;93.36;93.74;1532074
20160510;94.23;95.58;94.17;95.54;1900915
20160511;95.03;95.22;94.38;94.93;2064525
20160512;95.43;95.86;93.72;94.61;1451585
20160513;94.22;94.32;92.38;92.66;1689057
20160516;92.72;93.2;92.56;92.79;1010540
20160517;92.66;92.98;91.6;92.02;1641154
20160518;91.88;92.12;90.13;90.5;1888992
20160519;90.04;91.09;89.84;91.01;1651720
20160520;91.31;91.31;90.14;90.48;1759356
20160523;90.34;91.09;90.14;90.73;1299565
20160524;91.31;92.61;90.43;92.14;1568738
20160525;92.21;92.75;92.01;92.04;1230354
20160526;92.12;92.26;91.43;91.44;1094897
20160527;91.79;93.01;91.53;92;1450029
20160531;92.32;92.73;91.41;91.78;1713676
20160601;91.59;92.99;91.36;92.99;1761687
20160602;92.74;93.35;92.6;93.2;1019647
20160603;93.22;93.88;92.88;93.07;1290889
20160606;93.09;93.59;92.63;93.06;1308837
20160607;93.35;93.77;92.97;93.12;1170613
20160608;93.3;93.53;92.82;92.88;1088324
20160609;92.41;92.71;91.85;92.28;1669464
20160610;91.51;92.06;91.12;91.55;1679449
20160613;91.77;92.28;91.24;91.29;1279700
20160614;90.88;91.76;90.23;91.45;1216676
20160615;91.52;92.17;90.8;91.01;1079193
20160616;90.97;91.87;90.62;91.71;1395724
20160617;91.78;92.27;91.34;91.94;1646538
20160620;92.85;93.81;92.62;93.08;1690224
20160621;93.3;93.69;92.76;93.1;1564222
20160622;93.36;94.33;93.05;93.59;1166772
20160623;94.05;95;93.98;94.95;1564137
20160624;92.53;92.87;89.67;89.73;3222184
20160627;89.42;89.42;87.11;87.24;2281883
20160628;88.39;88.67;87.08;88.19;2476759
20160629;88.76;89.97;88.53;89.71;2504636
20160630;89.74;91.09;89.65;91.02;2718722
20160701;91.25;92.42;91.16;91.82;1541020
20160705;91.45;92.16;91.03;91.32;1685404
20160706;90.74;91.28;90.31;91.03;1535963
20160707;91;91.75;91;91.55;1111878
20160708;92;93.17;91.83;93.01;1283007
20160711;92.69;93.5;92.66;93.28;839803
20160712;93.29;93.59;92.77;93.29;1205957
20160713;93.28;93.58;92.94;93.3;869506
20160714;93.69;94.28;93.53;94.03;1199886
20160715;94.53;94.94;94.14;94.4;1098339
20160718;94.39;94.39;93.59;93.97;1200861
20160719;93.41;93.76;93.12;93.49;856931
20160720;93.49;94.07;93.32;93.5;832418
20160721;93.22;93.63;92.64;92.86;1009469
20160722;93.06;93.34;92.87;93.23;716133
20160725;92.98;93.25;92.49;93.17;740987
20160726;93.07;94.05;92.76;93.05;909373
20160727;93.04;93.04;92.13;92.41;1097395
20160728;92.56;92.88;92.01;92.11;1273698
20160729;91.9;93.15;91.9;92.9;1097046
20160801;92.81;94.22;92.81;93.43;1185002
20160802;93.73;94.04;92.74;93.27;1255253
20160803;93.05;93.89;92.67;93.84;1410672
20160804;93.79;94.27;93.32;93.68;1721352
20160805;93.67;94.19;92.49;93.58;1760300
20160808;93.57;93.64;93.11;93.29;1260070
20160809;93.49;94.06;93.31;93.34;990088
20160810;93.29;93.41;92.72;92.91;1282454
20160811;92.96;93.24;91.76;92.53;2074628
20160812;92.64;93.64;92.17;93.1;1470954
20160815;93.09;93.82;93.07;93.2;1406479
20160816;92.77;92.96;91.95;92.42;1412500
20160817;92.64;93.2;92.08;93.02;2013764
20160818;93.18;95.38;92.96;95.1;3520724
20160819;91.89;93.25;91.06;91.73;5640769
20160822;90.89;92.95;90.1;91.38;2744680
20160823;91.65;92.27;91.45;91.57;1382971
20160824;91.37;91.57;90.19;90.5;2038675
20160825;90.56;91.77;90.3;91.23;1419420
20160826;91.19;91.81;90.26;90.91;1471023
20160829;90.65;91.18;90.59;90.86;954330
20160830;90.83;90.98;89.77;89.87;1373933
20160831;89.74;89.88;88.75;89.23;2352337
20160901;89.43;89.5;88.34;88.95;1998994
20160902;89.59;90;89.41;89.62;1018692
20160906;89.51;90.1;88.71;89.47;1289552
20160907;89.11;89.22;88;88.21;2276987
20160908;88;88.54;87.5;88.09;2946028
20160909;87.15;88.02;86.85;87.55;3693499
20160912;87.54;88.89;87.25;88.77;2384893
20160913;88.05;88.25;87.05;87.84;2478331
20160914;88.06;88.62;87.29;87.51;1266339
20160915;87.57;88.11;87.05;87.86;1486465
20160916;87.49;88.03;87.31;87.72;1752585
20160919;88.08;88.48;87.37;87.38;1236786
20160920;87.85;88.19;87.29;87.3;1242174
20160921;87.41;88.34;87.09;88.25;1424461
20160922;88.71;89.17;88.42;88.74;1317514
20160923;88.39;88.78;88.15;88.15;1288966
20160926;87.76;88.7;87.73;88.32;1758708
20160927;88.53;89.59;88.37;89.39;1726066
20160928;89.45;89.76;88.02;88.45;1569812
20160929;88.34;88.5;86.57;86.87;1771599
20160930;87.14;88.9;87.14;88.56;1952476
20161003;88.41;88.56;87.53;88.07;1220108
20161004;88.43;88.46;87.21;87.43;901392
20161005;87.46;88.15;87.34;87.95;1274102
20161006;87.77;88.74;87.7;88.31;1048992
20161007;88.27;88.52;87.26;87.83;763707
20161010;88.22;88.45;87.39;87.53;1246495
20161011;87.34;87.67;87;87.28;1361442
20161012;87.52;88.58;87.23;88.18;1376950
20161013;87.37;88.53;87.13;88.15;1227625
20161014;87.49;88.49;87.18;87.33;2200158
20161017;87.2;88.01;87.2;87.54;1300756
20161018;88;88.09;87.58;87.67;1107725
20161019;87.6;87.89;87.21;87.6;1185119
20161020;87.42;87.69;86.15;86.3;1729753
20161021;86.09;86.62;85.45;86.51;1527324
20161024;86.44;86.75;86.21;86.63;1616808
20161025;86.74;87.02;86.11;86.18;1254742
20161026;85.89;86.24;85.58;85.76;1488168
20161027;86.12;86.14;85.28;85.92;1035301
20161028;86.13;86.92;86.01;86.41;1419956
20161031;86.51;87.72;86.39;87.13;1763026
20161101;87.35;87.57;85.82;86.3;1980633
20161102;83.27;84.63;81.16;81.6;6825094
20161103;81.31;81.43;79.44;79.57;3706302
20161104;79.6;80.46;79.01;79.02;1907007
20161107;80.07;80.77;79.2;80.56;1683147
20161108;80.45;81.02;80.14;80.31;1959097
20161109;78.9;80.52;77.74;80.39;2496110
20161110;80.16;80.19;78.1;78.21;2854139
20161111;78.02;78.99;77.12;78.36;2290513
20161114;78.33;78.36;77.19;77.6;1971086
20161115;78.17;78.99;77.61;77.75;2839599
20161116;77.63;77.81;76.65;77.01;2254026
20161117;77.48;78.59;76.84;78.11;2316077
20161118;77.86;78.03;77.37;77.41;2023079
20161121;77.77;78.22;77.48;77.82;1330779
20161122;77.9;78.03;77.46;77.73;1685959
20161123;77.61;78.4;77.61;77.78;1212996
20161125;78;78.78;78;78.65;834686
20161128;78.17;79.3;77.87;78.44;1571728
20161129;78.57;79.04;78.24;78.61;1648151
20161130;78.83;79.63;77.67;77.7;2557583
20161201;77.43;77.56;75.3;75.91;2188532
20161202;76.12;76.72;75.68;75.84;2007407
20161205;76.38;77.62;76;77.16;2759689
20161206;77.41;77.6;76.85;77.46;2510010
20161207;77.83;79.01;77.53;78.33;2564515
20161208;78.5;79.32;78.3;79.29;2054587
20161209;79.41;79.85;79.17;79.71;1618871
20161212;79.7;79.71;77.84;78.23;2808802
20161213;78.34;79.28;78.34;78.73;2195126
20161214;78.79;79.37;77.8;77.96;3106928
20161215;77.9;78.54;76.99;77.58;3175896
20161216;76.98;77.49;76.03;76.13;4157031
20161219;76.57;76.81;75.83;76.28;2437650
20161220;76.74;77.65;76.39;77.63;2225963
20161221;77.55;78.3;77.38;78.12;1972220
20161222;78.38;78.92;77.8;78.78;2302755
20161223;78.8;78.83;78.34;78.38;1289670
20161227;78.33;78.52;78;78.23;1123724
20161228;78.09;78.27;77.18;77.22;1221368
20161229;77.53;77.88;77.04;77.27;852920
20161230;77.31;77.47;76.28;76.49;1237427
20170103;77.26;77.97;76.93;77.33;2075916
20170104;77.53;78.99;77.5;78.7;1550507
20170105;78.19;78.69;77.56;78.6;1587515
20170106;78.64;79.5;78.3;79.16;1634591
20170109;78.8;79;78.11;78.24;1397164
20170110;78.4;78.4;77.23;77.35;2472403
20170111;76.63;78.36;76.34;78.33;2787818
20170112;78.74;79.85;78.1;79.14;3338627
20170113;78.98;79.57;78.62;78.79;1933194
20170117;79.35;80.34;79.25;79.85;2253262
20170118;79.99;80.43;79.22;79.27;1615853
20170119;79.23;79.32;78.36;78.89;1720304
20170120;78.99;79.79;78.71;79.63;1853198
20170123;79.53;79.81;79.12;79.65;1188589
20170124;79.78;80.84;79.7;80.79;1283389
20170125;81.05;82.06;80.9;82.01;1996454
20170126;82.21;83.33;81.64;81.96;2746622
20170127;81.58;81.78;80.69;80.96;1189056
20170130;81.11;81.11;80.11;80.87;1672533
20170131;80.92;81.25;80.31;81.21;1891004
20170201;80.9;81.29;79.35;79.92;4869491
20170202;82.91;83.31;80.86;82;5021826
20170203;82.06;83.5;81.94;83.02;3395538
20170206;82.99;83.2;82.56;82.82;2114510
20170207;83.18;83.75;82.32;83.4;2402494
20170208;83.11;83.48;82.2;82.49;2263838
20170209;82.37;82.9;82.29;82.66;1535160
20170210;82.56;82.74;82.15;82.59;1684795
20170213;82.81;82.97;82.43;82.59;1048869
20170214;82.35;83.56;82.2;83.25;1666637
20170215;83.33;83.94;82.65;83.54;2035833
20170216;83.36;83.7;82.52;83.27;1530065
20170217;83.68;85.72;83.59;85;6467665
20170221;85.2;85.71;84.48;84.64;2411083
20170222;84.53;84.99;84.03;84.2;1600093
20170223;84.6;84.83;83.86;84.02;1501677
20170224;83.72;83.85;82.94;83.75;1225194
20170227;83.42;83.72;82.5;82.97;1264618
20170228;83;83.4;82.74;82.85;1556155
20170301;83.18;84.23;82.81;84.05;1622933
20170302;85;85.04;82.8;82.92;3459458
20170303;82.79;83.05;81.69;82.95;1372517
20170306;82.53;83.14;82.43;82.71;1184086
20170307;82.48;82.94;82.35;82.77;1274061
20170308;82.84;83.25;82.71;82.93;1126678
20170309;83.3;83.34;82.66;82.88;958619
20170310;84.21;86.42;84.15;85.78;3603655
20170313;85.44;85.87;85.17;85.37;1523552
20170314;84.96;85.31;84.46;84.78;1126020
20170315;84.75;85.75;84.75;85.33;1412707
20170316;85.25;85.67;85.1;85.58;915312
20170317;85.71;86.66;85.4;85.96;2237858
20170320;85.77;86.55;85.5;86.51;2210948
20170321;86.98;87.55;86.39;86.48;2149480
20170322;86.38;86.89;86.09;86.53;1226626
20170323;86.41;87.24;86.36;86.52;1348093
20170324;86.56;87.23;85.31;86.01;1888192
20170327;85.49;86.57;85.37;85.82;1786145
20170328;85.53;86.13;84.89;85.61;1591127
20170329;85.66;86.17;85.33;85.52;1300616
20170330;85.42;85.66;85.22;85.34;1373586
20170331;85.26;85.81;84.71;84.79;2078646
20170403;84.73;85.2;83.34;83.5;2666392
20170404;84.34;85.27;83.69;85.06;2691559
20170405;85.11;86.41;84.77;85.24;2665242
20170406;84.86;85.6;84.29;84.37;1809715
20170407;84.36;84.45;83.67;84.15;1096342
20170410;84.34;84.99;84.05;84.72;1074607
20170411;84.61;85.02;84.16;84.85;994572
20170412;84.37;85.03;84.33;84.92;934808
20170413;84.76;85.31;84.7;84.94;1043529
20170417;85.09;85.4;85.05;85.36;764976
20170418;85.17;86.38;84.84;86.29;2110097
20170419;86.34;86.89;85.46;85.62;1507717
20170420;85.75;86.43;85.34;86.03;1506930
20170421;85.96;86.15;85.01;85.18;1501789
20170424;85.71;86.33;85.54;85.99;1312882
20170425;86.27;87.72;86.25;87.38;1760646
20170426;87.41;88.41;87.27;87.81;2709609
20170427;87.72;88.17;87.35;87.42;1603733
20170428;87.21;87.57;86.56;87.14;1717008
20170501;87.68;88.39;87.1;87.18;1562630
20170502;87.11;87.81;87.02;87.48;2660818
20170503;90.15;91.91;89.98;91.3;5116225
20170504;91.46;92.21;90.77;91.86;2483041
20170505;91.38;92.95;91.04;92.86;2086068
20170508;92.58;92.95;92.14;92.61;1586475
20170509;92.77;93.01;92.28;92.98;2162435
20170510;93.45;94.47;93.37;94.08;2572072
20170511;93.73;93.85;92.85;92.9;2338529
20170512;93.08;93.08;92.37;92.93;1295237
20170515;92.98;93.38;92.48;92.61;1813708
20170516;92.79;92.95;91.76;91.9;1646456
20170517;91.86;92.65;91.09;92.1;2644714
20170518;91.96;91.96;90.97;91.38;1937848
20170519;91.53;92.83;90.81;92.37;3273106
20170522;92.11;93.3;92.11;92.95;1199625
20170523;93.22;93.38;91.88;91.99;1757096
20170524;92.34;93.13;92.13;93.03;1434880
20170525;93.25;93.72;93.03;93.59;1220784
20170526;93.35;94.19;93.25;93.7;852849
20170530;93.41;94.05;92.85;93.99;1023571
20170531;93.99;94.63;93.74;94.14;1260585
20170601;94.34;94.57;93.9;94.56;1373772
20170602;95;96.23;94.8;96.13;2331927
20170605;95.98;96.38;95.42;96.3;820870
20170606;96.3;97;95.85;96.23;1419189
20170607;96.16;96.59;95.86;96.51;1205606
20170608;96.47;96.51;95.63;96.05;929544
20170609;95.99;96.66;95.65;96.35;1206894
20170612;96.33;96.55;94.62;96.01;1296517
20170613;96.02;96.96;95.68;96.64;1005620
20170614;96.76;97.7;96.67;97.16;1085348
20170615;96.74;97.78;96.1;97.55;1096458
20170616;97.55;97.77;96.68;97.5;1920817
20170619;97.6;98.22;97.44;98.19;1257675
20170620;98.21;98.4;96.98;97.05;1335805
20170621;97.47;97.47;96.49;97.33;1358878
20170622;97.4;97.91;96.68;97.48;1278723
20170623;97.34;97.42;96.46;96.99;1728117
20170626;97.43;97.43;96.45;96.5;1783547
20170627;96.29;97.13;96.06;96.41;1505455
20170628;96.9;97.71;96.77;96.81;1141429
20170629;96.43;96.53;94.69;95.62;2109234
20170630;95.96;96.43;95.75;95.98;1290323
20170703;96.07;96.28;95.71;95.81;777971
20170705;95.78;96.28;95.43;95.72;1441644
20170706;95.34;95.6;94.27;94.84;1575467
20170707;95.19;95.25;94.05;94.28;1570482
20170710;94.31;94.58;93.57;94.27;2577739
20170711;94.4;94.43;93.45;93.86;1764927
20170712;94.48;95.02;94.18;94.52;1553523
20170713;94.75;95.13;94.4;94.73;966237
20170714;94.89;95.64;94.68;95.31;952697
20170717;95.19;96.87;94.93;96.2;1705111
20170718;96.25;96.48;95.92;96.29;1138539
20170719;96.46;97.17;96.29;96.94;1065264
20170720;97.3;97.84;97.02;97.11;1111220
20170721;96.76;98.01;96.76;97.95;1163164
20170724;97.82;97.91;97.08;97.75;858997
20170725;98.12;99.1;97.97;98.75;2067642
20170726;98.75;99.16;98.19;98.92;2039598
20170727;99.24;99.56;98.34;99.53;1699412
20170728;99.3;99.51;98.57;99;1532137
20170731;99.26;99.82;98.53;98.99;2250236
20170801;98.97;99.24;98.35;98.61;1592040
20170802;98.24;98.8;97.57;98.49;1717350
20170803;98.43;98.78;98.11;98.17;1046309
20170804;98.35;98.82;98.01;98.58;1013906
20170807;98.44;101.02;98.33;100.53;2231738
20170808;100.34;101.41;100.06;101.06;2128913
20170809;100.85;104.5;100.68;103.77;7523547
20170810;103.02;104.38;101.22;101.69;4764877
20170811;101.9;102.33;99.01;99.65;3592379
20170814;100.09;101.79;100.01;101.13;2687660
20170815;101.48;101.64;100.52;101.04;1702431
20170816;100.87;102;100.45;101.07;2034090
20170817;101.15;101.3;98.16;98.32;4479410
20170818;102.81;106.45;102;105.92;8925828
20170821;105.39;106.98;105.05;106.48;3541896
20170822;107.09;107.91;104.89;105.21;4659537
20170823;105;105.45;104.01;104.45;3201246
20170824;104.79;106.16;104.52;106.01;2510998
20170825;105.26;107.15;104.92;106.5;3170872
20170828;105;106.81;104.3;105.96;3841515
20170829;105.56;106.5;105.2;105.7;1826456
20170830;105.65;106.41;105.16;105.66;1805047
20170831;106;107.1;105.67;106.99;2085013
20170901;107;108.18;106.72;107.93;2360555
20170905;107.46;108.35;107.39;107.95;1636072
20170906;108.31;108.6;106.86;108.07;1520419
20170907;108.56;108.74;107.55;108.23;1467889
20170908;108.2;108.85;107.73;108.81;1387934
20170911;109.18;109.84;108.64;108.74;2548044
20170912;108.54;109.6;108.54;108.9;2438399
20170913;109.3;109.97;109.18;109.66;1302895
20170914;109.41;110.03;109.05;110.01;1227904
20170915;110.37;110.99;109.15;109.69;1896840
20170918;110.04;110.31;109.71;110.27;952330
20170919;110.27;110.43;109.99;110.35;1061889
20170920;110.37;110.87;109.44;110.23;1438165
20170921;109.96;110.11;108.19;108.25;1402728
20170922;108.63;109.16;107.3;107.58;2173326
20170925;107.79;108.36;107.62;107.98;2025020
20170926;108.01;108.29;107.2;107.96;2833237
20170927;108.1;108.76;107.43;108.52;1231022
20170928;108.3;108.54;106;106.35;2542181
20170929;106.76;108.16;106.3;107.84;2531129
20171002;108.26;108.84;107.79;108.2;1151841
20171003;108.27;108.89;108.27;108.45;1317682
20171004;109.05;110.75;108.69;109.94;1864588
20171005;109.9;110.55;109.81;110.02;1081962
20171006;109.72;110.2;109.34;109.74;1211998
20171009;109.74;110.06;109.36;109.63;1228200
20171010;109.98;110.26;109.15;109.59;852052
20171011;109.84;110.17;109.53;109.73;1030558
20171012;109.58;109.87;109.19;109.49;1799880
20171013;109.86;111.75;109.55;111;1676274
20171016;111.75;111.79;110.36;111.28;1243441
20171017;111.01;111.28;110.04;110.51;1238941
20171018;110.69;110.83;109.2;109.98;1447678
20171019;109.46;109.77;108.91;109.7;1822323
20171020;109.47;109.76;108.25;108.8;1927107
20171023;108.98;109.78;108.58;109.07;1260165
20171024;108.81;110.27;108.74;110.24;1350986
20171025;110.29;111.21;110.01;111.12;1948597
20171026;111.16;112.49;111.16;111.79;1639529
20171027;111.33;111.91;110.46;111.87;1644099
20171030;111.61;111.83;109.75;110.85;1838274
20171031;111.15;112.27;110.52;111.81;2255875
20171101;120.15;124.8;117.14;122.12;7620652
20171102;121.67;122.5;118.82;120.15;4197621
20171103;120.43;122;119.81;121.71;2219327
20171106;121.42;121.75;120.47;121.12;1331662
20171107;120.63;122.29;120.46;122.22;1299153
20171108;122.5;124;122.5;123.08;2227903
20171109;122.67;124.2;122;123.78;1855594
20171110;123.82;125.29;123.73;124.61;1859198
20171113;124.81;126.99;124.57;126.32;2034980
20171114;125.75;126.31;125.26;126.02;1431798
20171115;125.38;126.12;124.54;124.61;1392223
20171116;125.16;126.44;124.81;125.64;1444781
20171117;125.48;126.16;124.69;124.69;2215281
20171120;125.14;126.48;124.89;125.18;1673997
20171121;124.8;126.43;124.75;125.5;1889408
20171122;125.88;126.71;125.07;125.84;1560984
20171124;126;126.6;126;126.19;870703
20171127;126.1;126.46;124.67;125.15;1592967
20171128;125.73;125.83;125.08;125.31;2022937
20171129;124.53;124.99;123.35;123.93;2575042
20171130;123.87;125.03;123.34;124.83;2857491
20171201;124.73;125.27;123.42;124.77;1703341
20171204;125.35;125.6;123.99;125.34;1541930
20171205;123.92;124.97;123.5;124.5;2491717
20171206;124.28;124.67;123.01;124.47;1902814
20171207;124.53;125.34;124.25;125.18;1635729
20171208;125.16;125.9;124.57;125.63;1788500
20171211;125.31;125.85;124.95;125.47;1322331
20171212;125.1;125.32;124.72;124.95;1609229
20171213;124.95;128.57;124.9;127.95;2379604
20171214;127.66;128.22;127.34;127.81;1588933
20171215;128.59;129.79;128.44;129.62;2777831
20171218;129.87;130.36;129.09;129.39;1693931
20171219;129.24;129.82;127.41;127.84;1980312
20171220;128.04;128.31;127.27;127.69;1142979
20171221;128.15;128.86;127.5;127.58;827840
20171222;128.09;128.12;127.24;127.75;747020
20171226;127.78;129.01;127.57;128.85;491450
20171227;128.64;128.92;127.63;127.75;613808
20171228;127.62;128.21;127.38;127.89;794077
20171229;127.8;128.13;127.2;127.24;805149
20180102;127.64;128.07;126.8;127.59;1288852
20180103;127.55;129.72;127.19;129.62;2121226
20180104;130;131.59;129.95;130.23;1904289
20180105;130.22;130.63;129.71;129.99;1572037
20180108;129.78;131.25;129.59;130.97;967924
20180109;131.3;132.49;131;131.7;1249330
20180110;131.3;131.3;128.27;130.32;1599133
20180111;130.59;130.87;128.75;129.09;1250244
20180112;129.16;129.49;128.42;128.53;1465988
20180116;129.2;130.39;128.46;128.66;1618911
20180117;129.28;132.59;129.01;132.06;1613444
20180118;132.21;132.45;130.78;130.98;1147123
20180119;131.58;134.46;131.32;134.45;1380073
20180122;133.74;135.69;133.59;134.87;1388010
20180123;134.76;137.16;134.76;136.72;1317853
20180124;136.82;137.6;135.12;136.25;1623197
20180125;136.96;137.67;136.26;137.17;1115434
20180126;136.87;137.85;135.84;137.71;1587948
20180129;137.76;138.2;136.13;136.6;1374568
20180130;136;137.19;135.23;136.63;1318348
20180131;136.96;137.77;134.1;134.96;2024939
20180201;135.13;136.42;133.88;134.56;2098582
20180202;138.74;138.74;133.04;134.39;3279624
20180205;133.4;137.04;132.54;134.3;3610531
20180206;132.89;137.74;131.68;137.22;3546158
20180207;136.83;137.5;133.99;134.71;2835714
20180208;135.13;135.6;131.24;131.46;3067492
20180209;132.18;135.29;131.18;134.75;3029107
20180212;135.41;137.98;135.41;137.03;2273358
20180213;136.38;137.73;136.38;137.5;1740770
20180214;137.17;139.99;136.48;139.73;1693306
20180215;140;140.53;137.95;139.63;2262577
20180216;139.21;141.67;139.21;141.04;2087302
20180220;140.74;141.05;139.05;139.35;1399695
20180221;139.37;142.21;139.35;139.82;1965592
20180222;140.1;141.29;139.61;140.15;1191461
20180223;140.69;142.45;140.37;142.39;1065312
20180226;142.62;143.63;142.31;143.29;1119428
20180227;142.59;143.26;139.56;139.78;1861818
20180228;139.85;140.8;138.44;138.44;1616928
20180301;138.26;139.27;137.04;138.54;2361243
20180302;137.41;140.74;137.41;140.65;1680428
20180305;140.1;141.81;139.56;141.64;2085256
20180306;142.16;143.12;141.7;142.68;2033597
20180307;141.53;143.86;141.42;143.55;1627005
20180308;143.6;144.42;142.78;144.39;1944703
20180309;145.25;145.41;144.53;145.05;1814078
20180312;145;145.97;144.69;145.37;1259136
20180313;146;146.33;144.81;145.78;1163783
20180314;145.78;146.15;143.93;145.09;1644643
20180315;145.38;145.71;143.59;144.12;2244923
20180316;144.14;146.57;144.14;146.27;1617503
20180319;146.3;147.7;145.05;145.86;1787039
20180320;146;148.37;145.9;148.2;1613698
20180321;147.83;148.08;146.01;146.13;1237189
20180322;145.84;146.92;144.34;144.5;1602635
20180323;144.6;145.93;143.5;143.8;1672530
20180326;145.15;148.41;145.15;148.21;1720103
20180327;148.65;148.92;145.92;146.69;2150020
20180328;147.24;148.6;145.28;146.03;2171490
20180329;146.8;150.4;146.76;149.72;1666360
20180402;149.43;150.46;146.55;147.67;1707176
20180403;148.56;149.9;147.4;149.38;1816070
20180404;148.05;151.43;148;150.5;1880255
20180405;150.95;152.02;149.68;151.48;1378507
20180406;150.75;153.14;148.65;150.25;1722835
20180409;151.18;151.89;150.21;150.33;1683478
20180410;152;152.98;151.28;152.3;1915944
20180411;151.88;153.24;151.52;152.42;948045
20180412;153.21;153.59;151.06;151.49;1864421
20180413;151.46;151.8;147.58;148.81;2318532
20180416;150.12;152.19;149.64;150.82;2030869
20180417;151.73;153.6;151.11;153.11;1268067
20180418;153.61;153.88;152.11;152.5;1827742
20180419;151.76;152.76;151.13;151.83;1443569
20180420;151.59;152.04;147.94;148.73;2484231
20180423;149.35;149.53;147;147.95;1666845
20180424;148.75;149.89;145.45;146.87;2164663
20180425;146.57;146.87;144.81;146.49;2011634
20180426;147.21;148.35;146.95;147.59;1201146
20180427;147.7;149.11;147.06;148.74;1326831
20180430;149.34;150.54;147.7;148.09;3015140
20180501;147.62;147.91;144.93;144.93;3096219
20180502;140;140.89;131.76;132.59;7249255
20180503;134.68;135.52;132.03;134.12;4397184
20180504;133.58;136.82;133.06;135.74;2293299
20180507;135.73;135.96;132.96;133.79;2285696
20180508;134.31;137.27;133.82;136.2;2376297
20180509;136.98;137.84;135.8;137.81;2734586
20180510;138.43;139.52;138.23;138.5;1691038
20180511;138.5;140.3;138.28;140.19;2059152
20180514;140.99;141.13;140.19;140.63;1621239
20180515;140.52;142.2;139.51;142.16;2355440
20180516;142.4;145.17;142.28;144.7;2500874
20180517;144.6;145.59;144.21;144.9;2476702
20180518;145.18;145.97;143.19;145.49;1795084
20180521;146.29;147.87;145.6;147.79;1448669
20180522;148;148.67;147.63;147.88;1015380
20180523;148.12;151.32;148.11;151.3;1684799
20180524;151;151.49;149.44;150.53;1407785
20180525;150;151.75;149.81;150.82;1243824
