20100104;53.31;53.57;52.57;52.83;2748957
20100105;52.8;52.98;52.55;52.95;1471995
20100106;52.82;53.14;52.6;52.96;1494252
20100107;52.78;53.52;52.7;53.48;1782835
20100108;53.3;53.38;53;53.38;1342605
20100111;53.51;53.72;53.03;53.41;943900
20100112;53.16;53.65;53.14;53.39;1463716
20100113;53.46;53.99;53.46;53.72;1405211
20100114;53.85;54.11;53.6;53.85;1638316
20100115;54.5;54.96;54.1;54.34;3781379
20100119;54.28;54.6;54.28;54.5;1437202
20100120;54.3;54.43;53.5;53.87;1869594
20100121;53.97;54.46;53.16;53.44;2401051
20100122;53.28;54.61;53.24;54.34;4831970
20100125;54.44;54.57;54.12;54.17;2339787
20100126;54.06;54.86;53.82;54.85;2906008
20100127;54.76;55.28;54.7;55.05;3484555
20100128;55.03;55.45;54.14;54.81;2439859
20100129;54.97;54.98;54.27;54.42;3334265
20100201;54.79;54.88;54.34;54.72;3389044
20100202;54.58;55.39;54.44;55.36;3271245
20100203;55.3;55.41;54.94;55.19;2837019
20100204;53.82;54.43;52.41;52.41;6502199
20100205;52.19;53.02;52.06;52.72;4462973
20100208;52.82;52.82;51.99;52.01;2102461
20100209;52.29;52.88;52.14;52.49;2192553
20100210;52.55;52.62;52.22;52.33;2001843
20100211;52.41;52.66;51.93;52.62;1918861
20100212;52.39;52.79;52.2;52.34;3178951
20100216;52.6;52.68;51.91;52.6;2551026
20100217;52.56;52.98;52.45;52.98;2304571
20100218;52.85;53.12;52.78;53.01;1458828
20100219;52.93;53.4;52.81;53.2;1985146
20100222;53.15;53.32;52.74;52.86;2577034
20100223;52.89;53.06;52.37;52.73;2344663
20100224;52.8;53.32;52.15;52.4;2329210
20100225;52.04;52.38;51.7;52.31;2045396
20100226;52.33;52.39;51.82;52.15;2110649
20100301;52.31;52.46;52.05;52.16;2476061
20100302;52.32;52.77;52.32;52.61;2301790
20100303;52.6;52.79;52.48;52.57;2050918
20100304;52.53;53;52.21;52.65;2761831
20100305;52.76;52.94;52.41;52.93;1649398
20100308;52.8;52.8;52.51;52.62;1517961
20100309;52.44;52.71;52.32;52.43;1408255
20100310;52.47;52.75;52.31;52.51;2099281
20100311;52.79;52.97;52.33;52.69;2333852
20100312;52.61;53.05;52.44;52.49;2173266
20100315;52.44;52.8;52.39;52.51;1385519
20100316;52.73;52.91;52.51;52.83;1912542
20100317;52.97;53.13;52.62;52.96;1966965
20100318;52.98;53.08;52.7;52.84;1974417
20100319;53.14;53.46;52.69;53.43;3283006
20100322;53.49;54.32;53.26;54.16;3631612
20100323;54.35;54.8;54.12;54.76;2804463
20100324;54.55;54.75;54.34;54.61;2126528
20100325;54.75;54.8;53.95;54.24;2490737
20100326;54.24;54.35;53.53;53.76;1940509
20100329;53.28;53.96;53.1;53.86;2381217
20100330;53.89;54.2;53.73;53.75;1937673
20100331;53.57;53.72;53.34;53.43;1943249
20100401;53.53;53.89;53.43;53.61;1933329
20100405;53.75;53.81;53.03;53.14;1960367
20100406;53.04;53.16;52.85;53.04;1824013
20100407;53.06;53.06;52.54;52.65;2325077
20100408;52.5;52.58;52.24;52.31;2309278
20100409;52.32;52.97;52.03;52.81;3031568
20100412;53.06;53.17;52.9;53.08;1582822
20100413;52.97;53.27;52.93;53.12;2175790
20100414;53.12;53.52;52.94;53.52;2721441
20100415;53.29;53.7;52.91;53.54;1960539
20100416;53.44;54.12;53.4;54.04;3888042
20100419;53.83;53.94;53.45;53.78;2235759
20100420;53.92;54;53.15;53.61;2450188
20100421;53.56;54;53.52;53.87;2284766
20100422;53.71;54;53.52;53.98;2339667
20100423;53.88;53.95;53.36;53.62;2189988
20100426;53.67;53.96;53.27;53.34;2326050
20100427;53.08;53.25;52.43;52.43;2996492
20100428;52.64;52.8;52.15;52.58;2918879
20100429;53;55.36;53;55.01;8059008
20100430;54.79;55.45;54.76;54.94;3460464
20100503;55.13;55.13;54.29;54.74;2704216
20100504;54.31;54.86;53.96;54.13;3053198
20100505;54.04;54.78;53.89;54.74;3409281
20100506;54.6;54.9;52.5;53.71;4834570
20100507;53.6;53.7;52.4;52.84;4407960
20100510;54.22;54.49;53.78;54.25;3062443
20100511;53.95;54.92;53.64;54.38;1859296
20100512;54.39;55;54.1;54.89;2729049
20100513;54.98;55.25;54.43;54.63;1673983
20100514;54.31;54.63;54.2;54.5;2680378
20100517;54.65;55.68;54.48;55.58;3655083
20100518;55.74;56;55.39;55.46;2799465
20100519;55.41;55.46;54.7;55.17;2829476
20100520;54.57;54.61;53.76;53.76;4538620
20100521;53.2;54.08;53.2;54.08;2781660
20100524;53.82;54.43;53.61;53.96;1540089
20100525;53.13;53.43;52.67;53.43;2916091
20100526;53.79;53.83;52.85;52.91;3189453
20100527;53.2;53.61;52.97;53.59;1668106
20100528;53.74;53.88;53.22;53.43;2665788
20100601;53.12;54.05;53.03;53.59;3136060
20100602;53.85;54.94;53.79;54.94;2989738
20100603;54.94;55.21;54.88;55.11;1604366
20100604;54.02;54.12;52.97;53.22;4455929
20100607;53.19;54.23;53.02;53.49;2437012
20100608;53.49;54.4;53.33;54.35;3138543
20100609;54.21;54.64;53.85;53.98;3443791
20100610;54.55;54.74;54.06;54.33;3892859
20100611;53.97;53.99;53.37;53.66;3162523
20100614;53.99;54.9;53.99;54.47;3347432
20100615;54.97;54.97;54.2;54.62;2181102
20100616;54.18;54.4;54.07;54.2;2289027
20100617;54.4;54.81;54.22;54.8;2448265
20100618;54.67;54.96;54.41;54.47;3005265
20100621;54.71;54.89;53.57;53.96;4033448
20100622;53.78;54.47;53.44;53.48;2359499
20100623;53.46;53.65;53.02;53.38;1824534
20100624;53.28;53.28;52.66;52.86;2232640
20100625;52.81;53.04;52.33;52.42;3103178
20100628;52.43;53.06;52.3;52.51;2042460
20100629;52.01;52.34;51.26;51.75;3233065
20100630;51.27;51.27;50.21;50.3;4905505
20100701;50.21;50.83;49.75;50.77;3107475
20100702;50.77;50.98;50.45;50.67;1821404
20100706;51.3;51.63;50.88;51.31;1745656
20100707;51.35;51.99;51.1;51.99;1688700
20100708;52.23;52.42;51.56;51.94;2172662
20100709;52.04;52.05;51.62;51.77;1042011
20100712;51.56;51.73;51.42;51.63;1012225
20100713;52.05;52.23;51.8;51.95;1661843
20100714;51.79;52.1;51.49;52.06;2300354
20100715;52.12;52.26;51.39;51.89;2455368
20100716;51.64;51.81;50.93;51.05;2080838
20100719;51.33;51.48;50.89;51.31;1811396
20100720;50.8;51.65;50.78;51.64;1834624
20100721;51.83;51.84;50.99;51.14;1925658
20100722;51.33;51.63;50.35;50.6;3333959
20100723;50.63;51.4;50.54;51.1;2488106
20100726;51;51.51;51;51.34;2345423
20100727;51.55;52.58;51.15;52.48;3708374
20100728;52.48;52.48;51.47;51.52;3023336
20100729;49.54;50.1;47.28;47.98;10932300
20100730;47.79;50.16;47.79;50.05;9722295
20100802;50.47;50.53;49.75;50;4236974
20100803;49.59;50.07;49.52;49.67;3758060
20100804;49.85;50.95;49.68;50.76;3461905
20100805;50.6;50.6;48.97;49.87;5463540
20100806;49.63;50.24;49.43;50.15;4328367
20100809;50.21;51.09;50.21;50.79;3977562
20100810;50.58;51.84;50.58;51.77;4992806
20100811;51.25;51.38;50.63;50.92;4404353
20100812;49.91;50.65;49.8;50.37;4689486
20100813;50.22;51.02;50.06;50.64;3457011
20100816;50.48;50.94;50.23;50.93;1609160
20100817;51.13;51.57;50.86;51.2;2379440
20100818;51.27;51.3;50.79;50.96;2282713
20100819;50.91;50.91;49.7;49.86;3670858
20100820;49.76;49.86;49.51;49.75;2878871
20100823;49.96;50.21;49.75;49.91;1795018
20100824;49.51;49.94;49.5;49.72;2802032
20100825;49.4;49.92;49.32;49.6;2756135
20100826;49.62;49.83;49;49.41;3075573
20100827;49.48;50.51;49.48;50.49;2519386
20100830;49.97;50.12;49.29;49.31;1996415
20100831;49.27;50.03;49.27;49.68;3239760
20100901;50.2;50.44;49.68;49.9;3298561
20100902;50.06;50.17;49.49;50.02;2568186
20100903;50.2;50.41;49.94;50.41;1954095
20100907;50.23;50.53;50.03;50.07;1180270
20100908;50.05;50.75;50.05;50.56;1584412
20100909;50.98;50.98;50.67;50.89;1215977
20100910;50.61;51.32;50.61;51.27;1955072
20100913;51.45;51.52;50.97;51.31;1355993
20100914;51.06;51.06;50.62;50.71;1806425
20100915;50.74;51.03;50.4;51;1999784
20100916;51;51.07;50.61;50.98;1531371
20100917;51;51.11;50.57;50.58;2214080
20100920;50.75;50.88;50.59;50.82;1999371
20100921;50.6;50.83;50.03;50.36;2846438
20100922;50.47;51;50.47;50.77;1996329
20100923;50.3;50.8;50.25;50.56;1641364
20100924;50.83;51.05;50.79;51;2180753
20100927;50.94;51;50.6;50.61;1480790
20100928;50.71;50.88;50.21;50.66;1707240
20100929;50.53;50.82;50.35;50.62;1164793
20100930;50.69;50.99;50.13;50.51;2165013
20101001;50.54;51;50.52;50.91;2041890
20101004;50.59;50.97;50.34;50.58;1986734
20101005;50.8;51;50.59;50.64;3559545
20101006;50.63;50.91;50.38;50.49;2520298
20101007;50.73;50.77;50.02;50.2;1517586
20101008;50.17;50.3;49.65;49.97;2447653
20101011;49.91;50.02;49.7;49.82;1471578
20101012;49.76;50.16;49.53;50.03;1903642
20101013;50.22;50.92;50.22;50.81;2739215
20101014;50.85;51.1;50.26;50.37;2460549
20101015;50.7;50.75;49.94;50.08;3004614
20101018;50.16;50.16;49.93;50.1;2210576
20101019;49.84;50.31;49.59;49.9;2183307
20101020;49.96;50.37;49.94;50.02;1683435
20101021;49.05;50.54;48.81;49.75;7328092
20101022;49.55;49.7;49.17;49.55;4288088
20101025;49.76;49.89;49.45;49.57;2369537
20101026;49.51;49.59;49.13;49.26;2585183
20101027;48.98;49.3;48.72;49.08;3153105
20101028;49.14;49.82;49.05;49.38;3031826
20101029;49.27;50.29;49.27;50.26;4072516
20101101;50.37;50.8;50.1;50.75;4941899
20101102;50.5;50.5;49.36;49.69;7223924
20101103;49.65;49.96;49.21;49.57;3356238
20101104;49.6;49.74;49.16;49.31;4757699
20101105;49.4;49.48;49.05;49.32;4955499
20101108;49.15;49.38;49.05;49.32;2233329
20101109;49.32;49.36;48.78;48.94;3212777
20101110;48.75;48.88;48.51;48.88;2729996
20101111;48.71;49.25;48.58;49.25;2136536
20101112;49.2;49.21;48.76;48.95;1869098
20101115;49.13;49.25;48.74;48.8;1113423
20101116;48.64;48.98;48.53;48.94;3488632
20101117;48.94;49.13;48.82;48.88;2275785
20101118;49.16;49.42;49.02;49.38;6365230
20101119;49.38;49.38;48.87;48.98;7264592
20101122;48.94;49.19;48.65;49.13;5757548
20101123;49.02;49.32;48.69;49.3;3214524
20101124;49.19;49.48;49.03;49.19;1875811
20101126;49.11;49.57;48.97;49.48;1183867
20101129;48.94;49.3;48.74;49.19;3133608
20101130;48.99;49.48;48.87;49.23;3053125
20101201;49.52;49.58;49.04;49.44;3138742
20101202;49.34;49.55;49.22;49.53;3058907
20101203;49.37;49.55;49.06;49.5;2162854
20101206;49.49;49.59;49.24;49.3;3080571
20101207;49.51;49.51;48.85;48.91;3571142
20101208;48.98;49.73;48.87;49.64;3452301
20101209;49.66;49.99;49.66;49.77;3000834
20101210;49.8;49.86;49.66;49.78;3824938
20101213;49.79;50.28;49.78;50.22;4123163
20101214;50.34;51.09;50.19;51.02;3351434
20101215;51.03;51.1;50.85;51.06;2749575
20101216;51.22;51.27;50.97;51.14;1881207
20101217;51;51.38;50.99;51.23;2616985
20101220;51.17;51.45;51.12;51.36;1786376
20101221;51.5;51.62;51.08;51.11;1923175
20101222;50.93;51.38;50.91;51.3;1445176
20101223;51.34;51.47;51.05;51.15;1558886
20101227;51.02;51.29;51;51.07;862227
20101228;51.14;51.29;51.05;51.15;686703
20101229;51.17;51.49;51.11;51.11;953559
20101230;51.02;51.16;50.97;51.12;1076593
20101231;51.08;51.28;51;51.08;773728
20110103;51.23;51.23;50.74;50.88;2659117
20110104;50.94;51.47;50.58;51.29;3093771
20110105;51.07;51.5;50.94;51.07;2492840
20110106;51;51.08;50.74;50.92;1774618
20110107;50.87;51.21;50.79;51;1510468
20110110;50.92;51.21;50.88;51.05;1257341
20110111;51.06;51.25;50.88;50.92;1802280
20110112;50.99;51.45;50.93;51.11;2129240
20110113;51.18;51.64;51.07;51.5;2384965
20110114;51.44;51.67;50.97;51;2512780
20110118;51.17;51.23;50.95;51.14;2399241
20110119;51.21;51.49;50.94;51.05;1799986
20110120;50.89;51.82;50.89;51.68;4730848
20110121;51.85;52.04;51.71;51.95;2322255
20110124;52.01;52.2;51.81;51.85;1598038
20110125;51.83;51.99;51.67;51.73;2533744
20110126;51.91;52.06;51.28;51.5;1994773
20110127;51.68;51.68;50.54;50.85;2686157
20110128;50.93;51.32;50.44;50.49;1925985
20110131;50.56;50.63;50.03;50.3;2333904
20110201;50.32;50.63;49.99;50.2;2448417
20110202;50.26;50.75;50.14;50.36;3009994
20110203;51.25;52.65;50.74;52.52;8099655
20110204;52.91;53.7;52.7;53.42;5566301
20110207;53.49;53.76;53.22;53.25;3264306
20110208;53.28;53.67;53.15;53.29;2882578
20110209;53.11;53.27;52.9;53.1;2191153
20110210;53.03;53.23;52.63;52.81;2439921
20110211;52.52;53.2;52.25;53.09;1994368
20110214;53.18;54.79;52.95;53.48;5199424
20110215;53.14;53.49;52.92;53;2602202
20110216;53.17;53.18;52.73;52.93;1703180
20110217;52.85;53.16;52.7;53;1753917
20110218;53.06;53.06;52.59;53.01;2216289
20110222;52.89;53.57;52.89;53.19;3432769
20110223;53.28;54;53.21;53.46;3784207
20110224;53.35;53.69;53.08;53.1;2585594
20110225;53.04;53.45;52.7;53.15;1830679
20110228;53.31;53.75;53.15;53.56;2496723
20110301;53.52;53.83;52.98;52.99;1804337
20110302;52.85;53.27;52.72;53.17;2159515
20110303;53.32;54.04;53.32;53.97;2822472
20110304;53.83;54.5;53.83;54.33;3222822
20110307;54.32;54.49;53.89;54.17;2004039
20110308;54.16;54.59;54.05;54.54;1352418
20110309;54.46;54.96;54.45;54.9;1240548
20110310;54.4;55;54.35;54.9;2257946
20110311;54.79;55.41;54.79;55.04;2688143
20110314;54.86;54.9;54.41;54.54;1661087
20110315;53.88;54.37;53.75;54.07;2121613
20110316;54.18;54.23;53.45;53.65;2131328
20110317;53.98;54.03;53.11;53.45;2440163
20110318;53.84;54.31;53.81;54.17;2073986
20110321;54.38;54.5;54;54.1;1893602
20110322;54.09;54.32;53.88;53.97;2209152
20110323;53.85;54.06;53.57;53.66;2198209
20110324;53.72;53.86;53.48;53.59;1729843
20110325;53.74;53.77;53.29;53.39;1598089
20110328;53.33;54;53.28;53.74;1416285
20110329;53.59;53.97;53.56;53.88;1363416
20110330;53.9;54.18;53.69;53.9;2241719
20110331;53.79;54.45;53.79;53.98;1657497
20110401;53.98;54.19;53.94;54;1457706
20110404;54.13;54.23;54.01;54.23;1194494
20110405;54.08;54.23;53.93;53.95;1327757
20110406;54.08;54.45;53.92;54.26;884675
20110407;54.18;54.24;53.92;54.03;820011
20110408;54.2;54.32;53.8;53.94;847859
20110411;54.08;54.8;53.99;54.71;2151473
20110412;54.57;54.93;54.4;54.65;1321379
20110413;54.67;54.97;54.45;54.89;1192165
20110414;54.75;55.35;54.64;55.25;1944473
20110415;55.38;55.62;55.18;55.37;1628691
20110418;55.15;55.26;54.67;55.17;1851831
20110419;55.11;55.23;54.91;55.2;1463221
20110420;55.45;55.7;55.33;55.59;1360573
20110421;55.79;55.79;55.2;55.38;751573
20110425;55.46;55.46;55.09;55.34;1104930
20110426;55.36;55.86;55.36;55.76;1576518
20110427;55.81;56.37;55.71;56.34;2042799
20110428;56.34;56.91;56.1;56.84;1747958
20110429;56.77;57.42;56.73;57.27;1867879
20110502;57.19;57.49;57.13;57.27;2478968
20110503;57.04;57.5;56.96;57.44;2225152
20110504;56.43;57.03;56;56.76;5664253
20110505;56.59;57.16;56.4;56.55;2604473
20110506;56.88;57.37;56.59;56.75;1767059
20110509;56.75;56.76;56.36;56.41;1667306
20110510;56.5;57.09;56.41;56.99;2396865
20110511;57;57.11;56.47;56.66;2003382
20110512;56.55;57.67;56.55;57.5;2346230
20110513;57.46;57.7;57.29;57.56;1422921
20110516;57.5;57.5;57.18;57.26;1853572
20110517;57.12;57.51;57.05;57.28;1363280
20110518;57.31;57.32;57.03;57.16;1314195
20110519;57.3;57.4;57.14;57.31;1033157
20110520;57.37;57.45;56.94;57.14;1228104
20110523;56.93;57.09;56.72;56.79;1364497
20110524;56.92;56.95;56.43;56.49;2102523
20110525;56.32;56.4;55.86;56.21;1241071
20110526;56.02;56.97;56.02;56.78;1785284
20110527;56.3;56.81;56.3;56.44;2346924
20110531;56.78;57;56.56;56.99;2075929
20110601;56.75;56.82;56.38;56.45;1625842
20110602;56.37;56.6;55.36;55.49;1738264
20110603;55.07;55.29;54.71;54.92;1419363
20110606;54.8;55.12;54.76;54.96;1505598
20110607;55.13;55.57;55.04;55.33;2122065
20110608;55.38;55.56;54.95;55.48;1887677
20110609;55.42;56.11;55.23;55.79;1698420
20110610;55.53;55.69;54.89;54.89;1367077
20110613;55.04;55.73;54.98;55.41;1309688
20110614;55.82;55.9;53.67;54.96;5664896
20110615;54.47;54.79;54.12;54.32;2586253
20110616;54.4;54.8;54.1;54.74;1846688
20110617;55.11;55.26;54.88;54.92;2358597
20110620;54.91;55.39;54.6;55.25;1951737
20110621;55.4;55.45;54.99;54.99;1808484
20110622;55.03;55.21;54.61;54.67;1345880
20110623;54.32;54.32;53.45;54.12;2527647
20110624;54.31;54.94;54.2;54.76;2775947
20110627;54.64;55.11;54.64;54.82;1971538
20110628;55.04;55.19;54.79;55.17;2500719
20110629;55.16;55.33;54.84;55.19;1714609
20110630;55.25;55.48;55.2;55.32;1495798
20110701;55.07;55.43;54.96;55.4;1361304
20110705;55.26;55.31;55;55.14;1159704
20110706;54.95;55.51;54.95;55.5;1417762
20110707;55.74;55.78;55.25;55.73;2597400
20110708;55.6;55.71;55;55.17;2366700
20110711;54.61;55.35;54.54;55.11;1892043
20110712;55.07;55.82;54.92;55.57;1616773
20110713;55.84;55.86;55.29;55.41;1643574
20110714;55.38;55.73;55.18;55.29;1465550
20110715;55.22;55.53;54.84;55.24;1825837
20110718;55;55.1;54.35;54.97;1898181
20110719;54.99;55.43;54.76;55.41;1498105
20110720;55.55;55.64;55.19;55.36;1336326
20110721;55.55;56;55.48;55.92;1425402
20110722;55.99;56.03;55.62;55.91;858179
20110725;55.52;56.12;55.52;55.89;1784029
20110726;55.8;55.98;55.58;55.79;1227563
20110727;55.52;56.11;55.45;55.55;2645052
20110728;55.55;56.39;55;55.82;3955110
20110729;55.48;56.01;55.07;55.78;2243636
20110801;56.16;56.16;54.89;55.31;2244378
20110802;55.04;55.16;54.44;54.44;2471284
20110803;54.45;54.48;53.83;54.35;2818107
20110804;53.9;54.4;52.41;52.41;4879110
20110805;52.82;53.57;52.14;53.36;3908311
20110808;52.89;53.46;51.58;51.67;4217089
20110809;51.93;52.6;50.38;52.56;4640061
20110810;52.21;52.52;51.34;51.46;4543731
20110811;51.41;52.53;51.14;52.13;4746406
20110812;52.39;53.22;52.08;52.89;2439819
20110815;53.3;53.65;52.9;53.6;1585222
20110816;53.57;53.81;52.98;53.56;1562240
20110817;53.66;54.2;53.28;53.47;2821136
20110818;52.65;53.32;52.22;52.8;3401269
20110819;52.58;53.21;52.2;52.26;2855925
20110822;52.9;53;52.3;52.8;2537096
20110823;52.83;53.2;52.52;53.2;1886270
20110824;53;53.51;52.83;53.44;1820844
20110825;53.61;53.71;52.54;52.79;1838503
20110826;52.67;53.24;51.66;53.18;1625454
20110829;53.5;54.17;53.47;54.16;1137447
20110830;53.75;54.13;53.25;53.85;2281473
20110831;54.2;54.5;54.01;54.32;2212020
20110901;54.28;54.73;53.92;53.97;1529955
20110902;53.52;54.01;53.37;53.61;1515379
20110906;52.6;53.55;52.35;53.51;2060878
20110907;53.99;54.47;53.73;54.41;1426373
20110908;54.15;54.94;54.01;54.4;2140650
20110909;53.96;54.06;52.81;53.09;1691979
20110912;52.85;53;51.96;52.64;2233637
20110913;52.74;52.77;52.05;52.45;2280815
20110914;52.68;53.05;52.18;52.66;2583826
20110915;52.97;53.95;52.83;53.7;2223315
20110916;53.9;54.02;53.58;53.99;1993769
20110919;53.44;53.65;53;53.48;1291405
20110920;53.62;54.07;53.36;53.44;1324004
20110921;53.46;53.71;52.61;52.62;1714889
20110922;51.88;52.58;51.63;52.41;2925214
20110923;52.35;52.88;51.9;52.6;2163878
20110926;52.83;53.46;52.58;53.41;1727092
20110927;53.94;54.66;53.68;54.18;1781787
20110928;54.18;54.55;53.64;53.69;2253946
20110929;54.19;54.56;53.36;53.85;1954872
20110930;53.49;54.01;53.15;53.19;2313580
20111003;52.73;53.41;52.63;52.88;3198619
20111004;52.56;53.22;51.94;53.2;2416933
20111005;53.19;53.53;52.58;52.95;1674221
20111006;52.96;53.46;52.67;53.44;2174428
20111007;53.68;53.91;53.35;53.61;2572883
20111010;54.03;54.15;53.7;54.05;1078429
20111011;53.88;54.39;53.71;54.22;902349
20111012;54.34;54.71;54.33;54.44;1851372
20111013;54.2;54.31;53.49;53.96;1733864
20111014;54.4;54.85;54.34;54.84;1569855
20111017;54.54;55;54.54;54.82;2481499
20111018;54.67;55.01;54.17;54.82;1769251
20111019;54.86;55.15;54.38;54.48;1059706
20111020;54.44;54.93;54.11;54.39;1648185
20111021;54.8;55.01;54.68;54.98;1740441
20111024;55;55.1;54.62;54.77;1632589
20111025;54.79;54.86;53.81;53.87;1762147
20111026;54.25;54.65;53.89;54.54;2499142
20111027;55.07;55.3;54.64;55.1;2141184
20111028;55.09;55.11;54.41;54.78;1702038
20111031;54.41;54.82;54.21;54.21;1431011
20111101;53.6;54.25;53.26;53.56;2273683
20111102;54.12;54.12;53.56;54.04;1749500
20111103;49.94;50.67;49.52;49.91;9461651
20111104;49.96;50.39;49.68;49.91;4191331
20111107;49.89;50.48;49.7;50.44;2349547
20111108;50.59;50.95;49.76;49.89;4304510
20111109;49.83;49.88;48.82;49.08;3443720
20111110;49.4;49.8;48.92;49.38;3415575
20111111;49.69;49.95;49.59;49.72;1741430
20111114;49.49;49.88;49.42;49.65;1754138
20111115;49.33;49.91;49.15;49.8;5323789
20111116;49.52;49.8;49.13;49.17;2448946
20111117;49.21;49.61;49.08;49.38;2177829
20111118;49.52;49.6;49.04;49.37;2905560
20111121;49.03;49.34;48.97;49.14;2885438
20111122;49.2;49.22;48.75;48.84;2824119
20111123;48.64;48.83;48.11;48.25;2230737
20111125;48.21;48.98;48.2;48.75;1201821
20111128;48.81;49.11;48.46;48.62;3104829
20111129;48.23;48.52;48.1;48.34;2418041
20111130;48.78;49.26;48.64;49.16;2755860
20111201;49.03;49.37;48.87;48.98;2926978
20111202;49.09;49.32;48.92;49.12;2038783
20111205;49.43;50.07;49.32;49.95;2877457
20111206;50.08;50.15;49.75;49.79;1808772
20111207;49.81;50;49.4;49.83;1333077
20111208;49.72;49.8;49.22;49.31;1753004
20111209;49.45;49.98;49.44;49.81;1189227
20111212;49.77;49.82;48.91;49.11;1994944
20111213;49.11;49.36;48.55;48.72;1938569
20111214;48.74;48.99;48.63;48.69;1653728
20111215;48.89;49.2;48.69;48.76;1977909
20111216;49;49.12;48.47;48.77;2740193
20111219;48.93;49.2;48.64;48.73;1396047
20111220;48.83;49.37;48.71;49.33;1339812
20111221;49.29;50.12;49.29;50;1519744
20111222;49.92;49.98;49.44;49.91;1360686
20111223;49.86;50.58;49.86;50.34;1069287
20111227;50.3;50.88;50.3;50.75;1731670
20111228;50.87;50.9;50.64;50.68;941568
20111229;50.62;50.92;50.59;50.86;1083526
20111230;50.55;50.89;50.52;50.57;835548
20120103;50.97;51.12;50.43;50.46;1251763
20120104;50.51;50.61;50.23;50.41;1085562
20120105;50.31;50.74;50.27;50.47;1623003
20120106;50.73;50.77;50.32;50.51;3649281
20120109;50.71;50.76;50.3;50.71;1283809
20120110;50.96;51.41;50.9;51.4;2482478
20120111;51.3;51.63;51.17;51.56;1700422
20120112;51.59;51.85;51.29;51.44;1356442
20120113;51.36;51.43;50.76;50.81;2624922
20120117;51.1;51.28;50.84;50.89;1318417
20120118;50.92;51.34;50.73;51.16;1297843
20120119;51.37;51.37;51.01;51.19;1656137
20120120;51.22;51.23;50.66;51.07;1524077
20120123;51.04;51.07;50.43;51;2006754
20120124;50.72;50.9;50.42;50.5;1772257
20120125;50.4;51;50.37;50.91;2793186
20120126;50.88;50.98;49.95;49.99;3118386
20120127;49.95;50.25;49.64;49.73;2401087
20120130;49.08;49.79;49.07;49.47;3237540
20120131;49.53;49.7;49.29;49.52;2267303
20120201;49.6;50.05;49.27;49.31;3335725
20120202;50.96;51.33;50.01;50.59;6337055
20120203;50.9;51.15;50.72;50.84;1940770
20120206;50.65;50.85;50.53;50.68;1392009
20120207;50.75;50.9;50.4;50.82;2059351
20120208;50.92;51.02;50.31;50.34;2371655
20120209;50.33;50.43;49.96;50.21;1781332
20120210;50;50.11;49.67;49.81;1542750
20120213;50.07;50.15;49.97;50.02;1101618
20120214;49.86;50.39;49.82;50.3;2249189
20120215;52.74;53.35;51.93;52.87;7995638
20120216;52.73;52.94;52.4;52.56;3577607
20120217;52.75;52.75;51.86;52.53;4272729
20120221;52.49;52.49;51.86;51.96;2105958
20120222;51.92;52.57;51.84;52.53;3262322
20120223;53.06;53.45;53.03;53.1;3486802
20120224;53.17;53.35;52.67;52.75;1656947
20120227;52.7;53;52.44;52.9;2444257
20120228;52.62;52.73;52.24;52.33;1882427
20120229;52.54;52.6;52.28;52.35;3040605
20120301;52.45;52.64;52.17;52.26;1937365
20120302;52.22;52.43;52;52.11;1791051
20120305;52.11;52.24;51.93;52.09;1402604
20120306;51.93;52.12;51.74;51.84;2198428
20120307;51.81;51.96;51.64;51.93;1306595
20120308;51.93;52.44;51.83;52.42;1443197
20120309;52.32;52.47;52.21;52.44;1008739
20120312;52.48;53.06;52.42;52.83;1872680
20120313;52.81;52.92;52.53;52.9;1029604
20120314;52.77;53.01;52.4;52.48;1294762
20120315;52.54;52.93;52.26;52.92;1661395
20120316;52.87;53;52.46;52.62;1970531
20120319;52.49;52.81;52.35;52.6;1591240
20120320;52.44;52.76;52.44;52.68;996231
20120321;52.67;52.7;52.27;52.48;911386
20120322;52.38;52.57;52.22;52.55;914120
20120323;52.53;52.65;52.39;52.41;1620192
20120326;52.7;53.19;52.64;52.83;1518938
20120327;52.87;53.26;52.8;53.11;1360585
20120328;53.17;53.31;53.06;53.31;1432830
20120329;53.28;53.5;53.04;53.39;1675821
20120330;53.51;53.86;53.45;53.63;1505404
20120402;53.44;53.75;53.19;53.74;1363854
20120403;53.79;53.79;53.16;53.38;2233702
20120404;53.21;53.45;53.16;53.31;1349742
20120405;53.26;53.28;52.8;53.18;1314182
20120409;52.77;53;52.69;52.89;807848
20120410;52.85;52.98;52.75;52.93;1721563
20120411;53.15;53.56;52.97;53.01;2349945
20120412;53.02;53.22;52.88;53.2;1337492
20120413;53.06;53.58;53.06;53.24;1302516
20120416;53.21;53.67;53.15;53.5;1215024
20120417;53.62;53.99;53.42;53.78;1069165
20120418;53.72;53.77;53.41;53.58;1080396
20120419;53.5;54.06;53.47;53.8;1638903
20120420;53.84;54.2;53.83;53.99;1517112
20120423;51.66;52.04;50.66;50.7;8269953
20120424;50.68;50.94;50.3;50.43;4177245
20120425;50.6;50.85;50.31;50.49;3199668
20120426;50.66;51.2;50.08;50.31;3371954
20120427;50.39;50.52;50.05;50.35;3178721
20120430;50.36;50.61;50.27;50.57;2063595
20120501;50.57;50.65;50;50;2621553
20120502;50.04;50.57;49.95;50.55;3183738
20120503;50.58;50.92;50.33;50.75;2659583
20120504;50.7;50.91;50.39;50.39;1766363
20120507;50.39;50.6;50.32;50.52;2080264
20120508;50.44;50.76;50.2;50.75;2142733
20120509;50.51;50.99;50.41;50.76;1787301
20120510;50.8;51.06;50.73;50.93;1172243
20120511;50.75;51.16;50.69;50.99;1556845
20120514;50.74;51.06;50.6;50.96;1247259
20120515;51;51.07;50.69;50.98;1787276
20120516;50.96;51.03;50.7;50.93;2037910
20120517;50.99;51.06;50.71;50.71;1796451
20120518;50.84;50.86;50.16;50.37;2050245
20120521;50.46;50.46;50.04;50.37;1369077
20120522;50.54;50.72;50.3;50.4;1298811
20120523;50.26;50.48;49.9;50.1;1393340
20120524;50.11;50.36;49.86;50.2;1669454
20120525;50.2;50.35;50.01;50.27;1333907
20120529;50.54;50.7;50.42;50.48;1415152
20120530;50.03;50.32;49.36;49.36;2198424
20120531;49.44;49.5;48.78;48.78;3007541
20120601;48.5;48.75;48.2;48.22;2667586
20120604;48.22;48.35;48;48.26;1467880
20120605;48.01;48.46;47.88;48.22;1987965
20120606;48.34;48.5;48.07;48.37;1669010
20120607;48.6;48.65;48.39;48.4;1394435
20120608;48.37;48.64;48.33;48.63;1660429
20120611;48.92;48.92;48.48;48.52;1334712
20120612;48.55;48.59;48.26;48.39;1601419
20120613;48.33;48.57;48.25;48.38;1114853
20120614;48.44;49.14;48.43;49.13;2036613
20120615;49.14;49.35;49.06;49.25;1537396
20120618;49.23;49.65;49.22;49.4;1049608
20120619;49.64;49.76;49.34;49.6;1121096
20120620;49.51;49.66;49.12;49.44;1269336
20120621;49.69;49.69;48.79;48.81;1368738
20120622;48.88;49.07;48.65;48.97;1441945
20120625;48.76;48.95;48.59;48.73;1107466
20120626;48.68;48.73;48.17;48.44;1348270
20120627;48.42;48.74;48.38;48.7;1165923
20120628;48.58;48.89;48.44;48.89;1787264
20120629;49.28;49.45;49.15;49.33;2042247
20120702;49.16;49.52;48.98;49.45;1610141
20120703;49.5;49.56;49.3;49.54;862257
20120705;49.55;49.75;49.27;49.49;1620058
20120706;49.31;49.5;49.01;49.12;1211252
20120709;49.12;49.2;48.59;48.65;1268612
20120710;48.69;49.23;48.69;48.98;2098724
20120711;49;49.89;48.97;49.48;2145293
20120712;49.34;49.47;48.97;49.13;925399
20120713;49.21;49.72;49.19;49.5;1180742
20120716;49.4;49.49;48.28;48.35;2833846
20120717;48.46;48.51;47.96;48.38;2151882
20120718;48.4;48.45;48;48.06;1987702
20120719;48.1;48.28;47.92;48.07;2112326
20120720;47.91;48.06;47.53;47.64;2520601
20120723;47.46;47.58;47.01;47.15;1985113
20120724;47.14;47.2;46.33;46.53;3863749
20120725;46.55;46.84;46.42;46.51;2542429
20120726;46.98;47.39;46.61;46.61;2912509
20120727;46.78;47.38;46.75;47.19;3366903
20120730;47.45;47.71;46.94;47.4;2599193
20120731;47.39;47.84;47.26;47.7;2000417
20120801;47.77;48.04;47.51;47.81;2490773
20120802;48.05;49.98;48.05;49.44;4721816
20120803;49.86;50.55;49.85;50.35;4113022
20120806;50.27;50.71;50.04;50.07;2146470
20120807;50.2;50.44;50.03;50.25;1615368
20120808;50.27;50.75;50.19;50.66;1860500
20120809;50.62;50.8;50.48;50.75;1992347
20120810;50.59;51;50.5;50.98;1564957
20120813;50.97;51.03;50.66;50.7;2446413
20120814;50.85;50.95;50.52;50.81;1744137
20120815;50.77;51;50.67;50.97;893717
20120816;50.85;51.16;50.73;51.11;2136852
20120817;51.21;51.33;51.04;51.1;2188488
20120820;51.12;51.47;51.12;51.38;1541928
20120821;51.5;51.7;51.35;51.39;1769927
20120822;51.24;51.41;50.95;51.07;1601909
20120823;51.13;51.26;50.95;51.16;2038904
20120824;51.16;51.51;51.02;51.48;1353989
20120827;51.63;51.77;51.49;51.65;1133118
20120828;51.52;51.91;51.52;51.66;1471600
20120829;51.75;51.9;51.33;51.42;1513170
20120830;50.94;50.95;50.54;50.56;2114778
20120831;50.78;51;50.49;50.65;1657227
20120904;50.81;51;50.62;50.65;1474053
20120905;50.6;50.8;50.19;50.19;1309934
20120906;50.25;50.47;50.13;50.4;2244143
20120907;50.34;50.51;50.23;50.39;1921476
20120910;50.07;50.36;49.92;50.27;1814792
20120911;50.39;50.43;50.16;50.43;1250824
20120912;50.49;50.59;50.19;50.37;977951
20120913;50.22;50.94;50.03;50.82;1912117
20120914;50.75;50.77;49.93;50.19;2874290
20120917;50.21;50.51;50.21;50.47;1363629
20120918;50.53;50.53;50.25;50.3;1289714
20120919;50.43;51.15;50.4;50.94;2071657
20120920;50.91;51.45;50.91;51.27;2286662
20120921;51.33;51.52;51.16;51.45;2808189
20120924;51.48;51.81;51.28;51.73;2111837
20120925;52;52.15;51.8;51.86;2996421
20120926;51.91;52.15;51.62;51.7;1497239
20120927;51.7;51.81;51.45;51.65;1371297
20120928;51.5;51.69;51.25;51.66;1635466
20121001;51.49;52.26;51.45;51.93;2139993
20121002;52.08;52.3;51.65;51.9;1353909
20121003;52.03;52.04;51.63;51.81;1017214
20121004;51.82;52;51.73;51.88;735813
20121005;52.15;52.25;51.82;51.95;1144697
20121008;51.87;51.95;51.64;51.88;707101
20121009;51.92;51.99;51.5;51.58;913521
20121010;51.73;51.88;51.27;51.43;1024796
20121011;51.76;51.9;51.59;51.6;888101
20121012;51.76;52.01;51.58;51.73;979805
20121015;51.79;51.8;51.52;51.7;1077966
20121016;51.81;52.17;51.8;52.07;1353791
20121017;52.15;52.86;52.15;52.85;1653237
20121018;52.81;52.83;52.36;52.5;1737192
20121019;52.5;52.59;51.87;52.09;1504116
20121022;52.03;52.18;51.66;52.01;882998
20121023;51.75;51.8;51.36;51.65;720796
20121024;52.02;52.18;51.73;51.82;1402302
20121025;52.05;52.7;52.05;52.56;1727017
20121026;52.63;53.07;52.1;52.9;2257100
20121031;52.91;53;52.23;52.32;3860060
20121101;52.72;53.62;52.16;53.5;2670333
20121102;53.56;54.1;53.46;53.69;3710536
20121105;53.57;53.99;53.11;53.99;3496927
20121106;53.98;54.79;53.74;54.76;3281101
20121107;54.35;54.48;53.62;54.16;3157422
20121108;52.25;54.15;52.22;53.67;3823125
20121109;53.56;53.98;53.39;53.48;2716978
20121112;53.5;53.75;53.24;53.67;1321736
20121113;53.56;54.15;53.56;53.82;1938222
20121114;53.82;54.19;53.53;53.68;1861829
20121115;53.6;53.98;53.35;53.89;1931105
20121116;54.08;54.17;53.72;54.17;2265265
20121119;54.35;54.75;54.1;54.74;1982062
20121120;54.66;54.9;54.49;54.82;1734037
20121121;54.81;55.14;54.69;55.05;1763267
20121123;55.23;55.34;55.1;55.26;892964
20121126;55.28;55.45;55.14;55.39;2429845
20121127;55.39;55.88;55.24;55.45;2185622
20121128;55.39;55.83;55.34;55.78;4212580
20121129;55.32;55.7;55.14;55.6;1630794
20121130;55.55;55.7;55.27;55.46;2380924
20121203;55.57;55.59;55.06;55.26;1595712
20121204;55.05;55.25;54.53;55.23;1780300
20121205;55.21;55.86;55.19;55.65;1881623
20121206;55.61;55.75;55.5;55.74;1339631
20121207;55.74;55.98;55.49;55.97;1355640
20121210;55.94;56.5;55.85;56.13;1642030
20121211;56.15;56.7;56.05;56.66;1732482
20121212;56.75;57.21;56.55;56.6;1855904
20121213;56.67;56.84;56.45;56.75;1077843
20121214;56.53;57.1;56.43;56.72;1950204
20121217;56.75;57;56.72;56.86;1485040
20121218;56.98;56.98;56.3;56.6;2944343
20121219;56.8;56.81;56.11;56.15;1332433
20121220;56.2;56.68;56.13;56.59;1315805
20121221;56.53;56.58;55.87;56.18;2217747
20121224;56.26;56.26;55.87;56.14;488156
20121226;56.07;56.21;55.67;55.77;1101321
20121227;55.77;55.92;55.41;55.74;938416
20121228;55.59;55.82;55.28;55.33;829870
20121231;55.17;55.88;55.02;55.85;1299916
20130102;56.33;56.91;56.25;56.91;1563228
20130103;56.94;56.94;56.29;56.52;1556841
20130104;56.5;56.68;56.25;56.64;1764725
20130107;56.66;56.82;56.37;56.66;1079628
20130108;56.58;56.86;56.22;56.85;1530348
20130109;56.94;57.15;56.78;56.99;1132568
20130110;57.09;57.31;56.91;57.31;1119560
20130111;57.4;57.4;56.92;57.02;927964
20130114;57.16;57.55;57.13;57.38;1209697
20130115;57.21;57.24;57.02;57.12;1065919
20130116;56.32;57.12;56.04;57.03;1939763
20130117;57.27;58;57.18;57.76;1273712
20130118;57.7;58.23;57.48;58.21;1396535
20130122;58.05;58.35;57.9;58.19;1992164
20130123;58.04;58.33;57.8;58.17;1798001
20130124;58.25;58.75;58.12;58.59;1587490
20130125;58.6;58.84;58.24;58.84;1212271
20130128;58.72;58.83;58.32;58.41;827290
20130129;58.46;58.88;58.3;58.82;857425
20130130;58.79;58.9;58.58;58.71;777856
20130131;58.65;58.85;58.29;58.5;1043083
20130201;58.85;59;58.56;58.65;2152789
20130204;58.41;58.49;58;58.1;2585175
20130205;58.85;59.38;58.46;58.5;3053006
20130206;58.61;59;58.6;58.99;2485190
20130207;58.78;59.04;58.51;59;1877122
20130208;58.93;59.35;58.76;58.91;1669244
20130211;58.98;59.26;58.95;59.12;1145083
20130212;59.15;59.33;59;59.25;1183612
20130213;59.34;59.36;59.07;59.29;1210491
20130214;59.36;59.96;59.29;59.58;2861108
20130215;59.75;59.87;59.43;59.77;1599961
20130219;59.63;60.3;59.48;60.14;2173310
20130220;59.99;60.21;59.15;59.77;1783726
20130221;59.63;59.74;59.22;59.67;2287839
20130222;59.7;60.01;59.5;60.01;1676261
20130225;60.06;60.25;59.03;59.03;1340279
20130226;59.29;59.98;59.22;59.95;1797370
20130227;60;60.54;59.82;60.49;2234044
20130228;60.18;60.78;59.96;60.5;2466676
20130301;60.31;60.62;60.05;60.58;1462572
20130304;60.47;61.05;60.45;61.05;1118348
20130305;61.1;61.74;61.01;61.42;1749096
20130306;61.41;61.5;61.11;61.42;2002508
20130307;61.33;61.75;61.27;61.47;1371334
20130308;61.69;61.93;61.34;61.52;1159750
20130311;61.5;61.67;61.39;61.63;1138552
20130312;61.52;61.77;61.41;61.73;1245790
20130313;61.66;62;61.45;62;1581316
20130314;61.95;62.41;61.83;62.23;1329140
20130315;62.03;62.44;61.88;62.2;2190808
20130318;61.98;62.55;61.7;62.28;1204986
20130319;62.4;62.53;62.05;62.47;1190190
20130320;62.71;63.3;62.49;63.25;2177313
20130321;62.99;63.32;62.61;62.69;1347242
20130322;62.83;63.5;62.79;63.39;1287992
20130325;63.5;63.9;63.26;63.36;1251398
20130326;63.5;64.02;63.35;64;1329279
20130327;63.81;64.75;63.79;64.6;1632874
20130328;64.68;64.69;64.26;64.43;1697274
20130401;64.09;64.24;63.71;63.93;1503735
20130402;64.11;64.68;64.08;64.29;1721658
20130403;64.4;64.45;63.24;63.43;2057592
20130404;63.63;64.12;63.5;64.01;1177694
20130405;63.65;63.78;63.41;63.64;1265443
20130408;63.57;63.97;63.19;63.97;838259
20130409;63.97;64.22;63.55;63.87;1108788
20130410;64.04;64.76;63.87;64.62;1482544
20130411;64.71;64.91;64.14;64.28;1371151
20130412;63.97;64.81;63.73;64.7;1590212
20130415;64.5;64.71;63.7;63.7;1534765
20130416;64.03;64.98;63.61;64.94;1243700
20130417;64.76;65.27;64.33;64.6;1724851
20130418;64.67;65;64.62;64.9;1181963
20130419;65.14;66.25;65.02;66.1;1959354
20130422;65.96;66.37;65.61;66.19;1031134
20130423;66.25;66.84;66.12;66.51;1973419
20130424;66.43;66.68;65.39;65.43;1763959
20130425;65.54;65.95;65.5;65.8;1699062
20130426;65.8;65.94;65.47;65.7;1045841
20130429;65.77;65.88;65.15;65.48;1716469
20130430;65.46;65.47;64.86;65.04;2429526
20130501;64.82;65.28;64.5;64.61;1728870
20130502;64.97;65.73;62.58;63.42;3709032
20130503;63.72;63.87;62.94;63.66;3601711
20130506;63.71;63.8;63.01;63.44;2209736
20130507;63.57;64.12;63.38;63.9;2225020
20130508;63.93;64.38;63.77;64.22;1802937
20130509;64.27;64.35;63.71;63.91;1356536
20130510;63.93;64.38;63.86;64.29;1887207
20130513;64.22;64.6;63.89;64.42;1141974
20130514;64.44;65.32;64.42;65.28;1646282
20130515;65.01;65.94;64.96;65.9;1663580
20130516;65.75;66.48;65.66;65.82;1541717
20130517;65.87;66.02;65.06;65.66;1567685
20130520;65.53;65.66;64.82;64.88;1191006
20130521;64.88;65.5;64.61;65.43;1724263
20130522;65.35;65.7;64.66;65.1;3077402
20130523;64.54;65.02;64.31;64.69;2816883
20130524;64.58;64.6;63.87;64.45;1615364
20130528;65.03;65.33;64.6;64.72;1569029
20130529;64.64;64.72;63.31;63.61;1554620
20130530;63.34;63.6;62.95;62.95;1675728
20130531;62.94;62.99;62.05;62.05;2290710
20130603;61.97;62.65;61.03;62.63;2489477
20130604;62.62;63.28;62.44;63.05;1834907
20130605;62.88;62.88;61.78;61.79;1690264
20130606;61.67;62.04;61.44;62.04;2497469
20130607;62.41;63.42;62.32;63.39;2353568
20130610;63.39;63.45;62.63;63.07;1220072
20130611;62.65;63.54;62.14;63;1665934
20130612;63.26;63.3;62.78;62.84;1333867
20130613;62.98;64.24;62.53;64.23;2215347
20130614;64.32;65.11;64.11;64.24;1800819
20130617;64.58;65.12;64.37;64.68;1598084
20130618;64.57;65;64.18;64.92;1276513
20130619;64.84;65.01;63.81;63.87;1623672
20130620;63.46;63.66;62.56;62.57;2470329
20130621;63.14;63.45;62.65;63.25;2940657
20130624;63.14;63.94;62.67;63.26;1901189
20130625;63.5;63.98;63;63.18;1634731
20130626;63.67;64.05;63.43;63.52;1648014
20130627;64.07;64.78;64.01;64.42;1536462
20130628;64.36;64.98;64.23;64.23;2420235
20130701;64.03;65.33;64.03;64.89;1566202
20130702;64.74;65.48;64.54;65.11;1867163
20130703;65.3;65.3;64.63;65.06;774535
20130705;65.22;65.45;64.62;65.34;894610
20130708;65.58;65.94;65.18;65.73;1341201
20130709;66;66.5;65.79;65.92;1051317
20130710;65.86;66.17;65.63;65.97;1666039
20130711;66.71;66.76;66.35;66.53;1566692
20130712;66.53;66.68;66.18;66.5;1373420
20130715;66.38;66.69;66.25;66.52;1154957
20130716;66.3;66.61;66.1;66.31;938453
20130717;66.35;66.5;66.05;66.18;1203516
20130718;66.28;66.8;66.22;66.64;809561
20130719;66.9;67.34;66.68;67.32;1445522
20130722;67.21;67.98;67.06;67.46;1553562
20130723;67.53;67.66;67.01;67.23;1154491
20130724;67.25;67.36;66.69;66.87;796295
20130725;66.75;67.17;66.61;66.97;1122379
20130726;66.63;67.09;66.21;66.98;1057614
20130729;66.75;67.27;66.51;66.89;1033430
20130730;67.06;67.43;66.44;66.45;1707025
20130731;66.64;66.83;66.12;66.24;2210049
20130801;65.94;66.11;65.05;65.42;3972549
20130802;65.54;65.56;64.26;65.23;2847173
20130805;65.23;65.45;64.86;65.18;1384300
20130806;65.24;65.9;64.98;65.8;2279755
20130807;65.68;65.77;65.23;65.53;1864732
20130808;65.68;65.86;65.43;65.66;1257544
20130809;65.7;65.82;65.5;65.68;1496370
20130812;65.6;65.79;65.47;65.73;1369249
20130813;65.84;66.24;65.54;65.9;1755917
20130814;65.94;65.95;65.42;65.42;2098857
20130815;65.05;65.07;64.15;64.46;1994354
20130816;64.1;64.25;62.84;62.95;3245922
20130819;62.92;63.16;62.69;62.8;1479204
20130820;62.84;63.3;62.6;62.61;1971197
20130821;62.68;62.68;61.92;62.04;1925614
20130822;62.08;62.56;61.93;62.42;1383378
20130823;62.63;62.87;62.46;62.73;1103344
20130826;62.77;62.77;61.67;61.7;1501837
20130827;61.33;61.96;61.24;61.63;1525839
20130828;61.51;61.62;61.07;61.08;1583340
20130829;60.76;60.96;60.28;60.59;1410584
20130830;60.64;60.9;60.48;60.71;1246207
20130903;61.24;61.36;60.4;60.75;1627876
20130904;60.72;60.82;60.45;60.79;1507424
20130905;60.66;60.81;60.33;60.42;1455563
20130906;60.58;60.79;60.14;60.23;1294068
20130909;60.4;60.5;60.07;60.26;1839401
20130910;60.5;60.62;59.34;59.46;2623025
20130911;59.48;60.19;59.47;60.08;2829888
20130912;60.06;60.27;59.84;60.12;1426594
20130913;60.29;60.69;60.12;60.64;1143960
20130916;61.08;61.34;60.84;60.98;1309547
20130917;60.45;60.67;60.11;60.64;2221519
20130918;60.57;61.43;60.29;61.21;2243226
20130919;61.17;61.27;60.52;61.08;2646908
20130920;61.08;61.08;60.48;60.57;2197689
20130923;60.39;60.56;60.02;60.24;1131023
20130924;60.15;60.18;59.67;59.96;1558459
20130925;59.98;60.16;59.81;59.88;1778824
20130926;59.88;60.09;59.63;59.85;1675664
20130927;59.7;59.73;58.59;59.02;2125025
20130930;58.79;59.07;58.59;58.73;1764969
20131001;58.52;58.81;58.34;58.75;2181238
20131002;58.58;58.91;58.01;58.89;1721828
20131003;58.78;59.18;58.56;58.89;1804926
20131004;58.89;59.43;58.66;59.36;1348563
20131007;59.03;59.78;59.02;59.52;1444937
20131008;59.5;60.03;59.14;59.6;2683157
20131009;59.76;59.9;58.99;59.61;2536620
20131010;60.05;60.66;59.84;60.66;1075274
20131011;60.67;60.79;60.37;60.76;931419
20131014;60.4;60.49;60.05;60.29;1195001
20131015;60.28;60.45;59.92;59.99;1005759
20131016;60.34;61.08;60.18;60.67;2181540
20131017;60.52;61;60.4;60.96;1375226
20131018;61.05;61.6;61.02;61.45;2213018
20131021;60.5;61.11;60.25;61.05;1639188
20131022;61.13;62.06;60.98;61.89;1415612
20131023;61.82;62.5;61.75;62.32;1506325
20131024;62.48;62.48;61.81;62.13;1142550
20131025;62.02;62.43;61.78;62.43;1117206
20131028;62.42;63.63;62.33;63.45;2928425
20131029;63.61;64.4;63.51;64.28;2444574
20131030;64.16;64.28;63.66;63.79;1959719
20131031;63.74;63.84;63.18;63.25;1911726
20131101;63.16;63.29;62.15;62.29;3515899
20131104;63.51;64.92;62.47;62.72;6389405
20131105;62.17;63.28;61.82;63.09;2350020
20131106;63.16;63.58;62.95;63.35;1688188
20131107;63.35;63.5;62.04;62.08;1497513
20131108;61.92;62.19;61.27;62.19;1465924
20131111;62.35;62.56;61.7;61.94;900263
20131112;61.93;62.05;61.58;62.05;1175370
20131113;61.64;62.48;61.46;62.47;1558944
20131114;62.73;63.32;62.54;63.3;1659722
20131115;63;63.1;62.33;62.61;1665542
20131118;62.86;62.86;62;62.37;1233161
20131119;62.14;62.25;61.67;61.71;1850549
20131120;61.64;61.95;61.03;61.14;1792303
20131121;61.45;61.99;61.28;61.74;4853763
20131122;61.83;62.51;61.55;62.47;5072529
20131125;62.71;62.75;62.01;62.13;1173423
20131126;62.01;62.17;61.38;61.73;2366700
20131127;61.34;61.52;60.86;60.88;1632964
20131129;60.93;61;60.59;60.64;1070972
20131202;60.64;60.88;60.23;60.59;1911981
20131203;60.42;61.26;60.42;61.13;2826704
20131204;60.91;61.16;60.63;60.9;1595968
20131205;60.81;60.89;60.5;60.58;1161592
20131206;60.99;61.71;60.98;61.64;1530446
20131209;61.71;62.31;61.71;61.94;1722804
20131210;61.76;61.88;60.97;61.09;1398453
20131211;61.25;61.52;60.97;61.04;2016287
20131212;61.12;61.2;60.59;60.64;1620390
20131213;60.85;60.87;60.26;60.5;1307984
20131216;60.83;60.95;60.26;60.43;1426108
20131217;60.5;60.53;59.9;60.34;1328833
20131218;59.92;60.57;59.58;60.53;2530250
20131219;60.44;60.69;60.04;60.6;1412726
20131220;60.59;61.13;60.43;60.52;1849842
20131223;60.18;60.47;59.87;60.34;1773963
20131224;60.43;60.52;60.2;60.25;771540
20131226;60.43;60.83;60.28;60.72;944326
20131227;60.72;61.18;60.69;60.98;1026432
20131230;60.97;61.39;60.96;61.26;1593114
20131231;61.28;61.58;60.92;61.07;1526250
20140102;60.98;61.24;60.55;60.81;1830452
20140103;60.99;61.08;60.54;60.58;1413685
20140106;60.79;60.79;59.88;60.25;1992949
20140107;60.62;60.98;60.38;60.8;1764368
20140108;60.77;60.77;60.03;60.18;2058696
20140109;60.22;60.47;59.84;60.28;1530223
20140110;60.39;60.84;60.39;60.78;1052070
20140113;60.65;61.26;60.38;60.43;1736272
20140114;60.55;61.22;60.51;60.89;1845591
20140115;61.02;61.36;60.58;61.1;1449989
20140116;60.85;61.3;60.77;61.29;1522092
20140117;61.27;61.27;60.38;60.47;2113474
20140121;60.96;61.11;60.56;60.76;1143361
20140122;60.76;61.11;60.27;61.01;1556223
20140123;60.78;60.83;60.25;60.5;1026127
20140124;60.36;60.58;59.83;59.83;1950707
20140127;59.83;60.25;59.75;59.86;1399764
20140128;59.99;60.39;59.72;60.03;1909716
20140129;59.88;59.88;58.12;58.37;3133153
20140130;58.69;58.85;57.94;58.13;2841406
20140131;57.65;58.39;57.51;57.98;2376797
20140203;58.01;58.15;56.81;56.9;2555988
20140204;57.11;57.43;56.88;57.26;2468937
20140205;57.2;57.75;57;57.37;3136987
20140206;57;57.82;55.69;57.74;6290757
20140207;58;58.57;57.75;58.36;3172661
20140210;58.36;59.35;58.34;59.33;3306648
20140211;58.85;59.92;58.85;59.87;3488882
20140212;59.77;60.11;59.19;59.41;2793197
20140213;59.23;59.51;59.1;59.48;2665108
20140214;59.71;60.26;59.55;60.19;1638013
20140218;60.19;60.28;59.72;60.12;1366316
20140219;60.16;60.27;59.64;59.73;2420264
20140220;59.62;60.33;59.44;60.24;1787831
20140221;60.14;60.43;59.93;59.95;1293532
20140224;60.49;60.93;60.14;60.71;2025918
20140225;60.77;61.26;60.66;60.82;2658688
20140226;60.87;61.11;60.31;60.33;2113867
20140227;60.13;60.4;59.79;60.16;2152646
20140228;60.26;60.98;60.16;60.69;1872636
20140303;60.34;60.76;60.1;60.67;2009225
20140304;60.54;61.33;60.51;61.26;2513360
20140305;61.28;61.45;60.92;61.28;2132312
20140306;61.29;61.49;61.07;61.43;2137470
20140307;61.47;61.6;61.21;61.6;1629454
20140310;61.6;61.78;61.3;61.68;1331125
20140311;61.65;61.94;61.53;61.7;1437254
20140312;61.5;62.11;61.37;62.07;1365774
20140313;62.19;62.25;61.73;61.98;1563241
20140314;61.59;61.78;60.86;60.9;2356512
20140317;61.26;61.48;60.82;60.85;1799078
20140318;61.07;62.01;60.9;61.85;2687763
20140319;61.85;62.32;61.58;61.73;3380856
20140320;61.64;62;61.52;61.88;1268767
20140321;62.33;62.43;61.56;61.58;1747092
20140324;61.68;61.93;61.38;61.4;1109534
20140325;61.71;61.99;61.09;61.63;1063384
20140326;62.09;62.09;61.6;61.69;855993
20140327;61.91;62.03;61.67;61.76;892212
20140328;62;62.25;61.85;62.13;924984
20140331;62.36;62.75;62.18;62.71;1377751
20140401;62.47;62.76;62.31;62.62;1555518
20140402;62.49;62.81;62.44;62.65;1240724
20140403;62.86;66.77;62.72;66.39;8017107
20140404;65.93;66.7;63.59;63.77;6775842
20140407;63.79;65.82;63.68;65.06;3712704
20140408;65.34;65.45;63.97;64.36;2692338
20140409;65.19;66.12;65.1;66.1;4040863
20140410;66;66.52;65.32;65.61;2855411
20140411;65.42;66.15;65.19;65.68;2078302
20140414;66.02;66.02;65.25;65.54;2167249
20140415;65.63;65.76;64.93;65.21;1904156
20140416;65.5;66.02;65.46;65.98;3209719
20140417;65.9;66.38;65.89;66.34;1859355
20140421;66;66.22;65.53;65.98;1631595
20140422;65.99;66.38;65.68;66.28;2401783
20140423;66.21;66.65;66.21;66.54;2017804
20140424;66.38;66.57;65.88;66.53;1198444
20140425;66.29;66.75;66.12;66.71;1231581
20140428;66.92;67.49;66.78;67.29;1743750
20140429;67.03;67.49;66.94;67.02;1553279
20140430;66.68;67.03;66.26;66.83;2940142
20140501;66.94;67.24;65.02;65.37;3984996
20140502;65.37;65.62;64.91;65.6;3003189
20140505;65.5;65.54;64.8;65.05;2209606
20140506;65.24;65.72;65.11;65.34;2645013
20140507;65.54;66.15;65.49;66.07;2339957
20140508;65.99;66.26;65.81;66.03;1170100
20140509;66.26;67.22;65.96;67.21;2325510
20140512;67.41;68.8;67.36;68.42;4235891
20140513;68.15;68.36;67.67;68.11;3030824
20140514;68.1;68.1;67.54;67.58;1066611
20140515;68.17;68.42;67.08;67.23;1449779
20140516;66.99;67.57;66.98;67.54;1690379
20140519;67.36;67.63;67;67.6;1570747
20140520;67.55;67.88;67.05;67.79;1907091
20140521;67.92;67.92;67.24;67.79;1056524
20140522;67.64;67.75;67.32;67.65;755061
20140523;67.85;67.85;67.3;67.56;800307
20140527;67.98;68.2;67.71;67.98;1506021
20140528;68;68.18;67.82;68.02;1065982
20140529;67.67;68.87;67.54;68.73;1852250
20140530;68.77;69;68.28;68.98;2160502
20140602;69;69.37;69;69.12;1778074
20140603;68.78;69.11;68.67;69.08;2798400
20140604;68.96;69.4;68.94;69.39;1428162
20140605;69.5;69.5;68.77;68.84;1250284
20140606;68.77;68.97;68.43;68.91;1459864
20140609;68.6;68.89;68.02;68.12;1599694
20140610;67.89;68.45;67.89;68.06;1398349
20140611;68.06;68.32;67.39;67.61;1471847
20140612;67.74;68;67.06;67.23;1116845
20140613;67.17;67.39;66.87;67.21;1083934
20140616;67.34;67.54;67.09;67.44;1115351
20140617;67.45;67.57;66.63;66.7;1792416
20140618;66.29;66.87;65.72;66.84;2872409
20140619;66.97;67.29;66.72;66.93;1155950
20140620;67.08;67.43;66.94;67.24;2401906
20140623;67.17;67.19;66.09;66.43;1745974
20140624;66.4;66.4;65.85;65.87;1088782
20140625;65.48;65.48;64.5;64.9;2201694
20140626;64.99;65.1;64.47;64.82;1751495
20140627;64.78;65.01;64.59;64.96;1340634
20140630;65.2;65.73;64.83;65.7;2392231
20140701;65.48;65.98;65.14;65.86;2132520
20140702;65.8;66.17;65.76;66.05;1300778
20140703;66.37;66.73;66.19;66.41;1236705
20140707;66.34;66.47;65.74;65.86;1798511
20140708;65.89;66.31;65.71;66.06;1779940
20140709;66.17;66.46;65.85;66.1;1415147
20140710;65.61;65.99;65.58;65.88;1201860
20140711;65.9;66.05;65.53;65.95;1069600
20140714;66.28;66.45;66;66.2;1011850
20140715;65.33;65.72;65.14;65.56;3098395
20140716;65.75;66.02;65.45;66.02;1290311
20140717;65.95;66.16;65.71;65.91;1487341
20140718;66.04;66.35;65.79;66.17;1365184
20140721;65.79;66.23;65.77;66.1;940312
20140722;66.15;66.5;66.06;66.27;1081305
20140723;66.39;66.43;65.36;65.44;1399304
20140724;65.58;65.83;65.47;65.68;885560
20140725;65.58;65.71;65.19;65.37;725269
20140728;65.42;65.56;65.12;65.44;1192250
20140729;65.64;65.73;64.89;64.89;1125302
20140730;65.19;65.28;63.44;63.73;2557990
20140731;62.99;63.1;59.78;59.83;8994185
20140801;59.66;61.74;59.65;61.44;5133855
20140804;61.48;62.07;61.2;62.06;2614133
20140805;61.68;61.99;61.29;61.4;1653303
20140806;61.27;62.96;61.27;62.78;4225938
20140807;62.91;63.11;61.97;62.38;1768234
20140808;62.35;63.28;61.86;63.24;1606187
20140811;63.29;64.11;63.27;63.81;1879064
20140812;63.45;63.64;63.11;63.45;1407405
20140813;63.61;64;63.45;63.98;1289199
20140814;64;64.05;63.71;64;1079222
20140815;64.07;64.47;64;64.28;2040009
20140818;64.45;64.54;64.16;64.3;1433775
20140819;64.35;64.82;64.28;64.47;987886
20140820;64.37;65.19;63.97;64.82;1797565
20140821;64.96;65.23;64.86;64.88;913588
20140822;65.03;65.09;64.23;64.3;1647440
20140825;64.72;65.07;64.64;64.85;1185154
20140826;64.9;65.38;64.66;64.75;1594954
20140827;64.74;65.3;64.58;65.28;1593412
20140828;64.4;64.9;64.26;64.75;1351723
20140829;64.73;65.15;64.6;64.97;1188925
20140902;64.93;65.29;64.68;64.79;1369137
20140903;65.03;65.28;64.77;64.79;1197217
20140904;64.83;65.38;64.76;64.93;1517408
20140905;64.78;65.21;64.51;65.2;898214
20140908;64.93;65.15;64.36;64.44;1321953
20140909;64.42;64.68;64.11;64.32;1420049
20140910;64.32;64.46;64.01;64.44;1363128
20140911;64.22;64.78;64.16;64.69;1041842
20140912;64.55;64.7;63.83;63.89;1996753
20140915;64;64.04;63.58;63.73;1731666
20140916;63.55;64.27;63.53;63.87;2107257
20140917;63.16;63.54;62.53;62.8;3065762
20140918;63.06;63.07;62.48;62.89;2021465
20140919;63.12;63.27;62.63;62.66;2513700
20140922;62.66;62.78;62.26;62.29;1479656
20140923;62.22;62.4;61.61;61.62;1566407
20140924;61.7;62.44;61.7;62.35;1551169
20140925;62.03;62.22;61.53;61.68;1260878
20140926;61.7;61.9;61.33;61.75;943169
20140929;61.38;61.92;61.32;61.81;1365035
20140930;60.85;61.89;60.54;61.6;3192969
20141001;60.5;61.06;60.43;60.65;2274808
20141002;60.81;60.93;60.11;60.72;2003148
20141003;61;61.53;60.88;61.19;1488197
20141006;61.44;61.58;60.79;60.95;1400882
20141007;60.75;61.09;60.17;60.18;1632591
20141008;60.18;61.17;60.13;61.12;1810127
20141009;61.1;61.52;60.43;60.67;2005874
20141010;60.8;61.25;60.27;60.3;2106005
20141013;60.33;60.59;59.7;59.7;1853490
20141014;59.96;60.75;59.84;60.19;1106728
20141015;59.6;60.09;59.09;59.91;2376885
20141016;59.1;60.06;58.83;59.75;1698450
20141017;60.17;61.14;59.83;60.92;1836250
20141020;60.45;61.77;60.45;61.76;2130448
20141021;61.78;61.89;61.56;61.7;2436869
20141022;62.34;62.5;61.79;62.04;1447156
20141023;62.41;62.47;61.63;61.74;1549687
20141024;61.8;62.14;61.6;61.94;1507820
20141027;61.94;62.45;61.66;62.1;1975676
20141028;62.42;62.75;62.2;62.75;1512601
20141029;62.6;62.67;61.44;62.47;2793413
20141030;62.27;64.82;62.1;64.04;4149935
20141031;64.5;64.74;63.63;63.96;2069612
20141103;63.64;64.27;63.64;64.1;1528306
20141104;63.93;64.36;63.52;63.7;1668137
20141105;64.3;64.57;63.67;63.84;1231450
20141106;64;64.55;63.78;64.53;1553458
20141107;63.73;63.83;63.1;63.66;2308162
20141110;63.57;63.99;63.13;63.9;1719540
20141111;64;64.04;63.58;63.75;899163
20141112;63.38;63.73;63.15;63.68;1377437
20141113;63.56;63.98;63.56;63.8;1033038
20141114;63.8;64.02;63.64;63.81;1025513
20141117;63.99;65.16;63.91;65.14;2046534
20141118;65.2;66.19;65.11;65.6;2805202
20141119;65.63;65.98;65.38;65.89;2128840
20141120;65.6;66.2;65.46;65.64;1683489
20141121;66.23;66.64;65.29;65.47;3784888
20141124;65.61;65.74;64.98;65.12;1667622
20141125;65.06;65.49;65;65.14;1267455
20141126;64.81;65;64.7;64.93;1382293
20141128;65.24;66.31;65.24;66.25;1476375
20141201;65.85;66.46;65.8;66.09;1628945
20141202;66.1;66.74;66.07;66.58;2488713
20141203;66.41;66.62;66.04;66.38;1774781
20141204;66.36;66.39;65.78;66.09;2163948
20141205;65.99;66.4;65.89;66.4;1147041
20141208;66.34;66.43;65.87;66.08;1891350
20141209;65.9;66.26;65.55;65.82;2240233
20141210;65.72;66.07;64.74;64.79;1560413
20141211;65.36;67.4;65.06;67.1;3847271
20141212;66.7;66.96;65.6;65.63;2105491
20141215;65.8;65.82;64.02;64.09;2603120
20141216;64.15;65.62;64.01;64.1;1695244
20141217;64.45;65.05;63.67;64.84;1615482
20141218;65.39;66.05;65.39;66.02;1817803
20141219;66.26;67.11;65.94;66.82;2510142
20141222;66.75;67.03;66.48;66.85;1308895
20141223;66.94;67.44;66.75;67.24;926032
20141224;67.34;67.35;67.02;67.02;376153
20141226;67.08;67.24;66.9;67.01;384489
20141229;66.9;67.25;66.56;66.96;587295
20141230;66.87;67.05;66.58;66.62;460601
20141231;66.31;66.72;65.34;65.44;1266093
20150102;65.63;66.14;65.09;65.48;848380
20150105;65.24;65.37;64.14;64.26;1364104
20150106;64.53;65.09;64.21;64.45;2200673
20150107;65.1;66.09;65.07;66.01;1683397
20150108;66.48;67.25;66.37;67.21;1424145
20150109;67.15;67.15;66.34;66.43;1352007
20150112;65.98;66.45;65.36;65.48;1365139
20150113;65.95;66.57;65.42;65.97;1376777
20150114;65.63;66.89;65.28;66.73;2631167
20150115;67.02;68.29;66.75;67.74;2287040
20150116;67.52;68.3;67.5;68.12;2242566
20150120;68.17;69.01;67.79;68.97;2512909
20150121;68.71;69.15;68.28;69.03;5279504
20150122;69.19;69.89;68.96;69.84;2258454
20150123;69.44;69.46;68.62;68.68;2106388
20150126;69.08;69.08;68.19;68.88;1431529
20150127;68.29;68.86;68.06;68.43;1346459
20150128;68.63;68.86;67.29;67.38;1712703
20150129;67.28;67.45;66.29;67.34;1896087
20150130;67.06;67.15;65.49;65.58;2828826
20150202;65.65;66.5;65.01;66.47;1388902
20150203;66.73;66.97;66.27;66.65;1459267
20150204;66.56;67.32;66.39;66.64;1520306
20150205;67.1;67.18;66.66;67.03;1306467
20150206;66.74;66.85;65.98;66.25;1806108
20150209;66.06;66.49;65.7;65.8;1526120
20150210;66.15;66.53;65.9;66.31;1443002
20150211;66.41;66.78;65.98;66.3;1272733
20150212;62.87;64.3;62.49;63.3;5481667
20150213;62.6;63.3;61.82;63.2;4007530
20150217;62.84;63.39;62.33;63.21;2788847
20150218;62.86;63.98;62.78;63.79;2179274
20150219;63.66;64.17;63.56;63.79;2395256
20150220;63.74;64.39;63.5;64.09;1550262
20150223;63.93;64.4;63.75;64.29;1851849
20150224;63.97;64.24;63.47;64.03;1880573
20150225;64.03;64.98;63.91;64.78;2253258
20150226;64.75;64.94;64.53;64.67;2219283
20150227;64.52;65.03;64.46;64.48;2067492
20150302;64.37;64.71;64.15;64.29;1274143
20150303;64.04;64.82;63.68;64.76;2825921
20150304;64.45;64.9;64.27;64.72;5147320
20150305;64.72;64.93;63.81;64.05;2686788
20150306;63.64;63.77;62.26;62.47;2811128
20150309;62.55;62.87;62.38;62.6;1616990
20150310;62.33;62.77;61.95;62.61;2486121
20150311;62.6;62.62;61.77;61.97;1824644
20150312;61.98;62.39;61.98;62.31;1582466
20150313;62.17;62.35;61.71;62.15;1460981
20150316;62.31;62.85;62.13;62.84;2043807
20150317;62.33;62.53;62;62.25;1787145
20150318;62.2;63.2;61.53;63.06;2169488
20150319;62.8;63.26;62.62;62.81;1956454
20150320;62.98;64.08;62.98;64.08;4427210
20150323;63.92;64.28;63.78;63.95;1594216
20150324;64;64.1;62.93;62.94;1764049
20150325;63.53;63.98;62.63;63.15;5476572
20150326;63.45;63.52;62.46;63;2514346
20150327;63.11;63.87;63;63.84;1859689
20150330;63.9;65.5;63.66;65.5;3614799
20150331;65.14;66.38;65.04;65.95;3946835
20150401;65.69;66.25;64.99;66.18;3601523
20150402;65.91;66.64;65.81;66.38;2442700
20150406;66.55;67;66.03;66.03;3972064
20150407;65.95;66.18;65.62;65.74;1605828
20150408;65.84;65.84;65.23;65.59;1951650
20150409;65.51;65.64;65.25;65.49;1632128
20150410;65.66;65.98;65.38;65.73;1544135
20150413;65.75;65.84;65.41;65.46;967685
20150414;65.43;65.87;65.26;65.58;1692053
20150415;65.7;66.04;65.11;65.17;1387796
20150416;65.1;65.36;64.8;65.05;1251580
20150417;64.62;64.79;64.12;64.39;1496706
20150420;64.84;65.47;64.2;64.56;1625656
20150421;64.62;64.82;63.77;63.86;1753474
20150422;64.04;64.29;63.73;63.98;1156837
20150423;63.86;64.11;63.61;63.85;934521
20150424;64.01;64.2;63.62;63.73;1196856
20150427;63.67;63.88;63.29;63.61;1437825
20150428;63.66;63.82;63.34;63.67;1573920
20150429;63.61;63.96;63.3;63.38;1239869
20150430;63.47;63.54;63.03;63.33;1332279
20150501;63.42;63.97;63.39;63.89;1613870
20150504;63.87;64.43;63.85;64.13;2199121
20150505;64.93;65.08;62.59;63.18;3151891
20150506;63.39;63.5;62.46;63.01;1651357
20150507;63.02;63.68;62.95;63.56;1268263
20150508;64;64.37;63.57;63.61;1567608
20150511;63.34;64.2;63.34;63.78;1421598
20150512;63.49;63.71;63.2;63.67;1340388
20150513;63.69;64.1;63.49;63.73;1386512
20150514;64.13;64.75;63.9;64.58;1815132
20150515;64.62;65.64;64.54;65.23;3109285
20150518;65.08;65.08;64.5;64.64;1738526
20150519;64.79;64.79;64.08;64.19;1741192
20150520;64.31;64.61;64.21;64.23;1391417
20150521;64.14;64.34;63.79;63.96;1022506
20150522;63.92;64.16;63.66;63.68;978633
20150526;63.54;63.66;62.87;63;1131981
20150527;63.15;63.3;62.92;63.24;1426758
20150528;62.62;62.84;62.24;62.56;1697405
20150529;62.71;62.89;62.4;62.77;1995309
20150601;62.6;62.99;62.13;62.55;1833264
20150602;62.32;62.45;62.04;62.17;2204442
20150603;62.26;62.39;61.74;62.27;3584455
20150604;62.01;62.45;61.94;62.26;3161796
20150605;61.96;62.11;61.19;61.45;1584118
20150608;61.47;61.66;61.13;61.31;1727775
20150609;61.46;62.1;61.3;61.51;1492873
20150610;61.75;62.18;61.52;62.05;1111145
20150611;62.17;62.42;62.1;62.22;1293315
20150612;61.92;62.16;61.77;62.13;1027103
20150615;61.88;62.12;61.67;61.69;1484454
20150616;61.8;62.53;61.67;62.47;1056816
20150617;62.4;62.94;62.17;62.82;1660114
20150618;62.76;63.43;62.68;63.1;1381790
20150619;63.09;63.88;63.06;63.34;1958423
20150622;63.53;63.85;63.26;63.4;805803
20150623;63.38;63.59;63.11;63.47;1666022
20150624;63.23;63.74;63.17;63.41;1193404
20150625;63.38;63.64;62.75;62.87;1229935
20150626;62.99;63.21;62.61;63.05;4073268
20150629;62.7;63.13;62.57;62.6;1554832
20150630;62.87;63.21;62.4;62.7;1931602
20150701;62.7;63.07;61.99;63.01;1937240
20150702;63.29;63.56;62.94;63.14;1162496
20150706;62.89;63.37;62.47;62.74;1189760
20150707;62.9;64.24;62.68;64.12;1740657
20150708;63.93;64.32;63.66;63.68;1511548
20150709;64.29;64.38;63.59;63.59;1018734
20150710;63.74;63.97;63.56;63.75;1175639
20150713;64.11;64.28;63.91;64.18;709372
20150714;64.09;64.22;63.9;64.12;645548
20150715;63.68;64.23;63.6;63.68;794482
20150716;63.93;64.63;63.93;64.5;1308895
20150717;64.27;64.5;63.86;64.35;1503486
20150720;64.28;64.42;63.96;64.14;595730
20150721;64.15;64.28;63.88;64.02;671539
20150722;64.03;64.72;63.89;64.39;691427
20150723;64.31;64.69;64.03;64.33;1087687
20150724;64.17;64.75;64.03;64.54;1326353
20150727;64.24;64.83;63.98;64.68;1437525
20150728;64.95;65.15;64.38;65.05;1121663
20150729;65.09;65.61;65.04;65.43;898311
20150730;65.21;66.24;65.13;66.09;1141497
20150731;66.46;66.46;65.85;66.17;1245991
20150803;65.93;66.4;65.45;66.07;1902086
20150804;65.81;67.97;65.7;67.5;2513452
20150805;68;68.9;67.99;68.66;2820431
20150806;68.1;69.21;67.94;68.86;2322375
20150807;68.86;69.07;68.52;68.92;1643498
20150810;68.87;69.39;68.62;69;1489740
20150811;68.64;69.24;68.41;69.2;1216360
20150812;68.62;69.07;67.68;68.9;2012897
20150813;68.78;69.2;68.57;68.89;1316229
20150814;68.97;69.85;68.76;69.77;1327808
20150817;69.46;69.83;69.21;69.6;2100863
20150818;69.5;69.84;69.08;69.3;1566903
20150819;69.12;69.54;68.5;68.95;2610582
20150820;68.49;69.31;68.35;68.72;1726813
20150821;68.3;68.55;67.44;67.46;2156103
20150824;64.83;66.81;63.52;65.74;4070078
20150825;66.77;67;65.07;65.1;3431150
20150826;66.21;67.12;65.57;66.93;2706716
20150827;67.53;67.88;66.47;67.36;2294138
20150828;66.78;67.08;66.42;67.04;1853078
20150831;66.8;66.96;66.08;66.28;2078867
20150901;65.31;66.53;65;65.71;3078141
20150902;66.1;66.77;65.92;66.74;1907524
20150903;66.68;67.58;66.45;67.33;1456911
20150904;66.73;66.91;66.09;66.58;1462316
20150908;67.55;67.65;66.86;67.52;1937410
20150909;67.81;67.98;66.03;66.16;1963336
20150910;66.02;66.76;65.96;66.35;1464678
20150911;66.17;67.01;65.97;66.99;1378576
20150914;66.99;67;66.57;66.73;985140
20150915;66.64;67.59;66.41;67.46;1412896
20150916;67.45;68.58;67.45;68.39;1776910
20150917;68.37;69.59;68.11;68.87;1709284
20150918;67.73;68.72;67.31;67.45;3295042
20150921;67.84;68.1;67.52;67.66;1617084
20150922;66.93;67.38;66.55;67.03;1737393
20150923;67.06;67.4;66.61;67.29;1050631
20150924;66.97;67.35;66.42;67.21;2610443
20150925;67.69;69.13;67.43;68.22;1494702
20150928;67.7;68.06;66.44;66.51;1987396
20150929;66.5;66.66;65.99;66.45;2561433
20150930;67;67.25;66.19;66.55;2533024
20151001;66.26;66.62;65.03;66.24;2915997
20151002;65.88;67.41;65.6;67.41;1854090
20151005;67.81;68.27;67.39;68.06;3953436
20151006;67.98;68;67.49;67.55;1821964
20151007;67.76;68.23;67.6;68.22;1783393
20151008;68.17;69.26;67.93;69.24;1415518
20151009;69.19;70;69.1;69.44;2273671
20151012;69.39;69.99;69.28;69.83;1253710
20151013;69.47;69.79;69.22;69.36;1330804
20151014;69.23;69.44;68.56;68.65;1005088
20151015;68.97;69.28;68.63;69.2;1325095
20151016;69.49;69.84;69.18;69.79;1045454
20151019;69.73;70.17;69.51;69.61;2083951
20151020;69.64;69.64;68.9;68.97;1565100
20151021;69.12;69.98;68.94;69.61;1397472
20151022;70;72.34;69.95;72.01;2546839
20151023;72.04;72.3;71.4;71.7;1979451
20151026;71.76;71.92;71.37;71.55;1645741
20151027;71.29;71.5;70.72;71.04;925029
20151028;71.1;71.16;70.26;70.92;1005872
20151029;70.66;71.13;70.17;70.99;992670
20151030;70.78;71.18;70.5;70.52;1595691
20151102;70.72;70.86;70.07;70.61;2110306
20151103;68.38;68.97;67.06;68.09;4212235
20151104;68.42;69.19;68.31;68.68;2849525
20151105;68.62;69.44;68.5;69.37;1493822
20151106;69.03;69.03;67.3;67.93;1824705
20151109;67.66;67.76;66.88;67.47;1303466
20151110;67.26;67.7;67.04;67.33;1222212
20151111;67.42;67.98;67.4;67.62;1282078
20151112;67.17;67.46;66.26;66.3;1854163
20151113;66.26;66.7;65.91;66.09;1752708
20151116;66.09;66.95;66.08;66.93;1561223
20151117;66.93;67.32;64.65;66.03;3204026
20151118;66.22;66.47;65.63;66.31;2969522
20151119;66.65;67.07;66.37;66.47;1750996
20151120;66.92;66.95;66.11;66.25;2128182
20151123;67.39;69.19;67.1;68.57;5234286
20151124;68.45;68.87;67.54;67.86;3026546
20151125;68.06;69.53;68;69.18;2606817
20151127;68.93;69.45;68.74;69.27;1164739
20151130;69.36;69.45;68.72;68.77;3140344
20151201;69.39;69.99;69.04;69.38;2452366
20151202;69.19;69.59;68.81;68.89;2245090
20151203;68.86;69.53;68.2;68.53;2410966
20151204;68.68;70.38;68.55;70.18;2123803
20151207;70.1;70.9;69.91;70.51;1752008
20151208;70.25;71.01;69.89;70.82;1749514
20151209;70.19;71.2;70.01;70.6;1788712
20151210;70.6;71.39;70.07;70.73;1729429
20151211;70.26;70.56;69.75;70.13;1379006
20151214;70.16;71.18;70.16;71.08;2027222
20151215;71.24;71.74;70.87;71.51;2419793
20151216;71.52;72.07;70.87;71.97;2410355
20151217;71.63;72.26;70.9;71.61;2395164
20151218;71.27;71.36;70.76;70.78;2030541
20151221;71.25;71.39;70.52;71.05;1664556
20151222;71.03;72.5;70.87;72.19;1775220
20151223;72.39;73.2;72.19;73.07;1197141
20151224;72.89;73.13;72.62;72.87;374751
20151228;72.83;73;72.58;72.87;719473
20151229;73.28;73.6;73.24;73.51;954057
20151230;73.58;73.68;73.11;73.19;657903
20151231;72.79;72.9;71.98;72.27;958920
20160104;71.59;71.68;70.86;71.61;2039839
20160105;72.07;72.68;71.54;71.87;2210468
20160106;71.29;72.3;71.15;72.01;2503981
20160107;71.09;71.28;70.26;70.37;1933206
20160108;71.34;72.39;70.38;71.48;3157399
20160111;71.67;71.92;71.03;71.55;1184503
20160112;71.96;72.14;70.68;71.47;1645503
20160113;71.54;72.24;70.87;70.9;1365630
20160114;70.95;72.3;70.78;71.67;1681041
20160115;70.31;71.18;70.29;70.67;2252297
20160119;71.02;71.56;70.81;71.24;1529878
20160120;70.77;70.99;68.73;70.1;2496628
20160121;70.12;70.53;69.07;69.96;2301503
20160122;70.66;71.82;70.28;71.61;1366213
20160125;71.2;71.65;70.44;70.51;1289336
20160126;70.34;71.5;70.1;71.2;2239654
20160127;71.42;72.33;71.14;71.57;1244776
20160128;72.14;73.24;71.72;72.79;1580620
20160129;73.1;73.89;72.75;73.44;2324941
20160201;73.32;74.14;73.04;73.59;2443787
20160202;73.04;73.26;72.27;72.38;2210988
20160203;72.47;73.05;71.52;72.34;1897244
20160204;72.02;72.25;71.4;71.83;1616174
20160205;72.16;72.6;71.57;71.84;2252953
20160208;71.28;71.95;70.74;71.31;2469578
20160209;70.63;71.69;70.33;71.4;2660347
20160210;71.79;72.5;70.56;70.86;3244865
20160211;72.5;74.52;72.23;73.69;5267127
20160212;74.33;75.01;73.7;74.97;2599412
20160216;74.34;75.33;73.83;75.19;3284737
20160217;75.1;76.24;75.01;75.75;2535521
20160218;75.84;76;74.81;75.79;2039388
20160219;75.61;75.76;74.99;75.52;2124650
20160222;75.18;75.43;73.4;73.82;3852859
20160223;73.55;74.58;73.53;74.12;2809457
20160224;73.92;74.25;73.53;73.91;2257021
20160225;74.14;74.97;74.04;74.91;2083399
20160226;74.58;74.91;72.9;73.45;2872197
20160229;73.24;74.51;73.07;74.02;2097641
20160301;74.56;74.67;74;74.17;1841568
20160302;73.9;75.14;73.11;75.09;3353571
20160303;74.71;74.9;74.16;74.84;2162967
20160304;74.84;75.5;74.51;75.23;1701264
20160307;74.94;75.2;74.64;74.93;1456567
20160308;74.64;75.13;74.5;74.84;1227604
20160309;75.25;75.92;74.98;75.2;1299135
20160310;75.2;75.61;74.86;75.24;1366944
20160311;75.5;75.7;75.1;75.53;1206023
20160314;75.3;75.42;74.72;74.95;2089719
20160315;74.52;75.36;74.22;75.09;1208033
20160316;75.35;75.86;74.5;75.63;1732206
20160317;75.92;76.81;75.7;76.44;2155587
20160318;76.53;76.58;75.84;76.16;2632195
20160321;75.79;76.05;75.39;75.49;1480874
20160322;75.26;75.44;74.1;74.43;2415945
20160323;74.34;75.36;74.2;75.04;1841213
20160324;74.93;75.63;74.68;75.44;1212196
20160328;75.37;75.96;75.33;75.67;1088290
20160329;75.78;76.89;75.63;76.59;1841462
20160330;76.85;77.05;76.5;76.83;1698891
20160331;76.53;76.87;76.39;76.55;1902340
20160401;75.71;77.98;75.53;77.86;2277432
20160404;77.88;78.1;77;78.07;2986497
20160405;77.9;78;76.65;76.81;1991676
20160406;78;78;77.27;77.78;2315942
20160407;77.58;77.68;76.9;77.11;1232615
20160408;77.21;77.5;76.81;77.25;819002
20160411;77.36;77.83;76.88;76.99;1091836
20160412;77.05;77.53;77.05;77.34;912843
20160413;77.5;77.5;76.4;76.67;1685871
20160414;76.69;77.11;76.4;76.46;2205827
20160415;76.51;77.6;76.4;77.55;2237544
20160418;77.41;77.85;77.14;77.67;1399189
20160419;77.69;77.79;77.05;77.6;1541783
20160420;77.54;77.77;76.58;76.71;1373316
20160421;76.75;76.75;74.96;74.99;1862255
20160422;75.07;75.35;74.72;75.28;1210576
20160425;75.15;76.1;75.12;75.8;1312075
20160426;75.91;76.04;75.19;75.32;1767864
20160427;75.56;76.64;75.49;76.39;1397087
20160428;75.92;76.91;75.79;76.48;859542
20160429;76.41;76.94;76.06;76.81;1300545
20160502;77;77.69;76.8;77.44;1427305
20160503;77.13;77.63;76.65;76.85;1873166
20160504;76.55;77.35;76.53;77.02;3060165
20160505;75.9;76.66;74.88;75.05;3398554
20160506;74.91;75.29;73.7;75.02;3021151
20160509;75;75.69;74.71;75.34;2101707
20160510;75.66;76.38;75.6;76.37;2004344
20160511;76.25;76.92;76.07;76.18;1941009
20160512;76.72;77.54;76.62;77.31;2172287
20160513;77.11;77.94;76.95;77.19;2378564
20160516;77.01;77.44;76.78;77.23;1622586
20160517;76.93;77.33;75.14;75.42;2099800
20160518;75.3;75.44;74.05;75.04;3177753
20160519;74.83;75.37;74.54;75.24;1877265
20160520;75.22;75.22;74.11;74.3;2587367
20160523;74.3;75.05;74.26;74.41;1739239
20160524;74.45;75;74.24;74.65;1758741
20160525;74.71;75.12;74.5;74.75;1479081
20160526;74.8;75.59;74.79;75.33;1669626
20160527;74.98;75.24;74.19;74.49;1434569
20160531;74.48;74.92;74.01;74.37;3182342
20160601;74.4;75.25;74.35;74.9;2129487
20160602;74.78;74.82;74.26;74.53;1214234
20160603;74.57;75.55;74.57;75.13;1636805
20160606;75.14;75.34;74.33;74.52;1117400
20160607;74.53;75.46;74.4;75.16;1971457
20160608;75.17;76.3;75.08;76.08;2052023
20160609;76.04;77.7;75.96;77.69;3129659
20160610;77.35;78.18;77.28;78.12;3924099
20160613;78;78.26;76.8;76.9;2455366
20160614;76.57;77.21;75.81;76.88;2262878
20160615;76.89;77.07;75.82;76.31;1986085
20160616;76.27;77.26;76.1;77.03;1740479
20160617;76.97;76.98;75.95;76.77;1863609
20160620;77.07;77.47;76.82;76.86;1478273
20160621;77.12;77.71;76.96;77.33;1735396
20160622;77.38;77.66;77.18;77.35;1201586
20160623;77.74;77.83;77.16;77.83;978065
20160624;76.42;77.83;76.17;77.19;2932419
20160627;76.79;77.27;76.4;76.83;2574445
20160628;76.92;77.13;75.58;76.16;2092837
20160629;76.58;77.71;76.02;77.57;3037550
20160630;77.58;82.57;77.55;81.65;9125285
20160701;81.44;82.05;80.64;81.6;3805956
20160705;81.53;82.59;81.04;82.26;2919468
20160706;82.17;82.89;81.99;82.48;2938242
20160707;82.94;83.19;82;82.27;1870479
20160708;82.58;82.71;81.73;82.64;1805791
20160711;82.5;82.55;81.57;81.69;2208060
20160712;81.66;81.95;81.23;81.52;1949358
20160713;81.67;83.29;81.45;83.11;3009740
20160714;83;85.7;83;85.32;7542209
20160715;85.47;86.22;84.93;85.99;8330879
20160718;85.95;86.38;85.4;85.61;3281974
20160719;85.59;87.16;85.4;86.98;3168079
20160720;86.9;87;82.19;82.26;8305049
20160721;82.49;82.94;82.14;82.48;2683922
20160722;82.77;82.87;82.26;82.86;1555883
20160725;82.8;83.66;82.76;83.51;1553110
20160726;83.51;84.03;82.77;82.84;1563646
20160727;82.64;82.79;81.08;81.27;3017064
20160728;81.35;81.92;81.16;81.79;1954071
20160729;81.92;83.09;81.8;82.71;1943306
20160801;82.62;82.78;82.02;82.37;2005006
20160802;82.38;82.57;81.61;81.87;1231165
20160803;81.89;81.96;80.57;81.08;2330007
20160804;82.44;84.1;82.07;82.42;2652177
20160805;82.84;83.6;82.37;82.71;2490263
20160808;82.89;82.95;81.94;82.92;1636296
20160809;82.92;83.21;82.68;82.98;1048896
20160810;83.03;83.33;82.81;82.96;842878
20160811;83.17;84.28;83;83.46;1837505
20160812;83.5;84.01;83.35;83.53;1079183
20160815;83.38;83.83;83.18;83.39;1466496
20160816;83.23;83.36;82.39;82.45;1239206
20160817;82.75;83.29;81.76;82.57;2067328
20160818;82.49;83.04;82.33;83.02;1671664
20160819;82.85;83.14;82.28;83.04;2148995
20160822;83.1;83.35;82.72;83.05;1498352
20160823;83.04;83.18;82.3;82.69;849702
20160824;82.65;82.75;81.86;82.34;1076742
20160825;82.39;83.65;82.39;82.82;1674709
20160826;82.79;83.37;82.22;82.37;1494807
20160829;82.51;83.23;82.42;83.11;2225923
20160830;82.4;82.7;81.67;81.78;1636926
20160831;81.89;82.32;81.59;82.21;1269578
20160901;81.88;82.04;81.31;81.69;1543092
20160902;82.17;82.78;82.12;82.42;1055494
20160906;82.47;82.78;82.15;82.56;944924
20160907;82.25;82.38;80.66;80.8;2046991
20160908;80.58;80.72;79.92;79.99;2044567
20160909;79.49;79.5;77.13;77.13;2806147
20160912;77.28;79.37;77.25;79.13;2443652
20160913;78.6;79.06;77.9;78.13;1630445
20160914;78.3;78.74;77.83;78.09;2302304
20160915;77.77;78.5;77.74;78.26;2904005
20160916;77.9;78.31;77.59;78.02;1957280
20160919;78.04;78.54;77.84;78.17;1142094
20160920;78.58;78.69;77.27;77.28;1448998
20160921;77.38;77.71;76.9;77.58;1582192
20160922;77.92;78.4;77.79;78.22;2098418
20160923;77.9;78.1;77.68;77.71;779964
20160926;77.5;77.66;77.25;77.39;1210964
20160927;77.66;77.73;77.06;77.38;825447
20160928;77.38;77.89;77.35;77.82;1117694
20160929;77.81;78.07;77.23;77.26;845383
20160930;77.44;78.02;77.44;77.47;1444692
20161003;77.21;77.42;76.83;77.25;1311914
20161004;77.01;77.13;76.04;76.15;1601751
20161005;76.25;76.47;75.29;76.18;2441384
20161006;75.94;76.17;75.48;75.97;1688822
20161007;76.06;76.85;75.9;76.34;2190804
20161010;76.5;77.06;76.23;76.47;1657798
20161011;76.47;76.52;75.77;76.05;1617671
20161012;76.01;76.72;75.87;76.46;1036906
20161013;76.06;76.07;75.11;75.78;1808424
20161014;75.99;76.32;75.45;75.49;2295278
20161017;75.66;75.67;74.93;74.99;2703422
20161018;75.44;75.69;75.12;75.36;1282298
20161019;75.37;75.41;74.57;74.93;1309831
20161020;74.97;74.97;74.04;74.23;1815777
20161021;74.02;74.58;73.66;74.34;1730673
20161024;74.54;74.8;73.87;74.28;1728677
20161025;74.24;74.49;74.16;74.21;1093071
20161026;74.19;74.53;73.96;74.07;1296140
20161027;74.07;74.66;74;74.16;1928346
20161028;74.27;74.98;74.13;74.63;2139912
20161031;74.9;75.15;74.65;75.13;2416057
20161101;75.62;76.04;74.72;75.21;3057950
20161102;75.27;75.82;74.86;75.09;2282552
20161103;74.99;75.12;73.75;73.97;1623458
20161104;73.94;74.1;73.53;73.67;1324886
20161107;74.37;75.06;74.06;74.95;1283586
20161108;74.75;78.37;74.75;76.96;3390737
20161109;75.42;75.45;73.37;74.88;1923082
20161110;74.46;74.63;72.46;72.65;2972702
20161111;72.72;73.25;72.05;72.5;1785130
20161114;72.43;72.96;71.83;72.53;2320269
20161115;72.73;73.5;72.7;73.4;1884270
20161116;73.45;73.63;72.96;73.26;1110027
20161117;73.06;73.77;72.58;73.44;1197534
20161118;73.35;73.54;72.83;73.07;1183170
20161121;72.83;73.6;72.83;73.39;1308724
20161122;73.61;74.66;73.61;74.49;1281810
20161123;74.12;74.6;73.19;73.39;1341164
20161125;73.71;74.48;73.53;74.16;497277
20161128;74.01;74.58;73.68;73.89;1094978
20161129;73.52;73.73;72.83;73.62;959861
20161130;73.26;73.38;71.96;72;1854570
20161201;71.61;71.85;70.74;70.96;2359688
20161202;71.23;71.5;70.79;71.17;1352949
20161205;71.23;71.69;71.11;71.67;2075601
20161206;71.87;72.16;71.61;71.97;1108155
20161207;70.98;72.75;70.98;72.65;1958792
20161208;72.33;72.39;71.86;72.09;1128773
20161209;72.16;73.33;72.08;73.11;2393599
20161212;72.95;73.97;72.88;73.8;1778469
20161213;73.8;74.49;73.65;73.95;1685088
20161214;74.14;74.38;72.95;73.12;1320644
20161215;73.02;73.85;72.84;73.41;1285393
20161216;73.46;74.05;73.07;73.29;2421499
20161219;73.32;73.47;72.64;72.92;5504583
20161220;71.93;73.28;71.83;73.27;1409914
20161221;73.21;73.99;72.99;73.15;1714735
20161222;73.3;73.83;72.7;73.66;1687268
20161223;73.57;73.65;73.08;73.57;615043
20161227;73.57;74.06;73.26;73.85;657030
20161228;73.82;73.9;73.32;73.43;674806
20161229;73.51;74.14;73.33;73.96;1461617
20161230;74;74.16;73.42;73.71;1041964
20170103;73.71;73.71;72.83;73.37;1700599
20170104;73.54;73.73;73.13;73.18;1097819
20170105;73.04;73.38;72.36;73.11;1576146
20170106;72.77;73.42;72.6;73.13;1078310
20170109;73.26;73.26;72.03;72.13;1586774
20170110;72.28;72.35;71.62;71.66;1198518
20170111;71.64;72.21;71.58;71.87;1154059
20170112;71.81;72.33;71.67;71.92;1428685
20170113;71.79;71.9;71.05;71.38;2150096
20170117;71.5;72.05;71.48;72.03;2455852
20170118;72.01;72.55;71.83;71.98;1975518
20170119;71.91;72.1;71.68;71.78;1538414
20170120;71.91;72.65;71.77;72.21;2522399
20170123;72.2;72.46;71.66;72.29;1655105
20170124;72.3;72.87;72.16;72.61;1955421
20170125;72.83;72.83;72.21;72.31;1605502
20170126;72.31;72.58;71.95;72.09;1700463
20170127;72.13;73.13;71.84;73;1911061
20170130;73.05;73.05;72.3;72.67;1038458
20170131;72.73;72.99;72.61;72.71;1205606
20170201;72.31;72.51;71.45;71.9;1448570
20170202;72.13;73.43;72.02;72.77;2030739
20170203;73.02;73.79;72.57;73.36;1420790
20170206;73.16;73.32;72.27;72.33;1061458
20170207;72.6;73.07;72.38;72.85;1972664
20170208;72.85;73.6;72.68;73.49;2130689
20170209;74.6;76.69;74.59;76.44;3654201
20170210;76.16;76.56;75.71;76;2623176
20170213;75.89;76.04;75.33;75.62;2463914
20170214;75.5;76.15;75.25;75.92;1871737
20170215;75.28;76.3;74.53;76.04;1934353
20170216;75.89;76.44;74.37;74.71;3254816
20170217;72.99;73.69;72.44;72.9;4179456
20170221;74.11;74.88;73.84;74.74;3602762
20170222;74.64;75.17;74.11;74.49;2143442
20170223;74.57;75.02;74.52;74.8;1404831
20170224;74.67;75.23;74.67;75.23;1714667
20170227;74.44;74.8;73.73;73.88;1326725
20170228;73.9;74.6;73.9;74.07;1789343
20170301;74.07;74.84;73.75;74.83;1908500
20170302;74.93;75.1;74.49;75.02;3104708
20170303;75.03;75.03;74.07;74.47;2688893
20170306;74.05;74.4;73.76;74.22;1379483
20170307;74.15;74.76;74.08;74.14;1740674
20170308;73.94;74.08;73.64;73.86;1370344
20170309;74.11;74.29;73.72;74.1;1959934
20170310;74.53;74.65;74.03;74.19;1271375
20170313;74.04;74.18;73.84;74.15;1345994
20170314;73.87;74.48;73.87;74.23;2105320
20170315;74.38;75;74.23;74.75;1538120
20170316;74.65;74.76;74.24;74.76;2111770
20170317;75.09;75.31;74.73;75.11;3593631
20170320;75.01;75.19;74.66;74.98;2655851
20170321;74.06;74.29;73.46;73.6;4262847
20170322;73.61;73.63;72.28;72.71;4567944
20170323;72.72;73.55;72.38;73.11;3006277
20170324;73.29;73.46;72.75;73;2932976
20170327;72.84;73;72.4;72.56;2523285
20170328;72.44;72.81;72.2;72.66;1742145
20170329;72.67;73.16;72.3;73.08;2055681
20170330;72.93;73.13;72.38;72.54;2143605
20170331;72.45;72.92;72.45;72.61;2145622
20170403;72.59;72.75;72.14;72.37;2156056
20170404;72.41;72.67;71.86;72.27;1420956
20170405;72.34;72.97;72.18;72.75;1516649
20170406;72.59;72.59;72.02;72.41;1777706
20170407;72.36;72.73;72.25;72.59;1811150
20170410;72.48;72.76;72.13;72.27;1714867
20170411;72.3;72.54;71.97;72.15;2045127
20170412;72.07;72.59;71.97;72.33;2494405
20170413;72.34;72.58;71.91;71.95;1698062
20170417;72.08;72.37;72;72.31;1264860
20170418;72.38;73.38;72.3;72.98;1831730
20170419;73.15;73.33;72.47;72.66;1204554
20170420;72.6;72.84;72.23;72.79;2164515
20170421;72.54;72.78;72.33;72.42;2739164
20170424;72.76;73;72.54;72.77;1863785
20170425;72.81;72.97;72.34;72.35;2218019
20170426;72.38;72.43;71.47;71.49;2428653
20170427;71.56;71.62;70.78;70.96;2293782
20170428;71.06;71.18;70.57;71;3897729
20170501;71.09;71.19;70.13;70.15;2060918
20170502;70.51;70.51;68.92;69.03;3625941
20170503;69.12;69.2;68.67;68.94;2853706
20170504;68.69;71.49;68.69;70.4;5349099
20170505;70.74;70.74;69.99;70.69;2684877
20170508;70.69;73.43;70.25;72.7;6966653
20170509;72.61;72.72;70.47;70.85;3663200
20170510;70.82;71.31;70.78;71.05;1931561
20170511;71.04;71.11;70.19;70.69;3431438
20170512;70.46;70.95;70.3;70.83;1940536
20170515;70.74;71.14;70.73;71.02;2310274
20170516;71.14;71.17;70.19;70.35;2292371
20170517;70.07;70.95;69.97;70.53;2528926
20170518;70.38;70.54;69.85;70.08;2434480
20170519;70.2;71.1;69.82;71.03;2606384
20170522;70.6;71.43;70.6;71.31;1221985
20170523;71.35;71.82;71.26;71.61;1986113
20170524;71.61;72.6;71.56;72.52;2594480
20170525;72.85;73.12;72.41;72.68;2218299
20170526;72.81;73.03;72.29;72.62;1313136
20170530;71.94;71.94;71.18;71.68;1827243
20170531;71.81;72.17;71.55;71.6;1711791
20170601;71.89;72.95;71.56;72.94;2075294
20170602;73.5;73.5;72.73;72.97;1760669
20170605;72.66;73.04;72.55;72.95;1542917
20170606;72.84;73.09;72.64;72.84;1176736
20170607;72.75;73.23;72.7;73.13;1630954
20170608;72.97;73.25;72.23;72.25;1860306
20170609;72.19;72.77;72.08;72.66;1403820
20170612;72.79;73.63;72.75;73.08;2518750
20170613;72.87;73.47;72.33;73.3;1676159
20170614;73.56;74.28;73.44;73.49;1690515
20170615;73.3;73.64;72.89;73.1;1661607
20170616;72.94;73;71.08;71.88;3595785
20170619;72;72.13;71.36;71.76;2270632
20170620;71.8;72;71.06;71.09;1785257
20170621;71.28;71.47;70.39;70.48;1598165
20170622;70.5;70.95;70.35;70.41;1602119
20170623;70.5;70.89;70.39;70.56;1714985
20170626;70.77;71.36;70.53;70.99;1204886
20170627;70.12;70.27;69.29;69.34;3023629
20170628;69.87;70.36;69.5;69.53;2100840
20170629;69.5;69.58;68.56;68.69;3505569
20170630;69.11;69.91;69.05;69.46;2498291
20170703;69.58;69.58;68.74;68.76;1086069
20170705;68.73;68.95;67.57;67.7;4124401
20170706;67.53;67.8;66.5;66.55;2709384
20170707;66.65;66.9;66.41;66.52;2991169
20170710;66.54;66.69;65.78;65.87;2589777
20170711;65.63;66.08;65.32;65.34;2707223
20170712;65.74;66.17;65.66;65.74;1370735
20170713;65.76;66.19;65.61;66.02;2022137
20170714;66.3;66.45;66.15;66.38;1414307
20170717;66.23;66.94;66.23;66.75;1785028
20170718;66.7;66.75;66.15;66.26;1957178
20170719;66.44;66.7;66.23;66.35;1775053
20170720;66.45;66.86;66.24;66.75;3329692
20170721;66.61;67.28;66.54;67.22;1462427
20170724;67.25;67.49;66.65;66.83;1739680
20170725;66.97;67.7;66.83;67.57;1772759
20170726;67.57;67.64;67.05;67.31;1156766
20170727;67.27;67.75;67.05;67.68;2414509
20170728;67.65;67.8;67.35;67.65;1787928
20170731;67.75;68.19;67.54;68;4103939
20170801;67.96;68.14;67.29;67.46;2021449
20170802;67.21;67.98;66.53;67.44;2580473
20170803;68.1;70.93;67.81;70.36;5046709
20170804;71.52;71.65;69.37;69.62;2864661
20170807;69.81;70.14;69.62;70.11;2923946
20170808;69.84;69.94;68.96;69.22;1702661
20170809;69.03;69.32;68.89;69.04;1565860
20170810;68.84;69.04;68.6;68.75;2022562
20170811;68.63;69;68.48;68.81;1054904
20170814;69.25;69.87;69.02;69.86;1984615
20170815;69.89;70.08;69.63;69.81;1405651
20170816;69.71;70.54;69.71;70.07;1297099
20170817;69.94;70.59;69.92;70.1;2106198
20170818;70.05;70.07;69.54;69.95;1975934
20170821;69.97;70.68;69.68;70.2;1281028
20170822;70.14;70.26;69.72;70;1861151
20170823;69.69;70.07;69.58;69.91;1756368
20170824;69.43;69.44;67.82;67.91;2713748
20170825;68;68.1;67.4;67.71;2241284
20170828;67.76;67.81;66.31;66.78;2045489
20170829;66.76;66.99;66.06;66.3;1833893
20170830;66;66.18;65.49;66.05;2120328
20170831;65.64;66.1;65.16;65.46;3006513
20170901;65.47;65.79;65.06;65.45;2474695
20170905;65.48;66.64;65.43;66.4;3256581
20170906;66.35;67.87;65.94;67.84;4069122
20170907;67.95;68.43;67.22;67.75;2490438
20170908;67.72;68.8;67.38;68.45;2764777
20170911;68.6;69.11;68.56;68.77;2665675
20170912;68.69;69.22;68.35;68.49;1437159
20170913;68.53;68.77;67.87;67.98;1763957
20170914;67.84;68.03;67.2;67.62;2732582
20170915;67.67;68.32;67.62;68.32;2579089
20170918;68.31;68.65;68.09;68.61;1876393
20170919;67.87;68.03;65.6;65.87;5904370
20170920;64.89;65.59;63.7;64.72;6004059
20170921;64.72;64.99;63.72;63.92;2341994
20170922;64.08;64.38;63.11;63.36;1962218
20170925;63.32;64.23;63;64.03;2996721
20170926;63.93;63.95;62.97;63.42;2929146
20170927;63.42;63.48;62.41;63.04;3092079
20170928;62.94;63.77;62.3;62.81;3940227
20170929;63.05;63.18;62.11;62.37;4069148
20171002;62.22;63.12;61.7;62.72;4200248
20171003;62.71;62.82;61.99;62.02;2831708
20171004;61.98;62.82;61.96;62.42;2804130
20171005;62.56;63.15;62.37;62.7;2251529
20171006;62.91;63.19;62.33;62.4;3205758
20171009;62.42;62.48;61.03;61.04;4129701
20171010;61.27;61.73;61.12;61.47;3694088
20171011;61.54;61.95;61.22;61.25;4974925
20171012;61.19;62.59;61.19;62.39;3105660
20171013;62.44;62.46;61.64;61.96;2875791
20171016;61.89;62.26;61.82;61.91;1755148
20171017;61.87;62.09;61.59;61.74;2032225
20171018;61.75;61.96;61.53;61.79;2688807
20171019;61.72;61.97;61.41;61.7;2222035
20171020;61.66;61.75;60.96;61.45;3907968
20171023;61.55;61.92;61.32;61.48;3461663
20171024;61.46;61.74;60.97;61.2;3030512
20171025;60.96;61.06;60.01;60.48;4314769
20171026;60.76;60.89;60.03;60.55;3217503
20171027;60.42;60.49;59.82;60.26;3143504
20171030;60.07;60.16;58.76;58.87;6126042
20171031;62.49;63.93;61.77;62.53;11598383
20171101;62.64;63.72;61.81;63.01;4620455
20171102;62.84;63.07;62.34;62.38;3334790
20171103;62.44;62.49;61.65;61.96;3072355
20171106;61.85;61.85;60.19;60.2;3584785
20171107;60.25;61.39;60.13;60.84;6320077
20171108;61;62.97;60.86;62.82;4624456
20171109;62.69;63.42;62.49;63.28;4600699
20171110;63.04;65.19;62.91;64.7;6215498
20171113;64.6;65;63.62;63.76;3419122
20171114;63.75;65.25;63.6;65.18;4270135
20171115;65;65.06;63;63.74;4553501
20171116;64.05;65.34;63.88;65.28;2948829
20171117;64.98;65.84;64.93;65.36;4617495
20171120;65.28;66.22;65.25;65.56;4112934
20171121;65.27;65.27;64.07;64.35;3875627
20171122;64.94;64.94;64.16;64.71;1771319
20171124;64.96;65.03;64.5;64.93;797500
20171127;64.9;65.34;64.4;65.07;1877952
20171128;65.23;65.96;64.78;65.94;2060681
20171129;65.59;67.74;65.59;66.8;3235385
20171130;66.79;67.22;65.74;66.16;4505857
20171201;66.02;66.53;65.09;65.99;3329835
20171204;66.15;67.72;65.97;67.54;4200559
20171205;67.65;68.29;67.28;67.97;4446173
20171206;67.97;68.29;67.64;68.13;1890699
20171207;68;68.13;67.24;67.27;1758892
20171208;67.07;67.23;66.36;66.53;2361225
20171211;66.46;66.63;66.03;66.55;1767436
20171212;66.62;66.62;65.93;65.95;2145728
20171213;66.22;66.32;65.79;65.83;3051268
20171214;65.75;65.87;65.01;65.05;3022173
20171215;65.18;65.92;64.21;64.99;7038530
20171218;65.1;66.13;64.9;65.64;4558780
20171219;65.93;66.02;65.38;65.47;5184249
20171220;65.72;67.15;65.14;66.87;5328189
20171221;66.9;67.84;66.83;67.65;3461334
20171222;67.78;68.25;67.67;68.1;2452259
20171226;67.96;68.22;67.8;68.15;1372781
20171227;68.21;68.71;68.09;68.29;1603101
20171228;68.23;68.39;67.77;68.03;1538548
20171229;68.16;68.62;67.96;67.98;1154845
20180102;68.03;68.17;67.6;67.97;2978186
20180103;68.11;68.13;67.41;67.65;2223443
20180104;67.73;68.77;67.49;68.73;2438803
20180105;68.85;69.19;68.6;68.94;2211935
20180108;68.87;69.21;68.62;69.17;1941119
20180109;69.2;69.21;68.6;68.78;3051352
20180110;68.34;68.46;66.82;67.02;3379864
20180111;67.29;67.29;65.57;65.98;3897367
20180112;66.01;66.06;64.66;64.69;4940164
20180116;65.25;66.2;65.06;65.94;4747416
20180117;66.22;67.38;66.13;66.51;3809560
20180118;66.37;66.37;65.36;65.8;3429804
20180119;65.95;67.01;65.8;66.62;3454603
20180122;66.95;67.19;66.28;67.17;2143906
20180123;66.97;67.32;66.51;66.93;1788498
20180124;67.04;67.85;67.01;67.3;4236767
20180125;67.37;68.35;67.33;67.91;2206212
20180126;67.79;68.44;67.62;68.33;2352899
20180129;68.12;68.41;67.73;67.76;2125407
20180130;67.67;68.24;67.11;67.94;2788978
20180131;68.03;68.55;67.42;68.11;3145647
20180201;68;68.96;67.17;68.32;3026768
20180202;68.17;68.17;65.42;65.45;3240426
20180205;65.64;66.34;64.08;64.13;4194789
20180206;63.14;65.31;62.96;65.16;5066171
20180207;65.17;66.7;64.16;64.21;4871263
20180208;64.59;67.32;64.55;65.98;5911815
20180209;66.6;67.78;66;67.33;4226515
20180212;67.65;68.47;66.96;67.07;3287655
20180213;66.89;67.8;66.67;67.49;3139781
20180214;67.32;68.02;66.72;67.74;2367296
20180215;68.1;69.93;67.35;69.82;3559679
20180216;69.14;69.89;68.79;69.66;2020042
20180220;69.33;70.29;69.33;69.68;3399810
20180221;69.51;69.86;68.25;68.31;2780895
20180222;68.34;69.6;68.16;68.26;1825942
20180223;68.13;68.54;66.92;68.54;2779069
20180226;68.46;69.16;67.8;68.95;1917715
20180227;69;69.3;67.11;67.13;3125130
20180228;67.24;67.47;66.18;66.2;2130000
20180301;66.81;67.84;66.4;66.91;2790468
20180302;66.37;67.98;66.37;67.68;2292979
20180305;67.43;69.22;67.42;69.2;3908560
20180306;69.15;70.01;68.83;69.9;3269530
20180307;69.01;69.7;68.62;69.3;1906918
20180308;69.5;69.73;69.03;69.64;1452970
20180309;69.85;70.81;69.3;70.25;2907986
20180312;70.39;71.08;69.83;69.83;2463709
20180313;70.15;70.62;69.46;69.64;2737479
20180314;69.91;70.66;68.89;69;2557250
20180315;69.01;69.36;66.48;66.99;3555956
20180316;67.19;67.72;65.88;66.44;8421158
20180319;66.37;67.29;66.15;66.43;3552674
20180320;66.63;67.14;65.87;66.32;4128552
20180321;63.98;64.31;63.03;63.68;5261287
20180322;63.61;64.48;63.35;63.37;2918946
20180323;63.65;64.35;62.95;62.95;2202967
20180326;63.75;64.24;63.28;64.13;1723789
20180327;64.4;65.03;64.16;64.38;1966727
20180328;64.52;65.02;63.77;63.9;3488590
20180329;64.18;65.24;64.18;65.01;1946649
20180402;64.97;64.99;62.88;63.12;1545395
20180403;63.44;63.54;62.53;63.37;1878834
20180404;63;65.53;62.99;64.93;2357482
20180405;65.16;65.38;64.37;64.56;1294148
20180406;64.5;65.44;63.77;64.24;1653445
20180409;64.51;65.25;63.95;64.48;1532059
20180410;64.61;65.02;63.47;63.62;3105856
20180411;63.52;63.8;63.14;63.35;1701825
20180412;63.4;63.55;62.54;62.61;1796275
20180413;62.69;63.13;62.41;63.06;2187536
20180416;62.95;63.88;62.43;63.83;2404273
20180417;64.19;64.35;63.46;63.79;1918740
20180418;63.66;63.82;63.25;63.41;2529079
20180419;63.16;63.28;61.92;62.2;1943905
20180420;62.15;62.61;59.8;60.27;4461003
20180423;60.38;60.69;59.99;60.52;1516133
20180424;60.72;60.9;59.92;60.46;1895035
20180425;60.35;61.43;60.29;60.95;2223815
20180426;60.94;61.02;58.71;60.1;4916349
20180427;60.19;60.74;60.12;60.24;3094185
20180430;60.26;60.48;58.85;58.9;3671418
20180501;58.81;59.08;58.21;58.75;3087724
20180502;58.57;58.58;56.4;56.65;4451166
20180503;58.5;58.87;57.36;58.15;7239877
20180504;58.31;60.65;58.25;59.8;5641510
20180507;59.78;60.62;59.78;60.49;3409172
20180508;60.34;60.63;59.99;60.3;2197653
20180509;60.49;61.17;60.04;60.33;2165748
20180510;60.61;61.19;60.47;61.04;2227135
20180511;61.15;61.7;60.9;61.39;2198883
20180514;61.48;61.72;61.08;61.65;3275058
20180515;61.49;61.88;60.76;61.25;2774844
20180516;61.38;61.68;61.1;61.49;2154598
20180517;61.61;61.68;60.95;61.18;1792892
20180518;60.6;60.68;59.29;60.19;3741734
20180521;60.48;61.37;60.12;60.77;2504260
20180522;60.98;62.13;60.78;61.52;2603530
20180523;61.83;62.32;61.54;62.23;1999466
20180524;62.29;63.58;62.22;63.51;3923178
20180525;63.6;65.57;63.4;65.23;4612135
