20100104;30.75;30.97;30.43;30.88;723186
20100105;30.93;31.05;30.19;30.48;1134898
20100106;30.45;30.99;29.99;30.28;1549484
20100107;30.16;30.6;30.07;30.35;538101
20100108;30.23;30.48;30.09;30.43;426611
20100111;30.67;30.74;30.28;30.45;427771
20100112;30.03;30.19;29.72;30.13;1036799
20100113;30.17;30.94;30;30.79;742958
20100114;30.68;30.92;30.25;30.35;618520
20100115;30.32;30.45;29.93;30.21;650018
20100119;30.23;30.91;30.05;30.91;474358
20100120;30.51;30.51;29.93;30.47;566230
20100121;30.57;30.7;29.37;29.38;809805
20100122;29.29;29.58;28.68;28.7;751962
20100125;29.18;29.36;29.03;29.06;418516
20100126;28.91;29.4;28.75;28.85;542854
20100127;28.84;29.11;28.34;29.03;660691
20100128;29;29.19;28.16;28.49;850267
20100129;29.52;29.95;28.22;28.27;1992625
20100201;29.05;30;29.05;29.99;1233970
20100202;29.95;30.18;29.49;29.81;1685154
20100203;29.57;29.97;29.32;29.65;799179
20100204;29.28;29.28;28.5;28.74;1003650
20100205;28.82;29.04;27.94;28.82;1560821
20100208;28.78;29.04;28.23;28.3;964954
20100209;28.71;29.14;28.34;28.93;837484
20100210;28.94;29.08;28.29;28.68;790627
20100211;28.67;29.06;28.39;28.92;860674
20100212;28.43;29.1;28.15;29;763787
20100216;29.32;29.7;29.18;29.67;798037
20100217;29.9;29.99;29.43;29.65;616508
20100218;29.46;29.98;29.46;29.93;487969
20100219;29.85;30.18;29.72;30.01;621619
20100222;30.19;30.33;29.87;30.14;847181
20100223;30.03;30.1;29.28;29.51;721057
20100224;29.67;29.91;29.4;29.79;769352
20100225;29.25;29.76;29.01;29.7;852584
20100226;29.67;29.85;29.37;29.78;770202
20100301;29.97;30.05;29.58;30.03;1754038
20100302;30.22;30.43;30.03;30.27;1350280
20100303;30.39;31.04;30.16;30.53;1180031
20100304;30.45;30.75;30.36;30.63;640436
20100305;30.78;30.93;30.63;30.88;703534
20100308;30.86;31.05;30.74;30.88;707855
20100309;30.75;30.98;30.56;30.72;874629
20100310;30.69;30.93;30.4;30.79;1419310
20100311;30.4;30.91;30.16;30.91;907210
20100312;30.85;31.29;30.78;30.97;830239
20100315;30.77;31.11;30.6;30.78;705277
20100316;30.88;31.12;30.73;31.11;726819
20100317;31.19;31.7;31.09;31.56;903487
20100318;31.51;31.72;31.06;31.18;1071801
20100319;31.19;31.43;30.54;30.61;843445
20100322;30.4;31.35;30.21;31.29;752732
20100323;31.24;31.52;31.02;31.43;659916
20100324;31.18;31.86;31.05;31.69;1230695
20100325;31.92;32.18;31.45;31.48;1189540
20100326;31.58;32.26;31.57;31.69;812071
20100329;31.81;32.12;31.81;32;841041
20100330;32.03;32.28;31.91;32.17;654667
20100331;32.06;32.34;31.79;31.84;905194
20100401;32.01;32.49;31.97;32.49;680252
20100405;32.5;33.26;32.42;33.1;998058
20100406;32.91;33.03;32.8;32.88;760150
20100407;32.73;33.27;32.67;32.92;668290
20100408;32.78;32.99;32.62;32.91;519535
20100409;32.99;33.45;32.88;33.45;517093
20100412;33.39;33.5;32.95;33.01;540424
20100413;33.01;33.15;32.81;32.92;515449
20100414;32.86;33.24;32.86;33.2;584979
20100415;33.08;33.38;33;33.35;616786
20100416;33.27;33.4;32.31;32.65;1077955
20100419;32.6;32.81;32;32.78;897607
20100420;33.04;33.38;32.84;33.27;551300
20100421;33.24;33.47;33.06;33.35;490692
20100422;32.94;33.63;32.74;33.56;863550
20100423;35.82;35.98;34.83;35.56;2410487
20100426;35.05;35.45;34.34;34.45;1558339
20100427;34.45;34.95;33.6;33.7;1592344
20100428;34;34.28;33.62;34.06;1137013
20100429;34.21;34.63;34.13;34.3;1009691
20100430;34.31;34.38;33.31;33.46;1615485
20100503;33.71;34.16;33.34;33.74;1111321
20100504;33.27;33.31;32.45;32.71;1100176
20100505;32.32;32.97;31.97;32.62;1462179
20100506;32.48;32.78;29.63;31.38;2373734
20100507;31.58;31.8;30.67;30.83;2406358
20100510;32.03;32.78;32.03;32.72;1636329
20100511;32.2;32.85;32.1;32.3;1004592
20100512;32.48;33.33;32.45;33.24;887646
20100513;33.21;33.24;32.31;32.42;833908
20100514;32.25;32.25;31.07;31.39;1091986
20100517;31.49;31.87;30.68;31.63;880841
20100518;31.88;32.65;31.22;31.25;1134174
20100519;31.1;31.12;30.1;30.66;1239948
20100520;29.73;29.97;28.88;29.08;1952833
20100521;28.71;30.03;27.78;29.78;1660804
20100524;29.51;30.02;29.41;29.42;1116706
20100525;28.51;29.59;28.29;29.56;1220817
20100526;29.96;30.11;29.18;29.32;1174116
20100527;30.07;30.86;29.69;30.85;862978
20100528;30.75;30.88;30.03;30.2;955526
20100601;29.84;30.29;29.11;29.15;993384
20100602;29.79;30.33;29.27;30.33;1345271
20100603;30.47;30.53;29.7;30.15;762348
20100604;29.48;29.67;28.48;28.59;1039366
20100607;28.67;29.08;28.35;28.41;1089785
20100608;28.42;29.08;28.34;29.04;1521309
20100609;29.26;29.95;28.91;29.07;1196261
20100610;29.33;29.91;29.33;29.81;954731
20100611;29.47;30.4;29.45;30.36;1009891
20100614;30.73;31.04;30.12;30.2;851384
20100615;30.45;31.01;30.31;30.98;1219668
20100616;30.85;31.35;30.6;31.03;752548
20100617;31.28;31.28;30.36;30.73;903943
20100618;31.11;31.62;30.88;31.34;1074301
20100621;31.75;31.94;30.96;31.18;1098416
20100622;31.18;31.45;30.42;30.45;702037
20100623;30.4;30.41;29.61;30;1862595
20100624;29.86;29.9;28.99;29.04;1050431
20100625;29.09;29.33;28.72;28.99;1447970
20100628;29.04;29.14;28.48;28.53;1277180
20100629;28;28.11;27.34;27.49;2092464
20100630;27.35;27.8;26.63;26.68;1759042
20100701;26.9;26.9;25.89;26.53;1408016
20100702;26.59;26.7;25.75;26.03;1168560
20100706;26.59;26.7;25.55;25.82;1101669
20100707;25.97;27.14;25.96;27.09;1049454
20100708;27.38;28.18;27.18;28.12;1821597
20100709;28.09;28.48;27.99;28.16;806761
20100712;28.06;28.2;27.61;27.73;754541
20100713;28.06;28.7;28.02;28.5;1039283
20100714;28.35;28.4;27.87;28.17;981983
20100715;28.11;28.17;27.52;28.02;805757
20100716;27.84;27.86;27.07;27.11;882647
20100719;27.14;27.26;26.52;26.75;1301095
20100720;26.37;27.02;26.22;27;2062117
20100721;27.26;28.02;27.26;27.84;2654561
20100722;28.29;29;28.17;28.77;1503317
20100723;28.72;29.55;28.62;29.49;1451965
20100726;29.54;29.98;29.23;29.93;1650417
20100727;30.31;30.32;29.5;29.8;1292518
20100728;29.78;30.02;29.6;29.81;900644
20100729;29.95;30.4;29.34;29.88;1348766
20100730;30.8;31.58;30.5;31.32;2886463
20100802;31.84;31.95;31.16;31.9;1963289
20100803;31.64;31.89;31.34;31.78;1373657
20100804;31.76;32.06;31.48;31.98;1227235
20100805;31.63;31.92;31.35;31.84;1284204
20100806;31.49;32.01;31.28;31.84;923900
20100809;32.03;32.17;31.77;32.03;522122
20100810;31.63;31.76;31.1;31.59;1022226
20100811;31;31;30.32;30.46;976574
20100812;30;30.59;29.89;30.33;880766
20100813;30.14;30.38;30.04;30.07;587186
20100816;29.88;30.43;29.64;30.29;714863
20100817;30.67;31.45;30.66;31.18;968653
20100818;31.22;31.27;30.8;31.12;594309
20100819;30.9;30.99;29.99;30.32;629932
20100820;30.02;30.52;29.85;30.47;980822
20100823;30.6;30.89;30.14;30.18;578790
20100824;29.76;29.94;29.26;29.48;1024205
20100825;29.28;29.62;28.74;29.54;804058
20100826;29.72;30.34;29.66;29.84;781351
20100827;30.11;30.66;29.56;30.56;729108
20100830;30.45;30.7;30.03;30.09;1018895
20100831;29.97;31.02;29.89;30.78;1405171
20100901;31.26;32.19;31.24;32.13;1109498
20100902;32.26;32.33;31.96;32.08;999351
20100903;32.31;33.14;32.31;32.96;1148526
20100907;32.9;32.9;32.23;32.31;733710
20100908;32.33;32.79;32.33;32.53;735243
20100909;32.95;32.98;32.38;32.76;1213455
20100910;32.81;32.94;32.5;32.58;703062
20100913;32.97;33.83;32.97;33.75;1040649
20100914;33.55;33.65;33.13;33.53;1084216
20100915;33.38;33.59;33.07;33.47;783179
20100916;34.65;35.38;34.2;34.7;1628118
20100917;34.91;35.15;34.53;35.03;1348578
20100920;35.19;35.81;35.07;35.67;1170716
20100921;35.82;35.95;35.42;35.58;754666
20100922;35.49;35.91;35.38;35.67;723246
20100923;35.42;35.85;34.98;35.53;865115
20100924;36.25;36.37;35.87;36.37;766208
20100927;36.48;36.5;35.88;36.23;730324
20100928;36.3;36.83;35.85;36.74;759423
20100929;36.56;37.17;36.43;36.77;1498140
20100930;37.02;37.42;36.6;37;1252722
20101001;37.38;37.45;36.98;37.28;781538
20101004;37.24;37.39;36.81;37.04;909915
20101005;37.43;38.15;37.28;38.09;1056845
20101006;38.06;38.19;37.88;38.01;723813
20101007;38.15;38.5;37.85;38.39;1274369
20101008;38.44;39.06;38.38;38.95;881568
20101011;38.97;39.34;38.84;39.18;839037
20101012;39.17;39.17;38.63;38.94;1068615
20101013;39.35;39.63;39.08;39.34;713969
20101014;39.32;39.42;38.79;39.03;680592
20101015;39.33;39.52;38.76;39.25;672856
20101018;39.22;39.6;39.08;39.44;572117
20101019;38.85;39.27;38.31;38.59;888249
20101020;38.63;39.88;38.59;39.53;888345
20101021;39.6;40.11;39.31;39.69;621158
20101022;39.7;39.85;39.17;39.3;659935
20101025;40.58;41.71;40.5;41.3;2168244
20101026;41.05;41.19;40.63;40.75;1327709
20101027;40.31;40.72;39.9;40.15;1046854
20101028;40.51;40.69;39.44;39.53;1141772
20101029;39.19;39.66;38.92;39.28;1416738
20101101;39.66;40.13;39.4;39.59;837959
20101102;39.88;40.38;39.7;39.84;1017800
20101103;39.87;39.97;39.06;39.78;575367
20101104;40.19;40.38;39.6;40.35;1255756
20101105;40.41;40.45;39.6;39.86;1265225
20101108;39.59;40;39.38;39.88;624250
20101109;40.03;40.35;39.1;39.4;849545
20101110;39.41;39.65;38.84;39.2;692647
20101111;38.82;39.93;38.76;39.65;823376
20101112;39.24;39.33;38.4;38.7;1091235
20101115;38.81;39.01;38.4;38.72;955376
20101116;38.45;38.47;37.78;38.2;1041994
20101117;38.33;38.83;38.01;38.53;750465
20101118;39.09;39.53;39.03;39.48;1093488
20101119;39.07;39.59;38.83;39.55;1054729
20101122;39.47;39.88;38.99;39.7;931878
20101123;39.09;39.16;38.61;38.88;845867
20101124;39.19;39.78;39.17;39.74;728609
20101126;39.3;39.9;39.24;39.76;410252
20101129;39.41;39.71;38.81;39.63;1086369
20101130;39.24;39.32;38.69;38.91;1367191
20101201;39.69;40.63;39.69;40.6;1277532
20101202;40.66;40.98;40.35;40.49;1020622
20101203;40.24;41.17;40.24;41.03;954310
20101206;40.81;41.22;40.7;41.08;813739
20101207;41.32;41.52;40.91;41.24;971127
20101208;41.34;41.47;40.78;41.06;636053
20101209;41.05;41.19;40.55;40.7;713978
20101210;40.85;41.01;40.48;40.59;914968
20101213;40.7;40.94;40.53;40.53;678158
20101214;40.7;41.04;40.5;40.73;456805
20101215;40.63;40.63;40.1;40.15;804164
20101216;40.2;40.45;39.86;40.2;512927
20101217;40.12;40.23;39.9;40.13;1434090
20101220;40.1;40.47;39.88;40.39;766541
20101221;40.56;41.18;40.56;40.95;605648
20101222;41.02;41.25;40.78;41.05;401797
20101223;40.94;41.49;40.88;41.2;408093
20101227;41.08;41.51;40.95;41.4;418773
20101228;41.4;41.66;41.31;41.63;367987
20101229;41.75;42.14;41.74;42;516415
20101230;41.95;42.09;41.81;41.98;307858
20101231;41.93;42.29;41.82;42.04;418049
20110103;42.44;42.99;42.39;42.68;781213
20110104;42.78;43.87;42.49;43.43;2923944
20110105;43.29;43.84;42.69;43.75;1463349
20110106;43.74;43.94;43.46;43.63;698901
20110107;43.66;43.88;43.07;43.62;791491
20110110;43.49;44.25;43.08;44.14;727879
20110111;44.27;44.45;43.81;44.28;1040418
20110112;45.32;46.67;45.1;46.45;2129569
20110113;46.68;46.74;46.06;46.14;1180846
20110114;46.14;46.47;45.65;46.38;834773
20110118;46.47;47.21;46.4;47.08;617159
20110119;46.76;47.02;45.84;46.07;725426
20110120;45.93;46.1;45.01;45.29;768649
20110121;45.75;46.08;45.21;45.29;685858
20110124;45.22;46.02;45.22;45.93;781810
20110125;45.71;45.78;44.56;45.17;1369156
20110126;45.41;47;45.41;46.95;1269300
20110127;46.85;46.93;46;46.44;660344
20110128;46.57;46.91;45.56;45.93;938189
20110131;46.24;46.67;45.96;46.43;979149
20110201;46.04;46.4;44.69;45.74;2888760
20110202;45.81;46.2;45.57;45.8;953028
20110203;45.72;45.98;45.14;45.61;875300
20110204;45.74;46.01;45.41;45.86;700829
20110207;46.01;46.46;45.86;46.15;951976
20110208;46.23;46.72;45.8;46.58;993467
20110209;46.29;46.44;45.78;45.91;642493
20110210;45.68;46.43;45.53;46.18;635434
20110211;45.87;47.03;45.87;46.66;539165
20110214;46.72;46.95;46.59;46.84;585834
20110215;46.66;46.74;45.74;45.83;874862
20110216;46.1;46.97;46.06;46.91;753458
20110217;46.89;48.66;46.66;48.14;1753754
20110218;48.38;48.5;47.48;47.71;1149375
20110222;46.87;47.31;45.16;45.26;1309959
20110223;45.25;45.6;43.75;44.81;1637516
20110224;45.1;45.52;44.21;44.99;1115734
20110225;45.25;45.84;45.16;45.68;902570
20110228;45.89;46.75;45.57;46.71;1236049
20110301;47.03;47.37;45.45;45.57;1469240
20110302;45.69;47.45;45.68;47.26;1235969
20110303;47.71;48.92;47.71;48.65;1344135
20110304;48.48;48.51;47.44;48.18;816997
20110307;48.39;48.82;47.23;47.62;959605
20110308;47.83;48.88;47.29;48.72;814845
20110309;48.48;48.54;47.46;47.75;913873
20110310;47.19;47.42;46.26;46.62;965837
20110311;46.15;47.37;46.06;47.07;833650
20110314;46.9;47.7;46.45;46.93;583400
20110315;45.28;46.59;45.05;46.25;850821
20110316;46.19;46.91;45.6;46.09;1002013
20110317;47;47.83;46.92;47.17;852335
20110318;47.94;47.94;46.88;46.9;887149
20110321;47.7;48.01;47.26;47.96;966530
20110322;47.78;48.08;47.45;47.78;1147082
20110323;47.59;48.68;47.59;48.41;894576
20110324;48.7;48.93;48.13;48.71;771690
20110325;48.95;49.85;48.76;49.06;1088355
20110328;49.23;49.35;48.61;48.63;490186
20110329;48.63;49.53;48.27;49.39;443610
20110330;49.95;50.07;49.02;49.44;532937
20110331;49.44;49.91;49.4;49.66;408413
20110401;50.07;50.49;49.88;50.2;813063
20110404;50.47;50.61;50.05;50.33;674488
20110405;50.16;50.98;49.84;50.44;622637
20110406;50.67;51;49.64;49.98;968494
20110407;49.9;50.54;49.62;50.14;1241974
20110408;50.67;50.67;49.58;50;779104
20110411;50;50.09;48.52;48.86;1121792
20110412;48.65;49.18;47.69;48.19;1806930
20110413;48.43;48.53;47.76;48.13;1182279
20110414;47.83;48.76;47.79;48.51;886456
20110415;48.66;49.51;48.6;49.33;1083199
20110418;48.88;49.15;47.89;48.93;1268280
20110419;49.02;49.69;48.91;49.57;1225350
20110420;50.33;50.51;49.86;50;1164230
20110421;50.2;50.39;49.85;50.38;1102497
20110425;50.38;50.75;50.08;50.51;1117055
20110426;50.84;51.38;50.51;50.75;1431120
20110427;50.8;51.32;49.92;51.15;1320517
20110428;51.17;51.95;50.8;51.47;1329748
20110429;54.6;55.36;53.52;53.63;3123470
20110502;53.9;54.47;52.65;52.75;1722642
20110503;52.5;52.67;51.08;51.61;1447064
20110504;51.81;52.03;50.81;51;1502501
20110505;50.73;51.72;50.48;50.73;1775411
20110506;51.51;52.33;51.47;51.73;1283496
20110509;51.79;53.02;51.66;52.96;1128206
20110510;53.1;54.28;53.05;54.08;1851896
20110511;53.97;54.04;52.85;53;1274175
20110512;52.75;53.13;51.97;52.46;1078187
20110513;52.58;53.11;52.09;52.28;1282273
20110516;51.96;52.66;51.48;51.65;827128
20110517;51.32;51.59;50.51;50.91;965246
20110518;51.1;52.52;50.9;52.36;700678
20110519;52.53;53.09;52.13;52.59;657976
20110520;52.43;52.53;51.37;51.68;826481
20110523;50.81;50.84;49.36;50.01;1400032
20110524;50.38;50.85;49.9;50.1;896590
20110525;49.86;51.79;49.75;51.41;875059
20110526;51.33;51.9;50.95;51.61;713407
20110527;51.78;52.57;51.78;52.23;588420
20110531;52.92;53.12;52.15;52.93;831990
20110601;52.82;52.87;50.91;51.11;1273009
20110602;51.29;51.79;50.64;51.51;1157585
20110603;50.68;50.95;49.75;50.34;1015726
20110606;50.35;50.82;50.03;50.07;794693
20110607;50.43;51.13;49.93;50.77;992696
20110608;50.59;50.75;49.81;50.31;983964
20110609;50.57;51.48;50.25;50.57;919951
20110610;50.39;50.69;49.67;49.86;1001833
20110613;49.91;50.21;48.96;49.37;858429
20110614;50.06;50.62;49.69;50.39;864800
20110615;49.81;50.02;48.04;48.35;1559956
20110616;48.31;48.53;46.82;47.63;1091058
20110617;48.09;48.22;47.07;47.51;1048160
20110620;47.22;48.43;47.12;48.24;657211
20110621;48.7;50.39;48.67;50.05;911795
20110622;49.87;50.59;49.58;49.87;885659
20110623;49.04;49.61;48.25;49.49;884747
20110624;49.56;49.74;48.81;49.29;1580196
20110627;49.08;49.65;48.5;49.43;624342
20110628;49.68;49.74;49.36;49.72;870098
20110629;49.98;50.67;49.38;50.55;791349
20110630;50.74;51.31;50.22;51.04;740690
20110701;51.23;52.13;50.99;52;624760
20110705;52.03;52.14;51.59;51.71;574007
20110706;51.67;52.13;51.22;51.93;692076
20110707;52.59;53.31;52.59;52.84;746735
20110708;52.02;52.36;51.48;52.33;632248
20110711;51.45;51.75;51.12;51.24;714083
20110712;51.06;51.51;50.89;50.95;541146
20110713;51.3;51.7;50.61;50.72;578572
20110714;50.87;51.4;49.99;50.2;565499
20110715;50.47;50.55;49.94;50.42;537654
20110718;50.19;50.33;49.14;49.8;578876
20110719;50.39;51.04;50.2;51.01;503077
20110720;51.14;51.43;50.88;51.33;537210
20110721;51.63;52.53;51.33;52.24;627498
20110722;52.08;52.32;51.65;52.22;612920
20110725;51.55;52.56;51.25;52.15;410642
20110726;52.29;52.32;51.42;52.08;539758
20110727;51.96;52.1;50.5;50.66;652725
20110728;50.76;51.59;50.03;50.08;1326335
20110729;47.23;49.03;46.75;48.3;2015396
20110801;49.08;49.31;47.93;48.4;976642
20110802;47.74;48.57;46.44;46.49;1066063
20110803;46.5;46.86;44.93;46.1;1446781
20110804;45.58;45.63;42.86;42.9;1455077
20110805;43.6;44.5;41.25;43;1867800
20110808;41.82;41.83;38.44;39.03;1925874
20110809;40.1;41.94;39.17;41.9;1120111
20110810;39.99;41.82;39.77;40.38;1776965
20110811;40.62;42.75;40.31;42.01;1148666
20110812;41.16;43.13;41.16;42.48;1646996
20110815;42.94;43.19;42.41;43.07;642797
20110816;42.35;42.9;41.75;42.09;973547
20110817;42.6;43.1;41.55;41.71;788213
20110818;40.17;40.19;38.34;38.7;1640974
20110819;38.03;39.31;37.92;38;907158
20110822;39.02;39.12;37.28;37.43;936475
20110823;37.65;38.76;37.29;38.76;1085326
20110824;38.76;39.1;38.17;39.03;1443965
20110825;39.18;39.45;38.35;38.62;984609
20110826;38.26;39.92;37.56;39.53;942598
20110829;40.21;41.17;40.13;41.13;749901
20110830;40.82;41.94;40.77;41.5;734319
20110831;41.76;42.27;40.94;41.37;822290
20110901;41.39;41.5;40.42;40.49;807391
20110902;39.38;39.91;38.95;39.11;604958
20110906;37.66;38.27;36.9;37.41;2012678
20110907;38.02;39.38;38.02;38.4;2213896
20110908;38.28;38.8;37.56;37.76;1233931
20110909;37.25;37.28;35.7;36.25;1687957
20110912;35.62;36.22;35.26;36.02;1119043
20110913;35.75;36.98;35.67;36.74;1169668
20110914;36.85;37.84;35.92;37.18;1134763
20110915;37.56;38.12;37.15;38.11;1034088
20110916;38.28;38.55;37.55;38.12;899353
20110919;37.24;37.81;36.67;37.59;788366
20110920;37.7;37.78;36.54;36.6;1019492
20110921;36.67;36.88;35.48;35.51;1296729
20110922;34.45;34.45;32.45;33.31;1633553
20110923;33.09;34.42;33.09;33.48;1199538
20110926;33.97;35.38;33.58;35.38;1531742
20110927;36.29;36.87;35.63;35.87;1224431
20110928;35.98;36.12;34.42;34.79;1433624
20110929;35.68;36.45;34.56;35.37;1340348
20110930;34.83;35.14;34.11;34.27;1426144
20111003;33.95;34.92;33.77;34.23;1794603
20111004;33.56;35.96;33.21;35.8;3661666
20111005;35.88;36.14;34.9;35.57;3731501
20111006;35.49;36.28;34.83;35.91;3360188
20111007;36.33;36.44;35.1;35.48;2856496
20111010;36.35;36.87;36.17;36.87;1360637
20111011;36.62;37.39;36.39;37.04;1491317
20111012;37.35;37.98;37.1;37.36;1559715
20111013;37.08;37.35;36.64;37.15;1566446
20111014;37.91;38.3;37.3;38.19;1406910
20111017;38;38.22;37.17;37.24;1898310
20111018;37.11;38.16;36.3;37.87;2240094
20111019;37.97;37.97;36.02;36.14;1756332
20111020;35.54;36.47;35.08;36.19;2456660
20111021;36.84;37.54;36.53;37.46;1214645
20111024;37.6;38.82;37.45;38.82;1229937
20111025;38.74;38.89;36.87;36.96;1694105
20111026;37.61;38.08;36.69;37.62;1525257
20111027;39.63;40.91;38.82;40.05;2811254
20111028;39.32;42.62;39.32;41.92;3419280
20111031;41.21;41.28;39.28;39.29;1997512
20111101;37.5;39.47;37.5;38.3;2984635
20111102;39.11;39.44;38.22;38.95;1712747
20111103;39.7;40.38;38.75;40.25;1463582
20111104;39.8;40.21;39.06;39.82;1237764
20111107;39.76;40.13;38.84;39.72;1300606
20111108;40.12;41.71;40.03;41.48;2450287
20111109;40.08;40.13;38.8;39.03;1900807
20111110;39.8;40.25;39.4;39.88;1613622
20111111;40.61;41.15;40.35;40.59;1403545
20111114;40.33;40.74;39.98;40.45;1043198
20111115;40.15;41.22;39.96;40.87;1294990
20111116;40.38;40.95;39.75;39.87;1531517
20111117;39.63;39.66;37.66;38;1547842
20111118;38.36;38.43;37.6;37.8;1498007
20111121;37.07;37.17;36.37;36.95;1622590
20111122;37;37.43;36.67;36.99;1492937
20111123;36.44;36.68;35.65;35.67;1030928
20111125;35.54;35.97;35.4;35.47;462925
20111128;36.92;37.19;36.11;36.56;1478997
20111129;36.85;37.47;36.42;37.03;1313955
20111130;38.59;39.67;38.58;39.62;1861563
20111201;39.6;39.91;38.73;38.91;1508361
20111202;39.49;39.68;38.31;38.42;1363664
20111205;39.26;39.72;38.63;38.92;1570517
20111206;39.03;39.44;38.51;39.03;991051
20111207;38.96;39.42;38.4;39.16;1191670
20111208;38.66;39.32;38;38.08;1731542
20111209;37.52;38.66;37.16;38.5;1679209
20111212;37.83;37.88;36.61;37.09;1884612
20111213;37.1;37.74;36.2;36.47;1996263
20111214;36.14;36.71;35.9;36.15;1340516
20111215;36.85;36.95;35.89;36.21;1418841
20111216;36.67;37.56;36.05;36.74;3925086
20111219;36.7;36.97;35.68;35.8;1113967
20111220;36.71;39.02;36.71;38.7;2394847
20111221;38.65;38.75;37.85;38.59;1559787
20111222;38.68;39.49;38.6;39.12;1217629
20111223;39.44;39.59;39.05;39.44;959410
20111227;39.35;39.68;39.15;39.38;838904
20111228;39.39;39.5;38.39;38.54;932487
20111229;38.66;39.41;38.55;39.34;929095
20111230;39.27;39.53;39.06;39.06;1090777
20120103;40.22;40.62;40;40.2;1466280
20120104;40.03;40.43;39.89;40.09;1514263
20120105;39.79;40.23;39.16;40.1;1846788
20120106;40.16;41.73;39.86;41.32;2769262
20120109;41.63;41.82;41.22;41.45;1568265
20120110;42.18;43.43;42.14;43.26;2523398
20120111;43.05;45.09;42.85;44.71;3457133
20120112;45.02;46.18;44.17;46.09;3375162
20120113;45.74;45.93;44.65;45.2;3011247
20120117;46.03;46.05;44.91;45.11;1297291
20120118;45.1;46.07;44.92;46.07;1249262
20120119;46.08;46.59;45.9;46.5;1008231
20120120;46.39;46.49;45.63;45.99;1220063
20120123;46.05;46.7;45.9;46.29;711236
20120124;45.74;46.25;45.62;46.25;995269
20120125;46.1;47.19;45.87;46.94;1294560
20120126;47.24;47.64;46.53;47.12;1949297
20120127;51.06;52.37;49.16;50.41;15500596
20120130;49.81;50.99;49.27;50.28;3425829
20120131;50.29;50.84;49.82;50.32;3438768
20120201;50.9;52.74;50.86;52.44;3196533
20120202;52.42;52.57;51.79;52.2;1952649
20120203;54.3;54.53;53.54;53.67;2784746
20120206;53.33;54.5;53.15;54.3;1969111
20120207;54.11;54.44;53.58;54.18;1541279
20120208;54.35;54.69;53.87;54.47;1748100
20120209;54.46;54.83;54.01;54.53;1997524
20120210;53.68;54.16;53.21;53.76;1604487
20120213;54.42;54.63;54.1;54.22;1622007
20120214;53.95;54.31;53.42;54.14;1354947
20120215;54.62;54.62;53.41;53.6;1557451
20120216;53.68;54.6;53.44;54.49;2072839
20120217;54.9;54.96;54.24;54.61;1188427
20120221;54.7;54.94;54.15;54.39;1421184
20120222;54.18;54.38;53.44;53.93;1560618
20120223;53.86;54.19;53.5;54.05;1596771
20120224;54.2;54.53;53.69;53.8;1073529
20120227;53.48;54.42;52.86;54.13;1603497
20120228;54.19;55;53.79;54.96;2070112
20120229;55;55.14;53.82;54.13;2109161
20120301;54.34;54.62;53.44;53.79;1854496
20120302;53.72;54.15;53.19;53.55;1109497
20120305;53.37;53.43;52.11;52.24;1432693
20120306;50.99;51.4;49.72;50.12;2653696
20120307;50.24;51.35;50.19;51.17;1641612
20120308;51.75;52.57;51.64;52.47;1554622
20120309;52.5;52.56;51.75;52.08;2176455
20120312;52.21;52.21;51.61;51.69;1113389
20120313;51.81;52.16;51.34;52.12;1933810
20120314;52.1;52.52;51.35;51.52;2021214
20120315;51.75;52;51.2;51.95;1873482
20120316;52.16;52.44;51.67;52.03;1764948
20120319;51.9;52.12;51.43;51.86;1342702
20120320;51.37;51.75;51.14;51.49;1417557
20120321;51.51;51.8;51.33;51.47;1372500
20120322;51.09;51.42;50.48;50.82;1086591
20120323;51.03;51.62;50.3;51.22;1102193
20120326;51.87;52.42;51.67;51.93;1473884
20120327;52.08;52.41;51.89;51.97;1922123
20120328;51.85;51.91;50.4;51.12;2096286
20120329;50.56;51.3;50.2;51.22;1781748
20120330;51.64;51.84;51.07;51.69;2303755
20120402;51.64;52.89;51.29;52.81;3314031
20120403;52.72;53.38;52.69;53.34;2979831
20120404;52.69;52.93;52.36;52.81;1942096
20120405;52.53;53.79;52;52.08;2350841
20120409;51.66;51.82;51.03;51.66;2670007
20120410;51.66;51.87;49.7;49.91;2609795
20120411;50.7;51.17;50.31;50.92;2306670
20120412;50.94;53.09;50.94;52.77;1998500
20120413;52.44;52.91;52;52.14;1515282
20120416;52.57;52.77;51.76;52.45;1325091
20120417;53.06;53.95;52.98;53.55;1513429
20120418;53.07;53.32;52.65;52.91;1146918
20120419;52.98;53.38;52.3;52.75;1087289
20120420;52.98;53.28;52.72;52.76;1099521
20120423;52;52.29;51.3;52.22;1380353
20120424;51.99;52.49;51.15;51.78;1710278
20120425;52.55;54;52.48;53.92;2258339
20120426;53.33;54.38;52.77;54.21;1854654
20120427;53.04;55.53;52.97;54.05;2859106
20120430;54.06;54.13;53.16;53.97;1475706
20120501;53.99;55.31;53.48;54.39;2416184
20120502;54;54.2;53.36;54.11;2387026
20120503;54.08;54.35;52.66;52.9;2117089
20120504;52.56;52.6;50.66;50.71;2107827
20120507;50.46;51.59;50.38;51.23;2104082
20120508;50.78;50.83;49.58;50.63;2687757
20120509;49.8;50.85;49.37;50.14;2285312
20120510;50.87;51.04;49.87;50;1376578
20120511;49.52;50.16;49.42;49.68;1166711
20120514;48.85;48.88;48.2;48.25;1724126
20120515;48.29;48.54;47.1;47.25;1647148
20120516;47.38;48.15;46.3;46.33;1813790
20120517;46.41;46.44;44.42;44.43;2296387
20120518;44.56;45;44;44.24;1985369
20120521;44.28;45.99;44.12;45.87;2234781
20120522;46.13;46.43;45.17;45.47;1741312
20120523;44.79;46.24;44;45.99;2137572
20120524;46.09;47.01;45.89;47;3226574
20120525;47.88;48.11;47.25;47.62;3064991
20120529;48.28;49.8;48.13;49.49;3373284
20120530;48.45;48.79;47.38;47.43;3060880
20120531;47.54;47.54;45.46;46.56;3435534
20120601;45.26;45.26;43.06;43.61;3918319
20120604;43.61;43.93;41.54;43.26;4179594
20120605;42.94;44.87;42.9;44.76;2823652
20120606;45.51;46.49;45.45;46.49;2566472
20120607;47.03;47.92;47;47.31;3323627
20120608;46.98;47.75;46.31;47.72;1456433
20120611;48.47;48.47;45.77;45.86;1697777
20120612;46.22;47.41;45.73;47.36;2081015
20120613;46.97;46.97;45.66;45.92;1593180
20120614;45.94;47.01;45.92;46.74;1758000
20120615;47;47.55;46.55;47.36;1497266
20120618;47.14;47.96;46.84;47.78;892368
20120619;48.38;49.57;48.24;49.33;1668132
20120620;49.21;49.69;48.42;49;1544049
20120621;48.99;49.31;46.43;46.6;1590073
20120622;47;47.17;46.39;46.99;2435237
20120625;46.26;46.26;45.43;45.84;2145717
20120626;46.26;47.62;46.11;47.16;2597873
20120627;47.56;48.33;47.24;48.23;2931286
20120628;47.56;48.27;47.16;48.13;3033116
20120629;49.57;50.65;49.25;50.37;2532798
20120702;50.71;50.87;49.57;49.72;4388957
20120703;51.25;51.25;50.11;50.89;1283791
20120705;50.84;50.99;50.1;50.26;1836907
20120706;49.57;50.29;49.26;50.15;2192130
20120709;50.34;50.37;49.18;49.39;1563498
20120710;49.7;50.42;48.41;48.84;1603231
20120711;48.96;48.97;47.07;47.47;2046608
20120712;46.85;47.86;46.18;47.51;2435231
20120713;48.15;49;48.14;48.79;1470917
20120716;48.5;48.62;47.75;48.59;1006575
20120717;48.81;49.13;47.85;48.94;1282254
20120718;48.6;50.2;48.16;49.96;1656491
20120719;50.17;50.5;49.66;49.84;1370581
20120720;49.33;49.33;48.83;49.19;1413129
20120723;47.89;48.34;47.7;48.2;1207822
20120724;48.18;48.97;47.34;47.93;1669979
20120725;48.29;48.48;47.49;48.48;1341892
20120726;49.73;50.13;49;49.59;1866157
20120727;50.1;52.05;50.03;51.74;3049932
20120730;51.33;51.76;50.61;51;2657265
20120731;51;52.9;50.35;52.28;3441838
20120801;52.6;53.47;51.85;51.99;1689192
20120802;51.29;53;51.22;52.72;2920988
20120803;53.79;53.9;52.96;53.17;1565355
20120806;53.61;54.59;53.48;54.29;1410246
20120807;54.57;55.2;54.29;54.87;1714877
20120808;54.54;54.99;54.06;54.39;1233364
20120809;54.22;54.76;53.89;54.68;1064038
20120810;54.1;54.59;53.8;54.54;764357
20120813;54.27;54.47;53.74;54.39;886967
20120814;54.7;54.73;53.35;53.51;1189438
20120815;53.5;54.16;53.21;53.93;1068815
20120816;53.94;54.9;53.66;54.81;980877
20120817;54.8;56.22;54.47;55.71;1786901
20120820;55.4;56;55.16;55.53;1377088
20120821;55.84;56;55.46;55.74;1884380
20120822;55.42;55.97;55.24;55.93;1436772
20120823;55.83;56.19;55.53;55.58;1527334
20120824;55.44;55.45;54.57;55.27;1341701
20120827;55.53;55.83;54.96;55.38;1238756
20120828;55.24;56;55.23;55.68;1444612
20120829;55.72;55.77;54.77;55.08;1324336
20120830;54.75;55.17;54.54;54.55;1813940
20120831;55.25;55.41;54.56;55.26;1785803
20120904;55.28;55.32;54.19;54.54;1354773
20120905;54.5;55.25;54.17;55.06;1320097
20120906;55.54;56.7;55.45;56.68;1286787
20120907;56.64;57.49;56.3;57.37;1362406
20120910;57.08;58.09;56.94;57.17;1464201
20120911;57.03;57.36;56.47;56.54;1201365
20120912;56.32;56.82;56.04;56.35;1156259
20120913;56.37;58.67;56.02;58.17;1375548
20120914;58.38;59.56;58.16;58.64;1834775
20120917;58.56;58.56;57.5;57.77;696827
20120918;57.71;57.79;57.19;57.55;1638352
20120919;57.91;58.45;57.11;58.16;1574414
20120920;57.59;57.59;56.44;57.36;1431774
20120921;57.83;58;56.98;57.18;2197362
20120924;56.72;57;56.37;56.66;1052454
20120925;57.05;57.07;56;56;1472942
20120926;56.08;56.49;54.91;55.33;1245166
20120927;55.75;56.52;55.3;56.37;995382
20120928;56.06;57.25;55.67;57.01;1554193
20121001;57.17;58.13;56.9;57.16;1531047
20121002;57.28;57.42;56.21;56.69;1147290
20121003;56.75;56.91;56.32;56.5;1463018
20121004;57;57.55;56.63;57.5;1037057
20121005;57.97;59.45;57.84;59.13;2173400
20121008;58.48;58.54;56.52;57;2949762
20121009;56.97;57.48;56.15;56.31;1704923
20121010;56.37;56.47;55.35;55.54;1051129
20121011;56.02;56.36;54.64;54.72;1638132
20121012;54.61;55.26;53.93;54.25;1233705
20121015;54.34;55.75;54.15;55.66;1172367
20121016;55.93;57.57;55.58;57.22;2151637
20121017;57.38;57.87;57.06;57.67;1138529
20121018;57.58;58.21;57.04;58.05;1126730
20121019;57.6;57.74;55.71;56.08;1462724
20121022;55.9;56.2;55.42;56.2;1570195
20121023;55.21;55.21;54.16;54.27;1602208
20121024;54.81;55.4;54.3;54.46;1031763
20121025;54.96;55.09;52.93;53.65;2685770
20121026;57.69;61.22;57.41;60.19;7007328
20121031;60.52;61.48;58.95;59.24;2355307
20121101;59.02;60.67;58.5;60.64;1432182
20121102;61;61;59.1;59.3;1445373
20121105;58.81;60.12;58.76;60.06;1107949
20121106;59.45;60.72;59.45;60.48;1279363
20121107;59.47;60.39;58.95;60.04;1721429
20121108;59.84;60.07;58.04;58.05;1127123
20121109;57.89;58.86;57.47;57.53;1150993
20121112;57.77;57.92;56.76;57.22;912144
20121113;56.84;57.96;56.84;57.18;1467291
20121114;57.34;57.4;55.32;55.5;1790547
20121115;55.57;56.02;54.65;55.05;1437393
20121116;55.6;56.04;54.68;55.69;1207914
20121119;56.71;58.45;56.61;58.37;2178513
20121120;58.17;59.25;57.9;58.65;1578190
20121121;58.7;59.14;58.37;59.12;1540149
20121123;59.6;60.09;58.99;60.05;478860
20121126;59.41;59.61;58.62;59.25;1515769
20121127;59.73;60.18;58.99;59.03;1644855
20121128;58.7;60.03;58.02;59.94;2215354
20121129;60.43;60.88;59.96;60.62;1786891
20121130;60.53;60.96;60.32;60.85;1497602
20121203;61.35;61.77;59.94;59.99;1815973
20121204;59.99;60.73;59.46;59.66;951067
20121205;59.59;60.48;59.32;60.27;1375872
20121206;60;60.88;59.62;60.85;1282468
20121207;61.04;61.95;60.96;61.85;1506273
20121210;61.69;63.05;61.49;62.71;2358448
20121211;63.5;64.12;61.73;62.16;2203788
20121212;62.55;64.09;61.7;63.65;3646558
20121213;63.91;64.64;62.87;63.76;3187409
20121214;63.67;65.07;63.67;64.68;2007142
20121217;65.16;65.77;64.7;65.76;2498673
20121218;65.89;66.47;65.55;66.39;1767824
20121219;66.65;66.65;65.65;65.73;1396066
20121220;65.69;67.17;65.12;66.65;2389663
20121221;65.2;66.35;65.2;66;6546564
20121224;65.68;67.05;65.5;66.72;481567
20121226;66.99;67.29;66.56;66.7;950644
20121227;66.89;67.3;65.67;66.72;1072494
20121228;66.15;66.78;65.82;66.05;742757
20121231;66.06;68.22;66.04;68.05;1511904
20130102;69.89;70.43;69.44;69.78;2208289
20130103;69.91;69.97;68.7;68.88;1308133
20130104;68.83;70.28;68.8;70.16;2678466
20130107;69.88;70.42;69.74;70.14;1179817
20130108;70.01;70.4;69.39;69.51;1590786
20130109;69.87;70.63;69.51;70.58;1211538
20130110;71.12;71.2;69.94;71.17;1547192
20130111;71.25;71.48;70.37;70.52;1021262
20130114;70.4;70.74;70.04;70.5;877689
20130115;70.05;70.42;69.79;70.18;1230577
20130116;69.89;70.09;69.57;70;712540
20130117;70.49;72.01;70.45;71.52;1501503
20130118;72.11;72.11;70.82;71.22;1201087
20130122;71.35;71.83;71.11;71.46;894483
20130123;71.3;71.59;70.47;70.95;1412958
20130124;71.17;72.02;70.89;71.24;920290
20130125;71.47;71.93;70.84;71.9;980043
20130128;71.88;71.93;70.97;71.63;1183575
20130129;71.49;72.53;71.29;72.47;1006277
20130130;72.25;72.72;71.32;71.51;1508362
20130131;71.1;72.43;70.79;71.15;2130714
20130201;72.13;74.31;71.1;73.5;2824845
20130204;72.92;73.09;71.78;72.48;1677084
20130205;73.02;73.3;72.56;72.88;1423104
20130206;72.57;73;72.15;72.77;1086579
20130207;72.93;73.03;71.57;72.47;965790
20130208;72.51;73.32;72.45;73.31;911163
20130211;73.34;74.27;73.17;74.13;1033892
20130212;74.1;74.36;73.37;73.93;991137
20130213;74.26;75.18;74.13;74.78;1411698
20130214;74.43;74.55;73.76;74.08;1904063
20130215;74.14;74.71;73.05;73.46;2525703
20130219;73.8;73.97;73.29;73.43;1110535
20130220;73.31;73.41;70.2;70.22;1980068
20130221;70.14;70.21;67.27;68.72;3845710
20130222;69.26;71.73;69.25;71.69;2124622
20130225;71.78;71.78;67.94;68;2332322
20130226;68.47;68.93;67.41;68.57;1954712
20130227;68.9;71.34;68.8;70.79;2045120
20130228;70.78;71.22;69.72;69.73;1730835
20130301;69.09;70.02;68.29;69.71;2630214
20130304;69.3;70.03;68.55;69.78;1537475
20130305;70.28;71.48;70.02;71.12;1333823
20130306;71.65;72.31;71.37;72;1177150
20130307;71.87;72.26;71.3;72.02;1200585
20130308;72.59;73.13;71.77;72.23;1241057
20130311;72.19;72.8;71.59;72.78;818761
20130312;72.59;73.42;72.35;73.16;1034135
20130313;73.04;73.05;72.18;72.72;804236
20130314;73.22;73.58;72.92;73.25;739193
20130315;72.81;73.41;72.53;72.6;1234749
20130318;71.54;73;71.54;72.83;1136435
20130319;72.96;73.56;71.8;72.77;903589
20130320;73.21;73.83;72.96;73.18;662159
20130321;72.09;72.24;70.46;70.48;2770958
20130322;70.91;71.15;69.6;70.11;1772446
20130325;70.55;70.67;68.88;68.99;1423732
20130326;69.47;69.94;68.93;69.23;1467360
20130327;68.85;69.33;67.77;69.07;1962547
20130328;69.23;70.48;69.12;69.87;1325092
20130401;69.73;69.91;68.97;69.14;1164946
20130402;69.4;69.42;68.03;68.2;1570090
20130403;68.29;68.49;66.11;66.47;2513245
20130404;66.64;67.85;66.56;67.52;1688987
20130405;66.27;68.25;65.71;68.14;1905460
20130408;68.18;68.22;67.12;67.86;1520585
20130409;67.97;68.84;67.61;68.55;1421408
20130410;68.67;68.75;67.39;67.9;1670051
20130411;68.1;69.24;67.64;68.29;1031404
20130412;67.8;68.03;66.74;68;881887
20130415;68;68.15;65.44;65.59;2060150
20130416;66.51;68;66.25;67.87;1541759
20130417;66.97;67.14;66.33;66.97;1320899
20130418;67.14;67.52;65.56;66.35;1925981
20130419;67.36;70.85;67.36;69.8;3429547
20130422;69.88;70.01;68.27;69.32;1571912
20130423;69.48;70.67;69.29;70.6;1268232
20130424;70.88;71.96;70.6;71.85;1849617
20130425;72.6;73.65;72.25;72.65;2635010
20130426;72.17;73;68.62;68.97;2655083
20130429;68.51;68.51;66.79;68.27;2264851
20130430;68.11;68.26;66.63;66.65;2375345
20130501;66.22;66.26;63.48;64.06;4598527
20130502;64.12;66.29;64.12;66.03;2723604
20130503;67.29;68.89;67.22;67.89;1967580
20130506;68.01;68.67;67.46;68.52;1065186
20130507;68.97;69.53;68.42;69.24;1111585
20130508;69.16;69.42;68.1;68.6;1175211
20130509;68.65;68.69;66.76;66.84;2168333
20130510;66.89;67.39;66.61;67.24;1488931
20130513;66.92;67.33;66.1;66.56;1248273
20130514;66.51;67.53;66.5;67.44;1151866
20130515;67.34;70.84;67.19;70.83;3459294
20130516;70.57;72.15;70.57;71.4;3176435
20130517;72.05;73.96;71.81;73.95;2786725
20130520;73.64;73.99;73.12;73.37;1645950
20130521;73.36;73.7;73.01;73.15;1248049
20130522;72.84;74.62;71.86;72.44;1496637
20130523;71.56;72.81;70.7;72.11;1045030
20130524;71.38;72.19;70.89;71.9;824005
20130528;72.98;73.35;71.65;71.88;1093550
20130529;71.38;72.14;71.12;71.89;952525
20130530;72;72.44;71.44;71.92;918948
20130531;71.72;73.47;71.44;71.72;1278330
20130603;71.91;72.64;70.97;72.34;1086204
20130604;72.15;73.56;70.8;71.11;1733553
20130605;70.78;70.86;68.7;68.93;1855983
20130606;68.63;69.64;68.11;69.63;1546499
20130607;69.96;71.02;69.24;70.42;1172032
20130610;70.69;71.07;70.17;70.55;839838
20130611;69.43;69.92;69.13;69.4;1215923
20130612;69.96;69.98;68.56;68.72;948063
20130613;68.47;71.56;68.32;71.36;1234916
20130614;71.01;71.63;70.86;71.02;1170097
20130617;72.99;72.99;71.81;72.26;1543357
20130618;72.47;73.85;72.28;73.25;1529839
20130619;73.15;73.48;72.31;72.33;904164
20130620;71.41;71.97;70.1;70.46;1541814
20130621;71;71.17;69.45;70.79;1595238
20130624;69.17;70.41;68.03;70;1849077
20130625;70.82;71.18;69.81;70.33;1043826
20130626;70.73;72.34;70.63;72.08;1515297
20130627;72.58;72.83;71.92;72.02;853572
20130628;71.81;72.33;69.96;70.01;2442018
20130701;70.36;72.14;69.75;71.38;1628000
20130702;71.36;72.27;69.98;70.71;1407228
20130703;70.53;71.19;70.16;71.03;567097
20130705;71.84;72.4;71.09;72.01;722703
20130708;72.42;72.83;71.93;72.71;1162301
20130709;73.04;74.1;73.04;73.43;1518789
20130710;73.42;73.77;72.38;73;1125183
20130711;74.32;74.55;73.52;73.97;1076841
20130712;73.89;73.97;73.24;73.96;749939
20130715;73.84;74.74;73.82;74.2;940899
20130716;74.51;74.68;73.26;73.59;1039504
20130717;74;75.49;74;75.28;1545500
20130718;75.34;76.2;74.73;74.87;1234736
20130719;74.97;75.87;74.42;75.71;970400
20130722;75.7;76.36;75.4;75.61;778347
20130723;75.88;76.14;75.25;75.81;739261
20130724;75.84;76;74.2;75.04;852046
20130725;74.74;75.95;74.71;75.47;1063071
20130726;75.13;75.16;73.51;74.16;883430
20130729;74.29;75.36;74.2;75.03;1192842
20130730;79.57;81.3;77.5;79.75;3514301
20130731;79.66;81.43;79.15;80.43;1791230
20130801;80.77;82.75;80.77;82.3;1544282
20130802;82.16;82.46;80.92;82.41;1567622
20130805;82.83;82.91;81.99;82.49;1061831
20130806;82.48;82.67;80.59;80.92;1564838
20130807;80.73;81.17;79.95;80.94;1249344
20130808;81.34;82;80.42;80.47;1379256
20130809;80.7;81.94;79.95;80.07;1344135
20130812;79.52;80.07;79.13;79.29;1146687
20130813;79.5;80.88;79.19;80.63;1260021
20130814;80.42;80.92;79.87;80.06;864253
20130815;79.53;79.54;77.13;78.31;1542456
20130816;77.67;78.48;76.86;77.85;1635233
20130819;77.87;79.33;77.61;77.98;1104874
20130820;78.04;79.1;77.79;78.48;603244
20130821;78.24;79.3;78.09;78.34;826004
20130822;78.5;79.72;78.34;79.45;500215
20130823;79.54;79.8;78.75;79.67;479958
20130826;79.71;80.09;78.24;78.27;1439300
20130827;77.01;77.43;75.77;75.88;1860926
20130828;75.98;76.08;74.9;75.25;2298118
20130829;75.18;77.05;74.75;76.45;1309168
20130830;76.54;76.78;75.77;76;1183003
20130903;77.2;78.35;76.03;76.85;1555825
20130904;76.75;77.15;75.74;76.88;1161043
20130905;77;77.13;76.65;76.79;623328
20130906;76.97;77.37;75.76;76.88;1376481
20130909;77.19;77.89;76.75;77.29;1118907
20130910;78.05;78.4;77.11;77.75;1591478
20130911;77.7;78.55;77.57;78.42;1365877
20130912;78.53;78.63;77.12;77.66;1030353
20130913;77.78;77.87;76.26;76.5;1606148
20130916;77.82;77.98;76;76.3;5203757
20130917;76.36;77.39;76.2;77.37;1970410
20130918;77.18;79.03;76.64;78.78;1518982
20130919;79.21;80.08;78.93;79.2;1342753
20130920;79.19;79.77;78.5;78.53;1565906
20130923;78.5;78.54;77.31;77.55;1125516
20130924;77.35;77.87;76.41;77.16;1250366
20130925;77.06;77.47;76.02;76.74;992462
20130926;76.75;78.42;76.68;78.22;1286565
20130927;78.01;78.29;77.58;77.7;1110948
20130930;76.79;78.28;76.62;77.9;984334
20131001;77.85;79.45;77.8;79.43;1847121
20131002;78.65;78.85;77.25;78.83;1937120
20131003;78.46;78.67;76.54;78.04;1323623
20131004;77.95;80.1;77.49;80.01;1504784
20131007;79.05;79.23;77.69;77.75;1484711
20131008;77.57;77.57;75.87;75.97;2175533
20131009;76.21;77.27;75.16;76.4;1789472
20131010;77.35;78.25;76.73;77.88;1048574
20131011;77.66;78.02;77.41;77.98;1039793
20131014;77.27;78.36;76.89;78.31;896655
20131015;78.12;80.15;78.04;79.33;3033851
20131016;79.88;80.81;79.53;80.28;1454261
20131017;80.2;81.55;80.16;81.46;828826
20131018;81.67;82.01;80.87;81.61;1011258
20131021;81.93;82.47;80.78;81.22;1033749
20131022;81.6;82.77;81.19;82.55;1223075
20131023;81.95;82.96;81.76;82.6;1272184
20131024;82.5;82.6;81.57;82.18;1644280
20131025;77.31;79.04;76.12;77.94;7580012
20131028;77.88;77.89;75.71;76.26;3926669
20131029;76.76;78.52;76.4;78.44;2569993
20131030;78.67;79.57;77.73;78.39;1548310
20131031;78.28;79.4;78.11;78.79;1609909
20131101;79;79.08;77.5;78.22;1112779
20131104;78.36;78.51;77.13;77.69;1147661
20131105;77.54;78.11;77.19;77.73;754741
20131106;77.96;78.86;77.45;77.92;1169724
20131107;78.29;78.69;76.71;76.81;1936806
20131108;77.23;79.15;77.11;79.11;2174189
20131111;78.94;79.19;78.47;79.01;744056
20131112;78.78;79.68;78.54;79.07;885157
20131113;78.76;79.93;78.68;79.72;901003
20131114;79.86;80.1;78.88;79.24;1590907
20131115;79.17;79.76;78.53;78.71;1251921
20131118;78.76;78.98;77.64;77.86;1327994
20131119;77.82;77.95;76.22;76.67;1766683
20131120;76.86;76.87;75.7;75.87;1270084
20131121;76.19;76.7;75.71;76.45;908957
20131122;76.65;76.87;76.23;76.43;1269258
20131125;76.51;76.65;75.76;75.89;1056133
20131126;75.48;76.47;75.37;75.45;1278484
20131127;75.83;76.84;75.57;76.64;891572
20131129;76.84;77.51;76.83;77.03;471927
20131202;77.21;77.83;76.37;76.46;1228459
20131203;76.04;76.65;75.05;75.43;1103363
20131204;74.79;75.41;74.13;74.58;1384622
20131205;74.3;75.18;74.13;74.31;1351016
20131206;75.5;76.56;75.11;76.21;1321137
20131209;76.22;76.24;75.14;75.36;1455273
20131210;75.24;75.76;75.02;75.31;1476386
20131211;75.5;75.5;74.44;74.55;1664619
20131212;74.1;74.54;73.8;73.86;1930851
20131213;74.54;74.54;72.62;72.67;2751343
20131216;73.26;74.02;73.21;73.43;1784284
20131217;73.75;74.27;73.3;74.03;3409245
20131218;74.07;74.83;73.25;74.64;2012059
20131219;74.57;75.43;74.37;75.01;2837395
20131220;75.4;76.63;75.24;75.93;3920487
20131223;76.5;77.15;76.11;77.05;1611819
20131224;77.01;78.24;77.01;78.22;1063565
20131226;78.3;79.03;78.3;78.97;1650052
20131227;79;79.44;78.87;79.06;839197
20131230;78.99;79.93;78.88;79.9;1547883
20131231;79.88;80.84;79.84;80.7;2192515
20140102;80.31;80.53;79.88;80.28;1612922
20140103;80.46;80.94;80.12;80.17;941715
20140106;80.76;80.94;79.22;79.76;1291201
20140107;79.74;79.97;79.22;79.45;1442675
20140108;79.13;79.48;78.16;79.2;1776619
20140109;79.49;79.99;78.95;79.3;1054621
20140110;79.91;80.43;79.27;79.43;973109
20140113;79.11;79.57;77.99;78.17;1070462
20140114;78.32;79.53;78.32;79.29;1080773
20140115;79.36;80.18;79.32;79.81;1381868
20140116;79.73;80.29;79.46;79.83;813842
20140117;79.65;80.39;79.2;79.88;1023962
20140121;80.65;81.25;79.48;79.64;2314842
20140122;79.65;79.75;77.18;77.85;3149352
20140123;77.02;77.02;74.83;76.2;3160109
20140124;75.34;75.82;74.52;74.63;2958341
20140127;74.7;75.17;73;74.38;2386821
20140128;74.5;75.63;74.3;75.22;1986474
20140129;74.91;76.07;74.49;74.69;1933343
20140130;75.07;76.22;74.62;75.97;2259856
20140131;77.2;79.76;76.25;77.96;3489190
20140203;78.11;78.55;76.03;76.11;2073415
20140204;76.58;77.37;75.63;77;1762910
20140205;76.81;78.09;76.04;77.82;2165193
20140206;77.86;78.69;77.58;78.12;1609233
20140207;78.55;79.3;78.21;79.16;1476285
20140210;79.07;80.33;78.96;80.16;1599310
20140211;80;80.49;79.51;79.81;1719916
20140212;79.9;81.87;79.85;81.65;1730791
20140213;81.32;83.1;81;82.48;1845924
20140214;82.24;83;81.49;82.84;864629
20140218;83.15;83.16;82.31;82.82;1170343
20140219;82.83;83.38;81.95;82.05;1583768
20140220;82.09;82.86;81;82.81;1280270
20140221;83.9;84.69;83.38;84.34;1984766
20140224;84.22;85.11;83.86;84.09;1708220
20140225;84.03;86.14;83.97;85.78;2352429
20140226;85.76;86.5;85.31;85.9;1775393
20140227;85.6;86.83;85.6;86.81;1816488
20140228;87.05;88.14;86.68;87.43;1746621
20140303;86.54;87.88;86.37;87.16;1676121
20140304;88.22;88.28;87.49;87.54;1499283
20140305;87.59;87.79;86.9;87.33;1276818
20140306;87.79;88.9;87.7;87.97;1312611
20140307;88.19;88.31;87;87.54;1434587
20140310;87.37;88.05;86.41;87.32;1505646
20140311;87.56;87.56;86.28;86.49;1959108
20140312;85.73;86;85.01;85.41;1957638
20140313;85.62;86.18;84.02;84.45;1864370
20140314;84.42;85.2;83.56;83.7;1784514
20140317;84.41;85;83.92;84.57;1170970
20140318;84.66;85.22;84.58;84.91;858226
20140319;84.97;85.69;84.06;84.53;1272090
20140320;84.34;85.56;84.31;85.5;997851
20140321;86.11;86.85;85.45;86.08;2383951
20140324;86.17;86.77;84.97;85.29;957609
20140325;85.62;86.3;85.08;85.81;866746
20140326;86;86.21;84.3;84.31;1015212
20140327;84.35;84.86;83.65;84.39;1344487
20140328;84.59;85.7;84.43;85.6;735278
20140331;86;86.46;85.65;86.21;865336
20140401;86.3;87.39;85.35;86.12;1486787
20140402;86.24;87.47;86.13;87.36;1009385
20140403;87.57;88.54;86.74;87.18;967351
20140404;87.92;88.15;85.94;86.51;1159530
20140407;86.33;86.37;84.1;84.65;838484
20140408;84.71;85.46;84.39;84.69;936266
20140409;85.12;86.42;84.52;86.36;1182192
20140410;86.48;86.65;84.08;84.12;975089
20140411;83.76;85.06;83.63;84.66;1887668
20140414;85.04;85.49;84.53;85.11;1175048
20140415;85.35;86.47;85.15;86.26;1325905
20140416;87.23;88.49;87.14;88.43;1989457
20140417;88.25;89.09;87.81;88.58;1469556
20140421;88.56;88.57;87.14;87.65;1387493
20140422;88.07;89.05;87.62;88.56;929267
20140423;88.72;89.07;88.19;88.58;1038192
20140424;89.19;89.19;86.86;87.31;1859238
20140425;84.01;85.7;82.49;84.36;3026266
20140428;84.98;86;83.85;84.84;1636640
20140429;84.89;86.54;84.89;86.19;1566187
20140430;86.02;87.21;86.02;87.17;1241039
20140501;87.04;87.32;85.78;85.98;1047554
20140502;86.05;86.94;85.64;85.84;886439
20140505;85.66;86.22;85.21;85.9;1222204
20140506;85.81;86.07;85.03;85.42;972364
20140507;85.8;86.48;85.05;86.41;798119
20140508;86.3;87.22;84.89;85.32;1111268
20140509;85.21;85.94;84.43;85.82;1166648
20140512;86.17;86.44;85.7;86.32;1124728
20140513;86.54;86.81;85.48;85.6;840028
20140514;85.88;86.27;85.38;85.63;785115
20140515;85.5;85.74;83.63;83.92;1464715
20140516;83.78;84.21;83.11;84.18;1399345
20140519;84.27;86.6;83.87;85.56;1218603
20140520;85.52;86.26;84.67;84.74;1114110
20140521;85.05;86.05;84.93;84.98;1692533
20140522;84.83;85.46;84.68;85.08;1020939
20140523;85.31;86.44;84.97;86.3;953260
20140527;86.58;87.5;85.72;86.11;1140989
20140528;86.11;87.11;86.08;86.55;666674
20140529;86.74;88.28;86.33;88.03;902337
20140530;87.92;88.32;87.54;88.26;1207841
20140602;88.26;89.24;87.95;89.12;1073476
20140603;88.69;89.95;88.69;89.59;1841839
20140604;89.24;90.55;88.87;90.2;1065606
20140605;90.17;90.19;88.67;89.51;1110029
20140606;89.9;90.1;89.58;89.88;858605
20140609;89.88;90.4;89.52;89.68;709818
20140610;89.38;89.99;88.76;89.97;716300
20140611;89.13;89.49;88.95;89.02;951771
20140612;88.99;89.58;88.22;88.38;758249
20140613;88.47;88.92;87.93;88.84;1140919
20140616;88.51;88.73;87.03;87.9;1122363
20140617;87.58;88.3;87.27;87.65;616843
20140618;87.49;88.18;87.08;88.08;759821
20140619;88.26;88.49;87.35;87.55;833661
20140620;87.55;88.36;87.45;88.1;1123185
20140623;88.1;88.11;87.24;87.68;608141
20140624;87.58;88.1;87.17;87.17;963438
20140625;87.16;87.83;86.57;87.22;1014816
20140626;87.32;87.32;86.39;87.12;845881
20140627;86.67;87.51;86.16;87.41;1564727
20140630;87.41;87.59;86.45;87.35;886513
20140701;87.41;88.2;86.86;87.71;700409
20140702;87.89;88.02;87.37;87.66;720476
20140703;88.3;88.68;88.11;88.55;412938
20140707;88.45;88.55;87.54;87.78;644690
20140708;87.7;87.96;87.19;87.5;725931
20140709;87.74;87.84;86.9;87.27;791703
20140710;86.77;87.95;85.88;86.76;803516
20140711;86.87;86.99;86.16;86.83;784772
20140714;87.31;87.81;86.47;86.78;676525
20140715;86.15;87.19;85.85;85.89;1232463
20140716;86.43;86.46;85.97;86.45;1270341
20140717;86.02;86.64;85.63;86.12;1245680
20140718;86.28;86.74;86.03;86.53;754911
20140721;86.19;86.68;85.9;86.61;630660
20140722;86.98;87.66;86.78;87.45;1087253
20140723;87.44;88.2;87.44;88.01;870429
20140724;88;88.44;87.8;87.97;812454
20140725;87.57;88.74;87.57;88.71;1111724
20140728;88.66;89.02;87.3;88.67;1868608
20140729;83.51;84;81.5;81.52;5155938
20140730;81.77;82.52;80.94;81.29;3176925
20140731;80.78;80.89;78.63;78.78;3219506
20140801;78.76;79.21;78.21;78.46;1949173
20140804;78.88;79.47;78.24;79.2;1691781
20140805;78.77;79.83;78.45;78.93;1764027
20140806;78.72;79.75;78.64;79.39;1105506
20140807;79.66;79.98;78.68;78.97;916682
20140808;79.21;79.93;78.75;79.86;995025
20140811;79.86;80.29;79.59;79.86;1035320
20140812;79.56;80.16;79.42;80;742798
20140813;80.47;81.37;80;81.02;1033242
20140814;81;81.24;80.77;81.08;457012
20140815;81.09;81.56;80.26;80.66;1068169
20140818;81.45;81.62;80.64;81.26;1516310
20140819;81.62;81.72;81.22;81.56;664216
20140820;81.63;82.16;81.33;82.02;964276
20140821;81.93;82.39;81.42;81.99;570522
20140822;81.91;81.94;81.22;81.34;911267
20140825;81.71;82.34;81.53;81.9;568241
20140826;82.18;82.28;81.47;81.49;802836
20140827;81.8;82;81.17;81.39;1248206
20140828;81.29;82.61;81.22;82.45;1330773
20140829;82.52;83.1;82.12;82.47;673304
20140902;82.81;83.27;82.45;83.07;1149588
20140903;83.37;83.68;82.81;82.91;1350339
20140904;82.9;83.65;82.47;82.57;944130
20140905;82.67;83.38;82.5;83.36;830692
20140908;83.44;83.95;83.13;83.38;1128147
20140909;83.21;83.57;82.85;82.96;1080761
20140910;82.95;83.6;82.6;83.57;1148389
20140911;83.01;85.21;81.96;82.34;5640473
20140912;82.6;84.49;82.35;83.05;2240941
20140915;83.1;83.27;82.36;82.93;1126813
20140916;83.01;84.05;82.65;83.72;1296491
20140917;83.93;84.2;83.4;83.56;1234263
20140918;84.05;84.65;83.93;84.63;955992
20140919;84.94;85.18;84.46;84.81;1728355
20140922;84.72;84.82;83.76;83.83;1027565
20140923;83.88;83.88;82.76;82.78;756648
20140924;83.1;84.23;82.86;84.15;957324
20140925;83.72;83.94;82.22;82.22;1029627
20140926;82.3;82.82;82.04;82.67;707628
20140929;82.17;82.75;81.76;82.38;679889
20140930;82.33;82.53;80.73;80.89;1047437
20141001;80.69;80.69;78.81;78.99;1410328
20141002;78.78;78.99;77.35;78.57;1798241
20141003;79.04;79.81;78.67;78.91;1879300
20141006;79.4;79.97;79.18;79.46;1015028
20141007;78.79;78.89;77.6;77.61;1298111
20141008;77.48;78.52;76.47;78.36;1507866
20141009;78.24;78.35;76.05;76.06;1350629
20141010;75.78;75.98;73.76;74.58;2636366
20141013;74.57;75.04;71.46;71.49;1878650
20141014;71.81;74.3;71.75;72.82;2120409
20141015;71.85;73.72;70.38;73.47;1667150
20141016;72.03;74.57;72.03;74.34;1350514
20141017;75.25;76.17;74.8;75.14;1246785
20141020;74.82;75.89;74.48;75.89;1633475
20141021;77.18;78.35;75.61;78.1;1093197
20141022;78.58;79.12;77.59;77.63;1473253
20141023;78.37;78.88;77.27;78;1364464
20141024;77.97;77.99;76.21;77.56;1566323
20141027;76.72;77.08;73.7;74.34;2857896
20141028;74.99;76.55;74.52;76.55;1605620
20141029;76.47;76.86;74.08;74.52;2805557
20141030;74.01;76;74;75.77;1922064
20141031;78.32;81.64;77.45;80.78;3363035
20141103;82.51;83.06;81.72;82.03;2486316
20141104;82.47;82.61;80;80.52;2611923
20141105;81.02;82.26;80.98;82.04;1125505
20141106;82.22;83.65;81.6;82.46;1593937
20141107;82.43;82.48;81.24;82.47;1807977
20141110;82.39;83.97;82.3;83.84;2632894
20141111;83.77;84.59;83.44;84.33;1416902
20141112;84.17;84.36;83.41;84.06;1261549
20141113;84.28;84.29;83.07;83.57;737369
20141114;83.88;84.21;83.45;84.18;723620
20141117;83.82;84.08;83.61;83.95;650853
20141118;84.1;85.59;83.7;85.49;951412
20141119;85.44;85.54;84.69;85.27;1475206
20141120;84.98;86;84.77;86;1220213
20141121;87.26;88.93;87.26;87.85;1812812
20141124;87.9;87.95;86.78;87.28;1574022
20141125;86.87;87.61;86.29;86.4;908225
20141126;86.48;86.81;85.51;86.76;641994
20141128;85.9;85.9;82.71;82.92;1212355
20141201;82.99;82.99;81.37;82.16;1451646
20141202;82.66;83.8;82.15;83.66;1264366
20141203;83.42;84.6;83.09;84.35;1405861
20141204;84;84.19;82.77;83.22;1553946
20141205;81.93;82.12;80.13;80.51;2519109
20141208;80.85;81.27;79.25;79.62;1966176
20141209;78.66;79.54;77.89;79.46;1598958
20141210;79.24;79.28;75.33;75.86;2227128
20141211;75.98;77.25;75.45;75.71;1774804
20141212;74.88;74.95;72.38;72.56;2645532
20141215;73.14;73.85;72.02;72.05;2910077
20141216;71.58;73.55;71.06;71.57;2397934
20141217;72.07;73.08;71.7;72.9;3208626
20141218;73.59;74.81;73.05;74.78;1753781
20141219;75.2;75.94;74.75;75.61;2387618
20141222;75.61;76.5;75.2;76.49;1395313
20141223;76.96;77.34;76.46;76.76;1506664
20141224;77.04;77.12;76.25;76.8;430993
20141226;76.44;77.35;76.37;76.75;611515
20141229;76.69;77.21;76.06;76.35;922203
20141230;76.29;76.89;75.89;76.58;914087
20141231;76.6;76.9;75.8;75.86;1022043
20150102;76.03;76.67;75.63;76.48;1566326
20150105;75.67;75.75;73.72;73.84;2104523
20150106;73.76;74.45;72.66;73.53;1497602
20150107;74.18;74.22;72.83;73.06;1670246
20150108;73.91;75.33;73.51;75.32;2302925
20150109;75.72;75.9;73.85;74.44;1161060
20150112;74.23;74.39;72.19;72.58;1697822
20150113;73.29;73.82;70.8;71.74;1914993
20150114;70.57;70.96;69.19;70.78;2088999
20150115;71.32;71.4;69.75;69.8;2437774
20150116;69.53;71.25;69.35;71.07;2255606
20150120;71.32;71.6;69.31;69.86;2474148
20150121;69.5;71.37;68.4;71.25;1943184
20150122;71.84;72.6;71.18;72.48;1722661
20150123;71.47;71.61;69.1;69.14;2870314
20150126;69.33;70.17;68.76;69.77;1606291
20150127;68.92;70.9;68.8;70.32;1328346
20150128;70.82;71.14;68.47;68.65;1472459
20150129;69.02;69.25;67.78;68.64;2675077
20150130;67.8;71.72;67.13;70.89;4057024
20150202;71.04;71.6;68.74;69.85;2599132
20150203;70.35;73.27;70.34;73.12;3249235
20150204;72.05;72.68;71.16;71.81;1758057
20150205;72.24;74.38;72.23;73.94;1592490
20150206;74.04;74.64;73.05;73.2;1468359
20150209;73.2;75.36;73.2;74.58;1845807
20150210;74.78;74.78;73.44;74.33;1137625
20150211;74.08;74.24;72.91;73.87;1214197
20150212;74.35;75.43;74.35;75.11;1040778
20150213;75.34;76.1;75.11;75.67;1254774
20150217;75.3;76.26;74.7;75.87;1329381
20150218;75.42;75.8;75;75.53;982494
20150219;74.91;75.53;74.35;74.69;1671918
20150220;74.46;75.67;74.07;75.47;926780
20150223;75.15;76.09;74.83;75.9;1177146
20150224;76.27;76.48;75.58;75.84;661909
20150225;75.92;76.54;75.92;76.24;747944
20150226;75.77;76.48;74.9;75.29;1315856
20150227;75.26;75.64;74.44;74.46;1295416
20150302;73.98;75.43;73.52;75.41;1261092
20150303;75;75.34;73.92;74.32;1393313
20150304;74.66;74.7;73.85;74.46;1299813
20150305;74.77;74.77;73.01;73.55;2105094
20150306;73.13;73.43;71.97;72.13;1562551
20150309;72.12;72.52;71.9;72.1;998462
20150310;71.17;71.47;70.75;70.96;1011829
20150311;70.75;71.76;70.27;70.37;1340081
20150312;70.36;70.93;70.1;70.62;937372
20150313;70.33;70.52;68.91;69.64;1434308
20150316;69.16;69.53;68.15;69.24;2239880
20150317;68.65;69.2;67.87;68.92;1462654
20150318;68.46;71.41;68.09;70.77;1505456
20150319;70.24;70.24;68.74;68.94;1697138
20150320;69;69.74;68.73;69.46;1778200
20150323;69.44;70.39;69.4;69.59;1373989
20150324;69.36;69.78;69.05;69.24;728210
20150325;69.4;69.82;68.66;68.85;1491381
20150326;68.81;69.65;68.53;68.83;1515101
20150327;68.91;69.31;68.07;68.71;1990893
20150330;69.4;70.91;69.36;70.4;1379896
20150331;69.62;70.12;69.01;69.26;1652419
20150401;68.97;69.32;67.8;68.2;1621532
20150402;68.13;68.72;67.74;68.07;1305808
20150406;68.85;69.88;68.25;69.48;2323471
20150407;69.54;70.09;69.48;69.91;1659654
20150408;69.93;70.64;69.4;70.2;1823064
20150409;70.45;72.06;70.01;71.9;1557614
20150410;72;72.31;71.38;72.3;1471634
20150413;72.37;72.47;71.95;72.12;1119769
20150414;72.22;73.53;72.16;73.2;1693084
20150415;73.58;75.6;73.45;75.32;2549792
20150416;75.08;75.8;74.72;75.35;2379087
20150417;76.69;77.66;74.95;75.86;2768436
20150420;76.36;76.75;75.24;75.71;1715778
20150421;75.7;75.87;73.85;74.53;1934930
20150422;74.75;76.4;74.58;76.08;1761529
20150423;75.93;76.47;75.29;75.3;1531353
20150424;75.55;76.21;75.08;75.47;1120339
20150427;75.53;76.29;75.33;75.95;1279934
20150428;75.55;75.78;74.7;75.75;1246691
20150429;75.18;76.38;75.13;76.29;1123674
20150430;76.16;76.5;75.35;76.22;1639155
20150501;76.95;79.43;76.27;78.74;2892136
20150504;79;79.4;78.44;78.66;1986945
20150505;79.4;80.93;79.34;79.54;2239579
20150506;79.88;80.31;78.68;78.97;1683101
20150507;78.74;78.84;78.09;78.31;1780427
20150508;79.52;80.24;79.15;80.08;1738349
20150511;79.89;80.53;79.34;80.1;2125409
20150512;79.66;79.77;78.45;78.7;1160611
20150513;78.75;78.85;78.01;78.28;1633376
20150514;78.65;78.8;78.12;78.21;1454329
20150515;78.06;78.33;77.4;78.25;1311713
20150518;78.27;78.48;77.31;77.93;1019889
20150519;77.61;78.08;76.65;77.05;1425037
20150520;77.22;77.68;76.83;77.29;958715
20150521;77.27;78.3;77.27;78.13;1066428
20150522;78.03;78.82;77.83;78.06;839321
20150526;77.84;77.84;76.02;76.4;1398896
20150527;76.26;76.89;76.03;76.58;935217
20150528;76.44;76.6;76.07;76.51;805082
20150529;76.74;78.47;76.46;76.77;1970540
20150601;77.43;77.53;75.91;76.67;1912468
20150602;76.52;77.36;75.82;76.95;1700416
20150603;77.24;78.68;76.99;78.27;1550988
20150604;77.77;78.23;76.96;77.79;1567712
20150605;77.49;77.81;76.87;77.28;1645241
20150608;77.65;78.39;77.54;77.86;1532327
20150609;78;78.3;77.49;77.84;1379543
20150610;78.37;78.95;78.25;78.57;1055425
20150611;78.24;78.51;77.76;77.98;761836
20150612;77.86;78.06;77.28;77.82;697390
20150615;77.08;77.69;76.29;77.66;999814
20150616;77.61;78.4;77.26;78.33;712429
20150617;78.52;79;78.09;78.95;1051816
20150618;79.09;80.59;79;80.37;1730496
20150619;80.51;81.25;80.23;80.48;2578537
20150622;82.05;83.52;81.6;83.04;2482669
20150623;82.89;83.23;82.72;83;1456258
20150624;83.1;83.9;82.11;82.33;1303606
20150625;82.44;83.44;82.43;83.14;1606010
20150626;83.14;83.9;83.08;83.75;3164569
20150629;82.66;83.14;82.22;82.6;2607151
20150630;83.09;83.68;81.27;81.82;2121069
20150701;82.79;82.79;80.77;81.05;1463948
20150702;81.21;81.5;79.63;80.19;1928648
20150706;79.23;79.85;78.23;78.46;1572129
20150707;78.17;78.54;76.05;78.35;2675434
20150708;78.12;78.12;75.79;75.86;1510996
20150709;77.23;77.78;76.33;76.36;1087036
20150710;77.25;77.86;76.86;77.19;1064284
20150713;77.55;77.96;77.1;77.86;1019948
20150714;77.5;79.32;77.37;79.26;1179683
20150715;79.12;79.66;78.69;79.27;1756773
20150716;79.43;79.86;78.4;79.63;1711315
20150717;79.86;80.39;77.78;78.18;1639618
20150720;77.79;77.94;76.78;76.89;1029577
20150721;76.75;77.44;76.43;76.58;1448169
20150722;76.5;76.76;75.51;75.7;1192133
20150723;75.73;75.73;73.02;74.52;2619677
20150724;74.52;74.79;73.07;73.55;1723555
20150727;72.91;73.05;71.66;72.11;2550923
20150728;73.88;78.45;73.74;77.02;4745710
20150729;76.93;79.05;76.93;78.08;1677614
20150730;78.18;78.75;77.43;78.59;1298837
20150731;79.2;79.2;78.06;78.4;1416013
20150803;78.24;78.49;77;77.55;1242473
20150804;77.93;78.48;77.63;77.85;1223177
20150805;78.65;78.99;77.08;77.1;899125
20150806;77.2;77.54;76.46;77.13;1145996
20150807;76.98;77.49;76.39;76.67;1048651
20150810;77.25;79.81;76.69;79.76;1099505
20150811;78.27;78.46;77.07;77.63;1504554
20150812;76.86;77.73;76.3;77.49;1404416
20150813;77.28;77.49;76.69;77.44;1206163
20150814;77.19;77.42;76.31;76.5;1047073
20150817;76.12;77.57;75.13;77.41;906962
20150818;76.8;77.3;76.34;76.9;802547
20150819;76.06;76.15;74.46;75.1;1256087
20150820;74.71;75.55;73.55;73.89;1682675
20150821;73.5;73.94;71.97;71.98;1222983
20150824;69.31;71.79;63.85;68.91;1599013
20150825;71.27;71.33;67.75;67.77;1913067
20150826;69.39;70.29;68.12;69.87;2516226
20150827;71.2;73.18;70.95;72.63;1789935
20150828;71.99;73.57;71.99;72.71;1391557
20150831;72.25;73.04;70.67;72.46;944628
20150901;70.15;71.16;69.38;70.03;1402951
20150902;71.57;71.59;69.18;70.3;1053407
20150903;71.09;71.8;70.56;71.26;1521043
20150904;69.66;70.54;69.34;69.53;1593750
20150908;71.01;71.68;70.3;71.32;1170122
20150909;72.65;73.32;70.33;70.43;1172553
20150910;69.94;70.96;69.63;70.16;881461
20150911;69.65;70.04;69.1;69.88;1133448
20150914;69.8;69.83;68.51;69.09;726995
20150915;69.33;70.25;69.07;70.17;937996
20150916;70.01;71.54;70.01;71.34;868822
20150917;71.13;72.21;70.54;70.73;868083
20150918;69.25;70.15;68.7;69.25;1528593
20150921;69.69;71.14;69.45;70.92;1137662
20150922;69.52;69.89;68.71;69.46;1161048
20150923;69.62;69.96;67.7;67.81;1037449
20150924;66.95;67.66;65.1;67.35;1867513
20150925;67.88;68.32;66.15;66.6;1638584
20150928;65.96;66.18;63.24;63.3;1944287
20150929;63.58;64.29;62.84;63.43;1477316
20150930;64.12;65.62;63.91;64.72;1558782
20151001;65.13;65.74;64.35;65.5;1263373
20151002;64.63;66.48;63.84;66.33;1665607
20151005;67.02;68.72;66.81;68.41;1083050
20151006;68.63;70.14;68.43;69.98;1559559
20151007;70.28;71.4;69.62;70.46;1730598
20151008;70.4;71.8;70.29;71.5;1020430
20151009;72.06;72.1;70;70.82;1288850
20151012;70.93;71.21;70.12;71.01;653096
20151013;70.23;71.62;69.77;70.89;997120
20151014;70.08;71.1;69.81;70.61;1434814
20151015;70.77;71.17;68.75;69.93;2304023
20151016;70.27;70.77;68.44;69.02;1735951
20151019;68.51;69.11;68;68.99;1232026
20151020;68.98;71.05;68.66;69.94;1227807
20151021;70.31;70.95;68.92;69.02;806126
20151022;70.33;71.82;69.96;71.39;1510060
20151023;71.94;73.2;71.41;72.8;1519995
20151026;72.73;72.8;71.6;71.68;789514
20151027;71.13;72.31;70.74;72.17;1682289
20151028;72.14;73.71;71.89;73.68;1098174
20151029;73.14;73.82;72.61;73.71;1471933
20151030;72.79;72.86;71.02;72.17;1869602
20151102;72.19;72.77;71.47;72.2;1202078
20151103;72.02;73.28;71.72;72.69;1369943
20151104;72.92;73.26;71.21;71.29;1347166
20151105;71.1;71.39;70;70.66;1322770
20151106;70.2;71.31;70;71.1;802975
20151109;70.96;71.11;68.97;69.26;1212928
20151110;69.11;69.57;67.81;68.62;1535650
20151111;68.64;68.95;66.84;67.41;1793356
20151112;66.74;67.85;66.01;67.42;1489253
20151113;67.59;68.94;67;68.6;1597828
20151116;68.6;69.68;68.4;69.61;1009991
20151117;69.52;70.57;69.02;69.6;1471025
20151118;69.85;71.69;69.69;71.62;1293886
20151119;71.5;72.13;70.53;70.9;987545
20151120;71.09;71.61;70.78;71.22;963836
20151123;71.14;71.84;71;71.38;766358
20151124;71.19;72.37;70.75;72.17;914402
20151125;72.03;72.3;70.72;70.93;974394
20151127;70.79;71.69;70.51;71.26;296779
20151130;71.3;72.72;71.29;72.65;1301801
20151201;72.81;72.95;70.53;72.54;1707724
20151202;72;72.88;71.39;71.78;1014382
20151203;71.91;72.5;70.96;71.14;1159188
20151204;71.18;73.72;71.17;73.31;1396061
20151207;72.06;72.75;70.35;70.9;1266323
20151208;69.72;70.54;68.77;68.91;1196856
20151209;68.4;71.4;68.4;70.89;1700261
20151210;70.29;70.44;69.26;69.41;999660
20151211;68.16;69.18;67.34;67.47;1483020
20151214;67.09;67.67;65.88;66.7;1591016
20151215;67.5;67.96;66.61;67.22;1323292
20151216;67.55;68.53;66.95;68.52;1056597
20151217;68.38;68.49;66.76;66.8;938068
20151218;66.37;67.9;66.14;66.56;1781442
20151221;66.84;67.73;66.32;66.74;961677
20151222;66.99;68.18;66.52;67.5;991217
20151223;68.16;69.29;67.45;69.25;982928
20151224;69.13;69.45;68.79;68.91;424533
20151228;68.4;68.55;67.7;68.21;500771
20151229;68.79;69.38;68.49;69.07;532640
20151230;68.42;68.71;67.64;67.8;704271
20151231;67.45;68.25;67.28;67.51;565808
20160104;66.5;66.66;65.12;66.63;1415539
20160105;67.13;68.11;66.1;67.11;1335168
20160106;65.93;66.72;65.18;65.81;1458854
20160107;64.53;65.75;63.92;64.74;1699063
20160108;64.97;65.73;63.47;63.66;1304621
20160111;63.88;64.18;61.74;62.25;1510802
20160112;63.1;63.48;61.44;63.01;1002376
20160113;63.58;63.99;62.34;62.71;1187368
20160114;62.89;64.24;62.17;63.96;1225067
20160115;62.25;62.88;60.71;61.74;1525168
20160119;62.59;62.74;60.31;61.19;1433013
20160120;60.05;61.43;58.85;60.78;1433846
20160121;60.7;62.49;60.03;61.25;1491189
20160122;62.69;63.98;62;62.56;1134764
20160125;62.13;62.62;60.63;60.76;1021002
20160126;60.91;62.73;60.63;62.67;1522151
20160127;62.22;63.23;61.43;61.99;1337449
20160128;63.34;63.78;62.42;63.06;1697376
20160129;57.86;61.43;56.03;61.21;5854631
20160201;58.82;61.38;58.5;60.46;2574902
20160202;59.2;59.46;58.14;58.74;1943696
20160203;59.36;61.54;58.07;61.3;1817680
20160204;61.43;62.51;61.03;61.36;2667575
20160205;60.82;62.1;60.01;60.39;1889288
20160208;59.82;60.27;58.11;58.77;2043357
20160209;57.74;59.09;57.09;58.43;2323465
20160210;58.62;59.78;57.93;58.65;1222523
20160211;57.09;58.84;57;58.44;1231345
20160212;58.87;60.82;58;60.66;1827487
20160216;61.38;62.4;60.6;62.36;1479154
20160217;63.07;64.4;63.01;63.85;1147199
20160218;64.1;64.16;62.53;63.46;927128
20160219;63;63.11;62.19;62.4;1115871
20160222;63.55;64.56;63.52;64.52;849270
20160223;64.04;64.49;62.71;62.92;838295
20160224;62.11;63.94;61.53;63.86;869784
20160225;63.86;64.56;63.01;64.54;1064777
20160226;64.98;65.77;64.67;65.16;1104837
20160229;65.15;65.77;64.14;64.15;1325412
20160301;65.16;66.72;64.71;66.48;1366995
20160302;66.28;67.43;65.84;67.34;1136064
20160303;67.44;68.6;67.18;68.49;1777741
20160304;68.68;70.22;68.17;69.67;1553146
20160307;69.42;70.64;69.24;70.39;1233370
20160308;69.56;69.99;68.7;68.87;1232401
20160309;69.28;70.39;68.98;70.36;1421646
20160310;70.16;70.47;68.49;69.39;1450175
20160311;69.71;71.53;69.43;71.41;1700064
20160314;70.55;70.83;69.62;70.13;1440294
20160315;68.96;69.92;68.45;69.76;952469
20160316;69.59;71.49;69.43;71.29;1137734
20160317;71.96;73.92;71.73;73.72;1702287
20160318;74.22;74.98;73.14;73.49;1955264
20160321;73.75;73.82;72.56;73.61;1019866
20160322;73.1;73.47;72.37;72.93;1186794
20160323;72.68;73.18;72.28;72.63;939713
20160324;71.65;72.85;70.89;72.84;1089581
20160328;72.96;73.29;72.22;72.87;670199
20160329;72.33;73.5;71.7;73.25;926249
20160330;73.71;74.13;73.23;73.27;758587
20160331;73.09;73.1;71.99;72.23;1685946
20160401;71.9;73.8;71.29;73.66;1556476
20160404;73.36;73.46;72.26;72.5;837480
20160405;71.98;72.36;71.53;72.14;762403
20160406;72.17;72.41;70.94;72.26;1249926
20160407;71.65;72.06;70.54;71.19;1354646
20160408;71.9;72.67;71.63;71.95;885170
20160411;72.24;72.93;71.94;72.19;666521
20160412;72.59;73.62;72.33;73.24;920425
20160413;73.89;74.41;73.48;74.36;934363
20160414;74.38;74.97;73.95;74.16;1169986
20160415;74.2;74.97;73.88;74.64;951056
20160418;73.9;74.95;73.66;74.78;1019541
20160419;75.33;76.78;75.33;76.7;2306064
20160420;76.51;77.27;75.75;76.94;1077152
20160421;77.03;77.2;75.89;76.07;854028
20160422;76.58;77.14;76.25;76.54;651680
20160425;76.09;76.45;75.29;75.95;737614
20160426;76.37;77.06;76.09;76.89;657915
20160427;77.03;77.91;76.63;77.69;1161783
20160428;76.99;78.79;76.77;78.21;2192340
20160429;74.09;76.53;74.05;76.38;2665448
20160502;75.97;77.97;75.35;77.06;2086732
20160503;76.3;76.39;75.72;76.19;1033282
20160504;75.7;77.13;75.26;75.95;1110854
20160505;76.72;76.94;75.25;75.29;794513
20160506;75.14;76.18;75.14;75.87;660321
20160509;75.38;75.6;74.51;74.77;786716
20160510;74.99;75.99;74.68;75.82;1150790
20160511;75.86;76.12;75.28;75.38;787347
20160512;76.13;76.6;74.61;74.8;1063683
20160513;74.67;75.05;72.64;72.75;1912061
20160516;73.12;74.28;73;73.88;921581
20160517;73.79;75.99;73.31;75.21;1735952
20160518;74.5;74.88;73.03;73.44;1074413
20160519;73.06;73.86;72.61;73.02;869338
20160520;73.62;74.24;73.06;73.28;725101
20160523;73.15;73.75;72.87;73.17;708618
20160524;73.36;74.07;73.16;73.29;658301
20160525;73.62;74.75;73.45;74.5;1121926
20160526;74.62;75.01;73.42;73.67;637578
20160527;73.63;74.27;73.34;73.76;615205
20160531;73.73;74.2;73.09;73.36;869425
20160601;73.01;73.97;72.55;73.92;790297
20160602;73.61;73.95;72.82;73.71;860839
20160603;73.63;73.71;72.22;72.77;986324
20160606;73.12;74.23;72.94;73.92;1124987
20160607;73.91;74.98;73.83;74.56;957302
20160608;74.83;75.13;73.53;73.62;1450269
20160609;72.6;72.71;71.51;71.78;1780853
20160610;71.19;73.07;71;72.9;1981962
20160613;72.26;74.15;71.8;72.56;1686025
20160614;72.17;72.93;70.76;71.43;1150948
20160615;71.62;72.68;71.51;71.67;1121387
20160616;70.84;71.77;70.09;71.7;1092201
20160617;71.78;72.51;71.14;71.39;2480940
20160620;72.32;73.34;71.92;71.97;1307706
20160621;72.21;72.26;71.24;72.07;1146116
20160622;72.24;72.65;71.5;71.58;525220
20160623;72.34;73.01;72.25;73.01;666380
20160624;69.7;70.8;68.33;68.41;3050928
20160627;67.37;67.53;65.19;65.81;2150556
20160628;66.69;66.93;65.51;66.51;1545826
20160629;67.47;67.7;66.47;67.31;2469369
20160630;67.6;67.91;66.62;67.9;2829071
20160701;68.03;69.28;67.92;68.16;1620991
20160705;67.72;68.01;65.45;65.63;2208869
20160706;65.32;66.12;64.19;66.08;2704633
20160707;66.41;67.51;66.22;66.99;1783612
20160708;67.92;69.95;67.77;68.52;1334688
20160711;68.78;69.76;68.66;69.1;1158082
20160712;69.89;70.59;69.89;70.36;1090688
20160713;70.71;70.93;70.33;70.74;1043525
20160714;71.55;71.89;70.94;71.7;1248408
20160715;71.96;71.99;70.99;71.35;1074271
20160718;71.19;72.15;70.95;72;840292
20160719;71.49;71.98;71.35;71.4;788389
20160720;71.47;72.23;71.07;71.9;972165
20160721;71.9;72.1;71.26;72.02;897879
20160722;71.94;72.5;71.53;71.93;1075538
20160725;71.71;72.13;71.13;72.11;1008228
20160726;71.93;71.93;69.18;69.99;1969000
20160727;70.06;70.74;69.67;70.32;2048498
20160728;69.84;70.82;69.37;70.37;1391926
20160729;66;66.52;64.34;65.23;3741776
20160801;65.2;65.86;64.71;65.18;1938629
20160802;64.89;64.93;63.65;64.12;1748517
20160803;64.15;65.12;63.82;64.92;1130063
20160804;64.95;65.25;64.66;64.78;1241952
20160805;65.13;65.6;65.01;65.37;1066061
20160808;65.55;66.19;65.29;65.56;949740
20160809;65.67;66.32;65.37;65.49;807160
20160810;65.59;65.73;64.68;64.84;815002
20160811;65.15;65.65;64.7;65.32;1211969
20160812;65.23;65.63;64.55;64.79;1005421
20160815;64.94;66.1;64.94;66.01;1259832
20160816;66.11;66.52;65.42;65.46;1110758
20160817;65.61;65.61;64.39;64.75;1362547
20160818;64.97;65.47;64.52;64.88;1508378
20160819;64.75;66.42;64.52;66.35;1132387
20160822;65.88;66.81;65.62;66.64;984129
20160823;66.97;67.6;66.78;67.06;1097565
20160824;66.84;67.69;66.84;67.36;1126048
20160825;67.39;68.18;67.32;67.74;1223257
20160826;68.01;68.64;66.94;67.25;1088180
20160829;67.17;68.24;66.83;68.06;859142
20160830;68.16;69.43;68.03;68.26;1116937
20160831;67.97;68.53;67.33;67.89;1355170
20160901;67.88;68.35;67.08;67.77;1107883
20160902;68.23;68.8;68.23;68.58;943308
20160906;68.55;68.65;67.39;68.31;1305231
20160907;67.2;67.72;66.38;66.79;2332414
20160908;66.95;66.95;65.76;65.86;1654471
20160909;65.36;65.92;64.32;64.69;1587732
20160912;64.27;65.37;64.21;65.17;1521363
20160913;64.08;64.62;63.3;64.23;1593346
20160914;64.22;64.85;63.77;63.95;2652133
20160915;64.01;64.83;63.9;64.74;2882711
20160916;64.11;64.17;63.1;63.74;2681305
20160919;64.63;64.96;64.11;64.8;1058345
20160920;65.04;65.15;64.16;64.3;789166
20160921;64.81;65.44;64.3;65.36;902607
20160922;65.96;66.06;65.34;65.77;681566
20160923;65.7;65.83;65.19;65.34;864471
20160926;65.31;65.52;64.96;65.08;762190
20160927;64.78;65.73;64.66;65.5;1807540
20160928;65.88;66.87;65.36;66.77;1330763
20160929;66.7;67.36;66.1;66.38;1137582
20160930;66.86;68.1;66.75;67.68;1685984
20161003;67.72;67.81;67.02;67.19;1182523
20161004;66.72;67.88;66.34;66.48;876757
20161005;66.95;67.53;66.89;67.16;832266
20161006;66.97;67.77;66.81;67.69;990641
20161007;67.9;67.92;66.1;66.47;1284596
20161010;67.16;67.51;65.93;66.18;1355952
20161011;65.88;65.92;64.89;65.31;1164863
20161012;65.31;65.61;64.35;64.37;1264127
20161013;63.5;63.78;62.7;63.17;3568299
20161014;63.67;64.49;63.28;63.73;2356710
20161017;63.77;64.25;63.35;63.49;1617344
20161018;64.62;65.63;64.41;65.35;1891564
20161019;65.7;66.18;65.17;66.1;1568074
20161020;65.8;67.15;65.31;66.89;1341500
20161021;66.35;67.3;66.28;66.87;1390086
20161024;67.22;67.33;66.61;66.94;727060
20161025;67.01;67.09;66.32;66.4;1094693
20161026;66.26;67.16;66.1;67.07;1305608
20161027;67.48;68.31;66.9;67.27;1787570
20161028;70.04;72.64;69.34;71.99;4626414
20161031;72.32;72.42;71.62;71.91;2370164
20161101;72.38;73.21;71.55;72.07;1921372
20161102;71.98;72.41;70.63;70.67;1839713
20161103;71.05;71.97;70.69;71.39;1057581
20161104;71.46;71.95;70.85;71.26;1111095
20161107;72.44;73.15;71.96;72.36;1477205
20161108;72.36;73.14;71.62;72.64;999443
20161109;71.5;74.29;71.46;73.86;1771368
20161110;74.38;75.83;73.94;75.74;1985150
20161111;75.4;75.8;74.11;75.21;1555868
20161114;75.28;75.51;73.86;74.25;1631988
20161115;74.19;74.96;73.78;74.85;1110660
20161116;74.4;74.74;74.02;74.17;977928
20161117;74.44;74.74;73.76;74.47;1130508
20161118;74.28;74.53;73.98;74.18;629888
20161121;74.85;75.92;74.74;75.69;1615859
20161122;75.73;76.1;75.05;76.01;1473386
20161123;75.67;76.88;75.54;76.57;855356
20161125;76.22;76.6;74.95;75.14;959004
20161128;75.12;75.16;73.77;74.11;2131976
20161129;73.73;74.4;73.52;73.69;1731065
20161130;74.8;75.84;74.32;75.12;1980936
20161201;75.62;76.03;74.18;74.41;1111280
20161202;74.36;75.31;74.33;74.63;1127096
20161205;75.22;75.87;74.8;75.13;1985530
20161206;74.83;76.04;74.31;75.41;2170832
20161207;75.55;76.93;74.99;76.9;1889165
20161208;77.15;77.98;76.69;77.77;1868589
20161209;77.49;77.67;76.83;77.2;1449148
20161212;77.37;77.85;76.64;76.91;1300708
20161213;76.5;77.28;76.46;77.07;1489630
20161214;76.8;77.36;75.54;75.64;1869447
20161215;75.35;76.93;75.04;76.87;1762784
20161216;77.2;77.2;75.78;76.03;2338521
20161219;75.86;76.26;75.75;76.21;888834
20161220;76.51;76.63;75.97;76.27;664936
20161221;76.41;76.88;75.9;76.39;738955
20161222;76.14;76.64;75.47;75.93;602621
20161223;75.91;76.64;75.61;76.56;597695
20161227;76.51;76.85;76.21;76.48;490857
20161228;76.88;77.34;75.55;75.58;615201
20161229;75.76;76.15;75.35;75.52;515966
20161230;75.76;75.86;74.92;75.21;569895
20170103;75.84;76.63;74.9;75.92;1270571
20170104;76.27;77.35;76.18;77.18;980570
20170105;77.27;78.02;76.83;77.48;2053765
20170106;77.62;77.9;76.97;77.5;1112245
20170109;77.32;78.33;76.53;76.61;1233271
20170110;76.82;77.63;76.55;77.33;1021686
20170111;77.59;79.15;77.44;79.07;1656680
20170112;78.71;79.23;76.99;78.32;1367478
20170113;78.32;78.66;77.6;77.89;857871
20170117;77.8;77.9;76.86;76.94;1475855
20170118;77.21;77.54;76.82;77.19;1265844
20170119;77.33;77.5;75.83;76.02;1933445
20170120;76.5;77.61;76.02;76.74;2366996
20170123;76.9;77.39;76.24;76.77;1018590
20170124;77.27;78.55;77.01;78.22;1293911
20170125;78.57;79.46;78.08;79.39;1630437
20170126;79.39;80.48;78.87;80.29;2245738
20170127;76.59;78.46;74.78;77.7;3752275
20170130;76.99;77.75;76.62;77.62;1359078
20170131;77.6;78.58;76.81;77.5;1626785
20170201;77.8;78.58;77.56;78.3;1377713
20170202;77.88;78.36;77.16;77.62;1150992
20170203;77.75;78.69;77.58;77.9;1012853
20170206;77.83;78.63;77.57;78.45;962288
20170207;77.97;78.72;77.43;77.69;1104090
20170208;77.63;77.87;77.14;77.85;711283
20170209;77.85;78.77;77.85;78.48;665071
20170210;78.92;79.5;78.88;79.36;790199
20170213;79.64;80.41;79.52;80.06;916673
20170214;79.6;80.64;79.57;80.58;812465
20170215;80.37;80.92;80.07;80.88;1358692
20170216;80.86;81.08;80.39;80.6;917811
20170217;80.63;80.63;79.68;80.25;878758
20170221;80.23;81.05;80.16;80.93;1046687
20170222;80.47;81.45;80.35;80.46;996046
20170223;80.93;81.21;79.91;80.14;728828
20170224;79.44;80.24;79.35;80.16;643696
20170227;80.25;80.71;79.78;79.97;803436
20170228;79.57;80.42;79.4;80.25;983622
20170301;81.2;82.1;81.17;81.47;1434426
20170302;81.36;81.72;79.68;79.71;1410313
20170303;79.8;80.45;79.71;80.35;1139485
20170306;79.59;80.06;79.22;79.53;837206
20170307;79.48;79.63;78.91;78.92;980488
20170308;78.93;79.28;78.3;78.32;914701
20170309;78;78.33;77.26;77.54;1175605
20170310;77.9;78.31;77.45;77.63;1386146
20170313;77.5;78.02;76.69;77.63;2277659
20170314;77.31;77.52;76.66;77.3;851338
20170315;78.27;78.92;77.54;78.64;997397
20170316;78.92;79.34;78.14;78.89;970770
20170317;79.3;79.78;78.94;79.17;1355727
20170320;79.17;79.43;78.57;78.83;994456
20170321;78.91;79.18;77.2;77.5;1176369
20170322;77.41;78.02;76.84;77.82;1261472
20170323;77.81;78.48;77.25;78.03;854028
20170324;78.04;78.49;76.8;77.18;816842
20170327;76.54;78.16;76.02;77.93;954456
20170328;77.93;80.22;77.93;79.83;2743269
20170329;79.9;80.87;79.73;80.46;1436900
20170330;80.46;81.81;80.28;81.08;1927686
20170331;80.83;81.3;80.44;80.8;1583267
20170403;80.84;81.19;79.41;79.96;969341
20170404;79.95;80.72;79.65;80.25;835708
20170405;80.86;81.09;79.52;79.72;1076613
20170406;79.82;80.49;79.67;80.21;827630
20170407;79.86;80.5;79.58;80.34;672956
20170410;80.47;80.73;80.12;80.33;493094
20170411;80.29;80.67;79.46;80.17;682537
20170412;80.16;80.19;78.23;78.69;1128242
20170413;78.5;79.02;77.78;77.93;585064
20170417;78.1;78.55;77.89;78.29;607749
20170418;77.93;78.87;77.61;78.74;985709
20170419;79.1;79.5;78.45;78.58;1024821
20170420;79.16;79.97;78.84;79.64;828610
20170421;79.84;79.91;79.08;79.31;643947
20170424;80.27;81.74;80.26;81.23;1388745
20170425;81.88;82.39;81.51;81.63;1080785
20170426;81.47;81.74;81.05;81.44;929939
20170427;81.17;81.91;80.75;81.66;1450405
20170428;82.08;82.2;79.64;79.75;1826558
20170501;80.13;80.7;79.8;80.37;1138199
20170502;80.03;80.86;79.47;79.93;1179931
20170503;79.81;80.07;77.99;78.58;1111208
20170504;78.59;78.67;77.73;78.11;965741
20170505;78.37;79.64;78.23;79.61;914480
20170508;79.72;79.89;79.14;79.28;1919528
20170509;79.28;79.71;78.24;78.39;1138906
20170510;78.48;79.19;78.45;78.76;1108265
20170511;78.67;78.84;77.36;77.85;1286755
20170512;77.77;78.27;77.44;77.51;899596
20170515;78.02;79.1;77.95;78.62;866116
20170516;78.72;79.86;78.72;79.56;1286692
20170517;78.69;78.82;77.12;77.26;1289511
20170518;76.89;77.8;76.11;77.25;862261
20170519;77.7;78.95;77.48;78.57;1025685
20170522;79.32;79.74;78.39;79;1521279
20170523;79.27;80;78.99;79.59;1093654
20170524;79.57;80.3;79.13;79.51;862571
20170525;79.65;80.15;79.18;79.67;1108504
20170526;79.84;80.41;79.41;79.91;832262
20170530;79.74;80.11;79.23;79.96;1536183
20170531;79.88;80.18;78.59;80.11;1594633
20170601;80.56;82.15;80.36;81.15;1724164
20170602;80.7;81.35;80.49;81.11;1379811
20170605;80.83;81.27;80.08;80.54;1392415
20170606;80.23;80.76;79.93;80.28;968465
20170607;80.49;81.12;80.04;80.76;1095694
20170608;80.66;81.76;80.36;81.35;956588
20170609;81.77;82.94;81.33;82.56;1075533
20170612;82.63;83.92;82.48;83.08;1792395
20170613;82.76;84.07;82.62;83.84;1653711
20170614;83.7;83.82;82.2;82.88;1384324
20170615;81.82;82.69;81.39;82.31;1212153
20170616;82.55;83.06;81.96;83.05;1709655
20170619;84.79;86.28;84.75;86;2223582
20170620;85.2;85.94;84.77;85.13;1741915
20170621;85.36;85.36;83.11;83.23;1144043
20170622;83.24;83.55;82.72;82.85;966479
20170623;83.08;83.44;82.33;82.97;1772725
20170626;83.44;83.83;82.54;83.73;920547
20170627;83.79;84.16;83.5;83.52;597837
20170628;84.21;84.91;84.14;84.26;726111
20170629;84.83;84.99;83.09;83.4;783544
20170630;83.89;84.45;83.48;83.99;708727
20170703;84.61;85.11;84.38;84.5;376477
20170705;84.54;84.78;82.57;83.56;1290391
20170706;83.36;84.44;83.04;83.6;1239160
20170707;83.99;84.1;83.38;83.9;897344
20170710;83.63;84.88;83.29;84.64;634508
20170711;84.66;85.29;84.35;85;790982
20170712;85.48;86.06;84.98;85.8;1279333
20170713;85.85;86.07;85.08;85.15;740097
20170714;85.53;85.71;85.07;85.4;653296
20170717;85.31;85.6;85.05;85.24;505943
20170718;85.04;85.22;84.48;85.08;593011
20170719;85.24;86.31;85.11;86.15;828144
20170720;86.09;86.09;85;85.68;536840
20170721;85.19;85.77;85.12;85.65;610134
20170724;85.64;85.99;85.22;85.8;526949
20170725;86.5;86.6;85.53;86.12;765099
20170726;86.16;86.22;84.94;85.05;915430
20170727;85.11;85.28;84.22;85.02;1347282
20170728;84;84.42;81.91;83.03;1684179
20170731;83.6;84.16;83.13;83.16;1075424
20170801;83.33;83.86;82.9;83.66;952972
20170802;83.46;84.3;83.11;83.88;961971
20170803;84.01;84.42;83.75;83.92;947188
20170804;84.47;84.96;83.87;84.07;1366200
20170807;84.15;85.12;84.11;84.45;867134
20170808;84.15;84.89;83.75;84.12;657853
20170809;84.07;84.64;83.79;84.26;803735
20170810;83.77;84.1;83.1;83.25;1003926
20170811;83.06;83.65;82.33;83.21;1083827
20170814;83.72;84.64;83.69;84.26;547045
20170815;84.29;84.96;83.05;84.84;766918
20170816;85;85.61;85;85.27;974210
20170817;84.75;84.87;82.68;82.77;1426701
20170818;82.73;83.25;82.4;82.9;1015352
20170821;82.93;83.44;82.58;83.13;1616712
20170822;83.5;84.59;83.5;84.14;799233
20170823;83.78;84.92;83.78;84.38;684080
20170824;84.36;85.13;84.17;84.82;809258
20170825;85.15;85.45;84.8;84.87;445748
20170828;85.22;85.52;84.61;85.43;738589
20170829;84.85;85.14;84.15;84.57;661439
20170830;84.85;85.86;84.51;85.75;1962393
20170831;86.04;86.79;85.88;86.2;1003989
20170901;86.58;87.52;86.54;87.31;1251364
20170905;87.29;87.54;85.1;85.27;1519654
20170906;85.14;85.82;84.63;85.07;1699434
20170907;85.06;85.17;84.58;84.83;744218
20170908;84.58;85.26;84.48;84.83;1010034
20170911;85.62;85.92;85.32;85.59;983633
20170912;85.87;86.42;85.76;86.2;1401397
20170913;86.07;86.26;85.13;85.6;886226
20170914;85.1;85.34;84.88;85.05;1066685
20170915;85;85.13;84.42;84.96;2069471
20170918;85.08;85.7;85;85.41;798474
20170919;85.51;86.86;85.1;86.67;1499609
20170920;86.84;87.26;85.54;86.05;2109662
20170921;85.87;85.99;85.54;85.8;671344
20170922;85.8;86.57;85.64;86.48;617740
20170925;86.47;87.87;86.24;87.66;1292936
20170926;87.78;87.98;86.76;86.84;1937521
20170927;87.36;87.89;86.56;87.35;805528
20170928;88.49;89.96;87.93;89.96;1593129
20170929;89.99;90.97;89.54;90.49;2036773
20171002;90.38;91.07;89.5;90.98;1344671
20171003;91.2;91.39;90.24;91.27;1036799
20171004;91.26;91.38;88.77;89.7;2186912
20171005;90.09;91.35;89.7;90.83;1361617
20171006;90.17;91.04;90.02;91;971675
20171009;91.1;91.38;89.58;89.65;956221
20171010;88.99;89.3;88.05;88.78;1359115
20171011;88.57;88.61;87.56;88.15;1090102
20171012;87.77;88.55;87.74;88.36;829089
20171013;88.9;89.18;88.55;88.65;787557
20171016;89;89.09;87.45;87.87;1298031
20171017;87.6;87.97;86.58;87.3;2031049
20171018;87.35;88.4;87.04;88.06;1261395
20171019;87.81;89.2;87.3;88.79;1555919
20171020;89.67;89.67;88.79;88.82;1195035
20171023;88.91;89.26;88.43;88.67;726476
20171024;89.01;91.02;89.01;90.47;1127784
20171025;90.19;91.03;89.7;90.63;1518464
20171026;91.07;91.67;90.78;91.04;1868239
20171027;93.63;94.96;90.54;93;2843016
20171030;92.51;93.35;91.77;91.82;1593908
20171031;92.12;92.12;90.76;90.81;1298056
20171101;91.46;91.55;90.29;90.98;957029
20171102;91.09;91.34;89.75;91.13;1119323
20171103;91.34;91.68;90.86;91.32;556284
20171106;91.14;91.14;90.14;90.36;883688
20171107;90.42;91.12;90.16;90.61;722309
20171108;90.36;91.11;89.9;90.59;859149
20171109;89.82;90.29;89.01;89.98;848349
20171110;89.97;90.78;89.93;90.75;798191
20171113;90.25;91.63;90.25;91.43;870818
20171114;90.7;90.86;89.59;90.24;1002514
20171115;90.1;90.1;88.85;89.55;2355741
20171116;89.88;90.33;89.61;90.15;814724
20171117;89.7;90.24;89.3;89.74;1591298
20171120;89.58;90.19;89.36;90.05;698497
20171121;90.32;91.07;89.82;91.01;857934
20171122;91.29;91.38;90.9;90.9;704476
20171124;91.24;91.39;90.71;91.14;242272
20171127;91.14;91.19;90.71;90.89;621632
20171128;91.03;91.69;90.73;91.69;847924
20171129;91.7;91.74;90.54;91.41;840504
20171130;91.74;93;91.54;92.37;1304490
20171201;92.64;92.88;90.92;91.98;1275280
20171204;92.52;92.69;91.39;91.4;1172276
20171205;91.21;91.47;89.64;91.2;1179350
20171206;91.02;91.62;90.46;90.61;1421443
20171207;90.75;91.6;90.23;91.5;968680
20171208;92.1;92.65;91.62;92.18;1016183
20171211;92.34;93.42;92.23;92.8;905128
20171212;93.02;93.72;92.81;93.02;869395
20171213;93.01;93.47;92.8;93.08;942098
20171214;93.02;93.1;90.91;91.01;1342733
20171215;90.78;91.01;90.1;90.23;2292827
20171218;91.12;91.99;90.73;91.74;2014596
20171219;91.85;92.86;91.74;92.33;1176121
20171220;93.1;94.27;92.88;93.03;1228911
20171221;93.4;93.43;92.31;92.91;585835
20171222;93.08;93.3;92.58;92.65;496940
20171226;92.73;93.08;92.6;92.98;725985
20171227;92.85;93.56;92.46;92.53;628700
20171228;92.73;93.42;92.47;93.42;564048
20171229;93.71;93.76;92.55;92.64;632351
20180102;93.43;94.28;92.9;94.27;1199055
20180103;94.5;95.62;94.43;95.35;1332741
20180104;95.78;97.04;95.62;96.51;1206303
20180105;96.9;97.56;96.43;97.11;825326
20180108;97.16;97.81;96.75;97.48;971898
20180109;97.62;98.24;97.22;97.27;848624
20180110;97.12;97.45;96.07;97.25;755905
20180111;97.8;97.94;97.19;97.5;1182564
20180112;97.96;97.96;96.98;97.43;887430
20180116;97.63;98.1;96.13;96.81;1118738
20180117;97.54;97.72;96.57;96.86;820882
20180118;96.73;97.14;96.35;96.83;745225
20180119;97.32;98.13;97.15;98.13;1153481
20180122;98.02;98.49;97.46;97.77;1095955
20180123;97.55;98.05;96.94;97.96;662466
20180124;98.38;99.31;97.95;98.64;944815
20180125;99.45;100.48;98.97;100.28;1260581
20180126;100.32;102.51;99.87;102.31;1681739
20180129;102.06;102.3;101.13;101.23;1157031
20180130;100.43;100.61;99.35;100.02;1012035
20180131;100.24;100.49;98.41;99.18;1417780
20180201;98.63;99.44;97.95;98.42;1124169
20180202;102.27;103.21;96.46;99.27;3279652
20180205;99.06;104.08;97.06;97.11;3490963
20180206;95.39;99.62;94.31;99.02;2947859
20180207;98.6;100.39;98.36;98.98;1598353
20180208;98.27;99.07;93.55;93.57;1894115
20180209;94.15;95.64;90.89;94.8;2705446
20180212;96.02;98.04;95.54;97.52;1763639
20180213;96.9;98.07;96.2;97.9;1102000
20180214;97.34;100.13;97.2;99.7;1585731
20180215;100.26;101.01;99.26;100.11;1270882
20180216;99.85;101;98.51;100.13;1189085
20180220;99.9;100.95;99.16;100.29;1014985
20180221;100.37;102.66;100.16;101.09;1015966
20180222;101.5;102.87;101.09;101.51;891617
20180223;102.22;103.58;101.62;103.44;917777
20180226;103.66;104.28;102.36;104.21;1228388
20180227;104.19;104.46;102.11;102.31;1631003
20180228;102.44;103.04;101.05;101.08;1105558
20180301;101.11;101.34;99.27;100.41;1044887
20180302;99.59;101.07;98.54;100.75;905244
20180305;100.25;103.41;100.25;103.12;1328639
20180306;103.82;106.32;103.25;105.82;1894139
20180307;104.78;106.43;104.45;106.16;1270942
20180308;106.56;106.68;104.78;105.9;923294
20180309;106.94;109.47;106.64;109.29;1731617
20180312;109.37;111.16;108.82;110.84;2088172
20180313;111.3;112.45;109.14;109.35;1281184
20180314;109.33;109.52;106.98;107.49;1106908
20180315;107.7;108.47;106.95;106.97;1239131
20180316;107.06;108.31;106.55;107.79;2174998
20180319;107.52;107.65;105.52;106.53;1393741
20180320;106.72;106.85;104.57;106.08;1641265
20180321;105.94;108.68;105.94;107.47;1348550
20180322;106.15;106.99;103.83;103.97;1020045
20180323;104.43;105.73;102.54;102.8;1493746
20180326;103.86;105.47;103.71;105.29;1296276
20180327;105.6;106.7;104.53;105;1188368
20180328;105.52;106.12;103.59;104.18;1149233
20180329;104.69;106.23;104.2;105.58;1194216
20180402;105.38;105.74;101.67;102.69;1417763
20180403;102.87;103.48;101.41;102.96;1253476
20180404;100.08;103.85;99.22;103.65;1515005
20180405;104.56;105.82;103.72;105.32;807431
20180406;103.89;104.75;101.88;102.85;959505
20180409;103.29;104.19;102.64;102.69;1007386
20180410;104.65;106.67;104.45;106.26;1096681
20180411;105.3;106.59;104.72;105.14;901955
20180412;105.92;106.79;105.73;106.21;709724
20180413;106.85;107.36;105.03;105.44;950283
20180416;106.3;107.42;105.66;107.3;979144
20180417;108.33;109.16;107.29;108.15;1043148
20180418;108.67;109.34;107.96;108.37;833792
20180419;108.23;108.71;106.73;107.47;1035907
20180420;107.69;108.61;106.39;107.34;888499
20180423;107.09;108.14;106.7;107.21;762333
20180424;107.51;108.09;103.32;105.3;1243579
20180425;105.39;105.97;103.97;105.15;1003739
20180426;105.52;106.37;104.37;105.9;1181798
20180427;107.4;108;102.5;104.6;1416020
20180430;104.88;105.23;102.06;102.08;1612735
20180501;101.64;102.72;100.19;102.14;1867418
20180502;102.07;103.7;102.07;102.64;1207563
20180503;102.44;103.28;101.57;102.87;992928
20180504;102.24;105.1;101.8;104.8;1021102
20180507;105.11;105.82;104.63;105.07;626913
20180508;104.98;106;104.72;105.53;1157612
20180509;105.75;107.74;105.62;107.45;1584884
20180510;107.43;108.99;107.29;107.7;837920
20180511;107.94;108.28;106.58;106.73;726973
20180514;107;107.79;106.09;106.71;638098
20180515;106.28;107.6;105.76;107.5;824670
20180516;107.77;109.41;107.63;108.58;1011571
20180517;108.27;109.22;107.71;108.48;815953
20180518;108.49;109.69;108.06;108.95;622405
20180521;109.34;109.7;108.13;108.69;550004
20180522;109.2;109.61;108.3;108.44;838397
20180523;107.53;108.05;106.53;107.85;603983
20180524;107.77;108.1;106.56;107.27;727934
20180525;106.49;106.75;105.73;106.26;708670
