20100104;51.63;51.87;50.73;50.91;12457137
20100105;51.03;51.03;49.89;50.07;11617968
20100106;49.98;50.58;49.92;50.25;10460647
20100107;50.31;50.58;50.1;50.49;7129749
20100108;50.22;50.52;50.04;50.52;4962273
20100111;50.55;51.15;50.49;51.03;6586824
20100112;50.94;51.34;50.67;51.09;7952769
20100113;51.27;51.57;50.73;51.21;9105664
20100114;51.33;51.42;50.85;51.21;5759564
20100115;50.64;51.18;50.04;50.7;13050252
20100119;50.97;51.3;50.52;51.27;5575019
20100120;51.03;51.03;50.22;50.79;7885931
20100121;50.82;50.97;49.92;50.04;11874592
20100122;50.04;50.37;49.56;49.65;11781503
20100125;50.1;50.16;49.44;49.98;6772858
20100126;50.01;50.58;49.67;50.43;8481417
20100127;50.34;50.4;49.73;50.22;8807449
20100128;50.31;50.34;49.65;49.86;7063819
20100129;50.22;50.25;49.56;49.59;9132578
20100201;49.68;49.95;49.23;49.95;5619319
20100202;49.77;50.34;49.29;50.28;8325929
20100203;50.31;50.31;49.74;49.92;4717371
20100204;49.83;50.01;49.11;49.11;7559702
20100205;49.2;49.35;48.39;48.96;8993718
20100208;49.05;49.65;48.75;48.96;9584115
20100209;49.26;50.58;49.05;49.68;15168599
20100210;49.08;49.41;48.45;48.66;10641870
20100211;48.48;48.87;48.06;48.63;9316383
20100212;48.48;48.81;48.12;48.45;9332739
20100216;48.81;49.29;48.63;48.75;10916881
20100217;48.99;49.05;48.3;48.54;7101987
20100218;48.45;48.99;48.36;48.99;6890253
20100219;48.9;49.89;48.63;49.83;8882646
20100222;49.95;49.95;49.2;49.29;8015640
20100223;49.29;49.47;48.99;49.05;6162836
20100224;49.05;49.47;48.72;49.35;7937553
20100225;49.02;49.17;48.6;49.14;7704156
20100226;49.05;49.41;48.9;49.05;7509994
20100301;49.23;49.56;49.02;49.47;5377816
20100302;49.83;49.83;49.2;49.32;6145009
20100303;49.32;49.68;49.08;49.2;6683903
20100304;49.14;49.38;48.69;48.99;6823444
20100305;49.02;49.38;48.9;49.38;6418351
20100308;49.47;49.62;49.26;49.59;3109661
20100309;49.47;49.56;49.29;49.41;3688820
20100310;49.38;49.59;49.2;49.41;5084047
20100311;49.41;49.5;49.17;49.44;5769731
20100312;49.5;49.56;48.96;48.99;4987621
20100315;49.05;49.41;48.9;49.38;5200082
20100316;49.59;49.92;49.29;49.83;6074432
20100317;50.13;50.13;49.74;49.86;6815974
20100318;49.65;50.13;49.65;49.74;7894150
20100319;49.68;50.27;49.38;49.74;11667646
20100322;49.59;49.65;49.08;49.32;7028800
20100323;49.29;49.41;49.08;49.38;5558891
20100324;49.35;49.38;48.9;48.96;6250133
20100325;49.02;49.23;48.81;48.9;5350023
20100326;49.08;49.29;48.84;49.26;4650677
20100329;49.35;49.77;49.26;49.77;5298521
20100330;49.74;49.98;49.11;49.2;8888293
20100331;49.17;49.29;48.93;48.96;5993534
20100401;49.14;49.38;49.05;49.23;5773857
20100405;49.29;49.47;49.05;49.26;6974777
20100406;49.05;49.65;48.9;49.65;5090722
20100407;49.59;49.65;49.05;49.11;6944443
20100408;49.08;49.2;48.63;48.72;10441709
20100409;48.81;48.99;48.39;48.99;9276473
20100412;48.96;49.11;48.78;48.78;7653011
20100413;48.81;48.87;48.57;48.66;8730838
20100414;48.69;48.72;48.51;48.63;7202537
20100415;48.66;48.66;48.21;48.39;8559384
20100416;48.39;48.54;48;48.03;12730052
20100419;47.82;48.39;47.82;48.21;11094991
20100420;48.36;49.11;48.33;49.05;10212302
20100421;48.96;49.11;48.75;48.9;8241728
20100422;48.72;48.93;48.3;48.63;9715959
20100423;48.66;48.75;48.08;48.75;10177208
20100426;48.72;48.9;48.45;48.72;9278835
20100427;48.63;48.84;48.03;48.03;9734315
20100428;48.57;50.7;48.45;49.92;37091905
20100429;49.77;50.16;49.5;49.59;12115947
20100430;49.68;50.46;49.59;50.34;9744585
20100503;50.55;50.91;50.25;50.79;9518872
20100504;50.64;51;49.92;50.13;12430079
20100505;50.07;50.97;50.07;50.28;10300692
20100506;50.46;50.79;47.7;49.44;17314436
20100507;49.71;49.95;48.33;49.65;21086074
20100510;50.55;50.85;50.04;50.7;11952453
20100511;50.52;51.36;50.22;50.76;11845266
20100512;50.73;51.15;50.43;50.94;10776403
20100513;50.94;51.18;50.43;50.58;8412084
20100514;50.58;50.76;50.16;50.34;9664319
20100517;50.4;50.85;49.83;50.79;9087813
20100518;50.97;51.42;50.76;50.82;16809845
20100519;49.98;50.13;49.23;49.47;11185082
20100520;48.93;49.26;47.91;47.91;15064937
20100521;47.25;48.03;47.25;48;13428902
20100524;47.91;48.72;47.73;47.91;10481168
20100525;47.34;47.55;46.41;47.46;10605832
20100526;47.82;47.85;46.98;47.13;9567306
20100527;47.73;47.97;47.33;47.94;7447119
20100528;48.09;48.39;47.73;47.88;8939517
20100601;47.55;47.91;47.04;47.1;6818481
20100602;47.37;47.88;47.13;47.88;8139127
20100603;48.09;48.33;47.79;48.15;4313841
20100604;47.61;47.64;46.74;46.83;9982072
20100607;46.98;47.52;46.74;47.01;8021594
20100608;46.98;48.3;46.71;48.3;14529778
20100609;48.39;48.42;47.61;47.79;8285889
20100610;48.36;48.72;48.15;48.72;8364708
20100611;48.51;48.72;47.94;48.51;6152917
20100614;48.78;48.93;48.48;48.63;7782829
20100615;48.81;49.23;48.66;49.23;6797475
20100616;49.41;49.68;49.02;49.56;6737543
20100617;49.65;50.16;49.35;50.13;5977429
20100618;50.07;50.22;49.56;49.92;7378606
20100621;50.16;50.25;49.53;49.77;6342082
20100622;49.71;49.8;48.84;48.96;6743994
20100623;49.02;49.2;48.45;48.66;5602839
20100624;48.39;49.17;48.33;48.45;12847788
20100625;48.54;48.78;48.15;48.51;6343679
20100628;48.72;49.23;48.36;49.02;4660738
20100629;48.69;48.84;48.15;48.45;9044220
20100630;48.42;48.87;47.85;48;8171768
20100701;48.21;48.21;47.61;47.91;11187559
20100702;47.91;48.48;47.88;48.18;6866915
20100706;48.39;48.9;48.27;48.66;17242951
20100707;48.72;50.28;48.63;50.25;8119272
20100708;50.28;50.55;49.74;50.16;7492767
20100709;50.1;50.43;49.92;50.37;3608874
20100712;50.19;50.7;50.1;50.67;4514353
20100713;50.79;50.94;50.31;50.52;7022027
20100714;50.4;50.91;50.25;50.88;6865463
20100715;50.88;51.33;50.58;51.24;5869034
20100716;51.24;51.33;50.46;50.61;6625754
20100719;50.91;51.68;50.7;51.51;5833631
20100720;51.12;51.57;50.79;51.42;6444912
20100721;51.48;51.54;50.37;50.7;8358487
20100722;51.09;51.54;50.91;51.3;9745452
20100723;51.57;51.57;50.55;50.82;19768818
20100726;50.67;51.3;50.67;51.3;10032046
20100727;51.42;52.08;51.15;52.08;10492701
20100728;52.02;52.11;51.6;51.93;6691127
20100729;52.14;52.29;51.48;51.51;7744776
20100730;51.3;51.68;51;51.3;7789092
20100802;51.72;52.44;51.72;52.11;8554738
20100803;52.5;52.5;51.99;52.11;8205274
20100804;52.41;52.41;51.75;52.11;6402797
20100805;51.96;52.26;51.75;52.23;5895384
20100806;52.14;52.35;51.75;52.26;6569748
20100809;52.62;52.83;52.32;52.68;5923180
20100810;52.47;53.4;52.26;53.07;10251544
20100811;51.93;51.99;51.33;51.33;8492382
20100812;50.97;51.6;50.88;51.3;7754017
20100813;51.24;51.6;51;51.03;10672140
20100816;50.91;51.12;50.28;51.09;6644022
20100817;51.33;52.11;51.24;51.72;7868251
20100818;51.63;51.99;51.33;51.78;25602251
20100819;51.63;51.63;50.58;51.12;7409345
20100820;50.88;51.33;50.73;51.18;6681277
20100823;51.45;51.72;51.18;51.18;14070630
20100824;50.94;51.87;50.76;51.63;12937007
20100825;51.48;51.72;50.85;51.48;9264515
20100826;51.69;51.69;51.09;51.24;6266156
20100827;51.45;52.08;51.09;52.08;5980654
20100830;52.05;52.14;51.45;51.45;5174133
20100831;51.3;51.87;51.03;51.54;11185408
20100901;51.99;52.5;51.84;52.32;11840280
20100902;52.38;52.38;51.66;51.84;7375427
20100903;51.96;52.23;51.59;52.05;7764923
20100907;52.05;52.47;51.9;52.02;6492383
20100908;52.02;52.47;51.99;52.17;5707178
20100909;52.41;52.74;52.2;52.62;6581349
20100910;52.56;52.68;52.26;52.59;6023792
20100913;52.74;53.16;52.68;52.98;6310405
20100914;52.98;53.25;52.68;52.98;5852514
20100915;52.95;53.13;52.62;52.74;6511368
20100916;53.16;53.16;52.53;52.71;5262221
20100917;52.71;53.01;52.41;52.53;9045636
20100920;52.68;53.4;52.56;53.34;6028708
20100921;53.37;53.79;53.07;53.37;6814322
20100922;53.43;54.24;53.43;53.94;8236514
20100923;53.76;54.16;53.13;53.28;6191884
20100924;53.61;54.12;53.58;53.97;4628129
20100927;53.82;53.96;53.4;53.7;6070998
20100928;53.91;54;53.46;53.82;7102245
20100929;53.61;53.85;53.34;53.58;4857767
20100930;53.82;53.91;53.07;53.13;7161473
20101001;53.55;53.76;53.19;53.49;7059594
20101004;53.4;53.67;53.04;53.25;6403102
20101005;53.67;53.7;53.13;53.22;12669868
20101006;53.16;53.57;53.01;53.1;8831573
20101007;53.28;53.37;52.74;52.89;9361218
20101008;52.86;53.07;52.69;52.92;8363402
20101011;52.95;53.13;52.71;52.86;3426502
20101012;52.68;52.92;52.59;52.74;6219442
20101013;52.86;52.95;52.62;52.68;6418156
20101014;52.71;52.8;52.53;52.74;6290957
20101015;52.95;53.13;52.52;52.77;7625225
20101018;52.89;53.07;52.73;52.95;14606806
20101019;52.71;53.19;52.71;53.01;10228578
20101020;53.19;53.73;53.1;53.37;11326320
20101021;53.52;53.88;53.25;53.46;7731125
20101022;53.46;53.52;52.89;53.34;5898569
20101025;53.4;53.64;53.25;53.31;5673392
20101026;53.25;53.61;52.95;53.58;6186843
20101027;53.28;53.61;52.89;53.61;6638634
20101028;54;54.27;53.61;54.21;9623556
20101029;54.15;54.96;54.03;54.63;9826176
20101101;54.87;55.02;53.79;54.15;8244874
20101102;54.42;54.93;54.42;54.81;6402942
20101103;54.99;55.11;54.45;54.87;6068207
20101104;55.23;55.59;55.05;55.59;7919064
20101105;55.5;55.8;55.14;55.47;6411939
20101108;55.44;55.47;54.96;55.29;6535921
20101109;54.63;54.78;53.91;54.15;6962712
20101110;54.12;54.3;53.49;53.64;7964877
20101111;53.55;53.85;53.4;53.61;4736449
20101112;53.46;53.46;52.86;53.37;5237840
20101115;53.55;53.85;53.22;53.22;5023711
20101116;53.16;53.23;52.5;52.83;7533171
20101117;53.04;53.13;52.65;52.77;6057330
20101118;52.98;53.16;52.65;53.07;6742168
20101119;52.98;53.25;52.56;52.83;5848007
20101122;52.56;53.07;52.5;52.98;6474097
20101123;52.77;52.86;52.35;52.71;6246918
20101124;53.01;53.01;52.68;52.98;3166635
20101126;52.65;52.92;52.53;52.56;2530378
20101129;52.47;52.68;52.05;52.53;4766454
20101130;52.14;52.77;52.05;52.65;6983035
20101201;53.1;53.55;52.77;53.34;7624392
20101202;53.13;53.34;52.95;53.28;5441541
20101203;53.19;53.37;52.8;53.37;13053079
20101206;53.25;53.28;52.95;53.04;5131431
20101207;53.25;53.58;52.2;52.41;9231510
20101208;52.35;52.5;51.57;52.08;11101302
20101209;52.47;52.47;51.84;52.32;6472371
20101210;52.41;52.62;52.17;52.59;4378119
20101213;52.77;52.86;52.44;52.62;6129151
20101214;52.77;53.1;52.71;52.98;4506558
20101215;52.98;53.1;52.62;52.65;5019058
20101216;53.07;53.07;52.6;52.98;5337096
20101217;52.8;53.25;52.71;53.22;7857593
20101220;53.46;53.46;53.07;53.19;4727057
20101221;53.31;53.4;53.19;53.31;3795364
20101222;53.31;53.49;53.19;53.28;3972359
20101223;53.34;53.34;53.04;53.31;3157108
20101227;53.22;53.67;53.07;53.4;2888993
20101228;53.4;53.58;53.19;53.58;3211073
20101229;53.58;53.7;53.28;53.49;3375459
20101230;53.43;53.67;53.37;53.4;2503512
20101231;53.43;53.67;53.34;53.43;2768110
20110103;53.76;53.76;53.31;53.58;4815949
20110104;53.58;54;53.28;53.85;6645493
20110105;53.46;53.67;53.1;53.31;8564541
20110106;53.34;53.4;52.89;53.22;7456136
20110107;53.4;53.4;52.92;53.37;7416535
20110110;53.04;53.1;52.08;52.74;32764312
20110111;52.74;53.01;52.5;52.92;13760876
20110112;53.1;53.28;52.92;53.13;9966051
20110113;53.22;53.4;52.92;53.4;8139184
20110114;53.43;53.82;53.1;53.76;9009684
20110118;53.91;54.39;53.67;54.03;12037830
20110119;54.09;54.21;53.79;54;8631647
20110120;54.12;54.45;53.94;54.15;8469265
20110121;54.48;54.54;54;54.48;10214381
20110124;54.54;54.75;54.33;54.51;14525108
20110125;54.36;54.57;54.06;54.39;7343102
20110126;54.45;54.5;54.15;54.3;6827531
20110127;54.21;54.78;54.15;54.63;7833118
20110128;54.51;54.66;53.88;53.88;9503881
20110131;54;54.39;53.64;53.64;6713577
20110201;53.94;54.15;53.72;54.15;7118980
20110202;53.88;54.21;53.73;53.88;6555064
20110203;53.85;54.36;53.73;54.27;22329113
20110204;54.42;54.42;53.67;54.03;20362415
20110207;54.06;54.45;54.06;54.45;22450966
20110208;54.57;54.6;54.3;54.39;7034721
20110209;53.67;53.76;53.28;53.49;9173406
20110210;53.34;53.73;53.33;53.58;7502819
20110211;53.37;53.85;53.37;53.52;6586854
20110214;53.52;53.52;52.83;53.07;6844670
20110215;52.8;53.7;52.77;53.67;9126117
20110216;53.73;53.73;52.98;53.1;9231208
20110217;54.57;54.81;53.82;54.36;24626746
20110218;54.36;54.39;53.64;53.82;14238196
20110222;53.7;53.97;53.52;53.94;10599050
20110223;53.82;54.06;53.55;53.7;8752542
20110224;53.58;53.73;53.31;53.46;7964035
20110225;53.49;53.67;53.28;53.61;7212807
20110228;53.64;54.12;53.58;53.97;9372651
20110301;53.85;54.09;53.61;53.64;10191815
20110302;53.76;53.97;53.52;53.88;7270734
20110303;54.12;54.33;53.97;54.24;8450718
20110304;54.06;54.26;53.52;53.94;9617158
20110307;54;54.75;54;54.42;10793026
20110308;54.6;54.93;54.48;54.72;10063636
20110309;54.72;55.38;54.54;55.32;8552877
20110310;55.05;55.14;54.6;54.96;11621512
20110311;54.96;55.44;54.6;55.29;9763713
20110314;54.87;54.99;54.06;54.54;19513770
20110315;53.31;53.91;53.31;53.7;10857894
20110316;54.12;54.12;52.63;52.95;17210252
20110317;53.52;53.52;52.29;52.8;14457249
20110318;53.19;53.37;52.62;52.89;10079613
20110321;53.25;53.46;53.1;53.16;8022327
20110322;53.22;53.55;53.1;53.28;7695390
20110323;53.16;53.49;52.89;53.46;5296934
20110324;53.58;53.73;53.34;53.61;5079728
20110325;53.82;53.82;53.4;53.46;5511049
20110328;53.49;53.76;53.43;53.58;5457226
20110329;53.73;54.18;53.43;54.15;9157307
20110330;54.18;54.72;54.18;54.51;6566671
20110331;54.48;54.6;54.18;54.45;6747766
20110401;54.57;55.32;54.57;55.26;8922020
20110404;55.2;55.29;55.05;55.14;5347366
20110405;55.08;55.35;55.05;55.23;7363579
20110406;55.29;55.68;55.26;55.68;10122870
20110407;55.53;55.53;55.05;55.14;5934122
20110408;55.38;55.71;55.02;55.23;7030493
20110411;55.14;55.29;54.3;54.48;9541696
20110412;54.45;54.69;53.85;53.97;7966814
20110413;54.12;54.69;54.06;54.24;6504599
20110414;54.15;54.75;54;54.63;6589850
20110415;54.84;55.41;54.69;55.11;8500706
20110418;54.81;55.02;54.45;54.63;7164830
20110419;54.63;54.8;54.33;54.66;5941753
20110420;54.96;55.41;54.81;55.32;8040058
20110421;55.38;55.47;55.23;55.35;4316319
20110425;55.47;55.47;55.08;55.29;4427413
20110426;55.5;55.68;55.17;55.47;9509873
20110427;55.5;55.83;55.38;55.62;8338945
20110428;55.77;56.1;55.44;56.04;5783568
20110429;56.16;56.16;55.86;55.95;9341663
20110502;56.07;56.55;56.04;56.4;8907262
20110503;56.4;57;56.19;56.34;9889547
20110504;56.34;56.58;55.68;56.55;20267979
20110505;56.4;56.55;55.86;56.16;9453072
20110506;56.52;56.7;55.85;56.16;9235972
20110509;56.28;56.61;56.04;56.61;6707173
20110510;56.73;57.24;56.64;57.03;5941082
20110511;56.97;57.21;56.7;56.91;6861007
20110512;56.88;57.8;56.79;57.69;6867857
20110513;57.63;57.84;57.33;57.66;6417578
20110516;57.69;58.22;57.66;57.9;8617669
20110517;57.96;58.5;57.72;58.44;10984359
20110518;57.84;58.02;57.05;57.42;9004976
20110519;57.57;57.75;57;57.21;10412126
20110520;57.15;57.42;56.97;57.03;8106213
20110523;56.7;57.15;56.25;56.4;11859468
20110524;56.55;56.7;56.16;56.22;8691232
20110525;55.95;56.28;55.68;56.01;6435747
20110526;55.86;56.01;55.5;55.8;7414036
20110527;55.98;56.16;55.74;55.86;5263162
20110531;56.4;56.4;55.92;56.25;5686342
20110601;56.25;56.31;55.74;55.74;7889256
20110602;55.89;55.89;55.2;55.83;8761554
20110603;55.38;55.74;55.17;55.35;6109334
20110606;55.29;55.44;54.93;55.11;8157032
20110607;55.26;55.59;55.11;55.14;5778524
20110608;55.14;55.44;54.99;55.38;6283950
20110609;55.35;55.5;55.05;55.23;7420188
20110610;55.17;55.23;54.84;54.84;6269831
20110613;54.99;55.77;54.96;55.5;7455293
20110614;55.89;56.01;55.32;55.62;7060703
20110615;55.23;55.74;54.87;55.17;7010700
20110616;55.59;56.1;55.35;56.04;9137885
20110617;56.34;56.64;56.1;56.22;8385729
20110620;56.1;56.55;55.8;56.49;16634394
20110621;56.76;56.76;56.13;56.4;6551965
20110622;56.22;56.34;55.89;56.07;6478605
20110623;55.56;55.85;55.2;55.65;7678085
20110624;55.68;56.13;55.47;55.53;6025673
20110627;55.68;55.98;55.62;55.86;5314004
20110628;55.92;56.04;55.56;55.89;7544532
20110629;56.07;56.52;56.01;56.34;5488444
20110630;56.49;56.52;56.07;56.49;6529053
20110701;56.4;57.27;56.37;57.21;5479132
20110705;57.27;57.33;56.82;57.21;9816043
20110706;57.21;57.36;57;57.21;5968678
20110707;57.33;57.45;57;57.27;8326878
20110708;57.03;57.36;57;57.27;7715437
20110711;57;57.27;56.55;57.18;14332852
20110712;57.09;57.69;57.03;57.36;13240424
20110713;57.63;57.66;57;57.06;8772547
20110714;57.09;57.27;56.61;56.67;7506334
20110715;56.67;56.88;56.28;56.55;7610904
20110718;56.28;56.49;55.8;55.89;6823897
20110719;56.01;56.37;55.53;56.28;8182634
20110720;56.58;56.76;56.13;56.49;7786941
20110721;56.73;57.42;56.73;57.3;9140727
20110722;57.15;57.3;56.7;56.85;6393519
20110725;56.64;57.06;56.55;56.76;7280412
20110726;56.7;56.82;56.43;56.46;6113146
20110727;56.46;56.58;56.13;56.28;8103777
20110728;56.25;56.28;55.86;55.86;23001620
20110729;55.68;56.01;55.29;55.8;26998372
20110801;56.49;56.58;55.74;56.1;20692443
20110802;56.46;56.46;55.62;55.65;18295503
20110803;55.56;55.86;54.78;55.35;12844085
20110804;54.9;55.26;54.03;54.06;15744218
20110805;54.51;55.02;53.61;54.36;23882993
20110808;53.49;54.12;51.45;51.81;22368951
20110809;52.59;53.64;50.61;53.58;37224376
20110810;52.65;53.07;51.6;51.75;21991100
20110811;51.93;54.62;51.84;54.06;18364771
20110812;54.3;54.69;53.25;53.46;13311722
20110815;53.88;55.29;53.79;55.2;10120695
20110816;54.9;55.02;54.36;54.87;10859070
20110817;55.05;55.77;55.05;55.41;8572608
20110818;54.42;55.26;54.09;55.11;14489318
20110819;54.63;55.23;54.45;54.72;11726781
20110822;55.5;55.62;54.75;55.05;13157478
20110823;55.08;55.77;54.75;55.47;21150335
20110824;55.35;56.7;55.29;56.61;13584120
20110825;56.55;56.64;55.35;55.68;13330521
20110826;55.5;55.95;54.6;55.68;13809163
20110829;56.04;56.64;55.95;56.31;10073911
20110830;56.16;56.63;56.03;56.31;12531474
20110831;56.52;56.88;56.34;56.73;10877574
20110901;56.79;56.97;56.4;56.43;10623391
20110902;55.98;56.55;55.86;56.34;9887902
20110906;55.5;55.98;54.99;55.92;11770371
20110907;56.4;56.4;55.89;56.34;11001909
20110908;56.28;56.97;56.04;56.43;8176841
20110909;56.1;56.16;55.29;55.65;11152059
20110912;55.35;56.58;55.29;56.58;10281843
20110913;56.64;56.97;56.19;56.94;8697215
20110914;57;57.72;56.58;57.24;10524020
20110915;57.72;58.26;57.39;58.2;7900640
20110916;58.41;58.89;58.29;58.71;10542966
20110919;58.17;58.8;57.9;58.65;6726077
20110920;58.83;59.88;58.71;59.25;14685601
20110921;59.28;59.79;58.92;58.98;16187645
20110922;57.87;58.65;57.6;58.47;18610232
20110923;58.56;59.46;58.2;59.37;13768745
20110926;59.64;59.88;59.31;59.82;27749108
20110927;60.09;60.15;59.55;59.7;15260884
20110928;59.58;60.45;59.55;59.64;16806045
20110929;60.18;60.45;59.85;60.39;27958025
20110930;60.18;60.63;59.91;59.97;12989487
20111003;60.27;60.45;59.01;59.13;15437401
20111004;58.44;58.95;57.51;58.92;17388658
20111005;59.01;59.1;57.86;58.47;14264333
20111006;58.26;59.22;58.26;58.8;14263251
20111007;59.07;59.73;58.89;59.37;17291417
20111010;59.85;60.78;59.55;60.78;12001966
20111011;60.51;60.6;59.73;59.79;9729541
20111012;60.09;60.09;59.34;59.4;12763269
20111013;59.25;60.81;58.8;59.4;15741200
20111014;59.64;59.82;59.25;59.76;14187557
20111017;59.55;60.54;59.55;60.33;11151711
20111018;60.18;60.69;59.4;60.36;10694578
20111019;60.48;61.14;60.39;60.6;10494280
20111020;60.63;61.11;60.3;60.72;9774074
20111021;61.08;61.71;61.08;61.65;11118390
20111024;61.56;61.62;60.9;61.08;9065567
20111025;61.14;61.29;60.36;60.42;12043061
20111026;60.87;61.2;60.6;60.9;9693164
20111027;61.59;62.19;61.41;61.92;14259635
20111028;61.92;61.92;60.81;61.38;11379219
20111031;61.14;62.01;60.93;61.26;11485957
20111101;60.54;61.2;60.3;60.6;13044376
20111102;61.17;61.83;61.05;61.29;10850662
20111103;61.8;62.55;61.32;62.43;41583659
20111104;62.16;62.16;61.05;61.92;41955753
20111107;61.62;62.55;61.56;62.55;36164466
20111108;62.61;62.76;62.1;62.49;12211264
20111109;62.1;62.13;61.41;61.68;11241664
20111110;62.04;62.49;61.56;62.25;11526863
20111111;62.46;63;62.46;63;9118210
20111114;62.85;63.06;62.25;62.49;30959103
20111115;62.7;62.79;61.98;62.04;29485340
20111116;61.23;61.35;60.63;60.69;13972285
20111117;60.6;60.99;59.76;60.3;16139055
20111118;60.6;60.99;60.42;60.51;8509931
20111121;60.12;60.38;59.49;60.09;8353523
20111122;60.03;60.15;59.34;59.76;12227403
20111123;59.46;59.52;58.74;58.89;9055660
20111125;59.01;59.58;58.98;59.37;3272766
20111128;60.09;60.39;59.7;59.97;10091661
20111129;60.18;60.89;60;60.63;8730901
20111130;61.41;62.55;61.38;62.55;14010025
20111201;62.28;62.46;61.98;62.1;9551769
20111202;62.4;62.4;61.71;61.86;9925066
20111205;62.25;62.43;61.83;62.1;8047690
20111206;62.28;62.37;61.8;62.04;8731339
20111207;62.22;62.4;61.8;62.13;9880293
20111208;62.1;62.19;61.38;61.47;7242276
20111209;61.95;62.67;61.77;62.58;10201712
20111212;62.34;62.37;61.35;61.83;10346406
20111213;62.07;63.15;62.07;62.61;12767512
20111214;62.52;62.88;62.31;62.55;12969690
20111215;62.49;63.18;62.49;63.12;17668204
20111216;63.63;63.66;62.79;63.03;14219279
20111219;63.48;63.54;62.67;62.91;8796249
20111220;63.33;64.29;63.21;64.2;17354978
20111221;64.11;65.07;64.11;64.95;12469187
20111222;65.07;65.33;64.77;64.89;13466907
20111223;65.16;65.76;64.95;65.67;8787819
20111227;65.28;66;65.28;65.97;7336175
20111228;65.97;66;65.58;65.73;7586104
20111229;65.7;66.21;65.7;66.18;6713918
20111230;66.27;66.36;65.85;66;6779023
20120103;66.33;66.33;64.59;64.86;12261537
20120104;64.74;65.16;64.47;64.56;6741387
20120105;64.35;64.97;64.2;64.53;12268696
20120106;64.65;64.71;64.35;64.53;21178729
20120109;64.59;64.62;64.17;64.41;19764159
20120110;64.8;65.04;64.26;64.41;8259893
20120111;64.26;64.5;63.9;64.2;9065909
20120112;64.38;64.41;63.72;63.84;7966099
20120113;63.54;63.99;63.54;63.93;7467624
20120117;64.2;64.65;63.75;63.95;6831810
20120118;63.87;63.99;63.51;63.96;8259633
20120119;63.96;63.96;63.3;63.72;11106797
20120120;63.78;63.9;63.41;63.9;9778067
20120123;63.84;64.32;63.63;63.81;7595510
20120124;63.51;63.75;63.18;63.42;5675279
20120125;63.24;64.2;62.61;64.08;10729877
20120126;64.08;64.56;63.9;64.41;8935796
20120127;64.38;64.38;63.45;63.54;8993920
20120130;63.39;63.45;62.94;63.39;8707857
20120131;63.54;63.96;63.48;63.93;8828212
20120201;64.08;64.53;63.9;64.38;8442905
20120202;64.41;64.5;64.02;64.11;6535709
20120203;64.38;64.56;63.75;64.2;7616605
20120206;64.11;64.17;63.63;63.81;7770668
20120207;63.66;64.69;63.45;64.44;8194154
20120208;64.56;64.62;63.93;64.14;7627209
20120209;64.29;64.38;63.93;64.38;33681949
20120210;64.29;64.47;64.08;64.44;31116735
20120213;64.83;64.83;64.14;64.32;35211786
20120214;64.59;64.59;64.08;64.5;11554918
20120215;64.11;64.11;62.55;62.61;17417788
20120216;62.76;63.84;62.76;63.3;18626947
20120217;63.75;63.81;62.58;62.7;15915512
20120221;62.73;62.88;62.4;62.58;8909660
20120222;62.52;62.85;62.4;62.79;10328176
20120223;62.79;63;62.55;62.67;10722126
20120224;62.58;63.6;62.52;63.3;20929906
20120227;63.12;63.45;62.76;63.21;8168710
20120228;63.3;63.45;62.85;63.03;7312879
20120229;62.97;63.03;62.55;62.76;9593704
20120301;62.73;63.18;62.55;62.97;8470574
20120302;62.94;63.17;62.64;63.12;5745672
20120305;62.97;63.45;62.7;63.27;6446313
20120306;63.09;63.3;62.85;63.06;6787923
20120307;63.06;63.12;62.51;63.09;8315627
20120308;63.27;63.6;63.15;63.45;7747122
20120309;63.57;63.59;63.21;63.45;5789759
20120312;63.48;64.2;63.36;64.11;7707210
20120313;64.26;64.44;63.84;64.29;9051730
20120314;64.29;64.35;63.21;63.45;7491443
20120315;63.39;63.57;62.88;63.39;7968877
20120316;63.57;63.57;62.91;63.21;11148419
20120319;63.09;63.42;62.76;62.82;6652098
20120320;62.7;63.12;62.49;62.67;9973579
20120321;62.58;62.79;62.37;62.52;10191991
20120322;62.46;62.67;62.25;62.61;12836811
20120323;62.61;62.64;62.25;62.37;11130354
20120326;62.73;63.11;62.46;62.91;8456272
20120327;62.88;63.27;62.79;63.18;7969848
20120328;63.09;63.24;62.4;62.73;10032710
20120329;62.46;62.73;62.01;62.73;8163030
20120330;62.73;63.08;62.64;63.03;12557086
20120402;63;63.54;62.85;63.3;10647016
20120403;63.24;63.48;62.96;63.42;12067721
20120404;63.18;63.63;63.12;63.56;12225168
20120405;63.3;63.39;62.28;62.28;17038935
20120409;62.1;62.1;61.71;61.83;15294554
20120410;61.62;61.74;60.96;61.11;18625120
20120411;61.53;61.53;60.93;61.05;10868222
20120412;60.99;61.14;60.57;61.14;12246635
20120413;61.14;61.86;60.9;61.23;16413629
20120416;61.35;62.19;60.9;61.89;29816598
20120417;61.92;62.55;61.5;62.46;21326133
20120418;62.25;63.42;62.04;63.06;26370113
20120419;63;63.03;62.4;62.61;12987738
20120420;62.61;63.15;62.46;63.03;11143863
20120423;62.73;62.82;62.4;62.79;7102709
20120424;62.94;63.69;62.82;63.54;12389418
20120425;63.63;64.05;63.48;63.87;10362566
20120426;63.72;64.2;63.6;64.14;7070431
20120427;64.05;64.5;63.99;64.29;8083096
20120430;64.11;64.38;63.9;64.29;6388058
20120501;64.23;64.86;64.2;64.59;6690300
20120502;64.35;64.56;64.05;64.44;9447090
20120503;64.29;65.01;64.08;64.2;18605671
20120504;64.38;64.98;64.26;64.68;16252168
20120507;64.56;64.71;64.2;64.41;9037727
20120508;64.2;64.68;64.2;64.65;10028124
20120509;64.38;65.1;64.29;64.8;11959712
20120510;65.07;65.52;64.95;65.37;36944861
20120511;65.25;65.7;65.13;65.16;33996857
20120514;64.86;65.25;64.71;65.07;31724949
20120515;65.13;65.31;64.88;65.04;14390459
20120516;64.62;64.62;64.11;64.17;14912423
20120517;64.71;64.89;64.26;64.29;16729144
20120518;64.53;65.07;64.2;64.38;12110325
20120521;64.62;64.62;63.84;64.17;10663589
20120522;64.14;65.07;64.14;64.95;15028095
20120523;64.8;65.37;64.41;64.8;12413452
20120524;65.19;65.91;64.95;65.4;14080106
20120525;65.4;66.09;65.4;65.88;16410556
20120529;66;66;65.61;65.94;7642433
20120530;65.67;66.21;65.53;65.55;6693032
20120531;65.67;66.27;65.52;65.94;10783908
20120601;65.61;67.2;65.55;67.05;22914831
20120604;67.11;67.65;66.66;67.44;13604950
20120605;67.32;68.28;67.2;67.82;11793718
20120606;68.01;68.1;67.38;68.07;20150560
20120607;68.43;68.73;68.16;68.67;9603891
20120608;68.49;69.7;68.41;69.45;16856146
20120611;69.96;69.96;68.91;68.93;33940561
20120612;68.91;68.97;67.83;68.88;25872048
20120613;68.67;69;68.19;68.55;18775966
20120614;68.7;69.57;68.49;69.42;15886769
20120615;69.87;70.05;69.3;69.78;16642949
20120618;69.93;70.2;69.63;69.84;9168307
20120619;69.9;70.05;69.24;69.3;10151749
20120620;69.24;69.42;68.31;68.49;14983142
20120621;68.52;69.15;68.22;68.25;11343304
20120622;68.4;68.76;68.28;68.64;12522286
20120625;68.31;68.89;68.22;68.79;14781095
20120626;68.97;68.97;68.55;68.7;11646842
20120627;68.7;69.3;68.7;69.03;7536377
20120628;68.67;69.21;68.46;69.18;8827638
20120629;69.48;69.72;69;69.18;35031874
20120702;70.35;71.13;69.39;69.84;16977527
20120703;69.26;69.87;68.4;68.69;3714035
20120705;68.22;68.73;68.05;68.57;6174026
20120706;67.88;67.96;66.02;66.23;9937717
20120709;65.17;65.68;64.52;65.31;12661462
20120710;65.28;66.25;65.05;66.14;10631330
20120711;65.75;66.86;65.56;66.48;8111050
20120712;66.24;66.99;66.17;66.64;6338067
20120713;66.89;66.97;66.17;66.74;6046951
20120716;66.58;66.77;66.31;66.74;5092724
20120717;66.74;66.93;66.24;66.34;5826318
20120718;66.12;66.33;65.7;66.07;5638198
20120719;66.08;66.23;65.44;66.12;5267404
20120720;65.65;66.49;65.65;66.22;6249043
20120723;65.97;66.4;65.36;65.5;4638626
20120724;65.57;65.66;65.02;65.27;4173763
20120725;65.57;65.96;65.22;65.82;4079851
20120726;65.99;67.4;65.98;67.33;5642553
20120727;67.54;67.94;67.32;67.46;4688328
20120730;67.39;68.23;67.05;68.07;4507489
20120731;68.27;68.49;67.64;67.78;4054580
20120801;67.97;69.17;67.42;67.52;8225994
20120802;67.3;67.58;66.6;67.46;4195069
20120803;67.97;68.75;67.85;68.6;11274769
20120806;68.62;68.94;68.1;68.21;3428525
20120807;68.39;68.4;67.78;68.05;5041705
20120808;68.11;68.17;67.62;68.04;3698042
20120809;67.99;68.21;67.7;68.09;3300932
20120810;68.02;68.04;67.37;67.85;5151835
20120813;67.76;68.22;67.6;68.22;4297090
20120814;68.35;68.4;67.89;68.2;7355323
20120815;67.42;67.45;66.76;66.77;4289396
20120816;66.6;66.98;66.52;66.69;3197283
20120817;66.77;66.9;66.31;66.49;3816062
20120820;66.24;66.45;66.07;66.44;2810377
20120821;66.36;66.45;65.84;66.06;5072572
20120822;65.82;66.15;65.8;66;4303888
20120823;65.99;66.13;65.16;65.24;2711590
20120824;65.24;65.57;65.09;65.47;2602360
20120827;65.47;65.69;65.24;65.51;2381387
20120828;65.36;65.5;65.08;65.37;2621562
20120829;65.25;65.52;64.85;65.31;3192245
20120830;65.21;65.23;64.75;64.81;2809734
20120831;65.14;65.14;64.58;64.78;3528244
20120904;64.7;64.97;64.5;64.81;2692409
20120905;64.77;64.92;64.4;64.47;2973889
20120906;64.6;65;64.42;65;3298991
20120907;65;65.21;64.51;64.72;2509625
20120910;64.77;64.98;64.52;64.83;2687401
20120911;64.82;64.93;64.46;64.46;2099423
20120912;64.49;64.61;64.03;64.05;3380340
20120913;64.04;64.68;63.87;64.66;4314049
20120914;64.93;65;64.01;64.19;3911348
20120917;64.3;64.66;64.04;64.14;6654663
20120918;64.06;64.24;63.03;63.16;5639346
20120919;63.25;63.6;63.17;63.43;4334279
20120920;63.27;64.14;63.27;63.93;3543354
20120921;64.06;64.14;63.67;64.08;6700416
20120924;64.12;64.74;64.06;64.65;3657789
20120925;64.64;64.91;64.32;64.34;3200039
20120926;64.47;64.9;64.29;64.33;2808171
20120927;64.42;64.46;64.01;64.06;1938651
20120928;64.03;64.85;63.95;64.79;4052194
20121001;65.01;65.16;64.35;64.38;4272679
20121002;64.59;65.07;64.54;64.76;2952579
20121003;64.76;65.01;64.48;64.78;2952281
20121004;64.94;65.45;64.87;65.39;3109955
20121005;65.5;65.59;64.93;64.98;2021948
20121008;64.95;65.37;64.73;65.23;1502212
20121009;65.13;65.43;64.88;65.29;2365830
20121010;65.29;65.31;64.71;64.78;2060656
20121011;65.02;65.07;64.4;64.48;2147169
20121012;64.59;64.75;64.03;64.16;2243359
20121015;64.12;64.61;63.88;64.56;2069015
20121016;64.81;64.86;64.13;64.56;2678035
20121017;64.72;65.58;64.64;65.27;2423865
20121018;65.29;65.65;65.21;65.6;2363681
20121019;65.6;65.9;65.09;65.51;3237534
20121022;65.34;65.51;64.87;65.5;3273079
20121023;65.36;65.64;64.95;64.99;2780539
20121024;65.02;65.14;64.26;64.32;2479580
20121025;64.55;64.76;64.13;64.75;2330031
20121026;64.75;65.3;64.55;65.11;2595636
20121031;65.02;65.81;65;65.69;3246529
20121101;65.64;65.86;65.22;65.31;2983474
20121102;65.53;65.75;64.87;64.94;9485537
20121105;64.58;64.71;63.87;64.06;3184733
20121106;64.22;64.5;64;64.07;2461743
20121107;63.87;64;62.46;62.94;4243784
20121108;63.68;64.25;62.56;62.56;9688490
20121109;62.5;62.59;61.67;61.96;11296312
20121112;61.87;61.98;60.76;61.45;3658661
20121113;61.32;62.37;61.26;62.01;4940324
20121114;61.61;61.61;60.51;60.74;4119388
20121115;60.57;61.01;59.63;59.87;3702926
20121116;59.91;60.93;59.78;60.9;4525218
20121119;61.26;61.31;60.55;60.99;3897523
20121120;61.04;61.13;60.34;60.79;2823098
20121121;60.75;60.91;59.85;60.42;3274859
20121123;60.54;60.61;60;60.45;1981480
20121126;60.32;61.81;60.32;61.31;6020906
20121127;61.45;62;61.31;61.59;3136547
20121128;61.62;61.85;61.04;61.7;2518068
20121129;61.77;62.44;61.54;62.39;3354970
20121130;63.01;64;63.01;63.82;7224015
20121203;64.09;64.49;63.82;63.97;5382861
20121204;63.95;64.15;63.46;63.6;2883480
20121205;63.55;64.82;63.41;64.46;3896487
20121206;64.51;64.59;64;64.17;2802374
20121207;64.25;64.49;63.97;64.32;2555603
20121210;64.25;64.5;64.18;64.32;2244823
20121211;64.3;64.67;64.16;64.28;3415273
20121212;64.41;64.98;64.22;64.3;3311590
20121213;64.31;64.36;63.65;63.92;2244802
20121214;63.85;64;63.56;63.81;2063238
20121217;63.98;64.81;63.94;64.76;3503259
20121218;64.94;65.66;64.89;65.51;7248895
20121219;65.4;65.4;64.7;64.75;3121305
20121220;64.75;65.24;64.35;65.05;3313533
20121221;65.07;65.46;64.51;64.51;8494186
20121224;64.48;64.61;64.11;64.58;1581654
20121226;64.82;64.82;63.97;64.07;2120519
20121227;64.01;64.13;63.09;63.71;2411461
20121228;63.37;63.67;62.97;63.01;2883491
20121231;62.82;63.85;62.6;63.8;3136404
20130102;64.56;65.22;64.51;65.01;3196522
20130103;64.79;65.19;64.5;64.87;2326495
20130104;64.9;65.17;64.79;65.06;1749415
20130107;64.79;64.89;64.44;64.75;2579768
20130108;64.71;65.13;64.49;64.9;2428479
20130109;64.9;65.02;64.57;65.01;2503313
20130110;65.05;65.38;64.85;65.37;2794027
20130111;65.38;65.78;65.26;65.69;2237639
20130114;65.7;65.7;65.26;65.39;2518982
20130115;65.39;66.1;65.11;66.05;3139524
20130116;65.86;65.99;65.51;65.73;2331567
20130117;66;66.39;65.75;66.02;2449051
20130118;66.17;66.81;65.94;66.81;3206663
20130122;66.62;67.31;66.54;67.31;2583901
20130123;67.17;67.47;66.8;67.41;2336596
20130124;67.48;68.08;67.26;67.8;3334897
20130125;68;68.01;67.33;67.92;2301668
20130128;68.05;68.1;67.5;67.63;2769904
20130129;67.72;68.15;67.56;67.98;2246711
20130130;68.34;68.67;67.95;68.44;3115329
20130131;68.37;68.92;68.1;68.74;3308412
20130201;68.97;69.41;68.79;68.84;3691935
20130204;68.65;68.95;68.26;68.35;2703687
20130205;68.5;69.05;68.48;68.88;2869310
20130206;68.75;69.12;68.45;69.11;2642766
20130207;68.93;69.23;68.42;69.04;3113386
20130208;68.88;69.04;68.73;69;8084517
20130211;68.95;69.2;68.81;69.14;8210716
20130212;69.1;69.5;69.06;69.5;9078852
20130213;68.81;69.4;68.51;68.82;2639009
20130214;68.02;69.11;67.82;68;3360333
20130215;68;68.18;67.78;68.06;2667861
20130219;68.24;68.97;68.24;68.96;2756770
20130220;68.85;69.32;68.72;68.85;2153689
20130221;68.67;69.07;68.62;68.83;2295394
20130222;68.87;69.49;68.86;69.46;1857607
20130225;69.53;70.3;69.1;69.11;3210644
20130226;69.38;69.95;69.25;69.59;2123849
20130227;69.73;70.26;69.55;70.13;2328528
20130228;70.07;70.1;69.18;69.25;5073315
20130301;68.41;69.27;68.05;69.25;5228622
20130304;68.9;69.94;68.69;69.71;2631662
20130305;69.88;70.37;69.7;70.16;2130049
20130306;70.2;70.21;69.65;69.88;2001163
20130307;69.96;69.96;69.47;69.55;2472118
20130308;69.59;69.78;69.07;69.64;1757507
20130311;69.53;69.8;69.52;69.79;1295179
20130312;69.78;69.8;69.31;69.54;1872363
20130313;69.55;70.1;69.42;69.91;2308818
20130314;69.99;70.17;69.65;69.93;2093428
20130315;69.44;70;69.26;69.95;3318107
20130318;69.58;69.96;69.5;69.62;1461440
20130319;69.77;70.2;69.55;69.91;1773801
20130320;70.03;70.63;69.97;70.4;1829669
20130321;70.18;70.5;69.88;70.26;2461370
20130322;70.25;70.62;70.07;70.61;2020531
20130325;70.7;70.98;70.08;70.28;2152350
20130326;70.46;71.04;70.44;70.95;2506770
20130327;70.65;71.85;70.54;71.72;2954918
20130328;71.81;72.68;71.66;72.59;2972755
20130401;72.56;72.57;72.07;72.32;1692581
20130402;72.5;72.66;72.3;72.62;2079639
20130403;72.31;72.66;71.57;71.71;3975768
20130404;71.62;71.97;71.62;71.79;4730342
20130405;71.33;72.11;71.25;72.05;3556381
20130408;71.97;73.08;71.7;73.01;3436100
20130409;73.09;73.09;72.53;72.62;1950396
20130410;72.97;73.28;72.67;72.79;2130663
20130411;72.93;73.45;72.75;73.17;2409020
20130412;73;73.41;72.78;72.97;2546827
20130415;72.81;73.59;72.29;72.29;2515806
20130416;72.77;73.6;72.45;73.57;2577313
20130417;73.29;73.36;72.53;73.15;2160106
20130418;73.25;73.53;72.94;73.24;1656126
20130419;73.44;74.38;73.24;74.34;2052174
20130422;74.31;74.47;73.91;74.28;1454841
20130423;74.64;74.64;73.85;74.41;1876231
20130424;74.5;75.11;74.02;74.72;1812463
20130425;75.01;75.36;74.7;75.14;2000988
20130426;75.1;75.42;74.82;74.86;2431927
20130429;75.04;75.4;74.86;75.2;1658412
20130430;75.03;75.28;74.58;75.2;2240858
20130501;75;75.47;74.77;74.89;1639429
20130502;74.87;75.13;74.22;74.78;2473394
20130503;75.16;75.25;74.14;74.47;3092563
20130506;74.3;74.4;72.8;72.9;3431510
20130507;72.91;73.74;72.75;73.7;2927412
20130508;73.7;73.8;72.71;72.91;3330488
20130509;73.03;73.12;71.83;72.05;7705417
20130510;71.89;72.2;71.41;72.18;7864823
20130513;71.93;72.06;71.38;71.77;8248963
20130514;71.75;72.65;71.75;72.08;4030911
20130515;71.35;72.5;71.31;72.24;3189078
20130516;72.12;72.19;71.11;71.16;2495542
20130517;71.41;71.68;71;71.62;3227386
20130520;71.61;71.7;71.18;71.33;2136610
20130521;71.33;71.63;70.71;71.39;2973429
20130522;71.32;71.82;69.92;70.19;2951940
20130523;69.75;70.11;68.46;69.76;3412322
20130524;69.49;69.67;68.68;68.88;2802702
20130528;69.09;69.36;67.42;67.75;6061909
20130529;67.29;67.39;66.17;67.15;4534825
20130530;67.52;68.46;67.3;67.31;3948967
20130531;67.15;68.5;66.93;66.93;4278499
20130603;66.96;67.64;66.18;67.2;3916685
20130604;67.19;67.49;66.82;67.15;3327340
20130605;66.96;67.17;66.56;66.81;3339021
20130606;66.81;67.53;66.57;67.5;3625914
20130607;67.67;68.18;67.08;67.69;2740198
20130610;68.03;68.42;67.51;67.89;2315023
20130611;67.53;68.12;67.1;67.21;2626483
20130612;67.63;67.8;66.42;66.59;3052919
20130613;66.69;67.57;66.53;67.49;3313811
20130614;67.49;68.05;67.45;67.64;2000933
20130617;68.18;68.96;67.43;67.65;2750986
20130618;67.73;68.32;67.09;68.23;3188665
20130619;68.2;68.56;66.7;66.72;3312912
20130620;66.5;66.53;65.01;65.1;4728297
20130621;65.49;66.19;64.62;65.58;6336380
20130624;65.19;66;64.95;65.46;2935852
20130625;65.68;66.44;65.24;66.12;2636508
20130626;66.6;67.88;66.55;67.61;3859167
20130627;67.89;68.19;67.38;67.52;2372845
20130628;67.44;68.02;67.11;67.5;2765086
20130701;67.9;68.05;66.51;66.84;2682414
20130702;66.8;67.46;66.73;67.18;5240099
20130703;66.96;67.4;66.74;67.39;1607040
20130705;67.48;67.58;66.5;67.27;3014913
20130708;67.3;67.74;67.1;67.73;3097729
20130709;67.95;68.18;67.68;68.16;2766104
20130710;68.05;68.82;67.81;68.59;2152837
20130711;69;70.03;68.93;69.9;2544609
20130712;69.88;70.25;69.41;70.15;2061634
20130715;70.06;71.19;70;71.01;2864706
20130716;71.01;71.2;70.04;70.49;2263927
20130717;70.88;70.93;70.3;70.71;2036651
20130718;70.91;71.37;70.78;71.15;2394441
20130719;71.17;71.26;70.75;70.88;2313571
20130722;70.74;70.93;70.61;70.77;1667213
20130723;70.82;71.44;70.67;71.31;1847167
20130724;71.3;71.3;70.15;70.5;1419060
20130725;70.3;70.72;70.11;70.6;1819142
20130726;70.29;70.82;70.08;70.79;1915681
20130729;70.62;71.48;70.59;71.22;1799365
20130730;71.5;71.91;71.23;71.49;1928008
20130731;71.41;71.55;70.77;71;2739849
20130801;71.33;71.66;71;71.51;2143128
20130802;71.42;71.8;71.22;71.75;1963076
20130805;72;72.01;71.35;71.37;2287307
20130806;71.4;71.52;70.87;71.12;2343545
20130807;70.82;71.23;70.55;71.05;3032209
20130808;71.16;71.5;70.85;71.23;9964110
20130809;71.22;71.36;70.64;70.77;7238021
20130812;70.75;70.83;70.45;70.77;7952955
20130813;70.68;70.94;70.61;70.82;4044187
20130814;70.19;70.19;68.7;69.02;3149521
20130815;68.61;68.97;67.79;67.91;2922871
20130816;67.7;67.89;66.7;67.05;3061039
20130819;66.95;67.19;66.22;66.33;2452400
20130820;66.3;67.59;66.29;66.79;4740296
20130821;66.73;66.73;65.62;65.81;3356937
20130822;65.94;66.19;65.55;65.94;2316890
20130823;65.97;66.44;65.67;66.35;1820111
20130826;66.41;66.59;65.79;65.79;1915041
20130827;65.41;66.41;65.33;65.85;2352220
20130828;65.91;66.29;65.59;66.05;1671859
20130829;65.99;66.04;65.49;65.66;1649515
20130830;65.79;66.16;65.33;65.6;2032042
20130903;65.89;66.08;64.76;64.96;2317144
20130904;64.99;65;64.16;64.69;2649039
20130905;64.69;64.97;64.42;64.8;2131451
20130906;65.06;65.77;65.05;65.45;2649267
20130909;65.5;65.68;65.19;65.57;2389194
20130910;65.7;65.96;65.27;65.95;1773469
20130911;66;66.01;64.88;65.31;3288815
20130912;65.45;65.69;64.75;64.97;2332464
20130913;65;65.6;64.99;65.55;2586998
20130916;67.49;67.58;65.76;66.03;4425502
20130917;66;66.65;65.98;66.19;3621262
20130918;66.1;68.64;65.83;68.1;3957348
20130919;68.08;68.55;67.57;67.93;2916457
20130920;67.98;68.03;66.85;67.36;5330234
20130923;66.97;68;66.7;67.73;2536073
20130924;67.59;67.95;67.46;67.69;2712849
20130925;68.08;68.2;67.26;67.26;2388010
20130926;67.32;67.67;67.3;67.65;2034835
20130927;67.33;67.75;66.69;66.9;2299574
20130930;66.66;67.2;66.6;66.78;2529197
20131001;67.45;67.55;66.91;67.27;2464415
20131002;67.09;67.33;66.75;67.25;1945935
20131003;66.97;67.02;66.05;66.33;2690302
20131004;66.3;66.69;66.14;66.43;1525541
20131007;66.27;66.86;66.15;66.34;1484725
20131008;66.28;67.52;66.25;67.2;3177230
20131009;67.31;68.38;67.06;67.51;2986127
20131010;67.73;68.3;66.9;68.29;2580268
20131011;68.23;68.87;68.02;68.85;2327531
20131014;68.6;68.74;67.64;68.58;2289714
20131015;68.35;68.5;67.56;67.85;3163943
20131016;68.02;69.03;67.89;69.03;3291809
20131017;68.8;69.94;68.33;69.8;3028752
20131018;69.97;70.19;69.72;70.08;2428488
20131021;70;70.2;69.56;70.06;2143257
20131022;70.15;71.4;70.07;71.09;2921338
20131023;71.04;72.49;71.03;71.71;4412505
20131024;71.82;71.91;71.29;71.63;2111897
20131025;71.61;72.4;71.32;72.37;1807701
20131028;72.31;72.72;72.06;72.37;2669932
20131029;72.38;72.8;72.18;72.62;1848651
20131030;72.59;73.06;71.98;72.01;2529488
20131031;72.03;72.17;70.94;71.73;2822702
20131101;71.96;72.79;71.88;72.51;2892169
20131104;72.68;72.71;71.68;72.47;2553297
20131105;72.56;73.02;72.28;72.45;3639490
20131106;72.44;73.25;72.22;73.21;2345908
20131107;73.21;73.53;72.72;72.92;8123332
20131108;72.66;72.7;71.1;72.43;9150585
20131111;72.45;72.89;72.02;72.45;1945417
20131112;72.19;72.39;71.41;71.72;11658947
20131113;70.6;70.94;70.03;70.92;3678892
20131114;71.12;71.86;70.96;71.51;2576269
20131115;71.07;71.8;71.05;71.8;2821672
20131118;71.82;71.85;71.25;71.54;2422728
20131119;71.54;71.69;70.83;71.12;2620220
20131120;71.23;71.35;70.01;70.03;2657529
20131121;70.2;70.99;69.8;70.75;3432073
20131122;70.57;71.56;70.21;71.13;3480027
20131125;71.17;71.32;70.91;70.99;2196368
20131126;70.99;71.08;70.5;70.5;3159049
20131127;70.49;70.75;69.74;70.03;2541029
20131129;70.1;70.66;69.75;69.96;1477967
20131202;70.13;70.13;69.14;69.61;2622284
20131203;69.41;69.97;69.04;69.75;2326743
20131204;69.42;70.25;69.09;69.92;2357194
20131205;69.8;69.93;69.26;69.6;1990187
20131206;70;70.54;69.71;70.19;2293733
20131209;70.19;70.19;69.36;69.81;2014558
20131210;69.73;69.91;69.18;69.27;1732090
20131211;69.25;69.27;68.29;68.33;3492376
20131212;68.43;68.82;68.11;68.19;3530570
20131213;68.45;68.64;67.92;68.19;2939617
20131216;69.1;69.19;68.26;68.51;3504499
20131217;68.5;68.68;67.97;68.38;2973985
20131218;68.4;69.79;67.92;69.73;3823487
20131219;69.46;69.47;68.47;69.19;3072662
20131220;69.26;69.87;69.09;69.5;3196418
20131223;69.93;69.93;69.05;69.05;3044669
20131224;68.87;69.45;68.63;69.28;1426398
20131226;69.26;69.37;68.66;68.77;2568378
20131227;68.94;69.27;68.76;68.95;1947663
20131230;68.8;69.21;68.8;69.11;1573941
20131231;69.1;69.2;68.76;69.01;2041026
20140102;69.2;69.24;68;68.14;3374033
20140103;68.19;68.4;67.71;67.92;2593136
20140106;68;68.2;67.66;67.96;2470039
20140107;68.03;68.53;68;68.49;2772248
20140108;68.33;68.4;67.64;67.85;3882058
20140109;67.89;68.01;67.45;67.87;2379885
20140110;68.19;69.5;68.14;68.59;4036331
20140113;68.04;68.2;67.59;67.77;3940070
20140114;67.82;68;67.53;67.57;3291288
20140115;67.46;67.67;67.05;67.13;3475081
20140116;67.25;67.52;67.05;67.36;3000137
20140117;67.37;67.7;67.2;67.57;3302878
20140121;67.88;68.58;67.77;68.51;3029675
20140122;68.5;68.97;68.44;68.65;2314447
20140123;68.34;68.73;67.97;68.53;2873723
20140124;68.17;69.33;68;68.26;4715306
20140127;68.3;68.99;68.27;68.73;3862114
20140128;68.75;68.95;68.47;68.82;2461014
20140129;68.69;69.31;68.54;68.99;4437254
20140130;69.14;69.92;69.11;69.89;3444402
20140131;69.37;70.68;69.35;70.62;4776260
20140203;70.68;71.75;70.09;70.46;5425820
20140204;70.69;70.69;69.46;69.94;3625579
20140205;69.88;69.88;69.28;69.62;2848832
20140206;69.7;70.11;69.18;70.01;2774005
20140207;69.68;70.11;69.35;69.99;3820083
20140210;69.87;70.84;69.52;70.74;3071527
20140211;70.67;71.48;70.5;71.3;2631866
20140212;70.44;70.9;70.25;70.87;2509699
20140213;70.75;71.54;70.63;71.43;2270104
20140214;71.18;71.6;70.84;71.45;2940206
20140218;71.76;72.67;71.29;71.5;4798336
20140219;71.4;72.4;70.72;71.72;3274558
20140220;71.76;72.12;71.43;71.74;3482346
20140221;71.61;72.22;71.46;71.49;2927812
20140224;71.5;72.11;71.09;71.11;2522504
20140225;71.09;71.81;70.94;71.03;2616123
20140226;71.12;71.33;70.72;70.88;3431265
20140227;70.76;71.07;70.25;70.43;2480878
20140228;70.4;71.17;70.35;70.88;2931148
20140303;70.59;71.05;70;70.05;2508542
20140304;70.54;70.58;69.88;70.12;2626711
20140305;70.15;70.71;69.95;70.11;2192808
20140306;70.25;70.28;69.62;70.03;3589593
20140307;69.9;70.19;69.41;70.06;3668793
20140310;69.88;70.07;69.39;69.62;2542782
20140311;69.79;69.85;69.02;69.47;2764685
20140312;69.43;70.39;69.41;70.36;3203405
20140313;70.39;70.99;70.27;70.57;3912497
20140314;70.49;71.13;70.34;70.7;2939176
20140317;70.96;71.36;70.5;71.1;3401187
20140318;71.19;71.23;69.98;70.24;4195651
20140319;70;70.15;68.2;68.71;5175132
20140320;68.61;69.26;68.1;69.17;4275432
20140321;69.74;69.97;69.02;69.08;4560978
20140324;68.61;69.44;68.61;69.32;3001518
20140325;69.41;70.09;69.23;69.92;3099713
20140326;69.95;70.25;69.44;69.5;3294165
20140327;69.65;70.46;69.25;70.42;3033414
20140328;70.43;70.5;69.92;70.44;3082994
20140331;70.67;71.29;70.56;71.22;3099100
20140401;71.39;71.39;70.49;70.67;2507224
20140402;70.67;70.67;70.11;70.26;1976347
20140403;70.49;70.75;70.2;70.45;1674935
20140404;70.69;71.46;70.47;70.49;2831069
20140407;70.59;71.67;70.47;71.14;4313750
20140408;71.06;72.55;70.56;72.51;5126899
20140409;72.4;72.5;71.13;71.82;4726031
20140410;71.88;72.5;71.41;71.59;2984836
20140411;71.53;72.28;71.36;71.84;2751967
20140414;72.05;72.38;71.63;72.07;2119596
20140415;72.06;72.82;71.99;72.81;3372139
20140416;73;73.24;72.56;73.23;2591493
20140417;72.91;73.53;72.31;72.57;2851793
20140421;72.64;73.07;72.1;72.46;1808069
20140422;72.36;72.91;71.99;72.79;2210413
20140423;72.82;73.61;72.58;72.61;2491583
20140424;72.6;73.34;72.14;73.06;2121135
20140425;73.08;74.05;73.08;74;2546557
20140428;74;74.86;73.75;74.8;3717598
20140429;74.74;75.13;74.31;74.53;2617597
20140430;74.59;75.06;74.46;74.49;3001710
20140501;74.6;74.78;73.72;74.58;2267572
20140502;74.25;74.25;72.48;72.86;4505070
20140505;72.86;73.6;72.76;73.52;2776844
20140506;73.26;73.56;72.86;73.07;2847151
20140507;73.12;73.91;72.91;73.82;2520169
20140508;73.77;73.77;72.59;72.84;3008560
20140509;72.82;73.04;71.84;71.98;3813710
20140512;72.21;72.34;71.56;71.76;3618120
20140513;72.02;72.22;71.55;71.72;3119954
20140514;71.14;71.72;70.85;71.27;2578570
20140515;71.41;72.2;71.32;71.38;2668074
20140516;71.32;71.62;71.06;71.35;2023326
20140519;71.26;71.38;69.95;70.3;3490365
20140520;70.39;70.8;69.73;70.09;2656158
20140521;70.25;70.39;69.78;69.93;1885302
20140522;70.01;70.64;70.01;70.55;1834726
20140523;70.45;70.93;70.24;70.28;1523880
20140527;71.06;71.26;70.43;70.46;2299123
20140528;70.48;70.92;70.45;70.76;2230137
20140529;70.9;70.98;70.37;70.93;1817717
20140530;70.74;71.11;70.41;71.08;2530741
20140602;70.95;71.15;70.61;70.85;1920170
20140603;70.83;70.9;70.27;70.7;2420394
20140604;70.6;71.04;70.41;71.01;1998230
20140605;70.87;71.85;70.79;71.73;2472924
20140606;71.71;71.94;71.25;71.34;2145214
20140609;71.13;71.26;70.6;70.86;2299557
20140610;70.7;71.04;70.42;70.51;2362735
20140611;70.39;70.59;69.59;69.63;3554364
20140612;69.62;70.74;68.81;70.58;4287131
20140613;70.43;70.99;70.05;70.83;2599858
20140616;71.11;71.82;70.81;71.12;2666029
20140617;70.84;70.89;70.25;70.71;2325740
20140618;70.68;72.43;70.58;72.41;3447547
20140619;72.48;73.4;71.36;73.23;4881807
20140620;73.27;73.32;72.22;72.32;4002430
20140623;72.39;72.51;71.82;72.35;2527715
20140624;72.39;72.57;72.19;72.36;2350687
20140625;72.22;73.11;72.12;73.04;2983349
20140626;72.9;73.21;72.75;73.17;2259019
20140627;72.89;73.88;72.72;73.7;2173727
20140630;73.77;74.39;73.53;74.19;2854382
20140701;74.2;74.24;73.51;73.63;1998671
20140702;73.5;73.55;71.88;72.22;4515677
20140703;71.95;71.95;70.81;71.39;3496497
20140707;71.25;71.71;71.13;71.58;3139983
20140708;71.72;72.72;71.64;72.32;3182590
20140709;72.18;72.52;71.7;72.11;1993502
20140710;72.03;72.74;72.03;72.39;2001686
20140711;72.5;72.69;72.11;72.16;1863040
20140714;72.21;72.32;71.52;71.54;2358260
20140715;71.62;72.4;71.62;72.03;2253792
20140716;72.1;72.49;71.7;72.42;1894101
20140717;72.7;72.83;72.1;72.36;3007893
20140718;72.6;73.18;72.09;73.11;2604806
20140721;72.92;73.61;72.83;73.36;2043254
20140722;73.43;73.54;73.15;73.29;2016655
20140723;73.29;73.5;73.1;73.4;1677120
20140724;73.5;74.31;73.45;74.03;2240841
20140725;73.85;74.18;73.1;73.21;2143044
20140728;73.31;74.48;73.23;74.39;3281131
20140729;74.4;74.48;73.76;73.98;2236306
20140730;74.03;74.2;72.58;73.05;2782792
20140731;72.61;73.1;72.06;72.13;3249079
20140801;72.24;73.37;72.15;72.94;3960248
20140804;72.93;72.97;70.86;72.2;4511165
20140805;71.52;72.2;70.67;70.98;3111605
20140806;70.87;70.9;69.48;69.84;7066803
20140807;70.28;71.57;70.05;70.6;3607364
20140808;70.95;71.77;70.93;71.75;2756855
20140811;72;72.25;71.5;71.58;2116830
20140812;71.64;71.92;71.26;71.38;2847560
20140813;70.8;71.12;70.42;70.93;2141924
20140814;70.96;72.1;70.96;72.08;3587170
20140815;71.88;72.7;71.85;72.09;2981764
20140818;72.3;72.65;71.92;72.09;1826003
20140819;72.17;72.92;72.04;72.88;2188021
20140820;72.58;72.85;72.31;72.76;2073288
20140821;72.81;73.39;72.64;73.04;2027005
20140822;73.48;73.85;72.6;72.87;2518127
20140825;73.18;73.52;72.92;72.98;1798496
20140826;72.93;73.13;72.23;72.32;2119716
20140827;72.45;72.96;72.33;72.93;1889994
20140828;72.63;73.44;72.57;73.31;1872700
20140829;73.41;74;73.35;73.99;2985087
20140902;74.02;74.09;73.09;73.45;4079167
20140903;73.61;74.09;73.5;73.86;2121385
20140904;73.67;74.24;73.47;74.02;2247987
20140905;74.05;74.91;74;74.9;3012315
20140908;74.61;74.95;74.3;74.89;3403355
20140909;74.6;74.75;73.74;73.79;3670073
20140910;73.65;73.76;73.16;73.39;2977016
20140911;73.76;74.49;73.5;74.46;2865404
20140912;74.13;74.28;72.95;73.06;3826408
20140915;73.35;73.7;73.16;73.44;2300282
20140916;73.94;74.59;73.85;74.35;3483894
20140917;74.64;74.82;73.96;74.3;2991893
20140918;74.48;74.55;73.25;73.48;3476906
20140919;73.8;74.47;73.65;74.38;4045568
20140922;74;74.33;73.48;73.87;3061883
20140923;73.85;74.24;73.61;73.67;3157868
20140924;73.73;73.9;73.4;73.71;2160541
20140925;73.67;74.18;73.65;73.96;4234720
20140926;73.89;74.26;73.31;74.08;2988184
20140929;73.69;74.19;73.43;74.19;2041534
20140930;74.26;75.21;74.03;74.77;4189368
20141001;75.05;75.73;74.86;75.3;5296791
20141002;75.22;75.77;74.89;74.99;3516580
20141003;75.02;75.28;74.33;75.17;2670715
20141006;75.42;75.59;74.83;75.07;1814181
20141007;75.07;75.96;74.87;75.21;3057578
20141008;75.37;77.11;75.21;77.05;3962986
20141009;77;77.66;76.3;76.39;3472074
20141010;76.75;77.59;76.72;76.83;3985727
20141013;76.7;78.41;76.64;77.41;4942877
20141014;77.91;79.81;77.38;78.87;5818906
20141015;78.44;79.64;77.44;78.9;6592071
20141016;78.01;78.51;77.04;78.17;5226243
20141017;78.25;78.59;77.05;78.43;3517501
20141020;78.57;79.64;78.56;79.5;2503218
20141021;79.65;79.74;78.97;79.08;3715985
20141022;79.21;80.35;79.11;80.16;3736630
20141023;80.36;80.5;79.66;80.07;2946936
20141024;80.14;80.55;80.05;80.3;2846535
20141027;80.38;81.14;80.3;80.61;2045545
20141028;80.7;80.83;79.68;80.72;3206253
20141029;80.64;81.24;79.56;80.27;2701254
20141030;80.6;82.34;80.37;82.29;3293581
20141031;82.5;82.68;81.34;82.15;3229612
20141103;82.23;82.6;81.85;82.38;2347167
20141104;82.44;82.8;81.84;82.23;2402121
20141105;82.47;83.9;82;83.5;5372549
20141106;82.73;82.95;81.07;81.17;6788269
20141107;81.2;82.09;81.02;82.08;3273207
20141110;82.1;83.04;82.07;82.81;2582501
20141111;82.62;83.1;82.36;82.66;2741030
20141112;81.02;81.45;79.65;79.85;5524468
20141113;80.04;80.49;78.71;78.99;4119232
20141114;78.55;79.51;78.55;79.11;3204594
20141117;79.17;80.48;79.09;80.3;2983055
20141118;80.45;80.88;79.88;80.31;3762494
20141119;80.2;80.68;79.69;80.38;2756427
20141120;80.38;80.82;80.08;80.17;2114147
20141121;80.7;80.73;79.24;79.77;5247688
20141124;80.06;80.22;79.01;79.03;5065185
20141125;79.17;79.29;78.51;79.15;4188607
20141126;79.31;79.93;79.31;79.69;1990551
20141128;80;81.59;79.94;80.9;2393251
20141201;80.39;82.74;80.16;82;5087178
20141202;81.84;82.54;81.37;82.34;3174700
20141203;82.12;82.46;81.52;81.97;2208003
20141204;82.01;82.48;81.77;82.35;2534615
20141205;81.49;81.69;80.23;80.73;3577201
20141208;80.91;82.1;80.91;81.63;3740311
20141209;81.4;82.33;81.18;82.18;3873372
20141210;82.17;83.17;82.04;82.25;3942771
20141211;82.58;83.51;82.56;82.89;2956575
20141212;82.52;83.52;82.36;82.69;3339451
20141215;82.69;82.91;81.08;81.14;4398326
20141216;81.26;82.03;80.21;80.62;3608262
20141217;81.11;81.64;80.36;81.37;3382543
20141218;81.38;83.01;81.2;83.01;4349680
20141219;83.13;83.6;82.67;82.85;4738097
20141222;83.07;83.74;82.84;83.61;2695390
20141223;83.77;84.21;83.49;83.68;2022461
20141224;83.82;85.22;83.82;84.97;2407396
20141226;85.13;86.43;85.12;85.81;2984871
20141229;85.75;87.29;85.7;86.83;4072324
20141230;86.83;86.83;84.54;84.7;2983936
20141231;84.82;85.16;83.5;83.54;2808930
20150102;83.54;84.23;83.09;84.05;2269109
20150105;83.6;83.91;82.61;82.84;3780536
20150106;82.92;84.79;82.92;84.2;5291373
20150107;84.26;84.89;83.72;84.47;2583493
20150108;84.92;85.28;84.57;84.81;2168194
20150109;85;85.39;84.22;84.93;2679121
20150112;85.2;85.49;84.65;85.01;2300236
20150113;85.3;86.78;85.17;85.47;3529652
20150114;85.08;85.78;84.65;85.69;3383255
20150115;85.89;86.95;85.36;86.76;3890890
20150116;86.73;87.39;86.6;87.35;3903880
20150120;87.44;87.73;86.73;87.69;3180423
20150121;87.5;88.79;86.9;88.68;2834651
20150122;88.83;89.29;87.94;88.63;2542242
20150123;88.95;89.23;88.61;88.72;1817309
20150126;88.63;88.7;87.82;88.55;1750115
20150127;88.46;89.26;88.35;88.72;1906951
20150128;88.96;89.97;87.66;87.85;3199817
20150129;87.86;89.58;87.37;89.36;2850509
20150130;88.86;89.39;87.07;87.14;3526400
20150202;87;87.29;86.11;87;3610609
20150203;86.9;87.12;86.31;86.78;3980139
20150204;86.66;87.18;85.76;85.98;3686308
20150205;86.53;86.81;85.77;86.72;2548577
20150206;86.07;86.61;82.53;83.11;4356502
20150209;83.15;83.61;82.21;82.7;3938100
20150210;82.6;84.29;82.39;84.18;4130988
20150211;83.09;83.3;81.6;81.85;3368237
20150212;81.69;82.05;80.89;81.06;4835932
20150213;80.97;80.97;79.21;79.84;4677509
20150217;79.44;80.92;78.8;79.39;6286588
20150218;79.23;81.42;79.03;80.97;4841294
20150219;81.21;81.23;79.12;79.17;5473021
20150220;79.14;79.61;77.79;78.71;4419213
20150223;78.86;79.61;78.41;79.26;3944043
20150224;79.08;80.18;78.75;79.85;3771712
20150225;79.95;79.96;78.75;79.01;3250746
20150226;79.27;79.36;78.5;78.56;2549315
20150227;78.49;78.87;78.03;78.55;2474492
20150302;78.48;78.48;76.39;77.06;5027753
20150303;77.06;77.51;76.61;77.51;3688330
20150304;77.12;77.3;76.57;77.08;2773214
20150305;77.29;77.89;77.17;77.58;2562930
20150306;76.56;76.56;74.55;74.96;6385656
20150309;75;75.48;74.75;74.76;3301321
20150310;74.2;75.45;73.98;74.7;5272060
20150311;75.06;75.23;74.04;74.28;4941034
20150312;74.65;75.46;74.57;75.28;3497390
20150313;75.24;75.24;73.98;74.61;3089993
20150316;75.19;76.33;75.15;75.71;3235727
20150317;75.36;75.89;74.82;75.08;2565928
20150318;75.07;76.81;74.79;76.4;5754443
20150319;76.18;77.14;75.8;76.01;4431245
20150320;76.11;76.75;75.86;76.67;7064822
20150323;76.68;76.99;76.44;76.8;3073452
20150324;76.68;77.27;75.71;76.06;2642266
20150325;76.31;76.75;74.82;74.96;2984249
20150326;74.85;75.18;73.63;74.35;4173759
20150327;74.66;75.19;74.3;75;3182672
20150330;75.41;76.18;75.09;75.9;3353524
20150331;75.84;76.85;75.5;76.78;6030811
20150401;76.94;77.39;76.16;76.83;3388362
20150402;76.8;77.28;76.46;76.97;2505537
20150406;77.44;78.73;77.27;78.24;5268220
20150407;78.13;78.46;77.44;77.65;3691515
20150408;77.5;77.62;76.7;77.3;3168211
20150409;77.12;77.2;76.53;77.01;2051706
20150410;77.2;78.21;77.17;77.84;2191314
20150413;77.59;77.94;77.14;77.23;2265549
20150414;77.38;77.96;77.17;77.59;2260172
20150415;77.72;78.57;77.58;78.02;2671833
20150416;77.85;77.99;76.74;77.31;2903671
20150417;76.99;77.74;76.81;77.31;2924460
20150420;77.64;79.15;77.51;78.61;2624869
20150421;78.63;79.39;77.67;78.07;3311955
20150422;78.5;78.71;77.87;78.3;2466764
20150423;78.17;79.26;78.14;78.86;2429357
20150424;78.82;79.88;78.75;79.41;2599725
20150427;79.6;79.73;78.18;78.37;2860945
20150428;78.04;78.99;77.86;78.97;2626049
20150429;78.24;78.64;77.78;78.43;3873230
20150430;78.42;78.42;76.96;77.57;4305736
20150501;77.71;78.13;76.87;77.9;2861357
20150504;77.9;78.85;77.68;77.96;2745898
20150505;77.61;77.84;76.21;76.25;3820637
20150506;76.18;76.69;75.74;76.41;4844856
20150507;76.4;77.11;76.4;76.81;3601866
20150508;77.65;78.13;76.76;77.11;3378547
20150511;77;77.73;76.43;76.57;2892226
20150512;76.15;76.58;75.55;76.3;4114957
20150513;75.73;75.99;74.04;74.44;4505798
20150514;74.35;75.8;74.22;75.49;5111580
20150515;75.73;76.55;75.73;76.15;3333777
20150518;75.94;76.27;75.64;76.03;3076906
20150519;75.59;76.35;75.56;76.19;2803842
20150520;76.2;76.98;76.15;76.54;3395439
20150521;76.57;76.64;76.02;76.16;3192720
20150522;76;76.27;75.72;76.05;2150770
20150526;76.03;76.14;75.3;75.76;2851577
20150527;76;76.39;75.83;76.21;2789152
20150528;76.19;76.3;75.75;75.95;3167206
20150529;76.16;76.26;75.58;75.73;3115900
20150601;76.26;76.36;75.69;76;4027039
20150602;75.63;75.63;74.71;75.05;5105515
20150603;75;75.39;73.53;74.2;5564951
20150604;74;74.69;73.96;74.21;4544724
20150605;73.5;73.8;72.85;72.85;5564669
20150608;72.68;72.85;72.26;72.45;4761717
20150609;72.37;72.93;72.08;72.13;3618201
20150610;72.58;73;72.01;72.05;3512861
20150611;72.58;73.17;72.56;72.86;3427299
20150612;72.38;73.03;72.34;72.53;3788106
20150615;72.4;72.9;72.17;72.5;2928214
20150616;72.62;72.71;72.14;72.57;3215236
20150617;72.52;73.2;71.94;73.08;3861486
20150618;73.21;74.59;73.21;74.54;4780014
20150619;74.35;74.52;73.14;73.2;7284808
20150622;73.46;73.55;72.91;73.07;2246155
20150623;72.92;73.12;71.77;71.78;3937918
20150624;72.01;72.25;70.93;70.93;4908382
20150625;71.19;71.33;70.68;70.68;2900769
20150626;70.59;71.37;70.47;71;4537280
20150629;71.08;71.71;70.82;70.85;3219662
20150630;70.99;71.04;70.41;70.62;3911287
20150701;70.8;71.12;70.24;71.08;2372605
20150702;71.68;72.64;71.43;72.53;3377403
20150706;72.37;73;72.22;72.85;2830213
20150707;73.22;75.71;73.22;75.27;6836493
20150708;74.83;75.57;74.7;74.79;2918880
20150709;74.95;75.23;73.69;74.07;4500117
20150710;74.38;75.17;73.98;74.37;2381604
20150713;74.57;74.94;73.94;74.35;2796026
20150714;74.56;74.81;73.5;73.8;3372504
20150715;73.7;74.15;73.36;74.02;2521633
20150716;74.11;74.99;74.07;74.81;3137778
20150717;74.49;74.74;73.5;73.57;3779631
20150720;73.6;73.78;72.77;73.27;2897107
20150721;73.2;73.2;72.02;72.42;2939834
20150722;72.46;73.02;72.29;72.37;3316620
20150723;72.26;72.31;71.02;71.56;3358740
20150724;71.57;72.02;71.25;71.69;1818371
20150727;71.76;73.31;71.75;73;3104004
20150728;72.8;73.38;72.68;73.13;3242774
20150729;72.93;73.27;72.41;73.11;2797093
20150730;72.75;73.68;72.68;73.45;2479203
20150731;74.2;74.93;74.03;74.22;2761204
20150803;74.3;75.08;74.29;74.96;2755238
20150804;74.88;74.88;73.77;73.92;2413816
20150805;74.2;74.49;73.66;73.98;1979342
20150806;73.98;73.98;72.65;73.84;4098965
20150807;73.59;75.34;73.14;75.15;3637494
20150810;75.15;75.41;74.59;74.81;3594530
20150811;75.04;75.88;74.57;75.29;3431827
20150812;74.4;76.05;74.22;75.56;4399846
20150813;75.38;75.83;74.67;75.58;2690638
20150814;75.37;76.48;75.14;76.37;2455817
20150817;76.45;76.94;76.14;76.52;2401610
20150818;76.39;76.49;76;76.24;2681084
20150819;76.1;77.39;75.61;77.21;4422163
20150820;76.78;77.45;76.25;76.77;3740868
20150821;76.15;77.53;75.87;76.71;6031877
20150824;74.66;75.19;72.03;72.44;7492790
20150825;73.27;74.12;70.15;70.21;5582953
20150826;71.22;71.94;70.53;71.74;6795933
20150827;72.23;72.82;71.7;72.52;4762911
20150828;72.6;72.6;71.16;72.39;3022354
20150831;71.84;72.35;70.35;70.91;4338403
20150901;70.26;70.29;68.66;69.05;3813806
20150902;69.68;69.78;68.67;69.16;3501799
20150903;69.54;69.74;69.03;69.28;2329300
20150904;68.7;68.9;67.98;68.26;3287749
20150908;68.8;69.37;68.53;69.36;2895171
20150909;69.63;69.76;68.1;68.21;3278569
20150910;68.2;68.5;67.49;67.74;3225648
20150911;67.64;68.36;67.27;68.34;3047237
20150914;68.4;68.86;68.11;68.31;2126530
20150915;68.36;68.9;67.69;68.59;2996344
20150916;68.92;69.42;68.63;69.18;3410560
20150917;69.23;70.98;69.02;69.91;4229245
20150918;69.25;70.06;69.18;69.45;5328184
20150921;69.3;70.18;69.25;70.05;2511950
20150922;69.58;70.04;68.94;69.15;3384943
20150923;69.18;69.36;68.46;69.09;1923828
20150924;68.87;70.47;68.65;70.32;3774239
20150925;70.31;71.42;69.91;70.71;3302502
20150928;70.59;71.26;70.34;70.45;3013937
20150929;70.44;70.9;70.03;70.73;2782513
20150930;70.95;72.02;70.65;71.94;3209815
20151001;71.99;72.13;70;70.67;3411017
20151002;71.32;71.99;70.54;71.96;4122593
20151005;72.33;73.3;71.78;73.08;3157200
20151006;72.99;73.44;72.34;73.09;4497806
20151007;73.15;73.43;72.59;72.67;4097533
20151008;72.4;73.22;72.14;73;2344276
20151009;72.93;73.24;72.02;72.26;3071586
20151012;72.26;73.47;72.25;72.82;2304375
20151013;72.75;73.1;72.25;72.53;2391084
20151014;72.56;72.94;72.25;72.34;2226535
20151015;72.69;73.59;72.29;73.48;2307929
20151016;73.83;74.17;73.45;73.59;2575199
20151019;73.49;73.78;72.73;73.58;2183596
20151020;73.49;74.08;73.31;73.7;2445225
20151021;73.96;74.38;73.56;73.86;2028222
20151022;74.02;75.29;73.81;75.06;2462991
20151023;74.87;75.24;73.6;73.74;2055040
20151026;73.94;73.94;71.59;72.25;5127722
20151027;72.25;72.87;72.02;72.41;3096040
20151028;72.5;72.89;70.73;71.55;2568454
20151029;71.19;71.62;70.3;71.57;3941398
20151030;71.63;71.89;71.27;71.47;2918894
20151102;71.4;72.29;71.09;72.18;3324379
20151103;71.85;72.37;71.5;72.24;2884126
20151104;72.07;72.55;71.7;71.93;3143837
20151105;71.8;72.18;70.69;71.45;4090104
20151106;69.99;70.06;67.07;67.76;7414712
20151109;67.59;68.87;67.33;67.97;5404256
20151110;67.25;67.79;67.13;67.37;3068018
20151111;67.53;68.44;67.4;68.23;2738011
20151112;68.01;68.81;67.28;67.29;3095578
20151113;67.45;67.99;66.68;66.89;3497182
20151116;66.89;67.75;66.76;67.73;2782486
20151117;67.54;68.01;65.64;65.83;5423417
20151118;66.14;67.3;65.82;67.2;3856609
20151119;67.49;68.53;67.25;68.49;3770637
20151120;68.85;69.46;68.64;69.1;3734360
20151123;69.05;69.25;67.79;68.01;3442340
20151124;67.76;68.19;67.36;68.08;2860850
20151125;67.97;68.16;67.58;67.72;1972953
20151127;67.74;68.3;67.49;67.51;1482006
20151130;67.61;68.23;67.55;67.76;3847729
20151201;68.05;68.44;67.39;68.06;2846877
20151202;67.88;67.94;66.06;66.13;4304032
20151203;66.04;66.73;65.5;66.23;3960434
20151204;66.49;67.1;66.3;67.04;2712078
20151207;66.8;68.56;66.77;68.5;4328101
20151208;68.27;68.6;67.81;68.44;3690121
20151209;68.17;69.5;67.9;68.61;2703195
20151210;68.45;68.46;67.31;67.43;2972671
20151211;67.19;67.98;66.99;67.84;4730328
20151214;67.81;68.5;67.25;68.45;3645409
20151215;68.57;69.53;68.26;68.84;4233305
20151216;69.29;70.29;69.11;70.03;4747795
20151217;70.07;71.02;69.7;70.5;4205837
20151218;70.08;70.35;68.78;69.6;6136909
20151221;69.96;70.26;69.33;69.81;2122635
20151222;70.35;71.15;69.66;70.95;2948958
20151223;71.15;72.31;71.08;72;2737702
20151224;72;72.39;71.9;72.04;1018162
20151228;71.75;72.26;71.6;71.92;2351806
20151229;72.28;72.75;72.17;72.37;1943634
20151230;72.37;72.6;72.12;72.19;2062133
20151231;72.14;72.22;70.74;71.39;2999478
20160104;70.93;71.21;70.16;71.19;3565451
20160105;71.18;71.85;70.18;71.7;2706795
20160106;71.11;72.18;70.87;71.86;2382816
20160107;71.05;71.77;70.89;71.2;2887788
20160108;71.19;71.68;70.91;71.04;2198006
20160111;71.25;72.05;71.2;71.83;2968865
20160112;72.14;72.26;70.6;71.27;2976160
20160113;71.36;72.35;71.29;71.7;2622719
20160114;71.73;72.83;71.16;72.37;3645240
20160115;71.48;72.3;71.02;72.08;4818989
20160119;72.47;73.36;72.09;73.16;3179767
20160120;72.57;72.99;70.65;71.42;3593312
20160121;71.7;72.14;70.35;71.09;4501454
20160122;71.58;72.24;70.95;72.18;3161445
20160125;72.19;72.29;71.52;71.8;2398640
20160126;72;73.2;71.74;72.22;2601256
20160127;72;72.89;71.66;72.41;2087017
20160128;72.17;73.96;71.83;73.47;2293980
20160129;73.99;75.41;73.93;75.3;4822440
20160201;75.18;77.68;75.02;77;6727089
20160202;76.09;76.94;76.03;76.75;4666962
20160203;76.84;78.72;76.76;78.56;4913254
20160204;78.27;79.03;77.88;78.58;4545889
20160205;78.17;79.22;77.35;79.04;3521930
20160208;79.25;80.1;78.6;79.17;5350635
20160209;78.75;79.81;78.24;78.93;3806508
20160210;77.61;78.56;76.39;78.12;4134944
20160211;77.77;78.31;76.77;76.8;4053553
20160212;76.96;77.31;75.51;76.24;4520436
20160216;76.2;76.49;75.45;76.29;3550165
20160217;76.52;76.58;75.27;75.5;4989497
20160218;75.04;76.66;74.69;76.21;6529897
20160219;75.93;75.93;74.19;74.55;6272120
20160222;74.8;75.21;74.26;74.84;3893699
20160223;74.65;75.17;74.23;74.81;4231879
20160224;74.99;75.44;74.34;74.95;3869778
20160225;75.16;76.45;74.84;76.44;3494067
20160226;76.07;76.31;73.95;74.03;4250855
20160229;73.96;74.94;73.79;74.28;3519523
20160301;74.66;74.72;72.7;73.35;6084748
20160302;73.35;73.88;72.48;73.63;12096999
20160303;73.76;74.42;72.94;74.33;4237982
20160304;73.98;75.55;73.67;75.17;3826849
20160307;75;76.26;74.82;76.25;3469795
20160308;76.32;77.31;75.9;77.27;4691546
20160309;77;77.83;76.7;77.51;5048720
20160310;77.51;77.88;76.84;77.26;4552841
20160311;77.92;78.14;77.51;77.76;2908913
20160314;77.96;78.04;77.21;77.72;2902285
20160315;77.5;78.26;77.44;78.05;3312275
20160316;78.2;79.08;77.08;78.95;3422083
20160317;79.05;80.22;78.68;79.99;4042030
20160318;80.26;80.4;79.42;79.67;6526815
20160321;79.06;79.95;78.55;79.52;2940607
20160322;79.42;79.8;78.84;78.88;2862750
20160323;78.86;80.01;78.43;79.81;2565722
20160324;79.54;80.11;79.33;79.75;2609455
20160328;79.75;80.35;79.31;79.48;1745681
20160329;79.7;80.46;79.06;80.44;2771748
20160330;80.4;80.59;79.78;80.35;1660088
20160331;80.35;80.71;79.81;80.68;2812976
20160401;80.48;81.32;80.28;81.13;3155315
20160404;81.15;81.38;80.4;81.09;1903429
20160405;81.06;81.39;79.77;79.9;3002202
20160406;79.6;79.77;78.67;79.36;3309485
20160407;79.2;80.01;79.2;79.29;2506888
20160408;79.63;80.35;79.54;79.77;1953681
20160411;79.84;80.19;79.43;79.44;1928322
20160412;79.75;80.39;79.35;80.22;2075295
20160413;80.41;80.41;79.13;79.63;1899901
20160414;79.61;79.76;79.06;79.45;1807844
20160415;79.46;80.17;79.34;80;2520760
20160418;79.85;80.4;79.49;80.4;1993496
20160419;80.56;80.64;79.31;79.79;3543490
20160420;79.99;80.25;78.13;78.2;3238246
20160421;78.2;78.29;76.21;76.34;4967061
20160422;76.64;77.12;76.43;77.01;2711619
20160425;76.82;77.17;76.43;76.76;2807352
20160426;76.97;77.21;76.53;76.95;2105691
20160427;77.24;78.58;77.01;78.06;2927600
20160428;77.32;78.42;77.02;78.34;2286957
20160429;77.81;78.85;77.24;78.78;2727378
20160502;78.83;79.63;78.68;78.94;2990164
20160503;78.94;79.61;78.37;78.84;3026758
20160504;78.83;80.61;78.64;80.02;4192424
20160505;79.7;80.74;79.54;80.18;3698428
20160506;80.11;80.13;78.36;79.38;4454174
20160509;79.34;80.43;79.14;80.06;2679087
20160510;80.41;80.5;79.84;80.06;2457833
20160511;80.3;80.5;79.55;80.49;2704407
20160512;80.35;81.28;79.91;81.08;2762313
20160513;81.08;81.15;80.27;80.77;2612541
20160516;80.58;81.01;80.16;81;2426488
20160517;80.9;80.9;79.06;79.51;3682148
20160518;78.6;78.6;76.36;76.57;4109432
20160519;76.17;77.01;75.72;76.97;2882963
20160520;77.26;77.27;76.47;77;2444902
20160523;77.04;77.18;76.08;76.15;2755050
20160524;76.42;77.09;76.23;76.99;2423582
20160525;76.95;77.11;76.35;76.95;3613463
20160526;76.99;78.01;76.99;77.96;1816738
20160527;77.94;78.14;77.6;77.98;2194244
20160531;78.01;78.37;77.68;78.23;4164965
20160601;78.25;79.03;78;79.02;2917096
20160602;78.72;79.01;77.96;78.94;2453074
20160603;79.64;80.46;79.62;80.08;4171028
20160606;80.27;80.47;79.57;79.84;3007803
20160607;80.24;80.47;79.83;79.99;1957694
20160608;79.84;80.51;79.84;80.51;1672289
20160609;80.43;81.41;80.13;81.26;2534494
20160610;81.23;81.6;80.62;81.24;3222974
20160613;81.6;82;81.33;81.61;2879762
20160614;81.51;82.44;81.3;82.41;3120273
20160615;82.42;82.58;81.28;81.53;3229045
20160616;81.9;82.71;81.7;82.53;3395857
20160617;82.58;83;81.87;82.98;5575875
20160620;82.73;82.9;81.32;82;3800807
20160621;81.67;82.51;81.48;82;2042627
20160622;82.05;82.18;81.73;81.83;1697661
20160623;81.86;82.06;81.36;82.05;1582732
20160624;81.63;83.29;81.41;82.43;3699292
20160627;82.38;84.16;82.29;83.99;4394782
20160628;83.77;84;83.12;83.94;4507005
20160629;84.22;84.5;83.66;84.15;3699803
20160630;84.3;85.79;84.14;85.79;5473077
20160701;85.91;86.15;84.77;85.63;3402717
20160705;85.79;87.02;85.61;86.93;3746885
20160706;86.86;87.31;86.29;87.23;3785900
20160707;86.79;87.02;84.94;85.29;4186596
20160708;85.16;86.06;84.22;86.01;2809928
20160711;85.43;86.12;84.58;86.01;2648536
20160712;85.5;85.75;84.37;84.44;3774799
20160713;84.99;85.21;84.51;85.05;3694906
20160714;84.45;84.94;84.2;84.75;2990594
20160715;84.99;85.29;84.45;84.92;2334411
20160718;85.13;85.63;85;85.25;2965382
20160719;85.17;85.49;84.82;85.38;4025276
20160720;85.38;85.43;84.58;84.92;2124911
20160721;84.56;85.5;84.23;85.4;2360575
20160722;85.25;86.57;85;86.5;2226854
20160725;86.49;86.71;86.03;86.69;2185642
20160726;86.64;86.84;85.56;85.75;2250030
20160727;85.6;85.65;84.15;84.83;3751738
20160728;84.87;85.43;84.64;85.2;1724844
20160729;85.45;85.99;85.21;85.59;3197346
20160801;85.4;86;85.33;85.65;2445537
20160802;85.24;85.73;84.81;85.56;3083802
20160803;85.43;85.58;84.7;85.15;3076765
20160804;85;85.5;84.8;85.24;2351747
20160805;85;85;84.05;84.23;3540224
20160808;84.33;85.12;83.85;84.74;3977505
20160809;84.66;85.03;84.36;84.73;3195898
20160810;84.03;84.54;83.28;83.79;2732128
20160811;83.92;83.97;83.46;83.91;2731403
20160812;84.14;84.3;83.45;83.49;2634738
20160815;83.61;83.8;81.61;81.66;4025611
20160816;81.51;81.58;80.41;80.45;4648975
20160817;80.45;81.82;79.15;81.69;5850867
20160818;81.56;82.78;81.52;82.78;3961194
20160819;82.45;82.56;81.23;81.65;2632006
20160822;81.88;82.22;81.49;81.89;1888706
20160823;82.02;82.35;81.43;81.45;2199417
20160824;81.38;81.75;80.8;81.56;2048569
20160825;81.66;82.08;81.45;81.73;1858326
20160826;81.74;82.17;79.82;79.92;2400721
20160829;80.11;80.61;80.07;80.44;1923422
20160830;80.4;80.79;79.4;79.52;3101032
20160831;79.52;79.75;79.22;79.66;3546181
20160901;79.66;79.8;79.13;79.33;2428567
20160902;79.33;80.28;79.22;80.24;2767609
20160906;80.55;81.23;80.24;80.94;2775929
20160907;81.26;81.26;80.38;80.54;2259627
20160908;80.44;81.01;80.27;80.81;2047107
20160909;80.04;80.22;77.92;77.95;3329491
20160912;78.11;79.56;77.9;79.28;3518388
20160913;79.32;79.46;78.44;78.79;3602362
20160914;79.75;87.75;78.38;78.67;2531975
20160915;78.26;79.17;78.26;79.06;2518507
20160916;78.54;79.68;78.45;79.61;5058225
20160919;79.77;80.52;79.65;80.46;3159627
20160920;80.51;80.84;80.17;80.17;2399704
20160921;80.18;81.93;80.17;81.9;2728149
20160922;82.12;82.63;81.76;82.51;2707344
20160923;82.28;82.79;82;82.52;2348821
20160926;82.42;82.67;81.86;82.15;2718086
20160927;82.51;82.81;81.29;81.43;2268288
20160928;81.73;81.73;80.44;81.1;1998505
20160929;80.82;80.82;79.68;80.31;2898863
20160930;80.62;80.94;79.51;80.04;3883040
20161003;79.78;79.84;78.53;79.09;2963183
20161004;79.1;79.49;77.11;77.46;3491927
20161005;77.58;78.37;76.93;77.09;3834155
20161006;77.05;77.91;76.54;77.09;5137591
20161007;77.63;78.21;76.52;76.57;4537993
20161010;76.88;77.38;76.54;77.06;2381509
20161011;76.8;76.82;75.81;75.91;3479439
20161012;76.03;76.81;76;76.65;3082368
20161013;76.57;78.47;76.57;77.94;3773614
20161014;77.68;77.98;77.18;77.21;2460481
20161017;77.3;77.81;77.24;77.54;1784521
20161018;77.91;78.25;76.95;77.9;2481537
20161019;77.9;78.28;77.5;78.13;2547351
20161020;78.23;79.09;77.97;78.42;2803992
20161021;78.02;78.26;77.55;78.02;2133129
20161024;78.31;78.61;77.81;78.4;2868073
20161025;78.27;78.82;78.15;78.59;3664546
20161026;78.58;78.93;78.12;78.77;2215132
20161027;78.44;78.74;77.94;78.42;1982544
20161028;78.57;79.09;78.28;78.72;1608778
20161031;78.96;80.49;78.8;80.02;3523874
20161101;80.04;80.05;78.34;78.57;2985024
20161102;78.37;78.47;76.93;78;3239576
20161103;77.83;78.36;77.4;77.98;2455263
20161104;78.5;79.18;77.18;77.27;2849356
20161107;77.81;79.13;76.9;79.13;3303852
20161108;79.32;79.99;79;79.65;2243228
20161109;79;79;77.15;77.34;4758422
20161110;76.99;76.99;73.69;75.16;6005420
20161111;75.11;75.98;74.75;75.24;3745967
20161114;75.09;75.1;73.58;74.44;5902955
20161115;74.96;76.37;74.86;75.93;4441954
20161116;75.28;75.57;73.69;73.97;4849292
20161117;73.96;74.5;73.75;73.87;4460056
20161118;74.01;74.21;73.34;73.6;4450492
20161121;73.99;74.5;73.78;74.43;3204317
20161122;74.12;74.34;73.27;73.88;3590753
20161123;73.32;74.3;73.23;73.54;2947778
20161125;73.75;74.71;73.73;74.35;1972203
20161128;74.66;76.14;74.62;76.08;4049028
20161129;75.79;76.67;75.63;76.37;3763059
20161130;75.27;75.36;73.77;73.77;5583153
20161201;73.5;73.57;72.47;72.75;4324845
20161202;73.3;74.18;72.94;73.42;3754148
20161205;73.14;73.61;72.34;73.61;3559201
20161206;73.83;74.22;73.6;73.86;3140033
20161207;73.98;74.77;73.88;74.67;3370910
20161208;74.11;74.93;73.5;74.73;3386584
20161209;74.68;75.84;74.61;75.82;3196119
20161212;75.65;76.59;75.58;76.48;3963608
20161213;76.67;77.45;76.52;77.32;3968706
20161214;77.6;77.94;75.35;75.53;4756011
20161215;75.34;76.11;74.95;76.03;3127737
20161216;76.2;76.8;75.78;76.59;7037998
20161219;77.1;77.24;76.37;77.13;2774996
20161220;76.71;77.58;76.62;77.35;2639185
20161221;77.23;77.66;76.98;77;2013330
20161222;76.96;78.05;76.91;77.77;3339006
20161223;77.77;77.83;77.25;77.62;1421414
20161227;77.49;77.73;77.13;77.48;1554468
20161228;77.54;77.62;76.9;77.03;1897615
20161229;77.11;78.17;77;78.02;2976489
20161230;78.05;78.24;77.35;77.62;2465556
20170103;77.65;78.02;77.02;77.73;2905885
20170104;77.65;78.35;77.63;77.65;2531056
20170105;77.9;77.96;77.04;77.75;3284643
20170106;77.5;77.87;77.26;77.49;3132399
20170109;77.61;77.73;76.4;76.64;4585676
20170110;76.49;76.83;76.14;76.5;2839994
20170111;76.28;77.2;76.25;77.1;2726221
20170112;76.97;77.61;76.77;77.54;2476286
20170113;77.34;77.48;76.77;77.21;1954531
20170117;77.47;77.83;77.26;77.46;3754997
20170118;77.38;77.91;77.28;77.5;2235709
20170119;77.27;77.57;76.88;77.12;2575474
20170120;77.32;77.58;76.95;77.33;2662840
20170123;77.43;77.68;76.89;77.03;2166778
20170124;77.2;77.33;76.86;77.18;2751383
20170125;76.93;77.12;76.56;77.08;2346970
20170126;76.99;77.23;76.64;77.12;3085410
20170127;77.32;77.63;76.73;76.94;2562052
20170130;76.98;77.52;76.7;77.12;2379117
20170131;77.12;78.56;77.12;78.54;3753652
20170201;78.14;78.26;77.08;77.36;3455080
20170202;77.57;77.94;77.16;77.79;2997371
20170203;77.89;78.04;77.48;77.65;2478070
20170206;77.89;78.04;77.45;77.57;2017146
20170207;77.65;77.86;77.41;77.75;1629926
20170208;77.82;78.71;77.74;78.64;2973576
20170209;78.53;78.84;77.57;77.75;3351432
20170210;77.59;78.16;77.59;78.1;2549973
20170213;78.26;78.69;77.9;78.69;2925882
20170214;78.56;78.68;77.59;78.04;3715806
20170215;76.79;77.17;76.28;76.78;3802909
20170216;77.17;79.21;76.77;78.9;6795552
20170217;78.7;78.99;77.98;78.36;4104558
20170221;78.3;79.22;77.93;79.09;2734984
20170222;79.21;79.99;78.96;79.87;2895026
20170223;79.98;81.07;79.9;80.91;2801227
20170224;81.2;82.21;81.17;81.96;3846758
20170227;81.93;82.2;81.5;81.86;2505846
20170228;81.59;82.82;81.59;82.55;3529876
20170301;81.6;82.52;81.2;81.93;4832281
20170302;81.6;82.78;81.39;82.36;4176131
20170303;82.14;82.16;81.28;81.91;2856184
20170306;81.96;82.08;81.53;81.87;2785102
20170307;81.59;82.07;81.46;81.69;3732571
20170308;81.11;81.12;80.25;80.32;3342612
20170309;80.52;80.79;80.02;80.05;3074490
20170310;80.41;80.95;80.17;80.64;3334445
20170313;80.8;80.97;80.46;80.87;3423476
20170314;80.85;81.11;80.61;80.87;2151186
20170315;81.08;82.36;80.84;82;3727684
20170316;82.2;82.33;81.24;81.62;4352257
20170317;81.85;82.25;81.52;81.84;7276875
20170320;81.93;82.1;80.86;81.18;3270978
20170321;81.15;83.01;81.12;82.68;5092488
20170322;82.99;83.59;82.58;82.76;2881795
20170323;82.49;83.29;82.35;82.68;2409985
20170324;82.61;83.27;82.45;82.99;2078812
20170327;83.32;83.58;82.41;82.79;2125771
20170328;82.54;82.98;82.35;82.93;2458530
20170329;82.74;82.74;82.19;82.42;2087586
20170330;82.11;82.12;81.66;82.04;2467343
20170331;81.91;82.47;81.73;82.01;2251821
20170403;81.9;82.29;81.27;82.25;2756209
20170404;82.24;82.69;81.98;82.37;1761394
20170405;82.27;82.97;82.11;82.87;2063954
20170406;82.66;82.87;82.37;82.59;2499238
20170407;82.8;82.99;82.21;82.26;2453141
20170410;82.3;82.44;81.85;82.4;2563932
20170411;82.32;82.4;81.78;82.19;1876596
20170412;81.96;82.84;81.76;82.78;2230805
20170413;82.76;82.9;82.13;82.59;2425152
20170417;82.7;83.01;82.54;82.93;2046645
20170418;82.9;83.26;82.65;82.86;2257382
20170419;82.84;82.91;82.02;82.35;2132635
20170420;82.16;82.16;81.42;82.03;2330809
20170421;82.1;82.7;82.03;82.21;2471128
20170424;82.41;82.69;81.64;82.58;2641318
20170425;82.41;82.72;82.12;82.69;2954379
20170426;82.57;83.29;82.44;82.6;2291774
20170427;82.68;83.35;82.6;82.9;1736736
20170428;82.71;82.9;82.26;82.5;2166592
20170501;82.51;82.62;81.85;82.07;2069884
20170502;82.23;82.58;81.9;82.39;2576111
20170503;82.28;82.55;81.91;82.04;2128876
20170504;81.93;82.66;81.87;82.59;2110419
20170505;82.69;83.15;82.69;82.98;2144467
20170508;83.02;83.16;82.37;82.92;2179707
20170509;82.53;82.97;82.08;82.11;2477977
20170510;82.27;82.7;82.01;82.48;2142991
20170511;82.15;83.02;82.06;83;2372914
20170512;83.1;83.67;83.02;83.48;2013524
20170515;83.55;83.79;83.26;83.58;2043048
20170516;83.58;83.8;83.09;83.12;2614679
20170517;82.3;83.24;82.3;82.78;4344700
20170518;83.1;83.66;82.49;83.25;3772291
20170519;83.36;83.43;82.72;83.37;3104653
20170522;83.27;84.34;83.19;84.1;2213195
20170523;84.13;84.78;84.02;84.3;1749293
20170524;84.47;84.88;84.39;84.69;2971948
20170525;84.81;85.25;84.61;85.14;2802506
20170526;85.19;85.35;84.95;85.07;2023992
20170530;85.2;85.54;84.88;85.41;2501605
20170531;85.52;86.01;85.4;85.68;3250810
20170601;85.48;86.4;85.24;86.4;3158924
20170602;86.79;86.8;85.92;86.28;2114546
20170605;86.25;86.3;85.69;85.83;2284907
20170606;86.09;86.16;85.66;85.81;2066779
20170607;85.81;86.24;85.58;86.09;3025144
20170608;85.98;86.02;84.75;85.38;2571059
20170609;85.1;85.75;84.92;85.72;2264839
20170612;85.73;86.19;85.08;85.62;3292875
20170613;85.53;86.05;85.42;85.95;2421358
20170614;86.44;86.84;86.09;86.32;2432857
20170615;86.21;86.96;86.08;86.95;2468139
20170616;87.12;87.49;86.91;87.14;4996929
20170619;87.31;87.31;86.52;86.89;2394499
20170620;86.84;87.05;86.67;86.91;2420427
20170621;86.93;87.14;86.12;86.57;1735199
20170622;86.4;86.73;86.22;86.28;2106922
20170623;86.22;86.6;85.86;85.96;1543029
20170626;86.33;87.05;85.99;86.7;2834523
20170627;86.36;86.54;85.45;85.7;2404538
20170628;86.03;86.08;84.86;84.97;3180745
20170629;84.73;84.73;83.77;84.03;3859290
20170630;84.15;84.42;83.59;83.59;3607625
20170703;83.78;83.84;83.16;83.31;1705902
20170705;83.32;83.49;82.72;83.29;3529956
20170706;83.1;83.3;82.77;83.21;2801781
20170707;83.22;83.75;83.09;83.42;2531389
20170710;83.58;83.82;83.16;83.19;1833910
20170711;83.37;83.44;82.8;83.18;2558039
20170712;83.83;84.27;83.71;83.98;2946639
20170713;83.82;83.98;83.35;83.37;2175390
20170714;83.85;84.13;83.68;83.84;1377285
20170717;83.84;84.1;83.6;84.03;1594112
20170718;84.07;84.28;83.93;84.19;1653505
20170719;84.27;84.43;83.96;84.35;1790077
20170720;84.6;84.95;84.24;84.93;1971679
20170721;84.89;85.23;84.38;85.2;2494385
20170724;85.24;85.28;84.33;84.55;2541732
20170725;84.57;84.66;83.69;83.81;1926924
20170726;83.68;84.46;83.6;84.45;1702755
20170727;84.2;85.05;84.05;85.05;2179750
20170728;85.01;85.23;84.58;84.91;2089799
20170731;84.9;85.33;84.66;85.12;2441984
20170801;85.15;85.52;85.05;85.17;2825051
20170802;85.01;85.74;84.65;85.74;2131600
20170803;86;86.52;85.51;86.51;2915600
20170804;86.17;86.58;85.97;86.48;2599641
20170807;86.46;86.55;86;86.26;2026377
20170808;86.1;86.61;86.01;86.6;2045763
20170809;86.76;86.9;86.01;86.2;2115384
20170810;86.2;86.6;85.76;86.39;2140907
20170811;86.47;86.47;85.16;85.7;2516839
20170814;85.82;86.27;85.64;86.12;2473805
20170815;85.91;86.97;85.89;86.89;1876288
20170816;85.97;86.37;85.71;86.31;1804213
20170817;86.31;86.45;85.8;85.87;2055010
20170818;85.75;86.83;85.61;86.38;2853827
20170821;86.5;86.68;86.16;86.58;2090794
20170822;86.58;86.71;86.11;86.55;1719810
20170823;86.57;86.99;86.14;86.88;1931889
20170824;86.74;87.12;86.57;86.77;1984917
20170825;87.39;87.55;86.97;87.23;1708883
20170828;87.37;87.5;86.97;87.42;1185375
20170829;87.55;87.95;87.33;87.5;1828384
20170830;87.32;87.58;87.07;87.28;1425728
20170831;87.38;87.53;87.22;87.3;2188330
20170901;87.48;87.55;86.73;87.09;1364063
20170905;87.2;87.53;86.79;87.41;1995115
20170906;87.52;87.62;86.81;86.99;1978908
20170907;87.09;87.56;86.87;87.34;1943802
20170908;87.37;88.03;87.21;87.78;1938288
20170911;87.64;88.4;87.47;88.34;1674681
20170912;88.3;88.34;86.72;87.28;2900220
20170913;87.22;87.24;86.66;86.77;2544780
20170914;86.74;87.58;86.53;87.5;2755926
20170915;87.5;87.78;86.82;87.3;6419300
20170918;87.3;87.31;85.53;86.06;2868185
20170919;86.06;86.27;85.88;85.98;1954331
20170920;86.21;86.25;84.86;85.2;2982650
20170921;85.22;85.66;85;85.16;2456066
20170922;85.36;85.4;84.22;84.25;1799186
20170925;84.25;85.14;84.24;85.14;2117308
20170926;85.04;85.16;84.69;84.82;1570637
20170927;84.4;84.6;83.52;83.94;2318947
20170928;83.65;84.5;83.4;84.26;2365763
20170929;84.13;84.22;83.6;83.92;2384511
20171002;84.07;84.62;83.78;84.36;2601145
20171003;84.2;84.23;83.52;83.85;1926595
20171004;83.9;84.48;83.65;84.47;3088761
20171005;84.56;84.72;84.14;84.29;2060336
20171006;84.01;84.74;83.8;84.64;2744526
20171009;84.75;85.25;84.69;84.82;2720918
20171010;85;85.88;84.8;85.79;1593084
20171011;85.8;86.68;85.76;86.39;2235905
20171012;86.45;87.07;86.4;86.97;2273027
20171013;87.18;87.6;86.75;86.79;2073122
20171016;86.7;87.15;86.42;87.13;1728720
20171017;86.99;87.59;86.78;87.51;2355546
20171018;87.34;87.46;86.51;87.04;1530565
20171019;87.02;87.88;87.01;87.85;1672524
20171020;87.73;88.06;87.52;87.93;2033616
20171023;87.96;88;86.88;87.54;2609622
20171024;87.65;88.06;87.34;87.99;2197754
20171025;87.61;87.96;86.71;87.75;2268440
20171026;88.12;88.55;87.35;87.36;2708370
20171027;87.23;88.52;87.12;87.95;2059794
20171030;87.78;88.2;87.68;88.11;2262259
20171031;88;88.64;87.8;88.31;2666735
20171101;88.56;88.56;87.56;87.86;2024612
20171102;88;88.73;87.67;88.56;3518305
20171103;88.28;89.5;88.16;88.52;2405165
20171106;88.36;88.72;87.77;87.87;2557215
20171107;88.08;89.43;87.61;89.36;2315029
20171108;89.15;89.68;88.67;89.23;3057729
20171109;89.06;89.74;88.91;89.63;2101624
20171110;89.1;89.29;88.65;88.89;2216668
20171113;89.06;90.22;88.98;89.88;2626644
20171114;89.68;91.14;89.61;91.09;2713140
20171115;91.38;91.8;90.42;90.58;3304371
20171116;89.75;89.91;88.88;89.21;3205160
20171117;88.86;89.28;88.45;88.52;2652701
20171120;88.62;88.99;88.32;88.66;2559207
20171121;88.76;89.2;88.66;88.81;2466994
20171122;88.74;88.89;88.29;88.63;1653034
20171124;88.82;89.08;88.64;88.78;936345
20171127;88.89;89.02;88.41;88.88;3129284
20171128;89.08;89.4;88.68;88.98;3013696
20171129;88.77;89.35;88.32;89;2917801
20171130;89.15;89.41;88.74;89.18;4393116
20171201;89.39;89.72;88.19;88.73;3088450
20171204;89.07;89.43;88.43;88.62;2552267
20171205;88.71;88.75;87.45;87.96;3261279
20171206;88.23;88.5;87.88;88.31;1970421
20171207;88.25;88.27;87.54;87.9;2345992
20171208;87.57;88.12;87.57;88.05;2701688
20171211;87.81;88.39;87.55;88.37;2244217
20171212;88.04;88.23;87.07;87.13;2787210
20171213;87.43;88.19;87.15;87.56;3938156
20171214;87.52;87.84;86.72;87.56;2437793
20171215;87.71;88.16;87.55;87.84;6372814
20171218;88;88.15;86.4;86.54;3165990
20171219;86.66;86.73;84.93;85.01;2635078
20171220;85;85.4;84.43;84.49;2011358
20171221;84.45;84.77;83.75;84.3;2966418
20171222;84.4;84.62;83.97;84.17;1683935
20171226;84.26;84.38;83.56;83.6;1223077
20171227;83.64;84.1;83.64;83.98;1663697
20171228;84.08;84.26;83.86;83.99;1904534
20171229;84.28;84.58;83.98;84.11;2210658
20180102;84.28;84.42;82.9;83.23;3167926
20180103;83.06;83.79;82.84;82.97;2690205
20180104;82.82;83.23;82.15;82.32;2475760
20180105;82.51;82.75;81.35;81.94;3827159
20180108;81.98;82.31;81.72;82.2;3559950
20180109;82.03;82.03;80.96;81.24;2781742
20180110;80.78;80.95;79.92;80.11;3227185
20180111;79.51;80.14;79;79.28;4087206
20180112;79;79.61;78.55;78.9;3211356
20180116;79.09;79.27;78.21;78.42;4375288
20180117;78.36;78.7;77.62;78.41;4125186
20180118;78.64;78.64;77.05;77.34;4757589
20180119;77.47;77.82;76.64;76.82;4536693
20180122;77.16;77.65;76.85;76.95;3720141
20180123;77.75;78.45;77.24;77.71;4033929
20180124;77.7;77.73;77.21;77.24;3601656
20180125;77.23;79.22;77.2;78.9;4842928
20180126;78.93;79.04;78.06;78.83;3944543
20180129;78.55;78.57;77.17;77.29;4901333
20180130;77.1;77.91;76.97;77.66;3969202
20180131;77.78;78.58;77.25;78.5;4007042
20180201;78.32;78.65;76.67;76.84;4328646
20180202;76.82;77.73;76.43;76.53;4252429
20180205;76.65;77.59;75.73;75.81;5852083
20180206;75.15;75.25;72.93;74.49;7810777
20180207;74.46;75.56;74.18;74.4;4840376
20180208;74.09;75.87;73.8;74.32;6160098
20180209;74.32;76.72;73.86;76.1;6312295
20180212;76.12;77.25;75.66;76.81;4373075
20180213;76.54;77.3;75.82;77.08;3808020
20180214;76.62;76.66;75.45;75.48;4562984
20180215;74.77;76.21;74.66;76.2;3923792
20180216;76.07;76.89;75.77;76.7;3796604
20180220;76.21;76.62;74.82;75.69;4016959
20180221;75.58;76.5;75.3;75.33;4242824
20180222;75.48;76.25;75.17;75.54;3103913
20180223;75.45;77.3;75.38;77.22;2839067
20180226;79.11;79.63;77.65;77.92;5253815
20180227;77.88;78.29;76.33;76.33;4088571
20180228;76.02;76.56;75.31;75.34;3321658
20180301;75.35;76.82;75.16;75.56;3209749
20180302;75.46;76.3;74.58;75.35;3631350
20180305;75.22;77.67;74.87;77.49;3840629
20180306;77.23;77.39;75.63;75.86;3655394
20180307;75.41;75.7;74.93;75.25;9936928
20180308;75.53;76.03;75.24;75.99;4733938
20180309;75.9;76.15;75.52;76.13;3870073
20180312;76.12;76.73;76.06;76.55;3581759
20180313;76.9;77.33;76.19;76.47;6365020
20180314;76.71;77.33;76.45;77;3788880
20180315;76.87;77.63;76.29;76.74;4619000
20180316;76.9;77.73;76.74;77.59;6667112
20180319;77.8;77.87;76.71;77.04;5503459
20180320;77.02;77.37;76.33;76.43;3888505
20180321;76.43;77.22;75.84;76.18;4051367
20180322;76.34;77.53;76.08;76.19;3704793
20180323;76.52;76.92;75.03;75.17;3033399
20180326;75.3;76.07;75.23;75.92;2805938
20180327;75.99;77.69;75.77;77.1;4338911
20180328;77.32;77.76;76.56;77.42;4543164
20180329;77.09;77.91;77.04;77.47;3962454
20180402;77.55;78.05;76.57;77.1;3741064
20180403;77;77.64;76.68;77.26;2971422
20180404;77.15;77.91;76.71;77.71;3467621
20180405;77.69;78.79;76.76;78.6;3934179
20180406;78.59;78.9;78.06;78.16;3411867
20180409;78.14;79.05;78.04;78.47;3855057
20180410;78.47;78.56;77.25;77.52;4490027
20180411;77.35;77.78;76.79;77.08;2426840
20180412;77.09;77.38;75.96;76.14;2369032
20180413;76.27;76.99;76.26;76.67;3993231
20180416;76.82;78.08;76.8;77.96;2402912
20180417;78.01;78.75;77.79;78.5;1727839
20180418;78.65;79.42;78.27;78.28;2057048
20180419;78.16;78.61;77.85;78.52;2423263
20180420;78.63;78.72;77.53;77.68;2764019
20180423;77.88;78.23;77.57;77.99;2172716
20180424;78.22;78.74;77.77;78.22;4273016
20180425;78.16;78.9;77.82;78.89;3282055
20180426;78.87;79.92;78.53;79.84;2810000
20180427;79.6;80.75;79.5;80.5;2600522
20180430;80.64;80.85;80.06;80.16;2658123
20180501;80.16;80.3;79.62;79.83;2423175
20180502;79.84;80.37;79.57;79.98;2586192
20180503;79.75;80.09;78.82;79.76;3522555
20180504;79.77;80.41;79.58;79.88;3853872
20180507;79.87;80.13;79.44;79.5;2901410
20180508;79.31;79.39;77.63;77.88;4333405
20180509;77.81;77.95;76.88;77.64;3853512
20180510;78.8;79.48;77.54;78.16;4605267
20180511;78.21;78.4;77.53;77.91;4231040
20180514;78.07;78.22;77.36;77.83;3972468
20180515;77.35;77.66;76.57;76.93;3889087
20180516;76.93;77.07;75.5;76.03;5483398
20180517;75.05;75.28;73.91;74.15;3474784
20180518;74.27;74.55;73.13;73.8;3721035
20180521;73.98;74.06;73.35;73.68;3301740
20180522;73.43;74.31;73.4;74.07;2957274
20180523;74.33;75.05;74.19;74.87;2901126
20180524;74.87;75.8;74.64;75.74;4162677
20180525;75.74;76.02;75.58;75.81;2262642
