20100104;82.1;82.73;81.75;82.15;1049373
20100105;82.28;82.3;80.36;80.84;1157078
20100106;80.79;81.34;80.42;81.25;1011891
20100107;80.96;81.03;80.25;80.28;1250772
20100108;80.38;80.57;79.22;79.51;1652735
20100111;79.98;81.53;79.75;81.05;2014041
20100112;81.77;82.12;81.2;81.72;1786328
20100113;81.71;83.01;81.66;82.88;1104108
20100114;82.87;83.09;82.15;82.8;965907
20100115;82.55;82.62;80.93;81.85;1919867
20100119;81.9;82.19;80.87;82.16;884005
20100120;81.95;81.95;80.06;81.06;1263443
20100121;81.58;82.73;79.3;79.75;2483978
20100122;79.74;79.81;78.48;78.54;1455604
20100125;79.2;79.24;77.76;78.73;1175998
20100126;78.59;79.55;78.1;79.31;1297845
20100127;79.3;79.3;77.72;78.72;1032056
20100128;78.85;79.03;77.08;77.1;1630793
20100129;77.49;77.82;76.23;76.31;2528760
20100201;76.62;77.43;75.9;77.23;1392235
20100202;77.29;79.73;76.61;78.78;1713220
20100203;79;79.93;78.78;79.74;1634303
20100204;79.08;80.18;77.04;77.11;2353065
20100205;76.97;77.21;75.52;77.09;1891289
20100208;77.05;77.35;76.22;76.29;1008360
20100209;75.91;76.94;75.54;76.26;2135820
20100210;77.71;77.71;75.95;76.67;1956017
20100211;76.73;77.77;75.98;77.55;2168859
20100212;76.52;77.23;76.3;77.14;1645384
20100216;77.77;79;77.55;78.99;1063315
20100217;79.44;79.52;77.84;78.26;2060112
20100218;78.09;78.75;77.7;78.04;1476933
20100219;77.99;78.82;77.39;78.75;1773971
20100222;79.18;79.18;77.61;77.72;1089141
20100223;77.69;77.89;76.9;77.4;1167548
20100224;77.44;77.44;75.69;76.73;1416679
20100225;76.37;76.56;75.25;76.52;1231947
20100226;76.42;76.76;75.87;75.97;1452613
20100301;76.07;78.15;75.97;77.77;1348078
20100302;78.13;78.72;78.13;78.45;1842155
20100303;78.45;78.64;77.65;77.83;1181364
20100304;77.73;78.28;77.27;78.24;1117981
20100305;78.28;79.64;77.99;79.45;1482548
20100308;79.47;79.69;79.28;79.55;1080036
20100309;79.34;79.58;78.9;79.17;1254148
20100310;79.02;79.57;78.89;79.52;1006062
20100311;79.29;79.8;78.94;79.8;756725
20100312;79.87;79.87;78.14;78.25;717858
20100315;78.36;78.92;77.91;78.81;739212
20100316;78.95;80.38;78.42;80.26;995654
20100317;80.31;80.65;79.77;80.58;1291390
20100318;80.37;80.44;79.42;80.37;1553795
20100319;80.34;80.91;80.12;80.69;1925009
20100322;80.4;80.87;79.85;79.91;1132941
20100323;80.02;80.53;79.74;80.07;959907
20100324;80;80;79.15;79.2;813124
20100325;79.39;79.89;78.5;79.39;1953614
20100326;79.35;80.48;79.13;80.28;1349586
20100329;80.6;81.75;80.56;81.61;949559
20100330;81.47;82.12;81.24;82.05;964340
20100331;81.56;81.86;80.76;81.35;892293
20100401;81.76;82.66;81.63;82.32;785595
20100405;82.34;82.34;80.08;81.61;2747503
20100406;81.39;84.33;80.93;84.07;2208823
20100407;83.78;83.92;81.72;82.1;2368803
20100408;81.94;82.25;81.43;81.97;1339500
20100409;81.94;82.37;81.08;82.26;873901
20100412;82.59;82.85;82.03;82.21;778076
20100413;82.11;82.11;81.14;81.66;1300219
20100414;81.78;82.24;81.01;81.38;1500214
20100415;81.49;81.62;80.68;81.06;1306648
20100416;81;81.24;79.89;80.19;1365979
20100419;80.01;80.62;79.71;80.55;1128076
20100420;80.91;81.7;80.74;81.7;983899
20100421;81.59;82.19;81.51;82;1465599
20100422;81.65;82.21;81.11;82.08;1407584
20100423;81.81;82.29;81.38;82.28;945621
20100426;82.25;82.56;81.7;81.73;971539
20100427;81.17;82.14;80.18;80.36;1059583
20100428;80.86;81.07;79.71;79.95;1972764
20100429;80.22;81.15;79.66;80.55;954727
20100430;80.69;81.88;80.25;81.29;1422271
20100503;81.54;81.96;81.1;81.57;1158338
20100504;81;81.08;79.26;79.64;1053422
20100505;79.22;79.99;78.59;79.19;1147349
20100506;79.08;79.33;72.6;76.6;2530377
20100507;76.6;76.95;74.79;75.79;2776941
20100510;77.5;77.5;75.87;76.66;2072453
20100511;76.09;78.56;75.78;77.63;1608587
20100512;77.48;79.26;77.48;78.97;1484205
20100513;78.66;79.78;77.82;78.67;1609536
20100514;78.21;78.67;77.15;77.42;1518834
20100517;77.57;77.78;76.64;77.47;1530562
20100518;77.6;78.1;76.82;76.95;1456008
20100519;76.81;77.29;76.37;76.8;1259807
20100520;75.4;76.38;74.55;74.74;1369318
20100521;74;75.05;72.93;74.6;2050245
20100524;74.19;75.14;73.64;73.8;1341736
20100525;72.4;72.95;71.28;72.82;1764770
20100526;73.37;73.94;72.8;73.17;1531095
20100527;73.73;75.82;73.61;75.82;1664867
20100528;76.02;76.25;74.67;75.07;2271665
20100601;74.94;75.31;73.13;73.23;1757065
20100602;73.62;74.33;73.07;74.27;1581579
20100603;74.65;74.94;74.3;74.55;1894278
20100604;73.61;73.63;71.74;71.99;3134442
20100607;72.24;73.41;72.01;72.35;1753113
20100608;72.16;73.01;71.86;72.79;2117890
20100609;73.28;73.43;72.05;72.26;1789065
20100610;73.1;73.55;72.85;73.42;1510430
20100611;72.71;74.5;72.56;74.39;1718521
20100614;74.89;75.74;74.31;75.1;1396933
20100615;75.58;76.79;75.35;76.79;1133024
20100616;76.31;78.12;75.99;77.48;1522157
20100617;77.69;78.08;76.79;77.97;1332197
20100618;78.01;78.36;77.68;78.1;932178
20100621;78.58;78.72;76.82;77.38;1145397
20100622;76.13;76.63;74.45;74.74;2875677
20100623;74.78;74.97;73.24;73.51;1534632
20100624;73.38;74.39;72.95;73.09;1425924
20100625;73.13;73.97;72.3;73.43;1599128
20100628;73.69;74.3;73.23;73.93;1018045
20100629;73.2;73.2;72.01;72.44;1420832
20100630;72.12;72.91;71.43;71.62;1725952
20100701;71.72;71.73;70.35;71.19;1381242
20100702;71.34;71.74;70.46;70.7;1417949
20100706;71.53;72.52;70.99;72.18;1415955
20100707;72.33;74.32;72.29;74.29;1340423
20100708;74.88;74.92;74.16;74.64;1575315
20100709;74.57;76.25;74.33;76.11;2062075
20100712;75.59;76.49;75.55;76.01;1110690
20100713;76.37;77.13;75.88;76.56;1279904
20100714;76.2;76.42;75.33;76.18;1275814
20100715;75.99;77.25;75.75;77.04;1273338
20100716;76.76;77;75.73;75.96;1258739
20100719;76.64;77.87;76.16;77.64;1511376
20100720;76.61;78.1;76.33;78;1127270
20100721;78.22;78.37;76.15;76.55;1038055
20100722;77.26;78.51;77.05;78.27;1631354
20100723;78.12;78.95;77.61;78.29;1224945
20100726;78.45;79;78.31;78.82;1135230
20100727;78.31;79.86;77.97;79.78;1360354
20100728;79.61;80.03;79.27;79.35;1266665
20100729;79.79;80;77.92;78.2;1561644
20100730;77.56;78.08;77.16;77.51;1452004
20100802;78.35;79.79;78.35;79.56;1497136
20100803;79.19;80;76.5;79.18;960190
20100804;79.35;79.66;78.3;78.94;977555
20100805;78.59;79.69;78.2;79.48;1801700
20100806;78.63;79.98;78.63;79.75;1648965
20100809;80;80.2;79.5;79.65;1537614
20100810;78.64;79.8;77.86;79.55;1571016
20100811;78.59;78.91;78.06;78.58;1434033
20100812;77.46;78.38;77.17;77.92;1183901
20100813;77.63;79.03;77.52;78.11;944004
20100816;77.78;78.23;77.07;78.16;1534895
20100817;78.66;79.83;78.37;79.23;1108666
20100818;79.27;79.66;78.34;79.38;1293010
20100819;79.1;79.1;77.04;77.86;1213864
20100820;77.29;77.77;76.58;77.46;1092784
20100823;78.02;79.03;77.79;78.39;1100284
20100824;77.69;78.86;77.51;78.17;1448339
20100825;77.9;78.45;77.21;78.31;1271477
20100826;78.67;78.76;77.46;77.5;1351940
20100827;77.82;80.09;77.59;79.64;2468880
20100830;79.55;79.67;78.35;78.35;1184731
20100831;77.94;79.23;77.37;78.84;1321855
20100901;79.28;80.55;79.25;80.33;2287175
20100902;80.59;80.68;79.58;79.93;1067042
20100903;80.41;80.8;79.7;79.97;1513799
20100907;79.58;80.26;79.58;79.77;1306623
20100908;80.01;80.42;79.46;79.62;987502
20100909;80.35;80.79;80.18;80.32;1258935
20100910;80.18;80.43;79.72;80.09;1144101
20100913;80.68;80.68;79.39;79.56;1403505
20100914;78.28;78.85;77.04;78.14;2134458
20100915;78.07;78.55;77.46;78.37;1367721
20100916;78.12;78.44;77.55;77.7;1464382
20100917;78.16;78.16;76.55;76.68;2676415
20100920;76.29;77.09;76.16;76.75;2210856
20100921;76.54;76.8;76.02;76.38;2670638
20100922;76.39;77.39;76.39;77.05;1921762
20100923;76.41;77.1;75.88;76.4;2003240
20100924;76.69;77.49;76.69;77.05;1805020
20100927;77.05;77.93;76.7;77.25;1646508
20100928;77.52;77.7;76.59;77.56;1647277
20100929;77.43;77.51;76.46;77.24;1161683
20100930;77.44;77.74;76.3;76.53;1334863
20101001;76.7;77.42;76.51;77.17;1245590
20101004;77.17;77.49;76.16;76.66;1184423
20101005;77.31;77.9;76.89;77.64;1296058
20101006;77.44;77.59;76.46;76.67;1896715
20101007;77.03;77.12;76.41;76.44;1434014
20101008;76.31;76.72;75.92;76.12;1427871
20101011;76.15;77.88;76.11;77.14;1443211
20101012;76.94;77.05;76.4;76.81;1356606
20101013;77.26;77.62;76.87;77.3;1359523
20101014;77.34;77.75;76.88;77;1218051
20101015;77.54;77.69;76.52;76.97;1445699
20101018;77.09;77.72;77.03;77.46;702191
20101019;76.77;77.07;76.35;76.53;1393798
20101020;76.78;77.63;76.71;77.11;1148796
20101021;77;77.37;75.08;75.28;2533826
20101022;75.16;75.58;74.5;74.59;1929814
20101025;74.53;74.75;73.27;73.73;1840195
20101026;73.61;74.35;73.28;74.1;1685305
20101027;73.65;73.65;72.67;73.26;2234649
20101028;73.6;74.21;73.6;73.97;2042500
20101029;73.95;74.64;73.66;74.53;2161994
20101101;75.37;77.08;73.2;73.83;3107001
20101102;74.14;74.83;74.14;74.56;1346413
20101103;74.58;74.71;73.79;74.66;1206101
20101104;75.18;75.76;74.87;75.4;2127014
20101105;75.5;75.69;74.95;75.4;1278393
20101108;75.01;75.23;74.64;75.21;1252961
20101109;74.5;74.73;73.72;73.84;1811172
20101110;73.71;73.76;72.61;73.32;1719518
20101111;72.91;73.7;72.91;73.41;1951550
20101112;73.06;73.18;72.16;72.26;1268760
20101115;72.4;72.85;72.38;72.55;1186667
20101116;72.1;72.65;71.64;71.99;1439420
20101117;71.71;73;71.71;72.65;2474103
20101118;73.25;73.45;72.75;73.19;1673749
20101119;73.01;74.19;72.46;73.74;2611503
20101122;73.28;73.55;72.57;73.42;1825995
20101123;72.97;72.97;71.8;72.35;1558396
20101124;72.52;72.85;72.25;72.49;1138395
20101126;71.81;72.79;71.75;72.32;416207
20101129;72.03;72.05;71.22;71.95;948776
20101130;71.66;71.74;71.12;71.24;2306202
20101201;71.96;72.21;71.37;71.85;2053781
20101202;71.95;72.55;71.78;72.35;1910717
20101203;72.11;72.7;71.99;72.39;1744348
20101206;72.31;72.32;71.29;71.33;1290810
20101207;71.76;71.9;70.34;70.41;2536436
20101208;70.16;70.52;69.36;69.43;3683043
20101209;69.49;69.91;68.65;69.82;1943777
20101210;69.86;70.6;69.65;70.37;1406888
20101213;70.67;70.99;70.42;70.67;1699737
20101214;70.55;71.05;70.2;70.71;1319598
20101215;70.51;70.72;70.22;70.29;1558198
20101216;70.3;70.65;70.04;70.42;1254855
20101217;70;70.51;69.73;70.51;4518545
20101220;70.51;70.96;70.2;70.79;781643
20101221;70.86;71;70.11;70.51;1644185
20101222;70.47;71.92;70.47;71.57;1257069
20101223;71.57;71.72;71.33;71.55;845240
20101227;71.5;71.62;71.02;71.44;546203
20101228;71.42;71.57;70.94;71.5;527290
20101229;71.55;71.57;71.07;71.08;651804
20101230;71.01;71.25;70.49;70.8;848395
20101231;70.68;71.1;70.64;70.83;608672
20110103;71.73;72.19;71.43;71.97;1447932
20110104;72.14;73.22;71.58;73.11;1794625
20110105;72.24;72.66;72;72.53;2164738
20110106;72.25;72.43;71.81;72.05;1539165
20110107;72.23;72.45;71.78;72.35;1473138
20110110;72.27;72.76;72;72.63;1255746
20110111;72.72;73.03;72.11;72.19;1110292
20110112;72.57;72.78;72.21;72.7;913110
20110113;72.78;72.93;72.36;72.77;814630
20110114;72.76;73.23;72.53;73.11;715290
20110118;72.6;73;72.34;72.67;1119657
20110119;72.61;73.17;72.42;72.56;1017498
20110120;72.62;73.75;72.62;73.23;1075352
20110121;73.66;73.66;72.33;73.04;1134425
20110124;73.14;74.5;73.12;73.77;1539305
20110125;73.51;73.82;73.27;73.5;1319320
20110126;73.61;73.73;72.72;73.13;877219
20110127;73.13;73.28;72.32;72.79;1036673
20110128;72.72;73.07;72;72.07;959956
20110131;72.22;72.47;71.97;72.17;1463437
20110201;72.55;73.89;72.53;73.86;1504257
20110202;73.52;73.69;73.24;73.33;975015
20110203;73.38;73.49;72.96;73.21;1106160
20110204;73.3;73.36;72.38;73.25;973015
20110207;73.44;73.96;73.32;73.91;1409148
20110208;73.25;73.25;72.42;72.7;1089773
20110209;72.06;72.63;72.06;72.62;813963
20110210;72.36;72.61;72.18;72.49;842711
20110211;72.11;72.47;72;72.11;1028456
20110214;72.17;72.17;71.14;71.36;1670153
20110215;71.26;71.96;71.05;71.83;866091
20110216;71.92;72.07;71.05;71.36;692642
20110217;71.22;72;71.21;71.81;807379
20110218;71.56;71.88;71.5;71.71;680536
20110222;71.25;71.67;71.12;71.46;786007
20110223;71.48;71.67;71.04;71.09;909429
20110224;71.21;71.28;70.61;70.81;1217204
20110225;71.16;71.22;70.57;70.93;747662
20110228;71.05;71.83;71;71.2;1710223
20110301;71.42;71.76;70.85;70.88;1275942
20110302;71;71.49;70.7;71.15;1243220
20110303;71.54;72.97;71.5;72.58;1476112
20110304;72.64;72.91;71.64;72.25;1019727
20110307;72.54;73.38;72.33;72.94;1394804
20110308;72.97;73.54;72.38;73.3;1460109
20110309;73.32;74.26;73.21;74.18;925588
20110310;73.56;74.19;73.22;73.63;1438290
20110311;73.59;74.04;73.46;73.69;910277
20110314;70.99;71.95;69.32;70.09;4909756
20110315;68.91;69.31;68.09;68.49;3308040
20110316;68.4;68.47;66.31;66.65;2777134
20110317;66.88;67;64.72;65.47;3743741
20110318;65.92;66.02;65.25;65.64;3336401
20110321;66.4;66.4;65.51;65.69;2183544
20110322;65.85;67.17;65.61;66.9;2516404
20110323;66.75;67.2;66.36;66.94;1100472
20110324;67.26;67.64;66.9;67;1164279
20110325;67.03;67.15;66.43;66.61;1212207
20110328;66.9;67.14;66.56;66.6;1015473
20110329;66.65;67.53;66.56;67.33;1143315
20110330;67.47;68.51;67.47;68;1408517
20110331;68;68.58;67.03;67.21;1765196
20110401;67.69;67.79;67.2;67.64;1219516
20110404;67.87;67.89;67.14;67.34;1175285
20110405;67.32;67.37;66.62;66.74;2007162
20110406;66.85;67.69;66.85;67.22;1738018
20110407;67.16;67.2;66.63;66.65;1262997
20110408;66.86;67.16;66.08;66.3;1867915
20110411;66.31;66.4;65.22;65.44;3192442
20110412;65.37;65.7;65.19;65.36;2103798
20110413;65.7;65.96;65.36;65.53;1901831
20110414;65.28;65.93;65.15;65.76;1421628
20110415;65.75;66.85;65.7;66.52;1630389
20110418;66.28;66.38;65.65;65.97;1391743
20110419;66.19;67.15;65.81;67.13;1988399
20110420;67.61;68.25;67.48;67.7;1706477
20110421;67.85;68.09;67.41;68.06;1001792
20110425;68.07;68.96;67.99;68.65;1421303
20110426;69.06;69.52;68.7;69.16;1758918
20110427;69.36;69.8;69.1;69.64;1581293
20110428;69.39;70;68.82;69.98;2043077
20110429;70.05;70.4;69;69.72;1473683
20110502;69.75;69.86;68.75;69.2;1913604
20110503;69.21;69.84;68.68;69.52;1569867
20110504;69.44;69.62;68.85;69.3;1294056
20110505;69.13;69.32;68.5;68.7;1421184
20110506;69.32;69.82;69.08;69.33;1476902
20110509;69.37;69.46;68.55;69.02;1250896
20110510;68.37;69.43;68.23;69.1;1325792
20110511;69.13;69.25;68.68;68.94;1566068
20110512;68.62;69.88;68.62;69.78;1310809
20110513;69.87;69.94;68.83;68.99;1249408
20110516;68.99;69.33;68.66;68.89;1810788
20110517;68.87;69.29;68.72;68.99;936979
20110518;68.99;69.14;68.51;68.84;912095
20110519;69.22;69.22;68.75;69.19;1073319
20110520;69.06;69.35;68.73;69.04;910107
20110523;68.41;68.71;67.46;67.5;1707876
20110524;67.77;67.82;67.22;67.23;2078924
20110525;67.2;67.26;66.43;66.7;1915246
20110526;66.48;67.31;66.44;67.22;1235971
20110527;68.4;68.98;67.55;67.77;1864816
20110531;67.99;68.17;67.72;68.15;1164641
20110601;68.08;68.12;67.37;67.38;1181173
20110602;67.53;67.54;66.58;67.25;1317038
20110603;66.6;67.12;66.51;66.61;1287638
20110606;66.61;66.71;66.18;66.44;867650
20110607;66.73;67.38;66.52;67.13;1380399
20110608;67.17;67.51;66.92;67.34;1525382
20110609;67.4;68.22;67.12;67.88;1174468
20110610;67.61;68.05;67.48;67.77;1506177
20110613;67.95;69.02;67.81;68.84;1705660
20110614;69.44;70.05;68.94;69.37;2183751
20110615;68.95;69.69;68.19;68.32;1693313
20110616;68.52;69.1;68.4;68.61;1643497
20110617;69.03;69.74;68.92;69.35;1390983
20110620;69.3;69.71;68.8;69.4;1158499
20110621;69.72;69.73;69.13;69.39;1018263
20110622;69;69.31;68.74;68.79;1242673
20110623;68.31;68.47;67.79;68.22;1329199
20110624;68.44;69.03;67.98;68.17;3059947
20110627;68.44;69.41;68.29;69.24;1393403
20110628;69.32;69.5;68.95;69.16;1060520
20110629;69.35;69.35;68.13;68.29;2403679
20110630;68.4;68.4;67.94;68.28;1842985
20110701;68.4;68.44;68.09;68.38;2176678
20110705;68.12;68.16;67.1;67.33;2194335
20110706;67.33;68.6;67.02;67.45;2228501
20110707;67.83;68.05;67.12;68.01;1725742
20110708;67.69;68.28;67.62;67.94;1545702
20110711;67.42;67.57;66.9;67.29;1130647
20110712;67.05;67.58;66.9;67.34;1506515
20110713;67.52;67.71;67.13;67.34;1291374
20110714;67.57;68.15;67.29;67.48;1436657
20110715;67.52;67.97;66.85;67.34;1165118
20110718;67.35;67.95;66.83;67.22;1691465
20110719;66.5;67.26;66.2;66.79;2320587
20110720;67.05;67.78;66.66;67.43;1330273
20110721;67.73;69.14;67.58;68.99;1834755
20110722;69.06;69.07;68.2;68.31;1402896
20110725;67.9;68.96;67.9;68.78;1170982
20110726;68.79;68.92;68.35;68.51;1142346
20110727;68.39;68.75;68.1;68.14;1154349
20110728;68;68.13;67.17;67.27;3582520
20110729;66.93;67.09;66.54;66.8;4343784
20110801;67.24;67.38;66.23;66.41;3631282
20110802;66.15;66.41;65.19;65.25;3229819
20110803;65.25;65.28;64.24;65.07;1787164
20110804;64.4;64.6;62.54;62.55;2547205
20110805;63.04;63.26;61.51;62.84;2741309
20110808;62.02;62.39;59.32;59.57;3131084
20110809;59.63;61.31;57.6;61.21;3502042
20110810;60.56;61.95;59.23;60.21;3516332
20110811;60.31;62.73;60.11;62.19;2013568
20110812;62.6;63;61.19;61.55;1370466
20110815;61.81;63.61;61.8;63.58;1367911
20110816;63.03;63.49;62.61;63.16;976745
20110817;63.45;64.47;63.34;63.58;1068118
20110818;62.36;62.84;61.53;62.48;1982606
20110819;61.76;62.62;61.66;61.88;1598541
20110822;62.68;63;61.38;61.63;1395888
20110823;61.94;62.96;61.08;62.36;3428834
20110824;62.35;64.24;62.09;63.94;1695511
20110825;64.1;64.16;62.52;62.86;1227819
20110826;62.49;62.74;61.17;62.43;1091841
20110829;63.22;64.69;63.22;64.63;1485714
20110830;64.5;64.89;64.14;64.59;888641
20110831;64.77;65.44;64.59;65.21;1432679
20110901;65.4;65.94;64.85;64.94;1522408
20110902;64.19;64.26;63.55;63.62;1236298
20110906;62.6;63.08;61.72;63.01;1137044
20110907;63.71;64.06;63.33;63.97;853262
20110908;63.61;64.48;63.39;63.79;1185983
20110909;63.39;63.41;62.02;62.3;1359077
20110912;61.84;62.97;61.62;62.9;1179121
20110913;62.96;63.63;62.53;63.54;1515847
20110914;63.61;64.07;63.02;63.57;1729671
20110915;63.86;64.92;63.62;64.58;1315355
20110916;64.8;65.99;64.75;65.6;1957427
20110919;64.82;65.53;64.67;65.27;1086530
20110920;65.5;67.69;65.46;66.46;1827376
20110921;66.33;66.75;65.1;65.18;1422452
20110922;63.99;64.49;63.32;64.23;1839389
20110923;64.2;65.89;64.02;65.27;1841742
20110926;66.01;66.61;65.31;66.53;1388093
20110927;67.5;67.9;66.52;66.81;1973458
20110928;66.88;67.37;65.87;66;1498288
20110929;67.04;67.28;66.25;67.02;3001859
20110930;66.62;67.3;66.23;66.29;1548363
20111003;66.06;66.84;64.51;64.56;1414456
20111004;64.13;64.4;62.66;64.38;1390872
20111005;64.58;64.7;63.56;64.42;1149074
20111006;64.38;64.72;63.95;64.69;1185659
20111007;64.95;65.87;64.6;65.38;1539167
20111010;66.12;66.71;66.07;66.71;1026989
20111011;66.64;66.64;65.63;65.72;1424976
20111012;65.94;66.25;65.58;65.98;1715146
20111013;65.65;66.31;65.5;66.23;1346838
20111014;66.65;66.8;66.2;66.69;1128014
20111017;66.67;66.85;66.07;66.1;821075
20111018;66.22;67.16;65.67;66.8;1405560
20111019;66.89;67.94;66.89;66.99;1120680
20111020;67.1;67.75;66.86;67.52;1244670
20111021;68.06;68.5;67.95;68.48;1017775
20111024;68.49;68.84;68.05;68.84;1205460
20111025;67.99;68.81;67.99;68.27;1263614
20111026;68.96;69.21;68.38;68.91;1273271
20111027;69.93;70.16;69.41;69.69;1883890
20111028;69.77;69.77;68.89;69.01;1542295
20111031;68.52;69.67;68.52;69.17;1973880
20111101;68.2;70;67.65;67.91;2136985
20111102;68.84;69.46;68.54;68.79;1338975
20111103;69.13;69.66;68.63;69.56;4634570
20111104;69.12;69.56;68.75;69.46;4617631
20111107;68.9;69.42;68.42;69.42;2097885
20111108;68.3;68.89;68.03;68.89;1710249
20111109;67.93;68.64;67.71;68.01;1817150
20111110;68.64;69.34;68.17;69.02;1955562
20111111;69.31;70.14;69.31;69.95;1612827
20111114;69.85;70.04;68.96;69;3217979
20111115;68.97;70.06;68.97;69.95;2138794
20111116;69.37;70.13;69.09;69.37;1738118
20111117;69.42;69.42;67.81;68.37;1647924
20111118;68.82;69.1;68.37;68.77;1519263
20111121;68.42;68.61;67.57;68.3;1348664
20111122;68.24;68.42;67.31;67.36;1108324
20111123;67.11;67.23;66.2;66.3;808634
20111125;66.49;67.21;66.4;66.54;414131
20111128;68.02;68.26;66.87;67.18;1002469
20111129;67.52;68.28;67.42;67.95;718464
20111130;69.25;70.38;69.04;70.36;1929159
20111201;70.32;70.91;70;70.53;1429893
20111202;71;71;69.54;69.64;1548866
20111205;72.76;74;71.78;72.39;4285127
20111206;72.67;72.87;71.41;71.94;2019521
20111207;71.79;72.55;71.5;72.13;1264277
20111208;71.98;71.99;70.46;70.61;1392861
20111209;70.86;71.41;70.81;71.27;987058
20111212;71.02;71.57;70.31;70.82;1001508
20111213;71.07;71.97;70.79;71.01;1290097
20111214;71.03;71.19;70.44;70.6;1040569
20111215;71.09;71.86;70.95;71.58;1208559
20111216;71.85;72.01;71.25;71.64;2065750
20111219;71.62;72;70.77;70.99;992707
20111220;71.76;72.3;71.64;71.98;1191807
20111221;71.81;72.91;71.81;72.76;1406390
20111222;72.88;73.12;72.64;72.88;938367
20111223;73.15;73.63;72.78;73.14;603641
20111227;73;73.75;73;73.59;587368
20111228;73.52;73.75;73.04;73.14;542051
20111229;73.4;73.8;73.17;73.65;482638
20111230;73.76;73.8;73.04;73.05;786479
20120103;73.65;73.66;72.06;72.52;1805765
20120104;72.49;72.57;71.67;71.9;977174
20120105;71.92;72.15;71.27;71.9;999908
20120106;72;72.09;71.3;71.5;795354
20120109;71.76;71.77;71.33;71.59;779756
20120110;72.09;72.52;71.38;72;822984
20120111;71.62;71.97;71.18;71.6;792151
20120112;71.75;71.84;71.22;71.43;862927
20120113;71.2;71.42;70.75;71.11;934182
20120117;71.77;72.11;70.7;70.9;1254827
20120118;70.75;71.38;70.27;71.24;1385330
20120119;71.13;71.33;70.35;70.66;1361310
20120120;70.94;71.27;69.31;69.93;2350287
20120123;70.88;70.88;69.73;70.7;1720284
20120124;70.19;70.19;69.03;69.46;1479730
20120125;69.02;71.06;68.67;70.89;1156495
20120126;71.07;72.08;70.89;71.3;1299009
20120127;71.01;71.17;70.48;70.62;779056
20120130;70.16;70.52;69.84;70.43;3127308
20120131;69.81;70.63;68.22;69.38;2271822
20120201;69.54;69.98;69.25;69.39;1344214
20120202;69.38;69.76;69.14;69.36;1086636
20120203;69.75;69.93;68.65;69.04;1113490
20120206;69.13;69.13;68.32;68.76;1661774
20120207;67.79;68.65;67.6;68.38;1804690
20120208;68.12;68.29;67.81;68.06;1186769
20120209;68.01;68.3;67.64;68.22;1447696
20120210;67.86;68.06;67.51;67.8;1074003
20120213;68;68.13;67.31;67.39;1188149
20120214;67.21;68.06;67.19;67.74;965365
20120215;67.94;67.96;67.18;67.37;868557
20120216;67.52;68.85;67.48;68.29;1281057
20120217;68.27;68.47;67.63;67.78;894153
20120221;68.09;68.09;67.31;67.48;769564
20120222;67.88;67.88;67.22;67.49;859013
20120223;67.58;67.72;67.04;67.15;926070
20120224;67.15;67.53;67.01;67.14;882299
20120227;67.02;67.39;66.76;67.08;766306
20120228;67.2;67.46;66.72;66.91;951973
20120229;66.99;67.04;66.38;66.63;1158852
20120301;67.17;67.58;66.66;67.28;1315058
20120302;67.2;67.59;66.71;67.13;844094
20120305;67;67.28;66.63;67.12;550908
20120306;66.78;67.09;66.3;66.76;839550
20120307;66.73;66.91;66.23;66.83;668624
20120308;67.15;67.49;66.97;67.31;686435
20120309;67.34;68.2;67.12;67.87;832670
20120312;67.8;68.62;67.8;68.35;822502
20120313;68.56;68.57;67.94;68.5;740497
20120314;68.63;68.84;67.63;67.8;984263
20120315;67.72;68.02;67.27;67.95;763776
20120316;67.91;68.12;67.67;67.87;1953697
20120319;67.93;68.32;67.23;67.33;1015371
20120320;67.07;67.58;67;67.24;979939
20120321;67.23;67.44;66.8;66.89;703795
20120322;66.66;67.03;66.46;66.73;1141141
20120323;66.91;67.1;66.77;66.83;704526
20120326;67.11;67.58;66.94;67.53;1259690
20120327;67.63;67.97;67.26;67.64;1003323
20120328;67.45;67.68;66.54;66.72;1189049
20120329;66.48;67.06;66.34;66.93;1005651
20120330;67.09;67.41;66.87;67.2;1457251
20120402;67.23;68.13;67.13;67.49;1822022
20120403;67.55;67.64;66.54;66.94;1797287
20120404;66.67;67.4;66.57;67.1;1346348
20120405;67.02;67.02;66.15;66.38;859715
20120409;65.78;66.3;65.78;66.07;878107
20120410;65.93;65.93;64.91;64.96;1732753
20120411;65.22;65.53;65;65.41;1721977
20120412;65.61;66.21;65.31;66.16;1361512
20120413;66.13;66.51;65.47;65.5;1303586
20120416;65.67;66.36;65.61;66.1;1953120
20120417;66.43;66.59;65.75;66.45;1033630
20120418;66.17;66.6;66;66.27;1276320
20120419;65.99;66.09;64.99;65.37;2149317
20120420;65.47;65.9;65.24;65.65;1655832
20120423;65.25;65.67;65.09;65.59;1234473
20120424;65.65;65.98;65.37;65.94;1327787
20120425;66.23;66.23;65.45;65.76;1349674
20120426;65.65;66.2;65.16;66.19;4336248
20120427;66.37;66.65;65.13;65.3;4425466
20120430;65.32;65.71;65.15;65.56;3865453
20120501;65.7;66.48;65.58;66.3;1491469
20120502;66.18;66.54;65.78;65.97;1147715
20120503;65.85;66.17;65.08;65.16;1483777
20120504;65.14;65.58;64.93;65.11;987637
20120507;65.1;65.21;64.65;64.96;1079952
20120508;63.88;64.42;63.85;64.16;1385645
20120509;63.72;64.64;63.67;64.32;1117418
20120510;64.58;64.98;64.5;64.62;810159
20120511;64.5;65.26;64.32;64.72;1043116
20120514;64.29;64.59;63.76;64.26;986034
20120515;64.2;64.39;63.5;63.66;1026151
20120516;63.94;63.94;63.46;63.57;818388
20120517;63.64;63.77;63.09;63.1;1062214
20120518;63.27;63.69;62.97;63.08;1317743
20120521;63.14;63.55;62.98;63.55;920919
20120522;63.52;64.6;63.45;64.17;1528755
20120523;64.01;64.44;63.42;63.66;1040722
20120524;63.77;64.71;63.63;64.35;976735
20120525;64.48;64.86;64.33;64.51;867707
20120529;64.88;64.97;64.58;64.85;862346
20120530;64.51;65.15;64.33;64.44;972661
20120531;64.44;64.97;64.22;64.53;1058338
20120601;63.96;64.99;63.96;64.35;911182
20120604;64.48;64.67;64.23;64.54;889719
20120605;64.47;65.15;64.31;64.93;1345688
20120606;65.06;65.2;64.61;65.2;2290177
20120607;65.64;66.3;65.49;66.06;1272721
20120608;65.32;66.42;65.32;66.28;1030650
20120611;66.6;66.94;66.06;66.06;1038980
20120612;66.07;66.24;65.7;66.24;815973
20120613;66.13;66.45;65.74;66.16;639002
20120614;66.11;66.37;65.88;66.1;1089460
20120615;66.16;66.69;66.16;66.55;1107259
20120618;66.93;66.93;66.32;66.75;698867
20120619;66.66;67.45;66.59;66.97;1117577
20120620;66.9;67.38;66.32;66.65;857535
20120621;66.83;67.12;66.4;66.55;1553367
20120622;66.84;66.94;66.47;66.7;1115427
20120625;66.26;66.58;66.1;66.46;779409
20120626;66.62;66.87;66.43;66.71;751372
20120627;66.16;67.46;66.16;67.34;647563
20120628;66.98;67.64;66.96;67.58;738178
20120629;68.12;68.2;67.37;67.89;848491
20120702;68.15;68.65;67.84;68.58;819869
20120703;68.55;68.75;68.11;68.53;518741
20120705;68.3;68.46;67.94;67.94;870964
20120706;67.54;68.09;67.53;67.88;684704
20120709;67.9;68.27;67.73;67.98;725141
20120710;67.97;68.39;67.9;68.01;625709
20120711;68.07;69.29;68.07;69.17;1248319
20120712;68.97;69.77;68.81;69.46;1053129
20120713;69.48;69.9;69.34;69.6;928881
20120716;69.55;70;69.46;69.91;830503
20120717;69.93;70.45;69.48;70.45;870686
20120718;70.46;71.56;70.35;71.52;1249342
20120719;71.38;71.62;70.7;71.47;852548
20120720;71.34;71.94;71.01;71.31;949913
20120723;71.07;71.22;70.4;71;895585
20120724;71.2;71.35;70.69;70.99;1085254
20120725;71.24;71.37;70.54;70.81;794999
20120726;71.45;71.81;71.04;71.49;777320
20120727;71.69;72.75;71.69;72.59;993169
20120730;72.4;73.13;72.32;73.06;995815
20120731;74.5;74.5;72.32;72.67;1493136
20120801;72.57;73.98;72.15;72.57;2357852
20120802;72.29;72.55;71.33;71.83;2971769
20120803;72.48;72.82;72.11;72.71;3630646
20120806;73;73.03;72.14;72.21;1377317
20120807;71.78;71.79;71.04;71.33;1638586
20120808;71.36;72.18;70.88;72.11;1716733
20120809;71.91;72.07;71.22;71.28;1294394
20120810;71.12;71.81;71;71.75;630441
20120813;71.62;71.62;70.99;71.31;1332353
20120814;71.53;71.75;70.97;71.11;1151306
20120815;69.71;70.43;69.27;69.87;1459066
20120816;69.79;70.08;69.44;69.63;1006523
20120817;69.74;69.97;69.07;69.48;996893
20120820;69.5;69.62;69.13;69.47;809291
20120821;69.49;69.59;69.04;69.04;799016
20120822;69.04;69.32;68.43;68.65;957494
20120823;68.84;68.84;68.03;68.35;756785
20120824;68.36;68.77;68.1;68.73;784581
20120827;68.54;68.77;68.19;68.52;837998
20120828;68.16;68.81;68.16;68.57;891870
20120829;68.56;68.63;68.08;68.35;934660
20120830;68.15;68.43;67.9;68.02;611966
20120831;68.21;68.39;67.74;68.08;918816
20120904;68.17;68.82;68.01;68.62;1057097
20120905;68.86;68.86;68.12;68.31;720756
20120906;68.97;69.42;68.74;69.25;785566
20120907;69.04;69.28;68.05;68.21;1520870
20120910;69.22;69.22;68.1;68.16;879551
20120911;68.11;68.19;67.64;67.76;794367
20120912;67.75;67.9;67.14;67.79;1091885
20120913;67.07;68.85;67.07;68.78;824337
20120914;68.69;69.13;68.24;68.36;1324684
20120917;68.25;68.77;68.04;68.33;1861636
20120918;68.23;68.5;67.95;68.19;635367
20120919;68.28;68.65;68.17;68.57;596631
20120920;68.29;68.92;68.29;68.81;598323
20120921;69.03;69.03;67.96;68.45;1379345
20120924;68.48;69.58;68.3;69.28;805608
20120925;69.35;69.94;69.15;69.16;757698
20120926;69.2;69.85;69.2;69.38;698525
20120927;69.45;69.6;68.97;69.15;662552
20120928;69;69.46;68.7;69.3;776253
20121001;69.59;69.84;69.11;69.23;590153
20121002;69.59;69.69;69.02;69.4;470075
20121003;69.5;70.23;69.4;69.78;693502
20121004;69.99;70.95;69.93;70.71;829693
20121005;70.9;71;70.31;70.48;459310
20121008;70.41;70.75;70.09;70.62;339488
20121009;70.46;70.85;70.29;70.69;572783
20121010;70.65;70.76;70.09;70.29;383522
20121011;70.67;71.44;70.18;70.63;878945
20121012;70.51;70.77;69.64;69.95;973275
20121015;69.5;70.11;69.28;70.01;647185
20121016;70.25;70.7;70.02;70.45;466589
20121017;70.68;71.32;70.12;71.18;575619
20121018;71.16;71.81;70.94;71.76;570176
20121019;71.76;71.9;71.07;71.23;750306
20121022;70.71;71.18;70.46;71.13;670929
20121023;70.63;70.72;69.97;70.31;689886
20121024;70.31;70.41;69.86;69.94;489998
20121025;70.38;70.55;69.8;70.42;637973
20121026;70.35;72.11;69.91;72.1;2056704
20121031;72.47;72.98;72;72.58;1309214
20121101;72.79;72.85;72.15;72.35;1053061
20121102;72.8;72.84;71.1;71.23;2058459
20121105;68.97;70.22;65.88;67.9;3354710
20121106;67.49;67.49;65.69;66.9;2676977
20121107;66.78;66.78;65.18;65.26;1570255
20121108;65.3;65.99;64.92;65;1487539
20121109;64.85;65.16;64.6;64.9;1586866
20121112;65.01;65.13;64.17;64.2;886538
20121113;64.11;65.08;63.87;64.29;967237
20121114;64.31;64.41;63.23;63.35;1201662
20121115;63.35;63.71;62.53;63;1014114
20121116;63.1;63.48;62.32;62.86;1767573
20121119;63.15;63.39;62.28;62.55;1293294
20121120;62.62;62.73;61.95;62.5;958866
20121121;62.5;62.79;61.73;62.28;963651
20121123;62.35;62.49;61.55;62.04;482286
20121126;61.78;62.82;61.56;62.5;1250283
20121127;62.65;62.89;62.21;62.23;1327891
20121128;62.31;63.46;62.2;63.44;1824227
20121129;63.61;63.62;62.94;63.52;1009952
20121130;63.41;63.74;63.21;63.54;1163884
20121203;63.55;63.66;62.54;63.39;1208386
20121204;63.45;63.62;62.79;62.96;855627
20121205;62.97;64.08;62.69;63.74;1216388
20121206;63.79;64.08;63.63;63.73;835043
20121207;63.76;64.06;63.61;63.94;566608
20121210;63.82;63.99;63.59;63.9;552357
20121211;63.96;64.43;63.81;64.08;756326
20121212;64.03;64.46;63.7;63.76;896772
20121213;63.78;63.95;63.36;63.57;535383
20121214;63.61;63.81;63.34;63.4;658348
20121217;63.72;64.59;63.69;64.35;1196367
20121218;64.35;65.6;64.2;65.38;2114834
20121219;65.25;65.38;64.2;64.26;883630
20121220;64.49;64.63;63.82;64.41;735214
20121221;63.67;64.72;63.67;64.52;2277790
20121224;64.64;64.66;63.75;64.37;308462
20121226;64.31;64.47;63.28;63.4;665571
20121227;63.4;63.79;62.74;63.45;814807
20121228;63.16;63.42;62.57;62.58;551425
20121231;62.55;63.79;62.22;63.75;1016507
20130102;64.52;64.89;64.22;64.75;918690
20130103;64.84;64.86;64.24;64.44;1070572
20130104;64.47;64.49;63.98;64.43;939612
20130107;64.16;64.42;62.79;63.34;1162145
20130108;63.32;63.61;62.56;62.84;1009242
20130109;62.7;62.99;62.38;62.73;1139446
20130110;62.9;63.4;62.73;63.37;837908
20130111;63.53;63.68;62.92;63.07;1287236
20130114;63.14;63.47;63.06;63.21;500060
20130115;63;63.43;62.94;63.35;702242
20130116;63.08;63.41;62.89;63.07;732177
20130117;63.25;63.55;63.04;63.27;774326
20130118;63.33;63.88;63.24;63.87;644246
20130122;63.9;64.42;63.77;64.37;828527
20130123;63.88;64.5;63.25;63.91;1442763
20130124;63.76;64.2;63.52;63.84;1460059
20130125;64;64.61;63.62;64.59;875319
20130128;64.56;64.59;64.03;64.45;805033
20130129;64.26;65.22;64.02;65.05;966600
20130130;64.91;65.13;64.4;64.59;973021
20130131;64.46;64.66;64.3;64.6;1156186
20130201;64.81;64.95;64.56;64.84;740188
20130204;64.7;64.77;64.07;64.1;959892
20130205;64.57;65.27;64.54;64.98;1134189
20130206;64.74;64.88;64.27;64.88;1079992
20130207;64.88;65.29;64.51;64.96;677115
20130208;64.98;65.08;63.58;64.47;3966540
20130211;64.42;64.73;64.32;64.62;2989886
20130212;63.79;64.11;63.76;63.93;884380
20130213;63.93;64.17;63.59;63.66;1043371
20130214;63.1;63.1;61.5;61.8;2615656
20130215;61.6;61.69;61.09;61.45;1847574
20130219;61.7;62;61.56;61.78;1199085
20130220;61.79;62.21;61.53;61.55;1316589
20130221;61.53;61.72;61.24;61.52;946348
20130222;61.61;62.16;61.53;62.05;809115
20130225;62.24;62.86;61.58;61.58;1039546
20130226;61.88;62.36;61.29;61.54;1094769
20130227;61.74;62.1;61.46;62.02;874752
20130228;62.14;62.52;61.98;62.26;1347884
20130301;62.21;62.46;61.64;62.12;1137892
20130304;61.95;63.01;61.95;62.95;892659
20130305;63.2;63.82;63.06;63.58;1222051
20130306;63.73;63.94;63.48;63.65;917505
20130307;63.72;64.06;63.42;63.52;615284
20130308;63.59;63.71;62.97;63.43;943826
20130311;63.28;63.56;63.22;63.52;760903
20130312;63.55;63.8;63.21;63.47;687560
20130313;63.45;64;63.45;63.68;924134
20130314;63.71;63.92;63.59;63.64;1105601
20130315;63.33;65.39;63.26;65.23;1972537
20130318;64.78;65.06;64.33;64.46;805873
20130319;64.42;64.74;63.74;64.02;934200
20130320;64.29;64.3;63.8;63.97;1575464
20130321;63.7;63.93;62.75;62.92;1101302
20130322;62.94;63;62.1;62.38;1725334
20130325;62.43;62.65;61.42;61.67;1645491
20130326;61.92;62.75;61.83;62.69;2189742
20130327;62.37;63;62.29;62.94;911909
20130328;63;63.41;62.73;63.24;881268
20130401;63.37;63.48;63.12;63.39;521183
20130402;63.67;64.35;63.51;64.03;1197297
20130403;64.19;65.19;63.95;65;2150972
20130404;65.01;66.56;65;66.52;1672794
20130405;66.35;67.47;66.16;67.28;1403388
20130408;67.3;67.89;67;67.86;1232788
20130409;67.86;67.96;67.56;67.65;959691
20130410;67.92;68.34;67.84;68.26;1701864
20130411;68.26;69.14;67.81;69.05;1285181
20130412;68.96;69.7;68.92;69.7;1262897
20130415;69.39;69.97;68.65;68.65;1006376
20130416;69.18;69.76;68.83;69.53;1102542
20130417;69.23;69.51;68.76;69.2;1218971
20130418;69.53;70.38;69.53;70.29;1621635
20130419;70.52;70.7;69.08;69.71;2317255
20130422;69.65;69.94;69.2;69.69;1049687
20130423;69.96;69.96;68.73;69.5;1880998
20130424;69.54;70.17;69.3;70.12;1275719
20130425;70.14;70.19;68.24;68.62;4424962
20130426;68.64;69.44;68.64;69.11;3813804
20130429;69.47;70.88;69.26;70.86;3668645
20130430;70.72;71.81;70.54;71.23;1336291
20130501;71.22;72.1;70.96;71.39;1629182
20130502;71.36;71.83;70.96;71.57;1087568
20130503;71.88;71.98;70.68;71.1;1202003
20130506;71.01;71.24;68.98;69.13;1675779
20130507;68.26;69.13;68.1;68.77;1251062
20130508;68.8;69.11;67.71;68.05;1359730
20130509;68.11;68.17;66.84;67;1151918
20130510;67.01;67.57;66.72;67.49;921296
20130513;67.21;67.61;66.86;67.29;863884
20130514;67.34;68.2;67.19;68.08;1380139
20130515;67.99;70.45;67.9;69.61;3153905
20130516;69.42;70.18;68.9;69.67;1773445
20130517;69.8;71.3;69.63;71.14;2281332
20130520;71;71.13;70.3;70.6;1229719
20130521;70.76;70.76;69.89;70.3;1176545
20130522;70.23;70.82;68.68;69.07;1198609
20130523;68.11;69.12;67.59;68.92;1123305
20130524;68.87;69.17;68.41;68.94;773415
20130528;68.73;70.66;68.54;69.5;2140293
20130529;68.99;69.25;68.35;68.59;1707621
20130530;68.81;70.21;68.81;69.1;1122080
20130531;69.07;70.48;68.88;68.88;1254558
20130603;69.18;70.48;68.16;69.71;1451270
20130604;69.55;69.68;68.13;68.24;1528200
20130605;68.05;68.21;67.23;67.39;1025618
20130606;67.48;68.11;67.09;68.01;891800
20130607;68.27;68.98;67.49;68.19;1107076
20130610;69.29;69.88;68.75;69.57;1607675
20130611;69.12;69.54;68.64;68.66;792190
20130612;69.05;69.23;67.3;67.71;1107515
20130613;67.68;68.93;67.18;68.88;950071
20130614;68.7;69.37;68.41;68.47;937518
20130617;68.67;69.75;68.21;68.62;1103918
20130618;68.57;69.56;68.17;69.17;853416
20130619;69.22;70.1;68.25;68.25;1089123
20130620;67.84;68.1;66.25;66.37;1328446
20130621;66.64;68.42;66.31;68.13;1971381
20130624;67.55;68.54;66.9;68.11;1257751
20130625;68.6;69.59;68.11;69.16;1180764
20130626;69.47;70.52;69.19;70.28;1032086
20130627;70.39;71.59;69.91;70.05;1335822
20130628;69.9;70.11;69.26;69.68;1320640
20130701;69.94;70;68.84;69.34;1236705
20130702;69.3;70.18;69.04;69.35;1264562
20130703;69.06;69.63;68.87;69.29;628074
20130705;69.24;69.29;67.43;68.06;863470
20130708;68.29;69.11;68.04;68.95;872284
20130709;69.37;69.71;68.35;69.14;1806413
20130710;69.13;70.01;68.75;69.7;869963
20130711;70.32;71.32;70.3;71.31;987652
20130712;71.29;71.29;70.44;70.89;731011
20130715;70.98;71.97;70.8;71.6;1086928
20130716;71.44;71.72;70.64;71.02;860433
20130717;71.42;71.52;70.45;70.64;637493
20130718;70.87;71.8;70.87;71.77;993079
20130719;71.72;72.19;71.26;71.91;1033780
20130722;71.94;72.58;71.9;72.35;920852
20130723;72.29;72.6;71.55;72.33;949734
20130724;72.17;72.17;70.02;70.42;1243722
20130725;70.16;70.59;69.49;70.09;5863184
20130726;70.02;70.32;69.49;70.13;5783613
20130729;70.04;70.88;70.04;70.53;3703925
20130730;70.76;71.77;69.1;69.6;2334248
20130731;69.38;69.85;67.34;67.5;2311749
20130801;67.76;68.2;67.38;67.89;1326191
20130802;67.92;68.27;67.74;68.19;921144
20130805;68.11;68.17;67.48;67.53;1138839
20130806;66.55;67.05;66.47;66.86;2139236
20130807;66.75;69.1;66.5;68.77;2144466
20130808;68.77;69.69;68.52;69.16;1402342
20130809;69.16;70.05;66.5;66.9;3560447
20130812;66.77;66.89;65.58;66.14;1712356
20130813;66.08;66.55;65.53;65.71;1546039
20130814;66.49;66.49;65.3;66.23;1535257
20130815;65.43;66.15;65.43;65.76;1667319
20130816;65.72;65.72;64.29;64.59;2988478
20130819;64.58;64.78;63.37;63.54;1360979
20130820;63.56;64.57;63.55;63.99;1260486
20130821;63.85;63.85;62.92;62.95;1328084
20130822;62.99;63.81;62.75;63.34;941265
20130823;63.55;64.35;63.46;63.94;745715
20130826;63.9;64.15;62.87;63.07;1270361
20130827;62.48;63.33;62.25;62.56;1826624
20130828;62.59;62.87;61.88;62.31;1462083
20130829;62.71;63.21;62.31;63.02;1626290
20130830;63.31;63.78;63.01;63.23;1206761
20130903;63.48;63.64;62.44;62.54;1297329
20130904;62.4;62.6;61.66;62.15;1441910
20130905;62.03;62.59;61.95;62.04;1152513
20130906;62.41;63.27;62.41;62.92;1646779
20130909;62.85;63.13;62.4;63.03;1101891
20130910;63.23;63.27;62.56;63.27;1278071
20130911;63.12;63.12;62.11;62.87;2228612
20130912;62.94;63.03;62.19;62.29;837078
20130913;62.81;63.5;62.71;63.09;1187229
20130916;63.88;64.34;63.4;63.77;1397677
20130917;63.88;64.18;63.6;63.8;659379
20130918;63.96;65.83;63.7;65.67;1228281
20130919;65.64;65.8;64.69;65.02;741829
20130920;65;65.14;63.39;63.63;1519937
20130923;63.35;64.93;63.22;64.44;1136793
20130924;64.27;64.84;63.91;63.98;1009533
20130925;64.08;64.3;63.51;63.63;885535
20130926;63.73;64.18;63.44;63.62;888962
20130927;63.45;64.02;63;63.32;527364
20130930;63.02;63.65;62.95;63.19;1009973
20131001;63.39;64;63.2;63.68;876324
20131002;63.51;64.14;63.03;64.03;1229174
20131003;63.72;63.82;63.1;63.51;1145429
20131004;63.41;63.62;63.29;63.48;1103013
20131007;63.18;63.92;63.16;63.45;656444
20131008;63.35;64.15;63.25;63.55;806838
20131009;63.73;65.26;63.3;64.21;1490909
20131010;64.5;65.3;63.69;65.11;1124181
20131011;64.94;65.37;64.77;65.3;626805
20131014;65.13;65.27;64.05;64.86;759071
20131015;64.86;64.91;63.58;63.67;1195923
20131016;64.07;65.04;64.07;65.02;1229378
20131017;64.95;66.74;64.47;66.59;1163704
20131018;66.66;66.74;66.04;66.35;1265547
20131021;66.38;66.78;65.75;66.14;896505
20131022;66.26;67.65;66.16;67.53;1248106
20131023;67.36;68.63;67.33;68.13;1617255
20131024;68.09;68.28;67.49;68.1;1036084
20131025;67.99;68.31;67.36;68.27;1030464
20131028;68.14;68.56;67.82;68.11;1542915
20131029;67.69;67.69;65.5;66.06;3501124
20131030;66.21;66.53;65.3;65.46;1708078
20131031;65.31;65.38;64.38;64.72;1519573
20131101;64.92;65.28;64.77;65.14;1214330
20131104;65.42;65.49;64.69;64.97;1373851
20131105;64.13;64.42;63.82;64.01;1625528
20131106;64.36;65.09;64.22;64.9;1428211
20131107;65.16;65.42;64.36;64.4;1367500
20131108;64.21;64.43;63.32;64.42;1065450
20131111;63.74;63.74;62.94;63.22;1944773
20131112;63.2;63.29;62.61;63.01;1767694
20131113;62.55;62.8;62.02;62.79;1090715
20131114;63;63.55;62.81;63.43;893036
20131115;63.29;63.87;63.16;63.67;1170532
20131118;63.87;63.91;63.5;63.55;995249
20131119;63.64;63.71;63.06;63.28;990390
20131120;63.62;63.62;62.8;62.83;1359865
20131121;63.16;63.2;62.81;62.88;1011558
20131122;62.75;62.88;62.39;62.53;1185200
20131125;62.68;62.94;62.4;62.52;864447
20131126;62.5;62.66;61.83;62;1519951
20131127;61.95;62.23;61.6;61.75;1135087
20131129;61.77;62.27;61.62;61.89;557764
20131202;62.06;62.32;61.65;62.28;1578786
20131203;62.01;62.15;61.55;61.97;1629580
20131204;61.67;62.39;61.6;62.16;987920
20131205;62.03;62.29;61.75;62.24;1215158
20131206;62.56;63.34;62.4;63.01;1163115
20131209;62.81;62.99;62.12;62.4;1317292
20131210;62.11;62.2;60.22;61.3;4628891
20131211;60.64;61.28;60.42;60.85;2502875
20131212;60.85;61.67;60.84;61.22;1550898
20131213;61.28;61.43;60.57;61.2;1242412
20131216;61.29;62.16;61.28;61.89;1673633
20131217;61.72;61.9;61.31;61.65;1209274
20131218;61.53;62.42;60.77;62.21;1223013
20131219;62;62.12;61.13;61.56;986255
20131220;61.69;62.57;61.67;62.49;2855810
20131223;62.74;63.08;62.28;62.54;1275254
20131224;62.49;63.08;62.36;62.73;395870
20131226;62.63;62.97;62.27;62.37;583208
20131227;62.48;62.87;62.37;62.83;731443
20131230;63.13;63.44;62.94;63.32;1152632
20131231;63.33;63.55;63;63.27;965775
20140102;63.35;63.39;61.71;61.84;1206645
20140103;61.05;61.46;60.64;61.03;1748263
20140106;60.61;60.94;60.4;60.67;1989859
20140107;60.83;61.3;60.67;61.25;1496612
20140108;61.14;61.28;60.6;60.85;1999783
20140109;61.03;61.09;60.52;60.52;1628563
20140110;60.92;62.18;60.82;61.06;2660964
20140113;61.23;61.45;60.55;60.62;1988092
20140114;60.89;61.36;60.83;61.14;2068894
20140115;61.27;61.44;60.67;61.16;2001951
20140116;61.23;61.57;61.09;61.38;1100276
20140117;61.6;61.77;61.31;61.61;932592
20140121;61.99;62.1;61.54;61.99;1395553
20140122;62.15;62.49;61.34;61.55;1803957
20140123;61.27;61.79;60.99;61.71;1524024
20140124;61.5;62.35;61.15;61.28;1300156
20140127;61.46;61.84;61.21;61.29;1792400
20140128;61.25;61.66;60.87;61.12;1673750
20140129;60.96;62.01;60.96;61.54;1935655
20140130;61.76;63.38;61.55;63.17;2622946
20140131;62.58;63.49;62.53;63.03;1787073
20140203;63.23;63.92;62.61;62.72;1894515
20140204;63.21;63.27;62.3;62.47;1784173
20140205;62.42;62.87;62.01;62.58;1957637
20140206;62.61;63.84;62.55;63.75;3359854
20140207;63.81;63.9;63.19;63.56;1737185
20140210;63.42;63.93;63.06;63.6;1875528
20140211;63.43;63.52;61.67;62.58;2934798
20140212;62.53;63.67;62.53;63.56;2357010
20140213;63.22;64.58;63.22;64.43;2326050
20140214;64.25;64.66;64.1;64.49;1477914
20140218;64.52;65.18;64.43;64.91;1944862
20140219;64.46;65.34;64.19;64.46;1692784
20140220;64.45;65.3;64.45;65.05;1378756
20140221;64.95;65.31;64.44;64.45;1369533
20140224;64.86;65.05;64.12;64.12;943877
20140225;64.4;64.58;64.02;64.11;1390751
20140226;64.71;64.79;64;64.07;770193
20140227;63.86;64.2;63.53;63.76;983096
20140228;63.89;64.16;63.63;63.82;1535826
20140303;63.6;63.89;63.25;63.28;1550617
20140304;63.71;63.76;63.22;63.44;1771018
20140305;63.53;63.56;62.81;63.03;1439213
20140306;63.1;63.36;62.13;62.38;1406357
20140307;62.3;62.65;61.82;62.56;1683325
20140310;62.48;62.65;62.07;62.25;1509101
20140311;62.4;62.49;61.96;62.31;1303613
20140312;62.17;63;62.09;63;1571215
20140313;63.12;64.48;63.08;64.42;1963037
20140314;64.25;64.93;64.1;64.58;1389984
20140317;64.61;65.2;64.09;65.2;1004224
20140318;65.27;65.45;65;65.01;939939
20140319;65.19;65.62;64.22;64.57;1138313
20140320;64.4;64.75;63.87;64.75;1166377
20140321;65.09;66.69;64.97;66.03;2710361
20140324;66.2;66.63;65.83;66.07;1560196
20140325;66.2;66.36;65.42;66.09;1036782
20140326;66.12;66.22;65.67;65.77;843661
20140327;66.04;66.64;65.56;66.6;1172977
20140328;66.68;66.81;66.12;66.65;917804
20140331;66.78;67.02;66.38;66.85;1370385
20140401;66.81;67.16;66.51;67.06;1418299
20140402;67.01;67.47;66.41;67.11;1218216
20140403;67.17;68.14;66.82;68.1;1749061
20140404;68.3;69.92;68.15;69.07;2810822
20140407;69;69.78;68.87;69.14;1719569
20140408;69.1;70.26;68.79;70.19;2322051
20140409;70.45;71.12;69.59;70.28;2964943
20140410;70.42;70.89;70;70.1;1674077
20140411;70.1;71;70.1;70.35;1808618
20140414;70.55;71.04;70.26;70.95;2531954
20140415;72.23;72.58;71.24;71.97;3795767
20140416;72.24;73.27;71.69;72.01;2902635
20140417;72.09;72.43;71.07;71.26;1861082
20140421;71.16;71.77;70.91;71.08;1512077
20140422;71.06;71.42;70.64;71.02;1895682
20140423;71.21;71.8;70.94;71.02;1787737
20140424;71.4;71.58;70.35;71.42;2013280
20140425;71.21;71.95;71.13;71.84;2001643
20140428;71.9;73.03;71.66;72.82;2954433
20140429;73.13;73.71;72.63;72.89;2505910
20140430;73.2;73.92;72.46;72.5;2864768
20140501;72.69;73.25;72.08;72.96;1677118
20140502;72.67;72.97;71.68;72.24;1606157
20140505;72.22;73.13;72.07;73.13;1554543
20140506;73.21;73.72;73;73.13;2153838
20140507;73.36;75.2;73.21;75.16;2693749
20140508;74.98;75.07;74.33;74.79;2723074
20140509;74.72;75.28;74.37;74.61;1660770
20140512;74.7;75.04;74.07;74.38;2812734
20140513;73.62;73.78;72.78;73.41;2371986
20140514;73.46;74.29;73.35;74.27;2113780
20140515;74.24;74.42;73.62;74.29;2603720
20140516;74.18;74.62;74.01;74.52;1461201
20140519;74.44;74.52;73.1;73.15;1500971
20140520;73.15;73.76;73.07;73.49;1454766
20140521;73.51;73.66;73;73.65;1607562
20140522;73.46;74.35;73.42;74.04;1605803
20140523;74.02;74.26;73.85;74.06;981643
20140527;74.47;74.61;73.82;74.11;1379934
20140528;74.18;74.68;73.85;74.62;1203978
20140529;74.51;75.55;74.38;75.53;1868338
20140530;75.4;75.69;74.98;75.42;2236924
20140602;75.56;76.04;75.46;75.77;1762552
20140603;75.75;76.27;75.42;76.22;2033841
20140604;76.13;76.65;75.89;76.61;1290785
20140605;78.42;78.8;77.76;78.61;2560702
20140606;79.11;79.13;78.32;78.41;1730644
20140609;78.14;78.8;78.06;78.69;1403444
20140610;78.65;78.81;77.83;78.28;1406798
20140611;78.28;78.43;77.25;77.42;1715451
20140612;77.38;77.96;76.6;77.85;1607380
20140613;77.77;78.26;77.14;78.2;1030130
20140616;78.2;79.27;78.1;79.01;1972730
20140617;78.44;78.81;77.78;78.52;1117113
20140618;78.52;80.21;78.43;80.17;1507439
20140619;80.2;80.94;80.11;80.79;1650330
20140620;81;81.53;80.7;80.83;2163520
20140623;80.73;80.82;79.79;80.54;1572469
20140624;80.47;80.91;80.39;80.45;1702361
20140625;80.51;81.23;80.4;81.17;1090799
20140626;81.15;81.33;80.66;80.86;1136167
20140627;80.57;81.3;80.3;81.18;1460352
20140630;81.32;82.3;81.15;82.09;1266118
20140701;81.88;82.48;81.21;81.3;1412816
20140702;81.22;81.3;78.08;78.66;3072998
20140703;78.21;78.39;76.97;76.97;2087367
20140707;77.19;78.53;77.19;78.4;2244321
20140708;78.47;79.17;78.27;78.47;1781579
20140709;78.47;78.9;77.37;77.97;1651662
20140710;77.5;78.83;77.43;78.7;1617826
20140711;78.66;78.94;77.87;78.02;1077365
20140714;78.4;78.44;77.18;77.2;1332171
20140715;77.41;77.63;77;77.53;1622350
20140716;77.62;78.01;77.11;77.95;1638724
20140717;77.15;77.61;76.19;76.27;1758961
20140718;77;77.27;75.95;77.22;1544141
20140721;77.05;77.47;76.71;77.35;1506011
20140722;77.51;77.85;75.97;76;2177795
20140723;76.12;76.27;75.57;75.64;2310453
20140724;75.46;76.43;75.46;76.35;2139185
20140725;76.39;76.78;75.36;75.48;1449853
20140728;75.53;76.69;75.4;76.35;1907136
20140729;76.46;76.46;74.44;74.99;2322364
20140730;75.01;75.51;73.56;74.16;2102892
20140731;73.91;74.11;72.81;72.83;1323906
20140801;72.88;73.62;72.76;72.99;1552514
20140804;72.92;72.98;71.12;72.43;4022305
20140805;72.18;73.08;71.82;72.12;2417859
20140806;71.9;71.92;70.7;70.82;2524047
20140807;71.05;71.91;71.05;71.57;1447965
20140808;71.75;72.72;71.75;72.68;1286514
20140811;72.65;73.35;72.44;72.55;1348952
20140812;71.55;71.86;71.26;71.42;1128467
20140813;71.46;72.09;71.14;71.92;1564306
20140814;71.85;73.22;71.85;73.01;1667015
20140815;73.01;73.64;72.35;72.82;1255196
20140818;72.9;73.2;72.57;72.75;783910
20140819;72.89;73.97;72.8;73.96;1120157
20140820;74.11;75.18;73.64;75.11;2191705
20140821;74.94;75.8;74.54;74.82;1199903
20140822;74.91;75.14;74.08;74.57;936608
20140825;74.68;75.64;74.6;75.58;1191179
20140826;75.43;75.77;74.32;74.47;1287791
20140827;74.88;75.54;74.56;75.48;929654
20140828;75.38;76.38;75.22;76.33;852419
20140829;76.43;77.45;76.36;77.41;1353884
20140902;77.33;77.42;75.89;76.38;1959805
20140903;76.55;77.5;76.55;77.14;887746
20140904;77.01;77.28;76.46;76.86;1804407
20140905;76.97;77.64;76.6;77.41;1385609
20140908;77.48;77.56;76.06;76.35;1194316
20140909;76.12;76.71;75.56;76.13;1296984
20140910;76.18;76.35;75.58;76.16;831937
20140911;76.19;77.08;75.9;77.06;984874
20140912;76.54;76.65;75.29;75.48;844340
20140915;75.68;76.43;75.55;75.95;1340370
20140916;75.85;77.49;75.71;77.01;1194795
20140917;77.22;77.46;76.24;76.52;1080284
20140918;76.69;77.03;75.6;75.84;930224
20140919;76.13;76.88;75.86;76.82;1591877
20140922;76.52;77.56;76.33;76.99;1196769
20140923;76.96;77.03;76.36;76.51;1762546
20140924;76.64;76.72;76.01;76.31;859085
20140925;76.32;76.53;75.8;76;1222489
20140926;76.1;76.45;75.43;76.14;934215
20140929;76;76.77;75.9;76.74;998041
20140930;76.94;78.37;76.79;77.33;1615800
20141001;77.33;78.7;77;78.04;1463391
20141002;77.79;78.32;77.32;77.47;1593674
20141003;77.68;77.99;76.51;77.82;1149726
20141006;77.9;78.28;77.47;77.71;907247
20141007;77.5;78.84;77.37;77.81;1612713
20141008;77.99;79.64;77.81;79.62;1771716
20141009;79.05;79.66;77.44;77.51;2109935
20141010;77.78;78.66;77.68;77.83;1556071
20141013;77.99;79.57;77.71;78.68;1942514
20141014;79.05;81.59;78.74;81.04;2777732
20141015;78.98;81.66;77.65;78.95;2778952
20141016;77.87;79.52;77.05;79.4;1965224
20141017;79.8;79.98;78.04;79.33;2377032
20141020;79.29;79.95;79.1;79.84;1271721
20141021;80.06;80.07;79.4;80;1282578
20141022;80;81.38;79.96;80.94;1256424
20141023;81.49;81.96;80.75;81.29;1422417
20141024;81.28;82.19;81.24;82.14;1089043
20141027;82.14;82.65;81.78;82.11;1636183
20141028;82.13;82.22;81.1;81.88;1885754
20141029;82.05;82.88;81.18;82.06;1382567
20141030;82.46;84.26;81.95;84.24;1422914
20141031;84.56;84.58;83.55;84.02;2165376
20141103;84.3;84.31;83.48;83.85;2165159
20141104;80.77;83.75;80.04;82.47;1756960
20141105;83.07;84.13;82.48;83.7;3751633
20141106;83.73;83.85;81;81.96;3669621
20141107;82.38;82.71;81.51;82.68;2325541
20141110;82.08;83.32;82.08;83.29;2366733
20141111;83.48;83.58;82.48;82.96;1629900
20141112;82.32;82.49;80.58;81.62;2543361
20141113;81.83;82.8;81.48;81.68;1931013
20141114;81.51;81.95;81.09;81.45;1633898
20141117;81.31;83.45;81.16;83.27;1854348
20141118;83.46;84.44;82.87;83.9;1237480
20141119;83.68;84.12;83.06;83.34;1444856
20141120;82.9;83.28;82.04;82.23;1232139
20141121;82.91;82.98;81.8;82.4;1542018
20141124;82.56;82.72;81.36;81.47;1233041
20141125;81.42;81.54;80.97;81.31;1254424
20141126;81.67;82.49;81.54;82.17;1378583
20141128;82.35;84.01;82.35;83.9;915403
20141201;83.21;84.99;82.76;83.83;2016828
20141202;83.53;84.11;83.27;83.7;1548214
20141203;83.7;83.86;83.1;83.47;1033696
20141204;83.3;83.99;83.2;83.56;1037058
20141205;82.5;83;82.18;82.72;1635047
20141208;82.83;84.32;82.62;84.04;1105538
20141209;83.83;84.79;83.35;83.98;2127612
20141210;83.99;84.52;83.04;83.09;1205790
20141211;83.21;85.21;83.12;84.9;1642516
20141212;84.34;87.99;84.15;86.41;4041598
20141215;86.51;87.92;85.92;86.37;3077907
20141216;86.5;87.41;85.86;86;2697106
20141217;86.19;87.76;86.08;87.32;2248478
20141218;87.34;88.71;87.08;88.7;1627491
20141219;89.06;89.96;88.56;89.03;3446942
20141222;86.54;88.65;86.13;88.31;1965852
20141223;88.5;88.86;87.54;88.07;1379155
20141224;88.15;89.99;87.87;89.53;1282887
20141226;89.77;91.03;89.77;90.42;852200
20141229;90.55;92.02;90.35;91.16;1229924
20141230;91.17;91.17;89.68;89.93;1141732
20141231;90.26;90.56;87.4;87.48;1565904
20150102;87.48;88.1;86.66;87.71;1945307
20150105;87.81;88.26;86.56;87.05;1662065
20150106;87.11;88.75;86.83;86.89;1838006
20150107;87.02;88.31;86.67;87.77;1094190
20150108;87.94;88.73;87.8;88.29;1018479
20150109;88.51;88.89;86.88;87.79;1468234
20150112;88.13;88.22;86.55;87.04;1114882
20150113;87.52;88.63;85.71;86.04;2595390
20150114;85.6;87.2;85.17;87.15;1521252
20150115;87.41;88.64;87;88.49;1482739
20150116;88.55;89;88;88.67;1295743
20150120;89.1;89.56;87.94;88.7;1196882
20150121;88.47;89.76;87.93;89.68;957553
20150122;90.04;90.33;88.71;89.42;1503876
20150123;89.67;89.88;89.22;89.6;1255198
20150126;89.49;89.72;88.4;88.83;1217345
20150127;88.89;89.27;88.34;88.44;1145713
20150128;88.45;90.12;88.45;88.93;2028579
20150129;88.67;90.06;88.27;89.9;1200952
20150130;89.57;89.79;87.43;87.51;1281377
20150202;87.56;88.57;86.78;88.15;1542265
20150203;88.21;89.52;87.47;89.42;1757523
20150204;89.06;89.25;87.16;87.47;1581846
20150205;87.48;88.13;85.6;86.52;2212510
20150206;86.15;86.37;81.99;82.41;2851671
20150209;82.54;83.14;81.03;81.3;2098965
20150210;80.67;81.89;80.59;81.84;2476638
20150211;81.8;81.81;80.48;80.96;1725067
20150212;81.08;81.28;80.26;80.65;1509757
20150213;80.16;80.25;78.35;79.12;2088228
20150217;79.08;79.84;78.15;78.86;1516703
20150218;78.9;80.37;78.53;80.26;1303475
20150219;80.44;80.8;79.45;79.76;812706
20150220;79.68;79.83;78.5;79.32;1160649
20150223;79.71;80.3;79.34;80.28;999863
20150224;80.25;81.07;79.87;80.46;1370560
20150225;80.17;80.81;79.17;79.38;1208582
20150226;79.71;79.83;78.95;79.2;1028067
20150227;79.25;79.57;78.51;79.51;1509468
20150302;79.18;79.39;76.84;77.67;2070320
20150303;77.55;77.78;76.72;77.48;1067737
20150304;76.9;77.28;76.01;76.5;1146681
20150305;76.84;77.31;76.62;77.02;846204
20150306;76.1;76.1;74.3;74.67;1245147
20150309;74.84;75.32;74.46;74.7;1031747
20150310;74.43;75.89;74.35;75.48;1645030
20150311;75.71;75.71;74.41;74.69;1108262
20150312;75.12;76.69;75.12;76.26;1207781
20150313;75.74;75.8;73.88;74.65;1916518
20150316;74.99;76.64;74.99;76;1076329
20150317;75.7;76.36;75.57;75.97;929584
20150318;75.84;78.65;75.67;78.14;1295442
20150319;77.95;78.95;77.67;77.94;2430929
20150320;78.3;79.36;78.04;79.05;3037019
20150323;78.99;79.15;78.27;78.49;1214768
20150324;78.18;78.68;77.17;77.29;1219643
20150325;77.69;78.14;76.88;76.94;1373019
20150326;76.55;77.35;75.9;76.52;963379
20150327;76.46;77.24;76.25;76.68;826027
20150330;76.87;77.89;76.37;77.31;1193493
20150331;77.33;78.08;76.79;77.49;1308664
20150401;77.31;77.83;76.25;77.69;951805
20150402;77.57;78.08;77.28;77.67;841396
20150406;77.92;79.46;77.92;79.41;1134467
20150407;79.41;79.43;78.02;78.11;832097
20150408;78.02;78.2;77.08;77.96;1040844
20150409;77.78;78.17;76.69;77.01;1130128
20150410;77.42;78.39;77.1;78.09;594388
20150413;77.69;78.1;77.22;77.28;566554
20150414;77.55;78.07;77.17;77.78;604817
20150415;77.78;78.77;77.78;77.81;638027
20150416;77.73;77.95;76.68;77.36;849021
20150417;77.07;77.84;77.02;77.29;1119005
20150420;77.57;78.94;77.53;78.36;862205
20150421;78.43;79.1;77.87;78.06;1194674
20150422;78.23;78.36;77.11;77.87;958689
20150423;77.86;79.22;77.68;78.57;941200
20150424;78.49;79.84;78.1;79.14;1407517
20150427;79.41;79.41;77.81;78.14;1114053
20150428;77.93;79.22;77.58;79.02;1365645
20150429;77.61;78.69;76.77;78.4;1867335
20150430;78.34;78.34;76.64;77.18;1249760
20150501;77.2;77.42;76.59;77.19;894415
20150504;77.18;78.46;77;77.82;906086
20150505;77.45;77.92;75.43;75.55;1284788
20150506;75.61;76.23;74.88;75.78;1390868
20150507;76.21;76.95;75.77;76.47;1139175
20150508;77.14;77.59;75.99;76.4;1279666
20150511;76.4;76.73;76.01;76.09;1860084
20150512;75.01;75.14;73.95;74.23;1779863
20150513;74.57;75.22;73.5;73.76;1585419
20150514;74.06;74.65;73.9;74.23;1156110
20150515;74.49;75.3;74.34;74.98;1501412
20150518;74.62;75.39;74.58;75.28;733774
20150519;75.03;76.27;74.75;76.21;1161012
20150520;76.11;76.61;75.78;76.04;1107505
20150521;76.08;76.4;75.66;76.12;830648
20150522;75.92;76.28;75.38;76.04;659315
20150526;76.08;76.3;74.95;75.48;1278360
20150527;75.7;76.56;75.55;76.41;1134102
20150528;76.24;76.82;75.93;76.55;1068511
20150529;76.55;77.08;76.29;76.47;1077918
20150601;76.54;77.16;76.43;76.58;1128837
20150602;75.91;76.31;74.58;75.11;1422786
20150603;74.84;75.21;73.37;73.83;2053136
20150604;73.51;74.48;73.39;73.76;1028227
20150605;73.04;73.04;71.93;72.12;1235063
20150608;72.24;72.59;71.96;71.98;1063707
20150609;72.63;72.63;70.88;70.9;1459449
20150610;71.33;71.74;70.64;70.71;2708899
20150611;71.2;71.75;70.72;71.42;1744112
20150612;71.16;71.58;70.7;70.71;904538
20150615;70.49;71;70.12;70.95;1475815
20150616;70.88;71.19;70.44;70.83;782807
20150617;70.77;71.62;70.42;71.19;1584561
20150618;71.32;72.36;71.32;72.04;1953447
20150619;71.64;72.23;71.46;71.57;1494124
20150622;71.82;71.9;71.25;71.5;845741
20150623;71.46;71.58;70.54;70.78;1066081
20150624;70.85;71.18;70.5;70.51;1194541
20150625;70.52;70.53;69.46;69.47;786133
20150626;69.39;70.63;69.06;70.51;1986663
20150629;70.55;71.19;69.84;69.95;1354880
20150630;70.3;71.41;69.99;70.5;4553878
20150701;70.66;71.5;70.48;71.45;2327968
20150702;72.24;72.67;71.57;71.88;1394070
20150706;71.74;72.47;71.48;72.47;1422026
20150707;72.76;74;72.67;73.61;2686295
20150708;73.32;74.09;73.14;73.3;1731980
20150709;73.47;73.73;72.37;72.52;1266202
20150710;72.49;73.16;72.11;72.49;949515
20150713;72.82;72.99;72.02;72.25;839322
20150714;72.26;72.86;71.99;72.29;1296916
20150715;72.44;72.52;71.74;72.25;1536900
20150716;72.36;73.44;72.36;72.97;1482984
20150717;73.12;73.12;72.31;72.37;866809
20150720;72.34;72.43;71.63;72.28;905511
20150721;72.22;72.39;70.93;71.3;1038645
20150722;71.34;71.8;70.87;71;1423368
20150723;70.69;70.79;69.15;69.7;1705450
20150724;69.78;69.89;69.15;69.21;921725
20150727;69.25;70.8;69.25;70.4;1111070
20150728;69.75;70.47;69.55;69.98;1456056
20150729;69.83;70.22;69.43;70.11;1184743
20150730;69.9;71.09;69.72;70.36;1026709
20150731;70.89;71.5;70.89;71.02;1187894
20150803;71.25;71.56;70.89;71.2;1603377
20150804;70;70.6;68.23;68.58;2829100
20150805;68.58;68.59;67.75;67.88;2976784
20150806;67.86;69.49;67.23;69.44;1771773
20150807;69.38;70.87;68.86;70.26;1381411
20150810;70.32;70.71;68.55;68.91;1879382
20150811;68.32;69.53;68.25;68.94;1904173
20150812;68.63;70.22;68.5;70.01;1937754
20150813;70.01;70.06;69.08;69.79;1243377
20150814;69.6;70.2;69.45;70.1;1531278
20150817;70.08;70.91;69.91;70.66;1782754
20150818;70.43;71.02;70.23;70.62;1331129
20150819;70.26;71.14;70.11;70.87;1021837
20150820;70.37;71.56;70.11;70.56;1180306
20150821;70.34;70.86;69.39;69.39;1562529
20150824;67.4;69.48;65.54;65.9;2496884
20150825;66.42;67.22;63.6;63.6;2326937
20150826;64.35;64.52;63.2;64.29;2101333
20150827;64.48;65.91;64.48;65.81;2375312
20150828;65.78;66.27;65.07;65.9;1714567
20150831;65.62;65.64;64.43;65.33;1705067
20150901;64.46;64.46;62.66;63.06;1639653
20150902;63.76;63.82;62.45;62.76;1292298
20150903;62.81;63.41;62.62;62.99;1111429
20150904;62.48;62.51;61.27;61.53;1497145
20150908;62.27;62.73;61.85;62.39;1986417
20150909;62.78;62.87;61.75;61.89;1292765
20150910;61.83;62.77;61.76;62.03;1781759
20150911;61.75;62.7;61.57;62.68;1185099
20150914;62.68;63.28;62.55;62.83;1173073
20150915;62.92;63.41;62.55;63.23;1258421
20150916;63.36;64.49;63.23;63.95;1516582
20150917;63.93;65.46;63.8;64.42;1051754
20150918;63.91;64.86;63.76;64.25;1976481
20150921;64.37;64.79;63.81;63.93;1251501
20150922;64.41;64.63;63.69;64.04;1953690
20150923;64.04;64.04;63.12;63.54;1444476
20150924;62.39;63.74;62.3;63.59;1633699
20150925;63.58;65.25;63.3;64.59;1641716
20150928;64.32;65.07;64;64.06;1066053
20150929;64.14;64.96;63.93;64.33;824905
20150930;64.52;65.14;64.25;65.1;1382520
20151001;65.16;65.25;63.9;64.41;1236080
20151002;64.92;65.93;64.41;65.89;1414823
20151005;66.18;67.19;65.74;66.97;1117082
20151006;66.8;66.99;65.64;66.11;1240713
20151007;66.12;66.78;66.1;66.78;1642710
20151008;66.75;68.22;66.24;67.67;1426664
20151009;67.7;67.96;67.25;67.56;1366268
20151012;67.73;69.06;67.23;68.28;950859
20151013;68.18;68.62;67.84;68.1;1348461
20151014;68.15;68.57;67.67;67.92;1091107
20151015;68.18;69.2;67.69;69.08;1094836
20151016;69.56;70;69.08;69.3;1630371
20151019;69.51;69.75;68.78;69.38;1267231
20151020;69.19;70.52;68.91;70.07;1340779
20151021;70.29;70.67;69.37;69.42;729196
20151022;69.62;70.13;69.32;70.06;1037417
20151023;69.86;70.02;68.59;68.65;996995
20151026;68.88;68.98;67.79;68.49;1253754
20151027;68.4;68.7;67.87;68.46;777176
20151028;68.46;68.92;67.2;67.76;1115319
20151029;67.38;67.64;66.02;67.5;1180273
20151030;67.5;68.36;67.26;68.16;1775654
20151102;67.75;69;66.43;68.55;2510701
20151103;68.52;69.93;68.35;69.29;1968029
20151104;69.22;69.62;68.65;69.21;1343163
20151105;69.2;69.55;67.83;68.06;1178546
20151106;66.74;67.55;65.42;65.65;2564540
20151109;64.83;65.37;64.11;65.14;1364800
20151110;65.2;65.96;64.74;64.85;1730154
20151111;64.96;66.41;64.71;66.06;1949696
20151112;65.84;66.49;65.38;65.8;1778611
20151113;65.86;66.29;64.99;65.15;1091917
20151116;65.2;66.88;64.95;66.83;1188711
20151117;66.67;66.92;65.3;65.44;1085836
20151118;65.44;66.11;64.49;65.67;1215803
20151119;65.98;66.21;65.27;65.84;1408257
20151120;66.34;67.07;66.13;66.94;1284238
20151123;66.9;67.3;66.56;66.67;922963
20151124;66.25;66.69;66.03;66.48;1197074
20151125;66.67;66.67;65.4;66.14;780954
20151127;66.08;66.4;65.83;66.17;403420
20151130;66.13;67.24;66.02;66.63;1406496
20151201;66.77;67.95;65.46;67.39;1280529
20151202;67.2;67.2;65.23;65.31;1107484
20151203;64.97;65.25;64.18;64.36;1130101
20151204;64.61;66;64.25;65.93;1187284
20151207;65.74;66.71;65.25;66.69;1470291
20151208;66.51;66.78;66.16;66.56;1330106
20151209;66.24;68.63;66.11;68.04;2327967
20151210;67.97;68.04;65.66;65.71;1787283
20151211;65.3;66.36;65.08;65.66;1891809
20151214;65.64;65.82;64.2;65.44;1943253
20151215;65.48;65.8;65.06;65.22;1814386
20151216;65.6;67.24;65.37;67.13;2028216
20151217;67.1;67.67;66.38;67.23;1315741
20151218;66.91;67.34;66.07;66.26;4695492
20151221;66.64;66.65;65.77;66.18;1521771
20151222;66.38;67.82;65.74;67.68;971141
20151223;67.92;68.97;67.9;68.79;792384
20151224;68.58;68.94;68.31;68.69;396340
20151228;68.39;69.09;68.2;68.86;674006
20151229;69.13;69.41;68.89;69.2;752046
20151230;69.28;69.49;68.98;69.25;702114
20151231;69.11;69.11;67.65;68.36;878085
20160104;67.91;68.6;66.77;68.58;1351145
20160105;68.47;69.16;67.03;68.95;1439554
20160106;68.55;68.72;67.82;68.51;1265706
20160107;67.91;68.61;67.28;67.54;1443630
20160108;67.58;68.29;67.37;67.52;1351100
20160111;67.74;68.19;67.07;67.55;1039442
20160112;68.27;68.52;67.05;68.4;1890754
20160113;68.62;69.08;67.7;68.2;1666318
20160114;68.28;69.59;67.76;69.1;1157761
20160115;68.59;68.59;67.42;68.09;1576907
20160119;68.83;69.24;68.16;68.87;1556643
20160120;68.42;68.91;65.38;66.56;1515130
20160121;66.58;67.08;65.64;66.68;1114739
20160122;67.26;68.85;66.84;68.73;1322435
20160125;68.65;68.73;67.23;67.58;985214
20160126;67.93;69.54;67.89;68.7;834486
20160127;68.59;70.02;68.39;69.55;1179941
20160128;69.49;70.91;69.12;70.56;907892
20160129;71.28;71.57;70.39;70.58;1958094
20160201;70.62;71.82;70.34;71.6;1208987
20160202;71.1;71.94;70.72;71.74;1256626
20160203;71.93;73.96;71.82;73.35;1576347
20160204;73.12;74.48;72.19;72.3;1363058
20160205;72.05;72.66;71.15;72.22;1656147
20160208;72.37;73.02;70.41;71.45;1748311
20160209;69.97;71.3;69.65;70.74;1755745
20160210;70.57;71.85;69.34;71.44;1456246
20160211;71;71.51;70.21;70.54;1509379
20160212;70.32;70.58;69.34;70.44;1279040
20160216;70.7;71.1;69.83;70.77;1762627
20160217;70.78;71.19;69.94;71.01;1583115
20160218;71.55;73.93;70.8;73.44;2388095
20160219;73.79;73.92;72;72.98;2232575
20160222;73.45;74.24;73.02;74.01;1009499
20160223;73.88;74.23;72.98;73.49;1321499
20160224;73.42;74;72.77;73.45;1012273
20160225;73.64;74.33;73.13;74.25;933496
20160226;73.83;74.58;71.65;71.74;1271586
20160229;71.83;73.11;71.53;72.21;1273499
20160301;72.7;72.99;71.95;72.2;1125948
20160302;71.86;73.25;70.61;73.22;1169776
20160303;73.2;73.31;71.78;73.14;1153329
20160304;72.79;74.27;72.22;74.19;1015265
20160307;74;74.59;73.58;73.94;1185782
20160308;74.04;74.67;73.34;74.57;1250076
20160309;74.61;75.91;74.58;75.25;1501277
20160310;75.31;76.14;75.16;75.98;1575005
20160311;76.22;76.72;75.74;75.92;1284902
20160314;76.02;76.91;75.5;76.54;1140374
20160315;76.19;77.32;76.16;76.62;865712
20160316;76.51;78.23;75.81;78.02;1263944
20160317;78.15;79.16;77.74;78.94;1109510
20160318;78.92;79.25;77.9;77.93;2410067
20160321;77.54;78.69;77.47;78.4;1289205
20160322;78.36;78.84;77.61;77.7;1168704
20160323;77.78;78.64;77.43;78.14;884802
20160324;77.84;78.99;77.59;78.84;846449
20160328;78.96;79.33;78.04;78.17;837471
20160329;78.35;79.64;77.94;79.61;899099
20160330;79.47;79.69;78.8;79.23;788927
20160331;79.23;79.72;78.89;79.28;1648282
20160401;79.34;80.06;78.94;79.97;2389290
20160404;79.95;80;78.71;78.94;1417064
20160405;78.74;78.89;76.97;77.09;2338778
20160406;77.09;77.4;76.57;77.21;1477725
20160407;76.95;77.74;76.84;77.19;1373418
20160408;77.5;78.11;76.81;76.96;2005245
20160411;77.17;77.8;76.67;76.82;1239024
20160412;76.25;76.9;76.11;76.56;3132656
20160413;76.91;76.91;76.01;76.55;1287519
20160414;76.34;76.8;75.65;75.84;1419531
20160415;75.8;76.48;75.58;76.12;1439347
20160418;75.8;76.37;75.7;76.25;1602473
20160419;76.45;76.72;76.16;76.43;1847167
20160420;76.4;76.57;74.44;74.63;1640159
20160421;74.44;74.44;73.25;73.51;2245708
20160422;73.83;74.61;73.73;74.35;1463562
20160425;74.33;74.6;73.68;74.29;1403914
20160426;74.75;75.5;73.84;74.61;2382858
20160427;74.48;74.97;73.56;74.71;2131735
20160428;73.95;74.62;73.52;74.43;1524539
20160429;74.02;75.18;73.62;75.18;1660076
20160502;75.32;76;75.27;75.56;1455821
20160503;75.41;76.61;75.29;76.52;2208434
20160504;76.47;77.9;76.27;76.99;1828617
20160505;76.93;77.76;76.56;76.85;1599976
20160506;76.7;76.7;75.65;76.16;1054478
20160509;76.23;76.64;75.89;76.54;1438930
20160510;75.67;76.32;75.36;76;1537482
20160511;76.11;76.72;75.43;76.59;1735436
20160512;76.69;77.25;76.33;77.07;1284944
20160513;76.87;77.09;76.27;76.6;1301291
20160516;76.46;76.68;75.7;76.42;1176836
20160517;76.09;76.58;75.46;75.82;1637452
20160518;75.31;75.35;73.11;73.37;2154405
20160519;73.07;74.39;72.67;74.32;1278844
20160520;74.57;74.64;73.86;74.3;2919937
20160523;74.42;74.63;73.64;73.69;835713
20160524;73.84;74.15;73.55;74.08;1276585
20160525;74.05;74.68;73.53;74.44;926546
20160526;74.38;75.65;74.38;75.58;817047
20160527;75.47;75.73;75.2;75.65;698222
20160531;75.45;75.99;75.23;75.92;1224771
20160601;75.87;76.63;75.56;76.63;1513536
20160602;76.27;76.91;75.84;76.89;1351533
20160603;77.63;78.75;77.56;78.24;1574287
20160606;78.85;79.3;78;78.33;1139187
20160607;78.29;78.85;78.28;78.42;1439767
20160608;78.44;78.77;78.14;78.61;1173823
20160609;78.5;78.86;77.75;78.68;2088821
20160610;78.44;79.11;78.2;78.65;1636574
20160613;78.85;79.31;78.3;78.35;1430515
20160614;78.51;79.07;78.16;79.01;1437831
20160615;78.95;78.99;77.94;78.08;1249760
20160616;78.03;78.7;77.74;78.45;909860
20160617;78.25;78.78;77.9;78.65;1558696
20160620;78.66;78.99;77.73;78.11;1293598
20160621;77.99;78.41;77.67;77.95;1167817
20160622;78.08;78.32;77.78;77.88;843241
20160623;77.86;78.3;77.37;78.29;1001626
20160624;77.58;78.97;77.54;77.99;1251575
20160627;77.95;79.09;77.7;78.91;1316138
20160628;78.97;79.19;78.09;79.15;1118015
20160629;79.46;79.7;78.58;78.84;1525662
20160630;79.16;81.36;78.88;81.35;2122948
20160701;81.43;81.64;80.56;81.61;1326739
20160705;81.59;81.9;81.27;81.73;998559
20160706;81.7;82.09;81.08;82.03;1109367
20160707;81.9;82.01;80.17;80.5;1139043
20160708;80.29;80.92;79.65;80.88;1123502
20160711;80.61;81.06;79.85;81.01;1006863
20160712;80.45;81.53;80.13;81.06;1623495
20160713;81.51;81.82;80.7;80.92;1702469
20160714;80.48;80.76;79.55;79.79;1407169
20160715;79.94;80.51;79.86;80.28;973625
20160718;80.15;80.66;80.15;80.38;616108
20160719;80.38;80.41;79.89;80.39;1071908
20160720;80.44;80.6;79.82;79.96;789803
20160721;79.75;80.24;79.29;80.23;803901
20160722;80.26;81.73;80.21;81.65;759696
20160725;81.47;81.74;80.94;81.46;657236
20160726;81.47;81.47;80.65;80.88;630190
20160727;80.73;80.9;79.45;80.15;655710
20160728;80.04;80.67;79.93;80.52;638793
20160729;80.46;81.48;80.34;81.39;1169263
20160801;81.29;81.61;80.92;81.27;1266363
20160802;81.9;82;79.87;80.36;1532731
20160803;80.69;81.06;79.88;80.33;1383042
20160804;80.33;80.93;79.75;80.01;956178
20160805;79.87;80.04;79.27;79.59;1272518
20160808;79.64;80.39;79.45;79.75;1191194
20160809;78.9;79.28;78.55;78.86;1258577
20160810;78.96;79.26;78.43;78.8;1339082
20160811;78.92;79.45;78.73;79.27;1009376
20160812;79.52;80;79.46;79.52;803058
20160815;79.54;79.7;78.19;78.21;720287
20160816;78.18;78.21;76.9;77.33;1290455
20160817;77.38;78.33;76.6;78.18;1352766
20160818;77.96;79.3;77.86;79.28;1027632
20160819;78.93;79.17;77.67;77.99;1066341
20160822;78.58;79.23;78.24;78.95;839388
20160823;79.25;79.74;78.89;78.91;620534
20160824;78.72;79.02;78.15;78.83;643931
20160825;78.87;79.3;78.66;79.08;620038
20160826;79.07;79.64;77.19;77.26;737028
20160829;77.5;78.35;77.48;78.33;852358
20160830;78.17;78.67;77.57;77.71;664610
20160831;77.77;78.27;77.5;78.2;1700975
20160901;78.15;78.45;77.53;77.65;1586640
20160902;77.79;79.04;77.77;78.97;883075
20160906;79.39;79.89;79.02;79.57;1004916
20160907;79.37;80.32;78.93;80.27;1287409
20160908;79.95;81.32;79.95;80.78;1855793
20160909;80.33;80.33;77.48;77.56;1188637
20160912;77.27;78.86;77.27;78.61;1183891
20160913;78.25;78.45;76.51;76.89;1467141
20160914;77.16;77.81;76.54;76.94;1273241
20160915;76.84;77.75;76.61;77.63;681922
20160916;77.36;78.56;77.15;78.47;1407811
20160919;78.79;79.28;78.56;79.14;959728
20160920;79.5;79.77;79.16;79.25;1060789
20160921;79.25;81;79.25;80.97;953107
20160922;81.42;81.81;81.08;81.73;1032231
20160923;81.57;81.83;81.13;81.43;1095226
20160926;81.53;81.56;80.92;80.98;1102693
20160927;81.3;81.72;79.52;79.6;1066776
20160928;79.98;80.07;78.71;78.92;1936365
20160929;78.65;78.65;77.25;77.33;1960359
20160930;77.57;77.96;75.99;76.73;1753507
20161003;76.56;76.56;75.32;75.76;1628281
20161004;75.54;75.55;73.58;74.02;1969162
20161005;74.08;74.86;73.28;73.35;2578344
20161006;73.12;74.4;72.46;73.81;1698204
20161007;74.27;74.75;73.11;73.13;1952013
20161010;73.37;73.98;73.24;73.89;1444138
20161011;73.89;74.14;73.24;73.29;1517282
20161012;73.32;74.14;73.25;74.06;1895356
20161013;74.1;75.51;73.92;74.88;1781194
20161014;74.59;75.02;74.05;74.16;1118736
20161017;74.04;74.86;74;74.64;1236736
20161018;75.1;75.44;74.12;74.93;944638
20161019;75.05;75.13;74.31;74.89;958489
20161020;74.76;75.07;74.36;74.51;782328
20161021;74.13;74.64;73.9;74.17;976101
20161024;74.05;74.48;73.45;74.07;1153716
20161025;73.51;73.74;72.44;72.48;2218357
20161026;72.35;72.53;71.25;72.28;1846484
20161027;71.55;71.96;70.9;71.88;2170163
20161028;72.04;72.71;71.75;72.36;1544256
20161031;72.59;73.91;72.41;73.68;2040757
20161101;73.54;73.71;71.71;71.93;1920363
20161102;71.77;71.83;70.99;71.42;1665304
20161103;71.32;71.76;71.09;71.39;1395213
20161104;71.7;72.45;70.78;70.82;1229577
20161107;71.15;71.57;70.49;71.51;1752554
20161108;70.8;71.99;70.79;71.73;1758126
20161109;70.36;70.81;68.77;68.85;1696316
20161110;68.5;69.29;66.71;67.87;2943356
20161111;67.88;68.55;67.12;67.41;1134160
20161114;67.15;68.31;66.73;68.03;2131904
20161115;68.34;68.81;67.69;68.63;1824700
20161116;68.69;68.88;67.58;68.12;1045819
20161117;67.93;68.61;67.76;68.18;1205198
20161118;68.09;68.43;67.39;67.83;1298358
20161121;68.17;68.55;67.94;68.42;1447516
20161122;68.09;69.03;67.56;68.41;2100146
20161123;67.94;68.56;67.79;68.12;1162025
20161125;68.32;69.76;68.32;69.53;740274
20161128;69.73;70.83;69.67;70.58;1314039
20161129;70.31;71.5;70.27;71.4;1857144
20161130;70.65;70.65;68.71;68.73;2280607
20161201;68.33;68.95;67.99;68.88;1992730
20161202;69.36;70.13;68.87;69.28;2052370
20161205;68.98;69.4;67.84;69.38;1922432
20161206;69.55;69.57;68.87;69.26;1114967
20161207;69.49;70.49;69.49;70.44;1137657
20161208;69.88;70.68;69.51;70.41;1673709
20161209;70.15;70.82;70.04;70.76;1002061
20161212;70.54;71.67;70.38;71.56;1457471
20161213;71.87;72.79;71.77;72.73;1276450
20161214;73.17;73.79;71.6;71.67;1757075
20161215;71.44;72.61;71.18;72.39;1460494
20161216;72.23;73.23;72.23;73.17;4669533
20161219;73.5;73.54;72.51;73.18;1077920
20161220;73.01;73.66;72.83;73.23;1127580
20161221;73.24;73.64;72.88;72.9;965819
20161222;72.86;73.41;72.82;73.18;1226408
20161223;73.17;73.32;72.68;72.89;703983
20161227;72.79;73.29;72.47;73.01;769864
20161228;73.06;73.06;71.88;71.99;768726
20161229;72.37;73.59;72.27;73.5;870423
20161230;73.65;73.74;73.18;73.47;971074
20170103;73.5;73.66;72.4;72.94;1263069
20170104;73.18;73.7;72.95;73.26;1251210
20170105;73.17;73.41;72.37;73;2304422
20170106;72.74;73.89;72.27;73.24;2516141
20170109;73.42;73.57;71.03;71.09;2162882
20170110;71.39;71.63;70.89;71.24;1515336
20170111;71.46;71.94;71.34;71.7;1114980
20170112;71.58;71.99;71.31;71.83;959548
20170113;71.87;71.95;71.34;71.58;726642
20170117;71.94;72.64;71.84;72.14;1323286
20170118;72.08;72.53;71.78;71.89;1217777
20170119;71.78;71.78;70.96;71.08;1260268
20170120;71.22;71.5;70.52;71.17;961945
20170123;71.33;71.39;70.62;70.68;787483
20170124;70.76;71.07;70.38;70.44;1267695
20170125;70.24;70.61;70.07;70.58;1211504
20170126;70.71;70.91;70.14;70.53;828928
20170127;70.81;71;70.24;70.55;916381
20170130;70.88;70.88;70.02;70.61;1053946
20170131;70.61;71.98;70.53;71.64;2035944
20170201;71.16;71.66;70.1;70.72;1329916
20170202;70.79;71.46;70.4;71.44;1414693
20170203;71.63;72.11;71.47;71.82;936714
20170206;71.99;72.19;71.62;71.67;1323378
20170207;71.01;71.14;70.4;70.68;1048575
20170208;70.75;71.44;70.71;71.4;943020
20170209;71.27;71.51;70.65;71;1178785
20170210;70.9;71.7;70.77;71.63;1023696
20170213;71.67;72;71.48;71.96;778875
20170214;71.68;71.81;70.58;70.79;1483252
20170215;70.96;71.81;69.63;70.77;1791263
20170216;70.87;72.85;70.76;72.77;2363659
20170217;73;73.67;72.86;73.55;1711276
20170221;73.3;74.11;72.91;73.91;1225589
20170222;73.75;73.99;73.1;73.71;1669960
20170223;74.06;75.34;73.9;75.14;1090463
20170224;75.54;75.86;75.11;75.8;1259320
20170227;75.79;75.86;75.18;75.48;1392559
20170228;75.38;76.79;75.35;76.66;1900247
20170301;75.85;76.7;75.5;75.58;1865353
20170302;75.37;76.21;74.97;75.54;2009916
20170303;75.63;75.71;74.88;75.38;1038580
20170306;75.33;75.47;74.75;74.97;1366020
20170307;74.87;75.27;74.83;75;1481844
20170308;74.16;74.62;73.25;73.29;2033767
20170309;73.25;73.68;72.78;73.15;1879348
20170310;73.66;73.79;73.26;73.61;971545
20170313;73.56;74.09;73.45;74.08;1355788
20170314;74.05;74.34;73.73;73.86;927403
20170315;74.13;75.47;73.86;75.18;1325488
20170316;75.33;75.5;74.72;74.95;1543801
20170317;74.76;75.77;74.76;75.41;2548430
20170320;75.54;75.69;74.79;75.2;1358244
20170321;75.15;75.93;75.03;75.76;2043209
20170322;76.02;77.51;76.02;76.52;2513002
20170323;76.33;76.99;76.11;76.63;1374990
20170324;76.05;77.08;76.05;76.81;1293805
20170327;77.08;77.37;76.05;76.48;1150924
20170328;76.25;76.57;76;76.51;808653
20170329;76.33;76.56;75.86;76.19;579312
20170330;76.19;76.19;75.51;75.85;707825
20170331;75.87;76.32;75.8;75.96;826776
20170403;75.8;75.8;75.21;75.69;1045969
20170404;75.69;76.21;75.27;75.81;1199631
20170405;75.79;76.26;75.46;76.13;2553636
20170406;75.8;76.07;75.4;75.88;1079450
20170407;75.98;76.45;75.76;75.95;1580335
20170410;75.98;76.06;75.51;75.85;742003
20170411;76.02;76.78;75.58;76.6;1129207
20170412;76.34;77.11;76.08;77.08;1179926
20170413;77.02;77.16;76.46;76.99;1415895
20170417;77.14;77.41;76.96;77.13;610541
20170418;77.05;77.4;76.78;76.89;1062571
20170419;76.92;76.99;76.05;76.36;972326
20170420;76.29;76.33;75.43;75.8;737133
20170421;75.85;76.61;75.85;76.41;1076481
20170424;76.63;76.79;75.79;76.46;2042410
20170425;76.37;76.79;75.95;76.71;1555047
20170426;76.25;76.6;75.74;75.99;1377456
20170427;75.89;77.17;75.89;76.68;1333658
20170428;76.84;76.89;75.93;76.26;1344374
20170501;76.33;76.44;75.66;75.8;894811
20170502;75.87;76.28;75.51;76.26;1053121
20170503;76.13;76.75;75.78;76.44;1058903
20170504;76.31;76.74;76.22;76.56;1171662
20170505;76.76;77.42;76.76;77.36;858049
20170508;77.34;77.37;76.86;77.14;1240750
20170509;76.05;76.3;75.17;75.23;922888
20170510;75.32;75.75;75.09;75.68;1183145
20170511;75.35;75.72;74.96;75.38;1227347
20170512;75.39;75.89;75.35;75.7;972212
20170515;75.65;76.45;75.53;75.8;1003960
20170516;75.8;75.98;75.12;75.14;707428
20170517;75.16;75.91;75.01;75.38;1127504
20170518;75.5;75.97;74.88;75.77;987867
20170519;75.87;75.9;75.13;75.69;1108242
20170522;75.54;76.64;75.48;76.36;1483475
20170523;76.38;77.02;76.3;76.56;780798
20170524;76.54;77.09;76.42;77.02;822958
20170525;77.2;78.11;76.77;77.86;1358457
20170526;77.99;78.07;77.53;77.65;1065925
20170530;77.69;78.59;77.55;78.24;1040625
20170531;78.35;79.48;78.05;79.06;2183658
20170601;78.94;80;78.51;79.87;1684251
20170602;80.12;80.57;79.97;80.24;976042
20170605;80.19;80.27;79.78;80.13;1183200
20170606;80.27;80.31;79.86;80.03;992004
20170607;80.08;80.61;79.99;80.45;1218383
20170608;80.25;80.3;78.88;79.31;1486825
20170609;79.15;79.5;78.59;79.28;1105707
20170612;79.28;79.92;78.64;79.15;1149571
20170613;79.19;79.6;78.86;79.38;789363
20170614;79.73;80.01;79.29;79.42;1010125
20170615;79.38;80.12;78.96;80.03;882716
20170616;80.18;80.2;79.48;80.01;2052499
20170619;80.09;80.09;79.25;79.5;700350
20170620;79.54;79.88;79.34;79.74;583582
20170621;79.94;79.94;78.86;79.37;723137
20170622;79.45;79.75;79.14;79.19;691965
20170623;79.19;79.67;78.96;78.99;1033079
20170626;79.25;79.99;78.98;79.77;747396
20170627;79.32;79.62;78.11;78.13;911114
20170628;78.56;78.69;77.8;77.83;901540
20170629;77.14;77.34;76.52;76.88;865713
20170630;77.15;77.46;76.74;76.77;1298512
20170703;77.06;77.07;76.39;76.47;529268
20170705;76.51;76.54;75.8;75.96;1045771
20170706;75.86;76.05;75.41;75.52;892991
20170707;75.52;76.14;75.39;75.79;907816
20170710;75.73;76.25;75.3;75.31;1142375
20170711;75.43;75.55;74.83;75.18;1134514
20170712;75.92;76.08;75.55;75.69;664249
20170713;75.52;75.62;74.96;75.06;888730
20170714;75.6;75.84;75.4;75.49;524256
20170717;75.52;75.8;75.23;75.61;1176764
20170718;75.77;75.88;75.47;75.64;730946
20170719;75.77;75.98;75.47;75.9;718515
20170720;76;76.6;75.55;76.47;1280844
20170721;76.52;77.19;76.46;77.18;1018974
20170724;76.89;77.18;76.19;76.31;718071
20170725;76.26;76.33;75.26;75.42;891880
20170726;75.25;75.83;75.16;75.64;739752
20170727;75.41;76.15;75.28;76.15;745826
20170728;76.16;76.46;75.76;76.25;821855
20170731;76.24;76.88;76;76.72;1699164
20170801;76.85;77.22;76.63;77.15;1122723
20170802;77.06;77.68;76.05;76.53;1674972
20170803;76.79;77.21;76.49;76.86;1120705
20170804;76.55;76.9;75.97;76.88;1068056
20170807;76.82;76.96;76.48;76.59;1300616
20170808;75.77;77.5;75.73;77.5;1747405
20170809;77.64;77.67;76.79;76.81;1073115
20170810;76.73;77.01;76.3;76.84;1241079
20170811;76.99;76.99;75.97;76.2;807408
20170814;76.42;77.27;76.07;77.05;670936
20170815;76.53;77.6;76.38;77.57;1016211
20170816;77.54;78.23;77.35;78.12;984129
20170817;78.16;78.34;77.49;77.55;612303
20170818;77.49;78.06;77.3;77.84;875719
20170821;77.86;78.41;77.66;78.25;1480426
20170822;78.23;78.69;78.02;78.6;1182508
20170823;78.49;79.21;78.38;79.17;930939
20170824;79.05;79.34;78.74;78.99;889980
20170825;79.36;80.17;79.11;79.85;932219
20170828;80;80.02;79.46;79.84;786728
20170829;80.11;80.22;79.59;79.85;995923
20170830;79.73;79.88;79.32;79.38;636461
20170831;79.47;79.7;79.12;79.17;1125638
20170901;79.37;79.56;78.93;79.26;954671
20170905;79.4;79.82;79.04;79.79;882724
20170906;79.92;79.93;78.65;78.73;1737686
20170907;78.86;79.46;78.79;79.22;745474
20170908;79.3;79.96;78.99;79.81;744491
20170911;79.77;80.49;79.5;80.34;970600
20170912;80.33;80.47;78.78;79.04;843091
20170913;78.99;78.99;78.17;78.23;1229959
20170914;78.1;79.29;77.93;79.14;854022
20170915;79.02;79.4;78.55;78.87;1513207
20170918;78.99;79.09;77.82;78.37;851270
20170919;78.45;78.63;77.72;78.05;772411
20170920;78.3;78.41;77.35;77.8;1661783
20170921;78.56;79.36;77.88;77.96;1088110
20170922;78.2;78.48;76.56;76.75;880092
20170925;76.86;77.79;76.75;77.76;923386
20170926;77.75;77.94;77.39;77.45;756933
20170927;76.95;77.1;76.04;76.46;1076316
20170928;76.34;76.78;75.98;76.34;843158
20170929;76.28;76.61;76;76.36;1149643
20171002;76.64;76.9;76.24;76.42;961229
20171003;76.48;76.48;75.01;75.68;997402
20171004;75.46;78.44;75.25;78.41;2598620
20171005;78.4;79.33;77.81;79.09;1676854
20171006;78.49;79.24;77.63;78.65;1925394
20171009;78.82;79.21;78.71;78.86;1122906
20171010;79.05;79.81;78.61;79.64;1015353
20171011;79.53;80.73;79.51;80.35;1642215
20171012;80.32;81.82;80;81.8;1392167
20171013;82;82.83;81.87;82.29;1523198
20171016;82.54;83.95;82.27;83.41;2092917
20171017;83.45;84.6;83.39;84.6;1559887
20171018;83.95;84.78;83.95;84.66;1421186
20171019;85;85.43;84.54;85.36;1516121
20171020;85.25;85.72;84.96;85.66;1617487
20171023;85.94;85.99;85.22;85.23;1725587
20171024;85.65;86.4;84.68;85.98;1796695
20171025;86.12;86.49;84.37;86.34;1586639
20171026;86.77;87;86.11;86.18;1012807
20171027;86.14;86.84;85.87;86.77;1142415
20171030;86.7;86.7;86.02;86.39;1146722
20171031;86.19;86.64;86.04;86.26;979249
20171101;86.32;86.36;85.24;85.67;1368664
20171102;85.9;86.75;85.28;86.64;2217076
20171103;86.48;87.85;86.3;87;1062341
20171106;86.93;87.28;86.24;86.36;956047
20171107;86.35;87.07;86.03;86.85;911719
20171108;85.82;86.49;85.6;86.24;1937939
20171109;85.96;86.6;85.62;86.42;1346507
20171110;85.95;86.29;85.1;85.13;1196622
20171113;85.23;86.69;85.23;86.64;1476054
20171114;86.42;87.5;86.19;87.42;1219673
20171115;87.5;87.95;86.28;86.43;1581441
20171116;86.26;86.49;85.8;85.9;875348
20171117;85.66;87.22;85.66;86.51;1216439
20171120;86.51;86.51;85.23;85.65;1007723
20171121;85.72;86.11;85.49;85.61;788488
20171122;85.52;85.72;84.85;85.51;572538
20171124;85.55;85.92;85.27;85.37;235103
20171127;85.6;86.38;85.25;86.08;1463578
20171128;86.46;86.8;86.12;86.34;1218178
20171129;86.01;86.36;85.46;86.15;831648
20171130;86.23;86.76;85.75;86.48;1405060
20171201;86.82;87.09;85.11;85.52;1319732
20171204;85.69;85.74;84.06;84.37;2665858
20171205;84.55;84.59;82.77;83.13;1701765
20171206;83.38;83.82;83;83.59;1148476
20171207;83.53;83.72;83;83.7;801164
20171208;83.54;84.28;83.28;84.04;944958
20171211;83.84;84.63;83.65;84.58;2303628
20171212;84.75;85.23;83.13;83.26;1540970
20171213;83.36;83.8;82.97;83.32;1228513
20171214;83.06;83.25;81.85;82.66;1288603
20171215;83.02;84.09;82.94;83.8;4644377
20171218;83.68;84.09;82.32;82.69;1789030
20171219;82.78;82.87;80.97;81.03;1702625
20171220;80.85;81.28;80.18;80.2;978310
20171221;79.89;80.8;79.66;80.12;978724
20171222;80.29;80.84;80.17;80.31;1164611
20171226;80.53;80.85;79.82;79.9;634836
20171227;79.97;80.62;79.8;80.5;1021727
20171228;80.75;81.17;80.47;81.16;790609
20171229;81.45;81.6;81.1;81.39;777111
20180102;81.71;82.63;80.9;82.6;1813171
20180103;82.32;82.96;81.52;81.69;1474880
20180104;81.53;81.76;80.43;80.54;1095264
20180105;80.68;80.91;79.68;79.92;1328504
20180108;80.09;80.88;79.97;80.84;1110989
20180109;80.74;81.02;79.82;80.12;938233
20180110;79.75;79.91;79;79.48;981308
20180111;79.28;79.9;78.96;79.17;1483632
20180112;78.74;79.2;78.19;78.22;998700
20180116;78.39;78.59;76.86;77.67;1352420
20180117;78;78.72;77.78;78.51;1347579
20180118;78.54;78.61;77.36;77.79;1069089
20180119;77.95;78.32;76.76;76.99;1382694
20180122;77.5;77.85;76.65;76.83;1348141
20180123;76.97;78.4;76.87;77.66;1321203
20180124;77.62;77.67;76.61;76.7;1945725
20180125;76.7;78.1;76.55;78.08;1061739
20180126;78.29;78.53;77.45;78.29;1370052
20180129;78;78.14;76.72;76.83;1055213
20180130;76.81;78.38;76.81;77.9;1786171
20180131;77.87;78.81;76.91;78.69;1632272
20180201;78.47;78.98;76.78;77.12;1843430
20180202;76.74;77.46;75.9;75.98;1209803
20180205;75.87;76.64;74.39;74.41;1697217
20180206;73.64;74.35;71.95;73.76;2439251
20180207;72.79;74.46;72.61;72.77;1759927
20180208;72.57;73.7;71.99;72.02;1572721
20180209;72.33;74.86;72.14;74.13;1616980
20180212;74.25;75;73.42;74.63;1249783
20180213;74.56;75.28;73.65;75.05;757855
20180214;74.53;74.92;73.73;73.98;821031
20180215;74.29;76.4;73.85;76.31;1626899
20180216;76.24;77;76.24;76.72;1349620
20180220;76.25;76.71;74.84;75.43;905033
20180221;75.42;76.05;74.43;74.44;1197966
20180222;74.7;75.83;74.3;75.03;1797459
20180223;74.81;77.86;73.55;77.74;2000542
20180226;77.96;78;76.55;76.95;1118804
20180227;77;78.36;76.02;76.04;1873686
20180228;76.4;76.71;75.8;75.82;1782260
20180301;75.87;77.23;75.57;75.88;1797949
20180302;75.81;76.81;75.66;76.54;1660416
20180305;76.46;78.85;76.05;78.57;1493560
20180306;78.38;78.38;77.2;77.72;1452107
20180307;77.41;77.72;76.23;76.76;1456628
20180308;77.04;77.04;76.23;76.66;1437256
20180309;76.82;76.95;76.19;76.78;1600000
20180312;76.92;77.3;76.59;77.23;1054033
20180313;77.39;78.19;76.85;77.09;826614
20180314;77.34;77.91;77.07;77.5;998519
20180315;77.53;78.42;77.19;77.53;1087095
20180316;77.79;79.01;77.65;78.88;3495548
20180319;78.88;79.24;78.16;78.54;1325366
20180320;78.36;79.01;78.21;78.76;1520115
20180321;78.75;79;77.45;78.25;1172084
20180322;78.35;80.15;77.93;78.35;1174969
20180323;78.62;79.15;77.19;77.35;831670
20180326;77.48;78.27;77.3;78.14;748508
20180327;78.22;80.11;77.92;79.29;1038526
20180328;79.57;80.05;78.65;79;1299900
20180329;79.21;79.7;78.76;78.78;1301651
20180402;78.96;79.89;78.28;78.89;1222519
20180403;78.73;79.74;78.43;79.19;1175225
20180404;79.2;80.04;78.64;79.24;1156056
20180405;79.26;79.96;77.89;79.76;1311932
20180406;80.02;80.02;78.76;78.98;1041057
20180409;79;79.62;78.74;78.96;928172
20180410;79.17;79.7;78.32;78.51;1497202
20180411;78.46;78.88;78.16;78.45;753440
20180412;78.58;78.82;77.15;77.35;709943
20180413;77.5;78.77;77.5;78.65;1360652
20180416;78.94;79.83;78.82;79.63;1255781
20180417;79.6;80.4;79.17;80.15;1247755
20180418;80.31;80.59;79.49;79.56;1457906
20180419;79.5;80.36;79.01;80.02;1896901
20180420;80.01;80.13;78.62;78.98;1416409
20180423;79.33;79.74;78.86;79.25;879397
20180424;79.5;80.89;79.38;80.1;1386613
20180425;79.38;80.15;78.21;79.42;1221633
20180426;79.64;81.33;79.26;81.29;1715539
20180427;81.08;82.42;80.94;82.11;1949921
20180430;82.16;82.44;81.57;81.59;1061438
20180501;81.62;81.83;80.99;81.23;935926
20180502;81.05;81.72;80.82;81.61;1926989
20180503;81.5;82.63;80.82;82.35;1596679
20180504;82.32;82.62;82.03;82.2;972854
20180507;82.18;82.42;81.39;81.55;917772
20180508;80.93;80.96;78.94;79.4;1539068
20180509;78.64;78.89;77.57;78.02;1025270
20180510;78.62;79.06;78.03;78.96;727249
20180511;79.15;79.22;78.67;78.85;493225
20180514;79.06;79.13;78.11;78.55;1228099
20180515;78.16;78.38;77.09;77.55;1015744
20180516;77.67;77.77;76.58;76.97;894820
20180517;76.99;77.15;76.02;76.26;1292529
20180518;76.3;76.51;75.45;76.14;1012942
20180521;76.43;76.48;75.78;76.25;877697
20180522;76.56;77.09;76.09;76.68;989234
20180523;76.92;78.79;76.79;78.74;1958781
20180524;78.52;79.55;78.19;79.48;1252780
20180525;79.48;80.16;79.48;79.73;1128167
