20100104;38.45;38.5;37.81;37.94;3407074
20100105;37.72;37.85;37.51;37.7;4986035
20100106;37.75;37.79;37.5;37.69;1816504
20100107;37.82;37.82;37.46;37.58;1740842
20100108;37.53;37.89;37.35;37.89;1980577
20100111;38.1;38.2;37.88;38.05;1444743
20100112;38;38.2;37.85;37.99;1444027
20100113;38;38.25;37.75;38.06;910397
20100114;37.88;37.88;37.5;37.76;1553436
20100115;37.53;37.78;37.39;37.56;3660756
20100119;37.57;38;37.33;37.83;1270766
20100120;37.45;38.2;37.4;38.09;2593847
20100121;38.01;38.46;37.9;38.2;2212848
20100122;38.27;38.83;38.25;38.53;2752466
20100125;38.85;39.07;38.68;38.93;1833895
20100126;38.79;39.29;38.79;39.04;2105147
20100127;39.22;39.26;38.78;39.18;2135265
20100128;39.25;39.25;38.87;39.02;2735914
20100129;39.02;39.19;38.8;38.9;2207799
20100201;39.1;39.27;38.6;38.79;3281862
20100202;38.79;39.46;38.61;39.46;1497793
20100203;39.31;39.5;39.14;39.31;1314745
20100204;38.99;39.19;38.45;38.81;2819845
20100205;38.88;39.89;38.72;39.71;5675971
20100208;39.68;40.05;39.48;39.65;2752448
20100209;39.92;40.03;39.61;39.83;1764448
20100210;39.78;39.96;39.42;39.64;1287042
20100211;39.53;39.72;39.18;39.41;1359693
20100212;39.16;39.88;39.16;39.81;2295331
20100216;40.03;40.09;39.44;39.9;1358816
20100217;40.06;40.51;39.49;40.28;1909451
20100218;40.06;40.5;40.06;40.27;1394862
20100219;40.26;40.7;40;40.57;1829295
20100222;40.53;40.6;40.35;40.46;1147572
20100223;40.47;40.8;40.25;40.59;1739050
20100224;40.69;40.93;40.37;40.74;1544265
20100225;40.43;41.04;40.29;40.99;1621702
20100226;41.05;41.13;40.87;40.94;1446284
20100301;40.83;41.07;40.74;40.98;994554
20100302;40.92;40.99;40.71;40.94;743171
20100303;41;41.18;40.76;40.84;937539
20100304;40.86;40.99;40.63;40.84;911777
20100305;41.01;41.49;40.65;41.46;1427584
20100308;41.4;41.55;41.29;41.43;1111117
20100309;41.33;41.55;41.16;41.31;1182761
20100310;41.32;41.34;40.78;40.97;1128010
20100311;40.97;41.32;40.83;41.32;1362664
20100312;41.49;41.78;41.31;41.54;1765985
20100315;41.39;41.92;41.28;41.9;1767187
20100316;41.73;41.95;41.6;41.88;1076941
20100317;41.87;42.2;41.8;42.02;1394310
20100318;42.02;42.35;42;42.34;1454152
20100319;42.37;42.68;42.34;42.65;3298573
20100322;41.84;42.8;41.62;42.69;1786018
20100323;42.49;42.89;42.48;42.89;935632
20100324;42.75;42.78;42.36;42.42;1328244
20100325;42.61;42.79;42.44;42.59;1145670
20100326;42.41;42.77;42.39;42.58;1233854
20100329;42.59;43.06;42.47;42.9;1672616
20100330;42.99;43.16;42.83;42.89;1231472
20100331;42.57;42.94;42.57;42.71;1004712
20100401;42.81;43;42.61;42.99;1146813
20100405;42.99;43;42.81;42.93;596840
20100406;42.88;43.13;42.83;43.01;918558
20100407;42.98;43.25;42.84;43.07;1074878
20100408;43.01;43.25;42.98;43.18;1167686
20100409;43.23;43.37;43.06;43.14;1012915
20100412;43.01;43.42;42.99;43.42;852318
20100413;43.35;43.45;43.18;43.36;775810
20100414;43.39;43.5;43.13;43.31;1232671
20100415;43.16;43.56;42.99;43.41;1706053
20100416;43.41;43.93;43.08;43.08;2449651
20100419;42.91;43.36;42.88;43.34;1179286
20100420;43.41;44.05;43.34;44.01;1456564
20100421;43.94;44.16;43.76;44.12;1122595
20100422;43.91;44.34;43.52;44.26;1044624
20100423;44.23;44.25;43.87;44.08;1085702
20100426;44.07;44.3;43.81;43.81;901919
20100427;43.61;44.09;42.95;43.03;1463374
20100428;43.3;43.7;43.06;43.47;1544472
20100429;43.53;44.14;43.35;44;2811964
20100430;43.26;43.5;42.09;42.46;3751595
20100503;42.69;42.69;41.9;42.41;1690047
20100504;41.89;42.31;41.54;42.04;2416021
20100505;41.93;42.49;41.78;42.01;1743853
20100506;41.9;42.12;40.11;41.14;4216104
20100507;40.01;41.5;40.01;41.13;3326406
20100510;42.73;42.73;41.6;42.34;2106946
20100511;41.97;42.98;41.93;42.4;1467732
20100512;42.6;43;42.51;42.99;1314280
20100513;42.99;43.03;42.42;42.42;1018518
20100514;42.17;42.5;41.41;41.61;2573873
20100517;41.68;42;41.29;41.85;2078765
20100518;41.85;41.99;40.58;40.7;2994647
20100519;40.62;41.11;40.14;40.45;2832972
20100520;40.1;40.42;38.88;38.92;3745915
20100521;38.64;39.64;38.35;39.64;2811754
20100524;39.2;39.69;38.94;38.95;1498230
20100525;38.31;38.82;38.11;38.78;2032479
20100526;39.05;39.12;38.43;38.48;1874086
20100527;38.92;39.66;38.7;39.61;2345395
20100528;39.44;39.87;39.11;39.47;1813159
20100601;39.25;39.31;38.63;38.63;1992910
20100602;38.88;39.65;38.74;39.65;1602308
20100603;39.58;39.9;39.58;39.81;1403258
20100604;39.27;39.44;38.32;38.42;2104958
20100607;38.58;38.96;38.42;38.42;1940979
20100608;38.43;38.77;38.02;38.7;1956520
20100609;38.88;39.05;37.69;37.8;2750973
20100610;38.38;38.41;37.9;38.36;3249177
20100611;38.03;38.59;37.78;38.59;2031825
20100614;38.65;39.25;38.25;38.27;2247846
20100615;38.86;39.29;38.3;39.25;2101370
20100616;39.11;39.46;39.02;39.38;1376385
20100617;39.4;39.67;39.24;39.66;1173740
20100618;39.79;39.8;39.6;39.74;1696604
20100621;40.04;40.04;39.4;39.56;1238489
20100622;39.62;39.84;39.07;39.1;1248523
20100623;39.05;39.19;38.72;38.94;1287798
20100624;38.9;39.02;38.32;38.4;1394276
20100625;38.54;38.85;38.07;38.72;2490482
20100628;38.83;38.87;38.42;38.6;1236292
20100629;38.17;38.28;37.5;37.72;2018563
20100630;37.58;37.79;37.06;37.12;2249769
20100701;37.01;37.01;36.32;36.78;2248298
20100702;36.85;37.37;36.84;37.11;1449789
20100706;37.5;37.79;36.95;37.24;1439364
20100707;37.44;38.15;37.26;38.1;1326144
20100708;38.23;38.39;37.82;38.21;1064100
20100709;38.26;38.37;38.05;38.34;788573
20100712;35.48;36.31;35.1;35.62;22717949
20100713;35.73;37.15;35.7;37.07;15442051
20100714;36.81;37.31;36.47;37.1;11266446
20100715;37.01;37.07;36.62;36.98;8944033
20100716;36.55;36.93;36.1;36.24;6481184
20100719;36.28;36.33;35.4;35.68;5693424
20100720;35.52;36.05;35.16;35.99;5013855
20100721;36.4;36.5;35.59;35.63;4806727
20100722;35.97;36.77;35.55;36.47;5064992
20100723;36.58;36.68;36.27;36.62;4356281
20100726;36.45;36.91;35.87;36.81;2887189
20100727;37.09;37.09;36.29;36.41;6860060
20100728;36.29;36.86;36.26;36.65;4116410
20100729;36.79;36.98;36.24;36.63;5053990
20100730;36.66;37.96;36.53;37.67;4841523
20100802;38.08;38.39;37.95;38.13;5289241
20100803;38.05;38.27;37.7;37.8;4788597
20100804;37.99;38.06;37.49;37.73;3956916
20100805;37.57;38.34;37.38;38.02;8322520
20100806;37.78;38.22;37.21;38.2;5012933
20100809;38.23;38.77;38.13;38.68;3312861
20100810;38.48;38.68;38.09;38.45;2647885
20100811;37.89;37.95;37.33;37.33;3870310
20100812;37.07;37.29;36.77;37.17;1900451
20100813;37;37.18;36.86;36.91;1799438
20100816;36.77;36.96;36.52;36.74;1346688
20100817;37.11;37.67;36.78;37.44;2722998
20100818;37.18;37.57;36.96;37.44;2314902
20100819;37.29;37.34;36.9;36.96;2778723
20100820;36.64;36.96;36.5;36.91;2243487
20100823;37.05;37.24;36.9;36.92;1682034
20100824;36.6;36.88;36.29;36.57;2218907
20100825;36.48;36.62;36.15;36.48;2479545
20100826;36.65;36.83;36.16;36.27;1412728
20100827;36.35;37.17;36.14;37.17;1981927
20100830;37;37.12;36.39;36.39;2012565
20100831;36.37;36.64;35.96;36.24;3292959
20100901;36.56;37.22;36.37;37.16;2644377
20100902;37.13;37.81;37.01;37.8;2421291
20100903;38;38.39;37.81;38.37;2507773
20100907;38.09;38.24;37.58;37.58;1665022
20100908;37.83;38.1;37.69;37.78;1023763
20100909;38.35;38.49;37.78;38.06;1240676
20100910;38.1;38.16;37.51;37.77;1161564
20100913;38.17;38.29;37.99;38.17;1698904
20100914;38;38.11;37.77;37.82;2063299
20100915;37.51;37.88;37.4;37.77;1988817
20100916;37.68;37.9;37.57;37.89;1447523
20100917;37.93;38.26;37.81;38.12;2350220
20100920;38.12;38.84;38;38.81;4586885
20100921;38.68;39.19;38.67;38.8;2064583
20100922;38.84;38.92;38.46;38.75;2257512
20100923;38.5;38.97;38.23;38.25;2927421
20100924;38.62;39.73;38.62;39.45;3326536
20100927;38.62;39.91;38.56;39.45;2586571
20100928;39.48;39.73;39.3;39.57;3250471
20100929;39.49;40.08;39.35;39.62;3352352
20100930;39.47;39.71;39.03;39.11;5116031
20101001;39.39;39.5;38.97;39.28;14637234
20101004;38.79;39.24;38.72;39.2;3941657
20101005;39.25;39.75;39.25;39.67;3438728
20101006;39.67;39.72;39.35;39.52;2223740
20101007;39.68;39.85;39.27;39.37;1912298
20101008;39.44;39.47;38.96;39.41;2466294
20101011;39.33;39.49;38.95;38.99;2374070
20101012;38.97;39.55;38.82;39.5;2315436
20101013;39.61;39.61;39.14;39.46;2079428
20101014;39.34;39.55;39.13;39.49;2310754
20101015;39.73;39.73;39.25;39.46;2512268
20101018;39.42;40.04;39.3;40.04;2157959
20101019;39.43;39.91;39.18;39.49;2890940
20101020;39.59;39.71;39.42;39.65;2148503
20101021;39.78;40.36;39.59;40.06;2543308
20101022;40.14;40.19;39.96;40.02;1525136
20101025;40.29;40.4;40.17;40.3;1691139
20101026;40.1;40.44;40.05;40.38;2200968
20101027;40.05;40.88;40.05;40.87;2920962
20101028;40.96;40.98;40.34;40.66;2350137
20101029;39.88;40.43;39.42;39.75;6026365
20101101;40.01;40.17;39.56;39.77;2428407
20101102;39.88;39.99;39.69;39.89;2671646
20101103;39.85;40.1;39.77;39.94;3210649
20101104;40.21;41.1;39.96;41.09;4543575
20101105;41.08;41.78;40.95;41.78;3876394
20101108;41.44;41.48;40.96;41.47;3099544
20101109;41.51;41.94;41.23;41.44;3174669
20101110;41.45;41.78;41.18;41.61;2222920
20101111;41.28;41.58;41.14;41.4;1245317
20101112;41.26;41.44;40.96;41.07;1786817
20101115;41.08;41.57;41.04;41.26;1281128
20101116;41.14;41.35;40.55;40.78;1712533
20101117;40.71;41.21;40.65;40.88;1661356
20101118;41.21;41.41;40.97;41.04;2220184
20101119;41.07;41.13;40.75;41.01;1658692
20101122;40.78;41.02;40.56;40.84;1444252
20101123;40.58;40.61;40.15;40.25;1731605
20101124;40.34;40.99;40.28;40.9;1601067
20101126;40.54;40.84;40.51;40.68;528113
20101129;40.29;40.57;40.06;40.45;1765053
20101130;40.09;40.49;40.06;40.12;3314052
20101201;40.49;41.35;40.49;41.31;2270042
20101202;41.3;42.33;41.28;42.26;3267180
20101203;42.14;42.92;42.06;42.78;2870444
20101206;42.54;43.47;42.47;43.28;3504253
20101207;43.56;44.03;43.37;43.69;3387342
20101208;43.68;43.71;43.23;43.34;2657118
20101209;43.48;43.77;43.36;43.47;1829141
20101210;43.65;43.77;43.44;43.68;1681797
20101213;44.05;44.47;43.86;44.13;3640734
20101214;44.14;44.82;44;44.62;2116663
20101215;44.43;44.77;44.2;44.33;1565656
20101216;44.38;44.62;44.21;44.49;1876470
20101217;44.7;45.3;44.67;45.1;3255384
20101220;45.11;45.6;44.84;45.33;2384559
20101221;45.38;45.78;45.19;45.73;2672751
20101222;45.65;45.95;45.4;45.95;2261073
20101223;45.84;45.98;45.69;45.87;1776759
20101227;45.74;46;45.67;45.88;937869
20101228;46.01;46.01;45.45;45.71;1311920
20101229;45.8;46;45.73;45.92;1553014
20101230;45.83;46.24;45.6;46.05;1154116
20101231;45.78;46.04;45.78;46.01;1360837
20110103;46.26;46.33;45.45;45.52;4151084
20110104;45.54;45.8;44.84;44.99;5230836
20110105;44.94;45.14;44.78;45;4417971
20110106;45;45.09;44.42;44.78;3002922
20110107;44.91;44.96;44.09;44.34;2520388
20110110;44.13;44.25;43.77;44.01;2699543
20110111;44.2;44.21;43.82;43.95;1992132
20110112;44.15;44.42;43.69;43.9;2826958
20110113;43.86;43.97;43.31;43.83;2393625
20110114;43.7;44.75;43.7;44.7;2404329
20110118;44.67;45.05;44.55;44.89;1786084
20110119;44.86;44.96;44.48;44.57;1306307
20110120;44.46;45.13;44.46;45.07;2253603
20110121;45.38;45.45;44.92;45.32;1562027
20110124;45.22;45.31;44.72;45.01;1895964
20110125;44.96;45.69;44.86;45.56;1913733
20110126;45.62;45.92;45.55;45.77;1904957
20110127;45.71;45.97;45.47;45.91;1327990
20110128;45.85;46.09;45.31;45.32;1869038
20110131;45.34;45.74;45.11;45.74;1563656
20110201;45.89;46.31;45.59;46.26;2107912
20110202;46.23;46.6;46.14;46.37;1702483
20110203;46.33;46.57;45.98;46.16;1764470
20110204;46.86;48.25;46.52;48.16;5210089
20110207;47.82;48.74;47.8;48.7;2528428
20110208;48.87;49.3;48.87;49.19;2578689
20110209;49.07;49.27;48.91;49.22;1677357
20110210;48.98;49.78;48.84;49.6;2379216
20110211;49.31;50.04;49.31;49.89;2021923
20110214;49.75;50.93;49.58;50.87;3570887
20110215;50.54;51.99;50.46;51.32;3709558
20110216;51.35;52.07;51.32;51.8;2223277
20110217;50.98;51.99;50.75;51.92;1843045
20110218;51.94;52.99;51.55;52.93;2493026
20110222;52.29;53.05;52.1;52.24;3237975
20110223;51.79;52.46;51.61;51.97;3089995
20110224;52.02;52.38;51.68;51.92;2591075
20110225;52.21;52.55;51.88;52.49;2499637
20110228;52.49;53;52.24;52.64;2521896
20110301;52.84;52.94;51.73;51.89;2562943
20110302;51.84;51.93;50.99;51.02;3019028
20110303;51.49;52.06;51.39;51.94;2253085
20110304;51.81;51.97;51;51.46;1892608
20110307;51.56;51.9;51.05;51.17;1577253
20110308;51.4;51.91;51.17;51.64;1409139
20110309;51.28;51.58;50.97;51.21;1264972
20110310;50.99;50.99;49.36;49.91;4198797
20110311;50.46;52.08;49.93;51.25;4202901
20110314;51.23;52.07;51.02;51.95;4236701
20110315;51.16;52.77;51.06;52.37;4675383
20110316;52.01;52.38;51.14;51.42;3194333
20110317;52.11;52.13;51.5;51.81;1808424
20110318;52.4;52.49;51.83;51.97;2340792
20110321;52.22;52.4;51.92;52.2;1436628
20110322;52.28;52.28;51.59;51.63;1268935
20110323;51.49;51.77;50.98;51.5;1346162
20110324;51.87;52.13;51.6;52.13;1173621
20110325;52.15;52.63;51.98;52.27;995666
20110328;52.3;52.68;52.2;52.41;1928102
20110329;52.15;52.57;52.01;52.55;1684271
20110330;52.76;53.17;52.44;52.54;2305576
20110331;52.44;53.09;52.44;52.96;2692166
20110401;53.2;53.99;53.2;53.76;1953566
20110404;53.76;54.19;53.65;53.8;1849490
20110405;53.57;54.01;53.33;53.44;1542990
20110406;53.65;53.72;53.25;53.65;1397509
20110407;53.52;54.58;53.38;54.17;2137330
20110408;54.39;54.5;52.99;53.27;1957890
20110411;53.31;53.5;52.76;53.37;1488023
20110412;52.75;52.77;52.06;52.21;2085908
20110413;52.49;52.66;52.29;52.51;1461753
20110414;52.19;52.34;51.83;52.24;1433399
20110415;52.26;52.76;51.88;52.47;1513003
20110418;51.86;51.92;51.35;51.49;2585019
20110419;51.66;51.78;51.26;51.4;1918326
20110420;51.93;52.4;51.85;51.89;2605389
20110421;52.2;52.37;52.05;52.18;1674942
20110425;52.09;52.36;51.91;52.18;1032400
20110426;52.44;52.9;52.38;52.74;1616308
20110427;52.77;52.86;51.97;52.71;1186763
20110428;52.67;53.36;52.48;53.28;1988519
20110429;52.77;53.09;51.94;52.17;3247216
20110502;53.45;53.45;52.51;52.58;2475088
20110503;52.58;52.89;52.35;52.82;2230720
20110504;52.72;53;52.34;52.84;2062328
20110505;52.66;52.79;52.06;52.25;2015613
20110506;52.6;53.12;52.4;52.52;1689760
20110509;52.41;52.78;52.15;52.57;1396728
20110510;52.63;53.36;52.2;53.07;1667526
20110511;52.86;53.24;52.53;52.69;1657054
20110512;52.63;53.15;52.41;53.06;1676706
20110513;53;53.16;52.64;52.84;1333420
20110516;52.57;53.33;52.53;53.11;1611615
20110517;52.94;53.08;51.99;52.37;2032978
20110518;52.32;52.75;52.23;52.47;1677018
20110519;52.56;52.75;52.31;52.61;1496225
20110520;52.5;52.69;52.16;52.23;1361097
20110523;51.61;52;51.48;51.83;1983922
20110524;51.84;51.97;51.1;51.29;2599586
20110525;51.06;51.81;50.95;51.69;2438709
20110526;51.48;51.99;51.48;51.94;2779253
20110527;52;52;51.33;51.37;1929425
20110531;51.77;52.16;51.59;52.15;2908845
20110601;51.97;52.17;51.47;51.47;2004662
20110602;51.5;51.71;51.14;51.56;1627701
20110603;50.99;51.8;50.91;51.51;1505740
20110606;51.33;52.12;51.13;51.49;2209945
20110607;51.62;52.49;51.52;51.63;2644994
20110608;51.46;51.46;50.52;50.55;1636143
20110609;50.81;51.3;50.63;50.8;2272117
20110610;50.62;50.69;50.13;50.2;2089918
20110613;50.22;50.7;50.14;50.47;1918074
20110614;50.9;51.3;50.9;50.99;1756153
20110615;50.62;50.87;49.93;50.12;1571830
20110616;50.09;50.38;49.47;49.51;1965020
20110617;49.9;50;49.18;49.39;3303184
20110620;49.17;50.19;49.16;49.58;2104637
20110621;49.85;50.46;49.85;50.21;2053003
20110622;50.14;50.25;49.55;49.56;1295304
20110623;49.17;49.37;48.84;49.27;1806081
20110624;49.38;49.56;48.66;49.12;2055736
20110627;49.04;49.62;49.04;49.29;1469389
20110628;49.55;49.93;49.48;49.73;1506276
20110629;49.94;50.72;49.82;50.69;2277936
20110630;50.73;51.36;50.46;51.3;1853429
20110701;51.37;51.73;51.02;51.71;1896824
20110705;51.46;51.79;51.14;51.53;1779387
20110706;51.44;51.5;51;51.48;1750422
20110707;51.9;52.17;51.76;51.83;1469881
20110708;51.31;51.74;51.27;51.67;1265681
20110711;51.01;51.3;50.63;50.71;1133550
20110712;50.66;51.74;50.66;51.27;1666900
20110713;51.27;51.51;50.53;50.68;1334693
20110714;50.89;51;50.18;50.26;1244227
20110715;50.46;50.46;49.58;49.86;1799219
20110718;49.74;49.8;48.71;48.88;1367685
20110719;48.19;49.05;48.16;49.05;2457349
20110720;49.14;49.76;48.77;49.6;1844841
20110721;50.04;50.75;49.84;50.4;1751316
20110722;50.87;50.87;50;50.37;1363562
20110725;50.02;50.54;49.86;50.29;1448207
20110726;50.18;50.76;50.18;50.58;1394907
20110727;50.31;50.94;49.91;49.93;2355835
20110728;49.85;50.14;49.22;49.39;1781617
20110729;48;48.79;47.71;48.12;3778547
20110801;48.62;48.76;47.58;47.85;2145697
20110802;47.44;47.89;47.07;47.08;2471000
20110803;47.03;47.5;46.57;47.45;2566727
20110804;46.96;47.21;46.01;46.02;3553421
20110805;46.56;46.59;44.54;44.89;6057489
20110808;44.03;44.84;41.76;41.79;6135883
20110809;42.62;45.51;41.96;45.44;5983334
20110810;44.51;45.04;43.26;43.36;5225523
20110811;43.62;46.06;43.25;45.55;4016339
20110812;45.84;46.26;44.91;45.45;1952943
20110815;45.89;46.37;45.61;46.37;1922185
20110816;46.03;46.32;45.45;46.04;2092439
20110817;46.27;46.79;45.9;46.41;1634151
20110818;45.08;45.11;43.96;44.25;3133845
20110819;43.74;45.15;43.69;44.28;2773229
20110822;45.23;45.23;43.18;43.55;3063144
20110823;43.75;45.48;43.66;45.47;2821401
20110824;45.37;45.95;44.74;45.38;3101457
20110825;45.6;45.82;44.47;45.15;2578912
20110826;45.07;46.36;44.82;46.04;2396837
20110829;46.57;47.15;46.35;47.15;1929910
20110830;46.94;47.04;46.16;46.7;1292633
20110831;47.16;47.24;46.25;46.73;2381837
20110901;46.81;47.28;46.11;46.17;2416755
20110902;45.63;45.84;44.83;44.83;2173815
20110906;43.59;44.41;43.59;44.36;2294415
20110907;45;45.77;44.93;45.74;1370488
20110908;45.39;45.78;44.93;45.02;1820176
20110909;44.52;44.58;43.41;43.59;2696410
20110912;43.21;43.51;42.43;43.4;2811738
20110913;43.62;43.67;42.33;42.84;3220822
20110914;43.23;43.31;42.49;42.9;2980058
20110915;43.4;43.98;43.11;43.77;3082127
20110916;43.99;44.12;43.08;44.02;2571496
20110919;43.27;43.74;42.93;43.47;1842744
20110920;43.73;44.03;43.04;43.06;1650897
20110921;43.04;43.2;41.13;41.13;2909010
20110922;40.66;41.01;39.68;40.43;4355642
20110923;40.31;40.77;39.88;40;3106829
20110926;40.54;40.78;39.74;40.74;3455282
20110927;41.44;42.2;40.95;41.21;2942043
20110928;41.15;41.24;39.99;40.05;3034323
20110929;40.92;42.29;40.86;42.29;4576493
20110930;41.6;42.49;41.38;41.98;4631121
20111003;41.63;42.42;40.62;40.62;3993960
20111004;40.06;42.3;39.9;42.15;4544365
20111005;42.11;43.42;41.64;43.27;4956829
20111006;43.02;44.01;42.7;43.98;3354807
20111007;44.29;44.33;43.11;43.3;3132413
20111010;44.14;44.52;43.89;44.41;3005633
20111011;43.95;44.49;43.7;44.32;1908262
20111012;44.59;45.28;44.39;44.87;2970374
20111013;44.71;44.9;44.28;44.72;1760345
20111014;45.15;45.2;44.63;45.12;1805518
20111017;44.94;44.94;44.37;44.44;2878587
20111018;44.58;46.32;44.45;45.98;2497495
20111019;45.8;47.25;45.63;46.59;3607114
20111020;46.53;47.44;46.22;47.31;4556160
20111021;47.79;49.33;47.79;49.33;4326653
20111024;49.28;50.27;49.28;50.18;2990998
20111025;48.97;49.69;48.27;49.09;3689328
20111026;49.73;50.26;48.97;49.72;3162427
20111027;50.64;51.11;49.81;50.91;3468956
20111028;49.29;49.86;45.83;47.99;7038061
20111031;47.12;47.38;46.56;46.62;5233968
20111101;45.27;46.26;45.25;45.56;5527285
20111102;46.39;47.29;46.28;46.91;4248617
20111103;47.31;47.47;46.41;47.3;2283306
20111104;46.78;47.68;46.74;47.41;2979900
20111107;47.25;47.47;46.77;47.42;2266778
20111108;47.85;48.39;47.43;48.3;2312432
20111109;47.23;47.91;47.15;47.5;3568890
20111110;48.02;48.02;47.09;47.39;2698080
20111111;47.98;48.48;47.87;48.09;1733028
20111114;47.91;47.99;47.26;47.45;1172408
20111115;47.4;47.69;47.22;47.37;1673553
20111116;46.92;47.31;46.46;46.5;1863356
20111117;46.5;46.83;46.2;46.42;2761747
20111118;46.34;46.35;45.74;45.78;2839616
20111121;45.14;45.42;44.48;44.8;2362525
20111122;44.6;44.74;43.95;44.01;2525390
20111123;43.75;44.07;43.45;43.68;2519590
20111125;43.42;44.36;43.37;44.23;1163613
20111128;44.96;44.97;44.33;44.69;1654030
20111129;44.68;44.81;44.37;44.46;1114521
20111130;44.63;46.06;44.62;45.97;3475311
20111201;45.76;46.04;45.58;45.87;1073817
20111202;46.31;46.55;45.98;46.01;1690577
20111205;46.61;46.66;45.96;46.25;2083559
20111206;46.25;46.38;46.05;46.19;1562181
20111207;46.45;46.45;45.83;46.23;1939264
20111208;45.84;46.2;45.72;45.8;3399241
20111209;46.15;46.46;45.84;46.29;2477660
20111212;45.83;45.97;45.08;45.33;1490656
20111213;45.44;45.61;44.36;44.51;3365257
20111214;44.49;45.21;44.46;45.06;3111510
20111215;45.49;45.55;45.07;45.21;1873979
20111216;45.42;45.65;44.71;44.86;2638509
20111219;44.85;45.05;44.44;44.58;1628218
20111220;45.23;45.84;45.13;45.79;2700720
20111221;45.85;46.37;45.8;46.3;2019756
20111222;46.31;47.08;46.22;47;2272808
20111223;47.03;47.18;46.66;46.86;1449729
20111227;46.92;47.23;46.79;47.12;1522429
20111228;47.1;47.22;46.72;46.75;1098073
20111229;46.75;46.91;46.64;46.87;1232462
20111230;46.94;47.02;46.76;46.8;640453
20120103;47.5;47.85;46.86;47.03;1793632
20120104;46.76;46.78;46.15;46.24;1284779
20120105;45.98;46.72;45.58;46.5;1525277
20120106;46.48;46.6;45.87;46.14;1064373
20120109;46.16;46.49;45.9;46.26;2141616
20120110;46.54;46.91;46.33;46.74;1797554
20120111;46.5;46.5;46.09;46.43;891557
20120112;46.57;46.89;46.44;46.67;1861389
20120113;46.2;46.36;45.7;46.28;1930176
20120117;46.48;47;46.37;46.48;1826370
20120118;46.38;46.98;46.03;46.95;1768224
20120119;47.14;47.63;46.94;47.5;1652160
20120120;47.49;47.69;47.19;47.49;2644817
20120123;47.35;47.47;46.74;47.16;2183119
20120124;46.83;47.4;46.8;47.03;1706993
20120125;46.86;47.52;46.74;47.5;1863117
20120126;47.71;47.77;47.28;47.65;2681754
20120127;47.2;48.27;47.08;48.14;2417261
20120130;47.42;48.05;47.25;47.97;1886776
20120131;48.17;48.64;48.15;48.43;2697450
20120201;48.85;49.46;48.83;49.37;2557449
20120202;49.5;49.51;49.02;49.37;3811038
20120203;47.14;49.21;46.26;48.06;8407452
20120206;47.95;48.17;47.14;47.98;4518001
20120207;47.46;48.16;47.35;48.03;5771013
20120208;48.1;48.73;47.78;48.58;4143813
20120209;48.58;48.79;48.29;48.65;3033964
20120210;48.31;49;48.18;48.56;3398811
20120213;48.79;49;48.56;48.68;2878960
20120214;48.43;48.56;48.19;48.29;2005242
20120215;48.35;48.43;47.81;48;4776232
20120216;48.1;48.47;47.47;47.56;3029529
20120217;47.83;47.88;47.27;47.62;2837076
20120221;47.31;47.67;47.16;47.59;2669881
20120222;47.48;47.77;47.43;47.74;2035181
20120223;47.67;48.2;47.55;48.17;1834519
20120224;48.17;48.17;47.48;47.53;1413431
20120227;47.26;47.75;47.05;47.6;1286286
20120228;47.35;47.52;46.79;46.83;2150389
20120229;47;47.39;46.74;46.81;2254693
20120301;46.81;47.32;46.74;47.28;1496754
20120302;47.29;47.41;47.11;47.28;1823731
20120305;47.16;47.54;47.1;47.36;1514912
20120306;47.02;47.4;46.84;47.13;2263108
20120307;47.23;47.39;46.95;47.2;1408984
20120308;47.43;47.56;47.12;47.52;1258315
20120309;47.66;48.24;47.49;48.07;1598965
20120312;48.23;48.4;47.94;48.2;1769321
20120313;48.29;48.79;47.96;48.79;2316407
20120314;48.67;49.02;48.6;49;1637275
20120315;49.17;49.17;48.77;49.03;2372998
20120316;49.01;49.3;48.86;48.97;3164769
20120319;48.81;49.21;48.7;49;1854558
20120320;48.74;49;48.48;48.68;1695163
20120321;48.68;48.84;48.56;48.57;1460399
20120322;48.33;48.65;48.11;48.35;1417187
20120323;48.29;48.81;48.26;48.66;1138230
20120326;48.9;49.09;48.5;49;1793813
20120327;48.98;49.09;48.62;48.62;1571410
20120328;48.66;49.17;48.61;49.17;1667717
20120329;48.67;49.03;48.55;48.97;1950155
20120330;49.09;49.17;48.75;49.06;1449592
20120402;49.01;49.36;48.74;49.22;1512603
20120403;49.08;49.29;48.7;49.23;1612357
20120404;48.86;49.09;48.49;48.65;1663539
20120405;48.46;48.65;48.25;48.41;1547882
20120409;47.97;48.2;47.75;48.02;2424830
20120410;47.97;48.04;47.23;47.24;1595528
20120411;47.58;47.98;47.31;47.94;1587004
20120412;47.97;48.5;47.74;48.5;1438589
20120413;48.47;48.91;48.44;48.46;2904810
20120416;48.7;48.78;48.48;48.52;1862656
20120417;48.72;48.94;48.37;48.93;1786039
20120418;48.75;49.05;48.56;48.85;2312282
20120419;49.86;50;49.45;49.71;3164802
20120420;49.65;49.91;49.45;49.8;2845189
20120423;49.09;50;49.08;50;2692250
20120424;50;50.62;49.85;50.62;2224919
20120425;50.87;51.45;50.62;51.4;2418296
20120426;51.13;51.98;50.72;51.97;2548281
20120427;51.95;51.97;51.29;51.62;1739469
20120430;51.52;51.86;51.3;51.8;1662738
20120501;51.7;52.61;51.58;52.13;2532188
20120502;51.89;51.9;51.48;51.68;1631189
20120503;51.77;51.98;51.09;51.35;2638420
20120504;50;50;48.32;48.39;6800267
20120507;48.4;48.45;48.03;48.08;4218923
20120508;48;48.34;47.73;47.99;4955848
20120509;47.61;48.4;47.56;48.09;2865691
20120510;48.1;48.45;47.8;48.16;3417034
20120511;47.81;48.65;47.65;48.15;2196818
20120514;47.86;48.09;47.65;47.83;2776746
20120515;47.24;48.11;47.1;47.7;2458361
20120516;47.8;47.92;46.61;46.67;3739230
20120517;46.75;46.88;46.14;46.14;2525643
20120518;46.08;46.29;45.64;45.7;2542145
20120521;45.69;46.3;45.67;46.27;2069242
20120522;46.39;46.84;46.13;46.33;2237328
20120523;46.07;46.86;45.84;46.81;2063410
20120524;46.69;47.35;46.61;47.35;1976313
20120525;47.48;47.6;47.28;47.39;1978237
20120529;47.28;47.66;47.06;47.46;1770345
20120530;47.35;47.39;46.35;46.35;2071894
20120531;46.19;46.76;46.02;46.5;3167574
20120601;45.84;46.16;45.09;45.11;3010810
20120604;45.19;45.74;45.04;45.34;1826942
20120605;45.25;45.69;45.08;45.51;1919709
20120606;45.86;47.14;45.64;47.14;2700347
20120607;47.6;47.68;46.5;46.6;2401095
20120608;46.62;46.78;46.19;46.78;1498476
20120611;47.1;47.17;46.07;46.08;1241104
20120612;46.24;46.75;46.14;46.75;1117933
20120613;46.55;46.7;46.14;46.25;1636523
20120614;46.41;46.63;46.23;46.43;1772435
20120615;46.61;47;46.54;47;2510439
20120618;46.63;47.07;46.63;46.85;1258759
20120619;47.02;47.3;46.68;47.12;1537797
20120620;47.06;47.1;46.55;47;1110069
20120621;47.11;47.12;46.03;46.08;1295474
20120622;46.22;46.41;46;46.18;2298373
20120625;45.73;45.86;45.15;45.42;1815292
20120626;45.58;45.87;45.46;45.52;1565232
20120627;46.13;46.13;45.48;46.08;1071658
20120628;45.77;45.86;45.38;45.72;2584155
20120629;46.51;46.78;46.1;46.78;2400668
20120702;46.95;47.39;46.64;47.36;1863680
20120703;47.26;47.72;47.21;47.72;629358
20120705;47.63;48.27;47.47;48.07;1563894
20120706;47.68;47.69;47.27;47.28;995370
20120709;47.2;47.47;46.87;47;1169297
20120710;47.01;47.25;46.64;46.72;1150630
20120711;46.81;47.23;46.55;47.14;1092606
20120712;46.75;47.36;46.5;47.13;1340363
20120713;47.22;47.73;47.22;47.63;1346455
20120716;47.42;47.67;47.33;47.4;1041243
20120717;47.45;47.72;47.34;47.68;1206745
20120718;47.53;48.03;47.31;47.82;1048808
20120719;47.79;47.92;47.29;47.39;923961
20120720;47.11;47.5;46.92;46.98;1447702
20120723;46.35;46.85;46.12;46.67;1040388
20120724;46.77;46.8;45.87;46.18;1142761
20120725;46.26;46.83;45.89;46.14;870376
20120726;46.79;46.92;46.29;46.48;2508080
20120727;47.21;49.63;47.21;49.32;4252081
20120730;49.17;49.92;48.88;49.81;2108762
20120731;49.73;49.95;49.11;49.2;1782164
20120801;49.53;49.94;48.47;49.53;1760715
20120802;49.08;49.47;48.75;49.35;1630780
20120803;50;50.76;49.78;50.49;2810965
20120806;50.48;50.72;50.2;50.33;1799612
20120807;50.47;51;50.41;50.8;2028802
20120808;50.71;51.6;50.43;51.3;3252338
20120809;51.17;51.79;51.17;51.45;1482188
20120810;51.44;51.9;51.23;51.83;1792529
20120813;51.6;52;51.34;51.9;1290483
20120814;52;52.41;51.91;52.24;1671603
20120815;52.28;52.75;52.18;52.5;1616053
20120816;52.45;53.06;52.33;53.05;1561780
20120817;53.25;53.35;53.05;53.29;1455813
20120820;53.16;53.23;52.81;53.08;1331996
20120821;53.09;53.24;52.53;52.63;1459868
20120822;52.56;52.97;52.41;52.72;1022499
20120823;52.53;52.81;52.12;52.14;1182542
20120824;52.16;52.59;52.08;52.37;1303837
20120827;52.45;52.45;52.06;52.18;1082505
20120828;52.15;52.45;51.81;52.14;1309358
20120829;52.26;52.38;51.99;52.02;1012279
20120830;51.74;51.95;51.57;51.71;1047354
20120831;51.89;52.15;51.6;51.96;1053793
20120904;51.83;52.11;51.52;51.78;991225
20120905;51.68;51.73;51.42;51.47;1298428
20120906;51.78;52.22;51.54;52.17;1637787
20120907;52.28;52.28;51.74;51.96;1930613
20120910;51.82;52.09;51.59;51.66;1005303
20120911;51.59;51.92;51.49;51.86;894253
20120912;52;52.26;51.78;51.9;939247
20120913;51.81;52.79;51.73;52.57;1816105
20120914;52.89;53.19;52.47;53.1;1792280
20120917;53.09;53.25;52.56;52.75;1403913
20120918;52.75;53.02;52.53;52.83;1296680
20120919;52.78;52.9;52.51;52.65;976275
20120920;52.28;52.64;52.04;52.62;925354
20120921;52.74;52.86;52.62;52.68;1388863
20120924;52.26;52.64;52.2;52.41;1319271
20120925;52.51;52.72;51.89;51.89;1147283
20120926;51.89;52.24;51.74;51.75;724854
20120927;52.03;52.56;51.88;52.48;1179909
20120928;52.25;52.46;51.84;52.29;1056273
20121001;52.64;53.39;52.62;53.29;1660877
20121002;53.33;53.47;52.97;53.13;1705899
20121003;53.17;53.38;52.94;53.29;1187748
20121004;53.5;53.86;53.42;53.71;1301409
20121005;53.95;54.29;53.91;54.13;1271624
20121008;54.1;54.18;53.8;53.89;917629
20121009;53.9;54.06;53.34;53.36;677132
20121010;53.42;53.42;52.81;52.9;886288
20121011;53.01;53.43;52.87;53.16;1116006
20121012;54.1;54.2;53.08;53.19;1922206
20121015;53.25;53.5;53.01;53.32;957094
20121016;53.77;53.81;53.38;53.48;1421890
20121017;53.79;54.2;53.64;54.11;930586
20121018;54.02;54.29;53.49;53.61;1155420
20121019;53.34;53.38;52.44;52.55;1484787
20121022;52.55;52.71;52.22;52.7;1501902
20121023;52.17;52.4;51.78;52.27;1029911
20121024;52.4;52.52;51.92;52.08;1149317
20121025;52.39;52.76;52.15;52.35;1479964
20121026;52.74;54.06;52.62;53.84;2112676
20121031;54.5;54.6;53.61;53.95;1957506
20121101;53.94;54.83;53.58;54.8;1807791
20121102;55;55.41;54.62;54.88;1954232
20121105;54.61;55.28;54.54;55.08;1216490
20121106;55.15;56.36;55.12;56.3;2289823
20121107;55.72;55.97;54.75;55.49;2110897
20121108;55.36;55.8;55.02;55.2;1556025
20121109;55.01;55.95;54.92;55.63;1519678
20121112;55.61;56.2;55.25;56.01;1185541
20121113;55.76;56.67;55.62;56.17;1952838
20121114;56.29;56.81;55.76;55.89;1756748
20121115;56.02;56.1;55.52;55.96;2118022
20121116;56;56.19;55.64;56.19;4519406
20121119;56.57;56.6;56.12;56.35;2439635
20121120;55.91;56.95;55.73;56.95;2428796
20121121;56.88;57.3;56.61;57.24;1237529
20121123;57.44;57.85;57.36;57.74;788255
20121126;57.42;57.92;57.19;57.2;1884329
20121127;57.13;57.13;56.19;56.45;2933644
20121128;56.14;56.96;55.82;56.87;2131554
20121129;57.12;57.2;56.58;56.86;1931104
20121130;56.78;57.28;56.77;56.8;3429558
20121203;56.91;57.25;56.65;56.73;2042343
20121204;56.73;57.02;56.48;56.71;1000806
20121205;56.74;56.97;56.46;56.65;1823532
20121206;56.82;56.86;56.47;56.81;1623760
20121207;56.89;57.08;56.52;56.6;1350485
20121210;56.42;56.76;56.4;56.4;1327701
20121211;56.49;56.84;56.37;56.5;1444347
20121212;56.65;56.95;56.4;56.45;1865859
20121213;56.36;56.96;56.3;56.42;1255519
20121214;56.25;56.41;55.89;56.2;1314101
20121217;56.49;57.09;56.39;57.06;1096910
20121218;57.18;57.18;56.59;56.8;2291581
20121219;56.83;56.99;56.59;56.59;1379843
20121220;56.65;57.07;56.51;57.06;1778874
20121221;56.21;56.77;56.21;56.63;2440485
20121224;56.39;56.66;56.13;56.63;446734
20121226;56.72;56.91;56.6;56.61;963249
20121227;56.66;56.68;55.58;56.18;1217781
20121228;55.82;56.21;55.48;55.5;1062797
20121231;55.37;55.67;55;55.61;2205328
20130102;56.25;57.43;55.98;57.43;2399494
20130103;57.38;57.38;56.98;57.11;1505217
20130104;57.26;57.42;57.03;57.13;1569528
20130107;57.03;57.04;56.73;56.8;953429
20130108;56.73;56.87;56.54;56.62;703980
20130109;56.71;56.89;56.59;56.79;723611
20130110;57.03;58.08;56.98;58.08;1840948
20130111;58.21;58.21;57.56;57.75;774912
20130114;56.85;57.44;56.85;57.36;959736
20130115;57.13;57.62;56.99;57.54;723448
20130116;57.5;57.62;57.1;57.14;1040264
20130117;57.21;57.37;56.93;57.15;1316336
20130118;57.2;57.31;56.97;57.11;2020217
20130122;57.15;58.09;57.15;57.97;1961782
20130123;57.83;57.95;57.67;57.81;1430611
20130124;57.94;58.43;57.86;58.21;1824235
20130125;58.23;58.38;57.57;57.62;1557063
20130128;57.79;57.8;57.23;57.47;1215763
20130129;57.33;57.75;57.3;57.62;1704619
20130130;57.49;57.93;57.16;57.72;1415578
20130131;57.57;57.98;57.37;57.74;2599746
20130201;58.56;58.56;55.97;56.13;4127119
20130204;55.46;55.58;54.83;54.9;2907122
20130205;55.09;55.77;54.65;55.74;3289767
20130206;55.48;55.7;55.3;55.68;1917272
20130207;55.66;56.06;55.47;56.01;2294220
20130208;56.01;56.56;55.88;56.53;2069181
20130211;56.47;56.72;56.2;56.66;1656442
20130212;56.62;56.82;56.34;56.7;2702710
20130213;56.76;57.44;56.5;57.28;1382960
20130214;57.18;57.53;57.05;57.3;1593327
20130215;57.29;57.38;56.82;57;2939778
20130219;57.1;57.92;57.1;57.91;2695460
20130220;58.02;59.44;58.01;59.02;3457707
20130221;58.81;59.5;58.6;59.42;3668478
20130222;59.6;60.85;59.39;60.79;3669035
20130225;60.9;61.48;59.45;59.45;2869498
20130226;60.32;60.55;59.2;60.05;3195318
20130227;60.2;60.95;59.97;60.83;2828277
20130228;60.93;61.87;60.71;61.09;3514598
20130301;60.8;61.05;60.3;60.89;2513651
20130304;60.4;60.66;59.86;60.49;2692613
20130305;60.82;61.03;60.71;60.75;1982785
20130306;61;61;60.28;60.34;1880696
20130307;60.35;60.69;60.06;60.29;4026119
20130308;60.62;60.62;59.99;60.21;6544137
20130311;60.2;60.23;59.88;60.1;3254552
20130312;60.05;60.1;59.56;59.64;2566586
20130313;59.83;59.83;59.48;59.7;2180243
20130314;59.73;60.08;59.71;60.03;2860557
20130315;59.67;60.03;59.55;59.9;2836482
20130318;59.21;59.47;58.82;58.96;4084151
20130319;59;59.22;58.66;59.01;3063738
20130320;59.05;59.79;58.97;59.71;4131909
20130321;59.48;59.89;59.38;59.45;2504373
20130322;59.64;60.31;59.56;60.27;1724633
20130325;60.46;61.22;60.19;61.16;2515891
20130326;61.41;61.84;61.1;61.82;1884920
20130327;61.36;61.64;61.05;61.5;1332181
20130328;61.6;61.82;61.4;61.5;1741420
20130401;61.35;61.84;60.97;61.1;1280891
20130402;61.39;61.76;61.24;61.44;984004
20130403;61.48;61.65;60.43;60.45;1565193
20130404;60.65;61.08;60.39;60.67;1038054
20130405;59.9;60.31;59.65;60.27;1270138
20130408;59.94;60.63;59.94;60.61;774360
20130409;60.71;61.07;60.33;60.9;1264638
20130410;61.07;61.55;60.84;61.53;1203441
20130411;61.59;63.07;61.59;62.66;2257703
20130412;62.44;62.66;62.13;62.62;847282
20130415;62.56;62.75;61.49;61.49;1630819
20130416;61.78;62.16;61.5;62.11;1501204
20130417;61.64;61.87;60.61;60.67;2470859
20130418;60.56;60.86;59.5;59.67;1940062
20130419;59.83;60.21;59.64;60.15;1910111
20130422;60.26;60.81;60.16;60.6;1503697
20130423;60.69;61.16;60.6;61.13;1463634
20130424;61.31;61.72;61.09;61.16;915498
20130425;61.23;61.56;61.16;61.29;1495521
20130426;61.11;61.11;58.48;59;3263841
20130429;59.07;59.9;58.84;59.67;1493874
20130430;59.61;60.39;59.45;60.35;2343535
20130501;60.38;61.61;60.21;61.3;2670930
20130502;61.38;62.5;61.06;62.44;2213369
20130503;62.94;63.4;62.71;63.31;1865097
20130506;63.15;63.53;63.06;63.5;2423294
20130507;63.5;63.87;63.33;63.71;1953175
20130508;63.77;64.95;63.67;64.8;2516174
20130509;64.76;64.99;64.37;64.47;2296140
20130510;64.49;64.93;64.3;64.5;1452120
20130513;64.28;65.56;64.28;65.54;1573508
20130514;65.42;66.08;65.38;65.92;1622663
20130515;65.78;66.5;65.7;66.44;1260265
20130516;66.19;66.58;66.11;66.22;1557890
20130517;66.46;66.73;66.19;66.29;1721919
20130520;66.17;66.63;65.83;66.11;1425843
20130521;65.89;66.44;65.89;66.18;1041268
20130522;66.12;66.59;65.56;65.75;1531571
20130523;65.09;65.49;64.76;65.26;1863919
20130524;65.04;65.77;64.85;65.73;1642935
20130528;66.1;66.7;65.94;66.03;1480192
20130529;65.59;66.74;65.24;66.3;2410641
20130530;66.29;67.26;66.17;66.41;1427618
20130531;65.88;66.33;63.64;63.67;4336610
20130603;63.69;64.26;62.94;63.72;2166040
20130604;63.74;63.96;62.9;63.08;1469928
20130605;63.02;63.39;62.74;62.91;1342737
20130606;62.94;64.05;62.64;64.03;1129470
20130607;64.73;65.61;64.54;65.55;1756071
20130610;65.61;65.76;64.93;65.17;1420833
20130611;64.7;65.57;64.03;65.2;1041849
20130612;65.61;65.61;64.81;64.84;941243
20130613;64.85;65.72;64.52;65.53;1287536
20130614;65.54;65.7;64.83;64.89;1113181
20130617;65.19;65.73;64.92;65.38;1377867
20130618;65.54;65.7;65.05;65.63;1240517
20130619;65.45;65.68;63.85;63.89;1433397
20130620;63.39;63.82;62.7;62.86;1356446
20130621;63.25;63.58;62.79;63.26;1434329
20130624;62.87;63.22;62.19;62.84;920202
20130625;63.27;63.91;63.21;63.69;1534322
20130626;64.18;64.55;63.76;64.44;1137126
20130627;64.74;65;64.61;64.96;764752
20130628;64.57;64.74;63.95;64.35;3203246
20130701;64.87;65.61;64.55;65.36;1097436
20130702;65.19;65.92;64.71;65.09;1248426
20130703;64.64;64.94;64.19;64.61;456967
20130705;65.03;65.66;64.89;65.66;532023
20130708;65.76;66.34;65.06;65.43;1195331
20130709;65.88;66.49;65.14;65.37;1265179
20130710;65.28;65.72;65.04;65.3;1201226
20130711;66.19;67.25;66.1;67.16;735173
20130712;67.11;67.25;66.41;67.02;839118
20130715;66.94;67.87;66.78;67.42;1056043
20130716;67.5;67.69;66.73;67.16;1439134
20130717;67.45;67.76;66.9;67.38;649364
20130718;67.5;67.95;67.17;67.51;1130591
20130719;67.5;67.6;67.05;67.48;1248541
20130722;67.5;67.74;67.38;67.51;809659
20130723;67.48;67.63;66.97;67.06;831626
20130724;67.15;67.22;66.72;66.88;1130898
20130725;66.45;67.59;66.41;67.55;1252361
20130726;67.09;67.53;66.12;67.53;1128227
20130729;67.47;67.47;66.34;66.53;901679
20130730;66.8;67.68;66.67;67.42;1315612
20130731;67.65;68.28;67.4;67.5;1713462
20130801;67.87;69.59;67.87;68.65;2535750
20130802;68.63;69.15;68.23;69.08;1489786
20130805;68.85;69.08;68.55;68.93;1090482
20130806;68.69;69.23;68.45;68.97;1901212
20130807;68.72;68.95;68.35;68.64;1070954
20130808;68.95;69.3;68.78;69.02;1400120
20130809;68.32;69.32;68.32;69.08;1300605
20130812;68.7;69.16;68;68.15;1496677
20130813;68.35;69.04;68.27;68.85;1206714
20130814;68.76;69.18;68.4;68.84;1208083
20130815;68.3;68.61;67.87;68.03;1518693
20130816;67.95;68.71;67.9;68.39;2937487
20130819;68.14;69.11;68.14;68.53;1443658
20130820;68.5;68.81;68.25;68.51;2070402
20130821;68.37;68.57;67.77;68.02;1496341
20130822;68.09;68.79;68.07;68.6;1438897
20130823;68.6;68.72;68.38;68.5;1269308
20130826;68.43;68.66;67.72;67.76;1819591
20130827;67.07;67.32;66.22;66.26;1493145
20130828;66.22;67.56;66.08;66.95;1805247
20130829;66.66;67.56;66.6;66.93;1177299
20130830;66.97;67;66.12;66.38;866052
20130903;67.17;67.49;66.26;66.69;661787
20130904;66.77;66.94;66.34;66.55;947490
20130905;66.44;67.04;66.27;66.73;853273
20130906;66.79;67.03;65.91;66.49;917195
20130909;66.82;67.7;66.61;67.7;807959
20130910;68.2;68.65;68.02;68.65;1275620
20130911;68.5;68.77;68.27;68.51;1235259
20130912;68.4;68.63;68.17;68.41;1076104
20130913;68.5;68.89;68.27;68.52;1036988
20130916;69.12;69.44;68.51;69.11;2247836
20130917;69.25;70.08;69.24;70.01;1506206
20130918;70.17;73.96;70.06;73.95;4087997
20130919;73.93;75.93;73.93;75.14;4256938
20130920;75.16;76.06;74.93;75.52;4068029
20130923;75.35;76.22;75.08;75.53;2087094
20130924;75.55;76.3;75.2;76.02;1863880
20130925;76.04;76.28;75.15;75.5;1590051
20130926;75.61;76.03;75.24;75.42;1299617
20130927;75.35;75.56;74.94;75.07;1476185
20130930;74.48;74.86;74.22;74.44;2104839
20131001;74.63;74.72;73.26;73.65;6392105
20131002;73.33;73.83;72.59;73.63;1960538
20131003;73.6;73.62;72.44;72.72;2194833
20131004;72.69;73.03;72.28;72.83;2482513
20131007;72.09;72.63;72.03;72.15;1046545
20131008;72.15;72.38;71.36;71.38;1290968
20131009;71.48;71.68;70.72;71.25;1418027
20131010;71.9;73.01;71.9;72.93;2814840
20131011;72.99;73.24;72.81;73.1;1929066
20131014;72.92;73.71;72.65;73.69;1428282
20131015;73.41;73.9;72.56;72.63;2317080
20131016;73.11;73.95;73.07;73.85;2362345
20131017;73.6;74.49;73.33;74.2;2529220
20131018;74.45;75.55;74.12;75.39;2481271
20131021;75.3;75.43;74.85;75.1;820657
20131022;75.42;76.52;75.37;76.36;2594537
20131023;75.94;75.99;75.54;75.85;1594091
20131024;76.15;76.9;75.45;75.58;2730123
20131025;75.19;78.75;74.6;77.54;4472985
20131028;77.59;78.4;77.55;78.07;2073586
20131029;78.14;79.74;77.99;79.71;3496070
20131030;79.49;80.42;78.51;80.24;3859339
20131031;80.12;80.15;79.08;79.09;2230809
20131101;79.38;79.45;78.44;78.77;1640170
20131104;78.88;78.99;77.79;78.62;1542382
20131105;78.49;79.08;78.32;78.69;1947866
20131106;79.15;80.07;78.74;80.05;1843207
20131107;80.21;80.22;79.38;79.43;2007580
20131108;79.39;80.63;79.23;80.6;1779431
20131111;80.62;81.73;80.56;81.7;1384136
20131112;81.26;81.44;80.32;80.57;933586
20131113;79.15;80.18;79.15;80.17;2130286
20131114;80.41;81.32;80.2;80.81;1336685
20131115;80.72;81.58;80.61;81.58;2342918
20131118;81.6;81.82;81.02;81.17;855324
20131119;81.25;81.82;80.36;80.53;1388500
20131120;80.87;81.29;80.17;80.43;1028055
20131121;80.66;81.52;80.64;81.38;1077210
20131122;81.68;82.55;81.02;82.55;1499022
20131125;82.5;82.5;81.3;81.37;1225560
20131126;81.56;82.3;81.29;81.87;1898593
20131127;81.89;82.37;81.73;82.29;1055761
20131129;82.21;82.42;81.54;81.64;432614
20131202;81.55;82.53;81.22;81.86;1072083
20131203;81.61;82.55;81.56;81.88;1239325
20131204;81.55;82.17;81.04;81.47;1149259
20131205;81.13;81.72;81.02;81.46;1076712
20131206;82.56;82.95;82.33;82.75;1227137
20131209;82.61;83.34;82.38;82.9;1176700
20131210;82.3;83.28;82.23;83.07;1359860
20131211;82.87;83.24;81.59;81.75;1382778
20131212;81.52;82.28;81.52;81.9;1300354
20131213;82.04;82.39;81.43;81.61;783627
20131216;81.89;82.33;81.46;81.85;1216189
20131217;82.06;82.34;81.36;81.82;1297482
20131218;82;84.06;81.74;83.93;2070303
20131219;83.51;83.67;82.17;83.09;1720239
20131220;83.4;83.72;82.92;82.94;2458427
20131223;83.34;83.55;82.3;82.68;1184091
20131224;82.68;83.8;82.66;83.62;584689
20131226;83.65;84;82.97;83.47;937396
20131227;83.89;84;82.93;83.41;1084614
20131230;83.13;83.87;83.09;83.25;1540304
20131231;83.56;84.33;83.53;83.89;970534
20140102;83.36;83.7;82.26;82.36;1209157
20140103;82.69;82.98;82.34;82.6;860395
20140106;83.02;83.21;81.72;81.74;1214056
20140107;82.34;82.66;82.11;82.3;1474197
20140108;82.12;82.22;81.51;81.9;1880559
20140109;82.15;83.75;82.15;83.65;1372148
20140110;83.67;83.72;82.26;82.52;1081854
20140113;82.15;82.45;80.68;80.92;1370438
20140114;81.37;82.98;81.03;82.91;1259561
20140115;83;83.42;82.83;83.4;1161499
20140116;83.15;84.04;82.98;84.02;891799
20140117;84.42;84.51;83.98;84.15;961593
20140121;84.35;84.63;83.44;83.7;1128116
20140122;83.7;83.96;82.28;82.76;2078587
20140123;82.01;82.06;80.64;81.29;1805272
20140124;80.6;80.91;78.41;78.41;1902446
20140127;78.67;80.1;78.49;78.93;2021470
20140128;79.18;80.36;79.18;80.08;1192666
20140129;79.51;80.33;79.32;79.55;2565765
20140130;80.03;80.75;79.61;80.74;2000442
20140131;79.23;80.88;77.85;80.46;1937058
20140203;80.19;80.46;76.81;76.88;2763475
20140204;77.31;77.71;76.74;77.4;2108246
20140205;77.21;77.86;76.98;77.47;1791036
20140206;77.6;77.98;76.49;77.33;1940275
20140207;78.19;81.2;77.9;81.02;2578172
20140210;80.91;81.72;80.54;81.65;1596548
20140211;81.25;83.63;80.93;83.18;2672797
20140212;83.07;84.12;82.99;83.43;1436768
20140213;82.68;84.41;82.65;84.32;1622127
20140214;84.02;85.42;83.95;85.23;1591954
20140218;84.24;85.84;83.25;85.16;1836672
20140219;85.03;85.69;84.41;84.78;1666505
20140220;84.51;85.8;84.25;85.41;1624521
20140221;85.56;86.45;85.43;86.22;2023572
20140224;85.86;87.27;85.86;86.68;1800221
20140225;86.41;86.78;85.95;86.16;1548051
20140226;86.21;86.33;85.22;85.33;1788200
20140227;85.6;86.54;85.36;85.76;2369081
20140228;85.75;85.95;84.87;85.6;3066135
20140303;84.86;85.07;84.08;84.63;1082808
20140304;85.59;86.11;85.34;85.7;1439249
20140305;86.12;86.17;85.43;85.88;1406870
20140306;86.13;86.74;85.77;86.56;1473317
20140307;86.99;87.45;86.53;86.95;966968
20140310;86.72;87.19;86.15;86.67;1030450
20140311;86.98;87.39;86.06;86.29;1603442
20140312;85.69;86.33;85.31;85.52;1587438
20140313;85.52;85.78;83.18;83.2;3130036
20140314;83.1;84.17;83.08;83.42;1531301
20140317;83.27;84.65;83.07;84.57;1191409
20140318;84.71;85.57;84.32;85.54;998269
20140319;85.5;85.52;84.16;84.23;1282098
20140320;84.03;85.44;83.49;85.42;1007623
20140321;86.24;86.25;85.25;85.86;1973686
20140324;86.03;86.34;84.24;84.24;1313389
20140325;84.74;84.97;83.51;83.9;1112682
20140326;84.18;84.4;82.99;83;943514
20140327;82.67;83.06;82.12;82.45;990454
20140328;82.61;83.64;82.28;82.62;939642
20140331;83.25;84.34;83.25;84.28;1494651
20140401;84.58;84.95;84.18;84.8;898176
20140402;84.77;85.05;84.35;84.49;756310
20140403;84.78;84.9;83.93;84.22;748694
20140404;84.77;84.92;82.55;82.62;1085309
20140407;82.47;82.6;80.98;81.12;1365787
20140408;81.07;81.84;80.76;81.2;1201685
20140409;81.57;82.7;80.97;82.6;1207702
20140410;82.58;82.77;79.63;79.88;1865221
20140411;78.78;80.12;78.6;79.43;2114626
20140414;79.97;81.23;79.7;80.44;1042920
20140415;80.47;81.28;79.72;81.25;1159973
20140416;81.97;82.48;81.58;82.36;1078296
20140417;82.48;82.48;81.79;82.14;1046413
20140421;82.19;82.47;81.72;82.03;699293
20140422;82;82.54;81.6;82.24;684048
20140423;82.08;82.49;81.92;82.06;939375
20140424;82.48;82.55;81.46;82.19;1466811
20140425;82.14;86.29;81.68;84.95;2808980
20140428;85.53;85.94;83.55;84.25;1913504
20140429;84.43;85.36;84.42;84.66;1546929
20140430;84.65;85.19;84.23;84.88;1990548
20140501;84.66;85.95;84.51;85.39;1388550
20140502;85.44;85.86;84.83;85.04;1419144
20140505;84.37;85.42;84.15;85.15;1279892
20140506;85.04;85.49;84.57;84.76;1336206
20140507;84.94;86.82;84.94;86.36;2021703
20140508;85.98;86.77;85.55;85.68;1097228
20140509;85.61;85.86;84.73;85.53;1668019
20140512;86;86.49;85.6;86.22;1284608
20140513;86.22;86.9;86;86.44;1146567
20140514;86.46;86.48;85.78;85.92;855609
20140515;85.44;86.35;84.8;86.21;1532898
20140516;86.16;86.8;85.42;86.64;1186898
20140519;86.32;87.12;86.24;86.94;1481262
20140520;86.91;87.38;86.38;87.02;1808888
20140521;87.3;88.12;87.04;87.73;2073084
20140522;87.36;88.25;87.28;88.02;1815848
20140523;87.97;88.61;87.76;88.43;1487774
20140527;88.5;89.35;88.45;89.17;1505917
20140528;89.15;89.5;88.94;89.12;1595588
20140529;89.5;89.93;88.97;89.8;1693889
20140530;89.53;90.06;89.37;89.94;1844937
20140602;90.11;90.37;89.63;89.91;1158655
20140603;89.74;90.07;89.37;89.53;965018
20140604;89.2;89.96;89.14;89.76;802102
20140605;90;90.19;89.41;90.06;1094246
20140606;90.21;90.77;90.07;90.51;1202959
20140609;90.5;90.65;90.3;90.61;1498502
20140610;90.26;90.62;90.13;90.4;1023340
20140611;90.25;90.56;90.12;90.34;1612139
20140612;90.35;90.35;89.22;89.53;1050029
20140613;89.81;90.27;89.56;89.93;1225218
20140616;89.86;90;89.41;89.76;971104
20140617;89.56;90.1;89.27;89.98;1162191
20140618;90.2;91.07;89.8;90.9;2576886
20140619;91.02;91.07;90.26;90.64;883536
20140620;90.96;90.98;90.46;90.69;2417053
20140623;90.94;91.05;90.4;90.87;1046271
20140624;90.48;90.72;89.84;89.88;1216661
20140625;89.51;90.76;89.51;90.63;1097251
20140626;90.71;90.71;89.74;89.97;936102
20140627;89.8;90.47;89.46;90.39;1379634
20140630;90.45;90.56;89.86;90.09;945480
20140701;90.19;91.07;90.09;90.8;954744
20140702;90.5;91.03;90.1;90.24;834446
20140703;90.58;90.61;89.93;90.3;655620
20140707;90.14;90.62;89.85;90.53;779592
20140708;90.47;90.47;89.82;90.08;787512
20140709;90;90.18;89.65;89.98;654857
20140710;89.56;90.29;89.03;89.96;1183843
20140711;89.75;90.25;89.48;90.09;713670
20140714;90.27;90.86;89.97;90.02;1031601
20140715;90.23;90.3;89.35;89.49;1257646
20140716;89.95;89.96;89.47;89.61;843685
20140717;89.33;89.9;89.04;89.06;1028572
20140718;89.31;89.72;88.9;89.69;759909
20140721;89.2;89.8;88.7;89.7;1175168
20140722;89.94;91.16;89.71;91.05;1376213
20140723;91.23;91.28;90.87;91.08;1295410
20140724;91.25;91.25;90.77;90.97;1422173
20140725;90.09;90.09;85.81;86.32;2810429
20140728;85.55;87.55;85.55;87.4;1611891
20140729;87.42;87.63;86.14;86.14;1529033
20140730;86.09;86.22;84.96;86.09;1587250
20140731;85.59;85.9;84.32;84.36;1595103
20140801;84.24;84.63;83.72;83.94;1250959
20140804;84.27;84.52;83.5;84.39;1181130
20140805;84.13;84.18;83.11;83.21;1716456
20140806;83.06;84.22;83.06;83.56;1763091
20140807;83.77;83.84;83.11;83.48;1102910
20140808;83.69;84.7;83.66;84.56;1030609
20140811;84.68;85.09;84.33;84.87;1076526
20140812;84.61;85.38;84.61;84.98;936872
20140813;85.59;86.23;85.45;85.87;928820
20140814;85.8;85.92;85.17;85.24;1651514
20140815;85.49;85.87;84.13;84.59;2070631
20140818;84.98;85.78;84.9;85.51;1512948
20140819;85.72;86.41;85.48;86.02;2151891
20140820;85.63;86.59;85.63;86.29;1905362
20140821;86.31;87.18;86.14;86.93;1607384
20140822;87.05;87.4;86.48;86.69;1293891
20140825;87.01;87.68;86.82;87.4;1163618
20140826;87.42;87.72;87.06;87.08;1100398
20140827;87.12;87.52;86.69;86.83;827381
20140828;86.43;87.19;86.35;86.91;756857
20140829;87.21;87.45;86.76;87.16;898519
20140902;87.39;88.35;87.22;87.7;1179025
20140903;87.99;88.14;87.71;87.79;1118758
20140904;87.87;88.61;87.52;87.98;1292884
20140905;87.76;87.78;87.09;87.53;1129134
20140908;87.23;88;87.12;87.48;751233
20140909;87.24;87.49;86.39;86.47;1125919
20140910;86.68;87.12;86.41;86.71;685943
20140911;86.24;87.14;86.21;86.84;708354
20140912;86.91;87.3;86.68;87.08;1057905
20140915;87.1;87.66;86.77;87.3;1028125
20140916;87.09;87.4;86.65;87.01;860500
20140917;87.39;87.66;86.68;86.99;1384217
20140918;87.42;88;87.14;87.9;1280943
20140919;87.8;87.82;86.81;86.92;2513556
20140922;86.73;86.81;86.24;86.5;885881
20140923;86.19;86.58;86.08;86.27;2053615
20140924;86.21;87.44;86.16;87.29;802760
20140925;86.94;87.03;86.18;86.3;1336781
20140926;86.47;87.47;86.27;87.19;935919
20140929;86.41;87.62;86.34;87.51;1163129
20140930;87.4;87.88;87.23;87.67;1779214
20141001;87.49;87.64;86.37;86.65;1760545
20141002;86.73;87.24;86.23;86.86;945695
20141003;87.33;88.01;86.95;87.58;1079680
20141006;87.79;87.96;87.03;87.27;1207932
20141007;86.65;86.98;85.42;85.43;1762491
20141008;84.88;84.88;82.5;83.48;4533498
20141009;83.43;84.16;81.26;81.27;2929635
20141010;81.75;82.59;80.42;80.45;2630798
20141013;80.63;80.95;79.5;79.55;2029957
20141014;79.83;80.74;79.67;80.05;2011776
20141015;79.29;80.33;78.26;80;3116536
20141016;79.24;80.51;79.24;79.93;1863257
20141017;80.61;81.48;79.93;80.97;1674599
20141020;80.42;81.33;80.05;80.2;2597222
20141021;80.91;81.96;80.76;81.93;3093451
20141022;82.18;82.38;81.64;81.68;1558073
20141023;82.48;82.84;81.34;81.58;1288016
20141024;81.5;82.41;81.34;82.38;852945
20141027;82.45;82.84;82.11;82.48;818192
20141028;82.92;83.5;82.74;83.49;971204
20141029;83.9;83.9;82.46;82.85;1368078
20141030;82.56;83.78;82.36;83.09;1780000
20141031;83.53;86.06;83.53;86;2073079
20141103;86.19;87.32;85.88;87.18;1470853
20141104;87.26;88.53;86.8;88.45;1575199
20141105;88.8;88.84;88.17;88.67;927851
20141106;88.51;89.18;88.35;89.18;1389745
20141107;89;89.88;88.81;89.82;1495267
20141110;89.48;90.71;89.45;90.71;1090672
20141111;90.5;91;89.8;90.18;1039264
20141112;90.15;90.6;89.61;90.38;874020
20141113;90.26;90.93;89.84;89.91;1017024
20141114;89.81;90.69;89.56;89.85;881027
20141117;90.45;90.73;90.16;90.47;988356
20141118;90.44;90.95;90.17;90.59;945447
20141119;90.29;90.75;90.04;90.39;1032107
20141120;89.76;90.95;89.76;90.32;1126465
20141121;91.22;91.52;90.41;91.39;1636809
20141124;91.64;92.4;91.4;92.31;1038943
20141125;92.5;92.5;91.9;91.93;1338811
20141126;92.14;92.14;91.27;91.8;734566
20141128;91.8;92.7;91.48;92.49;678912
20141201;92.28;92.73;91.84;92.42;1243092
20141202;92.25;92.72;92.18;92.62;910560
20141203;92.53;93.85;92.11;93.76;1422744
20141204;93.49;95.42;93.49;94.64;3012256
20141205;94.87;95.81;94.54;95.1;1601263
20141208;95.1;97.73;94.83;97.6;3190247
20141209;96.74;98.1;96.66;97.19;2597078
20141210;97.02;97.78;96.13;96.32;2447699
20141211;96.53;97.5;96.12;96.29;1989568
20141212;95.56;96.36;94.99;95.01;1440527
20141215;96.22;96.56;94.44;94.86;1868567
20141216;94.53;95.97;94.48;94.51;1817795
20141217;95.01;96.07;94.31;95.65;1725504
20141218;96.62;96.95;95.83;96.7;2547886
20141219;97.23;97.36;96.59;96.69;2574762
20141222;97;97.25;96.58;97.04;1013737
20141223;97.16;97.4;96.62;96.67;1742761
20141224;96.78;97;96.3;96.52;657348
20141226;96.85;96.85;96;96.26;683783
20141229;96.02;96.53;95.64;95.93;789592
20141230;95.94;96.5;95.73;96.23;834402
20141231;96.35;96.65;94.79;94.83;997249
20150102;95.49;96.05;93.6;94.33;934006
20150105;93.88;94.31;93.03;93.42;1107572
20150106;93.97;94.93;92.64;92.86;1793977
20150107;92.71;93.98;92.3;93.92;1190289
20150108;94.54;95.86;94.46;95.3;1444122
20150109;95.27;95.49;94.47;94.78;911246
20150112;94.66;95.23;93.4;93.44;967705
20150113;94.2;95.64;93.23;93.83;952366
20150114;92.64;93.73;92.16;93.69;1529505
20150115;93.75;94.57;93.04;93.55;1073203
20150116;93.73;95.62;93.63;95.56;1402922
20150120;95.92;96.16;94.1;94.67;948988
20150121;94.29;95.4;93.35;94.55;959967
20150122;94.89;96.04;94.13;95.7;1261245
20150123;95.98;96.3;94.35;94.42;865465
20150126;94.24;94.6;93.74;94.17;755445
20150127;93.59;94.17;92.82;93.34;866919
20150128;93.84;94.05;91.04;91.09;1425189
20150129;90.83;91.43;90.34;91.18;1249482
20150130;90.22;90.94;89.35;90.05;2157343
20150202;90.36;91.88;89.65;91.85;1254530
20150203;92.21;92.81;91.99;92.77;1105125
20150204;92.6;93.69;92.49;93.12;1387079
20150205;93.2;93.99;92.88;93.72;1304705
20150206;94.99;97;94.96;96.42;2794447
20150209;96.18;96.96;95.76;96.64;1291969
20150210;97;98.34;96.96;98.19;1674036
20150211;98.27;100.25;98.01;100.08;1687138
20150212;100.02;100.99;99.89;100.74;1627307
20150213;100.58;101.3;100.3;100.56;1476586
20150217;100.3;101.18;100.3;100.71;1369701
20150218;100.69;101.22;99.77;100.56;1251924
20150219;100.32;100.66;99.95;100.28;811143
20150220;100;100.49;99.23;100.34;1264767
20150223;99.98;100.71;99.41;100.51;1300749
20150224;100.3;100.95;100.1;100.59;946960
20150225;100.24;101;100.21;100.45;968612
20150226;100.24;100.45;99.45;100.22;1255822
20150227;100.35;107.08;99.65;100.36;1295907
20150302;100.32;100.32;99.78;100.24;1169695
20150303;99.95;100.57;99.41;99.92;1040796
20150304;99.81;99.97;99.12;99.63;1109018
20150305;99.69;100.3;99.34;100.23;756902
20150306;100.06;101;98.58;98.79;889825
20150309;98.78;99.16;98.06;98.93;810120
20150310;97.96;98.41;96;96.02;1623772
20150311;95.96;96.66;95.56;96.43;729815
20150312;97.1;98.31;96.55;98.28;1016354
20150313;98.18;98.29;96.35;96.88;924310
20150316;96.4;98.85;96.4;98.75;1109272
20150317;98.27;98.73;97.32;98.5;863941
20150318;98.23;100;97.37;99.53;1011734
20150319;99.21;99.21;97.82;98.91;793422
20150320;99.17;99.94;98.41;99.3;1949035
20150323;99.85;99.85;99.07;99.09;869833
20150324;98.82;99.29;98.16;98.18;703415
20150325;98.24;98.5;95.94;95.95;980078
20150326;95.52;96.28;95.29;96.03;1147524
20150327;95.94;96.7;95.51;95.87;1345210
20150330;96.57;98.25;96.37;98.1;1092663
20150331;97.4;97.56;95.96;96.12;1799944
20150401;95.84;96.95;95.32;96.23;1373965
20150402;96.22;96.76;95.75;96.63;874305
20150406;96.17;98.44;95.83;97.83;1109652
20150407;97.84;98;97.3;97.32;711066
20150408;97.54;98.72;97.33;98.64;870085
20150409;98.41;98.94;97.61;98.42;764389
20150410;98.3;98.69;97.93;98.25;553402
20150413;98.27;98.99;98.07;98.62;569339
20150414;98.43;98.79;97.44;98.58;832574
20150415;98.94;99.03;98.4;98.48;821062
20150416;97.8;98.02;97.2;97.62;1060024
20150417;97.11;97.14;95.69;96.17;2058826
20150420;96.73;97.47;96.58;97.4;1037630
20150421;97.5;97.82;96.73;97.1;1228461
20150422;96.45;97.46;96.26;97.2;1270117
20150423;96.8;97.83;96.5;97.41;742575
20150424;97.3;98.15;96.67;97.84;818714
20150427;98.51;98.63;97.66;97.92;1314313
20150428;97.59;98.12;96.98;98.06;824582
20150429;97.76;98.41;97.24;97.88;845396
20150430;97.35;98.15;95.87;96.23;1889672
20150501;96.88;99.26;96.72;98.42;1314408
20150504;98.5;98.96;97.99;98.8;786659
20150505;98.79;99.31;97.65;97.69;5807873
20150506;97.87;98;96.67;97.38;1037617
20150507;97.55;98.14;96.83;97.91;1293815
20150508;98.98;100;98.66;99.89;1650901
20150511;99.63;100.85;99.63;100.19;1540075
20150512;99.54;99.94;98.72;99.11;863419
20150513;99.03;99.5;98.2;98.63;1301429
20150514;99.4;100.04;98.73;99.98;1383616
20150515;99.96;100.3;99;99.55;1592234
20150518;99.63;101.11;99.4;101.05;1098333
20150519;101.28;101.83;100.92;101.43;1362010
20150520;101.49;102.36;101.06;102.21;1164449
20150521;101.8;102.42;101.7;102.36;1248859
20150522;101.87;103.33;101.87;102.89;1844527
20150526;102.38;102.89;101.6;102.15;1344801
20150527;102.52;103.4;102.02;102.97;1205261
20150528;102.55;102.97;102.14;102.9;774110
20150529;102.98;102.98;101.18;101.22;1786234
20150601;101.47;101.81;100.86;100.91;1124367
20150602;100.75;101.57;100.09;101.2;1008946
20150603;101.63;102.2;101.2;101.91;774858
20150604;101.29;102.1;100.62;100.81;855381
20150605;101.14;101.79;100.58;100.97;714258
20150608;100.72;101.19;100.43;100.47;643942
20150609;100.5;101.07;100.38;100.61;642191
20150610;100.79;102.6;100.62;102.39;833031
20150611;102.41;103.3;102.26;103.19;942589
20150612;103.11;103.41;102.15;102.23;1569294
20150615;101.43;102.67;101.33;102.56;1092743
20150616;102.39;103.51;102.23;103.36;927446
20150617;103.7;104.2;102.99;103.72;937644
20150618;104.11;104.7;103.8;104.52;1082628
20150619;104.31;104.46;102.99;102.99;1495103
20150622;103.44;103.95;103.32;103.69;706250
20150623;103.73;104.14;103.58;104.01;893027
20150624;103.72;103.93;103.41;103.54;1171348
20150625;104;104;103.04;103.05;794374
20150626;103.46;103.5;102.58;102.75;1996334
20150629;102;102.33;99.97;100.05;1020877
20150630;101.06;101.41;99.51;99.68;1393881
20150701;100.94;101.4;99.49;99.71;2251677
20150702;99.99;100.09;99.15;99.51;888132
20150706;98.54;99.86;98.38;99.69;781517
20150707;99.7;100.23;98.33;100.18;724203
20150708;99.18;100.12;99.07;99.26;1475831
20150709;100.18;100.61;99.83;100.15;1286054
20150710;101.55;102.13;100.91;101.78;1169036
20150713;102.57;102.74;101.76;102.03;955346
20150714;102;102.29;101.56;102.06;611758
20150715;102.57;102.69;101.7;101.86;773522
20150716;102.8;102.91;102.19;102.79;664243
20150717;102.6;102.86;102.15;102.41;490111
20150720;102.36;102.71;101.92;102.32;650733
20150721;102.43;102.97;101.76;102.13;882562
20150722;102.25;102.48;101.71;101.92;635044
20150723;102.01;102.07;101.42;101.57;642606
20150724;101.61;101.96;101.21;101.28;653195
20150727;100.97;101.29;100.38;101.03;656367
20150728;101.44;101.48;100.64;101.16;737495
20150729;101.3;102.13;101.26;101.88;839967
20150730;101.46;102.07;101.06;101.94;1016011
20150731;102;103.38;100.6;100.77;1216734
20150803;100.79;100.9;98.34;99.54;1297441
20150804;99.55;101.11;99.55;100.2;1234595
20150805;100.6;101.78;100.28;101.33;1199068
20150806;101.82;102.5;100.68;100.92;1013760
20150807;100.68;101.48;100.25;101.32;823742
20150810;102.22;103.12;102.22;102.77;864913
20150811;101.77;101.98;100.49;101.32;1128085
20150812;100.59;101.49;99.58;101.23;743750
20150813;101;101.68;100.23;101.22;1037839
20150814;100.84;102.19;100.59;101.3;1157722
20150817;100.75;102.67;100.48;102.56;1125958
20150818;102.43;102.83;102.02;102.43;717812
20150819;101.92;102.67;100.65;101.04;956138
20150820;100.09;100.65;99.21;99.32;1237863
20150821;98.61;99.4;96.5;96.53;1507107
20150824;91.83;95.62;90.04;91.73;2549817
20150825;93.88;93.93;89.27;89.39;2751118
20150826;91.59;92.8;89.89;92.62;1696690
20150827;93.67;94.45;92.62;94.39;1468227
20150828;94.15;94.83;92.97;93.54;1477687
20150831;92.95;93.8;92.15;93.44;1434027
20150901;91.44;92.1;89.7;90.28;2148661
20150902;91.71;91.84;90.11;91.05;1298656
20150903;91.44;92.02;91.1;91.45;1411168
20150904;90.23;90.73;89.59;90.29;1359487
20150908;91.42;92.78;91.4;92.69;1342143
20150909;93.32;93.7;91.31;91.54;964952
20150910;91.2;91.92;91.08;91.68;1986165
20150911;91.34;91.88;90.42;91.32;2154039
20150914;91.32;91.45;90.51;90.8;1185441
20150915;91.19;92.38;90.41;92.09;1771617
20150916;91.97;92.28;91.23;91.98;1310489
20150917;92.24;93.67;91.97;92.16;1248056
20150918;90.49;91.56;89;89.31;2550424
20150921;90.17;90.89;89.51;90.4;1521952
20150922;89.03;90;89;89.53;1902730
20150923;89.62;89.71;88.5;89.09;936412
20150924;88.32;89.13;87.75;88.95;1378661
20150925;89.79;90.81;89.56;90.02;1086565
20150928;89.3;90.06;88.04;88.41;1404367
20150929;88.33;88.8;87.58;88.4;1241202
20150930;89.41;89.78;87.83;88.61;1960174
20151001;88.74;89.3;87.79;88.56;1455449
20151002;87.02;89.8;86.38;89.78;1583502
20151005;90.29;91.64;89.92;91.52;936663
20151006;91;91.89;90.17;90.29;981174
20151007;90.76;91.47;90.22;91.16;1038865
20151008;90.88;92.09;90.43;91.93;793597
20151009;91.65;92.33;90.92;91.29;1043560
20151012;91.16;91.55;91.01;91.28;899960
20151013;90.91;91.23;90.22;90.78;1330249
20151014;90.56;90.8;89.92;90.05;841106
20151015;90.84;91.73;90.54;91.25;1258091
20151016;91.95;92.29;91.06;91.62;950489
20151019;91.57;91.72;90.38;90.63;1028624
20151020;90.1;91.6;90.1;91.56;1791878
20151021;92.07;92.37;91.23;91.32;1243333
20151022;91.82;93.34;91.8;92.41;1016433
20151023;92.9;93.17;91.62;92.49;1651472
20151026;92.67;92.92;92.09;92.72;803087
20151027;91.9;92.79;91.56;92.78;994233
20151028;93.2;94.82;92.66;94.79;998453
20151029;94.22;94.93;93.54;94.83;809545
20151030;93;93.69;92.05;93.31;2369113
20151102;93.37;94.85;92.92;94.7;1235064
20151103;94.29;95.14;93.77;94.62;3179343
20151104;94.62;95.13;94.33;94.46;1517152
20151105;94.46;95.25;94.46;94.8;1485397
20151106;95.75;95.75;93.41;93.57;2045078
20151109;93.4;93.66;92.18;92.43;1209722
20151110;92.26;93.09;91.75;92.98;728237
20151111;93.25;94.05;92.71;93.89;796958
20151112;93.19;93.73;92.8;92.8;949045
20151113;92.84;93.35;92.33;93.1;1728422
20151116;92.77;94.37;92.39;94.37;878023
20151117;94.26;94.32;93.54;93.67;1259849
20151118;93.75;95.06;93.64;95.01;1031694
20151119;94.86;95.35;93.48;93.82;3082235
20151120;93.92;95.09;93.44;94.86;1213945
20151123;94.86;95.27;94.46;94.72;711852
20151124;94.09;95.17;93.74;94.75;930184
20151125;94.66;94.84;94.17;94.51;506976
20151127;94.68;94.94;94.17;94.65;414428
20151130;94.32;95.11;94.32;94.74;1145711
20151201;95.04;95.82;94.78;95.7;754857
20151202;95.58;95.67;94.36;94.53;958232
20151203;94.53;94.99;93.15;93.68;1295240
20151204;94.03;96.69;93.75;96.65;932701
20151207;96.19;96.9;95.92;96.74;1119948
20151208;96.02;96.27;94.97;95.1;1159253
20151209;94.43;95.8;93.99;94.23;1025871
20151210;94.23;94.39;93.51;93.83;1049343
20151211;92.66;94.01;92.3;93.3;1775840
20151214;93.59;94.49;92.2;94.08;1301387
20151215;94.82;96.95;94.62;96.69;1730612
20151216;97.14;97.79;95.58;96.92;1733715
20151217;96.76;97.41;93.25;93.27;2858648
20151218;92.65;93.25;90.81;90.99;3309004
20151221;91.47;92.17;89.94;90.8;1224661
20151222;90.85;91.67;89.2;91.07;1299719
20151223;91.4;91.78;90.03;91.76;1264408
20151224;91.81;92.53;91.19;92.05;276060
20151228;91.74;92.18;91.23;92;710236
20151229;92.7;93.94;92.63;93.84;806598
20151230;93.82;94.16;93.27;93.54;662949
20151231;93.11;93.51;92.19;92.21;856574
20160104;90.71;90.88;89.72;90.71;1469226
20160105;90.72;91.45;90.36;91.26;1558656
20160106;90.4;90.59;89.28;89.88;1442508
20160107;88.33;88.97;88.15;88.57;1949270
20160108;88.81;89.09;86.83;87.02;1179636
20160111;87.53;87.7;85.56;86.41;1208596
20160112;87.2;87.29;85.72;87.15;1093321
20160113;87.71;87.89;85.52;85.91;1196419
20160114;86.11;88.09;85.8;87.39;1135515
20160115;87.65;87.65;85.09;86.09;1676458
20160119;86.76;87.08;85.57;85.98;1089377
20160120;84.58;85.84;83.83;84.94;1576883
20160121;85.23;85.96;84.24;84.62;894729
20160122;85.92;86.68;85.72;86.41;949259
20160125;86.19;86.63;85.24;85.74;1453963
20160126;86.19;86.75;85.65;86.03;1113410
20160127;86.02;86.39;85.25;85.91;1412330
20160128;86.1;87.99;85.43;86.09;947725
20160129;86.73;87.98;86.3;87.83;1882348
20160201;87.53;87.97;86.99;87.58;839071
20160202;86.49;87.01;85.91;86.2;900147
20160203;87.06;88.11;86.31;87.74;1414468
20160204;87.45;89.04;87.21;88.95;1255906
20160205;89.2;92.89;89.01;92.87;2260532
20160208;92.27;93.7;91.96;92.98;1982028
20160209;92.47;93.5;92.11;92.88;2188976
20160210;93.04;94.79;92.65;92.83;1496296
20160211;91.31;93.23;90.86;92.69;1751246
20160212;93.76;94.98;93.72;93.8;1675512
20160216;94.65;94.99;93.9;94.15;1809831
20160217;95.09;95.58;94.71;95;2141074
20160218;94.75;95.02;93.99;94.57;1754022
20160219;94.28;94.42;92.98;93.58;1243724
20160222;94.36;94.69;93.43;93.77;1299352
20160223;93.21;95.02;92.88;94.07;2367368
20160224;93.08;95.12;92.92;94.66;1643763
20160225;94.91;95.45;94.52;95.31;1171494
20160226;95.68;96.5;95.44;95.76;1462139
20160229;95.44;96.45;95.26;95.29;1819476
20160301;95.99;96.81;95.69;95.95;1751138
20160302;95.98;97.41;95.6;97.39;1332491
20160303;97.13;98.35;97.07;98.22;1051722
20160304;98;99.46;97.95;98.93;1433074
20160307;98.33;99.29;98.04;99.14;1029953
20160308;98.47;99.59;98.2;98.44;1119255
20160309;98.74;98.95;98.3;98.72;966083
20160310;99.19;99.54;97.62;98.56;931506
20160311;99.63;100.59;98.92;100.48;1104287
20160314;99.93;100.64;99.77;99.77;1420664
20160315;98.91;99.93;98.91;99.89;991423
20160316;99.11;100.55;99.08;99.79;1308135
20160317;99.94;102.58;99.58;102;1953013
20160318;102.17;102.48;100.98;101.47;3541875
20160321;101.08;101.86;100.93;101.59;2093501
20160322;101.31;102.23;100.97;101.46;2534238
20160323;101.24;101.37;100.05;100.51;2463196
20160324;100.03;101.32;99.67;101.13;2178091
20160328;101.51;102.49;101.25;102.14;881211
20160329;102.05;103.06;101.74;102.94;1371836
20160330;103.2;104.12;102.93;103.96;1441829
20160331;103.96;104.76;103.62;104.45;1441820
20160401;104.09;105.01;103.63;104.87;2170082
20160404;104.63;105.24;104.5;104.85;989940
20160405;103.6;104.06;101.85;101.91;2410112
20160406;101.57;102.13;100.98;102.1;1993508
20160407;101.67;102.09;100.68;101.03;834914
20160408;102;102.26;101.04;101.31;545753
20160411;101.96;102.56;101.46;101.47;800310
20160412;101.85;102.54;101.24;102.51;682854
20160413;103.08;103.78;102.53;103.75;744856
20160414;103.75;104.4;103.46;103.9;767060
20160415;103.47;104.39;103.32;104.3;806610
20160418;103.89;105.66;103.77;105.66;793187
20160419;105.99;106.17;105.11;105.19;1110095
20160420;105.64;105.7;103.95;104.43;902514
20160421;104.08;104.66;103.18;103.19;1067674
20160422;103.36;104;102.94;103.23;1011305
20160425;103.04;103.51;102.27;103.45;932236
20160426;103.9;104.77;103.72;104.73;736392
20160427;104.5;104.73;103.97;104.31;843118
20160428;103.11;104.16;102.82;103.16;1252133
20160429;102.66;105.37;102.56;105.12;1760643
20160502;105.55;106.78;105.11;106.62;892095
20160503;105.81;106.14;104.68;105.77;1189618
20160504;105.32;106.21;104.74;105.97;1152806
20160505;106.02;106.69;105.27;105.41;1018225
20160506;105.17;105.34;104.3;104.78;1447877
20160509;104.68;105.11;104.36;104.71;851661
20160510;105.44;106.31;105.01;106.12;943336
20160511;106.07;106.42;105.44;105.51;831623
20160512;105.81;106;104.71;105.72;1086437
20160513;105.75;106.16;105.16;105.81;1065698
20160516;105.6;106.47;105.54;106.18;662191
20160517;106.14;106.5;105.4;105.72;1004446
20160518;105.74;106.64;104.91;105.39;1218492
20160519;104.95;105.21;103.94;104.78;774227
20160520;105.19;105.78;104.64;105.39;1020864
20160523;104.96;105.49;103.88;105.13;728295
20160524;105.53;106.97;105.12;106.93;1369494
20160525;107;107.47;106.49;106.72;1046701
20160526;107;107.22;106.29;106.98;875489
20160527;107.22;109;106.87;108.63;1559491
20160531;108.87;109.65;108.51;109.27;2964353
20160601;108.62;109.41;108.07;109.34;1205458
20160602;109.15;109.44;108.57;109.43;742469
20160603;108.88;108.9;107.79;108.72;657860
20160606;108.8;109.45;108.49;109.4;1124131
20160607;109.46;110.04;108.74;109.52;959097
20160608;109.28;110.02;108.94;109.77;1189103
20160609;109.59;110.01;109.27;109.86;569380
20160610;108.8;109.83;108.8;109.37;1176330
20160613;108.86;109.48;108.03;108.03;1112039
20160614;107.75;108.36;107.14;107.48;2173673
20160615;107.42;107.6;106.38;106.58;1361209
20160616;105.72;107.04;105.09;106.99;1114649
20160617;107.01;107.07;105.86;106.86;1641131
20160620;107.98;108.55;107.31;107.38;1032270
20160621;107.98;108.33;107.59;107.8;815179
20160622;107.96;108.31;107.57;107.73;765994
20160623;108.67;109.02;108.17;108.9;1043935
20160624;104.39;105.21;103.41;104.01;4711505
20160627;102.57;102.88;100.55;100.8;1596161
20160628;101.85;103.95;101.59;103.92;1505097
20160629;104.72;106.5;104.72;106.43;1334970
20160630;106.95;109.24;106.58;109.23;1992666
20160701;109.29;110.17;109.11;109.77;1432245
20160705;109.13;109.53;107.73;108.29;1062368
20160706;107.64;108.38;107.33;108.09;904133
20160707;108.1;109.35;107.95;108.95;1027775
20160708;109.54;109.76;109.12;109.57;832101
20160711;109.98;110.41;109.57;110.17;913360
20160712;111.12;111.46;110.43;110.56;755094
20160713;110.8;111.01;110.15;110.26;454884
20160714;111.44;111.6;110.49;110.55;877731
20160715;110.79;111.1;110.18;110.84;944383
20160718;110.96;111.13;110.41;110.52;809807
20160719;110.02;110.32;109.09;109.73;1019744
20160720;110;110.17;109.64;109.98;458316
20160721;109.84;110.17;108.99;109.28;691160
20160722;109.74;110.59;109.52;110.56;503952
20160725;110.5;110.59;110.16;110.32;597128
20160726;110.55;111.07;110.33;111.02;818479
20160727;110.88;111.22;109.86;110.48;895889
20160728;109.96;110.63;109.57;110.36;778173
20160729;107.92;108.4;105.35;107.07;2218900
20160801;107.07;108.78;106.93;108.32;1032459
20160802;108.33;108.94;107.76;108.41;912681
20160803;108.36;109.71;108.34;109.71;1036369
20160804;109.63;110.34;109.61;109.95;1277063
20160805;110.76;110.92;110.16;110.65;808302
20160808;110.5;110.83;110.16;110.43;923183
20160809;110.23;110.57;110.17;110.24;571689
20160810;110.49;110.5;109.53;109.77;667535
20160811;110.19;110.2;109.7;109.9;719293
20160812;109.76;110.08;109.44;109.61;757158
20160815;109.66;110;109.25;109.55;660473
20160816;109.33;109.89;109.16;109.17;564475
20160817;109.21;109.56;108.92;109.47;757528
20160818;109.63;109.74;109.16;109.43;654995
20160819;109.04;109.63;108.13;108.56;1068677
20160822;108.58;109.81;108.48;109.39;527333
20160823;109.5;109.84;109.3;109.44;543298
20160824;109.5;109.57;109.07;109.48;521461
20160825;109.52;110.3;109.41;110.11;606071
20160826;110.25;111.2;109.52;110.03;577214
20160829;110.38;111.62;110.11;111.44;866078
20160830;111.59;111.71;110.69;111.19;537539
20160831;111.19;111.45;110.54;111.35;1081884
20160901;111.5;112.14;110.82;111.35;665654
20160902;111.9;112.15;111.7;112.1;653471
20160906;112.18;112.22;111.32;112.21;609441
20160907;111.99;112.5;111.63;112.27;610457
20160908;112.2;112.46;111.59;111.6;718281
20160909;110.96;111.23;108.93;108.93;847551
20160912;108.52;111.38;108.46;111.11;820388
20160913;110.14;110.23;109.3;109.57;557539
20160914;109.62;109.91;108.8;108.98;493234
20160915;108.8;110.69;108.8;110.31;716233
20160916;109.88;110.34;108.94;109.4;1146755
20160919;109.96;110.58;109.53;109.98;594266
20160920;110.58;110.85;110.25;110.31;730025
20160921;110.43;112.23;110.35;112.11;1530949
20160922;112.8;113.78;112.46;113.36;859798
20160923;112.46;112.89;112.15;112.15;799849
20160926;111.91;112.11;111.51;111.62;732217
20160927;111.59;112.95;111.31;112.4;876119
20160928;112.46;112.58;111.14;112.28;752814
20160929;111.98;112.47;110.46;110.92;596059
20160930;111.45;112.91;111.45;112.49;937233
20161003;111.99;112.19;111.36;112.01;783022
20161004;111.92;112.17;111.01;111.38;564293
20161005;111.61;112.37;111.31;111.75;578131
20161006;111.56;113.61;111.07;113.18;1034186
20161007;113.25;113.7;112.32;112.5;697052
20161010;113.52;113.75;111.94;111.97;958083
20161011;111.49;111.97;109.56;109.85;973090
20161012;109.95;111.16;109.95;110.7;769969
20161013;110.29;110.71;109.6;110.19;846625
20161014;110.99;111.92;110.69;110.69;747744
20161017;111;111.23;109.86;109.97;927387
20161018;111.17;111.17;110.45;110.59;723422
20161019;110.95;110.95;109.98;110.7;690762
20161020;110.27;110.87;109.86;110.02;733947
20161021;109.1;109.96;108.63;109.55;766762
20161024;110.21;110.56;109.88;110.03;563300
20161025;109.72;109.72;107.31;107.79;1320567
20161026;107.36;108.69;107.19;108.19;864060
20161027;108.48;108.9;107.74;108.42;797481
20161028;109.92;112.81;109.6;111.3;1454453
20161031;111.28;111.52;110.16;110.83;1027063
20161101;111.17;111.19;108.5;108.81;844007
20161102;108.76;109.27;107.5;107.54;925434
20161103;107.87;109.36;107.81;108.48;737938
20161104;108.59;108.81;107.73;107.79;763213
20161107;109.48;111.45;109.33;111.39;1592886
20161108;111.56;113.23;110.85;112.15;1268519
20161109;111.73;111.98;109.63;110.93;1905289
20161110;111.87;113.62;111.09;112.74;1755466
20161111;112.54;112.81;110.32;110.49;1453064
20161114;110.96;111.08;109.42;110.19;1932557
20161115;110.07;110.67;109.18;110.13;1341072
20161116;109.93;110.33;109.5;109.97;946715
20161117;110.08;111.49;110.08;111.43;845107
20161118;111.39;112.18;111;111.96;868809
20161121;112.68;113.47;112.38;112.92;1357697
20161122;112.9;113.69;112.58;113.36;1246073
20161123;113.53;113.93;113;113.51;696575
20161125;113.39;113.97;112.91;113.81;520953
20161128;113.23;113.86;112.72;112.78;977659
20161129;112.98;113.99;112.36;113.65;1136785
20161130;114.24;114.5;113.71;114.1;2588977
20161201;114;114.49;111.68;112.05;1156664
20161202;111.84;112.15;111.34;111.62;1053838
20161205;112.42;112.84;111.79;112.37;725649
20161206;112.4;113.24;111.95;113.21;835077
20161207;113.3;116.59;112.67;115.95;2350930
20161208;116.17;116.5;112.68;112.89;2154091
20161209;112.9;113.35;111.93;113.03;1933707
20161212;112.99;113.7;112.31;112.74;1239176
20161213;113;113.45;112.06;112.56;1561106
20161214;112.49;113.33;111.44;111.75;1067008
20161215;111.57;113.55;111.57;112.39;973077
20161216;112.4;112.63;111.42;112.09;1689049
20161219;112.02;112.53;111.15;112.33;837195
20161220;112.54;112.62;111.41;111.83;775109
20161221;111.97;113.12;111.51;112.25;587030
20161222;112.06;112.57;111.79;112.48;554954
20161223;112.63;113.14;112.11;112.89;668393
20161227;112.91;113.06;112.3;112.5;320812
20161228;112.64;112.73;111.7;111.72;387171
20161229;112.05;112.28;111.32;111.42;445728
20161230;111.77;111.96;111.06;111.53;634271
20170103;112.09;112.4;111.44;112.08;839019
20170104;112.43;113.54;112.19;113.31;962435
20170105;112.97;113.56;112.31;113.48;792293
20170106;113.97;114.84;113.55;114.35;642056
20170109;113.91;114.26;113.4;113.4;727165
20170110;113.38;113.82;112.51;112.63;844153
20170111;112.39;112.9;111.64;112.67;1079476
20170112;112.03;112.79;111.45;112.67;695309
20170113;113.04;113.81;113.04;113.29;598511
20170117;112.78;114.07;112.25;113.62;901524
20170118;114;114.23;113.24;114.05;960299
20170119;114.32;115;112.25;112.28;1982609
20170120;112.5;112.7;111.32;112.07;1580008
20170123;111.97;112.37;111.3;111.7;763589
20170124;112.26;112.72;111.82;112.21;1251486
20170125;113;113.41;112.12;112.84;1361372
20170126;112.94;113.29;112.59;112.95;930454
20170127;113.18;113.39;112.39;113.39;854330
20170130;112.85;112.85;110.89;112.07;876171
20170131;111.94;112.71;111.48;112.7;1199346
20170201;112.75;112.79;111.02;111.17;1750834
20170202;110.6;112.51;109.82;112.48;1334637
20170203;112.78;114.23;112.2;114.06;1426621
20170206;113.27;114.38;113.02;114.08;782981
20170207;114.61;114.64;114.02;114.25;808742
20170208;113.71;114.43;113.22;114.36;752781
20170209;114.57;115.2;114.3;115.17;1028434
20170210;117.38;117.76;114;115.59;1213365
20170213;115.53;116.16;115.28;115.87;950213
20170214;116;116.04;114.96;115.85;793066
20170215;115.74;116.7;115.3;116.56;739731
20170216;116.7;117.36;116.45;117.28;719443
20170217;116.89;117.64;115.9;117.53;962814
20170221;117.38;117.8;115.22;115.57;1471113
20170222;115.61;116.43;114.92;115.6;1091063
20170223;115.85;116.48;115.57;116.19;898247
20170224;115.16;116.56;115.16;116.56;712667
20170227;116.82;117.18;116.02;116.37;494192
20170228;116.12;116.33;115.32;115.65;1212429
20170301;117.5;117.89;116.45;117.51;917009
20170302;117.55;117.66;116.33;116.46;783869
20170303;116.37;116.79;116.01;116.48;762400
20170306;115.8;116.6;115.66;115.71;729556
20170307;115.52;115.99;115.03;115.54;774063
20170308;116;116.21;114.95;115.62;1046205
20170309;115.76;116.8;115.49;116.33;1175250
20170310;116.6;117.95;116.3;117.86;1582594
20170313;118;119.05;118;118.94;1496209
20170314;118.71;118.88;118.13;118.42;782523
20170315;118.5;119.17;118.18;119.02;1248780
20170316;119;119.42;118.55;119.24;960758
20170317;119.55;119.88;118.76;118.91;1203241
20170320;118.82;118.97;118;118.18;736303
20170321;118.95;118.95;117.2;117.57;1143339
20170322;117.51;118.05;117.07;117.71;893302
20170323;117.68;118.46;117.32;117.48;841943
20170324;117.68;118.17;117.08;117.54;807587
20170327;116.41;118.47;116.05;118.19;1132373
20170328;117.88;119.35;117.75;118.88;1014705
20170329;118.38;118.85;117.69;117.76;692645
20170330;117.48;118.65;117;118.48;1042616
20170331;117.88;119.02;117.74;118.69;1183798
20170403;118.59;119;117.69;118.33;1192907
20170404;118.13;118.92;117.41;118.9;927313
20170405;119.49;120.4;119.01;119.23;1056429
20170406;119.24;119.78;118.38;119.39;826725
20170407;119.04;120.27;118.95;119.64;1223869
20170410;119.77;120.31;119.22;119.76;975578
20170411;119.22;119.77;118.62;119.73;795948
20170412;119.16;119.48;118.34;118.67;896991
20170413;118.47;119.03;118.1;118.1;651841
20170417;118.16;119.19;118.16;119.05;957183
20170418;118.42;119.13;118.26;118.86;832704
20170419;119.36;119.6;118.71;119.12;926687
20170420;119.45;121.05;118.96;120.56;1208659
20170421;120.14;120.4;118.39;118.43;1327024
20170424;119.51;120.29;118.76;119.04;2034649
20170425;119.81;120.25;119.38;120.07;719178
20170426;120.07;120.87;119.93;120.07;768121
20170427;120.02;120.57;119.61;120.14;847848
20170428;119.9;120.49;119.6;119.84;869777
20170501;119.91;120.95;119.74;120.29;1049313
20170502;120.54;121.05;119.67;119.92;1055852
20170503;119.9;120.59;119.49;120.34;620340
20170504;120.82;121.54;120.64;121.2;824019
20170505;121.6;122.39;121.39;122.27;1207042
20170508;122.54;123;122.23;122.81;1606326
20170509;124.87;125.37;123.43;124.3;1978410
20170510;124.22;124.51;123.84;124.09;1486823
20170511;123.95;124.7;123.58;124.3;1403818
20170512;123.52;124.6;123.45;124.24;1224865
20170515;124.19;125.93;124.06;125.76;1080815
20170516;126;126.14;125.38;125.98;1009861
20170517;124.77;126.69;124.7;125.98;1543366
20170518;125.99;127.37;125.47;126.69;1612441
20170519;126.94;127.89;126.62;127.28;1221829
20170522;127.1;128.53;126.88;128.37;1676738
20170523;128.19;129.01;127.9;128.56;1623267
20170524;128.96;129.32;128.6;129.19;1070382
20170525;129.7;130.6;129.05;130.32;1309107
20170526;130.32;130.55;129.89;130.01;961266
20170530;129.93;130.95;129.62;130.71;902362
20170531;131.11;131.62;130.13;130.91;1891099
20170601;131.28;131.64;130.83;131.64;1071062
20170602;131.46;131.89;131;131.4;2007282
20170605;131.3;132.34;130.94;131;1597550
20170606;130.36;130.96;129.82;130.46;1138043
20170607;131.02;131.54;130.26;131.41;1216925
20170608;131.5;132.15;131.27;131.71;1138249
20170609;131.82;132.81;131.74;132.64;1219905
20170612;132.48;133.03;132.22;133.03;1431317
20170613;133.23;134.55;133.08;134.06;1755189
20170614;134;135.19;133.72;135.01;996456
20170615;134.55;135.87;134.55;135.65;987421
20170616;135.81;136.49;135.36;136.46;1519529
20170619;137;137.28;136.44;136.8;1233914
20170620;136.62;136.86;136.11;136.15;1247773
20170621;135.89;136.24;135.24;135.3;1580175
20170622;134.96;135.46;134.17;134.25;1072589
20170623;134.29;134.38;132.39;132.4;1889044
20170626;132.5;133.41;132.39;133.03;1264680
20170627;133.28;133.31;132.55;132.58;1065454
20170628;133.11;134.18;132.72;133.98;814714
20170629;134.92;134.92;132.28;132.84;947285
20170630;133.32;133.55;132.19;132.95;1535860
20170703;133.59;133.99;132.93;133.16;558615
20170705;133.37;133.54;132.72;132.97;1276348
20170706;133.21;134.18;132.38;133.39;1191233
20170707;133.72;135.48;133.5;135.01;914108
20170710;134.93;135.82;134.46;135.3;966717
20170711;135.45;135.55;133.94;134.04;815631
20170712;134.37;135.23;133.85;134.66;810626
20170713;134.66;135.73;134.35;135.63;740296
20170714;135.23;136.59;134.64;136.22;873443
20170717;136.13;137.06;135.82;136.84;816825
20170718;136.27;137.6;136.12;137.41;600317
20170719;137.66;138.07;137.19;138.07;694563
20170720;137.95;139.06;137.82;138.84;769942
20170721;138.48;139.37;138.48;139.14;807432
20170724;139.28;140.12;138.6;139.63;1077128
20170725;140.59;141.31;139.9;140;773506
20170726;140;140.14;138.86;138.95;797679
20170727;138.9;138.94;135.6;135.91;1623017
20170728;135.91;138.95;135.86;138.67;1047101
20170731;139.01;139.52;138.15;138.17;898184
20170801;138.67;139.7;138.15;139.59;980397
20170802;139.35;139.66;138.4;139.23;1425813
20170803;139.18;139.37;138;138.97;1429699
20170804;140;141.45;138.01;138.95;1109902
20170807;138.7;140.11;138.58;138.77;944936
20170808;138.46;138.89;138.32;138.58;1033978
20170809;138.25;140.32;138.25;140.19;755373
20170810;139.33;140.07;138.76;138.85;842301
20170811;139.44;139.52;138.31;138.39;708835
20170814;139.43;140.07;139;139.66;680842
20170815;140.13;140.34;139.23;139.28;838595
20170816;139.5;140.21;139.19;139.32;883586
20170817;139.3;139.73;136.68;136.7;1210407
20170818;136.5;137.61;136.32;136.52;1345602
20170821;136.74;138.35;136.25;138.17;1278850
20170822;138.65;139.63;138.18;139.57;1153916
20170823;139.01;139.35;138.13;138.22;807013
20170824;138.35;138.82;137.72;137.78;724812
20170825;138.41;138.69;137.85;138.05;726313
20170828;138.34;138.84;137.97;138.38;656714
20170829;137.5;138.2;137.02;137.9;944389
20170830;137.79;138.67;137.55;138.15;734022
20170831;138.3;139.27;138.1;139.16;1403670
20170901;139.45;139.74;138.82;138.86;825137
20170905;138.77;141.06;138.48;140.35;1361336
20170906;140.91;141.11;139.88;140.23;1072399
20170907;140.26;140.56;138.31;138.61;1142654
20170908;138.6;143.13;138.52;142.64;1630923
20170911;143.12;144.81;141.9;142.66;1290649
20170912;142.63;143.03;142.28;142.89;875532
20170913;142.69;143.25;142;142.99;933383
20170914;142.82;142.82;141.23;142.14;1137801
20170915;142.14;143.45;141.89;143.31;2573230
20170918;143.56;144.16;142.97;144.05;852831
20170919;144.5;145.2;144.19;144.44;1182069
20170920;144.9;146.21;144.73;145.98;1137347
20170921;146.02;146.57;144.55;144.94;1124225
20170922;145;146.16;143.6;146.02;778916
20170925;145.32;145.93;144.72;145.22;804089
20170926;146.04;147.4;145.35;146.28;1486009
20170927;147.66;147.66;146.02;146.43;971503
20170928;146.77;147.21;146.2;146.95;1034157
20170929;146.7;147.41;145.52;146.1;1292888
20171002;146.28;147.52;145.56;147.29;930920
20171003;146.98;147.51;146.45;147.31;713120
20171004;147.29;147.29;146.03;146.65;785707
20171005;146.86;147.21;146.5;146.64;1394349
20171006;147.12;147.2;146.5;146.84;752457
20171009;146.83;147.87;146.76;147.35;555208
20171010;147.32;147.65;147;147.63;830579
20171011;147.66;147.81;146.94;147.77;801108
20171012;147.59;149.5;147.55;149.24;1461394
20171013;149.52;150.12;148.93;149.38;694541
20171016;149.95;150.16;148.89;149.95;521663
20171017;150.04;150.15;148.5;149.2;852039
20171018;149.25;149.96;148.84;149.6;998247
20171019;149.32;150.86;148.92;150.82;637327
20171020;151.65;151.85;150.98;151.54;773590
20171023;151.66;152.47;151.28;151.94;650741
20171024;151.91;152.78;151.85;152.38;790465
20171025;151.9;152.34;150.88;151.65;928334
20171026;152.15;152.15;149.8;151.21;1510197
20171027;146.75;147.98;144.91;146.18;1738663
20171030;143.47;145.53;143;143.45;1532573
20171031;142.73;144.62;142.69;143.43;1491443
20171101;143.82;144.71;142.69;142.84;1085941
20171102;142.92;143.29;137.85;138.96;2834346
20171103;138.88;139.24;137.91;138.64;1614564
20171106;138.54;141.4;138.25;140.18;1412066
20171107;140.28;140.99;139.89;140.21;1212460
20171108;140.64;141.22;139.86;140.87;1364554
20171109;140.59;143.59;140.07;143.46;1375066
20171110;142.84;144.02;142.41;143.25;996048
20171113;142.56;144.09;141.82;141.89;971782
20171114;141.74;143.77;141.43;143.54;799183
20171115;143.29;143.99;142.55;142.83;963868
20171116;143.16;143.59;141.22;141.28;1026900
20171117;140.78;141.49;140.09;141.18;912856
20171120;141.67;142.39;140.89;142.05;1031800
20171121;142.05;142.07;141.14;141.44;1358739
20171122;141.55;141.95;139.09;139.24;1042145
20171124;139.63;139.77;138.34;138.63;884143
20171127;138.55;138.9;138.11;138.12;1384072
20171128;138.26;140.55;138.14;139.94;943904
20171129;140.01;141.19;139.96;140.47;961602
20171130;141.2;141.31;139.24;140.22;2817231
20171201;140.73;142.56;139.7;142.24;1571320
20171204;142.94;143.39;139.58;139.67;1501346
20171205;139.87;139.87;138.27;139.24;1010814
20171206;139.68;139.68;138.75;139.11;760518
20171207;138.8;139.14;137.33;138.46;966149
20171208;138.99;138.99;138;138.49;663224
20171211;138.24;138.69;137.8;138.3;1041548
20171212;138.85;138.97;138.12;138.5;1081439
20171213;138.3;138.66;136.47;136.56;1236407
20171214;136.68;137.37;135.98;136.58;1449898
20171215;137.53;139.65;137.31;138.39;3056892
20171218;138.57;139.62;136.9;137.19;1477005
20171219;137.43;138.31;136.22;136.87;1298938
20171220;137.63;137.65;136.31;136.39;842594
20171221;136.87;137.36;135.18;135.34;884073
20171222;134.99;135.58;133.2;133.35;1389900
20171226;133.66;133.91;133.11;133.3;510698
20171227;133.61;134.13;133.15;133.92;753020
20171228;134.5;134.68;133.68;134.52;772046
20171229;134.85;135.29;133.97;134;723768
20180102;134.25;134.75;131.25;131.49;878049
20180103;131.48;133.72;130.87;133.59;1201767
20180104;134.55;136.53;133.85;135.42;1452363
20180105;135.4;136.7;134.98;136.57;820699
20180108;135.83;136.79;135.19;136.58;925346
20180109;136.73;138.28;136.37;136.92;1457265
20180110;137.01;137.42;135.69;136.66;1331838
20180111;136.51;136.62;134.92;135.27;737133
20180112;135.89;137.29;134.61;136.55;905682
20180116;136.39;136.75;134.29;134.54;1265477
20180117;135.15;136.98;134.88;136.5;1040415
20180118;136.07;136.08;133.41;135.08;1132123
20180119;135.64;135.83;134.38;135.18;1301523
20180122;135.2;136.17;134.77;135.98;1136856
20180123;135.87;138.68;135.67;137.42;1063309
20180124;137.84;139.26;136.5;138.83;1209522
20180125;138.85;139.98;138.17;139.55;1183654
20180126;140.05;143.48;139.55;143.47;1184563
20180129;142.95;143.24;141.38;142.34;1157936
20180130;142.17;143.38;141.09;141.75;1463458
20180131;141.39;142.97;140.79;142.17;1846205
20180201;142;144.57;140.96;144.48;1374383
20180202;143.21;147.98;140.63;143.59;2229826
20180205;143.54;144.99;139.77;140.34;2567809
20180206;137.63;140.36;135.49;139.92;3317906
20180207;139.65;142.63;139.35;140.55;1959934
20180208;140.28;141.16;135.93;136.05;2089622
20180209;137.5;138.8;134.79;137.91;2396733
20180212;138.75;140.97;138.29;139.96;1422535
20180213;139.03;139.89;137.92;139.23;1196625
20180214;138.79;140.6;138.2;139.97;1611245
20180215;140.46;141.32;139.87;140.89;1292299
20180216;140.36;141.65;139.79;140.86;1240956
20180220;140.23;141.98;139.89;140.72;941118
20180221;140.63;142.06;139.32;139.37;1099456
20180222;139.93;140.01;137.7;139.12;1482850
20180223;139.72;142.04;138.41;141.91;1080638
20180226;142.38;143.32;141.52;143.3;996950
20180227;142.94;144.31;142.42;142.46;1360612
20180228;143.01;144.27;140.28;140.32;1811011
20180301;140.12;141.16;137;137.45;1174275
20180302;136.82;138.68;136.3;138.49;819714
20180305;137.79;141.97;136.63;141.38;1136518
20180306;141.42;142.26;139.19;142.17;1007314
20180307;140.99;142.92;140.69;142.49;891099
20180308;143;144.75;142.31;144.23;791647
20180309;145;148.16;144.98;148.03;1489346
20180312;148.2;148.44;145.58;146.31;1019716
20180313;146.72;147.09;145.67;145.96;876093
20180314;146.72;146.72;143.83;144.22;1196719
20180315;145.13;145.59;143.94;144.97;1640512
20180316;144.84;146.49;144.79;145.97;1431000
20180319;146;146.92;144.4;145;791789
20180320;145.63;146.12;144.93;145.28;862642
20180321;145.29;145.48;143.41;143.41;1372921
20180322;142.54;143.81;139.12;139.31;1562181
20180323;139.77;140.72;137.13;137.17;1492510
20180326;138.22;141.1;137.92;140.8;934938
20180327;140.8;141.93;137.94;138.82;1306344
20180328;139.12;140.55;138.4;139.46;911616
20180329;140.29;141.98;139.18;140.33;1342124
20180402;140.89;141.23;136.49;138.19;1148056
20180403;138.61;139.43;137.3;138.74;725638
20180404;137.55;140.39;137.09;140.13;633603
20180405;140.75;141.15;139.62;140.17;625565
20180406;139.21;140.38;137.07;138.2;682642
20180409;138.62;140.81;137.97;139.01;1014071
20180410;140.06;141.18;139.31;140.16;719962
20180411;139;140.2;138.79;140.04;759586
20180412;140.71;142.61;140.67;141.6;1018309
20180413;142.48;143.34;141.64;142.02;668349
20180416;143.14;145.69;142.25;143.78;646229
20180417;144.18;144.67;143.28;144.08;857592
20180418;144.7;144.78;143.7;144.2;654850
20180419;144.24;145.58;143.68;144.82;947207
20180420;145.24;145.72;143.3;144.04;974713
20180423;144.46;145;143.48;143.78;789653
20180424;143.84;144.4;141.69;142.33;998279
20180425;142.2;142.38;140.99;141.97;1022540
20180426;142.73;144.62;140.96;143.5;1019815
20180427;143;144.52;142.82;144.23;646553
20180430;144.14;144.61;142.43;142.47;1000877
20180501;142.29;143.12;141.32;142.86;632404
20180502;142.15;142.73;139.67;139.79;930488
20180503;138.98;140.31;137.3;140;943830
20180504;139.11;140.44;136.99;139.49;1124173
20180507;139.43;141.25;139.39;140.37;755064
20180508;139.93;141.36;139.72;140.91;716602
20180509;141.28;141.89;140.39;141.29;911676
20180510;141.45;144.4;140.95;144.24;1090055
20180511;144.19;144.93;143.59;144.09;814916
20180514;144.38;144.81;142.92;143.23;678975
20180515;142.94;143.78;140.48;140.77;1021095
20180516;140.98;142.47;139.74;139.99;1076902
20180517;139.75;141.2;138.93;140.94;742751
20180518;141.2;142.23;140.77;141.3;876122
20180521;141.56;143.61;141.54;142.08;656974
20180522;142.07;143.6;142.02;142.91;778319
20180523;142.01;143.14;141.68;142.14;776578
20180524;141.86;142.77;140.74;142.39;746179
20180525;142.35;143.55;141.64;142.22;695171
