20100104;40.81;41.1;40.39;40.92;6896366
20100105;40.83;41.23;40.37;40.83;10642158
20100106;41.23;41.67;41.17;41.49;8399374
20100107;41.26;42.24;41.11;41.98;8982628
20100108;41.76;42.48;41.4;41.95;7908186
20100111;41.74;41.96;41.25;41.47;7396890
20100112;41.27;42.35;41.25;42.02;12657572
20100113;41.85;42.24;41.57;42.15;10137203
20100114;42.04;42.74;42.02;42.68;8238665
20100115;42.52;42.84;42.02;42.39;13630419
20100119;42.24;43.05;42.11;42.96;9534275
20100120;42.93;43.25;42.26;42.98;11643946
20100121;42.99;43.1;41.53;42.16;16981464
20100122;41.36;41.49;38.19;38.59;26172565
20100125;39.1;39.29;37.5;37.79;17587806
20100126;37.54;39.23;37.52;38.1;15709915
20100127;37.96;38.84;37.83;38.67;12910527
20100128;38.67;38.67;36.83;37.43;14150464
20100129;37.6;38.77;37.36;37.66;14221560
20100201;37.84;38.31;37.82;38.21;9362548
20100202;38.68;39.17;38.45;39.02;11274239
20100203;38.91;38.91;38.19;38.33;10658677
20100204;38.03;38.58;37.47;37.53;12947918
20100205;37.66;37.97;36.6;37.85;13024907
20100208;37.76;37.87;36.78;36.79;9372636
20100209;37.27;37.84;37.02;37.54;10683319
20100210;37.58;38.04;37;37.75;8880287
20100211;37.81;38.48;37.48;38.29;9908005
20100212;37.79;38.54;37.47;38.42;10692564
20100216;38.81;39.63;38.66;39.62;10964637
20100217;39.53;39.58;38.82;39.05;9849997
20100218;39.07;39.27;38.74;39.15;6859123
20100219;38.89;39.18;38.59;39.06;9412679
20100222;39.1;39.24;38.78;38.93;7412970
20100223;38.74;38.74;37.82;37.93;9696312
20100224;38.1;38.7;38.02;38.41;6412242
20100225;37.67;38.13;37.05;38.04;8456458
20100226;38.15;38.32;37.76;38.19;6475422
20100301;38.2;38.28;37.86;38.13;9138475
20100302;38.12;38.94;38.1;38.39;9938410
20100303;38.46;38.95;38.18;38.28;8222088
20100304;38.25;39;38.2;38.89;8899547
20100305;39.1;40.25;39.1;40.2;10137416
20100308;40.22;40.34;39.61;39.71;7812212
20100309;39.54;39.94;39.35;39.7;6766681
20100310;39.94;39.94;39.32;39.72;7749548
20100311;39.57;40.15;39.43;40.11;7638381
20100312;40.48;41;40.43;40.76;9465211
20100315;40.62;40.97;40.07;40.7;7125695
20100316;40.87;41.03;40.45;40.92;5806018
20100317;41.18;41.31;40.7;41.01;8942260
20100318;40.9;41.06;40.48;41;5520955
20100319;41.23;41.28;40.28;40.33;10729247
20100322;39.9;41.24;39.83;41.08;9194387
20100323;41.1;41.37;40.82;41.24;8592062
20100324;41.04;41.46;40.85;41.01;7527327
20100325;41.37;42.28;41.2;41.42;8716124
20100326;41.57;41.77;40.91;41.12;6821601
20100329;41.27;41.68;41;41.48;5865432
20100330;41.31;41.5;41.07;41.29;5562293
20100331;41.01;41.6;40.83;41.26;6883008
20100401;41.68;41.9;41.36;41.7;6016227
20100405;41.83;42.68;41.74;42.67;7857037
20100406;42.39;43.14;42.3;43.12;7817738
20100407;42.88;43.37;42.03;42.37;9795035
20100408;42.22;43.84;42.06;43.69;10438100
20100409;43.69;44.09;43.54;43.88;6614159
20100412;44.01;44.58;43.94;44.54;7790790
20100413;44.39;45.06;44.33;44.99;10941187
20100414;45.46;46.63;45.22;46.46;14091623
20100415;46.22;46.68;46.02;46.67;9525237
20100416;46.49;46.61;44.18;45.1;18334533
20100419;44.81;45.79;44.63;45.76;10527855
20100420;46.11;46.29;45.52;46.2;8075190
20100421;46.16;46.38;45.5;45.99;7742663
20100422;45.66;47.11;45.18;46.77;12874250
20100423;47.92;49.19;47.66;48.05;17474457
20100426;47.12;47.97;46.81;47.14;11163511
20100427;46.71;47.49;45.61;45.79;11301488
20100428;46.23;46.37;45.52;46.08;9534657
20100429;46.63;47.81;46.41;47.6;12615408
20100430;47.52;48.03;45.8;46.12;14019691
20100503;46.21;47.37;46.12;47.2;7572541
20100504;46.7;46.8;45.45;45.86;10577929
20100505;45.41;46.19;43.93;44.43;15037712
20100506;44.35;45.14;40.16;42.5;22510797
20100507;42.24;42.84;40.5;40.6;30788678
20100510;42.99;43.3;42.57;43.09;16792123
20100511;42.79;44.27;42.55;43.33;12344396
20100512;43.56;44.21;43.18;44.1;9824611
20100513;43.85;44.06;42.72;42.81;10081932
20100514;42.03;42.11;40.06;40.64;27485534
20100517;41.25;41.74;39.8;41.22;15067633
20100518;41.56;41.74;39.26;39.84;18849434
20100519;39.35;40.78;39.14;40.17;15597100
20100520;39.67;40.57;38.56;38.62;19593222
20100521;37.57;40.06;37.36;39.82;18743252
20100524;39.91;40;38.93;39.04;10358246
20100525;37.96;39;37.6;39;14758114
20100526;39.46;39.66;37.96;38.17;13490755
20100527;39.03;40.42;39.03;40.33;14744654
20100528;40.17;40.71;39.55;39.87;12496490
20100601;39.18;40.3;39.05;39.19;12526351
20100602;39.46;41;39;40.97;16206601
20100603;41.31;41.37;40.18;40.54;8858557
20100604;39.47;39.83;38.2;38.41;13697354
20100607;38.69;39.05;37.61;37.71;11257269
20100608;37.94;38.52;37.13;38.43;11585938
20100609;38.83;39.24;37.97;38.11;12274818
20100610;38.7;40.12;38.67;40.03;11784253
20100611;39.49;40.2;39.33;40.13;7807147
20100614;40.47;40.68;39.87;39.89;8484864
20100615;40.46;41.64;40.18;41.59;10114897
20100616;41.44;42.51;41.19;42.34;11552198
20100617;42.7;42.73;41.45;42.06;8013270
20100618;42.14;42.26;41.67;42.03;9287436
20100621;42.76;43.14;42.03;42.6;12073585
20100622;42.64;42.92;41.84;41.94;9894721
20100623;41.99;42.48;41.12;42.17;9454079
20100624;41.82;42.34;40.94;41.06;9669316
20100625;41.51;42.67;40.94;42.67;23430631
20100628;42.52;42.74;41.81;42.11;8871210
20100629;41.49;41.54;39.75;40.09;12258480
20100630;39.82;40.6;39.58;39.7;8975578
20100701;39.55;40.08;38.42;39.48;8747392
20100702;39.81;39.89;38.91;39.42;6928090
20100706;40.16;40.33;38.74;39.21;10308506
20100707;39.07;41.22;39.02;41.15;12115953
20100708;41.7;42.18;41.41;42.12;11512090
20100709;42.11;42.61;41.93;42.58;8293171
20100712;42.4;42.96;42.25;42.83;6982066
20100713;43.27;44.43;43.26;44.17;8623016
20100714;43.95;44.17;43.27;43.7;7158045
20100715;43.97;44;42.34;43.43;9838362
20100716;43.1;43.17;41.25;41.38;14179024
20100719;41.5;41.84;40.46;41.58;7378122
20100720;40.87;42.21;40.76;42.06;7589521
20100721;42.31;42.65;41;41.15;9540565
20100722;41.87;43.49;41.76;43.19;10875243
20100723;43.14;44.87;42.57;44.79;15324864
20100726;44.81;45.55;44.73;45.43;9497736
20100727;45.59;45.68;44.3;44.55;10163697
20100728;44.6;44.98;44.2;44.58;6399826
20100729;44.76;45;44;44.56;7127013
20100730;43.74;44.89;43.74;44.64;7341750
20100802;45.01;45.2;44.78;44.99;9555199
20100803;44.84;45;44.41;44.6;7290371
20100804;44.75;45.04;43.59;44.11;15943966
20100805;43.77;44;42.89;43.22;12460826
20100806;42.56;43.5;42.49;43.5;8052655
20100809;43.81;44.05;43.37;43.75;5088530
20100810;43.19;44.22;43.09;44.09;8527858
20100811;43.31;43.39;42.85;42.96;10160197
20100812;42.51;42.96;42.05;42.15;8676099
20100813;42.1;42.32;41.72;41.73;6453339
20100816;41.53;41.96;41.28;41.54;7164546
20100817;41.88;42.01;41.47;41.74;8561595
20100818;41.73;41.89;41.12;41.69;8703275
20100819;41.45;41.53;40.9;40.96;9474654
20100820;41;41.07;40.06;40.76;7878451
20100823;40.95;40.95;40.17;40.2;5156872
20100824;39.72;39.98;39.24;39.57;7565370
20100825;39.39;39.94;39.14;39.8;6410238
20100826;40.02;40.38;39.46;39.73;6937927
20100827;40;40.93;39.56;40.91;7486493
20100830;40.69;40.92;39.87;39.89;5103011
20100831;39.73;40.39;39.47;39.87;8312829
20100901;40.55;41.35;40.34;41.07;7717266
20100902;41.27;41.28;40.06;40.88;11712440
20100903;41.3;41.83;41.22;41.8;10887663
20100907;41.48;41.53;40.04;40.09;9780650
20100908;40.33;40.66;39.76;40.07;9172141
20100909;40.75;41.06;40.07;40.69;7918375
20100910;40.72;40.72;39.99;40.19;7389300
20100913;40.75;41.41;40.65;41.22;8239560
20100914;40.96;41.14;40.16;40.38;9461255
20100915;40.1;40.94;39.8;40.85;7993139
20100916;40.79;41.12;40.58;40.96;7239792
20100917;41.04;41.48;40.65;41.37;29144012
20100920;41.56;43.29;41.56;43.12;11833511
20100921;43.16;43.38;42.66;42.78;9325014
20100922;42.51;43.13;42.16;42.79;10857939
20100923;42.36;43;42.21;42.36;8687796
20100924;42.91;43.23;42.68;43.13;10150105
20100927;43.25;43.8;42.74;43.44;9272593
20100928;43.5;43.87;42.96;43.69;6562051
20100929;43.5;43.93;42.78;43.01;7914488
20100930;43.35;43.5;41.98;42.03;12293288
20101001;42.37;42.56;41.55;41.78;10671991
20101004;41.59;41.79;38.68;39.05;38499770
20101005;39.3;39.33;37.33;38.28;68417074
20101006;38.46;38.68;37.92;38.02;21059122
20101007;38.18;38.18;37.77;37.82;18598177
20101008;37.88;38.17;37.59;37.99;13339834
20101011;38.17;38.45;37.9;37.94;10913926
20101012;37.94;38.76;37.9;38.54;19989230
20101013;38.92;39.86;38.74;39.26;19502377
20101014;39.12;39.61;39.01;39.44;14643537
20101015;39.75;39.8;39.03;39.09;14884358
20101018;39.01;39.58;38.75;39.55;10026054
20101019;39.39;40.37;39.15;39.31;18102681
20101020;39.5;39.94;39.36;39.73;9239787
20101021;39.76;40.35;39.62;40.27;12599925
20101022;40.4;40.49;38.96;39.03;17328056
20101025;39.09;39.68;38.88;39.3;13588441
20101026;39.14;40.25;39.14;40.1;12277430
20101027;39.69;40.79;39.62;40.68;15618128
20101028;40.91;41.59;40.86;41.22;14755979
20101029;41.09;41.48;40.91;41.46;9598191
20101101;41.49;41.97;41.35;41.56;8457355
20101102;41.95;42.59;41.84;42.39;9221220
20101103;42.39;42.55;41.46;42.07;11769799
20101104;42.63;43.92;42.25;43.73;13170081
20101105;43.61;44.27;43.61;44.07;13061783
20101108;43.68;44;43.36;43.9;7666106
20101109;43.98;44.05;43.19;43.36;9341575
20101110;43.53;43.66;43.04;43.56;9757253
20101111;43.33;43.54;43.01;43.35;5849606
20101112;42.93;43.32;42.39;42.7;7077258
20101115;42.95;43.37;42.64;42.7;6154617
20101116;42.3;42.65;41.49;41.93;11444182
20101117;41.9;42.09;41.41;41.41;9637338
20101118;41.89;42.52;41.89;42.25;8071356
20101119;42.16;42.8;41.97;42.75;7480859
20101122;42.47;42.75;41.86;42.22;7627110
20101123;41.67;42.19;41.6;41.95;10406795
20101124;42.51;43.06;42.34;43;6791800
20101126;42.5;42.63;42.27;42.27;2999912
20101129;42.08;43.44;41.87;43.33;10380829
20101130;42.75;43.4;42.62;43.22;9395013
20101201;43.84;44.48;43.69;44.3;15222935
20101202;44.41;45.07;44.25;44.98;10943457
20101203;44.66;45;44.42;44.88;9135676
20101206;44.66;45.06;44.55;45;6600023
20101207;45.46;45.64;44.74;44.78;9696254
20101208;44.9;45.65;44.8;45.63;8570109
20101209;45.79;45.9;45.29;45.81;7026143
20101210;45.76;46.35;45.75;46.26;8216538
20101213;46.47;46.78;46.14;46.37;8305907
20101214;46.29;46.77;46.08;46.2;5772973
20101215;46.09;46.78;45.8;46.12;7354807
20101216;46.08;46.41;44.54;44.57;15396472
20101217;44.49;44.84;43.86;44.01;17301033
20101220;43.58;44.86;41.25;42.5;31617851
20101221;42.97;43.4;42.8;43.23;10308425
20101222;43.27;43.39;42.62;42.81;7719773
20101223;43.03;43.35;42.57;42.77;4832099
20101227;42.72;43.25;42.61;43.05;4485252
20101228;43;43.11;42.55;42.79;4021225
20101229;42.8;42.98;42.62;42.86;3253683
20101230;42.76;42.83;42.44;42.51;4374454
20101231;42.51;42.97;42.4;42.92;3463998
20110103;43.3;43.62;43.11;43.4;7633239
20110104;44.41;44.41;43.2;43.95;14069219
20110105;44.09;45.16;43.91;45.04;10655273
20110106;45.38;45.6;44.45;44.73;6353121
20110107;44.93;44.96;44;44.36;6391190
20110110;44.2;44.64;44.01;44.46;5467997
20110111;44.98;45.44;44.8;45.04;5924121
20110112;45.44;45.79;44.83;45;8158458
20110113;44.81;45.36;44.75;45.06;6363137
20110114;44.93;46.56;44.9;46.25;10660769
20110118;46.03;46.71;45.8;46.37;8069679
20110119;45.2;45.7;44.8;45.24;14420874
20110120;44.74;45.65;44.71;45.27;7588646
20110121;45.76;46.2;45.51;46;8745529
20110124;46.05;46.28;45.45;45.79;9244113
20110125;44.87;45.25;44.19;44.8;16089104
20110126;44.91;44.94;44.45;44.46;8081719
20110127;44.49;44.78;44.02;44.54;8072187
20110128;44.55;44.6;43.42;43.86;9940151
20110131;44.13;44.23;43.28;43.38;9931528
20110201;43.54;43.88;43.23;43.6;11408734
20110202;43.39;44.05;43.33;43.72;6848967
20110203;43.65;43.74;43.15;43.53;5200823
20110204;43.53;43.9;43.18;43.82;6111628
20110207;43.96;45.1;43.88;44.82;9387338
20110208;44.66;45.97;44.62;45.88;9824497
20110209;45.6;46.05;45.2;45.72;8711893
20110210;45.66;46.58;45.35;46.57;9216407
20110211;46.27;46.79;46.24;46.75;6606863
20110214;46.42;46.93;46.26;46.52;5271265
20110215;46.5;46.85;45.9;46.19;5536531
20110216;46.42;46.92;46.27;46.86;7012861
20110217;46.55;46.68;45.68;45.78;10744253
20110218;45.6;45.67;45.15;45.53;12470554
20110222;44.94;45.12;44.07;44.29;9231455
20110223;44.2;44.52;43.01;43.44;9903506
20110224;43.28;43.95;43.03;43.56;10578145
20110225;43.59;43.77;43.08;43.53;9941040
20110228;43.73;43.95;43.3;43.57;9023710
20110301;43.7;43.94;43.11;43.15;8849294
20110302;43.06;43.42;42.75;43.02;7160755
20110303;43.43;44.44;43.43;44.3;7576863
20110304;44.36;44.68;43.21;43.72;6374415
20110307;43.86;44.58;43.53;43.71;7631985
20110308;43.96;45.54;43.91;45.24;10816836
20110309;45.2;45.37;44.63;45.05;5809285
20110310;44.6;44.68;43.77;44.02;6930472
20110311;43.78;44.31;43.68;44.28;6424851
20110314;43.86;44.21;43.22;43.91;6213571
20110315;42.95;43.96;42.58;43.64;7584206
20110316;43.37;43.71;42.19;42.36;10419543
20110317;43.02;43.46;42.86;43.42;7701262
20110318;44.07;44.47;43.69;44.17;9838944
20110321;44.75;44.86;44.1;44.32;5323375
20110322;44.36;45;44.14;44.75;6754568
20110323;44.62;45.11;44.46;45.02;6121973
20110324;45.25;45.61;44.72;45.59;6436121
20110325;45.56;45.61;45.13;45.59;6162295
20110328;45.54;46.1;45.51;45.72;5354252
20110329;45.69;45.99;45.34;45.65;5013398
20110330;46.06;46.29;45.72;45.91;5545562
20110331;45.83;46.01;45.11;45.2;6942152
20110401;45.7;45.77;45.2;45.36;5883325
20110404;45.61;45.63;45.15;45.42;4364520
20110405;45.24;45.61;45.1;45.42;5797794
20110406;45.59;46.41;45.52;46.28;8121353
20110407;46.2;46.37;45.71;46.16;7494801
20110408;46.24;46.49;45.94;46.28;5336273
20110411;46.36;46.95;46.24;46.38;5780751
20110412;46.22;46.43;45.82;46.02;5964775
20110413;46.32;46.59;45.82;46.1;5541668
20110414;45.92;46.11;45.6;45.88;4965585
20110415;46.1;46.49;45.86;46.25;6838161
20110418;45.85;46.19;45.27;46.06;7029320
20110419;46.1;46.83;45.81;46.64;7587140
20110420;46.89;47.48;46.76;47;8312853
20110421;46.47;47.31;45.62;47.11;11852458
20110425;47.19;47.5;47.02;47.05;5015431
20110426;47.1;47.24;46.77;47.1;5479916
20110427;47.15;47.72;46.93;47.62;4901135
20110428;47.55;48.57;47.25;48.52;8522275
20110429;48.33;49.15;48.31;49.08;8551562
20110502;49.37;49.81;49.35;49.65;8953324
20110503;49.66;50.09;49.6;49.9;8810194
20110504;49.95;50;49.4;49.7;8264545
20110505;49.53;49.96;49.24;49.52;9300012
20110506;49.9;50.47;49.82;50.2;8669649
20110509;50.06;50.42;49.93;50.19;6295870
20110510;50.42;50.46;49.94;50.17;6521220
20110511;50.14;50.2;49.74;49.83;6510573
20110512;49.79;49.8;49.22;49.54;7901433
20110513;49.77;49.99;49.3;49.49;8198068
20110516;49.42;50.61;49.17;50.07;7250763
20110517;49.94;50.8;49.75;50.76;7721508
20110518;50.79;51.1;50.55;51.06;7241295
20110519;51.19;51.93;51.1;51.82;6947862
20110520;51.75;51.97;51.05;51.19;7404184
20110523;50.74;51.26;50.44;51.12;6479313
20110524;51.15;51.38;50.48;50.56;8052541
20110525;50.44;50.69;49.79;50.41;5735207
20110526;50.15;50.91;50.14;50.68;6092814
20110527;50.83;51.23;50.7;51.13;3169424
20110531;51.39;51.7;51.07;51.6;4981704
20110601;51.31;51.33;49.87;49.91;8085058
20110602;49.99;50.46;49.48;50.09;6676638
20110603;49.45;49.84;49.04;49.28;5472240
20110606;49.13;49.33;48.43;48.78;6652014
20110607;49.05;49.38;48.68;48.89;5508169
20110608;48.83;49.3;47.93;48.1;7862240
20110609;48.02;49.01;47.91;48.33;6992408
20110610;48.2;48.29;47.33;47.74;6814087
20110613;47.96;48.31;47.62;48.24;5723853
20110614;48.54;49.14;48.04;48.15;6280227
20110615;47.94;47.94;46.96;47.28;8333190
20110616;47.25;48.53;46.92;48.41;9019418
20110617;48.68;48.76;48.08;48.5;8348686
20110620;48.35;49.35;48.15;48.88;4944615
20110621;49.02;49.69;48.71;49.55;5373445
20110622;49.55;50.15;49.11;49.85;7046133
20110623;49.35;49.47;48.5;49.21;7320401
20110624;49.3;49.36;48.3;48.34;10193322
20110627;48.49;49.78;48.37;49.54;5625860
20110628;49.67;49.99;49.41;49.82;5472112
20110629;49.84;51.04;49.3;50.92;9856489
20110630;50.97;51.82;50.17;51.7;7579002
20110701;51.69;52.5;51.57;52.34;6348526
20110705;52.27;52.63;52.23;52.33;5405924
20110706;52.21;52.86;51.82;52.76;5926012
20110707;52.78;53.8;52.74;53.59;5951620
20110708;52.95;53.1;52.56;53.07;5228020
20110711;52.5;52.86;52.11;52.27;5342323
20110712;52.92;53.36;52.38;52.4;6905631
20110713;52.57;53.1;51.88;51.95;6655461
20110714;52.24;52.43;51.3;51.38;6636828
20110715;51.6;52.08;51.02;51.81;6401054
20110718;51.5;51.67;50.54;51.33;5099474
20110719;51.74;52.62;51.19;51.81;8133488
20110720;52.17;52.7;51.61;52.09;7114290
20110721;52.23;53.28;51.92;52.58;10793781
20110722;52.99;53.03;52.04;52.24;6066254
20110725;51.66;52.3;51.43;51.81;3730307
20110726;51.71;51.89;51.15;51.57;3911414
20110727;51.24;51.26;50.41;50.48;5806335
20110728;50.6;51.28;50.44;50.55;4037921
20110729;50.13;50.37;49.54;50.04;6893877
20110801;50.49;50.61;49.28;50.02;4934777
20110802;49.39;49.97;48.5;48.52;7069892
20110803;48.49;48.94;47.53;48.86;6956457
20110804;48.05;48.41;46.75;46.84;13242957
20110805;47.42;48.28;46.46;47.21;18172958
20110808;45.85;46.77;42.78;43.04;21466575
20110809;43.58;46.13;42.03;46.1;21213571
20110810;44.7;45.04;42.73;42.8;16769584
20110811;43.22;45.78;43;45.07;13960632
20110812;45.92;46.74;44.62;44.89;9957208
20110815;45.16;45.98;45.02;45.82;7285400
20110816;45.19;45.86;44.53;44.89;8114614
20110817;45.27;45.9;45.11;45.86;7766045
20110818;44.3;44.44;43.65;44.28;14953136
20110819;43.86;45.15;43.78;44.47;12829587
20110822;45.2;45.46;44.4;44.6;7938654
20110823;44.7;46.43;44.16;46.42;9316616
20110824;46.42;48.24;46.23;48.08;8589443
20110825;48.74;49.28;47.2;48.09;10955743
20110826;47.93;48.79;47.04;48.48;7169475
20110829;49.21;49.35;48.32;48.55;9207942
20110830;48.37;49.06;47.63;48.66;7460397
20110831;49;49.98;48.82;49.71;7974814
20110901;49.64;49.99;49.31;49.5;10278327
20110902;48.67;49.23;48.11;48.51;8755573
20110906;47.25;48.17;47.13;48.06;8361135
20110907;48.73;49.98;48.69;49.98;7805625
20110908;49.22;50.53;49.1;49.53;7798123
20110909;49.08;49.24;47.14;47.28;11081182
20110912;46.34;47.63;46.13;47.46;9717426
20110913;47.56;48.09;46.99;47.9;6061610
20110914;48.16;49.61;47.24;48.99;7407079
20110915;49.62;49.75;48.61;49.36;7058913
20110916;49.63;50.18;49.45;50.12;9312381
20110919;49.26;49.44;48.22;48.68;8114584
20110920;48.98;49.98;48.76;49.27;6045029
20110921;49.39;50.35;48.18;48.23;8661345
20110922;47.25;48.12;45.84;46.63;12460715
20110923;46.19;46.62;45.58;46.45;9061410
20110926;46.85;47.62;45.86;47.56;8518683
20110927;48.65;48.66;46.75;47.08;9141861
20110928;47.45;48.03;46.45;46.47;8672692
20110929;47.59;47.8;45.43;46.72;8372267
20110930;46.08;46.15;44.87;44.9;7877959
20111003;44.52;45.48;43.47;43.48;9185457
20111004;42.51;43.56;41.3;43.43;17891162
20111005;43.45;43.62;42.59;43.41;12080637
20111006;43.3;44.52;42.66;44.43;10198139
20111007;44.67;44.89;43.27;43.43;11193703
20111010;44.45;45.49;44.45;45.45;7589280
20111011;45.27;46.11;44.77;45.76;6350031
20111012;46.11;47.65;45.99;47.03;10596158
20111013;46.4;46.71;45.91;46.33;7283946
20111014;47.18;47.22;44.98;46.1;9613156
20111017;45.87;46.15;45.02;45.12;7611892
20111018;45.21;47.04;45;46.68;9095670
20111019;46.71;46.99;46.01;46.13;9102033
20111020;45.5;46.29;44.69;46.19;12223396
20111021;46.86;48.47;46.86;48.46;14151504
20111024;48.32;50.24;48.32;49.92;11165603
20111025;49.51;50.3;49.24;49.42;12728689
20111026;50;50.84;49.42;50.45;10908900
20111027;51.57;52.35;51.06;52.06;12098835
20111028;51.48;52.21;51.41;52.1;7379614
20111031;51.32;52.04;50.59;50.62;8020299
20111101;49.58;50.13;48.91;48.99;9820032
20111102;49.87;50.86;49.74;50.32;7349466
20111103;50.78;51.82;50.05;51.68;7776933
20111104;51.27;51.42;50.51;51.18;5287782
20111107;50.87;51.33;50.28;51.25;4457990
20111108;51.56;51.6;50.7;51.34;6586387
20111109;50.39;50.64;49.05;49.21;8047024
20111110;49.85;49.94;48.73;49.09;6266220
20111111;49.97;50.58;49.72;50.37;5314274
20111114;49.79;50.11;49.04;49.45;4319787
20111115;49.23;50.39;49.02;49.95;5465737
20111116;49.29;49.52;48.01;48.12;7570387
20111117;48.03;48.21;46.36;46.7;9222981
20111118;46.95;47.1;46.38;46.88;5316182
20111121;46.15;46.39;45.5;46.06;8207367
20111122;46.01;46.31;45.53;46;5975141
20111123;45.5;45.69;44.95;45.1;7219953
20111125;44.86;45.4;44.7;45;2747998
20111128;46.07;46.56;45.55;46.01;9049170
20111129;46.15;46.26;45.49;45.55;6688712
20111130;47.11;48.07;46.8;48.04;12253012
20111201;47.7;48.09;47.39;47.79;6534105
20111202;48.34;49.02;48.14;48.23;7007332
20111205;49.16;49.31;48.36;48.78;6106525
20111206;48.88;48.98;48.42;48.56;5531641
20111207;48.17;49.39;47.67;49.16;6522932
20111208;48.83;49.01;47.63;47.81;6940388
20111209;48.54;49.04;48.14;48.8;7020049
20111212;48.19;48.26;47.41;47.89;5167869
20111213;48.57;48.64;46.94;47.39;7377475
20111214;46.84;47.49;46.81;47.08;6965628
20111215;47.62;47.72;46.34;46.42;7172831
20111216;46.84;47.37;46.64;46.88;11978247
20111219;46.87;47.08;45.89;46.04;5270921
20111220;46.69;48.1;46.63;47.92;7589500
20111221;48.12;48.49;47.23;47.49;6236355
20111222;47.74;48;47.29;47.63;5871963
20111223;47.73;47.96;47.36;47.95;3125515
20111227;47.96;48.17;47.6;47.66;2660722
20111228;47.73;47.8;46.84;46.97;3830028
20111229;47.17;47.57;46.99;47.52;2898496
20111230;47.65;47.69;47.16;47.17;3332968
20120103;48.3;48.96;48.14;48.39;6955430
20120104;48.02;48.38;47.4;48.24;4847683
20120105;47.84;49.25;47.7;48.8;6095070
20120106;48.87;48.97;48.05;48.27;4894993
20120109;48.32;48.7;48.12;48.39;5273249
20120110;48.96;49.12;48.28;48.67;6838592
20120111;48.45;49.08;48.2;48.95;4497613
20120112;49.19;49.69;48.95;49.65;5693307
20120113;49.13;49.8;48.82;49.76;5742427
20120117;49.59;50.45;49.59;50.22;6533827
20120118;50.13;50.97;49.95;50.56;7301933
20120119;50.71;51;50.46;50.95;6427764
20120120;49.13;50.08;48.84;50.04;12746983
20120123;50.02;50.64;49.24;49.44;7326771
20120124;49.1;49.6;48.9;49.23;5475942
20120125;49.4;50.5;49.25;50.17;6667311
20120126;50.37;50.68;49.72;49.98;6220991
20120127;49.67;50.28;49.67;49.85;5398222
20120130;49.43;49.46;48.9;49.12;5491749
20120131;49.5;50.19;49.17;50.14;6896557
20120201;50.37;50.94;50.27;50.62;6105937
20120202;50.72;51.43;50.6;51.16;6458354
20120203;51.85;52.45;51.78;52.25;8171835
20120206;51.88;52.12;51.36;51.81;5664222
20120207;51.53;52.61;51.53;52.13;5944760
20120208;51.84;52.09;51.42;51.64;6073253
20120209;51.85;52.6;51.83;52.31;7263430
20120210;51.82;52.2;51.53;51.81;4077621
20120213;52.24;52.3;51.85;52.07;3631888
20120214;52.02;52.17;51.5;51.96;4794635
20120215;52.42;52.42;51.38;51.52;5480476
20120216;51.54;53.03;51.5;52.87;8042998
20120217;53.31;53.31;52.68;52.86;5157911
20120221;52.72;52.99;52.53;52.85;5082619
20120222;52.77;53.09;52.71;52.79;4829700
20120223;52.79;53.03;52.46;52.67;4345833
20120224;52.93;53.42;52.79;53.33;4985298
20120227;52.93;54.45;52.62;54.18;6781655
20120228;53.57;53.97;53.07;53.76;7067735
20120229;53.46;53.84;52.57;52.89;10160470
20120301;53.03;53.88;52.93;53.57;5400042
20120302;53.56;53.58;52.83;52.99;4751655
20120305;52.65;53.01;52.31;52.97;6074668
20120306;52.42;52.54;51.54;51.74;6109914
20120307;51.84;52.41;51.76;52.27;5116034
20120308;52.74;53.09;52.49;52.95;4341090
20120309;53.03;53.47;52.81;53.2;4329740
20120312;53.2;53.24;52.51;52.77;3983131
20120313;53.17;54.25;52.75;54.25;6954147
20120314;54.66;56.28;54.46;56.15;12001827
20120315;56.06;56.76;55.66;56.72;7985514
20120316;57.31;57.38;56.43;56.55;11287427
20120319;56.6;57.5;56.41;57.27;5605039
20120320;56.72;57.24;56.53;56.91;5450466
20120321;57.08;57.5;56.91;57.05;6034091
20120322;56.78;57.55;56.45;57.29;6048062
20120323;57.28;57.53;56.87;57.25;4420470
20120326;57.75;58.75;57.6;58.66;6341658
20120327;59;59.18;58.21;58.22;5682997
20120328;58.38;59.26;58.38;59.06;7926315
20120329;58.28;58.44;57.24;57.89;7397771
20120330;58.18;58.31;57.53;57.86;5779653
20120402;57.9;58.33;57.48;58.01;6674154
20120403;57.89;58.5;57.75;58.39;5782894
20120404;57.98;58.09;57.21;57.37;5107898
20120405;57.23;58.2;57.21;58.1;4411802
20120409;57.22;57.37;56.82;57.16;4259416
20120410;57.1;57.59;56.14;56.18;6739670
20120411;56.8;57.16;56.65;56.95;6449795
20120412;57.04;58.07;56.73;58.04;4881325
20120413;58.01;58.09;57.18;57.28;5574905
20120416;57.73;58.06;57.06;57.83;6443981
20120417;57.96;58.39;57.65;58.18;5198364
20120418;58.16;58.7;57.95;58.04;5670586
20120419;57.72;58.31;57.1;57.57;7207714
20120420;57.52;57.82;57.18;57.45;7844601
20120423;56.96;57.39;56.5;57.32;6168161
20120424;57.24;57.76;57.09;57.63;5401593
20120425;57.94;59;57.83;58.91;8184680
20120426;58.85;59.73;58.75;59.59;6169162
20120427;59.85;60.96;59.83;60.17;12648882
20120430;60.05;60.31;59.75;60.21;7902441
20120501;59.95;61.17;59.67;60.97;10333118
20120502;60.5;61.42;60.33;61.05;8131939
20120503;61.13;61.33;60.38;60.86;6919519
20120504;60.68;60.71;60.04;60.1;6152252
20120507;60.06;60.65;59.91;60.1;4409454
20120508;59.86;60.2;59.16;59.89;6123107
20120509;59.17;59.99;58.93;59.46;7832741
20120510;59.87;59.95;59.27;59.42;4137589
20120511;59.17;60.07;59;59.64;4185569
20120514;59.02;59.44;58.38;58.42;5653815
20120515;58.42;58.87;57.78;57.94;5090102
20120516;58.34;58.79;57.35;57.39;5261844
20120517;57.37;57.43;55.62;55.65;8428546
20120518;55.74;55.84;55.05;55.4;8783659
20120521;55.82;56.52;55.56;56.33;4568836
20120522;56.48;57.24;56.04;56.35;5858577
20120523;55.82;56.1;54.8;55.97;6549722
20120524;55.99;56.36;55.69;56.34;4486081
20120525;56.28;56.36;55.62;55.81;3264262
20120529;56.25;56.78;55.94;56.56;4129226
20120530;55.84;55.99;55.28;55.46;5271951
20120531;55.58;56.16;55.02;55.83;5436417
20120601;54.62;55.32;53.18;53.43;8749446
20120604;53.47;54.11;53.2;53.51;6101961
20120605;53.46;54.1;53.24;53.98;6156304
20120606;54.61;55.38;54.23;55.38;5329412
20120607;56.06;56.37;55.11;55.24;5340638
20120608;55.13;55.86;54.84;55.86;4001175
20120611;56.46;56.61;55.05;55.1;5173422
20120612;55.16;56.54;55;56.48;7007303
20120613;56.15;56.5;54.87;55.1;6096264
20120614;55.11;55.27;54.47;55.05;7000037
20120615;55.48;56.33;55.11;56.28;8153335
20120618;56.09;56.3;55.55;55.85;4635408
20120619;56.19;57.16;56.07;56.94;4816934
20120620;57.12;57.87;56.91;57.44;5206451
20120621;57.59;57.87;56.22;56.32;4811226
20120622;56.81;57.1;56.41;56.79;6270479
20120625;56.29;56.52;55.78;56.05;4025690
20120626;56.01;56.34;55.6;56.11;4095248
20120627;56.34;56.96;56.28;56.88;3281634
20120628;56.4;56.77;55.68;56.69;4011974
20120629;57.65;58.21;57.63;58.21;5339053
20120702;58.51;59.11;58.36;59.05;4257681
20120703;58.72;59.46;58.55;59.41;2280293
20120705;59.14;59.73;58.72;59.25;3788900
20120706;58.54;59.07;58.38;58.63;3061168
20120709;58.49;58.61;58.01;58.41;3642455
20120710;59.04;59.69;58.13;58.39;5340013
20120711;58.29;58.29;57.46;58.08;5591969
20120712;57.47;57.5;56.56;56.93;6215401
20120713;57.02;57.97;56.96;57.93;5009646
20120716;58.06;58.95;57.7;58.64;6608848
20120717;59.22;59.22;57.67;58.68;4346123
20120718;58.29;58.97;58.12;58.29;5318949
20120719;57.66;57.66;55.31;56.23;13371307
20120720;55.92;56.5;55.62;55.81;5108501
20120723;54.73;55.96;54.35;55.73;5926988
20120724;55.71;55.92;55.05;55.63;6563489
20120725;55.82;56.28;55.3;56.05;5222529
20120726;56.87;57.87;56.61;57.76;7456942
20120727;58.06;58.78;57.44;58.53;5309161
20120730;58.53;59.07;58.2;58.29;5616656
20120731;58.19;58.34;57.22;57.71;5308193
20120801;57.52;57.86;56.75;56.8;4668183
20120802;56.38;56.71;55.89;56.49;4880034
20120803;57.2;57.79;57;57.61;4633703
20120806;57.81;57.98;57.08;57.1;4254060
20120807;57.38;58.14;57.37;57.64;4095902
20120808;57.53;58.38;57.36;57.91;4531888
20120809;57.55;57.67;56.29;56.47;6596141
20120810;56.22;56.3;55.4;55.85;6777767
20120813;55.77;56.24;55.37;56.13;3783768
20120814;56.37;56.78;55.95;56.08;2870975
20120815;56.07;56.9;55.95;56.66;3258433
20120816;56.74;57.54;56.66;57.37;5131014
20120817;57.51;57.67;57.08;57.59;3749949
20120820;57.37;57.37;56.63;56.9;5034611
20120821;57;57.15;56.46;56.6;5365390
20120822;56.54;57.07;56.38;56.82;4378225
20120823;56.6;56.8;56.36;56.42;3693045
20120824;56.42;57.6;56.3;57.49;4224828
20120827;57.6;57.86;57.2;57.42;3731879
20120828;57.18;57.81;56.96;57.56;2576002
20120829;57.59;57.76;57.18;57.42;3162844
20120830;57.21;57.46;56.62;57.17;3382828
20120831;57.55;58.44;57.05;58.3;4735984
20120904;58.31;58.86;57.96;58.61;4470100
20120905;58.41;58.59;57.01;57.19;6867622
20120906;57.52;58;57.23;57.41;7406196
20120907;57.36;57.85;57.07;57.73;3894443
20120910;57.89;58.03;57.47;57.52;3546062
20120911;57.29;57.48;56.8;57.23;4816031
20120912;57.18;57.77;57.02;57.27;4390719
20120913;57.39;59.29;57.25;59.05;7828366
20120914;59.24;59.3;58.85;59.27;6605553
20120917;59.25;59.37;59.02;59.18;4176901
20120918;58.93;58.99;58.57;58.67;5015874
20120919;58.63;59.04;58.52;58.67;3433768
20120920;58.4;58.83;58.04;58.34;5914634
20120921;58.45;58.58;57.86;57.86;6989506
20120924;57.56;57.84;57.41;57.67;5400393
20120925;57.8;58.27;57.1;57.13;4880344
20120926;57.14;57.23;56.06;56.14;5198558
20120927;56.66;56.82;56.05;56.57;6122547
20120928;56.46;57.21;56.15;56.86;5444278
20121001;57.18;58.39;57.18;57.73;4868801
20121002;57.99;58.23;56.96;57.18;4481765
20121003;57.16;57.56;56.85;57.4;4539880
20121004;57.8;58.67;57.63;58.37;3811253
20121005;58.66;58.73;58.18;58.56;4761539
20121008;58.49;58.89;58.34;58.82;3231973
20121009;58.88;59;58.11;58.24;4296780
20121010;58.41;58.69;57.76;57.97;3936090
20121011;58.3;58.6;58.15;58.47;3889622
20121012;58.34;58.5;57.46;57.89;4401554
20121015;57.78;57.98;57.32;57.59;5762141
20121016;57.89;58.72;57.89;58.63;4523929
20121017;58.91;59.4;58.66;59.37;5457783
20121018;58.83;58.97;57.38;57.61;9677049
20121019;57.65;57.7;56.51;56.86;8127248
20121022;56.76;57.1;56.22;56.74;5003102
20121023;56.19;56.27;55.36;55.38;8745877
20121024;55.61;55.95;55.08;55.23;5726875
20121025;55.55;55.67;54.95;55.44;3648876
20121026;55.48;56.09;55.33;55.75;5575955
20121031;55.96;56.06;55.37;55.97;5707009
20121101;56.15;57.12;55.99;56.85;6967018
20121102;57.39;57.43;56.62;56.71;6107241
20121105;56.21;56.49;55.85;56.36;3748271
20121106;56.54;57.48;56.47;57.19;5092989
20121107;56.63;56.63;55.27;55.57;7766643
20121108;55.6;56.29;55.5;55.56;4531919
20121109;55.6;56.37;55.52;55.83;4701009
20121112;56;56.1;55.33;55.52;3291749
20121113;55.06;55.52;54.71;54.74;4567615
20121114;54.76;55;53.47;53.65;5839365
20121115;53.59;53.95;53.02;53.64;4753106
20121116;53.59;54.57;53.58;54.3;6563193
20121119;54.81;55.27;54.68;55.23;7380235
20121120;55.09;55.88;54.92;55.86;4039357
20121121;55.97;56.17;55.8;55.98;3461374
20121123;56.19;56.55;56.09;56.51;1487595
20121126;56.25;56.34;55.47;55.69;5184025
20121127;55.46;55.72;54.35;54.44;9897625
20121128;54.16;55.6;54.16;55.51;7215992
20121129;55.75;56.26;55.52;55.92;4587919
20121130;55.86;56.09;55.71;55.9;5718768
20121203;56.09;56.53;55.93;55.99;4955722
20121204;55.9;56.19;55.47;55.84;3912237
20121205;55.89;56.66;55.75;56.4;5667500
20121206;56.3;56.33;55.88;56.12;3854365
20121207;56.25;56.64;56.2;56.61;3689211
20121210;56.67;56.95;56.42;56.75;3783968
20121211;57;57.59;56.92;57.06;4343155
20121212;57.35;58.35;57.18;57.67;5942456
20121213;57.66;58;57.5;57.72;4726104
20121214;57.51;57.65;56.51;56.65;5063134
20121217;56.9;57.35;56.79;57.27;5799282
20121218;57.75;58.22;57.61;57.82;7185013
20121219;57.42;57.69;56.74;56.79;6773114
20121220;56.89;57.41;56.82;57.4;5641715
20121221;57.19;57.81;56.36;57.65;11466538
20121224;57.55;57.94;57.44;57.53;2192733
20121226;57.62;57.71;57.06;57.13;3389111
20121227;57.16;57.25;55.88;56.69;5292224
20121228;56.44;57.04;56.37;56.67;4093927
20121231;56.47;57.49;56.24;57.48;5606466
20130102;58.33;58.95;58.31;58.75;6091498
20130103;58.8;59.26;58.63;59;5018524
20130104;59.08;59.66;58.46;59.61;4017102
20130107;59.28;59.99;59.28;59.86;3859689
20130108;59.68;60.32;59.53;60.2;4962096
20130109;60.42;60.9;60.15;60.26;5885535
20130110;60.44;60.79;60.09;60.79;6545460
20130111;60.5;61.97;60.31;61.24;10493482
20130114;60.78;61.39;60.71;61.21;5176552
20130115;60.15;60.84;60.03;60.76;6399068
20130116;60.82;60.85;60.48;60.62;4021737
20130117;61.1;61.2;60.58;60.74;4688877
20130118;59.87;60.28;58.9;59.78;9936300
20130122;59.62;59.9;59.01;59.4;7228354
20130123;59.22;59.29;58.8;58.93;6265310
20130124;59.14;59.51;59.01;59.3;5431338
20130125;59.57;59.7;59.19;59.5;4124428
20130128;59.36;59.55;58.7;59.07;5216214
20130129;59.08;59.57;58.95;59.45;5533439
20130130;59.24;59.67;59.16;59.33;5895468
20130131;59.37;59.82;58.81;58.81;5941572
20130201;59.33;60.12;59.3;59.91;6037103
20130204;59.46;59.74;59.21;59.41;4618557
20130205;59.78;60.9;59.68;60.66;6393924
20130206;59.93;60.81;59.93;60.56;6304547
20130207;60.56;62.34;60.55;62.14;11979687
20130208;62.06;62.33;61.48;61.8;6734994
20130211;61.7;62.05;61.36;61.98;3436008
20130212;62.09;62.56;61.95;62.2;4255159
20130213;62.45;62.76;61.89;62.1;3408905
20130214;62.08;62.65;61.83;62.34;4433246
20130215;62.57;62.68;61.43;61.69;5355442
20130219;61.67;62.4;61.67;62.28;3599689
20130220;62.06;62.47;61.87;61.91;5532971
20130221;61.87;62;61.14;61.54;5288041
20130222;61.86;62.58;61.79;62.57;5197361
20130225;62.77;63;61.99;62.02;8626897
20130226;62.06;62.18;61.55;61.92;5938052
20130227;61.73;62.6;61.63;62.5;4757140
20130228;62.43;62.65;61.88;62.15;5366723
20130301;61.84;62.49;61.51;62.37;5266056
20130304;62.22;63;62.04;62.89;4688346
20130305;63.26;64.42;63.06;64.12;7317873
20130306;64.41;64.94;64.35;64.65;5780885
20130307;64.73;64.88;64.14;64.56;4446677
20130308;64.66;64.76;63.67;64.7;5810008
20130311;64.73;65.62;64.71;65.5;5307952
20130312;65.63;65.79;65.06;65.29;5304772
20130313;65.24;65.6;65.12;65.3;4203812
20130314;65.42;65.75;65.29;65.38;3761146
20130315;65.64;66.43;65.34;66.09;10269034
20130318;65.06;66.13;64.76;65.78;4880320
20130319;65.99;66.14;64.8;65.13;4587410
20130320;65.45;66.13;65.45;66;4137770
20130321;65.83;65.99;65.25;65.41;3600096
20130322;65.59;66.35;65.54;66.22;3860829
20130325;66.59;66.77;65.82;66.1;6599382
20130326;66.4;67.24;66.37;67.17;4296016
20130327;66.6;67.26;66.6;67.15;2905064
20130328;67.31;67.48;67;67.46;4355496
20130401;67.42;67.75;67.01;67.26;3012629
20130402;67.38;67.76;67.1;67.64;3921782
20130403;67.66;67.69;66.04;66.25;5102025
20130404;66.42;66.96;66.3;66.73;3634398
20130405;65.77;65.8;64.77;65.3;6898242
20130408;65.56;65.78;65.13;65.6;4662225
20130409;65.64;65.68;65.15;65.22;4882274
20130410;65.45;65.58;65.36;65.4;7884960
20130411;65.47;65.93;65.2;65.74;6357698
20130412;65.46;65.85;65.18;65.68;3967929
20130415;65.53;65.6;64.09;64.1;7009304
20130416;64.5;65.05;64.27;64.59;6200406
20130417;64.12;64.31;63.43;64.13;6927697
20130418;64.04;65.89;63.64;65.04;10457930
20130419;65.33;67.25;65.33;67.24;8462013
20130422;67.12;67.25;66.25;66.66;5791530
20130423;66.81;67.54;66.64;67.45;4780216
20130424;67.41;67.62;67.04;67.42;4078199
20130425;67.75;69.05;67.64;68.13;5834140
20130426;68.12;68.41;67.57;67.75;4355754
20130429;68.01;68.2;67.61;67.63;2932961
20130430;67.88;68.48;67.6;68.41;4686785
20130501;68.25;68.85;68.16;68.28;3767224
20130502;68.43;69.47;68.37;69.38;3575826
20130503;69.92;71.09;69.9;70.23;6987378
20130506;70.22;70.58;69.95;70.06;4685226
20130507;70.07;70.46;69.96;70.24;4375021
20130508;69.92;70.42;69.57;70.31;3587475
20130509;70.25;70.51;69.71;70.21;3754829
20130510;70.16;70.25;69.66;70.08;3543084
20130513;70.09;70.21;69.34;69.79;5139397
20130514;69.95;71.61;69.85;71.51;6117658
20130515;71.33;73.04;71.33;72.78;5216257
20130516;72.61;72.95;72.13;72.23;3861519
20130517;72.28;73.38;72.26;73.32;4866760
20130520;73.31;74.54;73.22;74.4;5345587
20130521;74.47;75.46;74.4;75.11;5130971
20130522;75.43;77.01;74.28;74.44;12449460
20130523;73.88;74.99;73.61;74.69;7985123
20130524;74.09;75.35;73.98;75.27;5564003
20130528;75.91;77.12;75.89;76.16;7341675
20130529;75.8;76.66;75.39;75.83;5679253
20130530;76.02;76.9;75.92;76.14;5417344
20130531;76.13;77.39;75.71;75.71;7188612
20130603;75.89;76.67;75.63;76.47;6778086
20130604;76.5;77.24;75.96;76.06;5667771
20130605;75.98;76.28;74.64;74.76;6267278
20130606;74.75;76.25;74.64;76.24;5457462
20130607;76.68;78.12;76.45;78.04;6827944
20130610;77.98;78.61;77.69;78.28;4035313
20130611;77.61;77.85;76.5;76.52;5443579
20130612;76.94;77;74.68;74.72;7057259
20130613;74.46;75.26;73.79;75.21;6739212
20130614;74.79;74.98;72.72;72.97;8453689
20130617;73.69;74.22;73.39;73.84;6020826
20130618;74.08;75.47;74.03;74.98;5714675
20130619;74.92;75.1;74.19;74.23;5989460
20130620;73.76;74;72.81;72.92;5658329
20130621;73.38;73.79;72.37;73.31;7547492
20130624;72.57;72.84;71.68;72.01;6293049
20130625;72.63;73.65;72.56;73.23;4754300
20130626;73.64;74.25;73.33;73.9;4894827
20130627;74.38;75.43;74.38;75.12;4216892
20130628;75.01;75.33;74.33;74.76;7965245
20130701;75.53;76.46;75.43;75.64;5008504
20130702;75.43;76.29;74.3;74.62;5043301
20130703;74.02;74.78;73.91;74.58;3012072
20130705;75.31;76.37;75.12;76.31;4505458
20130708;76.91;77.81;76.85;77.04;5106797
20130709;77.74;77.95;77.08;77.61;3915474
20130710;77.39;77.57;75.94;76.33;4864725
20130711;77.54;77.62;76.56;76.94;5715100
20130712;77.33;78.45;77.29;78.33;4879600
20130715;78.61;78.63;77.5;77.85;4245560
20130716;78.09;78.34;77.75;78.27;4642051
20130717;75.35;77.45;74.62;76.8;16309980
20130718;75.44;75.75;73.86;74.01;10354102
20130719;73.62;74.74;73.47;74.06;8073788
20130722;74.43;75.2;74.21;74.72;5456610
20130723;75.03;75.18;74.36;74.41;4114774
20130724;74.85;76.07;74.75;75.36;6140092
20130725;75.06;75.81;75.03;75.77;4083712
20130726;75.5;75.55;74.41;75.34;3538188
20130729;75.16;75.36;74.33;75.06;3249375
20130730;75.48;75.54;74.83;75.19;3762171
20130731;75.15;75.86;73.47;73.77;10323171
20130801;74.53;76.1;74.51;75.63;5981331
20130802;75.62;75.73;75;75.69;2488503
20130805;75.47;76.04;75.21;75.93;2237069
20130806;75.87;76.1;75.47;75.81;2565951
20130807;75.46;75.71;74.85;75.14;3083919
20130808;75.79;77.27;75.48;76.19;3293582
20130809;76.18;76.36;75.01;75.5;3963605
20130812;75.11;75.61;74.89;75.49;2292606
20130813;75.49;76.44;74.89;76.23;2964929
20130814;76.04;76.43;75.75;75.88;2945521
20130815;75.27;75.43;74.62;74.88;3834457
20130816;74.86;75.35;74.65;75.17;4248237
20130819;75.12;75.21;74.3;74.34;3479003
20130820;74.41;74.67;73.8;74.27;2900821
20130821;74.01;74.33;73.25;73.44;2983131
20130822;73.66;74;73.4;73.86;2354898
20130823;73.87;74;73.13;73.65;2521379
20130826;73.76;74.47;73.43;73.61;2372305
20130827;72.8;72.93;71.77;71.91;3712581
20130828;71.7;72.34;71.54;72.01;2963188
20130829;71.81;72.62;71.58;72.22;2957050
20130830;72.15;72.24;71.47;71.91;3779472
20130903;72.59;73.41;72.14;72.43;3994061
20130904;72.52;73.5;72.23;73.14;2914696
20130905;73.16;74.23;72.89;73.8;3605800
20130906;73.92;74.02;72.4;73.35;3369196
20130909;73.59;73.81;73.15;73.66;3190717
20130910;74.22;74.66;74;74.6;3269145
20130911;74.7;75.22;74.4;75.18;3299329
20130912;75.29;75.61;74.97;75.29;2502216
20130913;75.58;75.75;75.07;75.3;2664414
20130916;76.34;76.43;75.44;75.6;4541649
20130917;75.6;77;75.6;76.92;4047119
20130918;76.99;77.81;76.54;77.64;4135979
20130919;77.81;77.9;77.15;77.57;3998910
20130920;77.62;77.89;77.15;77.32;10120123
20130923;77.29;77.66;76.13;76.44;4079381
20130924;76.39;76.94;75.96;76.07;3020128
20130925;76.13;76.56;75.62;75.99;3090317
20130926;76;77;75.78;76.32;2926950
20130927;76.06;76.09;75.43;75.89;2522523
20130930;74.97;75.85;74.64;75.52;3330490
20131001;75.64;76.01;75.45;75.93;2970703
20131002;75.13;75.29;74.17;74.58;4363610
20131003;74.11;74.29;73.3;74.02;4364703
20131004;73.88;74.33;73.61;74.31;2883534
20131007;73.5;73.53;72.9;72.94;3320417
20131008;73.03;73.1;72.13;72.22;3951464
20131009;72.38;72.71;72.08;72.22;4701450
20131010;73.19;74.67;73.01;74.66;3769850
20131011;74.67;75.44;74.41;75.4;3913859
20131014;75.33;76.11;75.1;76.07;3017164
20131015;75.63;76.36;75.23;75.25;4114310
20131016;75.64;76.75;75.45;76.32;6468191
20131017;77.94;80.4;77.8;80.23;10372383
20131018;80.11;80.68;79.31;80.52;7598375
20131021;80.47;80.99;80.31;80.4;3691526
20131022;80.77;81.17;80.43;80.87;3300010
20131023;80.56;80.82;80.01;80.63;2895056
20131024;80.77;81;80.45;80.9;3181810
20131025;80.76;82.67;80.76;82.61;6291115
20131028;82.72;83.14;82.03;82.76;4566061
20131029;83.12;83.74;82.93;83.66;3485304
20131030;83.7;83.83;82.8;83.1;3747903
20131031;82.79;82.99;81.69;81.8;5638802
20131101;82.12;82.64;81.79;82.16;3358873
20131104;82.41;82.64;81.75;81.93;2651283
20131105;81.63;82.13;81.09;81.9;2598070
20131106;82.55;82.6;81.82;82.12;2636880
20131107;82.33;82.6;80.88;80.92;3485963
20131108;81.31;81.95;81.08;81.78;4369510
20131111;81.59;81.68;81.19;81.4;2224187
20131112;81.23;81.35;80.58;81.03;2237273
20131113;80.57;81.47;80.22;81.44;2828191
20131114;81.61;81.91;81.35;81.89;2284072
20131115;83.03;83.26;82.37;82.8;4439659
20131118;82.85;82.98;82.16;82.34;3104783
20131119;82.38;82.88;82.27;82.46;2775011
20131120;82.96;83.42;81.96;82.25;3511744
20131121;82.63;84;82.57;83.95;4355359
20131122;83.92;83.93;83.37;83.85;2690261
20131125;84.32;84.76;84.08;84.59;3657829
20131126;84.75;85.59;84.7;85.09;4897289
20131127;85.26;85.66;84.98;85.59;2520022
20131129;85.88;86.19;85.51;85.8;2144567
20131202;86.02;86.53;85.16;85.29;3623462
20131203;84.89;85.33;84.2;84.61;3546119
20131204;84.21;85.24;83.76;84.5;3588807
20131205;84.27;84.99;84.15;84.54;3677829
20131206;85.59;86.09;85.35;85.93;2666576
20131209;86.17;86.4;85.35;85.75;2436507
20131210;85.38;85.74;85.08;85.29;2362757
20131211;85.28;85.67;83.81;83.9;3782340
20131212;83.78;84.28;83.21;83.3;3574325
20131213;83.32;83.92;83.23;83.68;3596186
20131216;83.96;84.97;83.96;84.52;3599041
20131217;84.71;84.72;83.99;84.11;2896919
20131218;84.3;86.12;83.55;85.99;5332346
20131219;85.94;86.53;85.91;86.41;3956320
20131220;86.71;87.78;86.44;87.57;6294709
20131223;88;88.58;87.94;88.31;3242658
20131224;88.34;88.74;88.19;88.69;1042661
20131226;88.9;89.23;88.76;89;1745279
20131227;88.82;89.51;88.82;89.19;1797438
20131230;89.19;89.62;89.14;89.59;1769019
20131231;89.87;90.79;89.52;90.73;3084500
20140102;90.9;91.08;89.38;89.45;5120019
20140103;89.15;90.08;88.63;89.74;3888564
20140106;89.7;90.25;89.38;89.7;2844831
20140107;90.17;90.7;89.01;89.36;4039511
20140108;88.66;89.64;88.66;89.41;3880302
20140109;89.89;89.93;88.07;88.88;3469242
20140110;89.26;89.56;88.1;88.55;2901681
20140113;88.52;89;86.88;86.99;5641388
20140114;87.08;87.45;86.07;87.12;4778234
20140115;87.46;88.53;87.08;88.25;4495476
20140116;88;88.24;87.26;87.78;3336545
20140117;91.83;93.62;90.55;90.97;15012583
20140121;91.97;92.71;89.64;90.59;7954764
20140122;90.64;91.42;90.62;91.13;3849166
20140123;90.49;90.49;88.68;89.17;5261291
20140124;88.56;89.37;86.66;86.95;6360684
20140127;87.15;87.77;85.71;85.72;5653519
20140128;85.85;87.18;85.6;86.64;4108711
20140129;86.29;86.9;85.43;85.55;3358104
20140130;86.45;86.98;86.07;86.62;4259912
20140131;85.28;85.91;84.91;85.02;4778814
20140203;84.99;85.42;82.77;82.86;5770127
20140204;83.19;84.71;82.63;84;5380458
20140205;83.51;84.12;82.95;83.72;3260150
20140206;84.5;85.76;84.32;85.69;5432386
20140207;85.96;87.17;85.78;87;4526594
20140210;87.83;88.96;87.5;88.34;5388045
20140211;88.36;88.84;88.17;88.58;3610805
20140212;88.69;89.05;88.4;89.02;2488737
20140213;88.37;88.98;88.01;88.9;2759782
20140214;88.86;89.27;88.26;89;2705492
20140218;88.8;89.14;88.29;89.02;3591615
20140219;88.89;90.32;88.75;88.84;4332272
20140220;88.8;89.23;88.12;89.01;4412162
20140221;89.06;89.41;88.56;88.75;3808678
20140224;88.79;90.43;88.79;89.92;3267762
20140225;90;90.37;89.15;89.91;2914759
20140226;90.16;90.69;89.21;89.73;4840187
20140227;89.65;90.43;89.51;90.29;3075588
20140228;90.25;92.14;90.09;91.28;4691121
20140303;90.6;90.63;89.16;89.97;3469406
20140304;91.05;92.68;91.03;92.61;3755559
20140305;92.59;92.59;91.91;92.14;3086478
20140306;92.56;93.64;92.36;93.52;3962682
20140307;94.11;94.35;93.36;93.86;3864611
20140310;93.62;93.88;93.14;93.7;2218705
20140311;93.83;93.88;93.03;93.2;1946279
20140312;92.68;92.92;91.9;92.9;2486089
20140313;93.2;93.48;90.41;90.69;3990350
20140314;90.55;91.22;89.64;90.17;3583900
20140317;90.51;91.73;90.49;91.26;3039966
20140318;91.27;91.97;91.13;91.59;2348331
20140319;91.67;91.96;90.28;90.73;3425706
20140320;90.48;91.9;90.23;91.69;3779744
20140321;92.78;93.72;91.36;91.52;6684544
20140324;91.64;91.75;90.29;91.01;2525775
20140325;91.37;91.9;90.63;90.84;2420122
20140326;91.36;91.69;89.63;89.66;3011622
20140327;89.7;90.43;89.27;89.99;3602751
20140328;90.27;91.56;90;90.46;3138927
20140331;91.08;91.94;89.88;90.03;5172409
20140401;90.4;91.23;90.21;91.17;2821615
20140402;90.85;91.09;90.13;90.4;2886716
20140403;90.67;91.2;90.4;90.98;2483562
20140404;91.17;91.4;89.07;89.17;2939772
20140407;89.03;89.43;86.55;86.6;5558259
20140408;86.63;86.8;85.58;86.49;3880357
20140409;86.9;88.72;86.64;88.72;3599617
20140410;88.47;88.75;85.3;85.36;5213765
20140411;84.9;85.45;83.99;84.54;4014277
20140414;85.09;86.34;84.04;85.5;4015913
20140415;85.87;86.73;84.32;86.04;3741860
20140416;86.84;87.48;86.48;87.4;4055995
20140417;87.16;87.92;85.1;86.22;9244808
20140421;86.38;86.86;86.16;86.67;3762330
20140422;86.71;87.44;86.43;87.07;3420444
20140423;87.01;87.64;86.67;87.13;3788218
20140424;87.26;87.98;86.91;87.41;3187102
20140425;87.02;87.3;86.62;87.03;4232260
20140428;87.44;87.58;85.85;87.06;4760553
20140429;87.34;87.95;87.19;87.79;2853035
20140430;87.61;87.66;86.96;87.43;4354497
20140501;87.53;87.58;86.33;86.82;4680412
20140502;86.77;87.31;86.41;86.93;3707385
20140505;86;87.42;85.75;87.36;3340078
20140506;87.25;87.25;86.08;86.2;3269355
20140507;86.79;88.05;86.11;87.98;4601515
20140508;87.88;89.28;87.66;88.62;4220350
20140509;88.46;89.03;88.13;88.84;2344736
20140512;89.42;89.97;89.32;89.66;2343786
20140513;89.65;90;89.04;89.09;2298535
20140514;89.17;89.43;88.31;88.46;2238503
20140515;88.2;88.58;87.11;87.6;3329234
20140516;87.6;87.76;86.9;87.5;3062417
20140519;87.18;88.22;87.11;88.12;2005193
20140520;87.82;88.05;86.86;87.09;2802816
20140521;87.57;88.14;87.38;87.86;2525553
20140522;87.79;88.39;87.55;88.15;2654758
20140523;88.11;88.86;88;88.78;1862385
20140527;89.6;91.47;89.35;91.39;5093826
20140528;91.31;91.36;90.63;91.06;2466846
20140529;91.12;91.3;90.53;91.28;2668484
20140530;91;91.68;90.89;91.5;3594761
20140602;91.79;92.11;91.43;91.89;2832071
20140603;91.61;91.85;91.27;91.73;2589094
20140604;91.59;91.9;91.33;91.81;2636958
20140605;91.92;93.21;91.53;92.8;3222994
20140606;92.94;94.94;92.82;94.91;4551113
20140609;95.08;95.88;94.65;95.57;3825234
20140610;95.09;95.39;94.68;95.28;2421970
20140611;94.94;95.26;94.64;95.08;1884535
20140612;95.35;95.48;94.36;94.76;2870488
20140613;94.95;95.17;94.38;94.85;1792975
20140616;94.36;94.75;93.84;94.37;2832531
20140617;94.37;95.2;94.01;94.66;2572316
20140618;94.75;95.59;94.08;95.56;2454768
20140619;95.46;95.7;94.53;95.07;3206376
20140620;95.58;96.04;95.03;95.54;5387379
20140623;95.33;95.75;94.79;95.51;2102451
20140624;95.09;95.55;94.25;94.43;2088726
20140625;94.26;95.21;94.2;94.64;2398358
20140626;94.83;94.94;93.54;94.3;2594797
20140627;94.25;95.05;94.13;94.93;3630657
20140630;95;95.34;94.55;94.87;2634267
20140701;95.42;96.24;95.28;95.35;3026313
20140702;95.19;95.78;95.06;95.21;1595457
20140703;95.58;95.94;95.22;95.84;1633771
20140707;95.5;95.66;95.12;95.4;1962805
20140708;94.92;95.01;93.57;94.57;2828746
20140709;95.44;95.55;94.41;94.74;2646347
20140710;93.55;94.81;93.16;94.46;2230008
20140711;94.27;94.59;93.75;94.47;2108544
20140714;95.23;95.58;94.43;94.54;2387991
20140715;94.79;95.16;94;94.45;3499169
20140716;94.81;95.09;94.27;94.47;2738019
20140717;93.96;94.7;92.91;92.99;3117458
20140718;93.32;93.93;93.1;93.53;3363043
20140721;93.29;93.4;92.38;92.88;2321810
20140722;93.51;94.06;93.22;93.37;2411581
20140723;93.19;93.59;92.82;93.28;1984801
20140724;93.33;93.62;92.85;93.15;3023420
20140725;92.74;93.07;91.58;91.93;3909866
20140728;91.9;92.03;90.9;91.86;4274196
20140729;91.83;92.23;91.51;91.71;4778288
20140730;92.11;92.32;90.04;90.91;5069546
20140731;90.07;90.26;87.99;88;7564147
20140801;87.41;87.74;85.75;86.47;12259111
20140804;86.6;87.24;86.45;86.93;5743766
20140805;86.65;87.02;85.89;86.36;5004396
20140806;86.04;86.79;86;86.4;4805926
20140807;86.79;87.14;85.89;86.02;4539209
20140808;86.09;87.51;85.91;87.47;4206909
20140811;87.92;88.16;86.94;86.95;3594371
20140812;87;87.09;86.7;87.08;3106640
20140813;87.44;88.07;87.16;87.4;2590641
20140814;87.5;87.8;87.1;87.27;3498785
20140815;87.78;87.88;86.23;86.6;3295617
20140818;87.29;87.48;86.98;87.16;2672035
20140819;87.58;88.28;87.45;88.12;3523886
20140820;88.01;88.65;87.9;88.49;3143040
20140821;88.64;89.33;88.59;89.14;3019283
20140822;88.89;89.51;88.83;88.88;2803133
20140825;89.56;90.22;89.32;89.59;3730046
20140826;89.61;89.93;89.08;89.15;2934587
20140827;89.25;89.59;88.99;89.24;2632512
20140828;88.84;89.33;88.61;89.02;3324915
20140829;89.37;89.7;89.09;89.55;2673218
20140902;89.9;90.13;89.28;89.72;3592108
20140903;90.13;90.49;90;90.14;2935072
20140904;90.11;90.46;89.42;89.65;2599473
20140905;89.64;89.74;89.02;89.61;2575907
20140908;89.4;89.83;88.62;88.93;3621528
20140909;88.85;88.9;87.75;87.9;4021206
20140910;88.1;88.66;88.01;88.41;3471011
20140911;88.01;88.6;87.88;88.42;2757034
20140912;88.18;88.3;87.44;87.64;4739054
20140915;88.35;88.35;87.11;87.38;3986981
20140916;87.16;88.7;86.88;88.36;5951014
20140917;88.61;89.56;88.33;89.07;4460724
20140918;89.33;90.59;89.31;90.1;4309814
20140919;90.68;90.68;89.42;89.7;7126551
20140922;89.58;90.09;88.9;88.99;3143756
20140923;88.55;89.26;88.23;88.31;3715997
20140924;88.47;88.65;87.87;88.52;5089940
20140925;88.51;88.82;86.76;86.76;5647980
20140926;87.16;88.67;86.95;88.37;4480408
20140929;87.63;88.03;87.14;87.95;3304057
20140930;88.2;88.32;87.35;87.54;3867066
20141001;86.9;87.31;85.51;85.81;4786195
20141002;86.39;86.5;85.06;85.87;4217094
20141003;86.66;87.31;86.22;87.16;4601352
20141006;87.68;87.97;86.76;87.03;3148903
20141007;86.45;86.45;85.33;85.35;3911200
20141008;85.41;87.47;85;87.41;4238301
20141009;87.33;87.98;85.82;85.89;5396567
20141010;85.78;86.7;84.99;84.99;4235195
20141013;84.76;85.25;82.61;82.78;5074088
20141014;83.27;83.39;82.51;82.74;6165129
20141015;81.3;81.79;78.41;80.93;9157767
20141016;80.29;81.47;78.81;80.24;9159291
20141017;80.91;84.52;80.9;82.58;9175404
20141020;82.79;84.1;82.63;84.01;5239508
20141021;84.7;85.66;84.44;85.64;4851088
20141022;85.62;85.87;83.93;83.96;5182245
20141023;85.13;85.85;84.87;85.61;5000415
20141024;85.69;86.43;85.59;86.4;3607992
20141027;86.01;86.75;85.76;86.63;3610616
20141028;87.07;88.01;86.96;88.01;3598445
20141029;88.24;88.99;87.65;88.34;4592580
20141030;88.59;89.49;88.2;88.74;5072891
20141031;89.94;90.6;89.37;89.95;6848648
20141103;90.32;91.21;90.22;90.85;3707864
20141104;90.62;91.43;90.5;91.38;3163147
20141105;91.76;92.45;91.76;92.42;3617568
20141106;92.13;92.2;91.11;91.58;6005814
20141107;91.71;92.48;91.23;92.26;3669206
20141110;92.21;92.43;91.85;92.4;2938704
20141111;92.28;92.59;91.49;91.74;2721039
20141112;91.16;91.67;91.1;91.55;3825498
20141113;91.7;91.7;90.94;91.07;3638009
20141114;91.07;91.24;90.35;90.67;2361616
20141117;90.24;90.26;89.65;90.13;2620647
20141118;90.21;90.93;90.03;90.58;2175744
20141119;90.3;90.76;90.02;90.5;2661218
20141120;89.83;90.91;89.82;90.62;2825692
20141121;91.66;91.68;90.3;90.39;4039198
20141124;90.8;91.17;90.21;91.04;3459501
20141125;91.2;91.58;90.76;91.4;3313706
20141126;91.71;91.71;90.93;91.45;2218222
20141128;91.61;92.55;91.58;92.42;3070020
20141201;92.07;92.63;91.66;92.14;3343013
20141202;92.6;93;92.32;93;3111915
20141203;92.61;93.12;91.05;91.25;5914963
20141204;91.85;91.85;91.19;91.83;4000235
20141205;92.29;92.86;92.05;92.65;2872575
20141208;92.68;93.89;92.4;93.56;4467741
20141209;92.19;93.4;91.98;93.36;4092664
20141210;92.86;93.69;92.56;92.75;4657969
20141211;93.11;94.62;92.95;93.13;4419092
20141212;92.4;93.02;90.94;91;4487604
20141215;91.44;91.58;89.15;90.04;4766746
20141216;89.37;90.79;88.19;88.24;4948750
20141217;88.56;90.57;88.34;90.44;5204350
20141218;91.7;93.21;91.49;93.17;4554192
20141219;92.96;93.91;92.35;92.9;7170302
20141222;92.99;93.66;92.83;93.62;2910765
20141223;93.7;94.28;93.65;93.82;2864817
20141224;93.96;94.79;93.96;94.08;1321515
20141226;94.2;94.8;94.2;94.29;1439897
20141229;94;94.89;94;94.27;1483010
20141230;94.23;94.46;94.03;94.27;1425054
20141231;94.65;94.75;93;93.04;2306225
20150102;93.17;93.94;92.14;93.02;2445836
20150105;92.46;92.78;90.32;90.56;3478969
20150106;90.79;90.9;87.94;88.63;4808755
20150107;91.01;91.01;89.53;90.3;5665151
20150108;91.44;91.81;91;91.58;3781465
20150109;91.58;91.8;90.24;90.42;3681672
20150112;90.5;90.94;89.08;89.5;3230688
20150113;90.27;91.14;88.43;89.23;3537553
20150114;87.44;88.42;86.25;87.07;6628395
20150115;87.5;88.03;84.55;85.88;5830949
20150116;85.54;86.21;84.74;86.04;6768738
20150120;86.46;87.72;86.42;87.26;6364082
20150121;87.56;87.72;86.77;87.67;7185651
20150122;84.5;86.12;83.5;84.37;16390070
20150123;84.43;85.32;83.96;84.13;7366126
20150126;83.78;84.3;83.12;83.3;6632753
20150127;82.5;83.28;82.08;82.4;6329531
20150128;82.8;83.39;81.71;81.73;7942208
20150129;82.07;82.33;81.16;82;7545880
20150130;82.12;82.2;80.56;80.69;7210532
20150202;80.96;82.25;80.85;82.13;5459286
20150203;82.58;83.77;82.54;83.73;5586211
20150204;83.5;84.47;83.33;83.61;6155698
20150205;84.25;84.93;84.08;84.73;3966584
20150206;85.11;86.01;84.77;85.01;5139741
20150209;84.53;85.25;84.3;84.98;3101318
20150210;85.6;85.97;85.12;85.84;3589926
20150211;85.87;86.18;85.32;86.01;4374834
20150212;80.03;81.53;80;80.48;32653122
20150213;79.44;79.75;77.72;78.08;34874386
20150217;77.16;79.32;77.12;79.08;18578333
20150218;78.72;80.27;78.72;79.78;13416995
20150219;79.89;79.98;77.56;78.4;20857959
20150220;78.22;79.88;78.2;79.83;11348739
20150223;79.99;80.48;79.47;80.3;6868556
20150224;80.3;81.7;80.26;80.86;10950979
20150225;81.16;82.25;80.87;82.17;8184691
20150226;83.01;83.47;82.41;83.25;8702804
20150227;83.25;83.38;81.52;81.59;8121162
20150302;81.73;82.21;81.56;82.03;5503072
20150303;80.99;81.93;80.9;81.91;6856146
20150304;81.55;81.56;80.56;80.63;6140957
20150305;80.66;81.4;80.64;81.15;5571779
20150306;80.63;81.15;80.06;80.31;6530206
20150309;80.15;80.83;79.95;80.51;5846077
20150310;79.73;79.77;78.87;79.11;7524975
20150311;79.4;79.75;79.11;79.45;4546180
20150312;80.1;82;80.03;81.56;9386593
20150313;81.5;81.65;79.95;80.6;6919443
20150316;80.88;81.65;80.75;81.5;5295067
20150317;81.2;81.21;80.55;81.06;4258228
20150318;80.58;82.32;80.27;81.86;6449418
20150319;81.84;81.96;80.94;81.54;4677008
20150320;81.79;83.06;81.5;82.7;9338054
20150323;82.7;83.54;82.2;82.2;7291654
20150324;82.04;82.16;81.27;81.37;5217754
20150325;81.42;81.47;80.03;80.11;8908044
20150326;79.67;79.78;77.89;78.48;16181335
20150327;78.4;78.64;77.71;77.97;9022613
20150330;78.35;78.75;78;78.05;7285152
20150331;77.89;78.53;77.62;78.12;5918270
20150401;78.05;79.32;77.85;78.93;6163459
20150402;78.93;79.77;78.57;79.7;5695160
20150406;79.34;80.1;78.73;79.63;3831094
20150407;78.59;79.38;78.26;78.33;5919179
20150408;78.42;79.36;78.3;78.69;6405810
20150409;78.63;79.33;78.41;79.16;4288069
20150410;79.42;79.97;79.2;79.59;3441961
20150413;79.73;79.99;79.26;79.27;4091974
20150414;79.6;79.97;78.89;79.49;4213151
20150415;79.43;80.3;79.42;79.75;6042720
20150416;79.43;81.17;79.25;80.91;8084767
20150417;78.4;78.5;76.53;77.32;22112455
20150420;77.39;77.85;76.96;77.23;8432099
20150421;77.38;77.8;77.24;77.28;5124995
20150422;77.41;78.65;77.18;78.44;7318109
20150423;78.06;78.37;77.74;78.15;4815396
20150424;78.3;78.33;77.77;77.99;3400709
20150427;77.83;77.96;77.04;77.49;6901733
20150428;77.69;77.73;76.94;77.49;6493427
20150429;77.13;77.47;77;77.16;4322567
20150430;77.04;77.68;76.98;77.45;6754099
20150501;77.85;77.89;77.31;77.68;3859217
20150504;77.96;78.54;77.74;78.28;3897793
20150505;77.98;78.52;77.78;77.84;5325813
20150506;78.7;78.85;77.39;77.85;5897660
20150507;77.84;78.74;77.6;78.43;7924637
20150508;78.89;79.64;78.77;78.98;7198107
20150511;79.05;80.25;79.01;79.7;5827394
20150512;79.15;79.43;78.44;79.08;4575669
20150513;79.5;80.01;79.27;79.86;5494547
20150514;80.34;80.9;80.27;80.75;4450782
20150515;80.9;81.16;79.99;80.22;4479254
20150518;80.28;80.55;79.78;80.17;4579850
20150519;80.37;81.6;80.37;81.36;6063537
20150520;81.41;81.45;80.78;80.96;3986654
20150521;80.54;81.17;80.41;80.76;4249682
20150522;80.84;81.58;80.72;81.25;3395835
20150526;81.12;81.46;79.94;80.19;5282736
20150527;80.45;80.63;79.84;80.11;5105088
20150528;79.97;80.25;79.88;80.09;4444099
20150529;80.04;80.1;79.58;79.72;7385145
20150601;79.94;80.17;78.95;79.47;4716898
20150602;79.26;80.27;79.18;79.99;4197300
20150603;80.32;81.27;80.12;80.6;4321729
20150604;80.05;80.34;79.2;79.36;5438075
20150605;79.74;79.88;79.23;79.39;4817000
20150608;79.43;79.84;78.8;78.81;5883574
20150609;78.88;79.39;78.86;79.17;4506269
20150610;79.2;80.49;79.2;80.19;5865352
20150611;80.34;80.77;80;80.3;4013377
20150612;80.43;80.45;79.11;79.53;6253475
20150615;79;79.37;78.82;79.25;4929335
20150616;79.04;79.8;79;79.36;6992677
20150617;79.64;80.86;79.46;80.32;6945555
20150618;80.24;80.9;79.81;80.77;4632281
20150619;80.52;80.62;79.79;80.19;13054844
20150622;80.68;81.71;80.66;81.25;5548612
20150623;81.44;81.92;81.29;81.36;5356347
20150624;80.94;81.36;80.74;80.74;5637585
20150625;80.99;81;79.88;79.88;6591058
20150626;80.17;80.45;79.83;79.88;15746737
20150629;79.22;79.35;77.74;77.8;8553321
20150630;78.17;78.41;77.65;77.72;7793019
20150701;78.64;78.91;78.16;78.4;5319947
20150702;78.69;79.13;78.18;78.21;4577689
20150706;77.55;77.85;77.34;77.59;5724771
20150707;77.56;77.8;76.41;77.55;7182951
20150708;76.89;77.2;75.75;75.93;5544756
20150709;76.63;77.45;76.29;76.34;3934003
20150710;77.31;77.49;76.91;77.31;3036031
20150713;77.97;78.61;77.77;78.53;3677506
20150714;78.6;79.14;78.21;78.97;3904938
20150715;79.01;79.36;78.32;78.54;3947013
20150716;79;79.16;78.67;78.92;4095773
20150717;78.74;79.25;78.65;79.22;3084435
20150720;79.2;79.63;79.18;79.3;3552975
20150721;79.2;79.41;78.45;78.95;3974583
20150722;78.8;79.19;78.6;78.99;4392678
20150723;77.7;77.95;76.13;77.01;12256764
20150724;76.65;77.15;75.68;75.9;8639908
20150727;75.44;75.6;74.3;74.92;9861400
20150728;75.12;75.57;74.37;75.11;5516643
20150729;75.11;76.01;74.92;75.7;4594150
20150730;75.79;76.21;75.64;76.12;4767112
20150731;76.39;76.67;75.99;76.06;6344779
20150803;75.86;76.16;75.43;75.98;5159523
20150804;75.77;76.16;75.63;75.72;4137581
20150805;76.35;76.48;75.59;75.59;5562017
20150806;75.65;75.79;74.71;75;4522063
20150807;75;80.22;74.34;79.72;23689625
20150810;79.69;81.39;79.5;81.26;12609026
20150811;80.43;81.65;80.25;81.34;8509819
20150812;80.72;81.09;79.8;81;6994329
20150813;80.85;80.97;80.38;80.76;4866909
20150814;80.51;81.33;80.42;80.91;5387093
20150817;80.39;81.17;80.25;81;4574686
20150818;81.05;81.42;80.7;81.24;4458320
20150819;80.92;81.66;80.41;80.95;5314622
20150820;80.11;80.46;78.73;78.76;7240576
20150821;78.12;78.61;77.03;77.03;8483304
20150824;73.36;76.08;71.71;74.65;12873245
20150825;76.27;76.55;73.28;73.52;7779000
20150826;75.39;75.9;73.96;75.63;6505762
20150827;75.88;77.18;75.52;76.88;7024971
20150828;76.32;76.81;75.93;76.65;4919031
20150831;76.26;77.26;75.97;76.72;4559687
20150901;74.85;75.36;73.6;74;6101059
20150902;74.9;75.21;73.97;74.94;5914395
20150903;75.38;76.25;75.05;75.26;4782965
20150904;74.28;74.52;73.57;74.08;5095246
20150908;75.58;75.73;74.92;75.49;6046291
20150909;76.08;76.51;74.98;75.12;4959836
20150910;75.15;75.86;74.98;75.31;4764590
20150911;75.08;75.53;74.78;75.5;3844194
20150914;75.16;75.5;74.78;75.14;4452098
20150915;75.46;76.75;75.23;76.5;5473687
20150916;76.46;77.51;76.39;77.32;4193087
20150917;77.46;78.4;76.77;77.06;4181793
20150918;76.05;76.8;75.72;75.95;12402877
20150921;76.42;77.32;76.32;76.74;3266298
20150922;75.61;75.77;75;75.71;5047199
20150923;75.51;75.96;75.13;75.63;3183322
20150924;74.99;75.03;73.85;74.69;6108920
20150925;75.39;75.67;74.72;75.1;4478020
20150928;74.46;74.7;73.25;73.34;5894741
20150929;73.3;73.51;72.66;73.1;5282964
20150930;73.89;74.19;73.3;74.13;4912230
20151001;74.16;74.6;73.21;73.89;4741120
20151002;72.7;74.41;72.5;74.41;5072423
20151005;75.05;77.54;75.04;77.3;6480632
20151006;77.24;77.54;76.72;76.91;3887079
20151007;76.81;77.85;76.68;77.18;3439404
20151008;76.99;77.26;76.11;77.18;3298899
20151009;77.45;77.82;76.83;77.33;2651845
20151012;77.16;77.32;76.94;77.31;1895136
20151013;76.85;77.22;76.56;76.6;3247383
20151014;76.41;76.78;75.94;76.17;3098610
20151015;77;77.19;76.07;76.74;3615784
20151016;77.08;77.5;76.62;77.21;5613668
20151019;76.95;77.31;76.73;77;4054868
20151020;77.05;77.15;76.68;76.95;3470846
20151021;77.29;77.61;76.35;76.51;5952249
20151022;73.06;73.28;71.39;72.5;23652623
20151023;72.82;74.83;72.62;74.59;9341271
20151026;73.3;74.33;73.13;74.19;5228255
20151027;73.79;74.21;73.73;74.01;4099007
20151028;74.35;74.45;73.81;74.45;7841058
20151029;74.15;74.97;74.04;74.22;5250170
20151030;74.08;74.28;73.06;73.26;6310102
20151102;73.43;74.07;73.27;73.94;4940641
20151103;74.15;74.27;73.87;74.03;5048213
20151104;74.31;74.85;73.94;74.07;12872736
20151105;74.15;74.33;73.57;73.93;4983712
20151106;74.56;74.8;74.11;74.3;7440801
20151109;74.08;74.26;73.23;73.42;5622559
20151110;73.12;73.58;73.1;73.37;4961893
20151111;73.46;73.6;72.76;72.91;4719547
20151112;72.72;72.79;71.82;71.98;6112490
20151113;71.69;72.21;71.1;71.2;4486731
20151116;70.83;71.66;70.21;71.66;5244587
20151117;71.92;72.03;70.96;71.11;5867721
20151118;71.13;72.17;71.13;72.15;5816951
20151119;72.1;72.88;72.07;72.74;4851343
20151120;72.88;73.35;72.1;72.42;4429647
20151123;72.46;72.74;72.17;72.24;3251421
20151124;71.87;71.96;71;71.63;4873095
20151125;71.7;71.8;71.25;71.69;4391278
20151127;71.8;72;71.43;71.85;1547504
20151130;71.85;72.07;71.42;71.64;5377171
20151201;72;72.44;71.57;72.2;4193461
20151202;72.14;72.44;71.06;71.2;4146008
20151203;71.41;71.7;70.12;70.42;6807762
20151204;70.5;71.31;70.36;71.1;4993389
20151207;70.82;71.09;70.17;70.61;5926406
20151208;70.04;70.15;69.31;69.91;7669061
20151209;69.44;70.8;69.35;69.86;6910707
20151210;69.74;70.65;69.61;70.11;4782972
20151211;69.04;69.83;68.48;68.86;9094343
20151214;68.99;69.42;67.8;68.83;6393035
20151215;69.75;70.64;69.59;70.15;6247229
20151216;70.71;70.96;69.8;70.71;5581779
20151217;70.79;70.96;69.41;69.57;4800033
20151218;69.13;69.13;67.57;67.87;17898859
20151221;68.15;68.77;67.99;68.4;4733428
20151222;68.74;69.13;68.21;68.85;3796765
20151223;69.05;69.99;68.94;69.97;5277981
20151224;69.74;70.51;69.74;70.16;1956388
20151228;70;70.1;69.36;69.76;2860713
20151229;70.28;70.61;70.12;70.55;3838817
20151230;70.51;70.75;70.08;70.16;2792695
20151231;70.01;70.32;69.53;69.55;3531279
20160104;68.09;68.18;66.77;67.59;9248281
20160105;67.37;67.71;65.67;66.55;10784045
20160106;65.24;65.55;64.24;64.42;9752153
20160107;63.31;64.25;63.08;63.84;11323947
20160108;64.18;64.41;63.57;63.63;10003645
20160111;63.74;64.21;63.1;64.05;8157737
20160112;64.8;64.9;63.6;64.4;7559962
20160113;63.65;64.37;62.23;62.85;11291194
20160114;62.85;63.75;62.37;63.29;6663953
20160115;62.03;63.05;61.5;62.91;8643751
20160119;63.41;63.79;62.24;62.64;7652078
20160120;61.54;63.54;61.29;63.03;9043776
20160121;63;64.32;62.51;62.64;8992300
20160122;58.39;58.89;54.14;55.06;43783380
20160125;54.46;55.77;54.14;55.02;18498255
20160126;55.2;55.74;54.96;55.09;12844794
20160127;55.37;55.82;54.42;54.52;11044111
20160128;54.68;54.76;52.15;52.88;18015021
20160129;53.18;53.71;53.05;53.5;13981128
20160201;53.41;54.99;53;54.7;9861884
20160202;54.33;54.39;53.49;53.66;11698372
20160203;54;54.29;52.83;54.11;9729828
20160204;54.08;54.46;53.81;54.38;6904021
20160205;54.72;54.85;53.81;53.98;9159567
20160208;53.24;53.45;52.23;52.4;11830592
20160209;52.26;53.02;51.91;52.63;8588920
20160210;53;53.43;52.28;52.29;7081895
20160211;51.22;51.59;50.27;51.11;9214546
20160212;51.88;52.73;51.64;52.66;6107686
20160216;53.01;53.48;52.73;53.18;7163830
20160217;53.5;54;53.3;53.61;8638895
20160218;53.5;54.35;53.45;54.15;8503250
20160219;54.25;55.03;54.03;54.71;6557020
20160222;55.21;55.63;54.96;55.63;6537765
20160223;55.52;55.6;54.96;55.11;5884112
20160224;54.45;54.87;53.56;54.64;5596406
20160225;54.78;55.39;54.3;55.39;4385866
20160226;55.71;55.9;55.15;55.38;5886821
20160229;55.3;56.15;54.81;55.58;10380473
20160301;56.03;56.84;55.62;56.8;9160838
20160302;56.88;57.23;56.57;57.12;7266238
20160303;57.16;58.18;57.16;58.09;6848046
20160304;58.44;58.65;57.81;58.29;5410034
20160307;58;59.48;57.63;59;9373525
20160308;58.84;60;58.71;59.43;10556919
20160309;59.73;59.79;58.52;59.05;6469596
20160310;59.29;59.46;58.05;58.75;6484050
20160311;59.53;59.91;59.02;59.46;7837284
20160314;59.51;59.94;59.01;59.57;4253419
20160315;59.36;59.4;58.63;59.23;3881894
20160316;58.91;59.9;58.72;59.7;4882584
20160317;59.55;60.5;59.32;60.08;4609839
20160318;60.31;61.45;60.03;61.22;8341268
20160321;60.99;61.38;60.85;61.21;3665568
20160322;60.77;60.9;59.91;60.61;4783184
20160323;60.7;60.91;60.28;60.63;3605059
20160324;60.22;60.52;59.6;60.47;3549860
20160328;60.77;60.79;59.86;60.28;3261940
20160329;60.11;60.65;59.46;60.6;4210346
20160330;60.98;61;60.19;60.29;5103244
20160331;60.51;61.52;60.28;61.4;6310219
20160401;60.98;61.66;60.56;61.1;4167514
20160404;61.01;61.06;60.46;60.62;3367372
20160405;60.14;60.44;59.68;60.19;4639974
20160406;59.84;60.05;59.42;59.88;4112070
20160407;59.45;59.52;58.7;58.86;4051283
20160408;59;60.26;58.99;59.5;4603616
20160411;59.67;60.08;59.28;59.8;4033398
20160412;60;60.71;59.8;60.68;4360254
20160413;60.89;62.43;60.84;62.16;4689743
20160414;62.16;62.68;61.97;62.51;4017864
20160415;62.66;62.84;61.91;62.14;4395671
20160418;61.81;62.63;61.73;62.59;3140068
20160419;62.75;63.61;62.74;63.57;4798394
20160420;64.12;65.33;63.92;65.02;8498712
20160421;67;67.34;65.4;65.61;9466707
20160422;65.05;66.22;65.05;65.93;5946310
20160425;65.64;65.85;65.14;65.7;4201688
20160426;65.98;66.43;65.63;66.2;3979643
20160427;66.39;66.67;65.83;66.23;4539710
20160428;65.73;66.49;65.56;65.84;3797757
20160429;65.57;65.79;64.85;65.43;5051200
20160502;65.58;66.05;65.18;65.68;4329995
20160503;65.03;65.05;64.33;64.85;4745438
20160504;64.13;64.75;63.83;64.26;4998033
20160505;64.46;64.72;63.79;63.92;4037205
20160506;63.76;64.71;63.45;64.51;3667658
20160509;64.23;64.58;63.77;63.98;4261058
20160510;64.34;65.13;63.99;64.84;4042328
20160511;64.62;65.32;64.41;64.59;4959508
20160512;65.07;65.36;64.07;64.34;3608458
20160513;64.35;64.98;64.05;64.12;4524018
20160516;64.02;64.3;63.67;64.07;4879519
20160517;63.86;64.1;62.59;62.76;7977603
20160518;62.53;63.61;62.53;63.52;5316786
20160519;63.06;63.53;62.32;62.74;4587020
20160520;63.16;64.14;62.95;63.92;5278321
20160523;63.86;64.1;63.56;63.59;3074074
20160524;63.79;65.1;63.79;64.87;3946138
20160525;65.04;65.76;65.01;65.31;5755934
20160526;65.29;65.37;64.95;65.23;3593497
20160527;65.39;65.7;65.33;65.52;3957118
20160531;65.7;65.92;65.4;65.76;5256024
20160601;65.44;65.96;65.18;65.91;3816002
20160602;65.86;66.41;65.6;66.41;3052754
20160603;65.53;65.82;64.77;65.49;4352049
20160606;65.55;66.2;65.5;65.94;3915959
20160607;66.15;66.6;65.88;65.89;3779456
20160608;65.94;66.58;65.94;66.26;2601058
20160609;65.72;65.78;64.9;65.71;3884421
20160610;65.26;65.48;64.71;64.97;3939141
20160613;64.8;64.89;63.63;63.67;5883402
20160614;63.59;63.66;60.38;61.07;12323245
20160615;61.47;62.16;60.86;61.42;5979857
20160616;60.94;62.11;60.66;61.93;5543625
20160617;61.93;62.43;61.62;61.86;6521456
20160620;62.65;63.41;62.23;62.3;4289135
20160621;62.3;62.48;61.75;62.29;3360641
20160622;62.29;62.64;61.88;61.95;3462767
20160623;62.84;63.27;62.47;63.25;3624624
20160624;60.48;61.7;60;60.06;10798667
20160627;59.34;59.34;57.33;57.67;7581100
20160628;58.25;58.61;57.15;57.9;8294263
20160629;57.95;59.7;57.86;59.63;6281076
20160630;59.87;60.76;58.82;60.76;8535412
20160701;60.8;61.52;60.57;60.69;4166469
20160705;60.22;60.39;58.96;59.15;4911842
20160706;58.75;59.73;58.25;59.48;5484424
20160707;59.48;60.33;59.38;59.81;5077371
20160708;60.68;61.6;60.55;61.49;5768400
20160711;61.95;62.46;61.86;62.16;3414353
20160712;62.63;63.33;62.63;63;4531851
20160713;62.98;63.35;62.64;63.1;3887554
20160714;63.66;64;63.41;63.61;4417183
20160715;63.95;64.11;63.31;63.78;3675649
20160718;63.96;64.12;63.54;63.99;3259978
20160719;63.69;64.17;63.5;64.16;3840468
20160720;64.29;64.8;63.5;64.48;8315821
20160721;63.8;64.38;62.88;63.43;9536383
20160722;63.4;64.34;63.37;64.28;4063417
20160725;64.2;64.42;64.04;64.33;3060278
20160726;64.43;64.55;63.98;64.37;2745870
20160727;64.27;64.94;64.21;64.59;3168485
20160728;64.36;64.97;64.06;64.79;3043993
20160729;64.7;64.74;64.17;64.46;3732749
20160801;64.49;64.74;63.96;64.13;2913879
20160802;63.96;64.22;63.2;63.47;2530953
20160803;63.5;64.02;63.47;63.83;3034536
20160804;63.88;64.02;63.51;63.94;3680004
20160805;64.54;65.71;64.35;65.52;4863805
20160808;65.83;66.25;65.61;65.83;3253729
20160809;65.83;66.01;65.17;65.39;3701576
20160810;65.43;65.5;64.58;64.74;2882977
20160811;65;65.66;64.89;65.48;2450148
20160812;65.16;65.51;65.01;65.38;2103814
20160815;65.27;65.82;65.27;65.63;3136685
20160816;65.61;65.67;65.28;65.3;2805603
20160817;65.4;65.85;65.09;65.68;3054603
20160818;65.52;65.78;65.27;65.63;2807456
20160819;65.47;65.68;65.07;65.53;2783160
20160822;65.53;65.54;64.96;65.36;3230735
20160823;65.73;66.28;65.68;65.68;3551696
20160824;65.85;66.12;65.05;65.16;4128222
20160825;65;65.15;64.76;65;4243804
20160826;65.27;65.49;64.52;64.79;3623618
20160829;65;65.77;64.8;65.52;4173845
20160830;65.77;65.97;65.1;65.45;3775806
20160831;65.47;65.72;64.86;65.58;4783608
20160901;65.55;65.64;64.42;64.86;3657718
20160902;65.06;65.67;64.86;65.19;3131691
20160906;65.16;65.77;65.05;65.76;3956384
20160907;65.49;66.2;65.31;66.19;3200694
20160908;66.15;66.71;66.05;66.24;4078875
20160909;65.74;66.02;65.12;65.12;5144878
20160912;64.72;66.09;64.14;65.9;4923161
20160913;65.22;65.32;64.04;64.36;5620271
20160914;64.36;64.36;63.34;63.48;5403347
20160915;63.4;64.17;63.26;63.83;4660355
20160916;63.37;63.95;63.16;63.66;10475829
20160919;63.96;64.58;63.67;64.06;3388582
20160920;64.52;64.64;63.7;63.72;2927577
20160921;63.99;64.5;63.72;64.28;3849309
20160922;64.35;65.08;64.33;64.63;3213744
20160923;64.51;64.83;63.78;63.85;5083894
20160926;63.44;64.13;62.85;63.42;6946585
20160927;63.93;64.42;63.58;64.28;3916263
20160928;64.27;64.5;63.73;64.22;3580082
20160929;64.21;64.81;62.96;63.37;4132452
20160930;63.78;64.37;63.63;64.04;4306976
20161003;63.83;64.05;63.54;63.81;2770007
20161004;63.84;64.38;63.71;63.91;3709357
20161005;63.77;64.53;63.69;64.36;3345014
20161006;63.56;63.68;61.76;61.94;7975905
20161007;62.11;62.27;61.48;61.76;4217375
20161010;62.15;62.49;61.87;61.9;2522929
20161011;61.53;61.7;60.55;60.86;3926531
20161012;60.82;61.05;60.58;60.69;3293769
20161013;60.23;60.56;59.5;60.41;4220483
20161014;61.01;61.2;60.1;60.15;4963849
20161017;60.27;60.42;59.78;59.9;3903945
20161018;60.52;60.57;59.88;60.08;3416606
20161019;60.42;61.68;60.27;61.25;7888481
20161020;65.34;67.78;64.75;66.78;25870728
20161021;66.45;67.59;66.4;67.36;8561225
20161024;67.69;67.93;67.07;67.09;5174043
20161025;66.93;67.38;66.61;66.74;3882253
20161026;66.5;67.07;66.14;66.8;3621817
20161027;67;67.22;66.43;66.93;4751290
20161028;67.15;67.22;66.3;66.45;4994491
20161031;66.81;66.83;66.31;66.42;3233384
20161101;66.77;66.81;65.73;66.25;3761564
20161102;65.76;66.03;65.14;65.45;3658990
20161103;65.53;65.76;65.04;65.33;3796470
20161104;65.5;66.08;65.03;65.51;3429896
20161107;66.85;67.33;66.65;67;4012053
20161108;66.79;67.26;66.31;67.07;3955973
20161109;67.16;69;67.06;68.74;9319120
20161110;69.24;70.4;69.05;70.11;9419195
20161111;69.97;70.59;69.65;70.5;4656115
20161114;70.8;72.68;70.63;72.42;8084104
20161115;72.13;72.48;71.24;72.47;4431192
20161116;71.95;72.4;71.28;71.68;4663671
20161117;71.36;72;71.32;71.78;3797419
20161118;71.53;71.6;70.77;71;5430609
20161121;71.31;71.67;70.96;71.54;3368167
20161122;71.82;71.88;70.87;71.72;4086200
20161123;71.94;72.92;71.51;72.88;4691260
20161125;72.97;73.18;72.46;72.86;1900447
20161128;72.53;72.77;71.97;72.13;4467747
20161129;72.2;72.26;71.39;71.49;3814802
20161130;72;72.33;71.78;72.04;4812489
20161201;72.45;72.77;71.78;72.53;4298162
20161202;72.52;72.66;71.43;71.86;2959077
20161205;72.33;72.64;71.99;72.03;3929106
20161206;72.47;72.74;72.08;72.31;3843944
20161207;72.47;74.72;72.23;74.29;5801483
20161208;74.8;75.2;73.99;74.91;3415782
20161209;74.84;74.91;74.29;74.77;2566883
20161212;74.7;74.7;73.15;73.58;3654947
20161213;73.67;74.23;73.11;73.84;2892870
20161214;73.53;75.73;73.24;74.07;5415755
20161215;74.54;75.74;74.34;74.94;4061600
20161216;75.29;75.38;74.58;75;8200621
20161219;74.68;75.13;74.14;74.55;3076648
20161220;75;75.5;74.53;75.06;3244923
20161221;75.11;75.57;74.69;75.32;3244537
20161222;75;75.37;74.5;74.58;2865190
20161223;74.74;75.24;74.74;74.97;1957502
20161227;75.1;75.11;74.79;74.98;2049447
20161228;75.03;75.38;74.15;74.37;2517302
20161229;74.27;74.68;73.5;73.92;2573668
20161230;73.96;74.34;73.84;74.08;3378805
20170103;74.89;75.75;74.74;75.35;5853881
20170104;75.26;76.55;75.06;76.26;4635796
20170105;76;76.18;74.82;75.32;3383003
20170106;75.4;75.92;75.06;75.47;3089593
20170109;76.14;76.5;75.53;75.86;4818703
20170110;76.52;78;76.12;76.65;9561414
20170111;76.67;77.44;76.1;76.91;4500174
20170112;76.83;76.95;75.84;76.88;4056691
20170113;76.93;77.63;76.41;76.62;3454338
20170117;77.4;77.7;76.47;76.6;6450259
20170118;77.11;77.61;76.51;77.49;5988353
20170119;77.61;77.78;76.61;76.69;8111384
20170120;75.99;76.91;75.39;76.2;8465939
20170123;75.92;76.48;75.73;75.97;4444322
20170124;76.33;77.66;76.09;77.43;4024267
20170125;78;78.02;76.4;76.89;5278290
20170126;76.95;77.46;76.63;76.93;3344901
20170127;77;77.3;76.54;76.85;3530945
20170130;76.83;77.32;76.54;77.28;5344520
20170131;76.86;77.25;75.97;76.38;5568099
20170201;76.85;77.44;76.58;76.76;3916764
20170202;76.23;76.89;76.06;76.51;3655543
20170203;77.14;78.42;76.91;78.04;5235837
20170206;77.72;78.41;77.48;77.82;3229512
20170207;78.06;78.38;77.52;77.72;2060209
20170208;77.54;77.94;77.08;77.8;2223099
20170209;77.9;78.37;77.67;78.18;3031767
20170210;78.5;78.69;78.23;78.48;2191153
20170213;78.82;79.18;78.48;78.91;3317118
20170214;79;79.45;78.67;79.41;3511213
20170215;79.79;80.1;78.67;79.6;5704079
20170216;79.46;79.6;78.92;79.51;4295031
20170217;79.22;79.78;78.9;79.71;2690300
20170221;79.92;80.45;79.64;79.97;3505538
20170222;79.83;79.97;79.39;79.86;2942964
20170223;79.87;80.45;79.77;80.05;3339493
20170224;79.76;79.89;79.25;79.76;3932313
20170227;79.75;80.31;79.59;80.17;2619409
20170228;80.12;80.49;79.77;80.06;4415322
20170301;81.05;82;81.02;81.92;4746363
20170302;81.66;81.66;80.06;80.1;4409788
20170303;80.27;80.66;79.82;79.88;4597534
20170306;79.5;79.68;79.09;79.5;3670253
20170307;79.77;80.02;79.33;79.58;4434208
20170308;80;80.37;78.97;79.04;4326793
20170309;79.19;79.7;78.81;79.3;4573537
20170310;79.38;79.46;78.88;79.38;3762755
20170313;79.38;79.54;79.06;79.21;3664310
20170314;78.96;79.8;78.83;79.69;3321548
20170315;79.85;79.89;78.99;79.23;4337240
20170316;79.47;80.1;79.39;79.77;3474802
20170317;79.92;79.96;78.98;79.25;6672551
20170320;79.15;79.6;78.83;78.85;3099528
20170321;78.93;79.13;77.32;77.53;6804000
20170322;77.43;78.18;77.06;77.67;4877322
20170323;77.57;78.4;77.51;77.84;4082889
20170324;78.11;78.84;77.87;78.2;4726801
20170327;77.21;77.82;76.67;77.6;3835309
20170328;77.51;78.86;77.39;78.64;4235903
20170329;78.45;79.34;78.14;78.25;2913623
20170330;78.2;79.3;78.09;79.21;2924106
20170331;78.93;79.43;78.8;79.11;5228391
20170403;79.17;79.18;77.97;78.59;3022678
20170404;78.49;78.61;78.15;78.26;2563659
20170405;78.51;79.03;77.66;77.76;2858427
20170406;77.76;78.3;77.15;77.92;2914808
20170407;77.48;78.24;77.37;77.77;2203039
20170410;77.92;78.11;77.36;77.49;2217051
20170411;77.53;77.57;76.69;77.26;4642341
20170412;77.39;77.48;76.58;76.68;3055820
20170413;76.33;76.81;75.7;75.8;3666554
20170417;75.83;76.71;75.63;76.67;4160796
20170418;76.45;76.49;75.53;75.79;3845877
20170419;76.19;76.29;75.51;75.55;5283593
20170420;77.5;80.28;77.46;80.02;11099336
20170421;79.88;80.47;79.49;79.59;5837812
20170424;80.64;80.92;80.24;80.45;3563193
20170425;81.06;81.39;80.63;80.63;5061261
20170426;80.62;80.92;80.15;80.52;3661571
20170427;80.77;80.87;80.08;80.33;2922676
20170428;79.94;80.17;79.05;79.25;5313188
20170501;79.22;79.49;78.88;79.23;3458137
20170502;79.15;79.66;79.15;79.54;3334875
20170503;79.23;79.51;78.69;78.83;3800627
20170504;79.23;79.42;77.99;78.33;3902166
20170505;78.61;78.73;77.88;78.32;2936747
20170508;78.5;78.74;77.95;78.16;2608590
20170509;78.16;78.74;78.09;78.44;2570621
20170510;78.28;78.66;78.14;78.65;2396925
20170511;78.2;78.45;77.25;77.92;3780643
20170512;77.7;77.81;77.22;77.49;2865797
20170515;77.48;78.62;77.48;78.33;3326959
20170516;78.6;78.64;77.84;78.13;2457503
20170517;76.78;77.45;76.24;76.37;4441564
20170518;76.27;76.85;75.97;76.38;3545677
20170519;76.55;77.35;76.3;76.8;3283915
20170522;76.95;77.12;76.5;76.98;2799975
20170523;77.02;77.42;76.82;77.2;2239622
20170524;77.46;77.46;76.93;77.12;2180625
20170525;77.49;77.92;77.26;77.44;3185222
20170526;77.17;77.6;77.02;77.46;1858801
20170530;77.24;77.42;76.99;77.09;2073038
20170531;77.09;77.11;75.98;76.94;3117138
20170601;77.23;78.38;76.95;78.28;3553420
20170602;77.77;78.74;77.77;78.49;3534804
20170605;78.75;79.2;78.61;78.97;2738634
20170606;78.46;78.93;78.29;78.85;2878015
20170607;78.91;80.09;78.79;79.81;4284079
20170608;79.71;80.2;79.67;79.95;4079817
20170609;80.39;80.73;79.73;80.31;3849413
20170612;80.35;80.73;79.95;80.17;3352279
20170613;80.2;80.74;80.07;80.59;3174361
20170614;80.11;80.92;79.62;80.84;4013089
20170615;80.38;81.24;80.23;80.7;2773369
20170616;80.86;81.48;80.77;81.45;5914697
20170619;81.56;81.94;81.29;81.88;3076499
20170620;81.98;82.81;81.8;82.51;3929088
20170621;82.6;82.8;81.99;82.21;2683412
20170622;82.11;82.63;82.06;82.25;2312070
20170623;82.39;82.7;82.06;82.22;3785322
20170626;82.5;83.29;82.44;82.96;2491613
20170627;83.06;83.52;83.01;83.08;2994829
20170628;83.51;84.27;83.4;83.97;3668491
20170629;84.92;85.39;83.16;83.63;5092624
20170630;84.09;84.64;83.59;84.24;3320821
20170703;84.69;85.74;84.69;85.1;2306874
20170705;85.22;85.88;84.81;84.89;3501204
20170706;84.67;84.84;83.72;83.74;3213448
20170707;83.93;84.69;83.77;84.33;2454587
20170710;84.13;84.57;83.97;84.3;2147747
20170711;84.23;84.31;83.54;84.16;2733163
20170712;84.28;84.98;84.06;84.82;4629141
20170713;84.93;85.43;84.74;85.37;3309411
20170714;84.85;85.56;84.59;85.28;3354722
20170717;85.13;85.52;84.78;85.22;2190465
20170718;84.96;85.56;84.76;85.52;2815983
20170719;85.76;85.98;85.3;85.93;5539683
20170720;84.94;85.45;84.53;85.35;5386356
20170721;85.79;86.28;85.43;85.59;3570375
20170724;85.45;85.67;83.86;85;5389050
20170725;85.84;86.1;85.08;85.41;3255176
20170726;85.41;85.72;85.17;85.3;3038102
20170727;85.18;85.2;83.33;83.85;6119259
20170728;83.88;85.1;83.62;84.8;3321176
20170731;85.17;85.7;84.84;85.23;3079797
20170801;85.72;85.84;85.14;85.24;3148788
20170802;85.15;85.36;84.97;85.3;3252280
20170803;85.24;85.88;85.14;85.54;2381825
20170804;85.99;86.33;85.84;85.97;2840245
20170807;86.1;86.19;85.68;85.85;2089149
20170808;85.43;86.67;85.41;85.94;2922837
20170809;85.74;85.97;85.24;85.69;2960996
20170810;85.44;85.58;84.55;84.56;3755151
20170811;84.76;84.86;83.97;84.29;3078650
20170814;84.74;85.67;84.72;85.47;2893607
20170815;85.99;86.97;85.88;86.79;3774136
20170816;87;87.78;86.99;87.39;3379622
20170817;87.34;87.63;86.05;86.09;3870386
20170818;85.99;86.13;85.21;85.38;4271186
20170821;85.45;85.64;84.95;85.3;2505115
20170822;85.47;85.73;84.91;85.3;2155320
20170823;84.71;85.51;84.7;85.28;1960380
20170824;85.49;85.53;85.04;85.36;2057905
20170825;85.5;85.96;85.42;85.47;2302086
20170828;85.66;85.69;85.21;85.41;2105519
20170829;84.75;85.51;84.4;85.42;2779385
20170830;85.38;85.74;85.22;85.69;2131663
20170831;86;86.28;85.7;86.1;3792290
20170901;86.31;86.54;86.05;86.14;2262735
20170905;85.72;85.91;84.68;85.31;3328200
20170906;85.57;85.84;85;85.23;2823281
20170907;85.27;85.52;84.08;84.41;2905386
20170908;84.18;85.01;84.02;84.25;3462112
20170911;84.97;86.12;84.97;85.69;3397496
20170912;85.97;86.6;85.81;86.55;3333342
20170913;86.42;86.77;86.39;86.64;2396472
20170914;86.54;86.8;86.16;86.19;2764916
20170915;86.52;86.99;86.07;86.99;7791555
20170918;87.08;87.87;86.95;87.87;3395073
20170919;87.97;89.23;87.88;89;4043778
20170920;89.25;89.38;88.27;88.43;4251024
20170921;88.45;88.8;88.04;88.42;2877759
20170922;88.3;88.71;88.1;88.4;2770085
20170925;88.28;88.64;87.84;88.21;2863068
20170926;88.47;88.77;88.2;88.69;2197846
20170927;89.68;89.74;89.03;89.49;2888865
20170928;89.23;90.31;89.23;90.14;2458773
20170929;90.04;90.77;89.93;90.46;2996260
20171002;90.44;91.17;90.1;90.54;4466395
20171003;90.59;91.64;90.59;91.43;2912299
20171004;91.6;91.61;90.91;91.01;3091679
20171005;90.96;91.62;90.77;91.16;2990958
20171006;91.25;91.59;91.09;91.55;1891848
20171009;91.59;91.96;91.5;91.69;1653721
20171010;91.88;92.34;91.78;91.89;2247195
20171011;91.86;92.65;91.81;91.96;3051394
20171012;91.63;92.23;91.42;91.61;3279018
20171013;91.5;92.92;91.26;92.86;3224158
20171016;93.04;93.35;90.81;91.96;4293977
20171017;91.94;92.1;91.58;91.69;2939556
20171018;91.8;92.27;91.68;92.08;4720217
20171019;90.4;92.95;90.04;91.9;6512126
20171020;92.84;93.29;91.97;92.09;4442193
20171023;92.22;93.09;92.22;92.38;2963132
20171024;92.6;93.93;92.33;93.86;4481510
20171025;94;94.24;93.27;93.53;4266092
20171026;93.99;95.73;93.98;95.69;4136780
20171027;95.45;96.02;95.03;95.79;3212221
20171030;95.73;96.12;94.84;95.07;3096515
20171031;94.98;95.61;94.52;95.52;3146438
20171101;96.29;96.57;95.44;95.79;2319973
20171102;96;96.24;95.39;95.98;3013321
20171103;96.28;96.43;95.78;96.43;2089507
20171106;96.35;96.73;95.93;96.29;1848269
20171107;96.42;96.9;95.18;95.37;3200922
20171108;95.1;95.28;94.45;95.13;2163747
20171109;94.34;94.66;93.28;93.75;3949795
20171110;93.79;94.15;93.39;93.52;2714369
20171113;93;93.98;92.78;93.9;2708531
20171114;93.57;93.79;92.94;93.76;2843670
20171115;93.27;93.79;92.8;93.26;3236553
20171116;93.55;94.04;93.3;93.56;2586458
20171117;93.31;93.76;92.92;93.69;3261235
20171120;93.92;94.34;93.68;93.95;3456574
20171121;94.42;94.65;94.12;94.41;2917041
20171122;94.39;94.71;93.48;93.82;2159113
20171124;93.97;94.12;93.47;93.48;837313
20171127;93.57;94;93.36;93.47;2731266
20171128;93.76;95.28;93.58;95.28;3536397
20171129;95.96;97.32;95.6;96.6;4325505
20171130;97.02;98.49;96.81;97.71;5328348
20171201;98.08;98.22;95.85;97.86;3445157
20171204;98.62;99.17;97.98;98.59;4562392
20171205;99.2;99.75;98.58;98.71;3525591
20171206;98.64;98.82;98.17;98.21;3081339
20171207;97.76;99.12;97.48;98.58;3026836
20171208;99;99;98.14;98.55;3850254
20171211;98.6;99.04;98.24;99;2984055
20171212;98.88;99.66;98.85;99.37;3455459
20171213;99.12;99.31;97.76;97.78;3463939
20171214;98.31;98.65;97.15;97.15;3464840
20171215;97.78;98.84;97.44;98.52;7891763
20171218;99.19;100.53;98.99;99.68;3485379
20171219;100.21;100.39;99.12;99.15;3282602
20171220;99.71;99.94;98.46;98.51;3090965
20171221;99.05;99.19;98.37;98.5;2339526
20171222;98.47;99.04;98.21;98.74;1980343
20171226;98.8;98.92;98.13;98.57;1575239
20171227;98.9;99.25;98.57;99.13;2569863
20171228;99.64;99.91;99.36;99.7;1915540
20171229;100;100.25;99.26;99.31;2056778
20180102;99.73;99.73;98.22;98.94;2746672
20180103;99.24;99.76;99.02;99.55;2976441
20180104;100.03;101.65;99.91;100.85;3122034
20180105;100.85;101.08;100.27;101.08;2550286
20180108;101;101.2;100.12;100.15;1896547
20180109;100.36;100.8;100.27;100.52;2978533
20180110;100.39;101.59;100.33;101.22;2279173
20180111;101.44;101.44;100.2;100.73;2745414
20180112;100.86;101.03;99.93;100.97;3231524
20180116;102.01;102.39;100.15;100.34;3813954
20180117;100.99;101;99.24;100.76;4469669
20180118;100.84;100.84;99.58;99.86;5290672
20180119;97.01;98.94;96.35;98.03;12306039
20180122;97.26;98.34;96.84;98.32;4983551
20180123;98.16;98.4;97.44;97.98;4375157
20180124;98.25;99.51;98.16;99.3;4949481
20180125;99.43;100.11;99.2;99.69;3375241
20180126;99.85;99.95;98.95;99.63;3668677
20180129;99.75;100.18;99.23;99.41;3472131
20180130;99.45;100.1;98.69;98.71;3466484
20180131;98.74;99.71;98.5;99.4;3202864
20180201;98.95;100.04;98.4;100;2952078
20180202;99.53;99.69;96.64;96.68;4663298
20180205;95.83;96.72;88.61;92.01;6421934
20180206;89.75;94.22;88.51;94.18;7243978
20180207;93.53;94.85;93.41;93.61;3796803
20180208;93.75;93.97;88.28;88.34;5814910
20180209;89.47;92.52;87.54;91.72;8017551
20180212;92.58;95.68;92.42;94.7;7419214
20180213;94.03;94.81;92.82;94.56;3366658
20180214;93.97;96.56;93.67;96.23;3446758
20180215;97.06;97.21;95.44;96.56;3057394
20180216;96.37;97.49;96.25;96.79;3280686
20180220;96.58;97.71;96.5;97.19;3514720
20180221;96.92;98.49;96.75;97.5;4431517
20180222;97.59;98.07;97.05;97.35;4270084
20180223;97.78;98.84;97.55;98.8;2440553
20180226;99.43;101.68;98.97;101.64;4953120
20180227;101.66;102.12;99.58;99.58;5167256
20180228;100.04;100.36;97.43;97.51;4053730
20180301;97.82;98.3;94.53;95.14;4369841
20180302;94.63;95.75;93.2;95.6;3584668
20180305;95.09;97.29;94.7;96.66;2661437
20180306;96.99;96.99;95.14;96.07;3221099
20180307;95.21;95.73;94.28;95.64;3594855
20180308;96.05;96.68;95.09;96.59;3760527
20180309;97.58;99.11;97.06;99.05;3044292
20180312;99.09;99.7;97.48;97.67;4020854
20180313;98.12;98.23;95.08;95.37;4858723
20180314;95.96;96.17;94.09;94.53;3013765
20180315;95.06;95.41;93.96;94.39;3212950
20180316;94.55;96.39;94.27;95.61;5124895
20180319;95.44;95.48;93.8;94.84;2610389
20180320;95.35;95.65;94.72;94.95;2501623
20180321;94.62;96.27;94.4;94.74;2123972
20180322;93.74;93.96;91.12;91.41;4113899
20180323;91.82;92.36;90.41;90.45;5100420
20180326;91.37;92.99;90.8;92.62;2769845
20180327;92.81;93.74;90.87;91.42;4357296
20180328;91.76;93.54;91.6;92.21;5509660
20180329;92.39;94.37;92.29;93.28;4940615
20180402;93.14;93.55;89.96;91;4998386
20180403;91.55;92.93;91.18;92.74;2864528
20180404;91.21;93.92;91.08;93.58;4619167
20180405;94.2;95.05;93.8;94.2;2482315
20180406;93.24;93.81;90.81;91.91;2968942
20180409;92.7;94.24;91.96;92.14;3109723
20180410;93.41;93.69;92.53;93;4614186
20180411;91.94;92.81;91.36;91.6;4064893
20180412;92.52;93.94;92.06;93.35;3137327
20180413;94.13;94.3;92.54;93.03;2510298
20180416;93.78;94.2;93.11;93.6;2811543
20180417;93.96;94.6;93.59;93.86;2651652
20180418;94.04;95.24;94;95.15;4981434
20180419;99.36;102.96;99.05;102.37;11716884
20180420;102.2;102.67;100.37;100.79;5614678
20180423;100.78;101.16;99.91;100.61;3183325
20180424;101.19;101.71;99.58;100.44;5049177
20180425;100;100.3;97.9;98.78;5129150
20180426;98.85;100.51;98.56;100.23;3021102
20180427;99.99;100.29;98.93;99.61;2017355
20180430;100;100.37;98.73;98.75;2567026
20180501;98.82;98.82;97.29;98.58;2915158
20180502;98.06;99.37;97.55;97.63;3541979
20180503;97.17;97.32;95.51;97.14;3572286
20180504;96.35;98.95;96.04;98.35;2363206
20180507;98.53;98.99;98.29;98.58;2152136
20180508;98.78;100.37;98.39;99.74;3199056
20180509;100.22;100.97;99.49;100.5;2694319
20180510;100.71;101.87;100.22;101.38;2847550
20180511;101.49;102.68;101.27;101.42;2522065
20180514;101.69;102.15;101.11;101.29;2234818
20180515;100.82;101.23;99.97;100.74;3442274
20180516;100.28;101.24;100.23;100.59;2135157
20180517;100.65;101.64;100.3;101.22;2876062
20180518;100.93;101.33;100.46;100.99;2927601
20180521;101.57;102.38;101.35;102.04;2084009
20180522;102.32;103.24;102.08;102.7;2910667
20180523;101.82;102.25;100.91;101.93;2553938
20180524;101.69;102.31;100.72;102.01;2230032
20180525;101.35;101.64;100.47;101.1;1850822
