20100104;38.66;39.14;38.55;39.05;4447478
20100105;39.63;40.63;39.62;40.59;8030373
20100106;40.35;40.97;40.2;40.81;5818917
20100107;40.69;43.11;40.59;42.83;7885517
20100108;42.43;43.19;42.01;42.46;6930195
20100111;42.81;42.99;41.68;41.7;5299840
20100112;41.48;42.2;41.32;41.86;6491867
20100113;41.52;42.24;40.72;42.12;6079020
20100114;41.81;42.1;41.29;41.67;4302650
20100115;41.32;42.11;40.9;41.13;7223598
20100119;40.97;43.09;40.81;43.01;7770891
20100120;42.71;43.6;42.32;43.02;7280284
20100121;42.86;43.54;41.45;42.7;11787756
20100122;40.79;40.88;37.31;37.53;22022984
20100125;38.32;38.35;35.65;36.11;17533906
20100126;35.96;36.7;35.15;35.21;13504370
20100127;35.31;36.86;34.65;36.55;11448017
20100128;36.51;37.23;35.76;36.74;10455058
20100129;37.75;37.9;36.7;36.86;8556387
20100201;36.85;37.36;36.47;36.78;8421854
20100202;37.47;38.44;36.92;37.43;9962254
20100203;37.15;37.34;36.38;36.55;5431422
20100204;36.18;36.34;34.85;34.95;9095429
20100205;35.11;35.54;34.03;35.36;8869821
20100208;35.41;35.76;34.6;34.63;4895048
20100209;35.17;36.11;34.86;35.33;5408975
20100210;35.23;36.01;34.97;35.56;4672455
20100211;35.5;35.87;34.83;35.64;4801024
20100212;35.1;35.38;34.68;35.14;7014362
20100216;36.19;36.91;35.95;36.74;8240495
20100217;36.98;37.29;36.45;36.85;6432107
20100218;36.61;37.54;36.61;37.33;5329728
20100219;37.27;37.85;36.86;37.79;6076070
20100222;37.9;38.53;37.68;38.28;6873596
20100223;38.1;38.37;36.83;37.03;7199553
20100224;37.2;37.69;36.91;37.64;4333048
20100225;37.03;37.43;36.4;37.37;5267779
20100226;37.35;37.92;37.04;37.75;3824359
20100301;37.94;38.06;37.23;37.38;4420332
20100302;37.52;38.33;37.47;37.98;3617571
20100303;38.04;38.76;37.46;37.76;5416717
20100304;37.48;37.55;36.58;36.84;9498289
20100305;36.5;38.05;36.15;37.94;10042495
20100308;38.06;38.26;37.56;37.85;4008060
20100309;37.68;39.13;37.5;38.66;6799143
20100310;38.93;39.66;38.74;39.09;5788933
20100311;38.99;39.85;38.75;39.81;4838307
20100312;39.88;40.75;39.46;39.89;6531246
20100315;39.9;40.43;38.95;39.98;7803328
20100316;40.26;40.42;39.27;40.39;7873170
20100317;40.61;40.91;39.95;40.25;5605739
20100318;40.2;40.92;40.03;40.84;5478613
20100319;40.94;41.23;39.75;39.77;7784595
20100322;39.37;40.69;39.33;40.61;6350024
20100323;40.59;41.12;40.3;40.91;4431196
20100324;40.79;41.63;40.66;41.26;5131071
20100325;41.56;42.79;41.56;42.05;6347171
20100326;42.29;42.83;41.63;41.92;4469763
20100329;42.34;42.75;41.79;42.65;4870689
20100330;42.65;43;41.88;41.92;4641627
20100331;41.54;41.83;41.14;41.41;5264596
20100401;41.78;41.86;41.19;41.57;3969995
20100405;41.86;43.21;41.62;43.15;5690151
20100406;42.93;43.38;42.7;43.26;5764921
20100407;43.02;43.68;42.74;43.15;6164605
20100408;42.77;44.16;42.77;43.99;5279989
20100409;44.09;44.42;43.44;43.86;3445710
20100412;43.91;45.35;43.91;45.18;7030404
20100413;45.14;45.2;44.51;44.95;4524567
20100414;45.61;46.4;44.27;46.06;9193766
20100415;46.26;46.31;45.03;45.15;8515032
20100416;45.07;45.47;42.82;43.49;11226913
20100419;43.1;43.82;42.7;43.81;5968075
20100420;44.14;44.6;43.71;44.58;4244540
20100421;44.58;45.06;44.1;44.74;5103085
20100422;44.11;45.85;44.02;45.55;6260949
20100423;47.73;47.73;45.2;46.73;10860014
20100426;46.57;46.84;45.14;45.24;7297638
20100427;44.93;45.52;43.11;43.29;9439934
20100428;43.81;44.5;43.5;43.87;5385462
20100429;44.37;45.32;44.19;44.87;5679160
20100430;44.71;45.11;43.3;43.41;5548896
20100503;43.73;46.36;43.73;46.13;7934856
20100504;45.37;46;44.4;44.89;7513478
20100505;44.14;45.6;43.67;44.24;7756711
20100506;43.93;45.6;40.5;43.12;12246674
20100507;43.05;43.74;40.97;42.14;11135290
20100510;44.11;45.38;43.45;44.2;7256783
20100511;43.41;45.78;43.28;44.78;8386484
20100512;45.35;46.78;44.58;46.61;7920694
20100513;46;46.12;44.9;44.91;6460753
20100514;43.18;43.46;42.11;42.76;12582998
20100517;43.31;43.79;40.86;42.61;11846317
20100518;43.21;43.21;40.63;41.57;12252633
20100519;41.29;43.22;41.18;42.38;12229641
20100520;41.63;43.74;41.29;41.33;15338426
20100521;40.44;42.04;40.26;41.81;12224780
20100524;41.95;42.44;40.86;40.92;5806712
20100525;39.88;40.77;39.08;40.65;8866170
20100526;41.3;41.77;40.01;40.31;6136329
20100527;41.29;42.28;41.07;42.21;4282534
20100528;42.04;42.37;40.9;41.3;4296461
20100601;40.7;41.6;40.45;40.48;4489540
20100602;40.85;41.81;40.2;41.75;5016145
20100603;41.74;41.93;40.77;41.19;5151204
20100604;40.12;40.68;39.03;39.31;7139016
20100607;39.65;40.21;38.36;38.5;5735104
20100608;38.79;39.1;37.71;39.01;7268300
20100609;39.33;39.54;37.83;38.02;7364918
20100610;38.87;40.16;38.57;40.07;6754194
20100611;39.37;40.4;39.32;40.26;6717459
20100614;40.75;40.95;40.07;40.46;5784882
20100615;40.71;42.62;40.67;42.53;8836880
20100616;42.11;42.84;41.87;42.5;6309513
20100617;42.59;42.6;41.87;42.37;5387184
20100618;42.49;42.74;42.11;42.64;4783050
20100621;43.21;44.19;43.13;43.33;6820734
20100622;43.38;44.78;43.02;43.65;7245331
20100623;43.45;43.92;42.78;43.24;5154719
20100624;42.89;43.67;42.55;42.77;6763351
20100625;43.1;43.59;42.16;43.44;6294397
20100628;43.55;43.6;42.65;42.93;3794059
20100629;42.23;42.47;40.52;40.82;7043988
20100630;40.82;41.53;40.15;40.3;5451762
20100701;40.25;40.78;38.66;39.58;7863586
20100702;40.02;40.12;38.6;39.43;4247041
20100706;39.92;40.95;39.04;39.57;4988907
20100707;39.89;42.18;39.89;42.09;6929672
20100708;42.65;43.2;41.89;42.78;4933190
20100709;42.74;43.81;42.52;43.68;4075850
20100712;43.34;43.77;43.05;43.68;2860593
20100713;44.26;45.2;43.93;45;5786958
20100714;44.61;44.62;43.84;44.53;4540270
20100715;44.49;44.5;42.27;43.26;9129539
20100716;42.64;42.72;41.28;41.46;7639076
20100719;41.61;41.8;40.58;40.99;4798989
20100720;40.19;41.5;40.02;41.46;7504038
20100721;41.94;41.98;39.97;40.09;5058800
20100722;40.98;42.6;40.96;42.08;6836601
20100723;40.85;40.98;39.6;40.84;10399504
20100726;40.72;41.7;40.59;41.45;4339104
20100727;41.71;42.19;40.99;41.55;6533997
20100728;41.43;42;41.16;41.77;4991883
20100729;41.68;42.76;41.68;42.42;6660509
20100730;41.94;42.51;41.67;42.33;4536322
20100802;43.09;43.36;42.42;42.78;5762949
20100803;42.39;42.54;41.65;41.93;4760903
20100804;42.18;42.22;41.23;41.64;4278326
20100805;41.21;41.7;41.06;41.17;3821068
20100806;40.66;40.92;39.98;40.92;4626729
20100809;41.04;41.41;40.56;41.27;2575792
20100810;40.68;42.04;40.46;41.48;4811556
20100811;40.7;40.96;39.84;39.86;4651350
20100812;39.41;39.59;38.5;38.61;8206948
20100813;38.59;39.38;38.53;38.82;4497502
20100816;38.62;39.5;38.53;38.93;4182308
20100817;39.29;39.87;39;39.12;4548154
20100818;39.22;39.32;38.59;39.06;3997822
20100819;38.83;38.89;37.44;37.61;6318407
20100820;37.41;38;37.3;37.78;4155674
20100823;37.97;38.43;37.81;37.88;4011074
20100824;37.26;37.65;36.95;37.33;4864267
20100825;37.03;37.37;36.69;37.12;5043361
20100826;37.65;38;37.1;37.21;4361232
20100827;37.5;38.45;36.91;38.21;5424650
20100830;38.05;38.63;37.62;37.64;4823880
20100831;37.63;38.42;37.41;37.87;3733137
20100901;38.25;39.05;38.17;39.03;4939369
20100902;39.15;39.53;38.91;39.52;3483729
20100903;39.98;40.77;39.96;40.69;4110825
20100907;40.28;40.38;38.81;38.85;4752650
20100908;39.01;39.93;38.96;39.08;6960346
20100909;39.89;40.06;38.97;39.4;3867189
20100910;39.5;39.61;38.52;38.89;3900757
20100913;39.6;40.16;39.2;39.45;4754953
20100914;39.19;39.36;38.48;38.6;4452807
20100915;38.25;39.24;38.05;39.09;4263366
20100916;38.88;39.73;38.87;39.51;4489606
20100917;39.66;39.73;38.64;38.67;7636210
20100920;38.9;39.48;38.8;39.33;4588371
20100921;39.3;39.42;38.26;38.33;4835602
20100922;38.37;38.72;37.6;37.89;6325528
20100923;37.55;38.41;37.4;37.67;5994533
20100924;38.35;39.4;38.07;39.35;5365275
20100927;39.38;39.38;38.73;38.77;3660627
20100928;38.86;39.21;38.4;39.15;3547456
20100929;38.89;39.23;38.69;38.93;2860274
20100930;39.21;39.91;38.8;39.55;5612052
20101001;39.93;40.03;38.72;39.3;4673625
20101004;39.23;39.47;38.43;38.57;4842877
20101005;38.94;40.61;38.74;40.39;6730877
20101006;40.3;40.63;39.95;40.16;3750766
20101007;40.46;40.63;39.23;39.27;5375492
20101008;39.41;39.8;39.2;39.36;3405011
20101011;39.47;39.86;39.26;39.68;2491377
20101012;39.56;40.69;39.48;40.57;3960994
20101013;40.86;41.15;39.91;40.43;6419603
20101014;40.18;40.41;39.2;39.89;7169820
20101015;40.24;40.25;36.5;36.86;18954011
20101018;36.86;37.24;36.1;37.23;10508195
20101019;38.25;40.15;37.71;38.76;17154341
20101020;38.79;38.89;37.21;38.75;11237871
20101021;38.89;39.76;38.75;39.3;7079891
20101022;39.24;39.56;38.89;39.12;2711382
20101025;39.45;39.84;38.13;38.24;5967750
20101026;38.14;38.41;37.62;37.77;5813510
20101027;37.5;38.43;37.42;37.91;5151242
20101028;38.21;38.43;37.55;37.92;3127976
20101029;37.66;37.79;37.08;37.27;5144965
20101101;37.41;38;36.88;37.31;5018150
20101102;37.66;37.8;37.11;37.37;3822622
20101103;37.47;37.81;37.16;37.76;4328703
20101104;38.3;39.44;37.92;39.3;6998387
20101105;39.44;41;39.1;40.36;7910844
20101108;40.1;40.62;39.78;40.08;4272888
20101109;40.26;40.26;38.49;38.73;4981662
20101110;38.9;39.7;38.57;39.66;4973585
20101111;39.19;39.64;38.93;39.51;3375241
20101112;39.23;39.57;38.7;39.27;4467184
20101115;39.43;40.52;39.38;39.69;4852408
20101116;39.38;39.57;38.66;38.82;5681716
20101117;38.78;38.98;38.13;38.27;3966531
20101118;38.72;38.9;37.98;38.06;5124586
20101119;37.85;38.12;37.5;37.82;4861290
20101122;37.69;37.75;37;37.12;5174157
20101123;36.81;37.17;36.44;36.55;4925115
20101124;36.81;37.84;36.65;37.7;4737430
20101126;37.29;37.57;37;37;1481972
20101129;36.8;37.88;36.54;37.73;5008504
20101130;37.36;37.67;37.07;37.23;4649269
20101201;37.79;38.25;37.52;38.13;4689250
20101202;38.11;39.06;37.8;38.95;4658071
20101203;38.66;38.84;38.16;38.76;4197199
20101206;38.67;38.79;38.33;38.52;2362527
20101207;38.93;39.36;38.37;38.57;3937373
20101208;38.57;40.58;38.46;40.53;6391692
20101209;40.8;41.4;40.64;41.27;5956202
20101210;41.76;42.4;41.66;42.21;5281204
20101213;42.61;42.69;41.93;42.22;3955905
20101214;42.2;42.76;42;42.1;3064578
20101215;41.82;41.91;41.29;41.52;4355287
20101216;41.47;41.85;40.8;40.9;7306247
20101217;40.85;41;40.08;40.49;5936903
20101220;40.8;41.23;40.55;41.05;3809219
20101221;41.32;42.42;41.15;42.18;4063247
20101222;42.26;42.91;42.12;42.54;2632060
20101223;42.21;42.79;42.13;42.36;1779116
20101227;42.08;42.83;42.01;42.59;1332099
20101228;42.39;42.95;42.32;42.78;1411959
20101229;42.79;42.9;42.45;42.6;1600793
20101230;42.47;42.58;42.06;42.47;2164950
20101231;42.45;42.7;42.26;42.56;1781740
20110103;43.01;44.1;43.01;43.69;3847715
20110104;43.77;44.1;43.21;43.68;3339988
20110105;43.67;45.52;43.42;45.52;6710873
20110106;45.69;45.85;45.17;45.4;5195305
20110107;45.59;45.68;44.26;45.41;5620233
20110110;44.99;46.11;44.88;45.57;3647072
20110111;45.87;46.62;45.75;46.2;3374325
20110112;46.7;47.38;46.58;47.17;5553985
20110113;47.06;47.2;46.23;46.69;4081518
20110114;46.66;48.62;46.66;48.38;5045918
20110118;49.06;49.06;47.46;48.01;4903702
20110119;47.59;47.9;47.05;47.32;4960035
20110120;47.2;47.48;46.25;47.25;5485537
20110121;47.84;49.69;47.6;49.17;8087093
20110124;49.06;49.3;48.28;48.47;4020005
20110125;47.73;48.4;47.54;48.21;3958631
20110126;48.47;49.14;48.24;48.28;2959160
20110127;48.54;48.89;47.71;48.4;3691922
20110128;48.67;49.05;47.98;48.24;5726279
20110131;48.5;48.6;47.97;48.16;4013329
20110201;48.54;50;48.31;49.86;5156071
20110202;48.97;49.92;48.97;49.46;3822150
20110203;49.39;49.46;48.54;49.05;2695812
20110204;49.19;49.19;48.44;48.76;3043258
20110207;48.99;49.95;48.82;49.53;2648643
20110208;49.62;51.71;49.45;51.58;7630771
20110209;51.26;51.63;50.44;51.03;4817151
20110210;50.78;51.79;50.77;51.7;3820935
20110211;51.55;52.4;51.52;52.06;4225498
20110214;51.96;52.92;51.96;52.76;3811676
20110215;52.69;52.9;51.83;52.11;4099404
20110216;52.39;52.4;51.74;52.11;3722240
20110217;51.99;52.4;51.77;52.13;2667368
20110218;52.3;52.98;51.67;52.69;3793448
20110222;51.91;52.39;50.45;50.73;6293718
20110223;50.8;51.11;49.39;50.34;4699609
20110224;50.36;51.29;49.94;50.63;4408972
20110225;50.86;51.03;49.98;49.99;4678939
20110228;50.25;50.5;49.57;49.77;4722673
20110301;49.88;49.88;48.19;48.26;6300441
20110302;48.13;49;47.79;47.91;3918095
20110303;48.37;49.14;48.14;48.97;5016066
20110304;49.73;49.99;48;48.53;5944491
20110307;48.64;48.76;48.1;48.3;5148267
20110308;48.53;49.53;48.47;49.28;5095030
20110309;48.96;49.68;48.93;49.33;2758889
20110310;48.61;48.63;47.78;48.27;3335855
20110311;48.03;49.88;48;49.57;3882386
20110314;49.11;49.52;48.13;49.46;3890651
20110315;47.93;51.45;47.93;51.1;8401142
20110316;51.08;51.45;50.13;50.2;7106332
20110317;51.12;51.34;50.27;50.78;4103337
20110318;51.55;52.28;50.79;51.05;6330625
20110321;51.76;51.86;50.6;51.24;3713997
20110322;51.23;51.36;50.55;50.56;3525958
20110323;50.57;51.62;50.3;51.41;3562530
20110324;50.61;52.15;49.76;51.86;6809792
20110325;51.97;52.49;51.7;52.23;3164603
20110328;52.46;52.46;51.57;51.58;2494876
20110329;51.63;52.12;51.16;52.01;2360106
20110330;52.3;52.87;51.85;52.11;3435428
20110331;51.89;52.38;51.36;51.96;3044922
20110401;52.53;52.69;51.77;52.09;3129486
20110404;52.09;52.16;51.6;51.82;2184275
20110405;51.71;52.04;51.24;51.67;2931875
20110406;51.84;52.24;51.53;52.15;2507683
20110407;52.1;52.46;51.71;51.95;2696823
20110408;52.05;52.11;51.59;51.65;2499726
20110411;51.69;52.03;51.35;51.5;2649868
20110412;51.23;51.81;50.86;51.62;3050111
20110413;51.99;52.03;51.06;51.53;3735666
20110414;51.24;51.29;50.23;50.25;3366390
20110415;50.31;50.8;49.32;50.03;4422447
20110418;49.44;49.67;48.83;49.44;3015217
20110419;49.48;50.47;49.44;50.22;3454776
20110420;50.82;50.88;50.19;50.53;3177533
20110421;51.43;53.83;51.42;53.26;8836918
20110425;53.4;54.49;53.03;54.45;5012119
20110426;54.79;54.79;53.8;54.61;4012686
20110427;54.8;55.64;54.58;55.44;4888715
20110428;55.33;55.64;55.11;55.2;2927813
20110429;55.23;55.44;54.59;54.73;3091819
20110502;55.13;55.3;54.72;54.78;3570903
20110503;54.73;54.95;54.04;54.04;4456628
20110504;54.13;54.24;52.79;53.17;4833849
20110505;53.07;53.68;52.57;53.14;3970559
20110506;53.93;54.63;53.45;53.79;4091518
20110509;53.53;53.85;53.16;53.37;2311623
20110510;53.65;54.06;53.37;53.95;2127228
20110511;53.68;53.87;52.92;53.03;2855368
20110512;53.02;53.16;52.09;52.95;3624461
20110513;52.95;53.12;52.15;52.34;3383602
20110516;52.14;54.02;51.87;53.48;4694054
20110517;53.16;54.87;53;54.87;4806200
20110518;54.98;55.4;54.28;55.37;3851535
20110519;55.68;56.26;55.37;56.21;3608380
20110520;56.02;56.17;54.98;55.07;4595227
20110523;54.35;54.65;54.04;54.09;2551802
20110524;54.24;54.25;52.82;53.03;4020158
20110525;52.91;52.94;52.05;52.41;4220005
20110526;52.22;53.24;51.83;52.87;3354509
20110527;53.16;54.32;53.11;54.04;3487338
20110531;54.46;54.81;53.95;54.34;2776773
20110601;54.03;54.03;52.67;52.75;3792718
20110602;52.75;53.29;52;52.52;3741846
20110603;51.85;52.31;51.5;51.55;3271273
20110606;51.43;51.61;50.33;50.73;4322252
20110607;51;51;49.97;50.16;3657365
20110608;50.05;50.92;49.52;49.7;3853968
20110609;49.98;50.71;49.94;50.15;2508532
20110610;49.97;50.07;48.85;49.54;4200906
20110613;49.81;50.32;49.69;50.06;3415504
20110614;50.52;50.63;48.25;48.43;10303878
20110615;48.09;48.83;47.33;47.87;6700642
20110616;47.85;49.91;47.77;49;9108446
20110617;49.31;49.81;48.24;48.84;6082066
20110620;48.72;50.71;48.57;49.59;5877539
20110621;50.01;50.95;49.82;50.66;4581904
20110622;50.37;51.25;50.22;50.36;3403892
20110623;49.72;50.66;49.64;50.36;4248272
20110624;50.33;50.5;49.22;49.51;4427006
20110627;49.59;50.89;49.29;50.76;3623010
20110628;50.92;51.58;50.44;51.42;3590305
20110629;51.76;52.35;51;52.26;5180484
20110630;52.38;52.6;51.28;51.67;5462933
20110701;51.74;52.83;51.53;52.65;3102780
20110705;52.56;53.17;51.89;53.06;3837139
20110706;52.77;53.18;52.04;53.13;3610018
20110707;54.06;54.97;53.87;54.31;4879629
20110708;53.5;54.26;53.47;53.71;3319684
20110711;52.84;53.37;51.89;52.07;3991091
20110712;52.05;52.95;51.99;52.24;2838096
20110713;51.72;52.11;50.67;50.87;10159234
20110714;50.52;50.7;48.63;48.75;40184141
20110715;49;49.04;47.95;48.5;12886436
20110718;48.39;48.9;47.55;48.35;7534309
20110719;48.52;49.2;47.85;48.56;6713629
20110720;48.82;49.33;48.39;48.95;5740312
20110721;49.26;50.4;49.16;50;8036133
20110722;49.91;50.05;49.48;49.64;3935671
20110725;49.27;49.57;48.76;48.88;4246724
20110726;48.85;49.26;48.22;48.84;4955418
20110727;48.58;48.69;47.55;47.61;5000501
20110728;47.72;48.55;47.53;47.63;3461788
20110729;47.28;48.04;46.58;47.8;5414142
20110801;48.14;48.36;46.92;47.12;5145874
20110802;46.88;47.08;45.07;45.08;7687607
20110803;45.27;46.15;44.34;45.96;6162573
20110804;45.29;45.31;43.1;43.1;8424078
20110805;43.56;43.97;41;42.8;12729749
20110808;41.95;42.56;35.94;37.63;18290190
20110809;39.16;40.88;37.17;40.82;13167024
20110810;41.4;43.57;39.99;41.05;20050880
20110811;41.88;44.66;41.77;44.14;12856480
20110812;44.7;46.12;43.36;43.78;10165497
20110815;44.28;46.15;44.11;45.4;7131275
20110816;44.84;45.18;44.2;44.55;5674435
20110817;44.94;45.37;43.9;44.47;4862588
20110818;42.76;42.95;41.4;41.93;8979924
20110819;41.47;42.96;41.23;41.3;5495277
20110822;42.38;42.71;40.82;41.13;5031810
20110823;41.51;42.8;40.83;42.8;6311389
20110824;42.76;44.68;42.48;43.78;6142727
20110825;44.51;45.56;43.13;43.38;6645590
20110826;43.09;44.54;42.34;44.23;4954469
20110829;44.95;45.39;44.7;45.39;4343916
20110830;45.03;45.84;44.39;45.37;5131451
20110831;45.53;46.46;45.4;46.05;4860496
20110901;45.9;46.28;45.25;45.3;6901794
20110902;43.94;44.04;41.9;42.28;8151151
20110906;40.82;41.83;40.32;41.73;6005276
20110907;42.83;44.27;42.64;44.05;6961124
20110908;43.73;44.28;43.03;43.1;5105958
20110909;42.39;43.03;41.55;41.78;6051722
20110912;40.82;42.71;40.72;42.58;6171612
20110913;42.72;43.58;42.35;42.66;5050549
20110914;43.05;44.12;42.04;43.52;5879994
20110915;43.65;43.72;41.88;43.46;12199928
20110916;43.58;44.04;42.42;42.97;6585851
20110919;41.95;43.05;41.57;42.72;4589234
20110920;43.07;43.51;42.37;42.42;4270626
20110921;42.48;43.22;41.37;41.39;6876035
20110922;40.2;41.93;39.81;40.8;11222223
20110923;40.4;41.19;40.16;40.94;6603748
20110926;41.36;42.99;40.85;42.87;5485304
20110927;44.9;45.19;42.1;42.43;7191584
20110928;42.47;42.86;40.94;40.94;5813885
20110929;42.03;42.13;39.94;41.03;7088561
20110930;40.38;40.89;39.62;39.63;5399224
20111003;39.37;40.23;37.74;37.75;6734165
20111004;37.22;38.99;36.33;38.8;8834161
20111005;38.79;39.67;37.86;39.42;5140975
20111006;39.25;40.69;38.58;40.62;4383798
20111007;40.84;41.67;39.45;39.81;6238443
20111010;40.8;41.93;40.75;41.9;3580869
20111011;41.48;42.95;41.17;42.52;5373037
20111012;42.84;44.26;42.46;43.44;5565415
20111013;42.99;42.99;41.33;41.87;5462276
20111014;42.73;42.73;41.02;42.06;4785887
20111017;41.8;41.85;40.14;40.28;5378351
20111018;40.54;41.51;40.04;41.18;7738088
20111019;41.06;41.62;39.67;39.75;6499817
20111020;39.94;40.59;39.14;40.49;7342389
20111021;41.33;43.49;41.32;43.29;13089476
20111024;43.7;46.06;43.49;45.44;8205187
20111025;44.78;45.48;43.15;43.41;7079533
20111026;44.26;44.86;43.49;44.6;5222459
20111027;46.25;47.31;45.84;47.05;9582349
20111028;46.59;47.19;46.16;46.9;3685670
20111031;46.03;46.79;45.66;45.66;4778159
20111101;44.27;45.05;43.65;43.77;5995472
20111102;44.73;45.6;44.58;45.2;5936161
20111103;45.72;46.93;44.67;46.74;9051677
20111104;46.43;46.43;45.68;46.16;3479798
20111107;45.98;46.54;45.47;46.37;2572581
20111108;46.63;46.94;45.6;46.85;3887068
20111109;45.87;45.99;44.15;44.4;6886173
20111110;45.16;45.29;44.19;44.49;4408637
20111111;45.27;45.45;44.61;45.02;3835862
20111114;44.64;44.76;43.36;43.81;4474382
20111115;43.5;44.3;42.96;43.68;4815839
20111116;43.29;43.3;42.04;42.07;6541845
20111117;41.87;42.45;40.93;41.21;6564012
20111118;41.61;41.94;41.25;41.64;3619534
20111121;40.56;41.29;40;40.98;4817876
20111122;40.89;41.33;40.48;40.77;4054243
20111123;40.31;40.32;39.3;39.85;5796076
20111125;40.02;40.65;39.87;40.02;1957666
20111128;41.52;41.88;41.4;41.86;7313337
20111129;41.76;42.05;41.49;41.53;5136500
20111130;42.96;44.71;42.8;44.66;7308869
20111201;44.18;44.96;44.14;44.75;5876587
20111202;45.11;46.1;45.03;45.34;6179552
20111205;46.24;47.25;45.84;46.8;6877605
20111206;46.59;46.66;45.33;45.68;5149819
20111207;45.25;46.52;44.83;46.26;3037757
20111208;45.81;45.9;44.62;44.72;4375100
20111209;45.28;46.2;45.21;46.07;3790607
20111212;45.45;45.52;44.8;45.15;3142221
20111213;45.58;46;44.13;44.6;4962352
20111214;44.36;44.93;44.13;44.33;4573249
20111215;44.94;45.13;42.82;43.05;9205389
20111216;43.29;43.86;43.14;43.39;5886640
20111219;43.51;43.56;41.43;41.56;5685001
20111220;42.5;43.2;41.74;41.75;8392275
20111221;41.63;41.98;41.27;41.94;8169625
20111222;42.13;42.94;41.9;42.64;5338951
20111223;43;43.13;42.46;43.1;2598638
20111227;42.78;43.25;42.48;42.49;1888354
20111228;42.4;42.65;41.68;41.72;2604305
20111229;41.98;42.68;41.82;42.64;4078930
20111230;42.7;42.77;42.29;42.29;2795732
20120103;43.39;44.14;43.36;43.75;5752660
20120104;43.5;44.75;43.12;44.5;6322467
20120105;44.2;46.22;44.05;45.18;6687318
20120106;45.3;45.9;44.93;45.16;3345356
20120109;45.31;46.34;45.18;46.25;5580533
20120110;46.91;48;46.52;47.68;8358742
20120111;47.45;48.17;47.1;47.71;4074687
20120112;48.07;48.48;47.41;48.4;6007478
20120113;47.81;48.97;47.44;48.89;5043142
20120117;49.19;49.6;48.7;48.8;5362045
20120118;48.68;49.44;48.37;49.12;4481981
20120119;49.39;49.63;48.54;48.77;6800555
20120120;45.15;46.3;44.75;46.03;17119510
20120123;45.91;46.2;45.54;46.09;5497885
20120124;45.64;45.72;44.8;45.04;7190731
20120125;44.88;45.75;44.65;45.61;6115230
20120126;45.75;46.33;45.01;45.61;7281646
20120127;45.16;46.21;45.1;46.05;4680984
20120130;45.37;45.39;44.3;44.8;6571996
20120131;45.09;46.04;44.91;45.75;7679225
20120201;46.02;47.04;46.01;46.65;6047715
20120202;46.85;47.57;46.53;46.99;4440414
20120203;47.74;49.93;47.74;49.3;8144565
20120206;48.86;48.93;47.73;47.9;5286141
20120207;47.83;48.01;47.14;47.29;7334710
20120208;47.18;48.5;47.18;48.38;7100158
20120209;48.49;49.25;47.94;49.1;5409253
20120210;48.51;48.65;48;48.28;3412538
20120213;48.62;48.99;48;48.49;4411076
20120214;48.17;48.17;47.49;47.98;3357098
20120215;49.21;50.02;49.01;49.18;9351591
20120216;49;49.55;48.66;49.29;5861449
20120217;49.33;49.59;48.8;48.83;4397006
20120221;49;49.01;48.33;48.66;5206116
20120222;48.46;48.91;48.11;48.25;3634738
20120223;48.73;49.5;48.31;49.3;6866930
20120224;49.29;49.5;49.05;49.29;4601479
20120227;49.06;49.97;48.86;49.74;4558647
20120228;49.87;50.62;49.76;50.37;6558203
20120229;50.34;51.32;50.21;50.6;28885789
20120301;50.51;50.85;49.95;50.24;6382242
20120302;50.32;50.43;49.67;49.89;3820789
20120305;49.86;49.92;49.07;49.38;3270134
20120306;48.8;49;48.19;48.27;3383999
20120307;48.23;48.84;48.09;48.59;3932757
20120308;49.03;49.5;48.46;49.43;2970458
20120309;49.58;50.38;49.21;49.82;4252592
20120312;49.8;49.82;48.67;48.98;3295775
20120313;49.38;51.09;49.35;50.95;4705233
20120314;50.86;53;50.71;52.33;9349712
20120315;51.88;54.2;51.87;53.63;23151955
20120316;54.15;55;53.99;54.5;8570054
20120319;54.94;56.19;54.6;55.1;7638485
20120320;54.84;55.35;54.36;55.13;6386682
20120321;55.77;56.11;55.13;55.38;5416863
20120322;54.8;55.24;54.07;54.42;5153925
20120323;54.44;55.86;54.43;55.74;5961310
20120326;56.22;57.19;55.72;57.15;7381635
20120327;57.32;57.49;56.72;56.88;6781264
20120328;56.99;57.3;56.01;56.98;4815674
20120329;56.31;56.73;55.81;56.43;4565942
20120330;56.77;56.9;55.51;55.74;7332322
20120402;55.89;56.95;55.46;56.36;4845431
20120403;56.34;56.54;55.78;56.34;3520641
20120404;55.45;56.1;55.01;55.39;4819322
20120405;55.11;56.22;55.07;55.65;4385150
20120409;54.74;54.78;53.95;54.24;4577810
20120410;54.07;54.42;52.51;52.69;6762966
20120411;53.25;53.91;53.11;53.73;5552728
20120412;53.72;54.73;53.45;54.65;3357443
20120413;54.53;54.55;53.39;53.47;3474170
20120416;53.86;54.33;52.86;53.28;4481429
20120417;53.72;54.34;53.21;54.02;3897769
20120418;53.67;54.98;53.38;54.26;3687125
20120419;54.19;54.45;53.49;53.93;4614617
20120420;54.78;54.99;53.82;53.85;6847705
20120423;53.77;54.23;53.34;54.08;5286658
20120424;54.16;55.19;54.04;54.36;5737176
20120425;54.83;55.09;54.14;54.92;4368366
20120426;54.79;55.48;54.3;54.84;4388136
20120427;55.1;56.28;55.05;56.06;4310748
20120430;55.85;56.1;55.1;55.48;2518164
20120501;55.28;56.9;55.28;56.02;3137127
20120502;55.85;56.31;55.22;56.08;3783666
20120503;56.29;56.34;55.37;55.56;3405058
20120504;54.91;55.22;53.82;54.52;4738903
20120507;54.08;55.05;54.08;54.65;3068930
20120508;54.62;55.03;53.28;54.07;5603856
20120509;53.56;53.92;52.72;53.53;5449229
20120510;54.1;54.94;54.09;54.31;4575604
20120511;53.75;54.73;53.59;54.37;4464393
20120514;53.65;53.87;52.31;52.31;4206312
20120515;51.93;52.48;51.16;51.28;7022472
20120516;51.58;52.01;50.28;50.3;6592624
20120517;50.15;50.69;49.72;49.8;5341491
20120518;49.92;50.06;48.9;49.13;5198431
20120521;49.14;50.13;48.86;49.88;4339277
20120522;50.06;51.48;49.89;50.29;4536903
20120523;49.68;50.46;49.01;50.34;4676934
20120524;50.98;51.72;50.72;51.72;4834114
20120525;51.49;51.92;50.96;51.13;2822260
20120529;51.45;52;50.92;51.88;2917909
20120530;51.43;51.43;50.45;50.98;3989300
20120531;50.92;51.81;50.15;51.37;3735209
20120601;50.13;50.19;48.03;48.4;7070014
20120604;48.53;49.26;47.99;48.68;5048269
20120605;48.6;50.34;48.54;50.27;5720046
20120606;50.82;51.2;50.36;50.61;5408809
20120607;51.48;51.95;50.82;51.17;5182328
20120608;50.84;52.61;50.77;52.59;4203207
20120611;53.25;53.31;51.73;51.78;4417804
20120612;52.17;53.33;51.46;53.08;4605752
20120613;52.74;53.06;51.75;52.07;5487704
20120614;52.32;53.36;51.96;53.01;4395263
20120615;53.52;54.01;53.09;53.81;9438364
20120618;53.6;54.35;53.33;54.11;3457627
20120619;54.42;55.29;54.39;55.05;4146967
20120620;55.16;55.4;54.04;54.43;4547371
20120621;54.85;54.93;52.93;53.03;4282041
20120622;53.43;53.61;52.75;52.93;7731860
20120625;51.74;52.65;51.64;52.19;3150054
20120626;52.3;53.45;52.16;53.14;3399253
20120627;53.16;53.41;52.56;53.17;3162860
20120628;52.62;53.5;52.27;53.46;2883651
20120629;54.79;54.91;54;54.66;3741892
20120702;54.87;54.9;53.82;54.75;2516277
20120703;54.59;55.34;54.54;55.1;1318962
20120705;54.74;54.98;54.08;54.53;1870591
20120706;53.86;54.17;53.71;54.02;1874046
20120709;53.89;54.28;53.46;54.23;1683727
20120710;53.8;54.84;53.31;53.55;2100937
20120711;53.6;54.39;53.23;54.04;3051050
20120712;53.53;53.69;52.88;53.36;2489136
20120713;53.47;54.58;53.29;54.42;2323199
20120716;54.04;55.8;54.04;55.09;4669060
20120717;55.65;55.99;54.65;55.83;2692651
20120718;55.62;55.71;54.42;54.89;4197377
20120719;55.7;58.69;55.61;56.37;11291662
20120720;56.13;56.71;55.43;55.88;4140780
20120723;54.89;55.54;54.16;55.3;3546918
20120724;55.37;55.95;54.56;55;3576899
20120725;55.33;55.71;54.4;54.87;3534677
20120726;55.77;56.5;55.47;56.36;3540878
20120727;56.81;57.98;56.2;57.6;3368313
20120730;57.5;57.56;56.57;56.9;2618037
20120731;56.84;56.85;55.98;56.49;2419728
20120801;56.71;56.82;55.59;55.64;3025749
20120802;54.93;55.59;54.18;55.17;3686874
20120803;56.13;57.94;56.09;57.58;4622016
20120806;57.64;57.78;56.65;56.69;2808772
20120807;56.9;57.4;56.45;56.58;3592850
20120808;56.14;56.65;55.69;56.56;3498701
20120809;56.49;56.72;55.93;56.55;2439896
20120810;56.23;56.41;55.5;56.1;3220643
20120813;56.25;56.28;55.39;55.59;2598408
20120814;55.9;56.19;54.96;55.13;3148490
20120815;55.13;55.34;54.79;55.04;2924580
20120816;55.14;56.6;55.09;56.23;3796242
20120817;56.58;56.83;55.97;56.79;2507325
20120820;56.48;56.88;56.2;56.49;2442383
20120821;56.56;57.42;56.33;56.47;3558388
20120822;56.26;56.57;55.68;55.88;3103906
20120823;55.77;56.1;55.48;55.63;2499736
20120824;55.49;57.07;55.49;56.87;4428630
20120827;56.92;57.06;56.32;56.83;2071087
20120828;56.51;56.98;56.2;56.67;2036167
20120829;56.79;56.93;56.33;56.47;2263573
20120830;56.13;56.33;55.62;56.02;2480304
20120831;56.36;56.98;55.99;56.53;3857319
20120904;56.5;56.83;56.14;56.49;2774518
20120905;55.81;56.2;55.4;56.17;35628906
20120906;56.75;57.3;56.43;57.16;10024939
20120907;57.3;57.59;56.47;57.41;4794740
20120910;57.55;57.96;56.96;57.04;4441718
20120911;56.97;56.97;56;56.47;7757061
20120912;56.77;58.1;56.77;57.92;7650442
20120913;57.81;59.39;57.32;58.98;5246008
20120914;58.89;59.74;58.71;59.37;5750894
20120917;59.18;59.29;58.61;58.76;4088862
20120918;58.51;58.51;57.5;57.88;3824341
20120919;57.84;58.17;57.62;57.97;4433010
20120920;57.73;58.18;57.55;58.05;3530894
20120921;58.53;58.54;57.23;57.26;5367272
20120924;56.82;58.04;56.62;57.35;3948801
20120925;57.56;57.81;55.87;55.9;6050695
20120926;55.93;55.96;55.14;55.28;3984584
20120927;55.77;57.1;55.73;56.96;5858814
20120928;56.63;57.21;56.18;57.01;4945724
20121001;57.49;58.73;57.49;58.06;3947648
20121002;58.26;58.5;57.8;58.31;3172135
20121003;58.39;58.73;57.89;58.63;2971452
20121004;58.99;59.64;58.68;59.53;4218527
20121005;60.05;60.05;58.74;59;3266566
20121008;58.77;59.1;58.5;59.05;1959539
20121009;58.89;59.15;58.36;58.66;2837813
20121010;58.78;58.78;58.06;58.23;2567422
20121011;58.8;59.19;58.28;58.89;2689246
20121012;58.7;59.11;57.76;58.21;4418817
20121015;56.76;57.9;56.75;57.6;7499995
20121016;58.03;58.5;57.64;58.01;3571968
20121017;58.45;58.54;57.62;58.03;3480694
20121018;57.78;57.87;57.13;57.3;5303418
20121019;59.1;60.89;58.92;60.75;11775600
20121022;61.14;61.33;59.81;60;6039340
20121023;59.35;60.33;59.04;60.02;5923488
20121024;60.2;60.39;59.57;59.67;3622800
20121025;60.29;60.47;59.7;59.97;3048060
20121026;59.16;60.34;59.12;60;2968680
20121031;60.33;60.33;59.48;60.17;3082552
20121101;60.35;61.41;60.15;61.4;4408736
20121102;61.5;61.83;61.08;61.4;4685590
20121105;61.18;61.39;60.3;60.68;2567361
20121106;60.73;61.45;60.57;61.07;2884952
20121107;60.37;60.37;58.9;59.42;4929835
20121108;59.41;59.84;57.55;58.29;6017620
20121109;58.04;59.05;57.81;58.37;2984764
20121112;58.47;58.49;57.53;57.82;2252263
20121113;57.51;58.09;57.03;57.31;2871306
20121114;57.52;57.61;55.98;56.14;3208502
20121115;55.69;55.8;54.45;54.77;7143313
20121116;54.81;56.1;54.81;55.7;5202718
20121119;56.25;58.14;56.13;58.14;4620481
20121120;58.05;58.69;57.7;58.48;2975479
20121121;58.75;58.82;57.99;58.31;1434608
20121123;58.66;58.97;58.5;58.97;882781
20121126;58.47;58.82;58.3;58.67;2210392
20121127;57.91;58.16;57.2;57.61;3778501
20121128;57.22;58.14;56.97;58.08;2422843
20121129;58.47;58.55;57.64;58.26;2341186
20121130;58.1;58.35;57.43;57.6;3341422
20121203;57.84;58.11;57.27;57.33;2889540
20121204;57.37;57.4;56.63;57.02;2391375
20121205;57.24;57.79;56.45;57.05;3125515
20121206;57.93;57.93;56.33;57.27;2945905
20121207;57.64;57.98;56.82;57.07;3205747
20121210;56.91;57.8;56.78;57.5;2931360
20121211;57.66;58.7;57.61;58.26;4002148
20121212;58.39;58.91;57.82;58.42;3744807
20121213;58.4;58.53;57.73;58;3087660
20121214;57.82;57.93;56.67;56.83;3363504
20121217;57.09;58.27;57.05;58.01;3699933
20121218;58.24;59.94;58.24;59.86;5207601
20121219;59.85;59.9;58.71;58.72;3513872
20121220;58.68;59.17;58.3;59.15;6662091
20121221;58.79;59.38;58.31;58.89;4365432
20121224;58.86;58.86;58.39;58.55;578063
20121226;58.61;58.78;57.64;57.79;1674436
20121227;57.89;57.97;56.45;57.35;2366157
20121228;56.93;57.4;56.73;57.1;2073303
20121231;56.77;57.95;56.47;57.93;2733442
20130102;59.53;61.25;59.3;61.23;6661382
20130103;60.89;61.32;60.36;60.55;5730430
20130104;60.78;61.96;60.63;61.96;4273699
20130107;61.8;62.92;61.6;62.88;6413474
20130108;62.49;62.61;61.58;62.16;3831151
20130109;62.37;62.67;62.18;62.31;2895060
20130110;62.73;62.87;62.13;62.87;4569317
20130111;62.49;62.79;61.84;61.99;3377600
20130114;62.78;62.9;60.88;61.28;4908311
20130115;61.09;61.85;61.09;61.7;2781198
20130116;61.41;61.78;61.06;61.75;4058284
20130117;61.88;62.14;61.24;61.59;6044967
20130118;56.59;57.5;56.21;56.99;27137096
20130122;56.86;56.9;56.08;56.16;8789442
20130123;56.32;56.76;56.08;56.24;4815394
20130124;56.24;56.93;56.2;56.86;5488990
20130125;56.98;57.33;56.02;56.32;6656295
20130128;56.58;56.59;55.9;56;5616386
20130129;55.67;56.01;55.13;55.62;6770073
20130130;55.46;56.72;55.45;56.56;5605374
20130131;56.41;56.75;56.18;56.32;4628812
20130201;56.78;57.05;56.32;56.5;6330082
20130204;56.11;56.68;56.01;56.39;4016762
20130205;56.74;57.37;56.47;57.13;4832720
20130206;56.79;57.91;56.71;57.47;4668102
20130207;57.75;57.84;56.79;57.19;5029917
20130208;57.38;57.56;56.89;57.27;3733093
20130211;57.02;57.08;56.33;56.55;3865901
20130212;56.42;56.53;55.33;55.78;8459087
20130213;55.8;56.1;55.05;55.07;7386722
20130214;54.96;55.62;54.74;55.59;6629863
20130215;56.09;56.09;53.68;54.03;9782559
20130219;53.99;54;52.95;53.12;9927133
20130220;52.25;52.99;51.9;52.27;12105838
20130221;52.14;52.42;51.83;52.21;6306541
20130222;52.61;52.66;51.92;52.28;5696397
20130225;52.45;52.57;50.8;50.8;6377039
20130226;51.28;51.61;50.69;51.47;6155322
20130227;51.34;51.73;50.92;51.59;6581849
20130228;51.4;51.63;50.74;51.03;6474654
20130301;50.21;51.95;50.21;51.87;11379037
20130304;51.74;53.23;51.73;53.12;9441436
20130305;53.61;54.85;53.43;53.95;10804399
20130306;54.29;54.6;53.95;54.31;6279888
20130307;54.36;54.71;54.03;54.42;4861261
20130308;54.8;54.84;53.59;54.2;4185707
20130311;54.26;55.02;53.84;54.98;3983941
20130312;55;55.23;54.44;54.6;5322630
20130313;54.62;55.12;54.53;54.63;3115636
20130314;54.82;55.04;54.22;54.51;3736174
20130315;54.66;55.26;54.37;55.19;8661165
20130318;54.53;54.98;54.25;54.66;3220958
20130319;54.94;54.94;53.17;53.64;6082938
20130320;53.97;54.1;53.54;53.91;4944171
20130321;53.48;54.07;53.48;53.71;3293231
20130322;53.69;54.16;53.58;54.1;2431765
20130325;54.4;54.71;53.9;54.59;4540030
20130326;54.9;55.52;54.85;55.06;4867938
20130327;54.65;55.21;54.57;54.82;2531188
20130328;54.75;55;54.65;54.95;2647719
20130401;55.06;55.06;53.44;53.68;3321603
20130402;53.85;54.68;53.85;54.63;4061450
20130403;54.63;54.71;53.94;54.16;4133601
20130404;54.15;55.13;54.08;55.07;4848690
20130405;54.36;54.84;53.82;54.71;3680155
20130408;54.53;55.47;54.32;55.41;2752491
20130409;55.5;56.16;55.4;55.81;4493097
20130410;55.96;56.5;55.74;55.76;3652373
20130411;55.77;55.82;54.79;54.82;4461502
20130412;54.59;54.8;53.91;54.66;4026222
20130415;54.36;54.39;53.06;53.1;5636714
20130416;53.55;53.71;52.75;53.33;4770308
20130417;52.83;53.12;52.45;52.76;5382081
20130418;52.85;53.27;52.34;52.79;5486649
20130419;54.97;56.49;54.4;56.17;13368724
20130422;56.29;56.34;55.13;55.36;4603706
20130423;56.03;56.58;55.49;56.34;5039641
20130424;56.25;57.11;56.19;57.06;5587693
20130425;57.05;57.55;56.78;57.03;4304015
20130426;57.17;57.39;56.67;57.15;3425915
20130429;57.3;57.57;57.2;57.51;4659205
20130430;57.49;57.93;57.33;57.78;3219605
20130501;57.78;57.85;57.16;57.35;2752248
20130502;57.33;58.32;57.05;58.18;3556868
20130503;58.7;59.64;58.4;58.52;4101515
20130506;58.47;59.27;58.26;59.05;3410597
20130507;59.1;59.4;58.89;59.08;3236156
20130508;58.84;59.85;58.47;59.84;3885370
20130509;59.69;59.69;58.84;59.15;2566927
20130510;59.29;59.51;58.84;59.51;2723365
20130513;59.38;59.52;58.5;58.81;2380612
20130514;58.96;59.8;58.89;59.6;3261536
20130515;59.59;60.28;59.33;60.11;3206947
20130516;59.92;60;58.98;59.15;3576660
20130517;59.51;60.95;59.38;60.83;4108234
20130520;60.72;62.07;60.72;61.81;3618756
20130521;61.86;62.41;61.59;62.11;3339320
20130522;62.13;63.63;61.23;61.54;5850066
20130523;60.98;61.66;60.5;61.24;3538875
20130524;60.81;61.22;60.5;61.13;3902903
20130528;62;62.53;61.74;61.81;5252056
20130529;61.32;62.02;61.07;61.6;3918277
20130530;61.73;62.98;61.54;62.43;5352822
20130531;62.07;62.12;60.93;60.93;5335561
20130603;61.18;62;60.82;61.91;3295906
20130604;61.88;62.26;61.11;61.26;2851611
20130605;61.07;61.36;59.89;60.19;3487113
20130606;60.13;60.79;59.67;60.77;2940204
20130607;61.31;62.39;61.25;62.33;3685484
20130610;62.34;62.94;62.18;62.54;2270848
20130611;61.9;62.17;61.27;61.46;2624275
20130612;61.86;62.11;61.12;61.38;2058126
20130613;61.43;62.5;61.16;62.35;2415515
20130614;62.2;62.22;60.58;61.01;3501742
20130617;61.42;62.04;60.87;62;3936777
20130618;61.93;62.28;61.79;62.1;3661806
20130619;62.25;62.39;61.62;61.81;3641471
20130620;61.72;62.5;61.39;61.62;5222973
20130621;62.09;62.16;60.71;61.36;4596052
20130624;60.93;61;59.81;59.97;3147318
20130625;60.51;61.42;60.42;61.11;2926151
20130626;61.6;61.88;61.15;61.57;2749324
20130627;62;63;61.84;62.69;2651521
20130628;62.41;63.12;61.77;62.81;3695840
20130701;63.17;63.99;63.09;63.59;2924243
20130702;63.64;64.72;63.59;64.24;4960396
20130703;63.82;64.14;63.33;63.92;1511571
20130705;64.53;65.66;64.29;65.66;2451124
20130708;66.07;66.33;65.28;65.54;3291655
20130709;65.93;66.14;65.38;65.53;2890835
20130710;65.53;65.53;64.6;64.91;3135935
20130711;65.71;65.93;65.1;65.81;2801059
20130712;65.99;66.96;65.82;66.81;2192775
20130715;67.63;67.7;66.17;66.85;2027474
20130716;66.76;67.08;65.94;66.68;1974017
20130717;66.77;67.06;65.97;66.9;3079987
20130718;66.9;67.52;66.42;67.05;3842892
20130719;69.06;70;68.22;69.14;5275751
20130722;69.27;69.4;68.8;69.19;3198279
20130723;69.24;69.38;68.74;69.01;2417666
20130724;69.14;69.49;68.67;68.72;2190989
20130725;68.06;68.76;67.25;68.72;3715325
20130726;68.5;68.78;67.86;68.76;2549348
20130729;68.42;68.54;68.18;68.45;1942139
20130730;68.97;69.22;68.26;69.17;3325113
20130731;69.13;69.52;68.5;69.02;5287866
20130801;69.48;69.79;68.88;69.7;3170701
20130802;69.46;69.72;69.35;69.59;2535170
20130805;69.37;69.64;69.13;69.5;1998315
20130806;69.44;69.53;68.84;69.29;2698093
20130807;69.03;69.03;67.87;67.93;3996146
20130808;68.48;68.81;68.17;68.42;2734222
20130809;68.41;68.83;68.17;68.23;2402022
20130812;68;68.5;67.74;68.42;1890158
20130813;68.38;68.88;67.91;68.56;1386459
20130814;68.45;68.76;68.34;68.36;1487851
20130815;68.08;68.25;66.82;67.01;2640113
20130816;66.89;67.69;66.84;67.16;2403786
20130819;66.87;67.22;65.89;65.91;2156433
20130820;65.96;67.04;65.67;66.59;1990794
20130821;66.38;66.82;65.85;66.16;1853427
20130822;66.58;67.03;66.19;66.68;1462711
20130823;67.06;67.06;66.1;66.67;1149142
20130826;66.58;66.81;66;66;1352487
20130827;65.39;65.63;64.15;64.31;2850243
20130828;64.35;64.57;63.65;64.04;3039336
20130829;63.91;64.84;63.69;64.38;1685494
20130830;64.46;64.7;64.24;64.55;2026143
20130903;65.31;65.6;63.99;64.4;1833975
20130904;64.34;65.2;64.21;65.03;1783282
20130905;65;65.98;64.92;65.58;1814974
20130906;65.64;65.73;64.34;65.38;1699711
20130909;65.49;66.48;65.34;66.46;1885814
20130910;67;68.02;66.81;67.85;2572858
20130911;67.89;68.1;67.33;67.62;2219247
20130912;67.57;68.19;67.55;67.95;2912050
20130913;67.96;68.18;67.32;67.49;1950389
20130916;68.19;68.7;67.47;67.65;3060920
20130917;67.91;69.24;67.84;69.12;3314720
20130918;68.96;69.65;68.69;69.28;2644874
20130919;69.55;69.76;68.85;69.04;1911665
20130920;69.09;69.56;68.95;69.1;3309305
20130923;68.75;68.84;67.97;68.45;2590813
20130924;68.34;69.38;67.85;68.49;3254488
20130925;68.72;69.7;68.37;69.19;3167970
20130926;69.07;69.84;68.88;69.12;1821780
20130927;68.74;69.11;68.6;68.92;2166190
20130930;68.48;69.05;68.07;68.74;2940505
20131001;69.04;70;68.95;69.79;2769977
20131002;69.44;69.55;68.88;69.55;2480779
20131003;69.16;69.7;68.38;68.78;2289223
20131004;68.88;70.49;68.73;70.32;3046395
20131007;69.63;69.65;68.82;68.88;2586962
20131008;68.88;69.14;67.6;67.83;3565667
20131009;67.9;68.38;67.36;68.1;2626331
20131010;69.1;70.91;69.08;70.76;3158555
20131011;70.75;71.94;70.62;71.91;2294942
20131014;71.62;72.35;71.08;72.1;3674382
20131015;71.93;72.17;71.29;71.59;4403047
20131016;71.89;72.64;71.83;72.25;3932290
20131017;72.1;72.54;71.63;72.15;4604586
20131018;72.8;72.99;70.95;71.6;6242189
20131021;71.8;71.95;71.16;71.27;3603299
20131022;71.45;71.62;70.52;71;4767540
20131023;70.86;70.86;70.15;70.54;3294024
20131024;70.82;70.85;70.12;70.65;3095400
20131025;70.59;70.82;70.07;70.38;3311958
20131028;70.37;71.13;70.02;70.77;2322264
20131029;70.87;71.38;70.84;70.93;2659136
20131030;70.82;71;69.68;69.8;3201740
20131031;69.58;69.67;68.67;68.67;4563348
20131101;68.79;69.45;68.63;69.39;2470595
20131104;69.52;69.69;69.16;69.61;2578598
20131105;69.5;70.14;69.12;69.96;2748453
20131106;70.48;70.48;68.92;69.29;3264665
20131107;69.59;69.9;68.82;68.85;2946493
20131108;68.9;70;68.85;69.59;3932290
20131111;69.63;69.95;69.46;69.68;2086093
20131112;69.66;69.88;69.32;69.51;2515281
20131113;69.28;70.07;68.8;70.06;3378984
20131114;70.13;70.88;70.11;70.69;2640987
20131115;70.4;70.93;70.24;70.37;2738845
20131118;70.44;70.58;69.32;69.42;3286812
20131119;69.42;69.59;69.02;69.25;2335746
20131120;69.89;69.91;68.74;68.8;2884729
20131121;69.25;69.85;69.06;69.63;2755034
20131122;69.96;69.96;69.04;69.61;3018442
20131125;69.73;70.78;69.6;70.41;2474472
20131126;70.54;71.12;70.39;70.81;2322660
20131127;71.09;71.6;70.84;71.51;1967343
20131129;71.69;72.18;71.32;71.63;1699734
20131202;72.65;73;71.86;72.1;3869144
20131203;71.92;72.15;71.35;71.63;4238745
20131204;71.28;72.64;71.15;72.35;3459587
20131205;72.25;72.42;71.6;71.94;3508490
20131206;72.77;73.19;72.33;72.6;4134504
20131209;73.02;73.33;72.8;73;2612361
20131210;72.71;73.22;72.36;72.82;1858024
20131211;73;73.22;71.69;71.86;3254589
20131212;71.69;71.89;71.02;71.48;2558488
20131213;71.69;71.81;71.09;71.47;1837791
20131216;71.76;72.5;71.55;72.18;2232728
20131217;72.72;72.95;71.47;71.79;2014410
20131218;71.88;73.51;71.22;73.45;3311900
20131219;73.36;73.78;72.77;73.64;2984489
20131220;73.94;74.81;73.61;74.73;4705197
20131223;74.95;75.33;74.5;75.01;1910873
20131224;75.07;75.47;74.97;75.38;666687
20131226;75.62;76;75.4;75.88;1615343
20131227;75.87;75.96;75.51;75.78;693491
20131230;75.97;76.16;75.54;75.82;1429309
20131231;76;76.71;75.85;76.61;1935417
20140102;76.61;77.73;76.6;77.25;3070336
20140103;77.24;77.6;76.91;77.34;1940049
20140106;77.55;78.07;76.57;76.59;3489172
20140107;78.31;78.49;77.13;77.28;5042109
20140108;77.22;77.92;77.18;77.85;3035146
20140109;78.06;78.34;77.74;77.85;3648048
20140110;77.98;78.24;77.4;78.02;2324484
20140113;77.62;77.91;76.14;76.37;2639606
20140114;77.28;77.72;76.82;77.36;2530871
20140115;77.25;77.52;76.81;77.03;3054776
20140116;77.1;77.23;76.31;76.44;3132277
20140117;73.88;73.91;72.28;72.39;10411620
20140121;72.8;73.14;72.41;72.61;6158524
20140122;72.69;72.97;72.46;72.65;4125256
20140123;72.36;72.36;71.06;71.54;4323943
20140124;71.24;71.78;70.57;70.57;3776555
20140127;70.55;70.75;69.72;69.95;3277837
20140128;69.97;71.11;69.93;70.87;2293296
20140129;70.08;70.92;69.78;69.87;2906182
20140130;70.61;71.31;70.28;70.96;2205913
20140131;69.94;70.99;69.72;70.61;3228783
20140203;70.52;70.61;68.59;68.87;3857134
20140204;69.12;69.66;68.36;68.72;3110966
20140205;68.61;68.84;67.86;68.66;2667868
20140206;68.66;69.98;68.56;69.92;2295893
20140207;70.12;71.42;70.12;71.4;3551485
20140210;71.4;71.97;70.91;71.37;2091919
20140211;71.32;71.88;71.04;71.26;3026193
20140212;71.4;72.1;71.28;71.66;2378687
20140213;70.81;72.42;70.81;72.37;2839791
20140214;72.2;72.54;72.08;72.4;1603532
20140218;72.68;73.1;72.23;72.42;1850102
20140219;72.14;72.59;70.9;70.95;2275328
20140220;70.89;70.99;70.21;70.84;2789352
20140221;70.84;71.54;70.58;70.97;2969861
20140224;70.97;72.1;70.97;71.73;2823375
20140225;71.81;71.86;70.72;71.04;3350677
20140226;71.18;71.62;70.79;71.33;2298712
20140227;71.36;72.73;71.22;72.62;2609420
20140228;72.83;74.07;72.82;73.43;2754212
20140303;72.69;72.81;71.97;72.24;2040433
20140304;73.08;73.79;72.64;73.67;2572958
20140305;73.65;74.6;73.31;74.36;2438901
20140306;74.51;75.23;74.26;75.03;2879611
20140307;75.33;75.86;74.73;75.01;2486957
20140310;74.76;75.29;74.48;75.15;1939064
20140311;75.52;75.52;74.16;74.36;2075221
20140312;73.87;74.36;73.74;74.19;1936476
20140313;74.64;74.77;72.54;72.73;2876654
20140314;72.53;73.31;72.06;72.19;2321240
20140317;73.91;73.95;72.84;73.83;1911065
20140318;73.97;74.03;73.34;73.55;1796890
20140319;73.64;74.25;72.83;73.11;2864838
20140320;72.88;74.35;72.83;74.28;2724810
20140321;75.14;76.93;74.69;75.4;7080614
20140324;75.51;75.86;74.88;75.2;2245568
20140325;75.51;75.97;75.1;75.32;2884139
20140326;75.64;76.09;74.92;74.96;2845651
20140327;75.58;76.4;75.07;75.88;3924476
20140328;76.02;76.61;75.66;76.09;2023974
20140331;76.7;77.55;76.59;77.16;2549651
20140401;77.33;77.45;76.56;76.78;2171748
20140402;76.86;77.37;76.55;77.15;2521059
20140403;77.28;77.68;77;77.47;2395854
20140404;77.76;77.91;76.54;76.7;3008724
20140407;76.52;76.54;75.04;75.55;3863987
20140408;75.49;76.1;74.99;75.68;3056034
20140409;75.84;76.44;75.22;76.34;3582275
20140410;76.4;76.51;74.07;74.07;4814273
20140411;73.4;74.83;73.06;74.04;2741259
20140414;74.87;74.94;73.21;74.06;2979827
20140415;74.39;75.33;73.56;74.52;3107738
20140416;75.27;75.55;74.63;75.16;3643623
20140417;75.59;75.89;74.72;74.89;4793960
20140421;75.46;75.94;74.93;75.05;4336375
20140422;75.07;75.74;74.84;75.11;4021793
20140423;75.06;75.42;74.78;74.92;3381220
20140424;75.31;75.41;74.55;74.74;2729408
20140425;74.54;74.74;73.2;73.34;3946863
20140428;73.81;74.08;72.63;72.95;6126404
20140429;73.44;73.66;73.21;73.51;4016061
20140430;73.52;74.02;73.23;73.9;4251697
20140501;73.9;74.54;73.39;74.53;4774352
20140502;74.76;75.98;74.45;75.82;5635034
20140505;75.8;75.86;75.2;75.81;3188859
20140506;75.33;75.82;74.76;74.98;3497825
20140507;75.17;76.49;75.17;76.42;2835868
20140508;76.01;76.9;75.87;76.17;3275157
20140509;76.21;76.65;76.02;76.43;2750633
20140512;76.88;77.78;76.88;77.73;2566514
20140513;77.76;77.97;77.18;77.51;2476764
20140514;77.28;77.54;76.06;76.17;2620689
20140515;75.99;76.43;75.35;76.42;3354463
20140516;76.21;76.28;75.17;75.77;3325058
20140519;75.7;76.16;75.6;76.1;2264118
20140520;76.09;76.25;75.33;75.48;1928642
20140521;75.8;76.79;75.7;76.67;1830279
20140522;76.5;77.08;76.5;76.65;1936327
20140523;76.43;77.28;76.43;77.19;1701982
20140527;77.19;78.2;77.16;77.75;2028467
20140528;77.98;78.88;77.93;78.55;2939366
20140529;78.59;78.9;78.17;78.72;2464059
20140530;78.65;79.24;78.61;78.89;2424754
20140602;78.92;79.03;78.2;78.63;2454513
20140603;78.47;79.07;78.11;78.78;2410697
20140604;78.69;79.28;78.6;79.18;2094371
20140605;78.9;79.97;78.81;79.82;2088286
20140606;79.91;80.97;79.78;80.8;2655405
20140609;81;82.32;80.96;81.99;3340986
20140610;81.81;81.96;81.48;81.71;2537629
20140611;81.57;81.57;80.3;80.83;3373657
20140612;80.61;81.25;80.61;80.93;2920728
20140613;80.91;81.04;80.13;80.47;3259908
20140616;80.38;81.4;80.15;81.04;3272953
20140617;80.82;81.55;80.77;80.9;5594619
20140618;80.82;81.74;80.2;81.65;5820221
20140619;81.97;82.22;81.34;82;3867238
20140620;82.4;83.89;82.38;83.43;6220901
20140623;83.18;83.57;82.75;83.49;3117454
20140624;83.35;83.72;82.42;82.45;3538361
20140625;82.14;82.59;81.94;82.33;2554555
20140626;82.25;82.52;81.54;82.49;1977292
20140627;81.06;83.19;81.06;83.01;2723118
20140630;83;83.08;82.48;82.6;2349141
20140701;83.12;83.53;82.88;83.02;3252605
20140702;83.29;83.68;83.15;83.6;2830366
20140703;84.2;84.98;83.91;84.95;2811537
20140707;84.31;84.6;83.29;83.57;2501767
20140708;83.29;83.61;82.89;83.23;2640652
20140709;84.15;84.95;83.68;84.39;2773005
20140710;83.04;84.08;82.99;83.69;2401664
20140711;83.77;84.08;83.32;83.96;1934506
20140714;84.64;84.9;83.89;84.01;2608476
20140715;84.39;85.39;84.34;84.9;3029198
20140716;85.05;85.16;84.06;84.38;3356705
20140717;84.07;84.28;82.41;82.49;4084183
20140718;83.68;83.9;82.06;82.29;6368537
20140721;82.32;82.42;81.78;81.92;3595427
20140722;81.91;82.39;81.89;82.12;3966360
20140723;82.33;82.39;81.95;81.99;2851435
20140724;82.54;82.61;82.17;82.4;3619962
20140725;82.11;82.52;81.57;81.65;2929585
20140728;83.11;83.52;81.16;81.53;2386632
20140729;81.53;81.91;81.18;81.19;2139244
20140730;81.48;81.8;81.02;81.56;2806256
20140731;81.11;81.18;79.54;79.54;3243406
20140801;79.04;80.02;78.87;79.49;4016735
20140804;79.8;80.22;79.4;80.22;5056858
20140805;79.71;79.92;78.65;78.79;3695288
20140806;78.38;79.08;78.25;78.76;2820854
20140807;78.85;78.92;77.88;78.04;2346363
20140808;78.12;78.9;77.7;78.88;2279590
20140811;79.03;79.34;78.59;78.71;1745057
20140812;78.39;79.42;78.39;79.34;2927259
20140813;79.64;79.96;79.39;79.88;2593960
20140814;79.91;80.15;79.63;79.79;1611069
20140815;80.17;80.24;78.74;79.3;2364873
20140818;79.87;80.42;79.77;80.42;3003542
20140819;80.63;80.68;80.42;80.48;1687540
20140820;80.45;81.02;80.26;80.92;2159609
20140821;81.21;81.82;80.97;81.69;2863888
20140822;81.65;82;81.2;81.3;1458781
20140825;81.87;82.66;81.82;82.06;2188219
20140826;82.13;82.25;81.74;81.8;1458648
20140827;81.99;82.02;81.69;81.96;1556755
20140828;81.5;81.79;81.21;81.59;1200591
20140829;82.05;82.42;81.79;82.06;1897876
20140902;82.34;82.69;81.87;82.58;2808885
20140903;82.81;82.93;82.44;82.53;2207396
20140904;82.68;83.1;82.18;82.5;1892616
20140905;82.5;82.85;82.14;82.69;1620617
20140908;82.42;82.78;81.85;82.08;1906580
20140909;81.99;82.06;81.48;81.52;1945701
20140910;81.61;82.23;81.2;81.23;3078661
20140911;81.04;81.34;80.93;81.23;2129770
20140912;81.12;81.22;80.66;80.94;2949562
20140915;81.12;81.78;80.92;81.5;3621135
20140916;81.55;82.49;81.25;82.18;2891496
20140917;82.48;83.27;82.13;82.88;4075005
20140918;83.16;83.99;82.97;83.67;4199214
20140919;84.42;84.66;83.89;84.07;4328500
20140922;83.93;84.35;83.25;83.29;2112460
20140923;82.81;83.2;82.04;82.05;2805858
20140924;82.21;82.52;81.66;82.42;2158865
20140925;82.27;82.51;81.01;81.01;3232268
20140926;81.05;81.81;80.88;81.61;2292045
20140929;80.79;82.03;80.75;81.83;3133564
20140930;81.94;82.4;81.56;81.62;3460891
20141001;81.75;81.91;80.57;80.61;3336102
20141002;80.68;81.5;80.14;81.13;2721753
20141003;82.08;82.66;82.03;82.28;3397177
20141006;82.81;82.99;81.82;82.22;1952597
20141007;81.54;81.81;80.82;80.82;3123855
20141008;81.11;82.94;80.71;82.76;3370737
20141009;82.61;83.1;81.33;81.44;2954730
20141010;81.44;82.14;80.34;80.36;2738861
20141013;80.23;80.81;79.41;79.48;2988101
20141014;79.61;80.48;79.54;80.03;2889723
20141015;79.05;80.19;77.83;79.21;7118001
20141016;77.85;79.46;77.26;78.53;5980594
20141017;75.99;76.77;75.08;76.43;9753040
20141020;76.23;76.73;76;76.5;4578807
20141021;77.29;78.74;76.69;78.7;4667384
20141022;78.51;78.77;77.8;77.85;3531475
20141023;78.68;78.92;78.21;78.39;2306301
20141024;78.65;79.35;78.44;79.27;2289690
20141027;79.25;79.68;78.86;79.04;2675654
20141028;79.61;80.8;79.55;80.69;2251720
20141029;80.83;81.8;80.58;81.29;2509496
20141030;81.4;82.36;81.21;81.73;2227375
20141031;82.87;83.07;82.43;82.77;2666565
20141103;83;83.32;82.51;82.67;2061015
20141104;82.77;82.84;81.84;82.47;2199380
20141105;82.69;82.79;81.32;81.6;3954733
20141106;81.6;82.31;81.24;82.08;2413189
20141107;82.22;83.14;82;82.6;2065084
20141110;82.6;83.3;82.54;83.24;2207080
20141111;82.23;83.21;81.83;82.18;3543860
20141112;81.95;82.01;81.26;81.57;2408321
20141113;82.01;82.33;81.2;81.6;2632237
20141114;81.41;81.96;81.41;81.76;2458271
20141117;81.73;81.73;80.37;81.14;2930954
20141118;81.5;82.03;81.25;81.29;2596058
20141119;81.4;81.46;80.48;80.64;2173192
20141120;80.45;81.53;80.22;81.09;2968127
20141121;81.75;81.91;80.93;81.21;2461902
20141124;81.58;82.23;81.51;82.1;1767866
20141125;82.1;82.86;81.99;82.66;2393660
20141126;82.91;83;82.41;82.75;1470007
20141128;82.62;83.69;82.59;83.2;1161917
20141201;82.54;82.8;82.17;82.31;2161032
20141202;82.14;82.8;81.97;82.34;1964396
20141203;82.05;82.57;81.83;82.18;2333475
20141204;81;82.19;81;82.09;2925329
20141205;82.7;83.26;82.43;82.94;2853282
20141208;83.17;83.26;82.48;83.2;3581152
20141209;82.09;83.52;82.09;83.27;3194233
20141210;83.28;83.6;82.3;82.39;4796833
20141211;82.58;83.11;82.19;82.38;2138280
20141212;81.8;82.23;80.15;80.17;3028689
20141215;80.51;80.51;78.58;79.61;4608303
20141216;78.87;79.94;77.72;78.23;3891646
20141217;78.42;79.62;78.15;79.61;5072484
20141218;80.34;82.17;80.33;82.16;4340286
20141219;82.46;82.94;81.72;82.43;4057140
20141222;82.4;82.93;82.08;82.89;2049296
20141223;83.39;83.77;83.21;83.28;1688769
20141224;83.57;83.57;83.19;83.23;1040579
20141226;83.38;83.78;83.18;83.21;957615
20141229;82.96;83.96;82.83;83.3;1601194
20141230;83.09;83.72;82.9;83.31;2069030
20141231;83.83;83.95;82.53;82.55;1523245
20150102;82.79;83.24;81.73;82.49;1485267
20150105;81.57;82.16;80.2;80.59;2683973
20150106;80.73;80.77;78.86;79.09;2932383
20150107;80.16;80.46;79.71;79.99;2434464
20150108;80.71;81.39;80.58;80.77;2011242
20150109;80.9;81.03;79.36;79.37;2744939
20150112;79.79;80;78.65;79.06;2381207
20150113;79.75;80.04;77.63;78.39;3949414
20150114;77.44;77.44;75.51;76.75;4149363
20150115;76.71;78.38;76.64;76.95;3918793
20150116;76.64;77.21;75.55;76.65;4689852
20150120;76.63;77.62;76.44;77.39;3295989
20150121;77.08;77.6;76.6;77.21;2486590
20150122;76.96;77.16;74.75;76.2;7580269
20150123;76.63;78.72;76.63;77.6;4822781
20150126;77.23;78.3;76.5;78.19;4297938
20150127;77.28;77.58;76.7;76.77;3205619
20150128;76.66;76.84;74.43;74.45;4404952
20150129;74.2;75.25;73.89;74.96;4577701
20150130;74.5;74.91;73.11;73.21;4937840
20150202;73.7;74.52;72.77;74.42;3551958
20150203;74.69;75.6;74.54;75.51;2830811
20150204;75.74;76.08;75.08;75.3;3317898
20150205;75.45;75.96;75.41;75.78;3303534
20150206;76.32;77.51;76.07;76.22;3805269
20150209;75.69;77.04;75.29;76.72;2441454
20150210;77.42;77.6;76.75;77.06;2063309
20150211;77.1;77.58;76.9;77.32;1923621
20150212;78.03;79.64;77.89;79.29;3961519
20150213;79.39;79.71;78.64;78.88;3216127
20150217;78.79;80.28;78.77;80;3469093
20150218;79.73;79.99;79.27;79.34;2535281
20150219;79.39;79.75;79.09;79.42;2190662
20150220;79.2;80.42;78.57;80.39;2590534
20150223;80.39;80.39;79.38;80.06;2397464
20150224;79.84;80.82;79.62;80.5;2225269
20150225;80.18;80.42;79.55;79.66;3103759
20150226;79.48;79.97;78.72;79.15;2731679
20150227;78.86;79.41;78.71;78.71;3329248
20150302;78.34;79.28;78.27;79.15;3486426
20150303;79.15;79.42;78.78;79.14;2257001
20150304;78.95;78.98;78.25;78.65;2340494
20150305;78.65;78.97;78.2;78.89;2043229
20150306;79.55;80.71;78.76;78.98;3088665
20150309;78.87;80.02;78.62;79.84;3048141
20150310;79.02;79.11;77.7;77.72;2864719
20150311;78.05;78.53;77.72;78.23;2259602
20150312;79.04;81.52;79.04;81.45;4562460
20150313;81.4;81.4;79.27;80;2770505
20150316;80.64;81.77;80.53;81.47;2888944
20150317;81;81.65;80.67;81.5;2201291
20150318;80.97;81.91;80.51;81.62;2175866
20150319;81.48;81.59;80.53;80.62;2653769
20150320;80.97;81.45;80.76;81.13;3649608
20150323;81.27;81.99;81.18;81.25;1731483
20150324;80.94;80.96;80.13;80.14;2118103
20150325;80.18;80.18;78.84;78.84;1918335
20150326;78.8;78.9;77.89;78.51;2291083
20150327;78.47;79.02;78.05;78.65;2636339
20150330;79.19;79.61;79.06;79.2;1962706
20150331;78.58;79.19;78.45;78.82;2666749
20150401;78.83;80.04;78.57;79.87;3607550
20150402;79.64;80.44;79.46;80.31;1968462
20150406;79.43;80.84;79.14;80.32;2099381
20150407;79.86;80.28;79.67;79.67;2301082
20150408;79.66;81.04;79.65;80.19;2564228
20150409;80.04;80.41;79.62;80.36;1857790
20150410;80.23;80.66;80.01;80.61;2233387
20150413;80.61;81.33;80.43;81.09;1644170
20150414;81.09;81.47;80.77;81.35;2773762
20150415;81.55;82.96;81.36;82.82;3696215
20150416;82.62;83.21;82.52;83.01;2373380
20150417;82.4;82.62;81.82;82;2752579
20150420;82.36;82.64;82.05;82.19;1700001
20150421;82.5;82.61;81.5;81.53;2294923
20150422;81.55;81.89;81.04;81.76;2544289
20150423;81.68;82.34;81.55;81.86;2361803
20150424;80.09;81.06;79.36;80.44;3780660
20150427;80.58;81.07;80.3;80.36;2815742
20150428;80.52;80.92;80.06;80.73;1783539
20150429;80.6;80.99;79.84;80.36;1899864
20150430;80.23;80.85;79.82;80.85;4201151
20150501;81.24;81.99;80.97;81.93;2840021
20150504;82;82.43;81.81;82.26;1934767
20150505;82;83.04;81.94;82.27;2760834
20150506;82.74;82.99;82;82.64;3284637
20150507;82.16;82.32;81.4;82.02;3150832
20150508;82.59;83.36;82.16;83.16;2767448
20150511;83.14;83.66;83;83.31;2109461
20150512;82.89;83.16;82.24;82.91;2438862
20150513;82.98;83.71;82.72;83.65;2172307
20150514;84.12;84.5;83.75;84.47;2390780
20150515;84.63;84.74;83.59;84.03;3146217
20150518;84.24;84.72;84;84.56;1665580
20150519;84.91;85.55;84.69;85.41;2616302
20150520;85.25;85.68;84.92;85.35;2119307
20150521;85.27;85.44;84.8;85.11;2156252
20150522;84.9;85.36;84.61;85.02;1740838
20150526;84.98;84.98;83.48;83.95;2833589
20150527;84.45;85.05;84.11;84.63;2131658
20150528;84.48;84.72;83.88;84.3;1847862
20150529;84.38;84.52;83.32;83.56;2473589
20150601;83.8;84.04;83.13;83.39;2129335
20150602;83.44;84.3;83.27;83.95;2427899
20150603;84;84.91;83.98;84.3;2221364
20150604;83.55;84.28;83.05;83.19;3164012
20150605;83.89;85.01;83.73;84.94;3965382
20150608;85.08;85.37;84.69;84.94;3476658
20150609;84.74;85.72;84.59;85.57;2361681
20150610;85.8;86.99;85.4;86.93;4359677
20150611;86.99;87.94;86.74;87.66;2939069
20150612;87.47;87.78;87.12;87.57;2627504
20150615;86.78;87.59;86.78;87.49;2810064
20150616;87.37;88.12;87.18;88.07;2250457
20150617;88.49;88.49;87.71;87.84;2870436
20150618;88.16;88.65;87.71;88.52;2655712
20150619;88.15;88.76;88.02;88.42;3614848
20150622;89;89.5;88.96;89.32;2141052
20150623;89.93;89.99;89.17;89.38;1881231
20150624;89.31;89.65;89.07;89.09;2153771
20150625;89.48;90.1;88.52;88.85;2431729
20150626;89.16;89.32;88.79;89.06;3244000
20150629;87.87;88.55;87.66;87.75;3131087
20150630;88.52;88.75;87.71;87.97;2827527
20150701;89.01;89.01;88.19;88.6;2728918
20150702;88.72;89.07;88.02;88.32;1903697
20150706;87.41;88;87.25;87.75;1999440
20150707;87.67;87.96;86.35;87.89;2581668
20150708;87.39;87.54;86.12;86.21;2361747
20150709;87.22;87.61;86.7;86.73;2025755
20150710;87.82;88.08;87.1;87.67;1723577
20150713;88.53;89.09;88.11;89.03;2058801
20150714;88.73;89.22;88.58;89.02;1783767
20150715;89.74;90.56;89.04;90.1;2211271
20150716;90.65;91.08;90.51;90.96;2067274
20150717;90.63;91.02;90.27;90.99;2402086
20150720;91.08;91.85;90.58;91.44;2377211
20150721;91.42;92.06;91.2;91.71;2522032
20150722;91.62;92.1;91.28;91.65;2484577
20150723;91.62;91.8;90.6;90.77;2646159
20150724;83.54;83.9;78.23;78.86;16800046
20150727;78.04;79.38;77.95;78.61;7195609
20150728;79.25;79.25;77.8;78.65;7524101
20150729;78.94;79.74;78.89;79.62;4626549
20150730;80.22;81.58;80.11;81.5;4276495
20150731;81.58;81.6;80.9;81.3;3677191
20150803;81.46;81.7;80.79;81.63;3392893
20150804;81.63;81.92;81.25;81.38;2088389
20150805;81.95;82.22;81.33;81.86;3937542
20150806;81.54;81.83;80.86;81.14;3197432
20150807;81;81.63;80.27;80.82;2878978
20150810;81.47;82.67;81.3;82.49;2303083
20150811;81.71;81.92;80.43;80.87;2543836
20150812;80.44;80.89;79.13;80.62;3354408
20150813;80.98;81.42;80.38;80.76;2448666
20150814;80.33;81.36;80.3;81.27;1966952
20150817;80.69;81.78;80.5;81.65;2020164
20150818;81.61;82.08;80.89;81.26;2415339
20150819;80.66;80.87;79.74;80.12;4638972
20150820;79.3;79.77;79.01;79.04;2895632
20150821;78.29;78.82;76.62;76.62;4220448
20150824;71.79;75.87;67.73;73.53;4382570
20150825;75.79;75.85;72.2;72.25;3576976
20150826;73.62;74.91;72.45;74.75;3699864
20150827;75.81;77.63;75.55;77.36;4724871
20150828;77.07;77.52;76.75;77.32;2262219
20150831;77.02;78.11;76.67;77.75;2674332
20150901;75.68;76.07;73.86;74.32;2813042
20150902;75.54;75.94;74.18;75.3;2580172
20150903;75.99;77.35;75.69;76.16;2940985
20150904;74.95;75.32;74.17;74.83;2249796
20150908;76;76.8;75.71;76.79;2613038
20150909;77.52;77.98;75.69;75.86;2254248
20150910;75.46;76.43;75.39;75.87;2530875
20150911;75.59;75.89;74.91;75.65;2324399
20150914;75.81;76.34;75.29;75.76;2658248
20150915;76;76.8;75.92;76.36;3328336
20150916;76.58;77.41;76.19;77.28;2869636
20150917;77.29;77.7;75.56;75.89;2744518
20150918;74.84;74.88;73.34;73.56;4956147
20150921;74.21;75.02;74.08;74.58;2220875
20150922;73.52;73.78;72.95;73.68;2188041
20150923;74.08;74.08;73.19;73.5;2097349
20150924;72.6;73.24;72.18;73.12;3693157
20150925;74.22;74.73;73.84;74.05;2522242
20150928;73.58;73.95;72.1;72.17;1993214
20150929;72.12;72.49;71.04;71.55;2837874
20150930;72.72;72.86;71.76;72.52;2689567
20151001;72.63;73.02;71.76;72.94;4220967
20151002;71.21;72.87;70.17;72.87;3122548
20151005;73.36;75.64;73.36;75.3;2538721
20151006;74.9;75.69;74.67;75.22;2336711
20151007;75.68;76.17;74.66;74.96;2340476
20151008;74.55;75.26;73.87;75.05;2422083
20151009;75.35;75.71;74.24;74.45;2209519
20151012;74.65;74.88;74.01;74.25;1729888
20151013;74.07;74.57;73.63;73.94;2340866
20151014;74;74.05;72.33;72.56;3287386
20151015;73.18;74.54;72.63;74.52;2594440
20151016;74.95;75.08;74.16;74.67;2714243
20151019;74.14;74.88;73.97;74.64;2429382
20151020;74.54;75.16;74.42;74.58;2173521
20151021;75.01;75.3;73.61;73.68;3236062
20151022;73.78;76.38;73.78;74.94;4234053
20151023;77.36;81.41;77.18;81.12;6560658
20151026;80.51;80.93;79.47;79.65;3081876
20151027;79.08;79.59;78.94;79.33;1955320
20151028;79.34;81.19;79.2;81.14;2264243
20151029;80.88;81.41;79.93;80.2;2011859
20151030;80.55;80.73;78.82;78.9;2706951
20151102;79.37;80.5;79.22;80.22;2281634
20151103;79.76;81.37;79.75;80.88;1950948
20151104;80.83;81.19;80.39;80.55;2290698
20151105;80.82;80.82;79.54;79.55;3377218
20151106;81.23;81.62;80.4;81.42;3579189
20151109;81.34;81.59;80.11;80.45;2590154
20151110;80.28;80.77;79.37;79.38;2801035
20151111;79.76;79.93;78.69;78.87;2425337
20151112;78.33;78.33;77.19;77.38;3473144
20151113;77.14;77.86;76.71;76.97;2817728
20151116;76.95;77.9;76.68;77.9;2654030
20151117;77.8;77.85;76.32;76.37;3353543
20151118;76.95;78.31;76.6;78.29;3698511
20151119;78.53;79.98;78.53;79.58;3751765
20151120;80.07;80.17;78.88;79.46;3013640
20151123;79.55;79.55;78.79;78.82;1969912
20151124;78.1;79.02;77.61;78.63;2570323
20151125;78.85;79.16;78.4;79.04;1775877
20151127;78.98;79.25;78.27;79;908041
20151130;79.08;79.5;78.37;78.51;2999660
20151201;79.04;79.86;78.76;79.82;2204926
20151202;79.61;79.96;78.65;78.77;2570618
20151203;79.1;79.1;77.05;77.33;3035681
20151204;77.91;79.56;77.4;79.37;2665499
20151207;78.73;79.06;77.82;78.33;2262547
20151208;77.45;77.73;76.54;76.86;2630477
20151209;76.37;77.24;74.88;75.42;3517598
20151210;75.39;76.45;75.18;75.61;2428713
20151211;74.29;74.55;73.3;73.68;2915396
20151214;73.81;74.68;72.49;73.31;3448602
20151215;74.27;75.52;74.08;75.37;3039255
20151216;76.19;76.55;74.4;76.36;4175810
20151217;76.55;76.74;74.28;74.38;2890259
20151218;73.92;73.92;72.32;72.47;5097539
20151221;73.04;73.5;71.95;72.58;2503324
20151222;72.62;73.01;71.1;72.77;3367315
20151223;73.17;73.92;72.96;73.69;2361067
20151224;73.68;73.89;73.26;73.52;810748
20151228;73.15;73.42;72.28;73.15;1569805
20151229;73.6;73.99;73.19;73.79;1506719
20151230;73.62;73.8;73.16;73.21;1414608
20151231;72.71;73.26;72.16;72.18;1722102
20160104;70.77;70.91;69.86;70.74;3636193
20160105;69.43;70.55;68.7;69.46;5216126
20160106;68.55;69.69;67.98;68.55;4223296
20160107;66.34;67;64.85;65.08;5638318
20160108;65.75;65.89;64.07;64.23;4732346
20160111;64.82;65.54;64;64.76;3416848
20160112;65.56;65.97;64.68;65.8;3680302
20160113;66.28;66.66;63.41;63.64;5405988
20160114;64.01;65.11;62.51;64.6;4573005
20160115;62;63.46;61.84;62.85;4827325
20160119;63.69;63.7;61.51;62.19;3464465
20160120;60.8;61.37;58.92;60.76;5328049
20160121;60.85;62.3;60.51;61.18;3747311
20160122;62.15;62.6;60.52;61.1;4148140
20160125;60.69;61.01;58.49;58.66;5711463
20160126;59.1;60.5;59.1;60.38;5619896
20160127;61.3;64.59;61.26;63.3;8544911
20160128;63.78;63.78;62.12;62.99;6491523
20160129;63.49;65.7;63.28;65.62;6380161
20160201;65;65.45;63.79;65.01;4320073
20160202;63.83;63.86;62.82;63.21;5195718
20160203;63.66;64.01;59.86;63.15;6037265
20160204;63;64.36;62.84;63.73;4308528
20160205;63.92;64.63;62.64;63.36;3507843
20160208;62.33;62.45;60.1;60.89;3878252
20160209;60.04;62.93;59.75;62.42;4424033
20160210;62.92;64.12;62.18;62.24;3186352
20160211;59.71;60.88;58.74;60.15;4823188
20160212;61.21;62.84;60.62;62.54;5527960
20160216;63.71;65.13;63.08;64.21;4308951
20160217;64.96;66.05;64.87;65.18;3805987
20160218;65.48;66.68;65.18;65.93;4272147
20160219;65.5;65.88;64.76;65.73;2456698
20160222;66.44;67.79;66.4;67.76;3007578
20160223;67.61;67.61;65.32;65.72;3487022
20160224;64.77;65.64;63.45;65.41;2894819
20160225;65.76;66.42;64.87;66.42;2642186
20160226;66.73;68.19;66.64;67.2;3105828
20160229;66.93;67.18;65.7;65.73;3404337
20160301;66.67;68;66.15;67.99;4131778
20160302;68.02;69.14;67.74;69.14;2397499
20160303;68.97;69.66;68.69;69.66;2444568
20160304;69.81;70.39;68.96;69.59;2939344
20160307;68.94;69.62;68.78;69.52;2002701
20160308;68.85;69.17;68.01;68.49;2713769
20160309;69.04;69.3;68.25;68.7;2508379
20160310;69.18;70;68.12;69.23;2155561
20160311;70.19;71.12;70.01;71.03;2358021
20160314;70.78;71.01;69.73;69.93;2550435
20160315;69.29;69.32;68.31;69.32;3395763
20160316;69.21;70.08;68.85;69.38;3274122
20160317;69.05;70.06;68.59;69.5;4067529
20160318;69.82;71.12;69.53;70.57;5089845
20160321;70.31;71.39;70.08;70.81;2381019
20160322;70.28;70.78;69.95;70.46;1904918
20160323;70.52;70.77;70;70.21;2603838
20160324;69.44;69.78;68.88;69.76;2090443
20160328;69.81;69.97;68.96;69.2;1885057
20160329;68.83;68.96;67.58;68.85;4411692
20160330;69.3;70;69.04;69.15;2050165
20160331;69.15;69.79;68.98;69.31;3222698
20160401;69.73;70.97;69.26;70.8;2894871
20160404;70.59;70.89;69.72;69.83;1617444
20160405;68.1;68.95;67.79;68.53;3455207
20160406;68.01;68.42;67.2;68.27;3215866
20160407;67.66;67.98;66.1;66.58;2842932
20160408;67.03;67.72;66.41;66.67;2259823
20160411;66.83;67.7;66.73;67.2;3626242
20160412;67.55;68.46;67.41;68.31;2861984
20160413;69;70.87;68.98;70.84;3366104
20160414;70.66;72.18;70.48;71.47;2871446
20160415;71.72;72.24;71.05;71.34;2862527
20160418;70.89;71.9;70.55;71.66;1765395
20160419;71.96;72.89;71.46;72.8;2349124
20160420;73.35;75.55;73.31;75.43;4921505
20160421;75.25;76.3;74.69;74.73;2961985
20160422;74.5;75.73;74.48;75.56;1782963
20160425;75.08;75.47;74.48;74.99;2477994
20160426;75.03;76;74.63;75.96;2686064
20160427;73.13;74.5;72.82;74.31;6388657
20160428;73.56;74.26;72.99;73.37;2641846
20160429;72.99;73.29;71.87;72.39;2966520
20160502;72.87;73.73;72;73.58;2721511
20160503;72.56;72.71;71.44;71.97;2184457
20160504;71.16;71.17;69.27;69.68;4057479
20160505;69.93;70.33;68.61;69.12;5345417
20160506;68.8;69.43;68.43;69.39;3442611
20160509;70.31;70.37;69.25;69.6;2788863
20160510;70.01;71.28;69.96;71.14;2651027
20160511;70.83;71.45;70.35;70.35;2411912
20160512;70.17;70.73;68.84;69.36;2109887
20160513;69.15;69.96;68.33;68.71;2459689
20160516;68.53;69.66;68.38;69.28;2678665
20160517;68.88;69.67;68.41;68.83;2679012
20160518;68.83;71.01;68.66;70.98;4339188
20160519;70.38;71.79;69.88;70.53;3460718
20160520;70.76;71.57;70.46;70.93;2053038
20160523;70.82;71.49;70.42;70.65;1889851
20160524;70.91;71.85;69.6;71.62;2045989
20160525;72.04;73.53;71.85;73.27;2767093
20160526;73.03;73.16;72.27;72.56;1642449
20160527;72.88;73.83;72.33;73.83;2811291
20160531;74.19;74.35;72.83;73.24;2363428
20160601;72.51;73.32;71.84;73.22;1594418
20160602;73.19;73.38;72.62;73.38;1496215
20160603;72.28;72.38;70.47;71.6;3478328
20160606;71.66;73.33;71.39;72.85;2422667
20160607;73;73.06;72.32;72.35;2249696
20160608;71.75;72.56;71.43;72.1;3190462
20160609;71.45;71.46;70.14;70.87;2749905
20160610;70.3;70.55;69.79;70.04;2505962
20160613;69.46;70.42;68.96;69;2494267
20160614;68.52;68.52;63.76;64.43;14942434
20160615;65.43;66.23;64.47;64.64;9490897
20160616;64.1;64.45;62.73;64.25;5296275
20160617;64.29;64.8;63.81;64.19;6191224
20160620;65.79;65.95;64.17;64.28;5160233
20160621;64.92;64.99;63.55;64.25;4495985
20160622;64.3;64.84;63.89;63.93;2670223
20160623;64.77;65.65;64.56;65.6;2948309
20160624;62.55;64.28;61.75;61.88;8115275
20160627;60.84;60.84;58.03;58.15;8952790
20160628;59.25;59.77;58.66;59.66;6530634
20160629;60.57;61.97;60.21;61.92;4470679
20160630;62.42;63.53;61.42;63.51;6389716
20160701;63.48;63.56;62.73;62.96;3152458
20160705;62.14;62.36;60.65;60.86;3331283
20160706;60.25;61.3;59.66;61.28;2840244
20160707;61.2;62.55;61.2;61.89;4644850
20160708;63.55;64.94;63.13;64.71;4948976
20160711;65.18;66.38;65.06;66.26;4910203
20160712;67.03;68.11;66.99;67.85;4975376
20160713;67.74;68.23;66.95;67.94;3611410
20160714;69.31;69.5;68.13;68.85;3284823
20160715;69.09;69.18;67.72;68.15;5763939
20160718;68.45;68.54;67.82;68.12;2240282
20160719;67.97;68.11;67.51;67.73;2136019
20160720;68.04;68.17;67.16;67.61;2895311
20160721;67.44;68.47;67.24;67.99;3549816
20160722;66.5;67.33;65;67.03;8632888
20160725;66.86;67.87;66.75;67.34;4373709
20160726;67.3;67.98;66.92;67.69;2997708
20160727;67.53;68.49;67.37;67.91;3110074
20160728;67.49;67.75;66.78;67.48;3079711
20160729;67.19;67.72;67.04;67.08;3632594
20160801;67.28;67.53;66.68;67.03;3418505
20160802;66.9;67.09;66;66.3;4409212
20160803;66.15;66.98;66;66.55;3965395
20160804;66.22;66.65;66.08;66.2;2197445
20160805;67.1;68.35;67.1;68.1;3695909
20160808;68.23;68.83;67.95;68.17;1749751
20160809;68.13;68.2;67.56;67.78;1793520
20160810;67.74;67.83;66.61;66.85;2348321
20160811;67.04;68.02;66.81;67.94;2660212
20160812;67.47;68.06;67.18;68;2098839
20160815;68.02;68.91;68.02;68.61;2741743
20160816;68.27;68.96;68.2;68.62;2657291
20160817;68.5;68.66;67.97;68.29;2810221
20160818;68.29;68.58;68.11;68.21;2443752
20160819;68.04;68.68;67.99;68.56;2473532
20160822;68.53;68.81;68.08;68.68;1878159
20160823;68.93;69.32;68.79;68.79;1868162
20160824;68.86;69.33;68.47;68.62;2025576
20160825;68.35;69.1;68.27;68.77;1732465
20160826;69;69.64;68.75;69.16;2191910
20160829;69.13;70.06;68.89;69.63;3015179
20160830;69.68;70.61;69.63;70.33;3091201
20160831;70.39;71.72;70.39;71.6;6129403
20160901;71.6;72.09;70.18;71.08;5574094
20160902;71.24;71.92;70.87;71.64;2448155
20160906;71.61;71.66;70.54;70.99;2561377
20160907;70.61;71.8;70.44;71.77;2523084
20160908;71.63;72.43;71.49;72.28;2686057
20160909;72.02;72.35;71.61;71.65;4063991
20160912;71.12;72.77;70.44;72.5;3288816
20160913;71.51;71.96;70.54;71.22;3503958
20160914;71.1;71.31;70.28;70.59;2776638
20160915;70.48;71.11;69.69;70.99;3097513
20160916;70.54;70.61;69.78;70.21;3214883
20160919;70.56;71.33;70.42;70.98;3156013
20160920;71.45;71.7;70.38;70.56;2514875
20160921;70.77;71.78;70.57;71.68;4076364
20160922;71.77;72.22;71.66;72.14;3290825
20160923;71.74;72.25;71.25;71.28;3099447
20160926;71.23;71.65;70.6;70.81;3075322
20160927;70.48;71.83;70.15;71.8;2405490
20160928;71.78;72.09;70.81;71.75;2498563
20160929;71.62;72;69.49;70.36;3168951
20160930;70.87;72.19;70.63;71.83;3198792
20161003;71.6;72.68;71.56;72.13;3557375
20161004;72.46;73.23;72.26;72.76;4098415
20161005;73.01;74.07;73.01;73.7;3126155
20161006;73.63;73.75;72.39;73.04;3262416
20161007;73.14;73.71;72.69;73.05;2695101
20161010;73.6;73.89;73.24;73.33;1760149
20161011;73.25;73.44;71.85;72.16;2254743
20161012;71.8;72.43;71.74;72.06;2232007
20161013;71.34;71.69;70.5;71.07;4824391
20161014;71.71;72.2;71.23;71.53;2872566
20161017;71.91;72.36;71.74;71.78;3899908
20161018;72.65;72.77;71.66;71.99;3120972
20161019;72.1;73.75;72.06;73.62;3347575
20161020;73.76;75.24;73.36;74.51;4502801
20161021;73.82;75.1;73.7;74.89;3947431
20161024;75.42;75.73;75.23;75.4;3107585
20161025;75.29;75.78;75.01;75.39;4391838
20161026;73.48;76.16;72.95;75.43;4732282
20161027;75.7;75.86;74.3;74.8;2693312
20161028;74.86;75.09;73.95;74.63;3780450
20161031;75.13;75.14;73.84;74.04;3469463
20161101;74.43;74.51;72.42;73.23;3967333
20161102;73.08;73.34;72.19;72.61;4032226
20161103;72.8;73.26;72.14;72.32;5653278
20161104;72.4;73.69;71.91;73.1;3646691
20161107;74.28;75;74.28;74.84;4126470
20161108;73.89;73.89;72.3;72.84;6617938
20161109;73.65;76.66;73.25;76.3;13256918
20161110;76.67;79.69;76.67;79.23;7306081
20161111;78.75;81.25;78.73;80.99;4614832
20161114;80.98;83.82;80.95;83.76;5506728
20161115;82.28;82.69;79.87;82.15;6241548
20161116;80.37;81;79.44;80.22;3710641
20161117;80.25;81.56;79.32;81.56;3073023
20161118;81.39;82.39;81.07;82.01;2306450
20161121;82.73;83.35;82.07;83.21;3128934
20161122;83.4;83.88;82.43;82.59;3812798
20161123;82.87;84.8;82.87;84.62;3420168
20161125;84.26;84.79;83.94;84.57;1582662
20161128;83.91;84.55;83.09;83.24;3390855
20161129;83.42;83.55;82.45;82.6;2242735
20161130;83.8;84.53;83.32;84.04;3800741
20161201;84.45;86.77;84.17;86.61;5276873
20161202;86.47;86.62;85.18;86;5086842
20161205;86.48;87.35;86.39;86.71;4257193
20161206;87;87.89;85.7;87.84;3407480
20161207;87.6;89.79;87.26;89.58;2912294
20161208;89.92;91.38;89.08;90.61;3180790
20161209;90.61;90.63;89.35;90.45;3428137
20161212;90.15;91.08;89.12;89.42;3387856
20161213;89.74;90.08;88.32;89.45;2911799
20161214;88.8;90.12;88.09;88.95;3596773
20161215;89.57;91.64;89.04;90.36;3586219
20161216;90.66;90.66;89.05;89.67;9370361
20161219;89.96;90.19;89.12;90.04;3258088
20161220;90.51;90.84;90;90.62;2066463
20161221;90.79;90.91;90.13;90.44;2460569
20161222;89.93;90.03;88.63;89.19;2620779
20161223;89.35;90.19;89.12;89.68;2979994
20161227;90.23;90.23;89.65;89.76;2026035
20161228;89.99;89.99;87.84;88.19;2231806
20161229;88.42;88.56;86.95;87.11;2102715
20161230;87.08;87.59;86.28;87.24;2424834
20170103;88.55;89.6;87.79;88.87;3441067
20170104;89.13;90.77;89.13;90.3;2630905
20170105;89.84;89.93;87.6;88.38;2223944
20170106;88.77;89.18;88.09;88.6;1796424
20170109;88.22;88.4;87.4;87.44;2122775
20170110;87.81;89.37;87.44;88.98;3141198
20170111;88.99;89.25;88.01;89.14;1885055
20170112;88.72;88.85;86.78;87.89;2064889
20170113;88.42;89.74;88.42;88.85;2327814
20170117;88.2;88.2;86.05;86.37;2192345
20170118;86.94;87.32;85.77;87.28;1706358
20170119;87.37;87.59;86.34;86.72;1696719
20170120;86.72;88;86.69;87.34;1684548
20170123;87.05;87.78;86.51;86.87;2821009
20170124;87.52;89.14;86.99;88.73;2711779
20170125;87.83;88.83;87.12;88.38;5304078
20170126;88.5;89.72;87.82;89.71;3004744
20170127;89.96;90;88.93;89.15;2195161
20170130;89.15;89.15;87.38;88.81;3550371
20170131;88.28;88.66;86.68;87.39;2880402
20170201;88.1;88.95;87.23;87.51;2263068
20170202;86.74;87;85.84;86.34;2147656
20170203;87.94;88.08;86.66;87.92;2891218
20170206;87.35;88.4;87.18;87.62;1430592
20170207;88.1;88.42;87.2;88.11;3514042
20170208;87.6;87.91;87.05;87.54;2052559
20170209;87.56;88.7;87.11;88.54;1809247
20170210;88.89;88.89;88.09;88.4;1617333
20170213;88.77;89.58;88.71;89.03;1791275
20170214;89.01;90.51;88.7;90.18;2148217
20170215;90.49;91.36;89.61;90.93;2297708
20170216;90.98;91.25;89.82;90.51;1801044
20170217;90.34;92.04;90.08;91.81;4044661
20170221;91.7;93.57;91.61;92.85;3825225
20170222;92.42;93.24;92.09;92.89;1821376
20170223;93.25;93.52;92.89;93.41;2142975
20170224;92.53;92.8;91.77;92.61;2252300
20170227;92.39;93.72;92.06;93.66;1730363
20170228;93.04;93.93;92.99;93.86;3122357
20170301;95;96.92;94.81;96.12;3387946
20170302;96.21;96.33;94.28;94.33;1625881
20170303;94.19;94.64;93.33;93.94;2541665
20170306;93.5;93.68;92.85;93;1936761
20170307;93.07;93.34;92.49;92.82;1641333
20170308;94.02;94.43;92.28;92.4;2028560
20170309;92.77;93.35;91.85;92.11;1653535
20170310;92.82;93;91.57;92.19;1644275
20170313;92.2;92.41;91.65;91.79;1830233
20170314;91.36;91.78;90.78;91.75;1730819
20170315;91.01;91.96;89.13;89.92;3178963
20170316;90.38;91.09;89.96;90.21;1781858
20170317;90.43;90.7;88.01;88.23;3388267
20170320;88.11;88.23;86.58;86.78;2801965
20170321;87.1;87.1;83.34;83.65;4559025
20170322;83.08;84.44;82.15;83.68;3133651
20170323;83.6;85.06;83.23;83.78;2671234
20170324;83.99;84.52;83.18;83.8;1966056
20170327;81.93;82.87;81.32;82.13;4282097
20170328;82.01;84.63;81.9;84.17;3789256
20170329;84.89;85.19;84.03;84.68;2488421
20170330;84.82;87.26;84.52;87.14;4081656
20170331;86.67;87.24;86.28;86.66;2661912
20170403;86.88;86.91;84.67;85.8;3158771
20170404;85.38;85.9;85.12;85.26;1840287
20170405;86.58;86.62;83.98;84.13;2483680
20170406;83.93;84.75;82.55;84.23;4378949
20170407;83.25;84.33;82.79;83.54;2767335
20170410;83.55;83.82;82.53;82.77;2463343
20170411;82.4;83.11;81.62;83.09;2351190
20170412;82.64;83.17;82.03;82.42;2317110
20170413;82.05;82.96;80.9;81.02;3400095
20170417;80.58;83.03;80.05;83;3759420
20170418;82.55;83.22;81.16;81.9;3119402
20170419;82.43;82.92;81.58;81.91;2157822
20170420;82.33;84.05;82.33;83.72;2945338
20170421;83.64;83.96;82.65;82.67;2524853
20170424;84.63;85.05;84.14;84.68;2897655
20170425;85.37;86.03;85.22;85.58;3480160
20170426;82;84.26;81.99;83.06;7440303
20170427;83.19;83.62;82.26;82.31;3611598
20170428;81.43;82.17;79.91;80.38;6153764
20170501;81.17;81.99;80.76;81.57;3555282
20170502;81.58;82.47;80.97;82.46;3046136
20170503;82.08;82.82;81.78;82.49;2456588
20170504;83.02;83.21;82.17;82.49;3176206
20170505;82.88;82.99;82;82.27;2326561
20170508;82.34;82.41;81.84;82.12;1760805
20170509;82.2;82.81;81.82;82.32;2786057
20170510;82.02;82.44;81.53;81.67;2831700
20170511;80.99;81.28;79.66;80.16;3771566
20170512;79.83;80.36;78.69;79.4;3953262
20170515;80.01;81.55;80.01;81.15;2563499
20170516;81.31;81.42;80.56;80.69;1985201
20170517;78.84;79.84;78.17;78.47;3149557
20170518;78.46;80.14;78.34;79.27;5927066
20170519;79.57;81.1;79.25;80.27;2796292
20170522;80.73;80.93;79.28;79.63;2404780
20170523;79.69;80.68;79.11;80.34;1995112
20170524;80.35;80.35;79.75;79.92;1583976
20170525;79.9;80.51;79.18;79.51;2122424
20170526;79.5;80.11;79.08;79.79;2365566
20170530;79.4;79.59;78.23;78.28;2361674
20170531;78.39;78.39;76.05;76.92;4272369
20170601;77.46;77.97;76.81;77.92;3298688
20170602;77.42;78.34;76.91;78.04;2529424
20170605;78.05;78.83;77.78;78.33;2017680
20170606;77.77;78.43;77.1;78.27;2507281
20170607;78.52;79.52;78.21;78.9;2442535
20170608;78.92;80.16;78.79;79.42;2328647
20170609;80.07;80.42;79.31;80.07;3484229
20170612;80.15;80.96;79.61;80.17;2638203
20170613;80.5;80.92;79.85;80.57;2690846
20170614;79.46;80.2;78.46;80.09;2858923
20170615;79.61;81.55;79.49;81.35;3871317
20170616;81.46;81.65;80.93;81.31;3266384
20170619;81.73;81.95;81.29;81.73;3232226
20170620;81.63;81.75;81.09;81.22;2695776
20170621;81.3;81.3;80.69;80.88;2602310
20170622;80.73;80.83;80.07;80.39;2241042
20170623;80.75;80.78;79.37;79.52;3163890
20170626;79.89;80.84;79.62;80.59;2149098
20170627;80.85;82.24;80.76;81.38;2045685
20170628;82.12;83.52;82.05;82.98;3789277
20170629;81.75;83;80.47;81.47;6081693
20170630;82.02;83.18;81.59;82.62;2969562
20170703;83.42;84.48;83.22;83.56;1558376
20170705;83.39;83.81;82.05;82.7;2883457
20170706;82.32;82.94;81.94;82.11;3517753
20170707;82.66;82.68;81.92;82.5;1635328
20170710;82.38;82.48;81.96;82.05;2387582
20170711;82.08;82.16;80.8;81.04;2744267
20170712;80.99;82.38;80.64;82.2;2477509
20170713;82.25;82.78;82.02;82.59;1641354
20170714;81.84;82.86;81.18;82.5;1966191
20170717;82.41;82.59;81.89;82.17;1922627
20170718;81.72;81.87;80.97;81.57;1343020
20170719;81.95;81.99;80.77;81.38;3167493
20170720;81.21;81.52;80.04;81.01;4966721
20170721;85.37;88.24;84.55;87.94;9686959
20170724;87.52;87.55;86.65;87.12;3909177
20170725;88;88.2;86.66;87.09;3267401
20170726;87.18;87.22;85.62;85.71;2504339
20170727;85.92;85.95;84.4;84.8;2884170
20170728;84.85;85.14;83.81;84.97;3164154
20170731;85.42;86.65;85.16;86.18;2933246
20170801;86.64;86.73;85.64;86.01;2276369
20170802;85.85;86.02;85.38;85.71;2696494
20170803;85.31;85.63;84.49;84.59;2504963
20170804;85.33;85.42;84.26;84.41;2624035
20170807;84.62;85.42;84.38;85.15;1388258
20170808;85.03;87.37;85.03;85.51;1993639
20170809;84.96;85.28;84.45;85.14;1338065
20170810;84.5;84.64;82.99;83.06;2037023
20170811;83.37;83.47;82.33;82.8;1989254
20170814;83.81;84.71;83.53;84.26;1782713
20170815;84.93;85.12;83.32;84.15;2313655
20170816;84.73;85;83.6;83.82;1192634
20170817;83.79;84.04;81.96;81.99;1758098
20170818;81.68;82.49;81.32;81.53;2415346
20170821;81.64;81.73;81.09;81.42;1409934
20170822;81.71;82.07;80.79;81.44;1878515
20170823;81.02;82.12;81;81.29;1150782
20170824;81.5;81.84;81.16;81.43;908765
20170825;81.75;82.37;81.44;81.49;1204570
20170828;81.69;81.76;80.35;80.55;1356122
20170829;79.75;79.91;78.93;79.74;3162819
20170830;79.74;80.75;79.53;80.09;2096258
20170831;80.52;80.66;79.5;79.61;3606116
20170901;79.86;80.76;79.61;80.31;2438553
20170905;79.64;79.75;78.28;78.66;2588598
20170906;78.99;80;78.8;79.47;3434263
20170907;79.53;79.58;77.76;78.23;3655317
20170908;77.45;78.56;76.98;78.21;2946095
20170911;78.88;79.62;78.39;79.06;2388392
20170912;79.39;80;79.19;79.57;2270300
20170913;79.44;80.58;79.2;80.21;3485196
20170914;80.17;80.58;78.46;78.7;4228585
20170915;78.6;80.13;78.57;80.04;4445846
20170918;80.19;80.54;79.69;80.25;3766229
20170919;80.2;81.37;80.2;80.96;2693708
20170920;81.21;82.07;80.65;81.8;3187513
20170921;81.56;82.15;80.89;81.58;2699771
20170922;81.31;82.08;81.15;81.94;1716661
20170925;81.89;82.72;81.79;82.48;1812262
20170926;82.68;83.15;82.25;82.8;1734985
20170927;83.8;84.44;83.18;83.93;2402327
20170928;83.95;84.45;83.34;84.12;1997756
20170929;84.36;84.88;83.8;84.66;1978072
20171002;84.98;86.03;84.69;85.92;3815430
20171003;85.93;86.39;85.53;86.37;2659962
20171004;86.4;86.61;85.97;86.34;2034193
20171005;86.46;87.43;86.04;87.09;1681748
20171006;87.05;87.22;86.43;87.04;1914810
20171009;87.49;87.72;87.06;87.3;1436117
20171010;87.35;87.99;87.21;87.3;1299177
20171011;87.5;87.5;86.71;86.75;1570398
20171012;86.4;86.6;84.5;84.59;2795748
20171013;84.3;85.83;83.88;85.36;1931736
20171016;85.79;86.87;85.52;86.85;2217325
20171017;86.98;86.98;85.91;86.07;1450451
20171018;86.33;86.77;85.95;86.66;1167613
20171019;85.81;87.5;85.6;87.48;2045149
20171020;88.56;89.68;88.4;89.67;3763139
20171023;89.61;90;89.01;89.72;2221150
20171024;89.94;90;88.79;89.52;2685213
20171025;91.1;92;89.97;90.82;5992539
20171026;91;92.72;90.98;92.52;3210078
20171027;92.67;92.98;92;92.78;2235471
20171030;92.1;93.4;92.1;92.43;1847616
20171031;92.63;93;92.01;92.18;2184743
20171101;92.66;92.99;91.41;91.9;1701786
20171102;91.49;92.69;91;92.45;1337077
20171103;92.09;92.4;91.42;91.6;2052020
20171106;91.85;92.37;91.33;92.3;1369932
20171107;92.29;92.56;89.96;90.12;1846614
20171108;89.8;89.99;88.58;88.97;2240863
20171109;88.38;88.62;86.81;88.11;2148010
20171110;87.19;87.53;86.78;87.15;1591738
20171113;86.62;87.18;86.01;86.95;2370429
20171114;86.43;86.6;85.41;86;3369479
20171115;85.18;87.96;85.17;87.63;2842782
20171116;87.92;88.56;86.94;87.15;2017556
20171117;86.93;88.23;86.89;87.83;1687332
20171120;87.99;88.46;87.68;88.27;1602828
20171121;88.84;89.04;87.58;87.95;1298824
20171122;87.98;88.14;87.1;87.26;1265188
20171124;87.8;87.8;87.24;87.38;506444
20171127;87.33;87.38;86.57;86.87;1629468
20171128;87.22;89.85;86.7;89.75;2161669
20171129;90.58;92.31;89.73;90.97;3229402
20171130;91.67;93.42;91.41;92;3712037
20171201;92.18;92.77;89.68;92.72;2647697
20171204;94.44;96.24;94.16;94.89;3425688
20171205;95.05;95.62;93.72;93.91;2262408
20171206;93.62;94.19;93.11;93.87;1465961
20171207;93.52;95.25;93.32;95.07;1745695
20171208;95.5;95.79;94.18;95.79;1701784
20171211;96;96.09;95.23;95.97;1404349
20171212;96.14;96.67;95.89;96.21;1828441
20171213;96.25;96.4;94.7;94.72;1906983
20171214;95;95.46;93.85;94.06;2001512
20171215;95.1;97.31;94.85;96.31;4266613
20171218;98;99.95;97.6;99.31;3005451
20171219;99.8;99.89;98.66;98.74;2461417
20171220;99.43;99.43;98.31;98.59;2031218
20171221;98.8;99.73;98.71;99.52;1581837
20171222;100;101.43;99.62;100.5;2065547
20171226;100.3;100.6;99.27;99.92;1170664
20171227;99.63;99.91;99.22;99.75;1183650
20171228;100.09;100.58;99.64;100.3;1040945
20171229;100.63;100.63;99.56;99.58;1119438
20180102;100.08;100.2;98.76;99.61;1663682
20180103;99.5;99.78;98.75;99.44;2323687
20180104;100.36;102.16;99.69;101.42;2149105
20180105;101.58;101.7;100.74;101.43;2058451
20180108;101.42;101.45;100.51;100.8;1763394
20180109;101.05;101.97;100.64;101.69;2164186
20180110;101.69;103.7;101.3;103.14;2620628
20180111;103.49;104.46;102.9;104.42;2177735
20180112;104.92;106.4;104.56;105.43;2298242
20180116;106;106.47;103.74;104.42;2675501
20180117;105.01;105.54;103.25;104.39;2287310
20180118;104.43;104.64;103.13;103.41;2638340
20180119;102.7;104.41;102.11;104.38;2928947
20180122;104.33;105.54;103.75;105.49;2407015
20180123;105.2;105.92;103.87;105.71;2904127
20180124;104.25;106.5;104.03;105.26;4170639
20180125;105.56;105.9;103.69;104.26;2615679
20180126;104.68;104.98;103.65;104.9;3036485
20180129;104.54;105.77;104.34;104.6;2258030
20180130;104.1;104.91;103.46;103.47;1821833
20180131;103.53;104.46;103.38;103.96;2231112
20180201;103.77;104.75;103.02;104.72;1754618
20180202;104.32;104.88;101.51;101.57;1826633
20180205;100.54;102.07;95.58;97;3056413
20180206;94.83;98.8;93.14;98.44;3956930
20180207;97.91;99.63;97.89;98.12;2481284
20180208;98.27;98.33;91.6;91.8;3962481
20180209;92.32;93.5;88.75;92.02;5557752
20180212;93.16;96.55;92.92;95.19;2766530
20180213;94.6;95.51;93.66;95.31;2109197
20180214;94.6;97.47;94.6;97.38;2506013
20180215;98.29;99.32;97.28;98.67;2089188
20180216;98.27;100.27;98.18;99.53;2136014
20180220;98.77;99.76;98.08;98.46;2388524
20180221;97.98;99.07;97.36;97.39;2834083
20180222;97.97;98.55;96.43;96.67;1731218
20180223;97.36;99.06;97.08;99.04;1351945
20180226;99.19;100.78;98.8;100.75;2104708
20180227;100.51;101.67;99.22;99.25;1797136
20180228;99.98;100.48;97.9;97.93;1511331
20180301;98.01;99.1;95.87;96.51;2135884
20180302;95.86;96.91;94.27;96.72;1878647
20180305;96.06;98.18;95.6;97.9;2321744
20180306;98.47;98.47;96.58;98.04;1768625
20180307;96.71;97.81;96.24;97.63;2099606
20180308;98.22;98.39;96.63;98.15;2161833
20180309;99.01;100.9;98.91;100.79;1880184
20180312;100.76;101.19;100.15;100.46;1745252
20180313;101.03;101.44;98.43;98.82;2115578
20180314;99.46;99.6;96.69;97.2;1992812
20180315;97.84;99.25;97.61;98.05;1971874
20180316;98.32;100.34;98.09;99.36;2735677
20180319;99.04;99.36;97.13;98.65;1654643
20180320;98.94;99.52;98.36;98.67;1270892
20180321;98.78;99.84;98.03;98.18;1436993
20180322;97;97.4;94.35;94.65;2300370
20180323;94.96;95.6;92.39;92.39;3220823
20180326;94.11;95.24;92.66;95.07;2854158
20180327;95.6;96.35;92.79;93.62;2037419
20180328;93.85;95.25;93.21;94.27;2026349
20180329;94.7;96.45;94.36;95.82;2922298
20180402;95.53;95.73;92.12;93.75;2824216
20180403;94.26;95.84;93.75;95.44;2715265
20180404;93.63;96.58;93.58;96.35;2038681
20180405;97.31;98.07;96.79;97.52;1996250
20180406;96.73;97.18;93.8;94.72;3041873
20180409;95.48;97.6;95.17;95.5;1689829
20180410;96.63;97.34;95.9;96.82;2073822
20180411;95.88;96.79;95.19;95.35;1668477
20180412;96.32;97.6;96.29;96.88;2345572
20180413;97.91;98.36;95.93;96.39;1999653
20180416;97.46;97.68;96.51;96.9;2299999
20180417;97.7;98.22;97.18;97.48;2569535
20180418;97.86;98.69;97.05;97.14;1873411
20180419;97.26;98.72;97.26;98.35;2431373
20180420;98.58;99.08;97.39;97.98;2121450
20180423;98.17;98.39;96.83;97.5;2390251
20180424;98.18;99.15;96.46;97.42;2660466
20180425;94.05;95.08;91.67;92.76;6256693
20180426;92.9;93.28;91.47;91.66;4205060
20180427;91.69;92.54;91.2;91.72;2252633
20180430;92.14;92.65;90.59;90.62;2627327
20180501;90.35;90.54;88.8;89.67;3944162
20180502;89.83;90.33;88.97;89.18;3184168
20180503;88.83;88.83;86.95;87.92;4507645
20180504;87.34;89.82;86.97;89.06;2138155
20180507;89.25;89.55;88.53;88.92;2371606
20180508;89.72;95.88;89.72;90.18;6228937
20180509;90.92;92.28;90.54;92.11;2495566
20180510;92.11;93.23;91.52;92.67;3154946
20180511;92.31;93.55;92.08;92.63;2217266
20180514;93.04;93.52;92.75;93.19;2108523
20180515;93;95.73;93;94.65;3078411
20180516;94.68;96.74;94.5;95.75;4249419
20180517;95.94;97.2;95.16;96.74;2221020
20180518;96.57;96.98;96.2;96.43;2169947
20180521;97.33;97.87;96.43;96.54;2874177
20180522;96.57;97.26;96.52;96.74;2812505
20180523;96.17;96.47;94.84;95.67;2381396
20180524;95.12;95.7;93.82;95.33;2797269
20180525;95.16;95.33;94.27;94.81;1487603
