20100104;17.8;18.4;17.7;18.4;52319785
20100105;18.4;18.5;17.6;18;57348527
20100106;17.9;18.1;17.7;17.9;20109050
20100107;17.9;18.2;17.6;18;27431826
20100108;17.9;18;17.8;18;21086132
20100111;18;18.1;17.8;17.8;14321919
20100112;17.7;17.8;17.2;17.3;38714597
20100113;17.4;17.5;17.2;17.4;18893668
20100114;17.3;17.55;17.1;17.3;27530720
20100115;17.3;18.4;17;18.4;63718726
20100119;18;18.2;17.6;18.1;39028958
20100120;18;18.1;17.5;17.7;30722299
20100121;17.6;17.9;17.2;17.4;24059768
20100122;17.3;17.4;16.4;16.4;41311586
20100125;16.9;17.1;16.5;16.6;22136196
20100126;16.6;16.7;16;16.2;40686699
20100127;16.2;16.5;15.7;16.5;49376135
20100128;17.3;17.4;15.9;16;69844886
20100129;16.1;16.4;15.2;15.2;56476976
20100201;15.5;16.3;15.5;15.9;35759675
20100202;16;16.2;15.1;15.3;81911910
20100203;15.3;15.6;15.2;15.4;38747147
20100204;15.2;15.3;14.5;14.5;60067080
20100205;14.8;14.8;14.1;14.6;49961544
20100208;14.9;15.6;14.7;14.9;60598670
20100209;15.1;15.3;14.8;15;36966962
20100210;15;15.2;14.5;14.5;45092041
20100211;14.6;14.9;14.3;14.9;38330076
20100212;14.7;15.1;14.4;14.9;32457272
20100216;15.2;15.3;15;15.2;27611291
20100217;15.4;15.7;15.2;15.3;26878834
20100218;15.2;15.5;15.1;15.5;22010648
20100219;15.5;15.7;15.3;15.6;50788750
20100222;15.7;15.8;15.4;15.7;17917292
20100223;15.6;15.6;15;15.5;34870764
20100224;15.5;15.7;15.3;15.5;22704437
20100225;15.4;15.6;15.2;15.6;20138965
20100226;15.6;16.5;15.5;16.1;90387633
20100301;16.2;16.7;16.2;16.5;31424136
20100302;16.5;16.6;16.1;16.2;24975064
20100303;16.2;16.5;16.1;16.5;29555344
20100304;16.4;16.7;16.4;16.6;18120795
20100305;16.7;16.9;16.6;16.6;20908861
20100308;16.6;16.8;16.4;16.7;16908028
20100309;16.5;16.9;16.5;16.8;23696417
20100310;16.9;17;16.5;16.7;51015931
20100311;16.7;16.8;16.5;16.7;24700961
20100312;16.7;16.7;16.4;16.5;23980277
20100315;16.4;16.6;16.2;16.6;15351572
20100316;16.6;16.9;16.5;16.9;21735139
20100317;17;17.2;16.6;16.73;35136862
20100318;16.6;16.7;16.3;16.4;32883459
20100319;16.5;16.6;15.7;15.7;44609374
20100322;15;16;14.5;15.1;103472541
20100323;15.3;16.3;15.2;16.2;53263666
20100324;16.2;16.2;15.8;15.9;29337692
20100325;15.9;16.2;15.7;15.9;29704493
20100326;15.9;16;15.5;15.5;23955630
20100329;15.7;16;15.7;15.9;18379443
20100330;16;16.6;15.85;16.6;37438819
20100331;16.5;16.6;16.2;16.52;30149004
20100401;16.6;16.7;16.3;16.6;15410873
20100405;16.7;16.9;16.6;16.9;23449830
20100406;16.9;17.67;16.8;17.1;49638070
20100407;17;17.2;16.8;17.1;31861259
20100408;16.9;17.05;16.5;17;30711018
20100409;17.1;17.44;16.8;17.1;27921197
20100412;17.1;17.2;16.7;17.1;33421060
20100413;17.2;17.2;16.4;16.8;48972264
20100414;16.9;17.2;16.8;17;84219980
20100415;17.2;18.5;17.1;17.8;142384527
20100416;17.8;17.8;17.2;17.4;34478107
20100419;17.1;17.5;16.9;17.3;25995472
20100420;17.3;17.8;17.3;17.7;22440674
20100421;18;18.6;17.7;18.2;63586048
20100422;17.9;18.4;17.1;18.3;68946274
20100423;18.3;19.1;18.2;19;72503771
20100426;19.2;19.9;18.6;18.7;85061454
20100427;18.8;19.5;18.1;18.3;63166439
20100428;18.6;18.6;18;18.4;42651472
20100429;17.5;17.5;16.85;17.4;310927903
20100430;17.3;17.3;16.8;16.9;74917052
20100503;17.1;17.5;17.1;17.5;51485328
20100504;17.2;17.3;16.3;16.58;67616862
20100505;16.1;16.8;15.5;16.48;82163793
20100506;16.6;16.9;14.4;15.6;160987152
20100507;15.6;15.7;14;15;109346049
20100510;15.7;16.3;15.5;16.1;62160185
20100511;15.8;16.3;15.5;15.9;57270972
20100512;15.8;16;15.7;16;33939800
20100513;15.7;16.6;15.7;16;45976366
20100514;15.7;16;15.3;15.7;40736713
20100517;15.7;15.8;14.8;15.3;48139847
20100518;15.5;15.6;14.7;14.9;53398951
20100519;15;15.7;14.8;15.5;77903491
20100520;14.8;15.1;14.2;14.3;100427368
20100521;14;15.1;14;14.6;72086789
20100524;15;15.1;14.6;14.6;35353563
20100525;14.1;14.4;13.9;14.2;68364396
20100526;14.5;15;14.2;14.4;58990988
20100527;14.7;15.1;14.6;15.1;37704131
20100528;15;15.2;14.6;14.8;64820927
20100601;14.8;15.2;14.2;14.2;36009866
20100602;14.5;15.01;14.21;14.99;2027865
20100603;14.86;15.4;14.7;15.07;3107745
20100604;14.6;14.87;13.88;14.06;4681975
20100607;14.17;14.2;13.05;13.13;5456950
20100608;13.28;13.32;12.35;12.99;11258661
20100609;13.03;13.45;12.94;13.02;3337063
20100610;13.29;13.81;13.15;13.78;2525803
20100611;13.5;13.95;13.5;13.88;1924742
20100614;13.93;14.19;13.77;13.78;1655810
20100615;13.78;14.08;13.75;14.02;2369129
20100616;13.88;14.3;13.85;14.16;2333772
20100617;14.26;14.26;13.45;13.69;3652896
20100618;13.76;13.99;13.5;13.83;5047430
20100621;14.02;14.49;13.93;13.98;2736809
20100622;14.08;14.2;13.72;13.75;1988473
20100623;13.75;13.9;13.46;13.61;3069420
20100624;13.47;13.7;13.09;13.12;2790099
20100625;13.16;13.39;13;13.03;24531645
20100628;13.13;13.3;13;13;2807186
20100629;12.88;12.88;11.86;12.03;5435055
20100630;12.05;12.22;11.73;11.82;2867807
20100701;11.84;11.88;11.15;11.72;3326035
20100702;11.84;11.9;11.53;11.61;2042490
20100706;11.8;12.15;11.5;11.65;5112948
20100707;11.66;11.8;11.36;11.7;5028371
20100708;11.77;12.22;11.72;12;4267946
20100709;11.95;12.23;11.8;12.2;3055557
20100712;12.12;12.24;11.93;12.14;1364709
20100713;12.29;12.88;12.28;12.8;4109144
20100714;12.78;13.07;12.6;13.05;3765728
20100715;13.01;13.67;12.85;13.58;5044669
20100716;13.51;13.52;12.9;12.96;5088441
20100719;13.05;13.15;12.72;13.04;2639691
20100720;12.76;13.12;12.6;13.06;4243296
20100721;13.15;13.26;12.74;12.78;3859554
20100722;12.89;13.39;12.86;13.35;3348031
20100723;14.75;14.8;14.09;14.36;11227450
20100726;14.36;14.57;14.2;14.51;4079662
20100727;14.57;14.69;14.24;14.3;5701692
20100728;14.34;14.62;14.31;14.36;3505928
20100729;14.5;14.74;14.35;14.43;3296735
20100730;14.33;14.68;14.32;14.63;3124659
20100802;14.75;15.11;14.7;15.11;3431412
20100803;14.99;15.2;14.77;14.83;2770088
20100804;14.94;15.5;14.88;15.46;3471556
20100805;15.36;15.6;15.05;15.28;3399857
20100806;15.19;15.3;14.74;15.12;3803783
20100809;15.12;15.39;15.11;15.32;2632070
20100810;15.02;15.1;14.71;14.8;4585166
20100811;14.55;14.63;14.02;14.06;3855289
20100812;13.86;14.1;13.81;13.97;2735448
20100813;13.79;14.2;13.78;13.95;1523736
20100816;13.86;13.98;13.73;13.79;1562151
20100817;13.9;14.3;13.86;14.16;3010938
20100818;14.14;14.7;13.91;14.44;3579926
20100819;14.43;14.43;13.9;14.02;2867382
20100820;13.98;13.98;13.48;13.62;3588705
20100823;13.7;13.84;13.45;13.46;2196192
20100824;13.28;13.28;12.8;12.94;5671833
20100825;12.79;13.01;12.69;12.94;2980592
20100826;13.04;13.1;12.57;12.57;3085031
20100827;12.67;12.84;12.35;12.84;4551647
20100830;12.75;12.92;12.46;12.46;2538085
20100831;12.43;12.55;12.24;12.4;4715707
20100901;12.63;13.07;12.5;13.06;3456474
20100902;13.01;13.61;12.89;13.61;3973107
20100903;13.91;14.17;13.85;14.13;3351171
20100907;13.95;14.03;13.85;13.9;2277998
20100908;14.05;14.12;13.75;13.83;1899459
20100909;14.02;14.43;14.01;14.34;2598660
20100910;14.38;14.42;14.13;14.19;2347098
20100913;14.39;14.5;14.31;14.43;1891011
20100914;14.34;14.43;14.14;14.26;1309878
20100915;13.99;14.28;13.9;14.23;1230792
20100916;14.23;14.27;14;14;1496681
20100917;14.1;14.18;13.93;14;2410789
20100920;14.04;14.53;14;14.36;2937298
20100921;14.45;14.63;14.22;14.32;2665529
20100922;14.5;14.68;14.4;14.6;7652938
20100923;14.49;14.86;14.36;14.55;3661089
20100924;14.79;15.29;14.7;15.27;6697739
20100927;15.31;15.55;15.22;15.32;3827900
20100928;15.35;15.37;14.27;14.79;4575600
20100929;14.75;14.8;14.44;14.51;3784670
20100930;14.64;14.87;14.5;14.57;2626736
20101001;14.67;15;14.61;14.89;3670295
20101004;14.78;14.89;14.36;14.46;3251855
20101005;14.62;14.89;14.46;14.84;3323924
20101006;14.79;14.91;14.7;14.82;2825398
20101007;14.86;14.92;14.5;14.59;2056610
20101008;14.6;14.85;14.55;14.8;2748104
20101011;14.86;14.94;14.64;14.81;1947929
20101012;14.66;14.82;14.48;14.77;2325708
20101013;14.87;15.19;14.77;15.06;2779175
20101014;15.01;15.01;14.71;14.83;3360039
20101015;14.93;14.93;14.33;14.67;8297562
20101018;14.65;14.79;14.6;14.79;2288604
20101019;14.66;14.73;14.29;14.49;2982937
20101020;14.51;14.81;14.43;14.75;3423342
20101021;14.62;14.68;14.04;14.14;7272426
20101022;14.13;14.24;13.73;14.04;3903939
20101025;14.15;14.36;14.02;14.02;2689471
20101026;13.9;14.17;13.8;14.12;2809501
20101027;13.97;14.25;13.89;14.23;2148776
20101028;14.26;14.35;14.2;14.24;2268670
20101029;14.21;14.32;14.16;14.3;1640486
20101101;14.32;14.38;14.09;14.19;2810279
20101102;14.32;14.5;14.26;14.42;2434640
20101103;14.4;14.47;14.09;14.37;2053538
20101104;14.45;14.95;14.37;14.95;3928140
20101105;14.9;15.8;14.89;15.3;5035849
20101108;15.3;15.49;15.05;15.2;2744539
20101109;15.2;15.25;14.98;15.03;2945098
20101110;15;15.39;14.86;15.28;2778197
20101111;15.12;15.45;14.96;15.33;2683993
20101112;15.31;15.32;14.86;14.98;2921976
20101115;15.05;15.26;15;15.04;1596599
20101116;15;15.05;14.68;14.76;2755422
20101117;14.88;14.93;14.66;14.68;1752643
20101118;14.8;14.98;14.8;14.9;2405895
20101119;14.89;15.23;14.71;15.15;3767634
20101122;15.08;15.2;14.96;15.04;1907687
20101123;14.79;15.03;14.65;14.7;3244497
20101124;14.83;15.01;14.75;15;1932715
20101126;14.84;14.95;14.75;14.84;657958
20101129;14.74;14.95;14.66;14.9;1715873
20101130;14.68;14.84;14.5;14.75;2810564
20101201;14.96;15.37;14.91;15.28;3244992
20101202;15.31;15.77;15.28;15.64;3951271
20101203;15.51;15.65;15.32;15.59;2602505
20101206;15.54;15.68;15.4;15.64;1472021
20101207;15.81;15.88;15.54;15.57;1605223
20101208;15.56;15.86;15.56;15.82;2600088
20101209;15.89;16.08;15.87;15.99;2595033
20101210;16.03;16.05;15.77;15.97;1782653
20101213;16.04;16.15;15.91;15.92;1935951
20101214;15.92;15.93;15.54;15.61;2395755
20101215;15.52;15.52;14.88;15.04;5654608
20101216;15.04;15.19;14.9;15.1;1895856
20101217;15.11;15.5;15.02;15.42;2628903
20101220;15.5;15.69;15.37;15.53;2172790
20101221;15.58;16.03;15.5;16.03;2363360
20101222;16.01;16.07;15.89;16.03;2032685
20101223;15.93;16.05;15.8;15.96;1322628
20101227;15.87;16.08;15.77;16.08;1104985
20101228;16.08;16.22;16.04;16.17;1518669
20101229;16.15;16.24;15.92;15.97;1722060
20101230;15.96;16.02;15.75;15.92;1778630
20101231;15.87;16.1;15.75;16;1739291
20110103;16.13;16.49;16.11;16.28;4866201
20110104;16.39;16.48;16.18;16.37;3437396
20110105;16.36;16.48;16.25;16.36;3638941
20110106;16.35;16.45;16.16;16.28;2937552
20110107;16.31;16.39;16.16;16.34;2872595
20110110;16.25;16.48;16.09;16.45;2038053
20110111;16.47;16.68;16.27;16.36;2387037
20110112;16.5;16.65;16.41;16.47;2954691
20110113;16.23;16.7;15.9;16.64;3504272
20110114;16.5;16.7;16.48;16.7;3458910
20110118;16.65;16.7;16.39;16.55;2237877
20110119;16.41;16.48;15.96;16.08;2499130
20110120;16.08;16.1;15.8;16.05;3110940
20110121;16.12;16.19;15.86;15.92;2421479
20110124;15.91;15.96;15.6;15.75;3740250
20110125;15.7;15.82;15.3;15.53;3891551
20110126;15.6;15.85;15.48;15.79;4701021
20110127;16;16.85;15.86;16.74;8567440
20110128;16.75;17.05;16.32;16.35;4924792
20110131;16.37;16.67;16.26;16.56;2782892
20110201;16.68;17.25;16.62;17.2;5502453
20110202;17.12;17.34;17.05;17.19;2555998
20110203;17.18;17.18;16.8;17.05;3596115
20110204;17.03;17.25;16.83;17.17;2040214
20110207;17.18;17.78;17.12;17.55;3328786
20110208;17.65;17.7;17.39;17.69;2186281
20110209;17.52;17.67;17.4;17.66;2040653
20110210;17.48;17.71;17.45;17.68;1888180
20110211;17.56;18;17.54;17.89;2693808
20110214;17.85;17.98;17.71;17.95;1453660
20110215;17.8;17.9;17.71;17.88;2056869
20110216;17.96;18.13;17.8;17.88;2497344
20110217;17.83;17.93;17.73;17.88;1343443
20110218;17.82;17.94;17.68;17.73;2261914
20110222;17.51;17.59;16.81;16.92;3109397
20110223;16.92;17.1;16.54;16.65;4286336
20110224;15.88;16.09;15.61;15.85;26023001
20110225;16;16.1;15.89;15.89;5981323
20110228;16;16.04;15.8;15.98;3922837
20110301;16;16.05;15.61;15.63;5261844
20110302;15.63;15.9;15.46;15.58;2871249
20110303;15.76;16.01;15.75;15.93;3019279
20110304;15.88;15.96;15.59;15.73;2921211
20110307;15.76;15.8;15.27;15.45;2686563
20110308;15.52;15.84;15.41;15.82;2586319
20110309;15.76;15.91;15.51;15.78;2569519
20110310;15.58;15.66;15.32;15.35;3149591
20110311;15.29;15.65;15.23;15.5;3102332
20110314;15.35;15.48;15.06;15.19;2871862
20110315;14.8;15.14;14.6;15.07;5155878
20110316;15;15.5;14.76;14.86;10895595
20110317;15.07;15.17;14.72;14.86;4130113
20110318;15.08;15.22;14.95;15.11;5582676
20110321;15.36;15.6;15.26;15.47;2886608
20110322;15.42;15.68;15.39;15.64;2925477
20110323;15.56;16.05;15.3;15.96;4634889
20110324;16.02;16.14;15.74;16.1;2647055
20110325;16.13;16.13;15.76;15.8;2113845
20110328;15.86;15.95;15.63;15.64;1911340
20110329;15.63;15.65;15.29;15.44;3896565
20110330;15.5;15.52;15.33;15.45;5061777
20110331;15.44;15.64;15.37;15.63;2403648
20110401;15.77;16.04;15.7;15.94;2422607
20110404;15.88;15.99;15.8;15.85;2171350
20110405;15.84;16;15.73;15.96;1431684
20110406;16.01;16.33;15.99;16.24;2027127
20110407;16.18;16.42;16.02;16.02;2273173
20110408;16.1;16.2;15.9;16.01;2747746
20110411;16.03;16.09;15.86;15.89;1132360
20110412;15.84;15.89;15.66;15.8;1359867
20110413;15.88;15.97;15.62;15.69;2374732
20110414;15.7;15.7;15.43;15.67;1343412
20110415;15.7;15.84;15.62;15.81;1587287
20110418;15.72;15.77;15.36;15.7;3521003
20110419;15.71;15.88;15.7;15.74;3816763
20110420;15.97;16.07;15.84;15.92;2899440
20110421;16.3;16.55;16.3;16.47;6892041
20110425;16.43;16.83;16.4;16.8;6050467
20110426;16.26;16.44;16.1;16.15;17294748
20110427;16.21;16.34;16.02;16.3;12482581
20110428;16.21;16.3;15.96;16.25;4425412
20110429;16.24;16.27;16.04;16.24;3575382
20110502;16.3;16.4;16.13;16.39;4876100
20110503;16.39;16.53;16.3;16.42;6100830
20110504;16.42;16.45;15.87;16.04;8184501
20110505;15.91;16.04;15.66;15.87;6207498
20110506;16.04;16.24;15.89;15.92;2824929
20110509;16.27;16.27;16.02;16.13;2501956
20110510;16.16;16.44;16.16;16.4;3231117
20110511;16.49;16.5;16.23;16.33;3723568
20110512;16.25;16.35;16.05;16.3;2463248
20110513;16.27;16.35;15.98;16.06;2322771
20110516;15.98;16.15;15.79;15.84;3146375
20110517;15.8;15.86;15.5;15.64;3357325
20110518;15.65;16.02;15.55;15.89;6247435
20110519;15.94;16;15.75;15.9;3414379
20110520;15.87;15.91;15.59;15.6;2733970
20110523;15.48;15.53;15.17;15.18;2615325
20110524;15.2;15.3;15.03;15.16;1849646
20110525;15.11;15.44;15.1;15.36;2243792
20110526;15.28;15.42;15.13;15.42;2999273
20110527;15.44;15.72;15.41;15.71;2574940
20110531;15.81;15.84;15.64;15.81;7888823
20110601;15.75;15.75;14.98;14.99;4607821
20110602;14.97;15.13;14.73;14.76;5356435
20110603;14.53;14.67;14.47;14.49;2756690
20110606;14.52;14.59;13.96;14.02;4675763
20110607;14.09;14.18;13.98;14.01;2784471
20110608;13.99;14.1;13.91;14.02;4873692
20110609;14.09;14.28;13.94;14.23;4436964
20110610;14.15;14.15;13.56;13.66;7176154
20110613;13.7;13.76;13.36;13.6;5780173
20110614;13.82;14.24;13.66;14.06;4103765
20110615;13.91;13.91;13.45;13.53;3426727
20110616;13.52;13.78;13.37;13.59;4946622
20110617;13.83;13.89;13.58;13.72;5912020
20110620;13.73;13.88;13.6;13.78;3452806
20110621;13.85;14.1;13.77;14;3539645
20110622;13.89;14.07;13.69;13.7;2774292
20110623;13.52;13.63;13.23;13.55;4627679
20110624;13.69;13.69;13.3;13.38;4734166
20110627;13.43;13.54;13.23;13.39;3858067
20110628;13.49;13.76;13.34;13.72;4859817
20110629;13.78;13.98;13.7;13.82;4043541
20110630;13.83;13.94;13.71;13.8;3692536
20110701;13.85;14.53;13.74;14.45;4227156
20110705;14.42;14.44;14.23;14.25;2893182
20110706;14.04;14.2;13.89;13.96;3536023
20110707;14.12;14.24;14.01;14.16;2663240
20110708;13.95;13.96;13.72;13.8;3204555
20110711;13.61;13.68;12.98;13.07;7543399
20110712;13.05;13.38;13.05;13.25;4305161
20110713;13.3;13.54;13.15;13.19;3949166
20110714;13.25;13.38;12.94;12.96;2444292
20110715;13.01;13.12;12.76;12.91;2815596
20110718;12.8;12.95;12.35;12.48;4619352
20110719;12.48;13.01;12.43;12.95;10147401
20110720;14.73;15.23;14.57;14.72;32632541
20110721;14.75;15.44;14.75;15.44;16146694
20110722;15.41;15.8;15.11;15.64;10902331
20110725;16.27;16.66;15.78;16.52;15760018
20110726;16.49;16.52;16.13;16.24;7879792
20110727;16.1;16.25;15.46;15.5;13570851
20110728;15.56;15.99;15.56;15.7;6841421
20110729;15.45;16.16;15.37;15.88;8912708
20110801;15.98;16.2;15.28;15.46;9467053
20110802;15.32;15.46;14.53;14.54;10529207
20110803;14.58;14.87;14.09;14.84;9975113
20110804;14.62;14.67;13.14;13.15;12765143
20110805;13.43;13.75;12.11;12.59;15375752
20110808;11.96;12.17;10.49;10.93;17594514
20110809;11.3;11.81;10.72;11.81;14660985
20110810;11.48;11.48;10.63;10.66;15759784
20110811;11;11.91;10.84;11.69;10965666
20110812;11.89;12;11.22;11.39;8635278
20110815;11.5;11.9;11.37;11.77;6488302
20110816;11.6;11.91;11.5;11.7;4974504
20110817;11.75;11.89;11.61;11.73;4267127
20110818;11.31;11.32;10.77;10.86;6718014
20110819;10.65;11.18;10.39;10.41;6516462
20110822;10.71;10.89;10.04;10.1;7419109
20110823;10.14;10.51;9.9;10.51;9076361
20110824;10.45;10.95;10.42;10.88;5859092
20110825;11.29;11.42;10.51;10.66;7011100
20110826;10.55;10.98;10.3;10.82;5345554
20110829;11.07;11.44;11;11.42;5855762
20110830;11.3;11.68;11.07;11.51;5972655
20110831;11.63;12.45;11.57;12.36;11280903
20110901;12.35;12.4;12.02;12.09;8861674
20110902;11.67;11.78;11.24;11.4;7529649
20110906;11.03;11.26;10.87;11.19;6729631
20110907;11.44;11.89;11.36;11.59;11509057
20110908;11.39;11.65;11.16;11.27;5137137
20110909;11.06;11.22;10.68;10.74;5047825
20110912;10.5;10.85;10.39;10.74;5798282
20110913;10.76;11.01;10.57;10.95;4223738
20110914;11.06;11.39;10.69;11.22;4767880
20110915;11.37;11.46;11.12;11.44;4303316
20110916;11.5;11.65;11.28;11.63;4404904
20110919;11.34;11.37;10.9;10.99;4376636
20110920;11.13;11.14;10.69;10.7;4352415
20110921;10.77;10.96;10.24;10.25;4890178
20110922;10;10.15;9.4;9.61;8628267
20110923;9.57;9.95;9.42;9.72;5051741
20110926;9.9;10;9.44;9.73;8374799
20110927;9.96;10.35;9.85;9.92;6079568
20110928;9.91;9.94;9.4;9.41;5112980
20110929;9.6;9.74;9.21;9.56;4953939
20110930;9.34;9.46;9.07;9.11;7344186
20111003;9.01;9.28;8.36;8.36;6822934
20111004;8.15;8.44;7.74;8.42;10691311
20111005;8.43;8.65;8.18;8.48;9739618
20111006;8.46;8.88;8.27;8.86;10350257
20111007;9.46;9.49;8.6;8.72;11325513
20111010;9.04;9.37;8.99;9.37;5292520
20111011;9.18;9.44;9.04;9.26;4114734
20111012;9.41;10.14;9.3;9.82;7849129
20111013;9.69;9.79;9.26;9.71;6240591
20111014;9.84;9.98;9.6;9.8;4421709
20111017;9.71;9.72;9.27;9.31;5174602
20111018;9.43;9.69;9.09;9.65;10014087
20111019;9.67;9.84;9.4;9.4;6550154
20111020;9.46;9.62;9.1;9.58;7346801
20111021;9.68;10.05;9.65;10.01;8021852
20111024;10.04;10.79;10;10.58;8374729
20111025;10.42;10.46;10.1;10.29;6713733
20111026;10.43;10.73;10.1;10.65;5034595
20111027;11.18;11.5;10.95;11.41;8535196
20111028;11.28;11.69;11.08;11.63;6590347
20111031;11.25;11.28;10.85;10.85;6511561
20111101;10.18;10.33;9.96;9.98;8973901
20111102;10.23;10.47;10.03;10.33;4827257
20111103;10.52;10.71;10.03;10.65;4813050
20111104;10.49;10.7;10.25;10.57;3001310
20111107;10.57;10.69;10.26;10.63;3086226
20111108;10.73;10.87;10.55;10.84;5226712
20111109;10.45;10.47;9.74;9.82;9317217
20111110;10.09;10.19;9.37;9.48;12934211
20111111;9.09;9.21;8.97;9.09;26253164
20111114;9.03;9.05;8.75;8.82;9020127
20111115;8.77;8.9;8.55;8.71;9231938
20111116;8.57;8.63;8.33;8.39;11275868
20111117;8.36;8.43;8.09;8.18;10586061
20111118;8.24;8.35;8.16;8.23;6390944
20111121;8.18;8.5;8.06;8.4;10640801
20111122;8.43;8.56;8.23;8.26;6605778
20111123;8.19;8.2;8;8.04;5160477
20111125;8.05;8.26;8.03;8.14;2753530
20111128;8.42;8.69;8.39;8.58;7731081
20111129;8.58;8.77;8.42;8.7;9190091
20111130;9.13;9.21;8.92;9.18;11985417
20111201;9.1;9.14;8.77;8.9;7362698
20111202;9.07;9.18;8.95;9.07;6695528
20111205;9.25;9.4;9.14;9.35;6793376
20111206;9.34;9.51;9.1;9.15;5220688
20111207;9.04;9.22;8.87;9.18;5635834
20111208;9.05;9.11;8.63;8.69;6354592
20111209;8.75;8.99;8.7;8.91;4728505
20111212;8.72;8.79;8.57;8.68;3899730
20111213;8.74;8.84;8.44;8.58;8345965
20111214;8.42;8.49;7.97;8.13;13920646
20111215;8.16;8.19;7.85;7.9;10314003
20111216;7.92;8;7.59;7.72;10299581
20111219;7.72;7.84;7.42;7.49;7495446
20111220;7.67;7.98;7.63;7.89;9962769
20111221;7.85;7.97;7.73;7.91;6229587
20111222;7.91;8.12;7.88;7.92;7381203
20111223;8.01;8.04;7.9;7.95;3947503
20111227;7.91;7.97;7.74;7.75;6286988
20111228;7.79;7.84;7.61;7.72;5069416
20111229;7.78;7.99;7.73;7.97;6156010
20111230;7.97;8.02;7.91;7.96;4411202
20120103;8.18;8.54;8.16;8.48;6205702
20120104;8.42;8.43;8.21;8.42;4597830
20120105;8.34;8.64;8.23;8.58;5293053
20120106;8.57;8.63;8.41;8.48;3304953
20120109;8.51;8.56;8.4;8.5;2937171
20120110;8.63;8.98;8.63;8.88;6814739
20120111;8.79;9.06;8.74;9.02;5999708
20120112;9.06;9.34;8.92;9.25;5722926
20120113;9.1;9.29;9.02;9.24;7144179
20120117;8.97;9.21;8.96;9.2;5780013
20120118;9.17;9.45;9.13;9.36;4834470
20120119;9.45;9.7;9.39;9.62;6127199
20120120;9.57;9.73;9.5;9.66;3631599
20120123;9.66;9.8;9.5;9.62;3340016
20120124;9.5;9.6;9.4;9.55;3706913
20120125;9.52;9.55;9.1;9.36;8651901
20120126;8.54;8.7;7.86;7.99;34114471
20120127;8.02;8.22;7.77;8.19;11009722
20120130;8.08;8.35;8;8.27;7404475
20120131;8.31;8.34;8.06;8.19;6466158
20120201;8.29;8.53;8.22;8.52;10074994
20120202;8.57;8.86;8.53;8.85;11471082
20120203;8.99;9.26;8.98;9.19;9773688
20120206;9.11;9.33;9.05;9.22;5334195
20120207;9.22;9.22;8.86;9.1;6521130
20120208;9.19;9.28;9.1;9.13;7639559
20120209;9.17;9.24;9.02;9.19;4931013
20120210;9.1;9.23;9.07;9.21;4799469
20120213;9.32;9.35;9.21;9.31;5552451
20120214;9.25;9.3;8.96;9.07;5337542
20120215;9.14;9.24;9.05;9.17;5598476
20120216;9.17;9.28;9.05;9.26;4302582
20120217;9.29;9.4;9.22;9.35;3751880
20120221;9.4;9.52;9.3;9.5;5912944
20120222;9.42;9.5;9.32;9.32;6675248
20120223;9.3;9.51;9.15;9.49;3191765
20120224;9.52;9.73;9.46;9.66;6358824
20120227;9.58;9.72;9.47;9.66;2745337
20120228;9.68;9.77;9.58;9.68;3253424
20120229;9.73;9.9;9.61;9.64;5066675
20120301;9.7;10;9.7;9.84;6946763
20120302;9.84;10.02;9.79;9.99;4765265
20120305;9.94;9.95;9.68;9.71;3699010
20120306;9.52;9.55;9.23;9.27;6130662
20120307;9.35;9.5;9.29;9.4;3755676
20120308;9.51;9.76;9.48;9.68;7063523
20120309;9.72;9.76;9.6;9.67;5184724
20120312;9.7;9.72;9.5;9.58;5440195
20120313;9.65;10.15;9.62;10.05;8815186
20120314;10.15;10.5;10.06;10.4;9777459
20120315;10.49;11.09;10.43;10.95;10282947
20120316;11.01;11.13;10.81;11.04;5993068
20120319;11.28;11.5;11.12;11.22;10156502
20120320;11.11;11.32;11.02;11.22;3527961
20120321;11.26;11.36;11.17;11.26;3937422
20120322;11.15;11.26;10.92;11.03;3142425
20120323;11;11.29;10.83;11.27;4804062
20120326;11.41;11.44;11.27;11.36;5513379
20120327;11.37;11.45;11.18;11.19;3853034
20120328;11.22;11.26;10.92;11.03;4240646
20120329;10.89;10.95;10.72;10.9;3772383
20120330;10.98;11.08;10.75;10.95;4224206
20120402;10.89;11.16;10.85;11.09;3512655
20120403;11.06;11.12;10.78;11.05;4109370
20120404;10.89;10.97;10.69;10.69;3458417
20120405;10.63;10.75;10.58;10.66;1957214
20120409;10.42;10.47;10.19;10.38;3091092
20120410;10.31;10.47;10.02;10.05;4928075
20120411;10.25;10.45;10.2;10.32;3841428
20120412;10.36;10.69;10.31;10.66;2906805
20120413;10.62;10.64;9.98;10.06;10009559
20120416;10.24;10.35;9.72;9.91;9208280
20120417;10.03;10.23;9.98;10.11;2691790
20120418;10.05;10.07;9.87;9.97;3791569
20120419;10.02;10.14;9.77;9.88;6689537
20120420;10.4;10.65;10.22;10.48;17655996
20120423;10.36;10.4;10.21;10.27;8586638
20120424;10.27;10.48;10.25;10.41;5857052
20120425;10.51;10.7;10.45;10.67;4619961
20120426;10.66;11;10.6;10.67;5889354
20120427;10.73;10.76;10.52;10.73;2679526
20120430;10.72;10.72;10.53;10.63;1738551
20120501;10.63;10.93;10.56;10.73;4767982
20120502;10.58;10.63;10.36;10.46;4376412
20120503;10.4;10.43;10.13;10.19;3482079
20120504;10.12;10.14;9.9;9.98;3227458
20120507;9.93;10.07;9.8;9.88;3249339
20120508;9.77;9.81;9.53;9.73;3797706
20120509;9.57;9.73;9.39;9.64;3868676
20120510;9.7;9.84;9.56;9.64;2590700
20120511;9.47;9.77;9.21;9.59;2815009
20120514;9.42;9.48;9.21;9.22;4539700
20120515;9.21;9.29;9;9.08;5153016
20120516;9.15;9.32;8.81;8.81;4005530
20120517;8.84;8.91;8.59;8.6;4839212
20120518;8.69;8.73;8.41;8.46;4835341
20120521;8.49;8.65;8.45;8.65;2504831
20120522;8.7;9.02;8.66;8.77;3940812
20120523;8.62;8.94;8.5;8.9;4435972
20120524;8.92;9;8.61;8.76;2561581
20120525;8.75;8.76;8.49;8.68;1822226
20120529;8.75;8.99;8.75;8.91;4695263
20120530;8.76;8.8;8.5;8.53;5766582
20120531;8.53;8.56;8.31;8.49;5520594
20120601;8.31;8.37;7.96;8.05;7281148
20120604;8.09;8.09;7.74;7.86;6844281
20120605;7.86;8.25;7.81;8.06;7109943
20120606;8.16;8.37;8.1;8.29;10147840
20120607;8.46;8.53;8.15;8.19;4414701
20120608;8.19;8.2;8.02;8.19;5363015
20120611;8.29;8.36;7.85;7.87;4790305
20120612;7.86;8.02;7.82;7.96;6191585
20120613;8.05;8.17;7.85;7.87;7620415
20120614;7.88;8.02;7.83;7.99;3752525
20120615;8.03;8.03;7.92;7.97;5172699
20120618;7.92;7.95;7.8;7.84;3685707
20120619;7.91;8.09;7.89;8.04;6593664
20120620;8.05;8.33;8;8.17;4288078
20120621;8.17;8.22;7.79;7.83;4206071
20120622;7.9;7.95;7.72;7.82;5964660
20120625;7.71;7.74;7.42;7.47;3898140
20120626;7.49;7.57;7.45;7.5;3060960
20120627;7.5;7.61;7.5;7.55;4066226
20120628;7.48;7.64;7.39;7.61;6039034
20120629;7.88;8.2;7.77;8.04;11951786
20120702;8.11;8.17;7.81;8.03;6044140
20120703;8.03;8.2;7.99;8.14;2575426
20120705;8.07;8.15;7.95;8.07;3909714
20120706;7.97;8.03;7.76;7.84;4418020
20120709;7.79;7.81;7.5;7.55;5363111
20120710;7.59;7.65;7.46;7.53;5586384
20120711;7.53;7.68;7.48;7.65;4279550
20120712;7.57;7.58;7.39;7.48;5385345
20120713;7.5;7.98;7.47;7.87;6522218
20120716;7.82;8.07;7.82;8.04;5368505
20120717;8.07;8.14;7.84;8.03;4777359
20120718;7.97;8.09;7.82;7.9;2223706
20120719;7.88;7.99;7.72;7.82;5170422
20120720;7.74;7.74;7.32;7.39;15854274
20120723;7.28;7.29;7.1;7.2;13243520
20120724;7.19;7.25;7.1;7.18;7501024
20120725;7.19;7.27;7.08;7.18;6407764
20120726;7.3;7.3;7.15;7.26;3667177
20120727;7.31;7.58;7.25;7.53;4624222
20120730;7.53;7.66;7.46;7.54;3480201
20120731;7.51;7.65;7.49;7.63;3207717
20120801;7.66;7.76;7.57;7.75;5305556
20120802;7.6;7.6;7.25;7.33;11381180
20120803;7.55;7.96;7.5;7.86;8731852
20120806;7.95;8.02;7.9;7.92;4150565
20120807;7.96;8.15;7.92;8.06;3376313
20120808;8.02;8.09;7.91;8.02;2436928
20120809;8.35;8.62;8.3;8.57;18578220
20120810;8.53;8.53;8.32;8.42;4154456
20120813;8.4;8.54;8.33;8.51;3919970
20120814;8.64;8.81;8.6;8.67;7177503
20120815;8.65;8.76;8.49;8.53;6085058
20120816;8.55;8.6;8.47;8.55;11232446
20120817;8.6;8.65;8.5;8.57;3590503
20120820;8.57;8.68;8.53;8.68;2823289
20120821;8.69;8.88;8.63;8.68;5846380
20120822;8.69;8.76;8.59;8.73;4935531
20120823;8.74;8.75;8.37;8.4;4307819
20120824;8.4;8.56;8.26;8.5;2892034
20120827;8.48;8.57;8.34;8.39;3072600
20120828;8.38;8.71;8.34;8.6;3346123
20120829;8.64;8.68;8.5;8.62;2654954
20120830;8.55;8.55;8.4;8.5;2056313
20120831;8.57;8.68;8.45;8.57;2372967
20120904;8.53;8.63;8.41;8.59;2260186
20120905;8.57;8.63;8.46;8.56;2397751
20120906;8.6;8.87;8.56;8.85;3700434
20120907;8.9;9.06;8.84;9.06;4577616
20120910;9;9.06;8.62;8.75;3661510
20120911;8.73;9.01;8.7;8.94;3448132
20120912;8.99;9.33;8.96;9.32;9657990
20120913;9.3;9.64;9.22;9.56;4354645
20120914;9.67;10.09;9.61;9.88;9577605
20120917;9.85;9.88;9.47;9.52;4538040
20120918;9.45;9.49;9.22;9.39;2844196
20120919;9.38;9.42;9.16;9.25;4508699
20120920;9.15;9.27;8.96;9.22;4796195
20120921;9.11;9.34;9.11;9.27;5012758
20120924;9.11;9.24;9.05;9.16;2801265
20120925;9.22;9.27;8.73;8.78;4461758
20120926;8.75;8.82;8.58;8.7;3937946
20120927;8.79;8.92;8.7;8.85;2931142
20120928;8.77;8.87;8.51;8.8;5367157
20121001;8.9;9.15;8.86;8.94;4215665
20121002;8.99;9.05;8.82;8.96;2860589
20121003;8.97;9.1;8.81;9.02;3035283
20121004;9.07;9.13;9;9.13;2466527
20121005;9.17;9.38;9.02;9.12;4003985
20121008;9.05;9.12;9;9.03;1440378
20121009;9.03;9.16;8.97;9.01;2577633
20121010;9.02;9.08;8.93;9.07;2758106
20121011;9.1;9.37;9.07;9.32;3436496
20121012;9.21;9.24;8.89;9;9091439
20121015;9.02;9.18;8.98;9.16;3157081
20121016;9.24;9.34;9.13;9.22;3423318
20121017;9.23;9.54;9.21;9.54;5019259
20121018;9.51;9.54;9.34;9.42;3997072
20121019;8.74;9;8.38;8.57;20141695
20121022;8.57;8.64;8.34;8.44;5099668
20121023;8.26;8.45;8.21;8.36;5099191
20121024;8.42;8.47;8.13;8.24;5357621
20121025;8.28;8.42;8.19;8.39;2891590
20121026;8.38;8.41;8.23;8.26;2232133
20121031;8.32;8.44;8.3;8.36;1832935
20121101;8.27;8.62;8.27;8.49;3907666
20121102;8.6;8.65;8.3;8.4;3263679
20121105;8.7;8.89;8.65;8.77;5341166
20121106;8.82;8.83;8.61;8.65;3472974
20121107;8.56;8.62;8.21;8.25;5193107
20121108;8.29;8.4;8.14;8.14;2900664
20121109;8.13;8.23;8.02;8.08;2894739
20121112;8.13;8.19;8.05;8.13;1694014
20121113;8.05;8.19;7.96;8;2645799
20121114;8;8;7.7;7.74;6064231
20121115;7.76;7.89;7.7;7.86;6124472
20121116;7.94;7.99;7.72;7.88;3932272
20121119;8.04;8.19;8.02;8.17;3305654
20121120;8.15;8.19;8.04;8.1;4057991
20121121;8.12;8.14;8.03;8.11;2189372
20121123;8.17;8.18;8.03;8.14;1994930
20121126;8.12;8.47;8.08;8.43;3403463
20121127;8.44;8.45;8.26;8.38;3070253
20121128;8.35;8.55;8.23;8.53;3294294
20121129;8.56;8.6;8.38;8.53;2466285
20121130;8.51;8.58;8.37;8.42;1919444
20121203;8.47;8.53;8.31;8.34;2062276
20121204;8.33;8.46;8.28;8.37;2566416
20121205;8.4;8.67;8.4;8.54;3073769
20121206;8.52;8.55;8.34;8.37;3031228
20121207;8.41;8.43;8.29;8.38;2933536
20121210;8.36;8.41;8.28;8.31;2487245
20121211;8.4;8.44;8.3;8.32;3561524
20121212;8.36;8.4;8.19;8.25;11324589
20121213;8.25;8.41;8.25;8.27;3882233
20121214;8.27;8.37;8.22;8.32;2858598
20121217;8.4;8.63;8.32;8.58;4890718
20121218;8.57;8.8;8.53;8.78;4760928
20121219;8.82;8.86;8.66;8.78;3471034
20121220;8.8;8.9;8.72;8.89;2996664
20121221;8.7;8.85;8.45;8.83;3952982
20121224;8.77;8.8;8.67;8.67;863068
20121226;8.75;8.88;8.64;8.66;2412151
20121227;8.66;8.76;8.56;8.73;2470598
20121228;8.66;8.79;8.6;8.76;1847783
20121231;8.71;8.96;8.68;8.95;3869979
20130102;9.17;9.28;9.06;9.19;4360425
20130103;9.18;9.27;9.12;9.19;2659011
20130104;9.19;9.47;9.18;9.39;7086439
20130107;9.34;9.4;9.29;9.35;2438893
20130108;9.29;9.31;9.09;9.26;4257422
20130109;9.31;9.39;9.18;9.37;2729495
20130110;9.43;9.71;9.37;9.55;7083535
20130111;9.56;9.64;9.44;9.58;3342002
20130114;9.52;9.6;9.41;9.49;2987312
20130115;9.58;9.83;9.46;9.77;5530013
20130116;9.72;9.98;9.71;9.86;8624246
20130117;9.86;10.03;9.81;9.87;5224196
20130118;9.8;10.21;9.76;10.18;5858672
20130122;10.27;10.41;10.14;10.38;5249564
20130123;10.4;10.42;10.19;10.3;7001291
20130124;10.28;10.46;10.14;10.27;9037197
20130125;10;10.36;9.87;10.33;11719456
20130128;10.34;10.64;10.3;10.6;6243771
20130129;10.63;10.7;10.42;10.56;6755467
20130130;10.52;10.61;10.4;10.47;4454358
20130131;10.48;10.62;10.3;10.6;4770422
20130201;10.69;10.95;10.68;10.8;6830004
20130204;10.75;10.88;10.62;10.8;5768973
20130205;10.95;10.96;10.82;10.91;3775399
20130206;10.83;11;10.83;10.92;3631411
20130207;10.89;11;10.68;10.99;6320916
20130208;11;11.04;10.9;11.02;3660943
20130211;11.02;11.1;10.96;11.06;2299436
20130212;11.05;11.31;11.04;11.31;3566857
20130213;11.38;11.38;11.18;11.3;7328475
20130214;11.21;11.43;11.18;11.42;5335275
20130215;11.36;11.45;11.18;11.22;2938595
20130219;11.27;11.39;11.22;11.29;2896986
20130220;11.28;11.35;11.03;11.12;3982872
20130221;11.06;11.08;10.74;10.78;3957559
20130222;10.69;10.85;10.66;10.84;4521838
20130225;10.94;11.03;10.59;10.64;4261233
20130226;10.67;10.74;10.46;10.55;4173999
20130227;10.57;10.78;10.56;10.72;2640586
20130228;10.72;10.82;10.54;10.71;4614608
20130301;10.64;10.72;10.46;10.63;2354611
20130304;10.58;10.82;10.57;10.79;2398389
20130305;10.86;11.03;10.84;10.89;1632264
20130306;10.93;11.05;10.86;11;3092445
20130307;11.04;11.32;10.94;11.31;4275238
20130308;11.33;11.4;11.21;11.3;2607664
20130311;11.28;11.45;11.22;11.37;1997392
20130312;11.33;11.44;11.25;11.4;2546165
20130313;11.4;11.82;11.36;11.82;6988347
20130314;10.99;11.22;10.75;10.85;52022765
20130315;10.88;10.92;10.63;10.66;13204763
20130318;10.6;10.7;10.45;10.5;10032663
20130319;10.51;10.7;10.34;10.44;11560990
20130320;10.55;10.86;10.53;10.79;7940807
20130321;10.76;10.85;10.6;10.64;8073287
20130322;10.7;10.8;10.65;10.66;9097180
20130325;10.75;10.82;10.49;10.56;3734534
20130326;10.62;10.68;10.52;10.61;3128513
20130327;10.52;10.66;10.36;10.65;4301082
20130328;10.62;10.72;10.57;10.71;2778798
20130401;10.79;10.79;10.37;10.39;3911284
20130402;10.47;10.53;10.33;10.37;2766343
20130403;10.32;10.36;10.15;10.21;4378106
20130404;10.18;10.32;10.06;10.11;3767491
20130405;9.98;10.01;9.87;9.95;4110645
20130408;9.91;10.13;9.86;10.13;4550331
20130409;10.16;10.28;10.06;10.18;3010790
20130410;10.24;10.42;10.19;10.3;2725122
20130411;10.35;10.47;10.27;10.39;3896566
20130412;10.3;10.4;10.15;10.17;2101901
20130415;10.1;10.17;9.68;9.75;5492916
20130416;9.82;9.99;9.68;9.72;4823792
20130417;9.6;9.81;9.52;9.71;6804869
20130418;9.72;9.77;9.54;9.54;4036756
20130419;9.69;9.88;9.56;9.83;9656300
20130422;9.81;9.84;9.72;9.75;3779820
20130423;9.84;10;9.78;9.95;4564750
20130424;9.95;10.18;9.92;10.18;3391057
20130425;10.25;10.41;10.12;10.27;3441141
20130426;10.23;10.27;10.13;10.2;2722573
20130429;10.23;10.36;10.19;10.31;2895790
20130430;10.33;10.36;10.18;10.29;2889117
20130501;10.31;10.32;10.02;10.08;2921184
20130502;10.12;10.46;10.05;10.43;3452887
20130503;10.53;10.96;10.52;10.85;5863271
20130506;10.83;10.96;10.78;10.86;3614598
20130507;10.9;10.98;10.72;10.91;3079940
20130508;10.89;10.96;10.82;10.89;4698652
20130509;10.87;11.04;10.82;10.89;4620170
20130510;10.88;11.19;10.74;11.16;5498137
20130513;11.13;11.23;11.08;11.19;2038966
20130514;11.23;11.56;11.14;11.52;5632833
20130515;11.32;11.42;11.17;11.34;4779830
20130516;11.24;11.4;11.12;11.32;4056789
20130517;11.37;11.55;11.36;11.53;4913251
20130520;11.47;11.68;11.44;11.52;4314710
20130521;11.5;11.6;11.44;11.47;2283549
20130522;11.5;11.8;11.27;11.32;5868768
20130523;11.25;11.44;11.02;11.4;3283963
20130524;11.37;11.47;11.25;11.31;1854545
20130528;11.45;11.86;11.45;11.76;4390321
20130529;11.66;11.88;11.61;11.75;4018656
20130530;11.76;11.99;11.68;11.8;3380793
20130531;11.75;11.93;11.62;11.62;3179108
20130603;11.67;11.81;11.37;11.58;3461135
20130604;11.6;11.74;11.3;11.46;3994870
20130605;11.43;11.45;11.1;11.1;3498557
20130606;11.14;11.39;11.1;11.39;3108790
20130607;11.5;11.76;11.44;11.76;2985625
20130610;11.78;11.88;11.66;11.87;2393968
20130611;11.72;11.87;11.48;11.53;2691159
20130612;11.64;11.73;11.45;11.5;2756563
20130613;11.46;11.69;11.41;11.68;4619390
20130614;11.69;11.7;11.28;11.44;2690070
20130617;11.54;11.97;11.51;11.9;3696273
20130618;11.94;12.18;11.87;12.09;5723471
20130619;12.09;12.29;11.98;12.05;3661092
20130620;11.94;12.21;11.82;12.14;5713093
20130621;12.18;12.34;12;12.24;5164099
20130624;12.06;12.15;11.61;11.89;6378451
20130625;12.12;12.23;11.93;11.93;5215610
20130626;12.06;12.38;11.99;12.24;3365037
20130627;12.35;12.62;12.35;12.59;3300274
20130628;12.53;12.73;12.33;12.66;5346505
20130701;12.66;13.04;12.66;12.82;3653109
20130702;12.81;13.2;12.72;12.9;5079666
20130703;12.78;12.89;12.69;12.86;1780008
20130705;13.01;13.17;12.97;13.16;4039724
20130708;13.19;13.49;13.17;13.4;3161355
20130709;13.51;13.59;13.33;13.51;2069838
20130710;13.46;13.57;13.35;13.53;2016249
20130711;13.68;13.7;13.21;13.36;4220278
20130712;13.33;13.43;13.2;13.42;3358260
20130715;13.49;13.6;13.34;13.51;1442872
20130716;13.48;13.55;13.16;13.21;3220197
20130717;13.26;13.38;13.17;13.34;2427891
20130718;13.39;13.53;13.36;13.45;1919321
20130719;13.42;13.55;13.29;13.49;1921024
20130722;13.47;13.6;13.35;13.58;2689214
20130723;13.65;13.79;13.57;13.61;2640611
20130724;13.71;13.71;13.45;13.62;4500073
20130725;14.25;14.75;14.19;14.69;12741910
20130726;14.49;15.01;14.32;14.85;7613779
20130729;14.83;15;14.74;14.88;4243157
20130730;14.89;15.25;14.89;14.91;4897759
20130731;14.93;15.31;14.89;14.9;5025817
20130801;15.01;15.25;15.01;15.21;3474980
20130802;15.17;15.35;15.12;15.29;2113374
20130805;15.25;15.39;15.11;15.31;2135835
20130806;15.29;15.33;15.04;15.14;1386120
20130807;15.02;15.07;14.3;14.62;5703807
20130808;14.65;14.87;14.53;14.64;2243954
20130809;14.65;14.77;14.48;14.68;1786589
20130812;14.59;14.67;14.44;14.51;2435366
20130813;14.51;14.73;14.45;14.61;2338479
20130814;14.58;14.79;14.57;14.74;2938697
20130815;14.56;14.65;14.45;14.55;2285074
20130816;14.46;14.7;14.46;14.56;2525782
20130819;14.5;14.64;14.37;14.37;2406224
20130820;14.35;14.67;14.31;14.59;2689436
20130821;14.55;14.67;14.35;14.43;1619321
20130822;14.5;14.73;14.44;14.69;1329145
20130823;14.69;14.69;14.52;14.65;1085658
20130826;14.66;14.7;14.51;14.53;1691906
20130827;14.34;14.4;13.93;14.06;3302778
20130828;14.08;14.34;14;14.11;2300481
20130829;14.1;14.45;14.07;14.34;1103236
20130830;14.33;14.33;13.94;14.04;1756423
20130903;14.27;14.62;14.27;14.54;3220520
20130904;15.18;15.97;14.81;15.71;10183892
20130905;15.75;15.76;15.53;15.55;5739209
20130906;16.07;16.47;15.64;16.26;7549622
20130909;16.3;16.52;16.22;16.51;2237268
20130910;16.87;17.47;16.84;17.1;6937878
20130911;17.03;17.1;16.63;17.02;3722221
20130912;17.01;17.11;16.8;17;1736960
20130913;17;17.14;16.84;17.11;1769914
20130916;17.37;17.38;16.96;17.07;3247620
20130917;17.1;17.52;17.05;17.48;2273969
20130918;17.47;17.73;16.63;16.98;7516359
20130919;17.14;17.4;16.7;16.86;5711217
20130920;16.95;16.99;16.65;16.71;6897251
20130923;16.64;16.69;16.41;16.47;3068159
20130924;16.5;16.84;16.38;16.66;2677331
20130925;16.73;16.98;16.7;16.79;3219591
20130926;16.79;16.94;16.65;16.8;1788224
20130927;16.61;16.79;16.52;16.76;1311225
20130930;16.49;16.66;16.34;16.5;2298822
20131001;16.51;16.82;16.51;16.8;2837936
20131002;16.65;16.76;16.54;16.68;2220748
20131003;16.62;17;16.48;16.87;3865565
20131004;16.89;17.3;16.82;17.13;3572630
20131007;16.94;17.06;16.75;16.76;1569387
20131008;16.74;16.88;16.02;16.19;3965543
20131009;15.54;16.39;15.54;16.26;4217701
20131010;16.51;16.94;16.51;16.75;3186197
20131011;16.69;17.01;16.55;17;2584371
20131014;16.83;17;16.63;16.92;2659347
20131015;16.92;17.18;16.81;16.88;3506542
20131016;17.08;17.51;16.92;17.35;3883074
20131017;17.22;17.41;17.16;17.32;2459172
20131018;17.38;17.71;17.22;17.49;3159069
20131021;17.56;17.58;17.28;17.43;1797842
20131022;17.49;17.53;17.22;17.44;3622151
20131023;17.41;17.55;17.2;17.34;3056905
20131024;16.42;16.85;16.26;16.81;11243577
20131025;16.85;17.37;16.84;17.31;10691979
20131028;17.34;17.4;17.12;17.21;2803495
20131029;17.28;17.36;17.16;17.35;2827331
20131030;17.36;17.4;16.97;17.05;2597522
20131031;17.03;17.21;16.84;16.91;3689262
20131101;16.97;17.19;16.91;17.13;3559216
20131104;17.2;17.25;17.05;17.22;1599716
20131105;17.19;17.32;17.04;17.25;2587494
20131106;17.3;17.34;17.04;17.27;2199102
20131107;17.27;17.4;16.84;16.87;3047869
20131108;16.88;17.76;16.87;17.76;5200157
20131111;17.69;18.04;17.65;17.93;3679349
20131112;17.93;17.99;17.5;17.63;3035846
20131113;17.49;17.95;17.45;17.93;2262303
20131114;18;18.05;17.65;17.68;3545768
20131115;17.69;17.83;17.62;17.64;2672051
20131118;17.63;17.93;17.53;17.63;2007925
20131119;17.68;17.83;17.32;17.38;2956832
20131120;17.43;17.68;17.27;17.42;2479152
20131121;17.5;17.72;17.4;17.6;3075589
20131122;17.64;17.81;17.59;17.75;1991897
20131125;17.79;17.85;17.66;17.69;1996064
20131126;17.7;17.94;17.57;17.9;1968025
20131127;17.92;17.95;17.81;17.89;1043000
20131129;17.98;17.99;17.88;17.92;717553
20131202;17.96;18.29;17.9;18.1;3035458
20131203;18;18.24;17.9;18.11;3715397
20131204;18.08;18.22;17.74;18.05;2219731
20131205;18;18.12;17.83;18.03;1775561
20131206;18.21;18.34;18.03;18.28;1273653
20131209;18.36;18.4;18.1;18.21;2359008
20131210;18.23;18.75;18.2;18.69;3709969
20131211;18.7;18.74;18.38;18.47;2162674
20131212;18.45;18.55;18.27;18.4;2640526
20131213;18.48;18.64;18.4;18.53;1288786
20131216;18.57;18.75;18.47;18.65;2802882
20131217;18.64;18.71;18.43;18.65;2051190
20131218;18.75;19.16;18.59;19.14;5391577
20131219;19.09;19.36;19.04;19.33;4522159
20131220;19.41;19.5;19.22;19.34;3718030
20131223;19.42;19.5;19.34;19.48;2070683
20131224;19.52;19.54;19.3;19.41;1006690
20131226;19.45;19.55;19.4;19.46;1618588
20131227;19.45;19.58;19.4;19.45;1888016
20131230;19.45;19.45;19.27;19.37;1520921
20131231;19.41;19.67;19.29;19.64;1812877
20140102;19.71;19.86;19.58;19.81;3115394
20140103;19.86;20.35;19.83;20.3;3360212
20140106;20.33;20.57;20.19;20.27;4826211
20140107;20.39;20.76;20.3;20.69;3985845
20140108;20.67;20.84;20.56;20.71;3643985
20140109;20.92;21.08;20.8;20.94;2543651
20140110;21;21.1;20.77;20.91;2657282
20140113;20.87;20.98;20.5;20.55;2596579
20140114;20.66;20.98;20.51;20.95;2462037
20140115;21.01;21.22;20.95;21.19;2817002
20140116;21.06;21.48;21.05;21.29;2637376
20140117;21.3;21.33;21;21.02;3051642
20140121;21.21;21.59;21.13;21.33;4436563
20140122;21.38;21.58;21.33;21.51;3589381
20140123;21.38;21.47;20.54;21.04;6680883
20140124;21.33;21.6;20.18;20.97;10078719
20140127;21.3;21.32;20.06;20.07;7510518
20140128;20.23;20.47;20.09;20.37;4287174
20140129;20.25;20.25;19.82;19.9;5110789
20140130;20.08;20.39;19.98;20.35;2906365
20140131;20;20.16;19.79;20.02;3087639
20140203;20.03;20.12;18.97;19.04;4648370
20140204;19.19;19.78;19.08;19.39;4079264
20140205;19.34;19.49;18.86;19.23;4319340
20140206;19.25;19.81;19.22;19.76;2959910
20140207;19.84;20.54;19.79;20.27;5804865
20140210;20.34;20.76;20.2;20.63;5403021
20140211;20.64;21.09;20.64;21.04;4377613
20140212;21.07;21.36;20.9;21.3;2563065
20140213;21.13;21.82;21.04;21.79;4403462
20140214;21.82;22.02;21.59;21.81;4905799
20140218;21.78;22.55;21.77;22.53;5190147
20140219;22.46;22.99;22.32;22.5;6716027
20140220;22.43;22.78;22.19;22.73;2910943
20140221;22.8;22.85;22.34;22.37;3822871
20140224;22.48;22.97;22.04;22.71;3709137
20140225;22.74;22.75;22.41;22.55;1998129
20140226;22.65;22.74;22.24;22.33;2145973
20140227;22.27;22.44;22.02;22.3;2573756
20140228;22.3;22.5;22.09;22.47;4171943
20140303;22.16;22.32;21.86;21.97;2788870
20140304;22.33;23.25;22.26;23.16;4476859
20140305;23.1;23.25;22.98;23.24;1775301
20140306;23.33;23.69;23.23;23.4;2406945
20140307;23.56;23.73;23.27;23.5;1913194
20140310;23.45;23.7;23.32;23.48;2809052
20140311;23.5;24.09;23.25;23.27;4023110
20140312;23.16;23.61;22.91;23.57;3121757
20140313;23.68;23.82;23.12;23.26;2266318
20140314;23.24;23.64;23.16;23.49;2247070
20140317;23.75;23.93;23.63;23.76;2327813
20140318;23.92;24.43;23.84;24.43;3515071
20140319;24.4;24.72;23.92;24.67;4728742
20140320;24.6;25.33;24.57;25.14;4842472
20140321;25.43;25.58;24.78;24.86;5544557
20140324;24.96;25.11;24.07;24.2;6527947
20140325;24.33;24.54;23.59;24.02;2714082
20140326;24.26;24.42;23.53;23.53;4249764
20140327;23.47;23.6;22.52;22.8;5595772
20140328;22.81;23.15;22.49;22.59;4962999
20140331;22.75;23.17;22.75;23.02;3528122
20140401;23.13;23.78;22.92;23.76;3976018
20140402;23.85;23.87;23.5;23.7;3761931
20140403;23.77;23.8;21.76;22.17;15676445
20140404;22.11;22.16;20;20.43;21422683
20140407;20.2;20.55;19.62;19.97;12649204
20140408;20;20.49;19.63;19.98;8785644
20140409;20.4;21.25;20.35;21.18;10207124
20140410;21.16;21.19;20.27;20.28;6837011
20140411;20.26;20.48;19.74;19.79;5377615
20140414;20.36;20.68;19.7;19.92;4547440
20140415;19.97;20.53;19.65;20.36;6532890
20140416;20.58;21.32;20.56;20.84;5098597
20140417;20.97;21.21;20.87;21.04;2989583
20140421;21.02;21.18;20.7;21.01;2602111
20140422;21;21.67;20.83;21.65;5466505
20140423;22.07;22.23;21.11;21.5;7438351
20140424;22.96;23.25;21.8;22.67;11988435
20140425;22.5;22.58;22;22.4;5006647
20140428;22.3;22.44;21.49;21.81;6016561
20140429;21.96;22.08;21.74;22;3755747
20140430;22;22.54;21.87;22.45;3935190
20140501;22.48;22.85;22.22;22.66;3306405
20140502;22.72;22.95;22.36;22.67;3867383
20140505;22.32;22.65;22.13;22.45;2574339
20140506;22.27;22.41;21.51;21.57;4973897
20140507;21.45;21.73;20.94;21.69;4178763
20140508;21.65;22.01;21.1;21.23;4340930
20140509;21.27;21.37;20.79;21.1;5427328
20140512;21.22;21.9;21.14;21.77;3613125
20140513;21.69;21.86;21.42;21.46;2653880
20140514;21.35;21.35;20.65;20.73;5513351
20140515;20.64;20.67;19.55;19.76;8337710
20140516;19.76;20.09;19.4;20.06;5292860
20140519;20.25;20.34;19.92;20.07;3925772
20140520;20.07;20.16;19.72;19.77;2532622
20140521;19.91;20.32;19.81;20.25;3890548
20140522;20.26;20.56;20.15;20.44;2492501
20140523;20.43;20.46;20.22;20.32;1478435
20140527;21.48;21.48;20.16;20.27;4220753
20140528;20.19;20.32;19.87;20.19;2746935
20140529;20.23;20.44;20.04;20.42;4383731
20140530;20.32;20.79;20.26;20.37;3215922
20140602;20.42;20.58;19.92;20.46;3496286
20140603;20.33;20.42;19.65;19.66;5885786
20140604;19.66;19.88;19.24;19.7;8276692
20140605;19.78;20.07;19.7;19.87;3845920
20140606;19.98;21.04;19.96;20.74;9459466
20140609;20.67;21.22;20.6;21.15;4957725
20140610;21.08;21.13;20.53;20.83;3880544
20140611;20.64;20.78;20.29;20.48;3788089
20140612;20.41;20.59;19.97;20.02;3679412
20140613;20.06;20.42;19.97;20.17;3813157
20140616;20.07;20.55;19.97;20.42;4308953
20140617;20.37;22.19;20.37;22;9428503
20140618;21.81;22.06;21.45;21.87;5549649
20140619;21.95;21.97;21.22;21.28;6827328
20140620;21.46;21.47;21.2;21.24;5210973
20140623;21.28;21.34;20.96;20.97;3797701
20140624;20.83;21.25;20.7;20.85;5103254
20140625;20.67;21.28;20.55;20.95;4948552
20140626;20.89;21.04;20.55;20.96;3668031
20140627;20.83;21.28;20.83;21.21;6558963
20140630;21.21;21.36;21.12;21.26;4591249
20140701;21.32;21.93;21.22;21.66;5714734
20140702;21.52;22.21;21.52;22.14;6543519
20140703;22.41;22.95;22.35;22.77;4492938
20140707;22.38;22.73;22.19;22.45;4446881
20140708;22.36;22.44;21.59;21.79;5094085
20140709;21.8;21.89;21.39;21.51;4259662
20140710;20.92;21.59;20.76;21.43;3225210
20140711;21.34;21.74;21.2;21.67;2650757
20140714;21.91;22.04;21.42;21.42;3174654
20140715;21.56;21.73;21.19;21.3;2574401
20140716;21.3;21.47;21;21.12;4204573
20140717;21.02;21.3;20.64;20.68;3558238
20140718;20.72;21.5;20.7;21.4;4179358
20140721;20.99;21.37;20.94;21.35;2866578
20140722;21.49;21.54;21.03;21.09;3131356
20140723;21.21;21.36;21;21.27;3070160
20140724;20.62;21.13;20.13;20.73;7990675
20140725;20.71;20.87;20.36;20.38;3988300
20140728;20.43;20.73;20.38;20.5;3426047
20140729;20.54;21.55;20.43;20.98;6818441
20140730;21.18;21.7;21.04;21.69;4332207
20140731;21.49;21.67;21.02;21.02;3674121
20140801;20.94;21.05;20.37;20.75;4042503
20140804;20.82;21.02;20.62;20.94;2142085
20140805;20.78;21.08;20.66;20.71;3182697
20140806;20.57;21.27;20.57;21.01;2406040
20140807;21.13;21.32;20.54;20.57;2255495
20140808;20.66;21.37;20.63;21.3;3599986
20140811;21.41;21.69;21.25;21.51;1781905
20140812;21.45;21.63;21.18;21.28;1918857
20140813;20.91;21.48;20.88;21.34;1120004
20140814;21.43;21.51;21.19;21.49;1469107
20140815;21.61;21.63;21.04;21.35;2297407
20140818;21.37;21.7;21.37;21.64;1974227
20140819;21.71;21.79;21.56;21.76;1949160
20140820;21.69;21.99;21.6;21.8;1750399
20140821;21.82;22.21;21.64;22.16;1710317
20140822;22.16;22.47;21.92;22.4;1670069
20140825;22.6;22.77;22.5;22.68;1375727
20140826;22.72;22.88;22.55;22.57;1517705
20140827;22.54;22.77;22.26;22.28;1824965
20140828;22.1;22.38;21.87;22.16;1110239
20140829;22.24;22.47;22.18;22.26;1049522
20140902;22.38;22.57;22.15;22.29;1714321
20140903;22.2;22.52;21.79;21.85;2093561
20140904;21.98;22.35;21.86;21.93;1939927
20140905;21.83;21.95;21.53;21.91;1897902
20140908;21.85;22.44;21.8;22.4;2517780
20140909;22.34;22.44;22.03;22.17;1903558
20140910;22.22;22.78;22.19;22.73;2015782
20140911;22.58;22.76;22.4;22.71;2791639
20140912;22.76;23.36;22.74;23.14;3771798
20140915;23.04;23.08;22.74;22.99;3426350
20140916;22.94;23.37;22.8;23.36;3445141
20140917;23.39;24.15;23.09;23.87;5017267
20140918;24.01;24.57;23.93;24.13;4447157
20140919;24.16;24.38;23.51;23.73;5124383
20140922;23.7;23.72;23.11;23.52;3206541
20140923;23.5;23.72;23.24;23.35;2088201
20140924;23.42;23.52;22.94;23.49;3316019
20140925;23.44;23.52;22.61;22.7;3380826
20140926;22.8;23.01;22.66;22.84;1953742
20140929;22.52;22.79;22.38;22.64;2021452
20140930;22.72;22.88;22.48;22.59;1961416
20141001;22.52;22.58;21.93;22.03;3231347
20141002;22;22.28;21.67;22.15;3165886
20141003;22.4;22.83;22.22;22.76;3958647
20141006;22.88;22.88;22.24;22.41;2189837
20141007;22.22;22.39;21.51;21.51;3473178
20141008;21.59;21.6;20.73;21.3;8206758
20141009;21.2;21.3;20.34;20.36;5213520
20141010;20.1;20.51;19.54;19.55;7051753
20141013;19.44;19.69;18.98;19.09;5277268
20141014;19.2;19.66;18.72;19.21;5966860
20141015;18.76;19.43;18.2;19.36;7244325
20141016;18.81;20.19;18.76;19.88;4846601
20141017;20.22;20.55;19.84;20.12;4925742
20141020;20.27;20.51;20;20.44;3731539
20141021;20.64;21.14;20.48;20.94;3763394
20141022;21.26;21.64;20.56;20.7;7339987
20141023;21.01;21.24;20.78;20.95;4238466
20141024;20.96;21.2;20.81;21.17;2070610
20141027;21.14;21.14;20.69;21.09;2928929
20141028;21.21;21.48;20.88;21.43;2044236
20141029;21.46;21.86;21.21;21.8;5084653
20141030;21.67;21.84;21.33;21.7;3331593
20141031;22.22;22.63;21.96;22.3;3403531
20141103;22.31;22.92;22.31;22.44;2704102
20141104;22.33;22.47;22.04;22.44;2202067
20141105;22.68;22.83;22.37;22.67;1784245
20141106;22.73;22.94;22.62;22.83;2153948
20141107;22.79;22.8;22.23;22.28;3471449
20141110;22.26;22.9;22.21;22.89;2281951
20141111;22.92;23.31;22.74;23.11;2705960
20141112;23.29;23.36;22.57;22.83;3595159
20141113;23.24;23.3;22.81;23.15;2600741
20141114;23.07;23.3;21.94;23.19;2211361
20141117;23.04;23.23;22.88;22.93;1896023
20141118;22.89;23.3;22.86;22.91;1982253
20141119;22.9;22.96;22.45;22.67;2113210
20141120;22.4;22.84;22.09;22.83;2285225
20141121;23.14;23.16;22.92;23.03;2736886
20141124;23.14;23.32;22.93;23.17;1619882
20141125;23.18;23.29;22.83;22.88;2340040
20141126;22.84;23;22.73;22.9;1199065
20141128;22.97;23;22.67;22.81;1128327
20141201;22.66;22.77;21.85;22.06;3797531
20141202;22.17;22.68;21.53;22.67;2166569
20141203;22.6;23.06;22.4;23.04;2435183
20141204;22.94;23.14;22.77;23.09;1574219
20141205;23.5;24.08;23.28;23.86;3524133
20141208;23.72;24.08;23.59;23.68;2351413
20141209;23.25;23.84;23.09;23.64;2173590
20141210;23.58;23.85;23.28;23.36;2845385
20141211;23.64;24.09;23.47;23.52;2531197
20141212;23.19;23.37;22.56;22.58;3747842
20141215;22.77;23.05;22.29;22.56;3699638
20141216;22.35;22.71;22.03;22.22;2526175
20141217;22.39;23.35;22.22;23.26;3703932
20141218;23.67;23.94;23.36;23.94;2709117
20141219;23.94;24.22;23.83;24.17;3418023
20141222;24.23;24.29;24.04;24.23;1659971
20141223;24.35;24.45;24.25;24.27;1434803
20141224;24.44;24.53;24.18;24.45;1223035
20141226;24.5;24.58;23.58;24.3;1069047
20141229;24.25;24.53;24.06;24.32;1259234
20141230;24.25;24.25;23.94;24.1;1242448
20141231;24.24;24.58;24.03;24.26;1854075
20150102;24.38;24.61;23.63;24.01;2110347
20150105;23.84;23.84;23.09;23.23;2156125
20150106;23.17;23.27;22.26;22.59;3173888
20150107;22.8;22.97;22.59;22.95;2111276
20150108;23.6;23.75;23.44;23.58;2754008
20150109;23.59;23.59;23.06;23.09;1634433
20150112;23.05;23.17;22.55;22.72;2059901
20150113;23.47;23.63;22.67;22.99;3588756
20150114;22.54;22.73;21.99;22.49;3224999
20150115;22.5;22.73;21.74;21.77;4342397
20150116;21.6;22.19;21.01;22.17;6604721
20150120;22.35;22.5;21.93;22.5;3210271
20150121;22.06;22.61;21.38;22.02;4859344
20150122;22.14;22.88;21.69;22.65;6832447
20150123;23.9;24.97;23.78;24.56;12273267
20150126;24.65;24.65;23.95;24.19;4126175
20150127;23.78;24.18;23.53;23.86;3403070
20150128;23.92;24.01;23.16;23.22;3685387
20150129;23.19;23.74;23.08;23.65;2390318
20150130;23.21;23.51;23.01;23.05;2636398
20150202;23.26;23.72;23.02;23.65;3073731
20150203;23.86;24.88;23.86;24.82;4403880
20150204;24.82;25.6;24.81;25.3;5560212
20150205;25.37;25.74;25.07;25.11;3406808
20150206;25.42;26.07;25.37;25.46;5608258
20150209;25.25;25.41;24.99;25.09;2443827
20150210;25.36;25.63;25.21;25.62;2850491
20150211;25.49;25.82;25.3;25.63;2069095
20150212;25.63;25.96;25.5;25.91;1734809
20150213;25.95;26.21;25.31;25.65;3351498
20150217;25.58;25.91;25.38;25.86;2424561
20150218;25.72;25.85;25.3;25.54;2107022
20150219;25.42;25.69;25.36;25.64;1501990
20150220;25.52;26.23;25.4;26.15;2375098
20150223;26.15;26.15;25.85;26.04;1471316
20150224;26.09;26.8;25.96;26.43;2687506
20150225;26.43;26.56;26.22;26.36;1565155
20150226;26.38;26.49;25.95;26.08;1958336
20150227;25.98;26.23;25.96;26.04;3512135
20150302;26.15;26.49;25.99;26.49;2757192
20150303;26.49;26.79;26.25;26.48;2571174
20150304;26.44;26.84;26.31;26.52;3152265
20150305;26.6;27;26.46;26.97;3199434
20150306;27.28;28.13;27.19;27.85;7106354
20150309;27.9;28.04;27.59;27.93;2752775
20150310;27.61;28.18;27.47;27.55;5683096
20150311;27.59;28.07;27.37;27.72;3743220
20150312;27.94;28.14;27.57;27.98;2513310
20150313;27.99;28.24;27.75;27.98;3243883
20150316;28.08;28.43;28.05;28.28;2741557
20150317;28.06;28.52;28.06;28.38;1981513
20150318;28.31;28.65;27.78;27.86;6422734
20150319;27.83;27.84;26.95;27.32;4497067
20150320;27.43;27.99;27.08;27.86;5910289
20150323;27.77;28;27.59;27.91;2576658
20150324;27.88;27.88;27.56;27.59;1713496
20150325;27.61;27.68;26.92;27.05;3624328
20150326;27.26;27.56;26.83;27.45;4657286
20150327;27.4;27.9;27.29;27.85;2742050
20150330;28.06;28.35;28;28.24;2018753
20150331;28.05;28.67;27.85;28.56;3280738
20150401;28.45;28.5;28.06;28.47;3292671
20150402;28.5;28.53;28.22;28.47;2131957
20150406;28.05;28.39;27.61;28.07;2733838
20150407;28.14;28.33;27.74;27.75;2107298
20150408;27.81;28.25;27.76;28.2;2769536
20150409;28.18;28.41;27.83;28.4;2380593
20150410;28.35;28.38;27.98;28.26;1637399
20150413;28.3;28.48;28.06;28.15;2167432
20150414;27.91;28.09;27.49;27.82;2300708
20150415;27.81;28.2;27.6;27.94;2540668
20150416;27.9;28.38;27.7;28.25;2304058
20150417;28.05;28.07;27.26;27.56;2558032
20150420;27.65;27.89;27.57;27.62;1556552
20150421;27.62;27.77;27.24;27.53;1928137
20150422;27.65;28.67;27.49;28.61;5960087
20150423;28.44;28.77;28.18;28.19;3826610
20150424;28.1;28.48;27.85;28.17;4912834
20150427;28.34;28.55;27.75;27.84;2376725
20150428;27.85;28.65;27.79;28.52;2805122
20150429;28.43;29.26;28.31;29.2;4232498
20150430;29.2;29.5;28.78;28.79;4020638
20150501;29.03;29.26;28.81;29.1;2417195
20150504;28.69;29.46;28.66;29.32;2415280
20150505;29.23;29.57;28.93;29.01;3052974
20150506;29.15;29.31;28.4;28.45;3214163
20150507;28.39;28.92;28.39;28.86;4070047
20150508;28.91;29.23;28.76;29.16;3278294
20150511;29.2;29.99;29.19;29.85;4150248
20150512;29.62;29.91;29.37;29.39;2597318
20150513;29.33;29.66;29.3;29.46;2412914
20150514;29.71;29.76;29.18;29.59;3599354
20150515;29.57;29.8;28.86;29.01;2286035
20150518;29.06;30.12;29.04;29.84;3217227
20150519;30.01;30.4;29.57;29.63;2790697
20150520;29.69;29.82;29.23;29.68;2665282
20150521;29.62;30;29.6;29.84;2218887
20150522;29.78;30.02;29.49;29.51;2776315
20150526;29.37;29.81;29.26;29.78;3354522
20150527;29.9;30.05;29.63;30.01;1917937
20150528;29.93;30.11;29.78;29.84;1943725
20150529;29.88;30.06;29.23;29.46;13130234
20150601;30.02;30.02;29.25;29.49;2870529
20150602;29.32;30.65;28.99;30.53;9307471
20150603;30.7;30.76;29.94;30.35;5464655
20150604;30.17;30.44;30.05;30.11;3000937
20150605;30.62;30.87;30.33;30.67;4256715
20150608;30.57;31.02;30.02;30.53;1860937
20150609;30.59;30.86;30.09;30.77;3583450
20150610;30.98;31.41;30.75;30.84;3275140
20150611;30.9;31.16;30.79;30.89;2080618
20150612;30.51;30.96;30.51;30.74;1565951
20150615;30.5;30.69;30.12;30.62;1945051
20150616;30.5;30.88;30.37;30.85;1374713
20150617;30.94;31.04;30.17;30.29;3060432
20150618;30.39;30.6;29.98;30.41;2371973
20150619;30.32;30.59;29.77;29.93;10436879
20150622;30.11;31.06;30.06;30.98;3229868
20150623;31.16;31.48;31.03;31.15;2138097
20150624;31.08;31.21;30.68;30.8;1615656
20150625;30.95;31.05;30.68;30.75;2046769
20150626;30.89;31.11;30.37;30.72;3406671
20150629;30.09;30.29;29.28;29.34;4991685
20150630;29.74;30.06;29.44;29.95;3225026
20150701;30.3;30.66;29.96;30.15;2426582
20150702;30.02;30.14;29.51;29.92;2430015
20150706;29.65;29.68;29.12;29.33;2364315
20150707;29.23;29.39;28.23;29.04;5142585
20150708;28.69;28.81;27.9;27.95;4387773
20150709;28.41;28.9;28.32;28.48;3024300
20150710;29.06;29.26;28.83;29.04;2964580
20150713;29.28;29.58;29.24;29.49;2351567
20150714;29.38;29.77;29.3;29.61;2146679
20150715;29.66;29.89;29.36;29.51;2258767
20150716;29.76;30.38;29.71;30.36;3063671
20150717;30.25;30.46;29.95;30.18;2319579
20150720;30.29;30.38;30;30.21;2234378
20150721;30.16;30.66;29.94;30.12;2765816
20150722;30.05;30.24;29.91;30.19;2047636
20150723;30.19;30.39;29.25;29.42;6284636
20150724;28.97;29.22;28.25;28.52;5045117
20150727;28.31;28.4;27.33;27.36;5081400
20150728;27.55;28.1;27.33;27.97;2901216
20150729;28.01;28.59;27.87;28.47;3075093
20150730;28.26;28.68;28.22;28.64;2467842
20150731;28.59;28.65;27.99;28.42;2870670
20150803;28.36;28.56;28.11;28.36;3537476
20150804;28.43;30.05;28.31;29.27;7793904
20150805;29.58;29.97;28.8;29.28;3312207
20150806;29.42;29.78;29.16;29.67;3643480
20150807;29.67;30.07;28.85;29.11;3197519
20150810;29.54;29.88;29.21;29.7;1650679
20150811;29.2;29.44;28.37;28.76;3862752
20150812;28.4;28.4;27.17;28.27;5289299
20150813;28.47;28.69;28.14;28.31;2211397
20150814;28.37;28.54;28.22;28.53;1349172
20150817;28.26;28.67;28.04;28.63;1789598
20150818;28.64;28.73;28.1;28.18;2003333
20150819;28.1;28.15;27.47;27.49;2683260
20150820;27.16;27.26;26.45;26.46;3157058
20150821;26.14;26.25;25.54;25.54;4227893
20150824;23.46;25.13;22.66;24.12;4939669
20150825;25.07;25.32;24.12;24.14;5213728
20150826;24.94;25.35;24.34;25.26;4353522
20150827;25.7;26.6;25.7;26.59;5279244
20150828;26.26;26.71;26.25;26.53;2961809
20150831;26.29;26.54;26.1;26.29;2211189
20150901;25.51;25.63;24.76;25;5164028
20150902;25.49;25.81;24.78;25.39;2560059
20150903;25.5;26.21;25.32;25.61;3749071
20150904;25.17;25.65;25.1;25.37;3496300
20150908;26.6;27.48;26.35;27.27;5516130
20150909;27.96;28.18;26.91;26.97;4476921
20150910;27.01;27.5;26.74;27.21;2285051
20150911;26.96;27.19;26.75;27.11;1949183
20150914;27.02;27.1;26.58;26.72;2159974
20150915;26.8;27.78;26.73;27.67;3347175
20150916;27.74;27.88;27.34;27.75;2471803
20150917;27.76;28.27;26.91;26.98;5397588
20150918;26.5;26.51;25.99;26.06;6343456
20150921;26.31;26.86;26.21;26.62;3115984
20150922;26.04;26.46;25.75;26.11;3594844
20150923;26.05;26.4;25.83;26.23;1946904
20150924;25.83;25.99;25.42;25.78;3611758
20150925;26.21;26.74;26.08;26.47;4179613
20150928;26.24;26.33;25.11;25.27;2848080
20150929;25.28;25.68;24.95;25.54;2890198
20150930;25.99;26.42;25.84;26.33;3168531
20151001;26.31;26.47;25.72;26.21;3140092
20151002;25.34;25.84;24.55;25.75;5551196
20151005;26.04;26.69;25.96;26.59;3987043
20151006;26.42;26.58;25.68;25.75;3735035
20151007;26.08;26.52;25.95;26.44;2861935
20151008;26.22;26.69;26.09;26.54;2696135
20151009;26.64;26.81;25.86;26.15;2588686
20151012;26.2;26.34;25.99;26.31;1785770
20151013;26.2;26.58;26;26.02;1874804
20151014;25.97;26.11;25.31;25.47;2950988
20151015;25.73;26.41;25.58;26.29;2786706
20151016;26.3;26.73;25.95;26.6;2960867
20151019;26.36;26.65;26.15;26.51;2485155
20151020;26.59;26.89;26.5;26.85;2322872
20151021;26.94;26.98;26.25;26.29;2333643
20151022;26.48;27.19;26.33;27.07;2908687
20151023;27.79;28.38;26.83;28.31;4695492
20151026;28.3;28.37;27.68;28.09;2757971
20151027;27.71;27.81;27.46;27.61;1892011
20151028;27.75;29.1;27.54;28.8;4758788
20151029;28.81;28.99;28.46;28.59;2273552
20151030;28.59;28.62;28.25;28.51;2537664
20151102;28.59;28.97;28.49;28.85;3066950
20151103;28.81;28.95;28.63;28.82;3437616
20151104;28.94;29.06;28.72;28.87;2335243
20151105;28.99;29.09;28.7;28.98;2189734
20151106;30;30.9;29.78;30.42;5765115
20151109;30.61;30.85;30.14;30.24;3736747
20151110;30.12;30.34;29.55;30.04;2302472
20151111;30.39;30.45;29.88;29.9;1949707
20151112;29.74;29.83;28.94;29.01;3634994
20151113;28.91;29.37;28.46;28.86;2597678
20151116;28.69;29.19;28.4;29.18;1771612
20151117;29.32;29.61;29.01;29.27;2090053
20151118;29.42;29.75;29.19;29.7;2231741
20151119;30.29;30.61;29.96;30.11;3628217
20151120;30.21;30.52;30.1;30.25;2562573
20151123;30.27;30.49;29.93;29.96;1377035
20151124;29.72;30.11;29.53;30.06;1886098
20151125;30.15;30.29;29.9;30.25;1347904
20151127;30.27;30.36;30.09;30.29;612940
20151130;30.39;30.61;30.18;30.43;2258522
20151201;30.57;30.98;30.32;30.72;2492802
20151202;30.95;30.98;30.43;30.5;2665227
20151203;30.76;30.76;29.75;29.9;3166773
20151204;30;30.78;29.9;30.73;2411644
20151207;30.61;30.69;29.9;30.12;2946842
20151208;29.79;30.14;29.67;29.97;3471733
20151209;29.91;30.55;29.38;29.62;3618997
20151210;29.61;30.15;29.42;29.85;2241479
20151211;29.36;29.78;28.75;28.87;2935864
20151214;29.16;29.52;28.6;29.01;2784895
20151215;29.38;30.35;29.38;30.24;3585065
20151216;30.71;30.8;29.77;30.52;4567646
20151217;30.67;30.75;29.95;29.95;3229879
20151218;29.69;29.8;28.75;28.82;11714311
20151221;29.07;29.21;28.47;28.64;4459771
20151222;28.91;29.34;28.64;29.22;2333461
20151223;29.47;29.72;29.16;29.67;2162316
20151224;29.59;29.92;29.26;29.71;766890
20151228;29.53;29.59;29.17;29.57;1220732
20151229;29.83;30.06;29.64;29.9;1745094
20151230;29.81;30.08;29.69;29.9;2007129
20151231;29.77;30.15;29.63;29.64;2110053
20160104;28.88;29;28.18;28.78;3791096
20160105;28.72;29.05;28.32;28.58;2346025
20160106;28.14;28.39;27.76;27.98;3970368
20160107;27.32;27.84;26.76;26.89;4881179
20160108;27.26;27.42;26.68;26.71;4959622
20160111;26.98;27;26.43;26.66;6850951
20160112;26.92;27.04;26.52;26.98;6031010
20160113;27.21;27.29;25.4;25.49;4401993
20160114;25.82;26.17;24.93;25.99;3098354
20160115;24.96;25.62;24.46;25.06;6327346
20160119;25.48;25.69;24.54;24.81;5624964
20160120;24.22;24.76;23.44;24.33;8141641
20160121;24.41;24.98;24.02;24.3;5952480
20160122;23.63;24.86;23.35;24.06;12791739
20160125;23.81;24.18;23.27;23.43;6270589
20160126;23.6;23.98;23.35;23.68;3934235
20160127;23.57;24.3;23.29;23.47;4465827
20160128;23.72;23.83;23.19;23.26;5738549
20160129;23.33;23.72;22.79;23.56;8917078
20160201;23.42;23.75;23.09;23.67;5900897
20160202;23.23;23.57;22.51;22.63;5608155
20160203;22.87;23.03;21.77;22.58;6311071
20160204;22.52;23.24;22.42;23.16;6896075
20160205;23.12;23.73;22.42;22.67;4772701
20160208;22.12;22.32;20.86;21.17;8115276
20160209;20.67;21.28;20.45;20.83;6953186
20160210;21.12;21.77;20.65;20.69;4774610
20160211;19.98;20.49;19.61;20.23;4957979
20160212;20.79;21.23;20.31;21.15;5874943
20160216;21.6;22.13;21.48;21.86;5531702
20160217;22.13;22.58;22.12;22.28;5462911
20160218;22.42;22.61;21.92;22;4317871
20160219;21.88;22.63;21.67;22.49;4959193
20160222;22.89;23.11;22.51;22.8;4500477
20160223;22.72;22.83;22.25;22.67;3805512
20160224;22.16;22.66;21.73;22.57;4502009
20160225;22.59;23.25;22.13;23.23;3959050
20160226;23.53;24.56;23.5;24.24;6295534
20160229;24.09;24.23;23.45;23.46;4030708
20160301;23.74;24.94;23.56;24.88;4582634
20160302;24.82;25.15;24.6;24.99;2834446
20160303;24.88;25.36;24.69;25.24;4125699
20160304;25.41;25.94;25.13;25.32;3971187
20160307;24.99;25.47;24.57;25.42;2596314
20160308;25.06;25.26;24.35;24.36;5888994
20160309;24.63;24.7;24.09;24.45;4723417
20160310;24.77;24.94;23.87;24.37;3765626
20160311;24.7;25.43;24.7;25.41;4595849
20160314;25.4;25.45;24.6;24.84;5054221
20160315;23.67;24.87;23.58;24.82;3736893
20160316;24.54;25.26;24.27;24.42;4751500
20160317;24.36;25.17;24.07;25;3897605
20160318;25.08;25.26;24.9;25.16;7334072
20160321;25.16;25.76;24.99;25.22;2174882
20160322;24.85;25.41;24.69;25.21;2296957
20160323;25;25.19;24.75;24.8;2160919
20160324;24.5;24.77;24.27;24.66;2737030
20160328;24.71;24.8;24.25;24.43;3359103
20160329;24.27;24.47;23.85;24.42;3605722
20160330;24.72;25.05;24.32;24.66;3055704
20160331;24.68;24.82;24.46;24.49;2726308
20160401;24.2;25.01;24.1;24.97;2722311
20160404;24.95;25.11;24.61;24.68;2234377
20160405;24.15;24.43;23.77;23.93;4126922
20160406;24.18;24.18;23.8;24.09;2675040
20160407;23.43;24.05;22.86;22.95;4013055
20160408;23.34;23.78;23.08;23.2;2934846
20160411;23.35;23.91;23.31;23.47;2333584
20160412;23.5;23.95;23.5;23.82;2220987
20160413;24.12;25.07;24.05;24.87;3528056
20160414;24.84;25.12;24.67;24.77;2345485
20160415;24.79;24.85;24.37;24.52;3078729
20160418;24.4;24.71;24.26;24.68;2439122
20160419;24.77;24.77;24.18;24.49;4596187
20160420;24.5;25.12;24.21;24.99;4734792
20160421;25.09;25.34;24.83;25.34;5774932
20160422;25.5;26.66;25.46;26.14;5263336
20160425;26;26.23;25.8;25.96;2573997
20160426;26.03;26.27;25.86;26.26;3505703
20160427;26.11;26.47;25.85;26.16;2639777
20160428;25.92;26.14;25.34;25.42;3310230
20160429;25.26;25.32;24.86;25.18;3343407
20160502;25.19;25.77;24.79;25.72;4685618
20160503;25.3;25.36;24.85;25.29;4317450
20160504;24.95;25.39;24.68;24.86;2508268
20160505;24.94;25.27;24.59;24.95;3229440
20160506;24.72;25.19;24.44;24.93;3799858
20160509;24.85;25.19;24.58;24.91;2746979
20160510;24.99;25.7;24.87;25.65;3298733
20160511;25.6;25.81;25.32;25.32;2846905
20160512;25.44;25.73;25.11;25.31;2964868
20160513;25.32;25.78;24.8;24.89;2148759
20160516;25.02;25.35;24.79;25.21;2839998
20160517;25.12;25.51;24.84;25.18;2443789
20160518;25.15;26.65;24.98;26.65;5371283
20160519;26.52;26.91;26.01;26.39;3533655
20160520;26.56;27.04;26.37;26.69;5642607
20160523;26.67;26.85;26.37;26.57;3150163
20160524;26.86;27.39;26.63;27.36;2882026
20160525;27.6;27.99;27.51;27.59;2517313
20160526;27.59;27.64;27.2;27.37;1488497
20160527;27.48;27.84;27.4;27.82;2451961
20160531;27.97;28.12;27.75;27.89;2081659
20160601;27.57;28.01;27.22;27.94;2627792
20160602;27.91;28.14;27.51;28.13;1627870
20160603;27.38;27.38;26.23;26.69;4625347
20160606;26.64;27.37;26.64;27.2;2901010
20160607;27.23;27.25;26.79;26.85;2294606
20160608;26.89;27.05;26.79;26.9;1786548
20160609;26.72;26.74;26.29;26.48;2177030
20160610;26.13;26.23;25.65;25.81;9028110
20160613;25.54;25.9;25.46;25.47;2183900
20160614;25.27;25.62;24.71;24.86;3005191
20160615;24.94;25.5;24.84;24.97;2922741
20160616;24.66;24.93;24.14;24.88;4006063
20160617;24.89;25.24;24.69;24.77;3637589
20160620;25.46;25.79;25.2;25.23;2476795
20160621;25.34;25.38;24.98;25.07;1528674
20160622;25.04;25.35;25.04;25.25;2350463
20160623;25.67;26.19;25.46;26.19;2438755
20160624;23.9;24.26;22.99;23.11;8421598
20160627;22.7;22.98;21.52;21.83;6840571
20160628;22.3;22.41;21.84;22.24;3461832
20160629;22.62;23.08;22.33;23.05;3511830
20160630;23.06;23.49;22.83;23.49;3503575
20160701;23.34;23.55;22.94;23.06;2508685
20160705;22.78;22.78;22.13;22.33;3712707
20160706;22.13;22.61;21.94;22.57;2926481
20160707;22.59;23.14;22.59;23.05;3500873
20160708;23.47;23.74;23.16;23.59;3257246
20160711;23.8;24.11;23.49;23.64;3033515
20160712;24.09;24.65;23.85;24.55;3180985
20160713;24.72;24.77;24.25;24.46;2860042
20160714;25.18;25.31;24.77;24.85;2747844
20160715;25.12;25.19;24.73;24.9;3244754
20160718;25.03;25.15;24.82;24.86;2083016
20160719;24.68;25.11;24.68;24.92;1614555
20160720;25.17;25.46;24.84;25.46;2405816
20160721;25.42;25.49;25.12;25.22;2669485
20160722;25.75;26.09;25.46;25.81;3270148
20160725;25.69;25.8;24.95;24.99;4848182
20160726;24.93;25.29;24.9;25.24;2984748
20160727;25.27;25.5;25.13;25.24;2297477
20160728;25.13;25.27;24.92;25.13;2044080
20160729;24.96;25.15;24.7;25.08;2982555
20160801;25.13;25.19;24.86;24.9;2908160
20160802;24.88;25.09;24.35;24.52;2060247
20160803;24.5;25.19;24.49;24.99;2215003
20160804;24.99;25.13;24.76;25.1;1515971
20160805;25.5;26;25.43;25.93;2399592
20160808;25.97;26.18;25.9;25.95;2228854
20160809;25.94;26.17;25.79;25.79;2103768
20160810;25.8;25.95;25.36;25.44;1263007
20160811;25.56;25.59;25.34;25.53;1094516
20160812;25.5;25.5;25;25.22;1665952
20160815;25.26;25.55;25.26;25.47;1431009
20160816;25.33;25.54;25.32;25.39;1094133
20160817;25.41;25.45;25.17;25.23;1593505
20160818;25.12;25.36;25.02;25.05;1974568
20160819;24.95;25.34;24.85;25.23;1657393
20160822;25.11;25.19;24.96;25.04;1525226
20160823;25.21;25.29;25.1;25.21;1763097
20160824;25.18;25.37;25.12;25.17;1365588
20160825;25.14;25.52;25.14;25.51;2930603
20160826;25.68;26.13;25.59;26.05;4074984
20160829;26.04;26.51;26.01;26.14;3209402
20160830;26.13;26.46;26;26.44;1871187
20160831;26.48;26.61;26.04;26.38;2816626
20160901;26.52;26.61;25.84;26.16;2840163
20160902;26.17;26.52;26.03;26.48;2191255
20160906;26.47;26.5;25.86;25.96;1909343
20160907;25.96;26.13;25.8;26.11;1299940
20160908;26.09;26.62;26.09;26.49;2481486
20160909;26.46;26.86;26.36;26.55;4054548
20160912;26.14;27.43;25.96;27.2;8595461
20160913;26.89;27.22;26.56;26.74;3949701
20160914;26.34;27.61;26.34;27.24;8909667
20160915;27.28;28.59;27.15;28.32;6143165
20160916;28;28.41;27.89;28.13;4645168
20160919;28.82;28.94;28.29;28.49;3142767
20160920;28.7;28.75;28.09;28.19;3372840
20160921;28.35;28.65;28.05;28.5;4995446
20160922;28.9;28.93;28.42;28.5;5831180
20160923;28.42;28.7;28.26;28.4;2624051
20160926;27.95;28.26;27.8;27.89;2703661
20160927;27.72;28.15;27.53;28.1;2237760
20160928;28.35;28.43;27.98;28.4;1968210
20160929;28.38;28.9;28.11;28.42;4648690
20160930;28.63;29.36;28.63;29.12;5359564
20161003;28.94;29.2;28.8;28.98;3174833
20161004;29.11;29.42;29.02;29.1;2287686
20161005;29.24;29.81;29.22;29.65;3304992
20161006;29.75;29.83;29.44;29.65;1392621
20161007;29.63;29.69;29.28;29.56;2834058
20161010;29.85;29.92;29.38;29.41;2135467
20161011;29.3;29.53;28.73;28.93;4227743
20161012;28.91;28.98;28.64;28.71;2203552
20161013;28.14;28.23;27.74;28.12;4157832
20161014;28.51;28.79;28.38;28.51;2268074
20161017;28.49;28.61;27.99;28.13;3950764
20161018;28.56;28.69;28.33;28.42;2244930
20161019;28.54;28.71;28.34;28.48;2155685
20161020;28.48;28.62;28.02;28.2;4184634
20161021;29.73;29.97;28.69;29.5;8710612
20161024;29.6;29.63;28.75;28.86;7192209
20161025;28.88;28.97;28.07;28.09;3894161
20161026;28.01;28.43;27.87;28.38;2763357
20161027;28.62;28.82;28.29;28.52;5777865
20161028;28.62;28.78;28.05;28.31;3707527
20161031;28.46;28.54;28.13;28.16;2783194
20161101;28.24;28.49;27.75;28.1;2909425
20161102;28.01;28.11;27.44;27.51;3176261
20161103;27.59;27.98;27.47;27.58;2390511
20161104;27.58;28.04;27.34;27.63;2365830
20161107;28.37;28.6;28.27;28.53;3270280
20161108;28.49;28.71;28.19;28.65;2249158
20161109;28.94;30.48;28.94;30.01;7177432
20161110;30.63;31.81;30.39;31.58;5909131
20161111;31.45;32.49;31.33;32.45;5493963
20161114;32.74;33.37;32.44;33.08;5214399
20161115;32.84;33.56;32.51;33.56;2920806
20161116;33.13;33.59;33.02;33.27;2690232
20161117;33.26;34.14;32.97;34.11;3494470
20161118;34.19;34.47;34;34.06;2841974
20161121;34.16;34.32;33.76;33.79;2875194
20161122;33.77;34.21;33.68;34.2;2695457
20161123;34.39;34.66;33.95;34.57;2786940
20161125;34.59;34.67;34.29;34.67;766416
20161128;34.33;34.56;33.77;33.89;2303061
20161129;34.08;34.35;33.82;34.07;1784880
20161130;34.49;34.89;34.45;34.51;2948372
20161201;34.85;35.38;34.65;35.3;2826376
20161202;35.11;35.11;34.42;34.93;2063528
20161205;35.32;35.85;35;35.21;3202227
20161206;35.33;35.62;34.91;35.52;2296822
20161207;35.51;35.75;35.03;35.5;2366207
20161208;35.56;36.04;35.34;35.44;4423064
20161209;35.46;35.74;35.16;35.64;2507223
20161212;35.57;35.69;34.79;34.93;1940939
20161213;35.11;35.26;34.38;34.92;2576758
20161214;34.73;35.83;34.58;34.92;5198926
20161215;35.22;35.87;35.11;35.28;3139407
20161216;35.3;35.41;34.45;34.56;3462389
20161219;34.86;34.93;34.38;34.79;2175881
20161220;35.03;35.37;34.75;35.18;2755527
20161221;35.21;35.26;34.89;35.07;1849194
20161222;35.03;35.14;34.75;34.9;1873310
20161223;34.93;35.43;34.73;35.43;1669219
20161227;35.5;35.64;35.4;35.58;1306896
20161228;35.6;35.66;34.82;34.84;1581001
20161229;34.8;34.98;34.24;34.59;1661971
20161230;34.75;34.86;34.45;34.65;1587366
20170103;35.51;35.67;34.81;35.22;2849710
20170104;35.41;36.29;35.25;35.98;2539532
20170105;35.91;36.76;35.74;36.71;6307494
20170106;36.79;37;36.35;36.56;4529286
20170109;36.39;36.72;35.97;36.46;2133540
20170110;36.84;37.24;36.51;36.79;3081808
20170111;36.79;36.99;36.58;36.93;3495063
20170112;36.71;36.79;36.02;36.72;1936764
20170113;36.72;37.39;36.72;36.93;1789170
20170117;36.64;36.84;35.69;35.77;2777602
20170118;35.9;36.42;35.24;36.37;2929915
20170119;36.45;36.61;36.12;36.24;3387156
20170120;36.31;36.62;36.22;36.39;2967898
20170123;36.2;36.42;35.83;36.23;1445508
20170124;36.37;37;36.23;36.72;1781297
20170125;37.24;37.33;36.74;36.99;2473235
20170126;37.09;37.58;37;37.41;3369239
20170127;37.99;38.61;37.73;38.27;5631233
20170130;38.05;38.06;37.22;37.95;2684193
20170131;37.72;37.9;37.08;37.45;3367670
20170201;37.82;38.29;37.38;37.58;4089254
20170202;35.42;35.77;33.33;34.25;16483529
20170203;35.03;35.29;34.65;34.77;6658529
20170206;34.51;35.03;34.36;34.8;2759026
20170207;34.97;35.51;34.89;35.3;3904608
20170208;35.15;35.15;34.58;35.06;2755048
20170209;35.24;36.07;35.22;35.8;3202548
20170210;35.99;36.07;35.4;35.56;3706159
20170213;35.9;36.49;35.81;36.16;3407087
20170214;35.89;36.93;35.89;36.88;2556784
20170215;37.08;37.67;36.88;37.51;3011530
20170216;37.48;37.51;36.98;37.17;2469542
20170217;36.94;37.24;36.75;37.17;1381266
20170221;37.39;37.72;37.17;37.29;2140943
20170222;37.01;37.57;36.95;37.36;2822906
20170223;37.42;37.45;36.85;37.06;2601159
20170224;36.72;36.95;36.51;36.79;2560319
20170227;36.8;37.23;36.66;37.2;2254674
20170228;34.74;35.6;33.72;34.51;14886250
20170301;35.05;36.54;35.04;36.2;7955535
20170302;36.26;36.29;34.94;35.03;5286585
20170303;34.79;35.74;34.72;35.48;3394204
20170306;35.07;35.29;34.84;35.2;2879111
20170307;35.13;35.35;34.76;35.07;2762798
20170308;35.41;35.77;34.85;34.89;2197537
20170309;34.81;35.08;34.55;34.83;2458672
20170310;35.18;35.28;34.7;35.15;2591183
20170313;35.48;35.88;35.11;35.73;3432737
20170314;35.59;35.75;35.05;35.49;4246575
20170315;35.69;35.92;35.15;35.27;3764928
20170316;35.52;36.19;35.32;35.83;3705055
20170317;35.91;36;35.25;35.41;4984864
20170320;35.24;35.33;34.87;34.91;3881288
20170321;35.03;35.26;33.56;33.64;4486384
20170322;33.4;34.15;32.95;33.65;2651470
20170323;33.66;34.15;33.53;33.74;2090044
20170324;33.82;33.98;33.37;33.64;1917217
20170327;32.78;33.61;32.25;33.55;2271261
20170328;33.35;34.53;33.31;34.25;2803191
20170329;34.09;34.38;33.93;34.31;1814072
20170330;34.27;35.02;34.24;34.88;2082165
20170331;34.73;35.18;34.66;34.89;2555486
20170403;34.86;34.98;34.17;34.76;2647084
20170404;34.58;34.88;34.27;34.62;1932102
20170405;34.83;35.24;34.16;34.17;3217823
20170406;34.16;34.69;33.87;34.58;1737625
20170407;34.26;35.04;34.2;34.88;3031326
20170410;34.86;34.98;34.18;34.24;3178770
20170411;34.03;34.19;33.26;34.08;2914887
20170412;34.06;34.14;33.51;33.73;2452546
20170413;33.49;34;33.2;33.22;2439441
20170417;33.37;33.88;33.14;33.83;1661745
20170418;33.55;33.93;33.37;33.73;2306422
20170419;34.02;34.27;33.55;33.72;2624969
20170420;34.03;34.67;33.26;34.62;3422816
20170421;35.24;35.49;34.36;34.55;6006836
20170424;35.44;36.22;35.37;35.45;3749213
20170425;35.85;36.04;35.4;35.5;3272860
20170426;35.3;35.75;35.28;35.5;4335468
20170427;35.53;35.74;34.56;34.86;3428500
20170428;34.86;34.96;34.45;34.55;2933562
20170501;34.68;34.92;34.49;34.83;2578704
20170502;34.96;34.96;34.65;34.81;2454150
20170503;34.67;36.04;34.5;36.03;6117161
20170504;36.25;36.58;35.69;35.92;3156187
20170505;36.04;36.18;35.48;35.8;1908888
20170508;35.8;35.99;35.57;35.69;2883100
20170509;35.76;36.12;35.54;35.63;2359416
20170510;35.52;35.64;35.08;35.28;2874969
20170511;35.04;35.14;34.29;34.88;2300554
20170512;34.63;34.72;34.1;34.38;2405162
20170515;34.56;35;34.49;34.98;1966361
20170516;35.17;35.32;34.69;35.28;2092433
20170517;34.38;34.67;33.06;33.4;2940866
20170518;33.34;33.77;33.27;33.39;4019351
20170519;33.53;34.46;33.34;34.05;4047547
20170522;34.25;34.5;34.03;34.36;1383414
20170523;34.41;34.93;33.98;34.73;1879482
20170524;34.73;34.73;34.29;34.6;1501451
20170525;34.8;35.56;34.62;35.19;2179463
20170526;35.07;35.21;34.85;35.08;1460438
20170530;34.93;34.99;34.55;34.74;1679453
20170531;34.76;34.95;34;34.61;2237520
20170601;34.85;35.27;34.42;34.92;2616325
20170602;34.48;34.71;34.17;34.58;2431191
20170605;34.7;35.4;34.61;35.17;2085902
20170606;34.75;35.21;34.59;35.02;1567151
20170607;35.25;35.74;35.02;35.25;1686174
20170608;35.33;36.6;35.22;36.23;2839170
20170609;36.66;37.43;36.64;36.94;3846619
20170612;37.12;37.58;36.5;37.06;3055813
20170613;37.26;37.45;37.04;37.24;1700040
20170614;36.96;37.48;36.56;37.38;2673484
20170615;37.1;37.66;37.05;37.25;1657726
20170616;37.23;37.45;36.98;37.05;3172593
20170619;37.36;37.65;37.23;37.62;1731244
20170620;37.54;37.54;37.03;37.05;1967713
20170621;37.21;37.24;36.69;36.82;1388389
20170622;36.69;36.8;36.44;36.49;1384000
20170623;36.64;36.64;36.17;36.24;2415553
20170626;36.3;36.76;36.09;36.69;2345557
20170627;36.83;37.53;36.66;37.22;2323787
20170628;37.52;37.95;37.44;37.69;2143793
20170629;38.34;38.52;37.35;37.68;2283675
20170630;38.15;38.48;37.81;38.03;2754600
20170703;38.28;38.57;38.13;38.45;1254696
20170705;38.6;39.15;38.47;38.7;2989894
20170706;38.58;38.95;38.13;38.51;1855876
20170707;38.71;38.89;38.38;38.69;2137706
20170710;38.52;38.76;38.23;38.68;2333845
20170711;38.74;38.74;38.17;38.5;2670978
20170712;38.43;38.94;38.26;38.85;2060994
20170713;38.96;39.49;38.85;39.41;2420496
20170714;38.97;39.58;38.85;39.5;2469210
20170717;39.5;39.7;39.18;39.52;1631223
20170718;39.38;40.16;39.38;40.07;4181785
20170719;40.22;40.4;39.48;39.67;3314383
20170720;39.77;39.88;39.42;39.6;3457045
20170721;40.87;41.83;40.7;41.63;5862642
20170724;41.91;41.97;41.38;41.48;2322585
20170725;41.99;42.19;41.77;41.92;2283698
20170726;41.94;41.97;40.98;41.11;3183851
20170727;41.23;41.34;40.47;40.72;3694693
20170728;40.69;41.09;40.5;41.02;1517826
20170731;41.14;41.18;40.94;41;1554089
20170801;41.22;41.24;40.84;41.16;2769852
20170802;41.1;41.2;40.62;41.09;2067121
20170803;40.98;41.25;40.91;41.04;1541766
20170804;41.31;41.61;41.16;41.21;1233418
20170807;41.22;41.27;40.95;41.11;1670945
20170808;41.01;41.97;41.01;41.23;1730319
20170809;40.85;41.17;40.56;41.15;1117748
20170810;40.87;40.92;40.12;40.15;1964170
20170811;40.31;40.45;39.87;40.07;1182001
20170814;40.57;40.86;40.19;40.51;2461327
20170815;40.9;41.36;39.81;40.34;3199522
20170816;40.58;40.77;40.16;40.42;1475855
20170817;40.26;40.35;39.59;39.61;2341006
20170818;39.49;39.81;39.12;39.72;3053133
20170821;39.67;39.87;39.32;39.84;2109522
20170822;39.95;40.82;39.89;40.64;2276523
20170823;40.28;40.75;40.16;40.59;1740928
20170824;40.73;41.08;40.54;40.94;2848549
20170825;41.03;41.37;40.93;41.07;2815713
20170828;41.17;41.36;40.85;41.03;2748808
20170829;40.46;40.7;40.23;40.67;1750992
20170830;40.63;41.04;40.57;40.91;1168185
20170831;41.01;41.15;40.7;41.01;2330783
20170901;41.09;41.2;40.79;40.99;2694023
20170905;40.62;40.75;39.8;39.94;2576453
20170906;40.17;40.39;39.9;40.12;1885943
20170907;40.2;40.2;39.33;39.49;2227157
20170908;39.51;40.2;39.37;39.66;2311768
20170911;39.83;40.63;39.83;40.44;1655025
20170912;40.63;40.92;40.42;40.75;1472336
20170913;40.6;40.67;40.17;40.67;1976614
20170914;40.53;41.17;40.53;40.72;1578897
20170915;40.73;41.47;40.55;41.06;3594233
20170918;41.5;41.89;41.37;41.46;4493640
20170919;41.62;42.19;41.46;41.7;3536506
20170920;41.75;41.95;41.37;41.78;3025922
20170921;41.8;41.88;41.42;41.78;1491097
20170922;41.68;41.88;41.46;41.82;1527041
20170925;41.62;41.9;41.5;41.66;1794627
20170926;41.81;42.06;41.64;41.9;1462470
20170927;42.5;43.32;42.43;43.16;2068613
20170928;43.17;43.32;42.9;43.2;1239412
20170929;43.1;43.67;42.97;43.61;2165361
20171002;43.76;43.8;43.4;43.66;1823851
20171003;43.79;44.49;43.67;44.38;1886903
20171004;44.34;44.58;44.17;44.25;1764817
20171005;44.48;45.22;44.22;45.01;2240300
20171006;45.33;45.7;43.28;43.95;5712772
20171009;44.46;44.63;44.04;44.43;2974792
20171010;44.43;44.46;43.88;43.99;1968893
20171011;43.89;44.33;43.61;44.24;1942651
20171012;44.38;44.5;43.92;43.98;1426592
20171013;43.81;43.93;43.38;43.86;1761653
20171016;43.79;44.62;43.78;44.49;2958412
20171017;44.63;44.96;43.67;43.78;1812280
20171018;44.01;44.13;43.8;43.92;1393783
20171019;43.65;43.86;43.28;43.69;2891953
20171020;43.05;43.73;42.55;43.2;5485309
20171023;43.38;43.68;42.64;42.75;3074575
20171024;43.1;43.75;42.95;43.62;3445366
20171025;44.04;44.22;42.96;43.42;2341251
20171026;43.48;44.08;43.28;43.64;1897664
20171027;43.57;43.61;43;43.29;1829047
20171030;43.03;43.66;43;43.47;1694277
20171031;43.37;44.25;43.37;43.59;2251026
20171101;43.88;44.39;43.4;43.54;1716340
20171102;43.43;44.62;43.22;44.45;1797597
20171103;44.34;44.34;43.8;44.02;1261514
20171106;43.94;44.25;43.61;44.1;1042528
20171107;44.06;44.5;43.43;43.62;1267707
20171108;43.59;43.67;43.19;43.48;1838961
20171109;43.18;43.41;42.56;43.08;1393080
20171110;43.12;43.35;42.86;42.92;1599496
20171113;42.72;43.63;42.62;43.6;1865136
20171114;43.39;44.07;43.15;43.87;1521218
20171115;43.47;44.14;43.21;43.76;1490263
20171116;43.93;44.09;43.76;44.02;1246977
20171117;43.76;44.32;43.75;44.18;1441433
20171120;44.23;44.62;44.01;44.45;1292827
20171121;44.55;45.18;44.53;44.9;1775871
20171122;45;45.13;44.63;44.74;1514658
20171124;45.04;45.1;44.76;44.87;676968
20171127;44.81;45.33;44.81;45.13;1938798
20171128;45.22;46.42;44.72;46.31;3781830
20171129;46.87;47.99;46.7;47.78;3860089
20171130;48.12;48.72;47.81;48.14;3375047
20171201;48.4;48.94;47.26;48.89;2924472
20171204;49.74;50.9;49.7;50.54;3952821
20171205;50.69;50.69;49.81;49.92;2810818
20171206;49.77;50.06;49.27;49.4;2941705
20171207;49.28;50.13;49.07;49.84;2053410
20171208;50.1;50.47;49.45;50.38;1596021
20171211;50.28;50.5;49.47;49.64;1653700
20171212;49.73;50.29;49.58;49.84;2625313
20171213;49.66;49.76;48.66;48.7;4020315
20171214;49.17;49.38;47.95;48.43;3313899
20171215;48.57;49.94;48.4;49.88;5274063
20171218;50.36;51.04;49.51;49.78;2806392
20171219;50.06;50.45;49.55;49.57;2627537
20171220;49.64;49.95;49.16;49.54;1678670
20171221;49.88;50.73;49.77;49.96;2660960
20171222;50.07;50.14;49.37;49.71;1094366
20171226;49.66;49.88;49.28;49.5;942130
20171227;49.5;49.62;49.2;49.49;1239036
20171228;49.58;49.73;49.31;49.68;1209320
20171229;49.71;49.93;49.44;49.57;1590023
20180102;50.16;50.16;49.41;49.82;2150848
20180103;50.75;51.21;50.25;50.62;3124287
20180104;51.01;52.19;51.01;51.3;2819667
20180105;51.46;51.72;50.96;51.47;2309077
20180108;51.48;51.95;51.38;51.77;1579536
20180109;51.95;52.8;51.79;52.47;1786438
20180110;52.57;53.65;52.52;52.69;2061178
20180111;53;53.15;52.28;52.96;1519676
20180112;53.35;54;53.11;53.94;1672483
20180116;54.41;54.97;53.38;53.67;1817853
20180117;53.96;54.23;53.28;54;1439938
20180118;54.15;54.19;53.59;53.65;2552091
20180119;53.76;54.29;53.65;54.28;2206964
20180122;54.15;55.01;53.95;54.98;1690052
20180123;55.09;56;54.53;54.96;2984347
20180124;55.32;55.51;54.26;55.19;2612700
20180125;54.88;55.36;53.66;54.21;4274775
20180126;52.3;53.6;51.51;53.49;4442137
20180129;53.57;54.07;52.51;52.62;3510681
20180130;52.55;53;52.17;52.35;2181218
20180131;52.5;53.19;52.27;52.7;2455956
20180201;52.38;54.16;52.36;54.1;2991179
20180202;53.85;54.31;52.39;52.57;2166744
20180205;51.8;53.29;49.87;50.35;3644048
20180206;48.86;52.67;48.25;52.28;6042799
20180207;51.98;52.64;51.42;51.55;2645886
20180208;51.65;51.66;48.47;48.48;3808183
20180209;49.17;49.95;47.36;49.47;4915153
20180212;49.93;50.77;49.39;50.2;2764104
20180213;49.97;50.21;49.52;50.05;2197287
20180214;49.78;51.73;49.7;51.53;1985897
20180215;51.97;52.16;50.87;51.73;2860341
20180216;51.49;52.19;50.84;51.81;1911650
20180220;51.7;52.46;51.14;52.01;2177640
20180221;52.3;52.67;51.73;51.76;2093732
20180222;51.92;52.5;50.64;50.74;2610149
20180223;51.09;51.39;50.44;51.38;2976738
20180226;51.58;51.97;50.96;51.96;3481366
20180227;52.32;54.72;52.12;53.11;5663012
20180228;53.4;54;52.21;52.23;3485008
20180301;52.24;52.88;50.75;51.19;3014118
20180302;50.91;51.64;50.36;51.52;1984921
20180305;51.04;53.12;50.77;52.62;2161057
20180306;53.32;54.78;52.89;54.4;3379913
20180307;53.68;55.15;53.54;54.91;2644578
20180308;55.21;55.42;54.31;55.17;2572254
20180309;55.55;57.27;55.49;57.24;2831103
20180312;58.15;58.45;57.45;57.88;3079036
20180313;58.06;58.26;56.81;56.99;2006306
20180314;56.23;57.73;55.68;57.16;4921844
20180315;57.46;57.46;56.24;56.74;3185156
20180316;56.84;57.75;56.55;57.29;2828379
20180319;57.2;57.64;55.62;56.49;1740849
20180320;56.98;57.43;56.74;57.16;1877660
20180321;57.16;58.49;57.06;57.61;2060254
20180322;56.66;56.98;54.7;54.97;3230068
20180323;55.07;55.37;52.99;53.09;2775291
20180326;54.34;55.71;53.74;55.56;2531309
20180327;55.8;56.23;53.56;54.07;2336428
20180328;53.97;54.26;52.5;53.6;2691382
20180329;54.04;55.68;53.51;55.41;3882456
20180402;55.12;55.3;53.48;54.33;4909798
20180403;54.64;55.22;54.14;55.17;3234279
20180404;54.06;56.07;53.98;55.87;2638143
20180405;56.49;57.55;56.03;56.84;2426577
20180406;56.05;56.55;54.49;55.24;1993051
20180409;55.78;57.16;55.4;55.54;1960104
20180410;56.86;57.75;56.64;57.26;4202188
20180411;56.67;57.9;56.33;57.12;1676318
20180412;57.58;58.39;57.33;57.74;2876603
20180413;58.25;58.38;56.6;56.96;2492681
20180416;57.32;58.03;57.17;57.59;3217626
20180417;58.2;59;57.89;58.44;2856659
20180418;59.21;59.23;57.2;58.06;3908810
20180419;58.08;58.89;57.97;58.83;4554305
20180420;58.3;61.8;57.65;60.48;6156218
20180423;60.73;61.1;59.66;60.33;3040542
20180424;60.31;60.74;58.55;59.5;2977961
20180425;59.5;59.84;58.51;59.56;2440207
20180426;59.66;60.98;59.16;60.57;2076812
20180427;60.54;61.39;60.13;61.27;3666072
20180430;61.36;61.92;60.68;60.68;2698266
20180501;60.65;61.08;60.23;61.04;1693853
20180502;61.07;61.93;60.69;60.87;2791211
20180503;60.62;60.75;59.3;60.45;2193865
20180504;60.17;61.83;59.71;61.47;2008164
20180507;61.67;62.29;61.3;62.15;2076722
20180508;62.13;63.56;62.01;62.94;2135227
20180509;63.21;64.28;62.8;64;1879605
20180510;64.01;64.42;63.51;64.1;1529076
20180511;64.31;65.14;64.2;64.39;1951368
20180514;64.5;64.67;63.46;63.87;2088069
20180515;63.78;64.46;63.59;64.2;1555796
20180516;64.04;64.79;63.85;64.39;1227670
20180517;64.25;65.36;64.15;64.85;2184032
20180518;64.59;65.09;64.28;64.66;1624926
20180521;65.16;65.74;64.81;65.3;1462973
20180522;65.49;66.07;65.22;65.71;1917551
20180523;65.25;65.77;64.56;65.7;2509236
20180524;65.97;65.97;64.09;64.76;2156128
20180525;64.6;64.69;63.77;64.14;2236424
