20100104;9.88;10.22;9.81;10.12;15429016
20100105;9.96;10.4;9.93;10.39;12701789
20100106;10.3;10.5;10.25;10.45;13140572
20100107;10.4;11.3;10.36;11.08;34751587
20100108;11;11.36;10.96;11.09;19951409
20100111;11.26;11.29;11;11.2;15251701
20100112;11.12;11.28;10.96;10.99;11348837
20100113;11.02;11.67;10.69;11.52;26686239
20100114;11.43;11.95;11.41;11.77;26511725
20100115;11.69;11.72;11.12;11.36;25448292
20100119;11.24;11.41;11.15;11.39;17267390
20100120;11.21;11.67;11.2;11.31;25441334
20100121;12.2;12.59;11.95;12.02;66593123
20100122;11.95;12.71;11.69;12.1;39372375
20100125;12.25;12.87;12.1;12.49;32935451
20100126;12.36;12.67;11.64;11.71;35797895
20100127;11.8;12.36;11.68;12.18;24249398
20100128;12.49;12.69;12.18;12.26;32530450
20100129;12.69;12.72;12.3;12.44;30962413
20100201;12.45;12.65;12.34;12.5;19820202
20100202;12.48;12.55;12.08;12.48;20090673
20100203;12.35;12.35;11.84;12;28332707
20100204;11.82;11.94;11.18;11.22;32048675
20100205;11.25;11.46;10.82;11.26;22197803
20100208;11.26;11.6;11.01;11.39;29759909
20100209;11.51;11.68;11.41;11.47;18607760
20100210;11.49;11.9;11.31;11.69;17858034
20100211;11.77;11.96;11.59;11.87;17497807
20100212;11.8;11.82;11.39;11.61;20011073
20100216;11.73;12.12;11.67;12.08;15699196
20100217;12.16;12.19;11.89;12.05;14963804
20100218;11.96;12.03;11.82;11.92;10465966
20100219;11.89;12.26;11.86;12.23;16148439
20100222;12.28;12.72;12.23;12.55;18309906
20100223;12.46;12.56;12.11;12.27;20394767
20100224;12.37;12.71;12.3;12.69;17084843
20100225;12.31;12.33;11.95;12.2;24793015
20100226;12.24;12.34;12.1;12.21;14335100
20100301;12.32;12.33;12.03;12.24;12508551
20100302;12.21;12.75;12.21;12.66;16660791
20100303;12.67;12.74;12.44;12.54;14428228
20100304;12.2;12.5;12.18;12.33;14800914
20100305;12.53;12.77;12.44;12.73;13242228
20100308;12.56;12.82;12.48;12.61;13943163
20100309;12.51;12.77;12.36;12.62;13319456
20100310;12.78;13.12;12.73;12.96;19744733
20100311;13.03;13.38;12.97;13.28;20651946
20100312;13.51;13.52;13.09;13.15;13392978
20100315;13.14;13.42;13.02;13.38;11582728
20100316;13.38;13.55;13.28;13.45;12492793
20100317;13.54;13.78;13.49;13.7;13375699
20100318;13.7;13.75;13.32;13.44;11395607
20100319;13.52;13.6;13.13;13.3;17167514
20100322;13.11;13.5;13.05;13.43;10445750
20100323;13.47;13.51;13.19;13.46;9376545
20100324;13.39;13.77;13.35;13.58;11406454
20100325;13.74;14.05;13.37;13.41;22619398
20100326;13.49;13.75;13.11;13.2;21052711
20100329;13.31;13.43;13.2;13.31;7340168
20100330;13.29;13.43;13.14;13.27;6883789
20100331;13.15;13.72;13.15;13.56;14098024
20100401;13.65;13.73;13.47;13.59;7316866
20100405;13.63;13.97;13.6;13.95;7649715
20100406;13.93;14.38;13.91;14.35;18079492
20100407;14.48;14.61;14.1;14.3;16491923
20100408;14.2;14.35;13.98;14.27;13181312
20100409;14.26;14.29;13.96;14.1;13395068
20100412;14.14;14.44;14.11;14.36;9323930
20100413;14.28;14.41;14.12;14.33;11133922
20100414;14.5;15.06;14.48;14.94;14997309
20100415;15;15.08;14.72;14.9;10748578
20100416;14.83;14.87;13.75;14.2;28285988
20100419;14;14.4;13.78;14.24;14167392
20100420;14.39;14.81;14.24;14.8;14988073
20100421;14.88;15.95;14.75;15.15;38057641
20100422;14.9;15;14.33;14.96;34037782
20100423;14.95;15.12;14.65;15.12;17813470
20100426;15.02;15.13;14.48;14.52;17740377
20100427;14.34;14.64;14.02;14.05;15940768
20100428;14.24;14.62;14.14;14.44;15947475
20100429;14.73;14.98;14.61;14.87;12078077
20100430;14.93;15.28;14.85;14.92;15694998
20100503;15.02;15.46;15.01;15.36;12011452
20100504;15.14;15.14;14.42;14.56;16671512
20100505;14.1;14.93;13.99;14.59;15464962
20100506;14.46;14.64;12.6;13.61;26956267
20100507;13.75;13.89;13.05;13.31;26270493
20100510;14.26;14.83;14.04;14.38;21289203
20100511;14.11;14.9;14.11;14.61;14639041
20100512;14.87;15;14.6;15;12873834
20100513;14.97;15.07;14.8;14.8;12275912
20100514;14.53;14.53;13.86;14.08;15593279
20100517;14.16;14.35;13.63;13.98;16215156
20100518;14.21;14.23;13.28;13.43;17831187
20100519;13.22;13.73;12.95;13.3;15753475
20100520;12.89;13.06;12.47;12.51;17236564
20100521;12.16;13.2;12.1;13.19;23311204
20100524;13.2;13.27;12.54;12.57;13238306
20100525;12;12.84;12;12.83;17996867
20100526;13.04;13.17;12.41;12.51;26343390
20100527;12.88;13.28;12.76;13.26;14242460
20100528;13.26;13.3;12.91;13;12128855
20100601;12.9;13.16;12.4;12.4;14393124
20100602;12.55;13.05;12.46;13.05;11733418
20100603;13.04;13.17;12.85;13.13;11126886
20100604;12.74;12.95;12.44;12.5;17636084
20100607;12.58;12.8;12.3;12.32;11397172
20100608;12.38;12.7;12.05;12.67;16236677
20100609;12.85;13.12;12.63;12.67;12597127
20100610;13.18;13.39;12.96;13.37;13949553
20100611;13.2;13.38;13.02;13.36;9032957
20100614;13.5;13.74;13.29;13.53;15975035
20100615;13.63;14.05;13.58;14;12800683
20100616;13.78;14.2;13.78;14.05;14296887
20100617;14.18;14.18;13.4;13.62;11217804
20100618;13.69;13.78;13.49;13.58;12169548
20100621;13.79;13.89;13.46;13.53;8540655
20100622;13.52;13.93;13.48;13.51;10189889
20100623;13.54;13.75;13.42;13.51;11859954
20100624;13.38;13.45;13.14;13.2;12454978
20100625;13.52;13.58;13.14;13.37;15844911
20100628;13.37;13.63;13.35;13.51;12327883
20100629;13.18;13.32;12.88;12.95;24463972
20100630;12.9;13.19;12.28;12.29;16611391
20100701;12.22;12.53;11.75;12.16;13151718
20100702;12.26;12.33;11.75;11.82;8391340
20100706;12.06;12.3;11.86;12.04;10881990
20100707;12.12;12.95;12.07;12.92;11431471
20100708;13.1;13.24;12.8;13.09;9983412
20100709;13.11;13.54;12.94;13.48;10264094
20100712;13.39;13.5;13.1;13.27;7815154
20100713;13.48;13.81;13.43;13.69;10020431
20100714;13.6;13.61;13.2;13.34;10995226
20100715;13.4;13.43;12.88;13.25;9404638
20100716;13.05;13.14;12.11;12.17;27254734
20100719;12.2;12.4;11.77;11.9;20411867
20100720;11.57;11.8;11.37;11.78;21519062
20100721;11.9;12.21;11.26;11.28;23948314
20100722;11.66;12.61;11.61;12.45;27294295
20100723;12.38;12.43;12.05;12.29;15338389
20100726;12.3;12.85;12.14;12.82;14160583
20100727;13.05;13.25;12.9;13.14;18044454
20100728;13.07;13.18;12.71;12.76;9713648
20100729;12.94;13.17;12.57;12.82;12257516
20100730;12.59;12.88;12.52;12.71;9407064
20100802;12.95;13.44;12.95;13.42;16101878
20100803;13.41;13.58;13.25;13.3;13183523
20100804;13.39;13.42;13.15;13.29;6405656
20100805;13.21;13.22;12.93;13.06;9758997
20100806;12.83;12.89;12.35;12.69;13924021
20100809;12.78;13.07;12.52;13.02;12855098
20100810;12.86;13.04;12.61;13;14945278
20100811;12.73;12.76;12.36;12.38;12021680
20100812;12.11;12.34;12.07;12.16;9228033
20100813;12.14;12.39;12.13;12.13;7046467
20100816;12.01;12.22;11.93;12.19;11127656
20100817;12.32;12.32;12.04;12.07;8261164
20100818;12.05;12.22;11.97;12.11;9652728
20100819;11.97;12.15;11.67;11.68;12317557
20100820;11.63;11.76;11.33;11.56;12964671
20100823;11.7;11.92;11.56;11.6;12095594
20100824;11.35;11.45;11.03;11.03;15253639
20100825;10.97;11.03;10.77;10.98;15466768
20100826;11.02;11.46;10.91;10.95;14796574
20100827;11.05;11.19;10.83;11.18;13165296
20100830;11.07;11.17;10.84;10.85;11423118
20100831;10.75;11.05;10.64;11.04;13541093
20100901;11.25;11.68;11.22;11.66;14282851
20100902;11.7;11.78;11.56;11.72;7962279
20100903;11.92;12.09;11.7;11.93;10213675
20100907;11.8;11.88;11.35;11.38;12341064
20100908;11.46;11.72;11.45;11.6;7551384
20100909;11.87;12.11;11.78;11.96;11359799
20100910;12.02;12.16;11.91;12.09;7600556
20100913;12.37;12.59;12.32;12.51;11298666
20100914;12.5;12.59;12.23;12.48;14482265
20100915;12.36;12.62;12.17;12.47;8139194
20100916;12.44;12.47;12.09;12.22;7649506
20100917;12.3;12.42;12.21;12.23;9010364
20100920;12.28;12.45;12.18;12.39;10628574
20100921;12.4;12.58;12.25;12.27;11572657
20100922;12.19;12.38;12.02;12.04;9880222
20100923;11.89;12.17;11.68;11.72;10808324
20100924;11.93;12.25;11.89;12.24;9071267
20100927;12.28;12.3;11.89;11.91;7917245
20100928;11.93;12.04;11.76;12.02;10415931
20100929;11.93;12.05;11.8;11.9;9066950
20100930;12;12.19;11.85;12.03;14195710
20101001;12.15;12.25;11.85;11.9;10923134
20101004;11.95;12.12;11.87;11.9;8592813
20101005;12.07;12.6;11.93;12.51;19607145
20101006;12.53;12.65;12.2;12.28;13724513
20101007;12.45;12.59;12.31;12.52;15803633
20101008;12.58;12.58;12.31;12.38;9497804
20101011;12.45;12.51;12.25;12.28;6054384
20101012;12.21;12.83;12.13;12.76;21598546
20101013;12.94;12.97;12.63;12.7;16115929
20101014;12.6;12.6;12.08;12.34;19982520
20101015;12.38;12.43;11.85;12.13;14563867
20101018;12.09;12.58;12;12.54;12190442
20101019;12.42;12.74;12.27;12.38;12448393
20101020;12.32;12.48;11.99;12.4;11599913
20101021;12.22;13.09;12.22;12.8;20867176
20101022;12.92;13.09;12.75;12.86;13503861
20101025;13.03;13.04;12.5;12.62;10362864
20101026;12.52;12.8;12.48;12.78;9885837
20101027;12.68;13.02;12.62;12.87;11680443
20101028;13;13.02;12.66;12.72;12067657
20101029;12.68;12.89;12.55;12.56;14195474
20101101;12.64;12.69;12.13;12.38;15148710
20101102;12.55;12.76;12.35;12.44;10774089
20101103;12.5;13.06;12.5;13.05;18018069
20101104;13.19;13.55;13.06;13.4;18432849
20101105;13.44;13.93;12.95;13.03;29407915
20101108;13.01;13.16;12.75;13.05;15567787
20101109;13.1;13.27;12.8;12.87;9697851
20101110;12.93;13.25;12.76;13.23;10314221
20101111;13.15;13.32;12.95;13.23;9755821
20101112;13.17;13.17;12.71;12.87;10156672
20101115;13.01;13.32;12.96;13.02;8360087
20101116;12.9;13;12.55;12.68;13796389
20101117;12.75;12.86;12.26;12.39;11759665
20101118;12.53;12.64;11.96;12.08;26854133
20101119;12;12.36;12;12.26;12215515
20101122;12.17;12.22;11.95;12.12;10437351
20101123;11.94;12.05;11.78;11.78;10792579
20101124;11.88;12.18;11.82;12.06;9196131
20101126;11.9;12.05;11.85;11.86;2637983
20101129;11.82;12.04;11.71;12.03;8151934
20101130;11.85;11.99;11.76;11.95;9616032
20101201;12.12;12.27;11.99;12.27;10569496
20101202;12.25;13.06;12.25;13.05;21152088
20101203;12.98;13.31;12.81;13.27;14505099
20101206;13.2;13.25;13.01;13.02;9948366
20101207;13.19;13.35;12.77;13.08;15271599
20101208;13.08;13.93;13.06;13.93;20140873
20101209;13.98;14.3;13.69;14.24;19377661
20101210;14.23;14.6;14.2;14.57;14416937
20101213;14.26;14.61;13.99;14.49;23236332
20101214;14.49;14.66;14.21;14.27;16780831
20101215;14.33;14.41;14.11;14.16;14779158
20101216;14.24;14.44;13.43;13.92;29651485
20101217;14.15;14.32;14.03;14.07;19720176
20101220;14.11;14.32;14.02;14.16;9747236
20101221;14.25;14.3;14.15;14.3;7714639
20101222;14.38;14.78;14.32;14.71;11801584
20101223;14.58;14.77;14.36;14.39;6203843
20101227;14.33;14.77;14.33;14.74;6417346
20101228;14.78;15.11;14.71;15.04;8236461
20101229;15.07;15.09;14.77;14.77;6695357
20101230;14.7;14.82;14.58;14.64;4575504
20101231;14.6;14.82;14.6;14.68;4287170
20110103;14.83;14.95;14.7;14.78;13575050
20110104;14.75;14.95;14.67;14.73;18484280
20110105;14.67;15.06;14.67;14.96;13878369
20110106;14.95;15.15;14.58;14.62;16920177
20110107;14.65;14.83;14.17;14.68;14041202
20110110;14.53;14.59;14.32;14.43;8440137
20110111;14.55;14.69;14.4;14.55;8028705
20110112;14.66;14.86;14.61;14.76;7090226
20110113;14.78;14.83;14.5;14.62;7224458
20110114;14.62;15;14.59;14.95;9751853
20110118;14.94;15.05;14.75;14.86;7768720
20110119;14.82;14.82;14.43;14.61;11768881
20110120;14.31;14.44;14.06;14.22;114958040
20110121;14.39;14.65;14.35;14.6;33380259
20110124;14.58;14.6;14.22;14.34;14012593
20110125;14.31;14.5;14.26;14.43;15638805
20110126;14.55;14.64;14.5;14.57;19799739
20110127;14.57;14.81;14.52;14.79;17504030
20110128;14.83;15;14.62;14.64;22081260
20110131;14.71;15.03;14.66;14.87;24892165
20110201;15.01;15.66;15.01;15.52;21287036
20110202;15.45;15.52;15.24;15.45;12841452
20110203;15.44;15.63;15.31;15.4;8044168
20110204;15.38;15.44;15.07;15.39;9438671
20110207;15.44;15.6;15.34;15.36;10299311
20110208;15.35;15.4;15.16;15.39;11641840
20110209;15.3;15.62;14.88;15.07;20084527
20110210;14.99;15.19;14.92;15.18;12021730
20110211;15.07;15.57;14.95;15.46;8807753
20110214;15.45;15.56;15.31;15.51;6980360
20110215;15.48;15.75;15.4;15.45;11085008
20110216;15.55;15.57;15.3;15.38;9520036
20110217;15.35;15.38;15;15.09;12174766
20110218;15.1;15.15;14.9;14.99;13703077
20110222;14.83;14.89;14.37;14.49;20426974
20110223;14.48;14.7;14.3;14.45;13805748
20110224;14.41;14.5;14.16;14.3;15851695
20110225;14.67;14.89;14.54;14.6;22403211
20110228;14.67;14.7;14.31;14.6;14101779
20110301;13.97;14.15;13.67;13.95;40880482
20110302;13.98;14.04;13.7;13.87;18059669
20110303;14.01;14.29;14.01;14.09;15113051
20110304;14.03;14.1;13.59;13.9;12332537
20110307;13.92;13.95;13.45;13.6;14693288
20110308;13.65;13.88;13.55;13.7;22304649
20110309;13.66;14.1;13.64;13.87;15022362
20110310;13.65;13.87;13.59;13.69;12855012
20110311;13.66;13.98;13.61;13.89;8839522
20110314;13.8;13.96;13.62;13.9;10884131
20110315;13.56;13.77;13.43;13.57;15463239
20110316;13.58;13.74;13.25;13.4;16635602
20110317;13.64;13.83;13.55;13.81;13610097
20110318;14.16;14.3;13.95;14.03;28139231
20110321;14.23;14.29;13.84;14.02;12350011
20110322;13.96;14.25;13.85;13.85;13658431
20110323;13.84;13.9;13.58;13.8;9923285
20110324;13.89;13.89;13.43;13.78;12722169
20110325;13.8;14.03;13.78;13.85;7496845
20110328;13.89;13.98;13.77;13.78;7170892
20110329;13.8;13.93;13.75;13.93;8618855
20110330;13.98;14.13;13.81;13.81;13560087
20110331;13.86;14.01;13.75;13.89;8615263
20110401;14.12;14.15;13.9;13.99;6660493
20110404;14;14.09;13.92;13.97;5701519
20110405;13.94;13.95;13.82;13.89;6286301
20110406;13.96;14.14;13.87;14.07;8880102
20110407;14.05;14.14;13.82;13.86;11667493
20110408;13.97;13.97;13.62;13.7;13031934
20110411;13.72;13.87;13.67;13.73;5458295
20110412;13.69;13.81;13.61;13.66;8390278
20110413;13.8;13.95;13.59;13.6;13205538
20110414;13.59;13.67;13.4;13.65;8706253
20110415;13.86;13.95;13.68;13.8;11068795
20110418;13.67;13.77;13.43;13.53;7610148
20110419;13.64;13.68;13.24;13.36;12758176
20110420;13.48;13.53;13.22;13.32;18437503
20110421;13.02;13.19;12.69;13.16;22026324
20110425;13.17;13.23;12.85;12.92;13998271
20110426;13.04;13.08;12.83;13.04;11944919
20110427;13.04;13.4;12.98;13.32;14140496
20110428;13.32;13.46;13.24;13.43;10308930
20110429;13.39;13.53;13.19;13.27;10291964
20110502;13.32;13.36;13;13.05;14256828
20110503;13.04;13.42;12.91;13.4;24272024
20110504;13.41;13.46;13.1;13.15;15445720
20110505;13.07;13.15;12.74;12.82;18493444
20110506;12.94;13.04;12.85;12.99;16254101
20110509;12.98;12.98;12.75;12.8;11522376
20110510;12.83;13;12.81;12.98;10789175
20110511;12.93;13;12.77;12.82;11323050
20110512;12.89;12.89;12.57;12.71;26977128
20110513;12.69;12.79;12.44;12.49;14242439
20110516;12.45;12.85;12.42;12.47;15197978
20110517;12.43;12.82;12.43;12.79;13312786
20110518;12.77;12.92;12.77;12.9;9020472
20110519;12.99;13.06;12.85;13;8461806
20110520;12.96;13.01;12.7;12.72;10849508
20110523;12.57;12.7;12.38;12.39;11378902
20110524;12.43;12.54;12.25;12.48;11267815
20110525;12.46;12.76;12.45;12.61;12219087
20110526;12.7;12.82;12.61;12.73;15214944
20110527;12.81;12.97;12.73;12.93;7328484
20110531;13.02;13.07;12.82;13.06;10598825
20110601;13.02;13.02;12.34;12.34;19541155
20110602;12.33;12.49;12.25;12.37;9011443
20110603;12.26;12.6;12.22;12.39;13762965
20110606;12.35;12.41;12.04;12.14;13430795
20110607;12.23;12.49;12.21;12.3;11650703
20110608;12.25;12.54;12.23;12.29;13546239
20110609;12.29;12.41;12.25;12.33;15066883
20110610;12.28;12.38;11.88;12.24;17151727
20110613;12.27;12.31;12;12.28;14398600
20110614;12.42;12.6;12.29;12.47;15508876
20110615;12.3;12.42;12.11;12.32;12308449
20110616;12.3;12.4;12.05;12.28;14667857
20110617;12.42;12.64;12.28;12.55;22904746
20110620;12.54;12.62;12.39;12.55;8862004
20110621;12.61;12.7;12.47;12.67;10665376
20110622;12.61;12.69;12.39;12.4;10160062
20110623;12.24;12.33;12.02;12.09;23629690
20110624;12.23;12.24;12.09;12.18;13086342
20110627;12.16;12.45;12.11;12.28;6845000
20110628;12.29;12.45;12.18;12.42;11372744
20110629;12.47;12.73;12.35;12.71;11584729
20110630;12.75;12.85;12.53;12.75;9660426
20110701;12.74;13.04;12.72;12.97;10047446
20110705;12.96;12.99;12.66;12.91;9195877
20110706;12.83;12.84;12.51;12.65;10578149
20110707;12.77;13.09;12.76;12.9;10377092
20110708;12.72;12.75;12.48;12.56;13415576
20110711;12.37;12.41;12.12;12.17;12590424
20110712;12.21;12.26;11.98;12.02;10228855
20110713;12.12;12.48;12.1;12.17;20148693
20110714;12.25;12.29;11.94;12.02;19419171
20110715;12.07;12.1;11.8;12.05;17333946
20110718;12.01;12.03;11.71;11.99;20797797
20110719;12.03;12.27;11.95;12.2;15403944
20110720;12.23;12.45;12.18;12.33;19111588
20110721;12.66;12.86;12.55;12.76;20529720
20110722;12.86;12.86;12.52;12.81;10839112
20110725;12.7;13.08;12.65;13;16012454
20110726;12.96;13.04;12.84;12.92;8254248
20110727;12.82;12.92;12.67;12.7;13920723
20110728;12.71;12.87;12.62;12.67;8998164
20110729;12.57;12.77;12.42;12.65;9180424
20110801;12.79;12.92;12.42;12.52;11893249
20110802;12.38;12.38;11.91;11.91;20559587
20110803;12.12;12.16;11.74;12.13;23512117
20110804;11.87;11.97;11.35;11.36;22975057
20110805;11.45;11.68;10.95;11.26;24758954
20110808;10.7;11;9.84;9.98;25269612
20110809;10.07;10.56;9.76;10.55;26788300
20110810;10.34;10.34;9.4;9.42;35272634
20110811;9.56;9.93;9.38;9.86;27567248
20110812;10.02;10.21;9.47;9.55;21061020
20110815;9.68;10.21;9.65;10.15;17044579
20110816;10.1;10.34;9.97;10.09;17603409
20110817;10.13;10.5;10.1;10.25;15318734
20110818;9.91;9.93;9.52;9.6;18293660
20110819;9.41;9.81;9.27;9.28;18151975
20110822;9.59;9.6;9.19;9.25;14226616
20110823;9.27;9.76;9.13;9.76;14300471
20110824;9.69;10.14;9.51;10.1;13867356
20110825;10.47;10.64;9.73;9.73;20800178
20110826;9.7;10.15;9.58;10.05;13278262
20110829;10.23;10.55;10.17;10.51;11912477
20110830;10.39;10.61;10.27;10.46;10496281
20110831;10.5;10.72;10.45;10.62;9694196
20110901;10.62;10.72;10.18;10.18;10751280
20110902;9.99;10.07;9.58;9.62;12322566
20110906;9.32;9.85;9.31;9.75;14645341
20110907;10.04;10.48;9.94;10.45;14479376
20110908;10.37;10.41;10.03;10.12;13048532
20110909;10.08;10.26;9.81;9.81;12976692
20110912;9.66;10.08;9.57;9.93;14709291
20110913;10.03;10.54;9.98;10.35;17488391
20110914;10.44;10.7;10.25;10.51;14883101
20110915;10.66;10.8;10.51;10.7;12330716
20110916;10.73;10.76;10.35;10.67;13323236
20110919;10.49;10.61;10.31;10.47;12725383
20110920;10.53;10.73;10.36;10.38;12178596
20110921;10.44;10.5;9.76;9.77;14287450
20110922;9.52;9.68;9.32;9.6;29252452
20110923;9.54;9.86;9.5;9.84;13983349
20110926;9.94;10.54;9.9;10.52;15308685
20110927;10.81;11.02;10.33;10.45;16994051
20110928;10.42;10.54;10.07;10.09;11734284
20110929;10.36;10.59;10.06;10.46;18336084
20110930;10.31;10.44;10.1;10.1;15987425
20111003;10.06;10.38;9.8;9.8;14999969
20111004;9.67;10.65;9.6;10.64;25122034
20111005;10.59;10.73;10.22;10.63;20747754
20111006;10.59;11.13;10.32;11.11;19446408
20111007;11.19;11.19;10.44;10.58;18917741
20111010;10.79;11.04;10.69;10.97;13414647
20111011;10.89;11.03;10.72;10.91;19577476
20111012;11.01;11.7;10.99;11.51;23973565
20111013;11.36;11.4;10.94;11.23;13699082
20111014;11.43;11.61;11.02;11.34;12538880
20111017;11.14;11.21;10.58;10.62;15937988
20111018;10.69;11.32;10.61;11.21;19332826
20111019;11.21;11.26;10.63;10.66;20948610
20111020;11.25;11.76;11.12;11.63;32175756
20111021;11.84;11.95;11.5;11.66;28876263
20111024;11.7;12.14;11.69;12.01;16026775
20111025;11.89;12;11.63;11.69;21116345
20111026;11.9;12.11;11.73;12;29781066
20111027;12.58;12.74;12.18;12.49;24090453
20111028;12.4;12.47;12.15;12.31;14759488
20111031;12.1;12.43;11.98;12.01;15173091
20111101;11.52;11.96;11.35;11.39;26151063
20111102;11.63;12;11.59;11.83;16031423
20111103;11.98;12.05;11.63;12.01;23638575
20111104;11.84;12.11;11.7;12.01;15675199
20111107;12;12.29;11.91;12.25;14416606
20111108;12.38;12.53;12.05;12.49;19139722
20111109;12.08;12.2;11.69;11.73;21818284
20111110;12.02;12.12;11.82;12.01;13618125
20111111;12.2;12.31;12.08;12.18;10251408
20111114;12.08;12.26;11.82;11.87;14923099
20111115;11.8;12.03;11.73;11.96;14916751
20111116;11.79;12.31;11.75;11.98;15176457
20111117;11.96;12.18;11.73;11.81;16781374
20111118;11.94;12;11.75;11.89;10354133
20111121;11.69;11.69;11.42;11.52;12160142
20111122;11.44;11.54;11.26;11.35;9999940
20111123;11.23;11.3;10.92;10.94;13184995
20111125;10.89;11.2;10.89;10.97;3438019
20111128;11.36;11.44;11.17;11.36;11468051
20111129;11.37;11.5;11.15;11.22;10023602
20111130;11.63;12.12;11.5;12.09;15351349
20111201;12.08;12.1;11.85;11.95;6847815
20111202;12.12;12.36;12.06;12.12;11126299
20111205;12.3;12.57;12.25;12.56;14713603
20111206;12.57;12.58;12.3;12.32;14346650
20111207;12.19;12.45;12;12.39;10393728
20111208;12.28;12.31;11.91;11.97;13744728
20111209;12.12;12.58;12.1;12.51;16512055
20111212;12.38;12.39;12.04;12.23;11990222
20111213;12.3;12.35;11.76;11.91;13554891
20111214;11.76;12.05;11.67;11.8;15354588
20111215;12;12.09;11.89;11.97;10003219
20111216;12.03;12.27;11.98;12.07;14324000
20111219;12.08;12.13;11.76;11.84;7517415
20111220;12.05;12.35;12.01;12.19;13127072
20111221;12.21;12.5;12.1;12.49;8506251
20111222;12.6;13.06;12.6;12.92;12068556
20111223;13.06;13.08;12.76;12.84;10662110
20111227;12.78;12.89;12.68;12.75;6029024
20111228;12.68;12.73;12.5;12.57;6516461
20111229;12.66;12.91;12.59;12.91;6662988
20111230;12.93;12.93;12.68;12.72;6125398
20120103;13;13.22;12.99;13.08;13867198
20120104;12.99;13.2;12.89;13.09;8568958
20120105;13.01;13.54;12.93;13.47;14944057
20120106;13.49;13.56;13.2;13.49;14212459
20120109;13.51;13.58;13.28;13.42;13639402
20120110;13.65;13.96;13.58;13.85;18750582
20120111;13.78;13.83;13.55;13.75;12257930
20120112;13.78;13.92;13.6;13.83;12419543
20120113;13.63;14.13;13.5;14.03;20302348
20120117;14.01;14.16;13.64;13.73;13380465
20120118;13.7;13.84;13.51;13.75;15366841
20120119;14;14.03;13.49;13.56;15589469
20120120;13.28;13.34;12.78;13.17;31337348
20120123;13.21;13.65;13.21;13.4;21645883
20120124;13.28;13.48;13.14;13.43;11925267
20120125;13.37;13.58;13.26;13.49;10454578
20120126;13.57;13.6;13;13.08;15365642
20120127;13.03;13.32;13;13.23;8934009
20120130;13.08;13.14;12.88;12.99;10886576
20120131;13.04;13.15;12.93;13.01;9719237
20120201;13.1;13.32;13.08;13.14;10757935
20120202;13.17;13.36;13.05;13.23;6431661
20120203;13.46;13.65;13.39;13.59;10776397
20120206;13.52;13.58;13.41;13.49;4891653
20120207;13.39;13.72;13.39;13.53;10236011
20120208;13.56;13.79;13.5;13.61;10432497
20120209;13.64;13.72;13.44;13.52;8238778
20120210;13.4;13.44;13.28;13.35;8014045
20120213;13.45;13.61;13.45;13.5;8533227
20120214;13.42;13.52;13.14;13.3;12109031
20120215;13.34;13.55;13.29;13.36;11864894
20120216;13.38;13.64;13.31;13.63;9658411
20120217;13.73;13.85;13.6;13.8;10315771
20120221;13.85;14.1;13.77;13.91;12644928
20120222;13.88;13.91;13.55;13.59;8667335
20120223;13.62;13.82;13.52;13.81;8677925
20120224;13.82;13.92;13.52;13.6;11354200
20120227;13.52;13.63;13.41;13.58;13040763
20120228;13.63;13.66;13.47;13.62;13649199
20120229;13.66;13.8;13.45;13.61;12206990
20120301;13.66;13.8;13.59;13.72;13404406
20120302;13.74;13.78;13.58;13.61;9213762
20120305;13.56;13.6;13.23;13.31;9730956
20120306;13.21;13.22;12.88;12.94;13254702
20120307;12.97;13.39;12.94;13.3;15388223
20120308;13.43;13.56;13.27;13.48;8615241
20120309;13.49;13.81;13.4;13.76;8732009
20120312;13.72;13.73;13.4;13.58;8429101
20120313;13.7;14.22;13.65;14.16;13272727
20120314;13.9;14.39;13.76;14.28;25689508
20120315;14.38;14.72;14.17;14.47;18252719
20120316;14.6;14.6;14.22;14.33;14160772
20120319;14.37;14.73;14.24;14.5;15257703
20120320;14.43;14.56;14.27;14.5;12388621
20120321;14.58;14.66;14.23;14.24;14165881
20120322;14.17;14.17;13.95;14.09;18859467
20120323;14.09;14.17;13.89;14.14;12721914
20120326;14.2;14.31;14.09;14.3;11208976
20120327;14.3;14.33;13.99;14;12360558
20120328;13.97;14.23;13.97;14.1;18042924
20120329;14.06;14.17;13.92;14.03;15797207
20120330;14.18;14.22;13.95;14.05;9077207
20120402;13.92;14.51;13.92;14.44;16018398
20120403;14.67;14.67;14.37;14.58;19553337
20120404;14.41;14.57;14.27;14.48;12996676
20120405;14.38;14.65;14.35;14.62;13851923
20120409;14.28;14.49;14.25;14.31;11283426
20120410;14.35;14.4;13.9;13.9;15263477
20120411;14.11;14.26;13.98;14.26;8127530
20120412;14.25;14.5;14.22;14.48;7163193
20120413;14.39;14.42;14;14.02;10604812
20120416;14.16;14.24;13.86;14.11;9849066
20120417;14.31;14.47;14.2;14.36;13410327
20120418;14.25;14.45;14.13;14.16;12301578
20120419;14.3;14.34;13.61;13.73;22666678
20120420;13.86;13.96;13.71;13.95;17426657
20120423;13.67;13.85;13.56;13.81;13043961
20120424;13.81;13.96;13.8;13.95;14147019
20120425;14.19;14.4;14;14.31;13534639
20120426;14.26;14.43;14.25;14.37;9414691
20120427;14.41;14.45;14.28;14.39;8768348
20120430;14.3;14.39;14.1;14.23;10797732
20120501;14.24;14.55;14.21;14.4;7766597
20120502;14.32;14.46;14.19;14.4;8324178
20120503;14.4;14.51;14.35;14.45;12825591
20120504;14.41;14.47;13.68;13.99;10381389
20120507;13.98;14.45;13.97;14.39;13036167
20120508;14.26;14.34;14.06;14.21;10740267
20120509;14.03;14.13;13.87;13.99;7942170
20120510;14.17;14.33;14.12;14.19;9215366
20120511;14;14.23;13.85;14.07;10282990
20120514;13.89;14.04;13.75;13.76;8371929
20120515;13.77;13.9;13.54;13.58;11603337
20120516;13.69;13.84;13.54;13.55;9508400
20120517;13.56;13.58;13.29;13.29;14079698
20120518;13.35;13.43;13.25;13.35;13216077
20120521;13.36;13.51;13.26;13.38;8281523
20120522;13.42;13.64;13.34;13.45;11260067
20120523;13.25;13.59;13.18;13.59;20063357
20120524;13.63;13.67;13.37;13.57;9156311
20120525;13.6;13.65;13.45;13.52;6487398
20120529;13.63;13.66;13.36;13.52;12460418
20120530;13.45;13.45;13.18;13.23;11245610
20120531;13.33;13.46;13.07;13.35;17141403
20120601;13.1;13.13;12.48;12.52;21221846
20120604;12.54;12.56;12.05;12.09;17837250
20120605;12.05;12.38;12.04;12.23;16207270
20120606;12.42;12.67;12.3;12.67;12047940
20120607;12.87;12.91;12.67;12.74;11433283
20120608;12.74;12.95;12.46;12.93;10782141
20120611;13.06;13.12;12.68;12.71;11440928
20120612;12.73;12.87;12.54;12.86;9606230
20120613;12.82;13.05;12.7;12.77;9699546
20120614;12.82;13.09;12.78;13.04;12541097
20120615;13.06;13.19;12.95;13.18;10392835
20120618;13.12;13.18;12.9;12.95;11008208
20120619;13.06;13.22;13;13.13;10611597
20120620;13.16;13.21;12.95;13.12;10280069
20120621;13.18;13.25;12.95;13.04;17509512
20120622;13.09;13.34;13.05;13.27;13500902
20120625;13.03;13.09;12.69;12.72;12592393
20120626;12.8;12.98;12.69;12.87;9737311
20120627;12.85;13.02;12.75;12.98;8442874
20120628;12.88;13.04;12.71;13.02;9975034
20120629;13.43;13.44;13.27;13.4;12393639
20120702;13.54;13.54;13.3;13.49;8569697
20120703;13.47;13.61;13.46;13.5;4045351
20120705;13.47;13.52;13.35;13.42;8335579
20120706;13.23;13.42;13.22;13.38;5704027
20120709;13.32;13.44;13.18;13.31;5630778
20120710;13.36;13.46;13.07;13.11;8878476
20120711;13.09;13.44;13.09;13.41;7896814
20120712;13.26;13.39;13.19;13.34;8712636
20120713;13.33;13.71;13.32;13.69;7176601
20120716;13.63;13.72;13.52;13.65;5793523
20120717;13.8;13.94;13.6;13.92;9536982
20120718;13.88;13.91;13.71;13.77;8392787
20120719;13.9;14;13.66;13.8;12150839
20120720;13.75;13.8;13.44;13.64;7360752
20120723;13.47;13.58;13.37;13.51;10657047
20120724;13.58;13.7;13.48;13.69;13255641
20120725;13.7;13.78;13.63;13.75;8540221
20120726;13.95;14.21;13.89;14.14;14180075
20120727;14.26;14.36;14.12;14.23;10770645
20120730;14.23;14.25;13.99;14.02;8184475
20120731;14.03;14.05;13.81;13.82;8853128
20120801;13.88;14.04;13.78;13.79;9588594
20120802;13.66;13.82;13.5;13.67;10411782
20120803;13.91;14.15;13.84;14.07;7409038
20120806;14.11;14.2;13.98;13.98;5449826
20120807;14.01;14.34;14;14.23;9817246
20120808;14.11;14.32;14.05;14.3;7545951
20120809;14.34;14.42;14.29;14.32;10007926
20120810;14.26;14.31;14.17;14.29;5905999
20120813;14.26;14.37;14.17;14.32;5423988
20120814;14.37;14.4;14.19;14.24;6703269
20120815;14.2;14.35;14.16;14.29;4938234
20120816;14.26;14.41;14.22;14.33;8295469
20120817;14.39;14.47;14.29;14.4;10386866
20120820;14.39;14.49;14.33;14.37;6404430
20120821;14.46;14.6;14.33;14.39;7293128
20120822;14.8;15.02;14.63;14.81;20330840
20120823;14.76;14.8;14.6;14.63;6818313
20120824;14.63;14.86;14.63;14.81;7573437
20120827;14.93;14.93;14.78;14.91;8126140
20120828;14.86;15.08;14.86;14.93;13444063
20120829;14.93;15.15;14.93;15.12;7452825
20120830;15.03;15.17;14.94;15.08;9035158
20120831;15.14;15.24;15.08;15.14;9276441
20120904;15.02;15.15;14.99;15.05;9604236
20120905;15.1;15.12;14.89;14.92;16970834
20120906;15;15.17;14.98;15.06;15037332
20120907;15.13;15.41;15.07;15.31;11615820
20120910;15.19;15.36;15.15;15.19;9135871
20120911;15.14;15.32;15.09;15.18;12917194
20120912;15.27;15.42;15.23;15.27;12030056
20120913;15.25;15.64;15.24;15.61;11952468
20120914;15.62;15.95;15.6;15.78;15004532
20120917;15.85;15.85;15.7;15.74;9485573
20120918;15.67;15.74;15.59;15.65;9168244
20120919;15.63;15.74;15.56;15.6;9587739
20120920;15.56;15.63;15.32;15.59;11600576
20120921;15.78;15.78;15.54;15.57;8738824
20120924;15.46;15.74;15.41;15.67;8981771
20120925;15.68;15.79;15.52;15.56;11066856
20120926;15.44;15.55;15.33;15.36;11210472
20120927;15.39;15.6;15.32;15.48;7526876
20120928;15.41;15.6;15.38;15.51;9009228
20121001;15.37;15.72;15.37;15.48;12129282
20121002;15.45;15.6;15.33;15.46;11145401
20121003;15.56;15.78;15.5;15.7;10761675
20121004;15.79;15.99;15.77;15.98;8982064
20121005;16.01;16.16;15.87;15.99;12888200
20121008;15.99;16.06;15.92;15.98;8129887
20121009;16;16.04;15.8;15.86;9974941
20121010;15.7;15.88;15.68;15.82;8977498
20121011;15.91;16.06;15.89;15.89;6584404
20121012;15.67;15.71;15.23;15.27;19630655
20121015;15.36;15.39;15.17;15.37;10729923
20121016;15.47;15.48;14.98;15;19484730
20121017;15.02;15.23;15;15.13;13826023
20121018;15.25;15.26;15.03;15.12;15986452
20121019;15.06;15.16;14.98;15.02;12298057
20121022;14.96;15.12;14.91;15.04;11616469
20121023;14.86;14.89;14.57;14.69;10972885
20121024;14.85;14.85;14.54;14.57;8478757
20121025;14.7;14.76;14.4;14.64;10072531
20121026;14.62;14.65;14.42;14.49;6582585
20121031;14.59;14.62;14.36;14.52;7306027
20121101;14.51;14.57;14.42;14.56;11857613
20121102;14.56;14.68;14.33;14.38;8280585
20121105;14.39;14.39;14.18;14.32;5384422
20121106;14.35;14.63;14.35;14.59;7247609
20121107;14.49;14.5;14.1;14.12;11697732
20121108;14.16;14.37;14.04;14.04;9446792
20121109;14.05;14.28;13.88;14.16;12520099
20121112;14.18;14.25;14.12;14.23;6159459
20121113;14.14;14.31;13.99;14;8085914
20121114;14.03;14.11;13.75;13.81;10156862
20121115;13.8;14.06;13.75;14;9942002
20121116;13.99;14.18;13.9;14.1;8163122
20121119;14.3;14.53;14.28;14.48;11313550
20121120;14.41;14.73;14.35;14.6;9104795
20121121;14.62;14.65;14.44;14.58;5076560
20121123;14.65;14.89;14.6;14.89;2719668
20121126;14.76;14.83;14.63;14.73;7075439
20121127;14.64;14.81;14.53;14.55;9561877
20121128;14.5;14.67;14.33;14.67;7759465
20121129;14.75;14.8;14.62;14.66;6540150
20121130;14.7;14.77;14.56;14.64;7091585
20121203;14.69;14.69;14.34;14.41;11941368
20121204;14.44;14.45;14.05;14.14;13866467
20121205;14.19;14.43;14.1;14.36;12657104
20121206;14.39;14.39;14.24;14.34;7240056
20121207;14.4;14.54;14.35;14.53;7592419
20121210;14.52;14.68;14.47;14.56;8968393
20121211;14.58;14.7;14.46;14.53;7234368
20121212;14.56;14.76;14.54;14.62;9423928
20121213;14.77;14.77;14.44;14.51;9131452
20121214;14.5;14.52;14.33;14.36;5984986
20121217;14.43;14.7;14.42;14.67;9202925
20121218;14.74;15.12;14.67;15.08;13977279
20121219;15.15;15.18;14.91;14.95;7673848
20121220;14.94;15.17;14.93;15.14;8822373
20121221;14.95;15.18;14.75;15.12;14284899
20121224;15.12;15.2;14.97;15.04;3256127
20121226;15.07;15.31;15;15.14;6981063
20121227;15.03;15.13;14.93;15.08;12407412
20121228;14.97;15.13;14.93;14.99;7252867
20121231;14.92;15.21;14.91;15.2;8068550
20130102;15.46;15.77;15.43;15.77;13866227
20130103;15.76;15.77;15.52;15.63;11670588
20130104;15.51;15.7;15.48;15.69;14800035
20130107;15.62;15.65;15.44;15.58;10650964
20130108;15.63;15.65;15.4;15.44;10703389
20130109;15.49;15.59;15.36;15.41;9882574
20130110;15.52;15.72;15.46;15.7;11495670
20130111;15.69;15.69;15.35;15.47;10867290
20130114;15.49;15.5;15.28;15.35;7942055
20130115;15.25;15.48;15.19;15.41;7683272
20130116;15.4;15.76;15.35;15.55;14767280
20130117;15.98;16.39;15.89;16.29;25139735
20130118;16.44;16.63;16.34;16.38;17729866
20130122;16.3;16.52;16.26;16.5;8941721
20130123;16.46;16.56;16.31;16.37;8203901
20130124;16.43;16.5;16.27;16.39;7786113
20130125;16.42;16.46;16.25;16.37;5722586
20130128;16.34;16.41;16.08;16.18;8723371
20130129;16.34;16.39;16.11;16.27;8274200
20130130;16.28;16.39;16.17;16.33;11003164
20130131;16.3;16.34;16.18;16.29;8396710
20130201;16.36;16.63;16.35;16.49;12703711
20130204;16.3;16.34;16.16;16.2;11778149
20130205;16.34;16.58;16.28;16.51;9336589
20130206;16.45;16.61;16.37;16.59;5938805
20130207;16.64;16.77;16.36;16.47;10888018
20130208;16.55;16.61;16.4;16.61;9814015
20130211;16.44;16.52;16.38;16.5;12187679
20130212;16.54;16.63;16.45;16.56;8284724
20130213;16.53;16.55;16.05;16.11;16635670
20130214;16.09;16.19;16.04;16.13;11091204
20130215;16.12;16.16;16;16.05;9471938
20130219;16.07;16.16;15.94;15.96;11020445
20130220;15.95;16.03;15.79;15.83;12260560
20130221;15.85;15.97;15.51;15.6;17671587
20130222;15.77;15.84;15.7;15.8;6752270
20130225;15.9;15.94;15.52;15.53;12965929
20130226;15.6;15.64;15.43;15.56;10616342
20130227;15.56;15.76;15.47;15.72;8481443
20130228;15.68;15.93;15.67;15.84;8899092
20130301;15.73;15.9;15.57;15.82;11481195
20130304;15.83;16.04;15.71;16.02;8628918
20130305;16.15;16.19;15.88;16.02;15273806
20130306;16.06;16.12;15.88;16.03;11432535
20130307;16.05;16.25;16.01;16.23;8864711
20130308;16.35;16.37;16.18;16.34;8404137
20130311;16.37;16.42;16.24;16.35;10537279
20130312;16.38;16.46;16.23;16.25;6625693
20130313;16.24;16.39;16.18;16.39;8843791
20130314;16.44;16.55;16.3;16.37;8663302
20130315;16.35;16.61;16.3;16.61;16194478
20130318;16.37;16.54;16.27;16.48;7536328
20130319;16.56;16.58;16.41;16.51;8465919
20130320;16.61;16.62;16.48;16.52;7800319
20130321;16.4;16.51;16.35;16.37;8305091
20130322;16.37;16.44;16.23;16.29;7034315
20130325;16.31;16.39;16.22;16.35;8041305
20130326;16.36;16.45;16.29;16.41;6967536
20130327;16.34;16.4;16.25;16.37;4895182
20130328;16.31;16.37;16.2;16.31;5584391
20130401;16.28;16.3;16.06;16.14;5702611
20130402;16.14;16.22;16.08;16.16;6808365
20130403;16.13;16.23;15.81;15.99;13451520
20130404;15.99;16.04;15.85;15.95;8668767
20130405;15.73;16.06;15.64;16.02;10322762
20130408;15.99;16.26;15.89;16.22;10211696
20130409;16.3;16.49;16.2;16.39;8064266
20130410;16.57;16.68;16.46;16.63;9086870
20130411;16.62;16.86;16.53;16.86;9786737
20130412;16.69;16.74;16.35;16.49;16086317
20130415;16.47;16.49;16.06;16.08;10054574
20130416;16.16;16.27;16.06;16.15;9928457
20130417;15.97;15.98;15.64;15.8;11214905
20130418;16.25;16.25;15.62;15.92;16586071
20130419;16.03;16.42;15.89;16.4;11483115
20130422;16.31;16.34;16.11;16.25;6563599
20130423;16.31;16.5;16.22;16.47;8082308
20130424;16.48;16.72;16.44;16.72;6445732
20130425;16.75;16.95;16.69;16.83;5791422
20130426;16.81;16.84;16.65;16.76;3342639
20130429;16.77;16.89;16.76;16.83;4412508
20130430;16.84;17.04;16.68;17.03;9295467
20130501;17.03;17.1;16.7;16.75;7514942
20130502;16.77;16.97;16.71;16.86;4456928
20130503;17.05;17.12;17.01;17.1;6915978
20130506;17.08;17.31;17.02;17.3;4109253
20130507;17.37;17.53;17.3;17.51;6898090
20130508;17.5;17.67;17.45;17.62;7591822
20130509;17.66;17.81;17.53;17.57;8011150
20130510;17.6;17.73;17.58;17.71;5419203
20130513;17.65;17.76;17.55;17.7;13724124
20130514;17.73;17.97;17.73;17.91;7011030
20130515;17.91;18.15;17.81;18.08;6229963
20130516;18.01;18.2;17.97;18.02;5154579
20130517;18.17;18.31;18.04;18.25;6115266
20130520;18.23;18.41;18.19;18.39;6307290
20130521;18.45;18.5;18.22;18.3;7774030
20130522;18.37;18.49;17.99;18;13408788
20130523;17.81;18.2;17.76;18.1;8186266
20130524;18.06;18.25;18.01;18.25;5606171
20130528;18.52;18.6;18.36;18.43;6803979
20130529;18.28;18.55;18.26;18.47;11196352
20130530;18.46;18.74;18.45;18.53;9266481
20130531;18.47;18.55;18.2;18.2;9136655
20130603;18.23;18.32;17.82;18.2;10743110
20130604;18.17;18.31;17.88;17.92;9863831
20130605;17.88;17.97;17.68;17.71;8452550
20130606;17.66;18.07;17.64;18.07;9103835
20130607;18.24;18.44;18.09;18.42;8353929
20130610;18.42;18.7;18.42;18.6;8097054
20130611;18.47;18.56;18.29;18.34;8191437
20130612;18.47;18.49;18.23;18.32;9989239
20130613;18.25;18.49;18.15;18.45;8225891
20130614;18.47;18.49;18.2;18.31;8866594
20130617;18.46;18.53;18.2;18.29;6971420
20130618;18.33;18.49;18.26;18.4;6251026
20130619;18.36;18.47;18.08;18.1;10728112
20130620;17.9;17.96;17.67;17.78;18099361
20130621;17.89;17.96;17.43;17.7;23647009
20130624;17.59;17.68;17.33;17.46;14737795
20130625;17.67;17.94;17.55;17.88;11151353
20130626;17.98;18.04;17.79;17.92;6414636
20130627;18.06;18.32;18;18.1;8335298
20130628;18.09;18.23;17.82;18.05;11104812
20130701;18.23;18.48;18.05;18.28;6009151
20130702;18.29;18.58;18.23;18.48;8840378
20130703;18.5;18.5;18.2;18.37;5585636
20130705;18.45;18.68;18.37;18.67;11339301
20130708;18.75;18.81;18.46;18.58;11825693
20130709;18.76;18.81;18.55;18.8;10268360
20130710;18.82;18.85;18.59;18.79;14880668
20130711;19.03;19.08;18.67;18.81;10249611
20130712;18.79;19;18.75;18.98;5734697
20130715;19.02;19.07;18.91;18.99;6823773
20130716;19.01;19.09;18.67;18.86;6900471
20130717;18.86;19.01;18.8;18.99;8009120
20130718;18.8;18.97;18.27;18.95;17975186
20130719;19.02;19.08;18.79;19.02;10327660
20130722;19.16;19.35;18.96;19.34;7305222
20130723;19.39;19.52;19.15;19.42;8691445
20130724;19.49;19.79;19.43;19.59;10151212
20130725;19.26;19.44;19.22;19.37;7790771
20130726;19.17;19.38;19.17;19.37;4209530
20130729;19.31;19.41;19.14;19.21;6179780
20130730;19.32;19.4;19.2;19.26;5155350
20130731;19.33;19.64;19.2;19.24;8748409
20130801;19.44;19.65;19.32;19.6;5835338
20130802;19.63;19.73;19.49;19.69;5585826
20130805;19.7;19.71;19.52;19.58;4125208
20130806;19.5;19.57;19.28;19.36;5557651
20130807;19.31;19.33;19.16;19.22;6155926
20130808;19.35;19.41;19.11;19.23;7554601
20130809;19.17;19.38;19.17;19.3;5324943
20130812;19.22;19.43;19.17;19.27;3901014
20130813;19.13;19.32;18.97;19.09;10036492
20130814;19.06;19.25;19.05;19.14;6817461
20130815;19.06;19.15;18.98;19.04;6104650
20130816;19.08;19.29;19.03;19.16;5672739
20130819;19.13;19.15;18.97;19.01;6294936
20130820;19.05;19.2;18.9;19.06;7299032
20130821;18.98;19.17;18.89;18.93;7921143
20130822;18.97;19.24;18.94;19.18;6031281
20130823;19.31;19.32;19.04;19.2;3804952
20130826;19.24;19.28;18.99;18.99;5896880
20130827;18.8;18.86;18.43;18.43;10529866
20130828;18.33;18.48;18.15;18.35;8269212
20130829;18.2;18.55;18.17;18.39;4669145
20130830;18.45;18.45;18.22;18.29;6179689
20130903;18.53;18.66;18.16;18.31;7389376
20130904;18.37;18.5;18.23;18.36;7633151
20130905;18.38;18.64;18.36;18.53;6300102
20130906;18.63;18.66;18.33;18.47;5249508
20130909;18.25;18.5;18.13;18.38;9006825
20130910;18.57;18.59;18.39;18.5;8942991
20130911;18.51;18.62;18.4;18.58;5717249
20130912;18.6;18.64;18.49;18.49;5828523
20130913;18.53;18.57;18.32;18.38;10692372
20130916;18.65;18.68;18.45;18.49;8409477
20130917;18.42;18.6;18.33;18.55;10152097
20130918;18.47;18.81;18.38;18.62;13477328
20130919;18.63;18.7;18.33;18.53;13397506
20130920;18.43;18.56;18.37;18.39;10900364
20130923;18.31;18.34;18.09;18.15;6913056
20130924;18.08;18.22;17.97;18.04;8161435
20130925;18.29;18.35;17.95;18.29;9896339
20130926;18.24;18.3;17.99;18.08;4527154
20130927;17.93;18.24;17.93;18.08;5053013
20130930;17.95;18.13;17.8;18.05;6050561
20131001;17.98;18.27;17.98;18.26;6151208
20131002;18.12;18.17;18;18.05;10707433
20131003;17.98;18.04;17.84;18;6392178
20131004;18;18.21;17.93;18.19;6107985
20131007;18.03;18.05;17.77;17.77;5149807
20131008;17.81;17.84;17.49;17.5;9268563
20131009;17.58;17.84;17.5;17.75;10170907
20131010;17.96;18.25;17.92;18.14;10817627
20131011;17.99;18.28;17.81;18.2;9319427
20131014;18.08;18.35;18.07;18.31;5591986
20131015;18.37;18.4;18.12;18.13;7453340
20131016;18.25;18.52;18.16;18.4;7907259
20131017;18.39;19;18.34;18.97;14253521
20131018;19.01;19.33;18.91;19.28;9457811
20131021;18.79;19.39;18.79;19.22;7387066
20131022;19.24;19.39;19.17;19.34;6871221
20131023;19.28;19.34;19.15;19.23;5900623
20131024;19.29;19.32;18.99;19.12;9931655
20131025;19.1;19.22;18.95;19.08;7152326
20131028;19.12;19.2;18.95;19.18;7314373
20131029;19.25;19.27;19.09;19.21;7468906
20131030;19.26;19.3;19.16;19.24;7166392
20131031;19.27;19.28;19.03;19.04;6206473
20131101;19.08;19.11;18.87;18.99;4738870
20131104;19;19.06;18.79;18.84;4766126
20131105;18.77;19.23;18.75;19.14;7932540
20131106;19.09;19.19;19.03;19.13;6978136
20131107;19.19;19.3;19.08;19.08;8906054
20131108;19.15;20.03;19.06;20.01;15342201
20131111;20.04;20.06;19.62;19.77;7219222
20131112;19.1;19.83;19.1;19.56;4931110
20131113;19.52;19.93;19.44;19.91;10260461
20131114;19.96;20.05;19.87;20.02;5579684
20131115;20.13;20.16;19.91;19.94;6062329
20131118;19.94;20.21;19.75;20;6603184
20131119;19.99;20.15;19.89;19.91;6723418
20131120;20.98;20.98;19.8;19.92;7114482
20131121;20;20.47;19.95;20.34;8902560
20131122;20.4;20.58;20.12;20.58;9437349
20131125;20.7;20.75;20.49;20.57;11186305
20131126;20.63;20.63;20.33;20.34;7413829
20131127;20.43;20.53;20.35;20.45;4329634
20131129;20.5;20.5;20.3;20.32;2814373
20131202;20.36;20.43;20.17;20.2;5456549
20131203;20.17;20.29;19.85;19.99;7438570
20131204;19.99;20.22;19.76;19.88;9838176
20131205;19.87;20.05;19.79;19.82;7331846
20131206;20.03;20.34;19.94;20.34;7856855
20131209;20.34;20.49;20.19;20.24;6501892
20131210;20.18;20.45;19.95;20.31;5623109
20131211;20.4;20.44;20.14;20.16;7680106
20131212;20.2;20.38;20.08;20.25;6605836
20131213;20.34;20.34;19.99;20.09;5985232
20131216;20.55;20.56;20.31;20.35;7702636
20131217;20.21;20.3;20.05;20.15;6041549
20131218;20.12;20.51;20.01;20.45;8050251
20131219;20.38;20.74;20.36;20.67;6318642
20131220;20.57;20.86;20.57;20.81;8948472
20131223;20.93;21.13;20.89;20.95;5618975
20131224;20.97;21.1;20.88;20.98;1558240
20131226;21.01;21.14;20.96;21.04;3884687
20131227;20.91;21.11;20.89;20.92;3983527
20131230;20.99;21.07;20.88;20.92;3811762
20131231;21;21.12;20.93;21.03;4980508
20140102;20.94;21.06;20.83;20.87;6971216
20140103;20.91;21.06;20.85;20.92;4436573
20140106;21.01;21.33;20.94;20.95;7209419
20140107;21.09;21.2;20.93;21.03;6549176
20140108;21.02;21.23;21;21.13;7551353
20140109;21.14;21.45;21.14;21.32;8873058
20140110;21.25;21.55;21.25;21.53;8715286
20140113;21.5;21.62;21.21;21.25;8251423
20140114;21.31;21.53;21.21;21.36;7441279
20140115;21.41;21.64;21.4;21.57;5218396
20140116;21.49;21.55;21.31;21.37;5595082
20140117;21.46;21.83;21.41;21.55;6735538
20140121;21.63;21.89;21.63;21.82;6866616
20140122;21.96;21.96;21.78;21.92;7739804
20140123;21.65;21.91;21.35;21.52;11224659
20140124;21.35;21.54;21.28;21.32;9540872
20140127;21.9;21.91;21.09;21.13;9455841
20140128;21.16;21.43;21.14;21.3;9397863
20140129;21.14;21.34;20.9;20.95;12289989
20140130;21.09;21.32;21.05;21.24;5822331
20140131;20.98;21.27;20.81;21.02;7693354
20140203;20.94;21.13;20.42;20.5;18238611
20140204;20.55;20.87;20.37;20.59;10596703
20140205;20.6;20.8;20.46;20.65;7677472
20140206;20.98;21.11;20.84;21.08;7596799
20140207;21.12;21.25;20.91;21.1;6826570
20140210;21.5;21.5;21.14;21.27;8595313
20140211;21.23;21.44;20.94;21.37;9048410
20140212;21.46;21.67;21.28;21.36;9049391
20140213;21.29;21.54;21.19;21.54;6968174
20140214;21.46;21.72;21.42;21.63;5548480
20140218;21.68;21.8;21.58;21.66;6896202
20140219;21.63;21.66;21.26;21.31;10907426
20140220;21.29;21.4;21.12;21.34;7189716
20140221;21.39;21.61;21.34;21.44;8206416
20140224;21.45;21.7;21.45;21.61;9382763
20140225;21.66;21.74;21.44;21.61;7967540
20140226;21.67;21.73;21.5;21.66;7200968
20140227;21.67;21.72;21.51;21.72;6945764
20140228;21.76;21.86;21.56;21.7;12470540
20140303;21.53;21.58;21.41;21.52;8702066
20140304;21.78;22.05;21.66;21.96;10185610
20140305;21.94;22.23;21.88;22.2;7129934
20140306;22.25;22.42;22.23;22.3;5626541
20140307;22.42;22.75;22.42;22.63;7670944
20140310;22.56;22.7;22.46;22.7;6099768
20140311;22.72;22.75;22.44;22.51;5603209
20140312;22.39;22.57;22.29;22.53;6214526
20140313;22.56;22.73;22.35;22.43;6998000
20140314;22.37;22.53;22.23;22.34;6313858
20140317;22.81;22.83;22.42;22.6;5794283
20140318;22.61;22.84;22.51;22.78;7586932
20140319;22.76;23;22.64;22.83;6884687
20140320;22.84;23.49;22.8;23.36;9007649
20140321;23.63;23.9;23.31;23.39;17741967
20140324;23.49;23.68;23.24;23.38;6801801
20140325;23.42;23.52;23.3;23.34;7236521
20140326;23.51;23.56;23.25;23.26;6929301
20140327;23.12;23.24;22.41;22.55;13658554
20140328;22.58;22.85;22.48;22.72;5163714
20140331;22.93;23.03;22.83;22.96;6437766
20140401;23.09;23.18;22.89;23.08;5466522
20140402;23.14;23.19;22.95;23.06;5085757
20140403;23.17;23.22;23.04;23.19;7500018
20140404;23.25;23.41;22.89;22.92;6820678
20140407;22.88;22.95;22.45;22.51;9018353
20140408;22.53;22.64;22.31;22.45;6392100
20140409;22.5;22.68;22.44;22.61;6123239
20140410;22.66;22.7;21.75;21.8;11974108
20140411;21.41;21.81;21.4;21.56;9470885
20140414;21.87;21.87;21.35;21.6;6259613
20140415;21.59;21.77;21.34;21.63;7973880
20140416;21.84;21.9;21.6;21.85;7771534
20140417;21.31;21.52;20.75;20.95;16990860
20140421;21.08;21.24;20.67;20.72;10444126
20140422;20.81;21.02;20.62;21;12085429
20140423;20.98;21.22;20.94;21.15;8062162
20140424;21.23;21.23;20.8;21.03;9493167
20140425;20.88;20.88;20.63;20.75;8603814
20140428;20.72;20.76;20.31;20.51;10173784
20140429;20.53;20.72;20.43;20.48;11928944
20140430;20.42;20.68;20.35;20.61;8692107
20140501;20.56;20.68;20.3;20.35;11335011
20140502;20.3;20.84;20.3;20.56;9890887
20140505;20.52;20.75;20.4;20.59;8365108
20140506;20.41;20.55;20.25;20.28;7455493
20140507;20.36;20.73;20.29;20.71;9700984
20140508;20.66;20.88;20.58;20.6;8009388
20140509;20.49;20.59;20.23;20.55;8482456
20140512;20.66;20.89;20.57;20.88;7287961
20140513;20.88;20.95;20.75;20.8;5752083
20140514;20.75;20.79;20.4;20.47;5577821
20140515;20.42;20.44;19.92;20.16;11601026
20140516;20.13;20.2;19.83;20.03;11883748
20140519;20;20.25;19.82;20.2;8730875
20140520;20.23;20.25;19.95;20.06;7461905
20140521;20.18;20.43;20.12;20.37;10029199
20140522;20.33;20.56;20.25;20.41;7374319
20140523;20.44;20.7;20.35;20.54;6340657
20140527;20.6;20.91;20.6;20.7;6333427
20140528;20.65;20.7;20.55;20.6;5832022
20140529;20.6;20.65;20.39;20.55;6444875
20140530;20.61;20.77;20.57;20.69;6536450
20140602;20.79;20.99;20.55;20.95;8740727
20140603;20.86;21.4;20.85;21.19;17970617
20140604;21.09;21.26;21;21.09;10202297
20140605;21.13;21.25;20.92;21.19;10609572
20140606;21.32;21.37;21.01;21.33;9883168
20140609;21.28;21.71;21.27;21.64;9240357
20140610;21.6;21.63;21.45;21.54;6128934
20140611;21.47;21.56;21.35;21.44;5599880
20140612;21.37;21.55;21.27;21.29;6311756
20140613;21.4;21.57;21.28;21.37;6647806
20140616;21.24;21.29;21;21.11;6900144
20140617;21.03;21.63;21.01;21.48;9316924
20140618;21.51;21.54;21.23;21.49;9144176
20140619;21.81;21.81;21.34;21.51;7840541
20140620;21.65;21.78;21.51;21.59;7451550
20140623;21.64;21.64;21.44;21.53;4576096
20140624;21.5;21.74;21.45;21.46;7980700
20140625;21.34;21.51;21.12;21.45;9006747
20140626;21.34;21.39;21.11;21.29;5670234
20140627;21.29;21.32;21.1;21.26;6966820
20140630;21.33;21.41;21.16;21.35;6321176
20140701;21.46;21.69;21.36;21.54;8530092
20140702;21.47;21.66;21.34;21.41;6146007
20140703;21.52;21.69;21.48;21.63;4007142
20140707;21.49;21.65;21.48;21.57;5583019
20140708;21.56;21.56;21.33;21.41;9411741
20140709;21.44;21.62;21.43;21.52;6922589
20140710;21.31;21.34;21.16;21.22;8623453
20140711;21.21;21.5;21.1;21.43;6462056
20140714;21.56;21.63;21.34;21.4;6229785
20140715;21.3;21.79;21.3;21.75;10491694
20140716;21.78;21.79;21.44;21.55;11517920
20140717;21.12;21.2;20.16;20.28;26030350
20140718;20.42;20.51;20.11;20.45;17694837
20140721;20.56;20.74;20.34;20.53;8143927
20140722;20.66;20.77;20.61;20.7;10887781
20140723;20.78;20.81;20.59;20.74;7362906
20140724;20.74;21.15;20.74;21.09;11285639
20140725;20.95;21.28;20.94;21.18;10398250
20140728;21.18;21.2;20.83;20.88;7111118
20140729;20.84;21;20.73;20.74;7976869
20140730;20.86;20.97;20.65;20.79;7669571
20140731;20.74;20.75;20.45;20.48;8429081
20140801;20.4;20.54;19.9;20;14570559
20140804;20.09;20.15;19.83;19.97;6430932
20140805;19.85;20;19.6;19.66;10913734
20140806;19.55;19.82;19.47;19.68;7388414
20140807;19.75;19.85;19.46;19.52;6375530
20140808;19.6;19.68;19.45;19.67;4242330
20140811;19.77;19.77;19.53;19.6;5710029
20140812;19.5;19.67;19.45;19.59;6017522
20140813;19.59;19.79;19.57;19.65;5443542
20140814;19.72;19.89;19.66;19.81;5618867
20140815;19.84;19.95;19.61;19.73;5832223
20140818;19.87;20.06;19.86;20.02;5689628
20140819;20.01;20.21;19.94;19.97;6247651
20140820;19.91;20.14;19.89;20.1;4659174
20140821;20.08;20.31;19.99;20.25;5277003
20140822;20.26;20.46;20.16;20.32;7433432
20140825;20.42;20.61;20.36;20.44;6226982
20140826;19.97;20.6;19.97;20.42;3576012
20140827;20.49;20.59;20.25;20.29;5124097
20140828;20.18;20.34;20.11;20.27;4645464
20140829;20.3;20.47;20.29;20.41;4509375
20140902;20.41;20.58;20.33;20.51;4932518
20140903;20.59;20.67;20.35;20.41;6501678
20140904;20.5;20.57;20.38;20.42;6223368
20140905;20.34;20.49;20.2;20.37;7534554
20140908;20.4;20.48;20.22;20.35;5783592
20140909;20.32;20.33;20.1;20.21;4874622
20140910;20.34;20.59;20.27;20.45;7209018
20140911;20.4;20.61;20.39;20.49;4568728
20140912;20.51;20.86;20.51;20.65;6871756
20140915;20.59;20.69;20.49;20.53;4840474
20140916;20.48;20.74;20.47;20.57;5671211
20140917;20.59;20.91;20.55;20.74;6154515
20140918;20.8;21.1;20.72;21.01;7449646
20140919;21.15;21.2;20.88;20.92;8523292
20140922;20.93;21.06;20.76;20.79;4857649
20140923;20.7;20.79;20.53;20.53;4911872
20140924;20.47;20.63;20.42;20.59;5002876
20140925;20.51;20.56;20.23;20.31;6328001
20140926;20.22;20.35;20.17;20.29;3529298
20140929;20.09;20.22;20.03;20.11;5141811
20140930;20.18;20.27;19.98;20.02;6619583
20141001;20.03;20.12;19.79;19.8;7078976
20141002;19.81;19.93;19.55;19.79;9239292
20141003;19.97;20.11;19.87;20.05;10086895
20141006;20.13;20.19;19.88;19.92;5517321
20141007;19.83;19.97;19.66;19.66;5902940
20141008;19.72;20.12;19.67;20.1;10087395
20141009;19.98;20.08;19.6;19.62;8611102
20141010;19.69;19.81;19.43;19.43;6813937
20141013;19.41;19.59;19.24;19.25;5569518
20141014;19.28;19.48;19.16;19.25;7877461
20141015;18.98;19.06;18.21;18.58;14510971
20141016;18;18.32;17.65;17.74;24707127
20141017;17.97;18.2;17.8;18.13;14195795
20141020;18.13;18.38;18.05;18.35;8806165
20141021;18.48;18.88;18.44;18.87;12024967
20141022;18.88;19.04;18.82;18.83;8134132
20141023;19.29;19.3;18.88;18.98;8729573
20141024;18.95;19.12;18.9;19.12;4441441
20141027;19.08;19.16;18.99;19.15;3618477
20141028;19.35;19.53;19.15;19.52;4462574
20141029;19.46;19.76;19.38;19.7;6159664
20141030;19.69;19.84;19.55;19.73;5311626
20141031;19.97;20.03;19.81;19.99;6246104
20141103;19.99;20.18;19.87;19.96;5112987
20141104;19.9;20;19.7;19.81;5085314
20141105;20.08;20.2;19.92;20.18;6887192
20141106;20.23;20.33;20.07;20.3;7619519
20141107;20.32;20.32;19.88;20.11;7022617
20141110;20.13;20.31;20.05;20.18;4737336
20141111;20.2;20.28;20.13;20.24;5301569
20141112;20.12;20.39;20.1;20.38;5669324
20141113;20.43;20.43;20.23;20.31;4381327
20141114;20.1;20.34;20.1;20.16;3351753
20141117;20.1;20.19;20;20.16;3625047
20141118;20.15;20.3;20.08;20.19;2777422
20141119;20.19;20.19;19.92;20.01;4756761
20141120;19.86;20.17;19.85;20.16;3652032
20141121;20.43;20.43;20.06;20.13;4058882
20141124;20.22;20.42;20.22;20.35;3785895
20141125;20.36;20.37;20.09;20.22;5644811
20141126;20.27;20.31;20.15;20.29;3341407
20141128;20.31;20.41;20.09;20.12;2207880
20141201;20.02;20.08;19.61;19.75;5889830
20141202;19.75;20.01;19.72;19.92;6005695
20141203;19.95;20.12;19.89;20.08;6115530
20141204;20.06;20.2;19.98;20.16;5114503
20141205;20.29;20.67;20.2;20.63;8551374
20141208;20.26;20.81;20.26;20.66;6851105
20141209;20.49;20.82;20.41;20.69;7959472
20141210;20.58;20.61;20.01;20.02;8998962
20141211;20.18;20.33;20;20.06;6764655
20141212;19.82;20.03;19.67;19.74;9266912
20141215;19.83;19.86;19.37;19.45;9637626
20141216;19.27;19.66;19.23;19.31;7933457
20141217;19.38;19.64;19.3;19.6;9335504
20141218;19.82;20.09;19.66;20.09;9608103
20141219;20.08;20.28;19.99;20.07;14801323
20141222;19.99;20.2;19.97;20.15;7530058
20141223;20.29;20.67;20.26;20.58;5839806
20141224;20.65;20.67;20.41;20.59;2191913
20141226;20.69;20.7;20.5;20.59;2694610
20141229;20.42;20.76;20.38;20.59;4693068
20141230;20.54;20.73;20.43;20.68;5419566
20141231;20.71;20.74;20.37;20.38;6014904
20150102;20.41;20.53;19.99;20.21;6398967
20150105;20.02;20.09;19.59;19.6;7501117
20150106;19.65;19.79;18.8;18.81;27930004
20150107;19.1;19.13;18.81;19.02;12862197
20150108;19.19;19.47;19.14;19.45;14648791
20150109;19.5;19.52;18.9;18.93;6877589
20150112;18.9;18.98;18.53;18.64;11466437
20150113;18.86;19.01;18.41;18.51;10613111
20150114;18.24;18.31;17.98;18.21;14223001
20150115;18.18;18.35;17.91;18.02;9330931
20150116;17.96;18.33;17.91;18.3;10179251
20150120;18.54;18.54;17.89;18.08;10925645
20150121;17.96;18.18;17.43;17.53;28189876
20150122;17.58;18.05;17.47;17.91;25885654
20150123;17.84;18.16;17.67;17.67;11882917
20150126;17.73;18.04;17.64;17.93;9073390
20150127;17.66;17.87;17.58;17.66;7305508
20150128;17.84;17.84;17.22;17.22;7541180
20150129;17.17;17.5;17.14;17.46;7230316
20150130;17.23;17.58;17.16;17.3;10799857
20150202;17.52;17.97;17.41;17.88;12585477
20150203;17.94;18.31;17.92;18.25;11502400
20150204;18.22;18.48;18.14;18.35;13803769
20150205;18.25;18.68;18.25;18.63;9960932
20150206;18.82;19.16;18.8;18.89;23096073
20150209;18.74;18.92;18.66;18.79;9747353
20150210;18.7;18.87;18.68;18.85;8922774
20150211;18.82;18.86;18.69;18.78;8543270
20150212;18.91;19.22;18.78;19.19;9822995
20150213;19.19;19.36;19.12;19.26;4802332
20150217;19.27;19.47;19.09;19.47;8209443
20150218;19.4;19.44;19.09;19.11;8327439
20150219;19.04;19.26;18.76;19.2;7479731
20150220;19.18;19.4;18.92;19.39;7565731
20150223;19.38;19.38;19.12;19.29;6071313
20150224;19.37;19.54;19.29;19.39;9432238
20150225;19.53;19.53;19.24;19.4;6592898
20150226;19.34;19.47;19.31;19.44;3978371
20150227;19.4;19.52;19.34;19.36;6902195
20150302;19.32;19.54;19.24;19.51;7420912
20150303;19.42;19.55;19.34;19.49;7684670
20150304;19.43;19.44;19.18;19.28;6020733
20150305;19.28;19.32;19.07;19.31;4869952
20150306;19.32;19.75;19.16;19.45;8028181
20150309;19.49;19.5;19.36;19.47;7391968
20150310;19.19;19.33;19.07;19.08;6977037
20150311;19.14;19.15;18.93;19.02;8029991
20150312;19.21;19.39;18.97;19.24;15268743
20150313;19.23;19.27;18.95;19.08;9608279
20150316;19.2;19.3;19.1;19.25;9314310
20150317;19.26;19.31;19.05;19.25;9765127
20150318;19.23;19.48;19.05;19.25;9163343
20150319;19.15;19.35;19;19.22;9223027
20150320;19.33;19.5;19.21;19.48;7396687
20150323;19.51;19.63;19.29;19.29;4967387
20150324;19.21;19.3;19.05;19.18;6054211
20150325;19.16;19.17;18.81;18.82;9405602
20150326;18.74;19.17;18.66;19.09;10634335
20150327;18.87;18.95;18.69;18.91;8355877
20150330;19.04;19.14;18.96;19.06;5706684
20150331;18.99;19.06;18.8;18.85;11565252
20150401;18.78;18.92;18.63;18.91;8702014
20150402;18.92;19.09;18.82;18.98;5482086
20150406;18.77;19.09;18.68;18.98;6633946
20150407;19.05;19.29;19.02;19.19;4932334
20150408;19.2;19.3;19.02;19.1;6344983
20150409;19.18;19.23;19.04;19.2;5252451
20150410;19.2;19.25;19;19.05;3940271
20150413;19.09;19.24;19.04;19.21;4703438
20150414;19.12;19.22;18.95;19.01;5721914
20150415;19.06;19.34;19;19.17;4932263
20150416;19.18;19.36;18.97;19.28;6976259
20150417;19.1;19.2;18.88;18.91;6423113
20150420;19.04;19.1;18.89;18.99;6201256
20150421;19.25;19.6;19.15;19.41;14334727
20150422;19.45;19.85;19.4;19.75;9363531
20150423;19.72;19.78;19.6;19.7;4446134
20150424;19.65;19.71;19.44;19.54;5034416
20150427;19.55;19.79;19.51;19.65;7650552
20150428;19.66;19.86;19.57;19.82;6387753
20150429;19.81;20.21;19.78;20.08;7399723
20150430;20.02;20.18;19.87;20;7717629
20150501;20.08;20.24;19.92;20.24;8873998
20150504;20.27;20.44;20.18;20.44;6389162
20150505;20.35;20.61;20.29;20.35;5729946
20150506;20.38;20.43;20.02;20.11;7177237
20150507;20.13;20.19;19.88;19.98;7269507
20150508;20.07;20.23;19.98;20.21;4433624
20150511;20.14;20.35;20.11;20.32;4652677
20150512;20.25;20.35;20.03;20.28;4754070
20150513;20.23;20.5;20.16;20.49;5165439
20150514;20.58;20.65;20.44;20.63;6044565
20150515;20.64;20.64;20.29;20.36;4851956
20150518;20.4;20.59;20.33;20.52;3985406
20150519;20.85;20.97;20.65;20.94;6463392
20150520;20.76;20.85;20.46;20.47;11854409
20150521;20.4;20.55;20.38;20.47;4990739
20150522;20.47;20.57;20.42;20.51;4407293
20150526;20.49;20.52;20.32;20.42;8416809
20150527;20.48;20.66;20.31;20.61;8245688
20150528;20.6;20.61;20.44;20.59;6298640
20150529;20.58;20.58;20.24;20.24;11516066
20150601;20.24;20.29;19.88;20.07;15818148
20150602;20.03;20.41;19.96;20.31;10174908
20150603;20.42;20.66;20.35;20.57;6527770
20150604;20.48;20.55;20.28;20.34;8233484
20150605;20.59;20.88;20.5;20.84;10507832
20150608;20.8;20.98;20.73;20.8;5618819
20150609;20.85;21.14;20.74;20.99;6234283
20150610;21.13;21.45;21.05;21.29;8164613
20150611;21.31;21.4;21.15;21.16;6861070
20150612;21.13;21.28;21.09;21.17;5931447
20150615;20.99;21.29;20.94;21.14;7245488
20150616;21.05;21.3;21.03;21.23;3869271
20150617;21.27;21.34;20.94;20.96;7036020
20150618;21;21.14;20.78;21.13;11032596
20150619;21.1;21.24;21.01;21.04;6056396
20150622;21.28;21.67;21.05;21.63;11425780
20150623;21.81;21.9;21.58;21.69;8715807
20150624;21.65;21.7;21.49;21.52;5866735
20150625;21.62;21.68;21.38;21.41;6666867
20150626;21.41;21.53;21.24;21.27;7734775
20150629;20.86;21.16;20.69;20.75;7856657
20150630;20.99;21.16;20.66;20.82;9015455
20150701;21.04;21.16;20.94;21.14;7907647
20150702;21.03;21.08;20.71;20.93;9885975
20150706;20.7;21.02;20.57;21;9560927
20150707;20.94;20.96;20.34;20.71;8466947
20150708;20.57;20.66;20.4;20.46;7299025
20150709;20.73;20.86;20.57;20.66;5393253
20150710;20.9;21.02;20.73;20.9;3688067
20150713;21.11;21.16;20.97;21.09;3964698
20150714;20.95;21.23;20.87;21.14;4972510
20150715;21.2;21.38;21.13;21.26;4908134
20150716;21.45;21.5;21.29;21.36;5380184
20150717;21.25;21.26;20.97;21.13;4910874
20150720;21.18;21.31;21.12;21.28;5979098
20150721;21.4;21.93;21.4;21.52;10235702
20150722;21.54;21.75;21.33;21.59;10230146
20150723;21.54;21.7;21.24;21.3;6625268
20150724;21.32;21.32;21.07;21.14;4526783
20150727;20.99;21.08;20.79;20.85;5026281
20150728;20.92;20.98;20.71;20.9;4614865
20150729;20.86;21.14;20.84;21.11;4938308
20150730;21.05;21.21;20.98;21.15;4108098
20150731;21.15;21.21;21.01;21.07;4343010
20150803;21.07;21.18;20.91;21.08;3783031
20150804;21.05;21.43;20.91;21.16;6239138
20150805;21.25;21.54;21.18;21.35;5123733
20150806;21.39;21.46;21.15;21.23;4141283
20150807;21.18;21.4;20.98;21.14;4831194
20150810;21.33;21.74;21.28;21.71;4954300
20150811;21.46;21.58;21.06;21.17;5129932
20150812;20.97;20.98;20.46;20.68;6448984
20150813;20.73;20.87;20.62;20.84;3464426
20150814;20.85;21.18;20.76;21.11;6300777
20150817;21.02;21.27;20.85;21.13;3951242
20150818;21.12;21.28;21.03;21.16;4090845
20150819;21.06;21.2;20.87;20.99;7777014
20150820;20.84;20.85;20.43;20.46;8326847
20150821;20.19;20.34;19.79;19.81;12231581
20150824;18.71;19.31;18.32;18.69;13677159
20150825;19.23;19.44;18.21;18.23;11572454
20150826;18.82;19.24;18.64;19.19;15747788
20150827;19.41;20;19.38;19.94;14027655
20150828;19.87;20.02;19.78;19.97;6959525
20150831;19.8;20;19.78;19.92;5887239
20150901;19.42;19.55;18.99;19.09;11162727
20150902;19.43;19.49;19.06;19.34;4977072
20150903;19.38;19.74;19.26;19.5;5242424
20150904;19.26;19.36;19.08;19.22;5228450
20150908;19.68;19.82;19.25;19.81;4472501
20150909;20.1;20.16;19.63;19.67;6713488
20150910;19.56;19.96;19.28;19.78;5298176
20150911;19.61;19.78;19.58;19.77;4384078
20150914;19.74;20;19.69;19.84;4637400
20150915;19.87;20.09;19.81;20.04;6206269
20150916;20.1;20.15;19.83;20.11;5747381
20150917;20.14;20.17;19.31;19.4;10643818
20150918;19.16;19.3;18.78;18.91;13332260
20150921;18.94;19.25;18.94;19.18;5577029
20150922;18.79;19.01;18.7;18.85;7102191
20150923;18.8;19.02;18.68;18.8;6338961
20150924;18.54;18.93;18.54;18.84;5933084
20150925;19.07;19.32;18.93;19.26;8898698
20150928;19.05;19.15;18.58;18.6;9156488
20150929;18.6;18.77;18.47;18.65;7035307
20150930;18.77;18.99;18.69;18.91;6223544
20151001;18.85;19.04;18.73;18.97;5287728
20151002;18.33;18.69;18.15;18.68;10032004
20151005;18.9;19.16;18.7;19.13;7753043
20151006;19.08;19.24;18.88;18.95;6690394
20151007;19.12;19.33;18.91;19.04;9532096
20151008;19.01;19.2;18.9;19.15;13571274
20151009;19.12;19.26;18.81;18.97;7179284
20151012;18.93;19.04;18.83;18.99;3762719
20151013;18.92;19.02;18.78;18.82;5110668
20151014;18.78;18.98;18.45;18.54;5888985
20151015;18.38;19.04;18.38;19.04;8101094
20151016;19.13;19.18;18.85;19;6429120
20151019;18.94;19.23;18.9;19.02;9308399
20151020;18.96;19.11;18.49;18.83;11798902
20151021;18.86;18.99;18.24;18.28;15553595
20151022;18.39;18.88;18.39;18.71;12881023
20151023;18.9;19.11;18.78;19.11;6927747
20151026;18.64;19.14;18.64;18.95;7882058
20151027;18.85;18.95;18.67;18.75;4496057
20151028;18.78;19.67;18.78;19.66;11104932
20151029;19.64;19.77;19.42;19.47;5741519
20151030;19.48;19.52;18.93;19.05;9979251
20151102;19.16;19.56;19.06;19.55;7132433
20151103;19.5;19.7;19.42;19.53;8949064
20151104;19.55;19.69;19.45;19.48;6655015
20151105;19.56;19.91;19.53;19.82;7309639
20151106;20.31;20.62;20.25;20.49;9792049
20151109;20.62;20.65;20.11;20.41;8782891
20151110;20.38;20.64;20.2;20.63;9211842
20151111;20.74;20.76;20.34;20.41;6389460
20151112;20.23;20.31;20.02;20.06;7164326
20151113;19.99;20.11;19.61;19.69;6662370
20151116;19.57;19.78;19.47;19.78;7300384
20151117;19.85;20.14;19.75;19.84;6272532
20151118;19.97;20.38;19.8;20.36;8176647
20151119;20.3;20.5;20.25;20.42;5635171
20151120;20.52;20.56;20.24;20.26;6349123
20151123;20.27;20.62;20.23;20.44;6100295
20151124;20.34;20.53;20.18;20.51;7458799
20151125;20.5;20.62;20.38;20.53;4384354
20151127;20.58;20.65;20.41;20.64;2028682
20151130;20.72;20.8;20.58;20.67;5937878
20151201;20.8;21.11;20.69;21.02;10760866
20151202;21.08;21.14;20.73;20.75;8022919
20151203;20.91;21.04;20.41;20.48;9365959
20151204;20.52;21.1;20.41;21.06;8496903
20151207;20.96;21.06;20.64;20.79;9049409
20151208;20.52;20.69;19.96;20.03;12692274
20151209;19.98;20.24;19.66;19.76;10147308
20151210;19.77;20.27;19.68;20.07;9002369
20151211;19.71;19.89;19.5;19.71;9853339
20151214;19.8;19.98;19.43;19.85;10899253
20151215;20.12;20.65;19.93;20.52;8460346
20151216;20.73;20.95;20.29;20.83;12474434
20151217;20.9;20.96;20.27;20.29;10045469
20151218;20.16;20.2;19.67;19.74;23181388
20151221;19.87;19.97;19.59;19.86;6792105
20151222;20.05;20.1;19.66;20.06;5880454
20151223;20.21;20.48;20.07;20.46;5376698
20151224;20.44;20.62;20.38;20.52;1600548
20151228;20.4;20.48;20.12;20.45;4998551
20151229;20.49;20.62;20.4;20.48;5496550
20151230;20.41;20.48;20.23;20.25;5383701
20151231;20.1;20.4;20.06;20.1;5378986
20160104;19.48;19.68;19.34;19.55;11600458
20160105;19.56;19.73;19.39;19.61;8993969
20160106;19.21;19.41;19.11;19.32;8937539
20160107;18.93;19.07;18.68;18.71;11183231
20160108;18.77;18.95;18.35;18.39;9007275
20160111;18.46;18.62;18.02;18.17;10964652
20160112;18.41;18.41;17.94;18.27;8673506
20160113;18.42;18.45;17.33;17.33;18186202
20160114;17.49;17.82;17.09;17.65;15342108
20160115;17.04;17.24;16.75;17.12;10111817
20160119;17.41;17.44;16.72;16.88;9522086
20160120;16.51;16.72;15.95;16.53;18492411
20160121;16.76;17.25;15.72;15.73;21771317
20160122;16.09;16.18;15.66;15.94;20065362
20160125;15.78;15.88;14.9;15.01;24445604
20160126;15.14;15.4;15.05;15.23;17255185
20160127;15.15;15.87;15.12;15.42;11566837
20160128;15.68;15.96;15.44;15.57;10970074
20160129;15.64;15.81;15.48;15.8;11539609
20160201;15.77;15.81;15.54;15.75;9965857
20160202;15.47;15.6;15.19;15.33;8785132
20160203;15.55;15.57;14.9;15.36;10962707
20160204;15.31;15.76;15.31;15.53;8712420
20160205;15.56;15.73;15.26;15.33;10519746
20160208;15.05;15.33;14.52;14.8;10721922
20160209;14.54;15.01;14.45;14.83;8490441
20160210;14.98;15.12;14.66;14.66;9804045
20160211;14.22;14.41;13.84;13.94;13541322
20160212;14.26;14.89;14.21;14.87;10604515
20160216;14.92;15.78;14.92;15.58;13441793
20160217;15.75;15.92;15.32;15.41;10156616
20160218;15.48;15.66;15.02;15.15;7721555
20160219;15.05;15.32;14.91;15.28;6461461
20160222;15.47;15.7;15.4;15.67;6385941
20160223;15.6;15.64;15;15.1;8010902
20160224;14.85;15.1;14.56;15.05;7892468
20160225;15.15;15.32;15.04;15.3;7226933
20160226;15.47;15.91;15.3;15.68;7817084
20160229;15.6;15.65;15.2;15.26;8223165
20160301;15.39;16.2;15.39;16.16;9532711
20160302;16.19;16.5;16.1;16.49;8960869
20160303;16.44;16.86;16.4;16.86;6484036
20160304;17.07;17.25;16.92;17.13;7730683
20160307;17.07;17.12;16.89;17.04;6799920
20160308;16.9;16.97;16.59;16.63;7644283
20160309;16.74;16.84;16.52;16.6;4911668
20160310;16.78;16.94;16.5;16.86;7717366
20160311;16.94;17.42;16.94;17.4;6548910
20160314;17.3;17.5;17.11;17.29;6236182
20160315;17.08;17.23;17;17.19;6779116
20160316;17.17;17.32;16.72;16.84;10135481
20160317;16.78;17.01;16.54;16.98;8888084
20160318;17.11;17.44;17;17.36;13947471
20160321;17.34;17.57;17.25;17.37;6647242
20160322;17.2;17.52;17.14;17.38;7035857
20160323;17.3;17.37;17.17;17.21;4553829
20160324;17.03;17.15;16.78;17.1;6557205
20160328;17.16;17.22;16.92;17.09;5177649
20160329;16.81;16.81;16.48;16.7;8562717
20160330;16.87;17.09;16.77;16.87;4858915
20160331;16.85;16.93;16.58;16.69;6208188
20160401;16.39;16.82;16.29;16.8;7777177
20160404;16.82;17.01;16.63;16.75;6608265
20160405;16.5;16.68;16.36;16.44;6897492
20160406;16.25;16.65;16.23;16.49;8863645
20160407;16.28;16.36;16.02;16.13;12224120
20160408;16.39;16.62;16.26;16.3;6200236
20160411;16.43;16.75;16.36;16.43;6383534
20160412;16.49;16.73;16.44;16.65;6716704
20160413;16.82;17.45;16.81;17.41;7539158
20160414;17.42;17.95;17.35;17.73;10393594
20160415;17.75;17.82;17.59;17.67;7461217
20160418;17.5;17.92;17.42;17.7;7814853
20160419;17.75;18.13;17.72;18.11;9035290
20160420;18.17;18.43;17.99;18.39;9730440
20160421;18.79;19.06;18.4;18.53;12052616
20160422;18.61;18.72;18.47;18.62;9432548
20160425;18.6;18.64;18.27;18.53;5224399
20160426;18.58;18.77;18.46;18.75;8505772
20160427;18.67;18.88;18.45;18.73;7830709
20160428;18.56;18.73;18.37;18.49;6425852
20160429;18.42;18.48;18.16;18.31;8684895
20160502;18.35;18.48;18.11;18.45;5782369
20160503;18.2;18.32;17.78;18.03;5613190
20160504;17.91;17.95;17.4;17.54;6414715
20160505;17.57;17.66;17.36;17.49;6635968
20160506;17.27;17.48;17.22;17.48;5616125
20160509;17.49;17.59;17.25;17.33;4718319
20160510;17.45;17.81;17.33;17.73;4976198
20160511;17.63;17.95;17.59;17.65;5339588
20160512;17.78;17.93;17.43;17.55;5061222
20160513;17.51;17.73;17.07;17.15;6219898
20160516;17.24;17.64;17.04;17.6;9565683
20160517;17.56;17.82;17.35;17.48;6629757
20160518;17.49;18.32;17.47;18.28;13521577
20160519;18.1;18.36;17.85;18.14;8796085
20160520;18.21;18.45;18.14;18.28;6981071
20160523;18.23;18.38;18.01;18.13;6206553
20160524;18.25;18.57;18.2;18.37;6833809
20160525;18.42;18.88;18.42;18.82;6568956
20160526;18.83;18.89;18.5;18.6;4193116
20160527;18.73;18.86;18.6;18.85;4794495
20160531;18.93;19;18.75;18.87;8716100
20160601;18.62;19.02;18.47;19.02;8709149
20160602;18.92;19.32;18.83;19.3;8943287
20160603;18.86;18.88;18.34;18.82;8141849
20160606;18.89;19.34;18.72;19.2;7680858
20160607;19.04;19.23;18.99;19;6678221
20160608;19.02;19.14;18.94;18.98;4455204
20160609;18.82;18.83;18.55;18.73;5591047
20160610;18.45;18.55;18.33;18.53;5827146
20160613;18.35;18.66;18.29;18.32;6129092
20160614;18.2;18.4;17.77;17.83;6019679
20160615;17.86;18.41;17.82;18.03;8552414
20160616;17.87;17.9;17.58;17.86;6961664
20160617;17.89;18.24;17.76;18.21;12170840
20160620;18.58;18.88;18.36;18.4;10209102
20160621;18.45;18.54;18.2;18.41;10842748
20160622;18.4;18.77;18.4;18.44;5717480
20160623;18.72;19.12;18.72;19.11;5494988
20160624;17.9;18.17;17.5;17.5;11595183
20160627;17.2;17.22;16.14;16.26;10151616
20160628;16.47;16.68;16.25;16.64;12729447
20160629;16.76;17.13;16.58;17.12;13175301
20160630;17.28;17.59;17.15;17.59;15029944
20160701;17.44;17.61;17.3;17.43;6242963
20160705;17.02;17.12;16.6;16.7;6584758
20160706;16.4;16.9;16.26;16.77;7186374
20160707;17.01;17.14;16.71;16.95;4655094
20160708;17.27;17.45;17.2;17.25;7059841
20160711;17.41;17.57;17.31;17.42;3693237
20160712;17.69;17.9;17.61;17.89;6148457
20160713;17.91;17.98;17.69;17.94;6763922
20160714;18.34;18.51;18.24;18.44;6064348
20160715;18.59;18.61;18.38;18.54;7696580
20160718;18.45;18.55;18.36;18.43;3738297
20160719;18.38;18.56;18.26;18.41;4172335
20160720;18.46;18.48;18.27;18.39;3984891
20160721;18.34;18.5;18.21;18.26;6772197
20160722;18.32;18.45;18.16;18.43;3717378
20160725;18.38;18.51;18.35;18.42;3740546
20160726;18.37;18.67;18.25;18.66;5571417
20160727;18.64;18.85;18.54;18.65;7773216
20160728;18.65;19.01;18.48;18.92;9015966
20160729;18.93;19.1;18.77;18.98;5967317
20160801;19.05;19.06;18.72;18.78;6510826
20160802;18.69;18.83;18.46;18.58;5365464
20160803;18.61;19.01;18.61;18.96;6622879
20160804;19;19.11;18.81;18.87;5511893
20160805;19.1;19.57;18.93;19.57;8247415
20160808;19.62;19.72;19.38;19.4;6385385
20160809;19.37;19.53;19.35;19.4;3145821
20160810;19.4;19.48;19.07;19.09;4050196
20160811;19.13;19.27;19.06;19.24;4856504
20160812;19.12;19.21;18.94;19.11;3081718
20160815;19.18;19.47;18.95;19.45;3116386
20160816;19.32;19.54;19.32;19.41;3959351
20160817;19.39;19.55;19.33;19.52;5852040
20160818;19.5;19.62;19.47;19.58;5185842
20160819;19.59;19.64;19.45;19.59;4108914
20160822;19.57;19.65;19.48;19.62;3499187
20160823;19.67;19.72;19.52;19.52;4762365
20160824;19.55;19.65;19.41;19.45;4853179
20160825;19.42;19.64;19.34;19.59;5076355
20160826;19.67;19.87;19.55;19.69;4751036
20160829;19.74;19.93;19.7;19.81;4416841
20160830;19.86;20.18;19.77;20.16;6274041
20160831;20.18;20.22;19.9;20.16;5652675
20160901;20.22;20.27;19.78;20.04;4985822
20160902;20.11;20.14;19.9;20.1;4294094
20160906;20.13;20.2;19.7;19.87;5004906
20160907;19.79;20.06;19.7;20.02;4312462
20160908;20.08;20.19;19.95;20.14;3965698
20160909;20.1;20.25;19.93;19.93;5934910
20160912;19.86;20.26;19.65;20.21;5739771
20160913;20.29;20.3;19.76;20.22;13236106
20160914;20.3;20.78;20.1;20.37;13660374
20160915;20.27;20.67;20.25;20.54;7227506
20160916;20.38;20.56;20.3;20.46;11059730
20160919;20.59;20.72;20.5;20.63;6840226
20160920;20.71;20.79;20.57;20.64;7533405
20160921;20.71;20.85;20.54;20.74;7404512
20160922;20.88;21.04;20.75;20.8;8259580
20160923;20.66;21.11;20.66;20.92;5734081
20160926;20.78;20.8;20.43;20.46;7876182
20160927;20.36;20.74;20.29;20.72;7075932
20160928;20.66;20.71;20.32;20.54;8417062
20160929;20.42;20.79;20.13;20.24;8316443
20160930;20.35;20.66;20.3;20.46;6055801
20161003;20.34;20.61;20.27;20.35;6026189
20161004;20.25;20.71;20.25;20.47;9247985
20161005;20.44;20.89;20.44;20.74;7166042
20161006;20.8;20.94;20.55;20.74;5597445
20161007;20.65;20.82;20.48;20.69;6015005
20161010;20.76;20.87;20.64;20.68;6503817
20161011;20.25;20.76;20.24;20.39;7407111
20161012;20.44;20.58;20.34;20.37;6378439
20161013;20.17;20.23;19.64;19.74;12800135
20161014;19.97;20.16;19.68;19.8;17027636
20161017;19.81;19.84;19.57;19.58;8249134
20161018;19.96;19.97;19.58;19.87;9141310
20161019;19.91;20.69;19.87;20.52;17204890
20161020;20.31;21.13;20.3;21.02;17496775
20161021;20.87;21.25;20.83;21.21;6436276
20161024;21.4;21.46;21.25;21.31;5864933
20161025;21.26;21.45;21.19;21.28;7439580
20161026;21.23;21.69;21.11;21.67;6615698
20161027;21.82;22.07;21.71;21.82;8360222
20161028;21.9;21.92;21.49;21.61;5832413
20161031;21.74;21.96;21.66;21.76;6959521
20161101;21.9;22.08;21.44;21.85;6928286
20161102;21.78;21.78;21.49;21.62;5955588
20161103;21.66;21.76;21.34;21.42;5409625
20161104;21.41;21.55;21.19;21.21;8043792
20161107;21.7;21.97;21.68;21.9;6174300
20161108;21.81;21.84;21.51;21.65;7178314
20161109;22.22;23.13;22.09;22.95;14189621
20161110;23.25;23.93;23.09;23.74;13716036
20161111;23.7;24.51;23.56;24.47;10993569
20161114;24.81;25.61;24.77;25.27;12131957
20161115;25.12;25.68;24.66;25.67;9359063
20161116;25.19;25.37;24.77;24.9;10863308
20161117;25;25.45;24.81;25.43;6275744
20161118;25.43;25.75;25.28;25.68;5613626
20161121;25.75;25.89;25.61;25.85;6480572
20161122;26;26.19;25.75;26.14;9325351
20161123;26.28;26.63;26.08;26.29;10900605
20161125;26.38;26.41;26.08;26.14;3297388
20161128;26.01;26.18;25.27;25.38;9961981
20161129;25.5;25.73;25.31;25.39;6859196
20161130;25.89;26.21;25.66;26.02;11881443
20161201;26.23;26.7;26.07;26.44;7542319
20161202;26.4;26.43;25.82;25.89;8486962
20161205;26.23;26.31;25.96;26.09;5712399
20161206;26.29;26.34;25.86;26.32;6346449
20161207;26.37;26.58;26.09;26.55;8108337
20161208;26.75;27.12;26.41;26.98;8131370
20161209;26.97;27;26.62;26.89;6558592
20161212;26.9;26.99;26.47;26.54;7185315
20161213;26.72;26.88;26.34;26.76;6125445
20161214;26.52;27.31;26.35;26.91;9315254
20161215;27.04;27.32;26.82;27.2;7213253
20161216;27.1;27.42;26.74;26.8;10180077
20161219;26.72;27.26;26.65;27.23;7136217
20161220;27.38;27.88;27.26;27.79;5873079
20161221;27.83;27.84;27.6;27.69;3270783
20161222;27.73;27.78;27.45;27.62;3482554
20161223;27.65;27.69;27.45;27.68;2275533
20161227;27.69;27.82;27.63;27.76;2416194
20161228;27.63;27.7;27.23;27.26;2906561
20161229;27.3;27.34;26.6;26.73;5521661
20161230;26.83;27.08;26.63;26.97;4901569
20170103;27.33;27.56;26.82;27.05;6369018
20170104;27.1;27.6;27.05;27.42;4651827
20170105;27.28;27.35;26.55;26.64;8035185
20170106;26.84;27.07;26.61;26.87;6093898
20170109;26.73;26.94;26.52;26.76;3818071
20170110;26.85;27.32;26.73;27.07;5239502
20170111;26.83;27.1;26.68;27.09;5900157
20170112;26.98;27.06;26.54;26.91;4526279
20170113;27.01;27.69;27;27.29;5095736
20170117;27.02;27.1;25.69;26.03;14325146
20170118;26.15;26.34;25.86;26.33;9338897
20170119;26.41;26.6;25.97;25.99;5618710
20170120;26.17;26.44;26.07;26.29;5433660
20170123;26.29;26.57;26.15;26.5;7614468
20170124;26.73;26.76;25.66;26.6;12164961
20170125;26.8;26.99;26.62;26.91;9686555
20170126;27.02;27.25;26.88;27.11;5173801
20170127;27.2;27.23;26.67;26.76;5038264
20170130;26.58;26.6;25.96;26.33;6398303
20170131;26.01;26.4;26.01;26.1;8928823
20170201;26.37;26.6;26.1;26.24;6181538
20170202;25.97;26.09;25.76;25.94;6590906
20170203;26.46;26.67;26.15;26.52;6312082
20170206;26.43;26.86;26.36;26.76;6250956
20170207;26.84;26.88;26.3;26.49;4923643
20170208;26.23;26.32;25.68;25.89;7384282
20170209;26;26.33;25.86;26.15;7587291
20170210;26.38;26.66;26.21;26.51;4849787
20170213;26.68;26.94;26.62;26.74;4321748
20170214;26.7;27.58;26.64;27.55;6563790
20170215;27.78;27.78;27.29;27.56;6620680
20170216;27.54;27.67;27.42;27.6;6024698
20170217;27.38;27.55;27.23;27.54;3990251
20170221;27.66;27.82;27.42;27.57;4878192
20170222;27.42;27.59;27.27;27.5;5974243
20170223;27.6;27.6;27.14;27.47;4619311
20170224;27.21;27.34;27.02;27.32;5504089
20170227;27.38;27.74;27.24;27.57;4637841
20170228;27.5;27.62;27.31;27.44;6387803
20170301;27.87;28.97;27.83;28.75;7880303
20170302;28.78;28.84;27.73;27.74;6533487
20170303;27.61;27.99;27.53;27.84;5062543
20170306;27.54;27.69;27.15;27.54;5069107
20170307;27.51;27.64;27.26;27.37;4488878
20170308;27.79;27.85;27.32;27.37;5920528
20170309;27.46;27.78;27.39;27.49;3881620
20170310;27.67;27.77;26.64;27.16;8208622
20170313;27.13;27.23;26.9;26.96;4222102
20170314;26.74;26.97;26.33;26.75;4538277
20170315;27.08;27.08;26.29;26.45;4710558
20170316;26.58;26.8;26.43;26.65;5421830
20170317;26.66;26.77;26.22;26.35;11694319
20170320;26.33;26.56;26.13;26.19;6475443
20170321;26.37;26.37;24.78;24.91;9966815
20170322;24.86;25.14;24.3;24.84;7864793
20170323;24.76;25.39;24.66;25.06;7080049
20170324;25.09;25.19;24.67;24.89;5978004
20170327;24.28;24.78;24.02;24.73;5981366
20170328;24.51;25.47;24.51;25.24;5956017
20170329;25.14;25.28;24.84;25.04;6560997
20170330;25.02;25.88;24.95;25.73;5986054
20170331;25.58;25.7;25.39;25.4;3606714
20170403;25.54;25.57;24.99;25.29;5680149
20170404;25.14;25.46;25.09;25.35;4240081
20170405;25.62;25.76;24.89;24.9;4574172
20170406;24.93;25.36;24.69;25.18;4004443
20170407;24.98;25.24;24.84;25.01;5332115
20170410;25.1;25.18;24.63;24.8;5018441
20170411;24.66;24.78;24.24;24.69;7388364
20170412;24.64;24.69;24.18;24.33;6222977
20170413;24.24;24.51;23.91;23.93;6770296
20170417;23.95;24.5;23.78;24.4;5744861
20170418;24.21;24.4;23.83;24.01;6213594
20170419;24.25;24.49;24.07;24.21;5729030
20170420;24.31;25.07;24.31;24.95;7889080
20170421;24.86;25.18;24.51;24.62;6046220
20170424;25.35;25.58;25.15;25.33;7715882
20170425;25.4;25.59;24.87;25.01;8871412
20170426;25.05;25.28;24.91;24.97;8644032
20170427;25.04;25.05;24.41;24.65;7590905
20170428;24.62;24.85;24.42;24.43;4879891
20170501;24.58;24.97;24.38;24.79;7179863
20170502;24.81;24.87;24.33;24.46;5123698
20170503;24.35;24.79;24.27;24.72;6300972
20170504;24.94;25.16;24.7;24.91;6371017
20170505;25;25.04;24.71;24.8;3307680
20170508;24.77;25.04;24.75;24.94;3051645
20170509;25.01;25.16;24.71;24.84;4849326
20170510;24.76;24.92;24.59;24.63;6336143
20170511;24.5;24.67;24.19;24.44;4592722
20170512;24.19;24.3;23.8;24.16;6138977
20170515;24.19;24.65;24.09;24.64;5595766
20170516;24.64;24.95;24.62;24.9;5831916
20170517;24.22;24.51;23.57;23.78;9406698
20170518;23.75;24.06;23.54;23.82;7426726
20170519;23.86;24.41;23.77;24.18;6230454
20170522;24.28;24.57;24.14;24.39;5354733
20170523;24.49;24.82;24.23;24.74;5388679
20170524;24.73;24.76;24.31;24.48;6538644
20170525;24.54;24.86;24.39;24.47;4992022
20170526;24.45;24.53;24.24;24.26;4653571
20170530;24.16;24.2;23.74;24.05;4845362
20170531;24.07;24.1;23.57;23.74;9368606
20170601;23.29;24.09;23.2;24.03;6326047
20170602;23.82;23.92;23.6;23.64;8140905
20170605;23.82;24.07;23.69;23.7;7081806
20170606;23.45;23.76;23.23;23.62;6931406
20170607;23.77;24;23.64;23.88;6188679
20170608;23.82;24.73;23.78;24.33;6373665
20170609;24.45;25.14;24.45;25.06;8017138
20170612;25.06;25.56;24.9;25.19;6977200
20170613;25.37;25.57;25.17;25.33;5491506
20170614;24.88;25.65;24.85;25.58;8390472
20170615;25.34;25.67;25.24;25.48;4345823
20170616;25.1;25.58;25.08;25.47;6288973
20170619;25.62;25.91;25.5;25.59;3915793
20170620;25.58;25.69;25.24;25.56;5912232
20170621;25.61;25.67;25.31;25.39;6682785
20170622;25.35;25.37;24.88;25.14;6103030
20170623;25.32;25.36;24.58;24.66;7618409
20170626;24.68;25.06;24.59;24.82;3422789
20170627;25;25.34;24.83;25.09;5336598
20170628;25.23;25.57;25.19;25.49;5735353
20170629;26.2;26.69;25.92;26.07;10133629
20170630;26.24;26.35;25.77;25.96;5774587
20170703;26.19;26.72;26.14;26.47;2930742
20170705;26.52;26.76;26.32;26.58;4982090
20170706;26.55;26.87;26.44;26.46;5320934
20170707;26.55;26.62;26.31;26.48;4073564
20170710;26.38;26.58;26.21;26.34;4950931
20170711;26.35;26.49;26.01;26.19;6362991
20170712;25.98;26.24;25.91;26.11;4854161
20170713;26.18;26.29;26.06;26.29;4267335
20170714;25.93;26.16;25.64;26.08;5390835
20170717;26;26.29;25.87;26.16;4487220
20170718;25.8;25.97;25.58;25.82;5344245
20170719;25.9;26;25.59;25.8;6272392
20170720;25.84;25.95;25.42;25.49;8663983
20170721;25.61;26.39;25.51;26.18;9418838
20170724;26.23;26.47;26.12;26.43;5727420
20170725;26.86;27.08;26.5;26.59;10518931
20170726;26.48;26.71;26.07;26.18;7257652
20170727;26.23;26.38;25.99;26.14;5499000
20170728;26.14;26.43;25.98;26.38;5554511
20170731;26.47;26.79;26.4;26.7;4800412
20170801;26.82;26.94;26.6;26.92;5271275
20170802;26.88;27.01;26.78;26.96;4413662
20170803;26.87;26.98;26.75;26.9;5930269
20170804;27.17;27.6;27.03;27.18;5558316
20170807;27.17;27.21;26.92;27.03;3585282
20170808;27;27.86;26.92;27.45;6752072
20170809;27.16;27.3;26.97;27.14;5881332
20170810;26.86;26.95;26.33;26.38;5283268
20170811;26.54;26.67;25.98;26.11;4345297
20170814;26.39;26.75;26.37;26.68;3428202
20170815;26.77;27.35;26.77;27.02;5650884
20170816;27.13;27.23;26.7;26.83;7593516
20170817;26.8;26.91;26.21;26.26;8052245
20170818;26.15;26.54;26.12;26.33;8551131
20170821;26.33;26.39;26.13;26.21;4230043
20170822;26.29;26.62;26.29;26.62;5188296
20170823;26.37;26.8;26.27;26.6;3592687
20170824;26.71;26.91;26.66;26.85;3691132
20170825;26.92;27;26.66;26.67;4254002
20170828;26.73;26.83;26.47;26.59;4845857
20170829;26.33;26.43;26.1;26.26;4285010
20170830;26.28;26.49;26.25;26.3;3905272
20170831;26.38;26.49;26.09;26.13;4751157
20170901;26.18;26.61;26.12;26.41;3405057
20170905;26.3;26.39;25.74;25.79;5569853
20170906;25.97;26.05;25.63;25.77;4518361
20170907;25.75;25.8;24.66;24.97;7888869
20170908;25.07;25.33;24.86;25.1;5534302
20170911;25.38;25.84;25.36;25.7;4777139
20170912;25.8;26.3;25.75;26.18;3293342
20170913;26.02;26.42;26;26.33;4493242
20170914;26.35;26.49;26.08;26.31;4172122
20170915;26.18;26.52;25.98;26.52;7980434
20170918;26.61;26.99;26.55;26.87;5890213
20170919;26.89;27.27;26.83;27.18;4862454
20170920;27.12;27.53;26.94;27.41;4363149
20170921;27.37;27.68;27.37;27.54;3928159
20170922;27.4;27.55;27.2;27.31;4658375
20170925;27.29;27.47;26.98;27.14;8878598
20170926;27.21;27.48;27.13;27.39;3839341
20170927;27.83;27.94;27.52;27.68;6295145
20170928;27.62;27.68;27.32;27.59;5493883
20170929;27.58;28.06;27.49;27.98;4977930
20171002;27.76;27.98;27.6;27.87;4009793
20171003;27.94;28.04;27.72;27.91;3477881
20171004;27.94;28.02;27.79;27.81;3461276
20171005;27.8;28.3;27.65;28.22;3279922
20171006;28.26;28.45;27.99;28.19;3483241
20171009;28.29;28.29;28.02;28.13;2248656
20171010;28.18;28.43;28.07;28.42;2423574
20171011;28.43;28.43;28.12;28.26;2833989
20171012;28.41;28.41;28.01;28.15;6048885
20171013;28.05;28.28;27.72;28.06;7080182
20171016;28.01;28.37;28.01;28.37;4003125
20171017;28.38;28.4;27.94;27.97;4497429
20171018;28.16;28.18;27.91;28.07;3693636
20171019;27.85;28.34;27.77;28.28;3545394
20171020;28.61;28.66;28.43;28.6;3917086
20171023;28.59;28.65;28.37;28.43;4892537
20171024;27.99;28.71;27.99;28.6;7767904
20171025;28.88;29.22;28.41;28.58;6990167
20171026;28.64;29.01;28.5;28.85;5313936
20171027;28.85;29.09;28.76;29.07;4293277
20171030;28.88;29.21;28.81;29.01;4996573
20171031;28.95;29.18;28.84;28.9;4594807
20171101;29.07;29.23;28.89;28.96;3649760
20171102;28.93;29.39;28.76;29.26;4086956
20171103;29.16;29.26;29.05;29.12;3605249
20171106;29.09;29.33;28.99;29.24;2985631
20171107;29.23;29.37;28.42;28.45;4904942
20171108;28.16;28.5;28.15;28.3;6401572
20171109;28.09;28.42;27.79;28.01;6229928
20171110;28.08;28.56;27.65;27.67;6799447
20171113;27.52;28.28;27.38;28.19;8057981
20171114;28.07;28.62;28.03;28.61;5786926
20171115;28.44;28.61;28.2;28.46;5481894
20171116;28.67;28.88;28.35;28.47;3942409
20171117;28.18;28.54;28.13;28.45;3783161
20171120;28.53;28.68;28.4;28.57;4814315
20171121;28.71;28.71;28.42;28.48;3424059
20171122;28.49;28.68;28.38;28.42;2672856
20171124;28.53;28.55;28.16;28.2;2281089
20171127;28.25;28.4;28.15;28.4;5402715
20171128;28.5;29.27;28.4;29.24;6140830
20171129;29.51;30.55;29.5;30.46;6388356
20171130;30.67;31.12;30.44;30.51;7991378
20171201;30.6;30.97;29.75;30.69;7486681
20171204;31.21;31.83;31.17;31.36;7291799
20171205;31.41;31.64;30.72;30.78;6429195
20171206;30.75;31.05;30.45;30.58;8257928
20171207;30.39;30.73;30.03;30.4;10673949
20171208;30.67;30.73;29.9;30.37;10860189
20171211;30.32;30.68;30.16;30.3;6977989
20171212;30.26;30.71;30.15;30.45;7110477
20171213;30.4;30.65;29.9;29.94;6761857
20171214;30.07;30.1;29.59;29.67;9139292
20171215;29.85;30.33;29.59;30.03;17129755
20171218;30.34;30.82;30.16;30.47;10054915
20171219;30.68;30.89;30.5;30.62;6286119
20171220;30.93;31.07;30.46;30.51;5044997
20171221;30.75;31.03;30.65;30.93;5550269
20171222;31.12;31.12;30.62;30.84;2626878
20171226;30.78;31.03;30.52;30.68;1978306
20171227;30.76;30.81;30.55;30.66;2369114
20171228;30.6;30.7;30.41;30.64;3330586
20171229;30.68;30.78;30.34;30.34;3351699
20180102;31.19;31.19;30.18;30.43;8378789
20180103;30.4;30.64;30.29;30.52;5975942
20180104;30.73;31.01;30.56;30.63;7453308
20180105;30.72;30.81;30.43;30.71;6212813
20180108;30.67;30.81;30.45;30.7;5896187
20180109;30.82;31.53;30.76;31.25;4363964
20180110;31.32;31.93;31.28;31.58;3413516
20180111;31.68;31.9;31.54;31.86;4566188
20180112;32;32.36;31.87;32.35;4346404
20180116;32.4;32.69;32.09;32.28;6128903
20180117;32.45;32.56;31.95;32.49;4410808
20180118;32.53;32.65;32.07;32.17;4325279
20180119;32.12;32.55;32.07;32.5;5417348
20180122;32.5;32.88;32.33;32.77;7971228
20180123;32.65;33.17;32.06;32.92;7393588
20180124;33.17;33.4;32.91;33.33;5089713
20180125;33.51;33.51;32.82;32.84;4496228
20180126;32.94;33.4;32.84;33.35;3574471
20180129;33.31;33.59;33.12;33.17;3012163
20180130;32.97;33.38;32.88;33.02;4518280
20180131;33.08;33.47;32.99;33.1;4431434
20180201;33.15;33.67;32.98;33.66;4325502
20180202;33.5;33.91;32.99;33.13;4954114
20180205;32.68;33.3;31.52;31.7;7591402
20180206;30.78;32.14;30.53;32.02;8297651
20180207;31.94;32.79;31.83;32.34;5545899
20180208;32.3;32.35;31.1;31.1;7178228
20180209;31.66;32.15;30.89;31.98;8425363
20180212;32.18;32.67;31.89;32.25;5447267
20180213;32.09;32.49;31.92;32.39;3291870
20180214;32.37;33.38;32.22;33.25;4637040
20180215;33.45;33.53;33.1;33.2;3709580
20180216;33.11;33.43;32.93;33.13;6874177
20180220;33.03;33.44;33.03;33.21;3852039
20180221;33.33;33.93;33.16;33.44;4510568
20180222;33.63;33.71;32.75;32.87;6022328
20180223;32.98;33.47;32.98;33.45;3004261
20180226;33.71;33.77;33.31;33.76;3586382
20180227;33.74;34.09;33.25;33.26;7025825
20180228;33.42;33.75;33.04;33.05;6726406
20180301;33.02;33.38;32.6;32.79;5035307
20180302;32.53;33.01;32.11;32.91;4091256
20180305;32.6;33.52;32.38;33.36;5013122
20180306;33.56;33.75;33.04;33.66;3123720
20180307;33.18;33.78;33.18;33.68;3662009
20180308;33.73;33.84;33.12;33.67;3876568
20180309;33.85;34.22;33.7;34.21;3854085
20180312;34.2;34.41;33.97;34.26;4675955
20180313;34.51;34.57;33.93;34.06;5183901
20180314;33.95;34.14;33.51;33.62;4297159
20180315;33.72;33.79;33.36;33.57;3431449
20180316;33.72;34.06;33.59;33.72;9072569
20180319;33.71;33.81;33.3;33.62;4021546
20180320;33.81;33.91;33.48;33.53;4694564
20180321;33.49;33.98;33.28;33.62;4187638
20180322;33.21;33.33;32.27;32.3;6879608
20180323;32.44;32.54;31;31.03;6910154
20180326;31.59;32.19;31.26;32.12;4924573
20180327;32.33;32.43;31.07;31.34;4655972
20180328;31.27;31.7;30.89;31.56;6960618
20180329;31.77;31.87;31.37;31.75;5226853
20180402;31.67;31.75;30.45;30.95;6416854
20180403;31.08;31.69;31;31.56;3833651
20180404;31.01;32.37;30.91;32.28;5066501
20180405;32.48;32.62;32.17;32.33;4303300
20180406;31.98;32.08;30.78;31.24;5365100
20180409;31.42;32.17;31.38;31.4;4276558
20180410;31.85;31.96;31.53;31.78;3985512
20180411;31.53;31.74;31.35;31.47;3420334
20180412;31.72;32.46;31.65;32.26;4139047
20180413;32.5;32.54;31.3;31.41;4879822
20180416;31.65;31.71;31.21;31.49;4422829
20180417;31.7;31.7;30.69;30.94;5807139
20180418;31;31.29;30.73;30.78;4550534
20180419;30.76;31.42;30.76;31.36;7234283
20180420;31.43;31.72;31.24;31.42;4995781
20180423;31.48;31.94;31.25;31.93;7073142
20180424;33;33.89;32.7;33.25;11385289
20180425;33.2;33.9;33;33.54;8342693
20180426;33.45;34.07;33.34;33.62;5806026
20180427;33.63;34;33.54;33.83;6273994
20180430;33.98;34.17;33.17;33.17;5116005
20180501;33.18;33.5;32.84;33.36;5756211
20180502;33.22;33.31;32.69;32.75;7599820
20180503;32.66;32.68;31.8;32.28;6024864
20180504;32.12;32.71;31.87;32.63;5375502
20180507;32.7;33.02;32.38;32.82;4574671
20180508;32.9;33.46;32.73;33.1;4764969
20180509;33.16;33.92;33.16;33.67;3363782
20180510;33.64;34.16;33.4;33.94;3997090
20180511;33.94;34.19;33.84;33.98;3717623
20180514;34.04;34.2;33.95;34.03;3754971
20180515;34;34.67;33.9;34.31;5855184
20180516;34.16;34.47;34.11;34.35;5271493
20180517;34.36;34.53;34.01;34.31;4980768
20180518;34.25;34.27;33.55;33.56;5765370
20180521;31.54;31.64;30.75;30.9;26880771
20180522;31.12;32.16;31.03;31.89;16582826
20180523;31.66;31.86;31.07;31.2;13001219
20180524;31.11;31.81;30.91;31.76;12812371
20180525;31.63;31.73;31.3;31.36;7708311
