20100104;170.05;174.25;169.51;173.08;9138979
20100105;173;176.26;172.57;176.14;11667885
20100106;175.38;175.38;173.76;174.26;7382071
20100107;174.32;178.75;173.95;177.67;8727377
20100108;176.33;177.43;173.95;174.31;7270763
20100111;175.06;175.06;170.52;171.56;7714455
20100112;170.01;170.48;167.03;167.82;10362621
20100113;168.01;169.67;166.12;169.07;11271202
20100114;168;170.72;167.21;168.53;10526732
20100115;167.6;167.8;164.58;165.21;10900610
20100119;165.01;167.4;163.9;166.86;7705236
20100120;165.8;168.18;164.32;167.79;8893890
20100121;169.29;171;156.77;160.87;51738223
20100122;158.69;159.75;152.25;154.12;30175582
20100125;156.13;158.3;154.5;154.98;17876989
20100126;154.91;156.5;150.7;150.88;15989492
20100127;150.75;152.93;148.27;151.5;19901885
20100128;154.23;155.2;149.95;153.29;16163117
20100129;154.44;154.88;147.81;148.72;18507263
20100201;149.82;155.25;149.21;153.13;12980767
20100202;153.65;157.5;153.65;156.94;17301460
20100203;157.92;159.94;157.11;157.23;16789855
20100204;155.27;156.06;150.45;150.68;18894955
20100205;150.82;154.46;148.87;154.16;18759121
20100208;154.27;154.6;150.82;151.1;10260553
20100209;152.7;153.53;149.65;152.49;14021791
20100210;152.77;155.35;151.76;153.63;10558206
20100211;154.4;155.32;152.25;154.05;11166069
20100212;152.37;154.5;151.14;153.93;10294003
20100216;155.3;157.74;154.6;157.4;11501092
20100217;158;158.19;155.81;157.26;10071776
20100218;155.61;156.59;154.88;155.73;10998711
20100219;154.51;157;154.49;156.18;8693387
20100222;157.2;157.97;156.03;156.71;7376850
20100223;156.81;160.21;155.91;156.7;15698122
20100224;157.34;159.25;156.87;158.33;8367274
20100225;156.23;156.44;154.32;156.44;10522247
20100226;156.26;156.99;155.26;156.35;7813025
20100301;156.51;158.29;156.17;156.54;6526759
20100302;157.18;159.75;156.91;158.75;11995851
20100303;159.04;159.45;157.23;157.72;10007994
20100304;158.25;163.85;158.11;163.61;15442493
20100305;165.11;168.25;165;167.18;12229015
20100308;167.88;170.69;167.46;169.84;9350334
20100309;169.22;172.2;168;168.85;12964485
20100310;170.26;172.34;168.87;171.94;13109056
20100311;171.4;173.57;171.1;173.51;9075235
20100312;175.01;176.34;174;174.96;10219733
20100315;173.95;175.2;170.38;173.53;13962000
20100316;174.33;176.42;173.56;176.19;11691266
20100317;176.86;177.88;175.57;176.64;10142893
20100318;176.2;177.75;175.66;177.45;6890076
20100319;178.19;178.21;175.95;177.9;10896531
20100322;176.21;176.95;175.23;176.16;7320365
20100323;176.25;176.81;173.29;174.83;10810763
20100324;173.64;175.96;173.64;174.41;8403097
20100325;175.24;178.73;174.78;174.9;9535070
20100326;175.38;175.48;171.91;172.87;11815436
20100329;173.87;174.43;171.64;174.05;11787153
20100330;174.26;174.78;170.7;171.38;8186068
20100331;170;171.66;169.85;170.63;8245706
20100401;171.72;172;169.5;170.22;6482031
20100405;170.68;173.37;169.77;173.16;6137584
20100406;172.61;173.89;172.15;172.9;7745506
20100407;172.89;177.9;172.81;176.36;13888151
20100408;176.1;180.8;175.28;179.5;10668741
20100409;180.28;181;177.5;179.12;8465296
20100412;179.36;180.38;177.84;177.84;6042226
20100413;177.56;180;177.11;179.25;6467785
20100414;183.91;185.94;183.07;184.92;12559543
20100415;185.54;185.6;183.66;184.27;7841950
20100416;183.62;186.41;155.55;160.7;102044993
20100419;155.6;163.73;155;163.32;54299112
20100420;166.44;166.71;158;159.98;42196524
20100421;161.67;163.14;157;158.93;30385643
20100422;157.93;162;156.29;159.05;24832945
20100423;160.19;160.72;157;157.4;14915918
20100426;156.72;156.99;151.52;152.03;30940641
20100427;150.25;156.19;150.15;153.04;34516793
20100428;156.66;157.65;154.69;157.01;21226053
20100429;159.55;161.05;158.34;160.24;18464219
20100430;151.9;152.5;143.3;145.2;73187804
20100503;147.84;150.65;146.53;149.5;28282690
20100504;149.03;152.35;147.83;149.45;30313386
20100505;148.1;151.22;147.2;148.19;18355115
20100506;147.48;148.63;139.06;142.32;22985664
20100507;145.38;146.55;141.5;142.99;21268446
20100510;149.09;149.9;141.2;143.83;23106856
20100511;142.4;145.5;141.55;141.97;15497855
20100512;144.24;147.65;142.28;147.2;15456965
20100513;148.36;148.45;144.42;144.65;11525733
20100514;143.41;144.15;141.9;143.23;10982599
20100517;143.47;144.3;138.53;142.64;16337950
20100518;143.69;143.75;136.6;137.36;18025541
20100519;137.95;140.13;136.1;140.1;18087140
20100520;138.2;139.49;135.75;136.1;16279274
20100521;137.08;143.45;136.25;140.62;25553374
20100524;142;142.95;136.51;136.69;16580328
20100525;134.73;143.19;134.2;142.56;21490803
20100526;144.29;145.8;139.69;140.3;17080490
20100527;142.93;145.05;141.04;144.95;12910136
20100528;144.42;145.8;143.1;144.26;10691396
20100601;144.26;146.4;141.7;141.86;9462318
20100602;142;145;141.14;144.83;7673686
20100603;144.91;145.25;142.5;144.04;7457402
20100604;142.17;145.87;141.71;142.25;14922132
20100607;142.28;143.27;137.85;138.68;12238566
20100608;139.14;139.68;135.05;137.78;14586924
20100609;138.59;139.42;136.22;136.8;8955872
20100610;137.6;137.77;131.3;133.77;21930904
20100611;133.33;136.05;133;135.64;9241746
20100614;137.11;137.11;133.4;133.44;10958006
20100615;134.63;137.4;133.3;136.9;10654108
20100616;136.06;138.26;135.71;137.06;7080797
20100617;136.95;138.38;135.22;137.32;8106454
20100618;137.82;139.72;137.52;138.18;10159125
20100621;139.65;140.15;137.31;137.74;8694312
20100622;137.54;137.75;134.59;134.79;9008840
20100623;133.9;136.38;132.73;135.07;8232474
20100624;134.14;135.98;133.11;134.98;9998910
20100625;136.99;140.9;135.43;139.66;14341596
20100628;140.38;140.38;136.53;136.66;9910978
20100629;134.98;135.85;133.17;133.76;10339819
20100630;133.68;134.3;131.02;131.27;9148289
20100701;131.69;133.75;129.5;131.14;11648608
20100702;132.11;132.38;129.69;131.08;6568376
20100706;133.74;134.39;131.07;132.26;7821698
20100707;132.44;136.13;132.07;135.83;9302583
20100708;136.92;137.17;133.56;135.46;9896908
20100709;135.36;138.5;134.59;138.06;6922280
20100712;137.61;138.31;136.03;137.25;4737381
20100713;138.5;141.2;138.11;140.25;8983815
20100714;139.29;139.59;137.66;139.06;6069204
20100715;140.02;146.25;137.82;145.22;21621842
20100716;151.47;152;146.05;146.17;29604581
20100719;147.67;147.7;144.1;145.68;10875876
20100720;142.18;149.73;141.55;148.91;20577825
20100721;150.05;150.97;146.86;146.99;11345450
20100722;148.88;149.88;144.16;146.55;13312475
20100723;146.65;148.41;144.57;147.38;7310069
20100726;147.39;149;145.21;148.2;6093296
20100727;149.09;149.66;147;147.23;7153238
20100728;147;148.65;146.78;147.2;4846297
20100729;148.27;153.15;147.63;152.58;15683142
20100730;151.35;153.41;150.8;150.82;8805276
20100802;152.82;153.64;151.61;152.74;6532904
20100803;152.12;153.96;151.41;153.19;5654183
20100804;153.62;157.25;153;156.41;12289451
20100805;155.63;156.22;154.4;155.92;5682566
20100806;154.54;156.06;153.77;155.18;8083004
20100809;155.93;156.2;154.59;155.4;4210209
20100810;154.02;154.77;153.18;153.9;5867378
20100811;151.72;152;148.91;149.25;7737320
20100812;147.81;150.59;147.81;149.42;4957374
20100813;149.38;150.45;148.08;148.08;4225453
20100816;147.58;149.18;147;147.76;3764044
20100817;148.68;149.79;148.14;148.59;4393052
20100818;148.54;149.94;147.73;149.2;4461519
20100819;148.67;149.66;146.28;147.05;5292050
20100820;147.44;148.97;147.25;148.24;5277121
20100823;148.12;148.5;146.6;146.74;3729719
20100824;144.8;145.49;143.82;143.95;6374001
20100825;142.81;145.33;142.75;144.68;5641742
20100826;144.94;145.16;141.66;141.81;6819104
20100827;141.13;141.74;138.25;139.75;11252664
20100830;138.83;140.11;136.65;136.66;6205717
20100831;136.25;138.01;135.79;136.93;7065820
20100901;139.01;140.34;137.8;139.74;6897692
20100902;139.93;140.15;138.45;139.78;4999659
20100903;141.62;147.99;141.33;147.29;13588404
20100907;146.15;146.24;144.15;145.21;6211857
20100908;145.38;149.66;145.36;147.54;8310204
20100909;149.79;150.68;148.5;149.14;6737912
20100910;149.46;150.75;148.81;150.39;4421629
20100913;152.32;154.7;152.3;154.37;7661788
20100914;153.54;153.75;152.23;152.53;5689339
20100915;151.67;152.8;150.67;152.56;5699498
20100916;152.28;152.48;151.16;152.23;4394077
20100917;152.11;152.47;150.56;150.98;4841057
20100920;150.98;152.4;149.89;151.9;5641405
20100921;152.11;154.57;151.09;151.4;6884066
20100922;149.95;150.55;147.69;148.07;8986866
20100923;146.36;146.87;143.98;144.91;9154000
20100924;146.25;147.6;145.82;147.28;5623690
20100927;147.01;148.41;145.78;146;5205948
20100928;146.51;146.69;144.06;145.01;5506414
20100929;145.02;145.02;142.54;144.42;6950389
20100930;145.25;146.98;144.3;144.58;6854687
20101001;145.2;148.5;144.82;147.7;7439742
20101004;147.7;148.47;144.7;146.57;5873999
20101005;147.56;150.28;146.07;149.57;8729841
20101006;149.75;152.33;149.13;150.84;6338807
20101007;152.11;152.36;150.03;151.11;4476194
20101008;151.15;153.4;150.62;152.66;5225059
20101011;152.67;153.09;151.27;152.2;4456412
20101012;151.3;155.45;151.01;155.21;6377921
20101013;156.3;156.69;154.39;154.73;5631455
20101014;154.23;154.29;150.55;151.59;6891082
20101015;152.69;152.69;150.66;150.69;6902873
20101018;150.93;154.38;150.85;153.7;6984071
20101019;155.14;159.7;153.84;156.72;14499876
20101020;156.21;160.25;154.86;159.6;10631144
20101021;159.58;161.5;158.1;159.3;6360834
20101022;159.89;159.98;157.5;157.76;4052041
20101025;159.36;159.45;156.27;157.39;5729368
20101026;156.72;158.73;156.53;158.29;4075492
20101027;157.19;160.59;157;160.15;6580862
20101028;160.86;163.79;160.44;163.24;9918773
20101029;162.15;163.6;160.95;161.13;4541916
20101101;161.77;162.96;160.17;161.57;4516161
20101102;162.06;163;161.8;162.82;3335019
20101103;163.18;163.18;160.57;162.63;4464701
20101104;163.62;166.4;162.69;166.39;8163835
20101105;165.99;171.18;165.92;171.07;11989211
20101108;169.95;171.61;169.1;169.2;5518638
20101109;170.3;170.85;166;166.55;7351751
20101110;166.31;168.65;165.57;167.22;6333143
20101111;165.79;168.89;165.79;167.71;3933054
20101112;166.39;168.12;164.65;165.83;4742507
20101115;165.68;169.35;165.01;167.22;5205268
20101116;165.8;167;164.66;165.1;5921382
20101117;165.12;165.73;164;164.89;3729814
20101118;165.69;168.93;165.6;167.35;4987973
20101119;167.5;167.75;165.7;166.67;4586998
20101122;164.3;164.38;158.45;161.05;11363929
20101123;159.1;160.9;157.66;157.78;7314967
20101124;158.96;160.7;158.55;160.26;4266792
20101126;158.46;159.35;158.07;158.22;1876842
20101129;157.49;160;157;159.28;4819914
20101130;158.07;159.33;156.14;156.14;5426888
20101201;158.45;159.2;157;158.45;6031420
20101202;159.16;163.25;158.84;162.5;7201608
20101203;161.31;162.5;160.95;162.31;4658480
20101206;161.66;163.19;161.49;162.65;3689426
20101207;164.52;164.77;161.44;161.59;5529061
20101208;161.96;166.14;161.89;166.14;5259483
20101209;167;167.75;165.75;166.45;5747520
20101210;166.41;168.47;165.9;168.47;4543771
20101213;168.25;170.92;167.9;169.48;5333627
20101214;169.67;169.99;166.84;167.33;4894491
20101215;166.64;167.29;165.11;165.21;4358875
20101216;165.69;165.91;163.21;164.46;4164421
20101217;163.92;165;163.12;164.04;5346810
20101220;163.74;166.9;163.65;166.05;3725655
20101221;166.54;168.88;166.5;168.23;4553171
20101222;168.67;169.68;167.9;169.6;3858649
20101223;169.1;169.7;167.17;167.6;2499421
20101227;166.79;170;166.41;169.83;2718713
20101228;170;171.23;168.83;169.19;2864681
20101229;169.4;169.78;166.57;167.63;3338091
20101230;168.09;168.25;166.99;167.64;1745709
20101231;167.58;168.8;167.01;168.16;1637111
20110103;170.55;173.25;169.85;173.05;5719247
20110104;173.87;174;172;173.08;3336094
20110105;172.05;174.49;172;174;4146974
20110106;174.51;174.59;171.98;172.21;5376047
20110107;172.7;172.89;169.36;170.69;4917488
20110110;170;171.29;169.2;169.76;3657840
20110111;170.5;171.43;168.32;169.36;4572242
20110112;169.39;172.31;169.18;171.67;5594834
20110113;172.04;172.6;171;171.57;3183720
20110114;171.19;175;171.19;175;5885032
20110118;174.75;175.34;173.05;174.68;4984039
20110119;169.46;171.49;165.86;166.49;13372654
20110120;166.55;167.06;164.01;165.69;8918942
20110121;165.88;169.2;165.12;166.2;5878551
20110124;165.99;167.07;165.75;166.3;4630918
20110125;163.05;164.79;160.12;161.98;11259730
20110126;161.7;162.84;161.04;161.31;6741559
20110127;161.13;164.25;161.11;164.03;6039000
20110128;164.16;165.09;161.42;161.77;4571432
20110131;161.38;163.72;161.23;163.62;3799023
20110201;163.86;166.25;163.61;165.33;4143189
20110202;165.15;166.64;164.2;165.05;2987254
20110203;164.99;164.99;161.84;164.64;4715205
20110204;164.88;164.98;162.76;164.83;3355741
20110207;164.79;168.1;164.6;167.13;5040460
20110208;167.02;168.72;166.26;168.55;4720719
20110209;168.23;168.23;164.66;166.01;5669980
20110210;165.15;166.65;164.68;165.34;4267265
20110211;165.11;167.69;164.81;166.66;4260926
20110214;166.15;167.8;165.51;167.52;3549511
20110215;167.32;168.44;166.82;167.91;4026516
20110216;168.56;169.9;168;168.81;4609262
20110217;168.54;168.69;167;167.16;4449899
20110218;167.04;168.3;166.85;168.04;3728226
20110222;165.67;165.76;162.35;162.94;5448637
20110223;162.63;164.8;161.77;163.09;4562512
20110224;162.2;163.9;161.32;163.44;4624311
20110225;164.05;165.88;163.52;165.12;4636791
20110228;165.53;166.25;163.11;163.78;4237243
20110301;163.55;164.49;161.3;161.31;7016859
20110302;161.58;163.33;161.11;161.69;4658549
20110303;162.71;165.18;162.69;164.49;4583671
20110304;162.88;163;160.36;161;7812311
20110307;161.41;161.84;158.5;159.15;7006515
20110308;159.43;161.78;159.04;161.3;4846420
20110309;161.85;163.72;161.58;162.35;4126238
20110310;160.8;161;159.99;160.27;4565194
20110311;159.85;161.55;159.84;160.68;2885310
20110314;159.94;160.5;158.02;158.43;4378159
20110315;156.06;158.05;154.85;157.25;5234606
20110316;157.23;157.24;153.26;154.38;7230714
20110317;155.93;156.35;153.95;155.75;5296153
20110318;156.6;160.25;155.24;159.96;10172934
20110321;161.62;162.15;159.9;160.21;4664016
20110322;160.64;162.21;160.12;160.79;3540500
20110323;160.02;160.23;158.24;159.53;3604339
20110324;160.35;160.5;158.83;159.91;2735487
20110325;160.51;160.51;157.7;157.97;4021739
20110328;158.2;159.29;156.41;156.47;3689595
20110329;156.6;158.7;155.53;158.47;3774030
20110330;159.03;160.43;157.47;159.07;2967727
20110331;157.38;160.07;157.32;158.6;3319661
20110401;159.77;162;159.66;160.23;3792343
20110404;160.76;160.88;158.6;158.9;2822050
20110405;158.46;159.15;157.62;158.91;3175262
20110406;159.89;161.99;158.85;161.89;4199946
20110407;161.99;164.4;161.57;162.4;4589588
20110408;163.49;163.62;160.82;160.96;3281483
20110411;160.54;162.91;160.54;161.47;3128638
20110412;160.25;161.44;159.45;160.42;3330748
20110413;162.5;163.98;159.83;160.17;5145536
20110414;157.51;157.6;155.25;155.79;7982308
20110415;156.18;156.95;154.63;155.13;5609029
20110418;154.05;154.88;151.52;153.78;5997941
20110419;156.09;156.1;149.55;151.86;13470807
20110420;153.17;154.15;151.5;152.7;7190890
20110421;153.09;154.33;152.7;153.51;3982265
20110425;152.58;152.59;151.18;152.19;3712444
20110426;151.89;153.95;151.78;153.27;4370755
20110427;153.6;153.85;152;152.86;4207655
20110428;152.55;152.6;150.2;150.6;5908475
20110429;150.28;151.87;149.64;151.01;6076194
20110502;152.2;153.07;151.07;151.3;4364055
20110503;150.97;152.8;150.68;151.87;3559048
20110504;152.25;152.46;150.95;151.52;3769057
20110505;150.87;151.22;149.95;150.41;4103334
20110506;151.47;151.97;149.53;150.1;5431637
20110509;149.7;149.87;148.8;149.12;3155261
20110510;149.02;150.74;148.52;150.4;4036137
20110511;150;150;147.65;147.88;5311848
20110512;145.99;146.78;140.66;142.75;20661240
20110513;142.39;142.52;139.25;141.46;14261474
20110516;140.89;143.39;140.26;140.6;6458927
20110517;140.26;141.95;139.08;140.81;7079352
20110518;140.94;141.82;140.21;140.84;4775217
20110519;141.23;141.3;138.43;139.34;7334180
20110520;138.18;139.64;134.79;134.99;11291555
20110523;133.64;137.19;133.64;135.84;8407529
20110524;136.27;136.76;135.03;136.34;6605559
20110525;135.67;137.59;135.51;136.24;6529663
20110526;136.2;136.7;135.34;136.26;5334485
20110527;136.25;138.96;136.23;138.66;5275708
20110531;140.82;142.3;139.88;140.73;7023566
20110601;139.95;140;136.1;136.17;6772506
20110602;136.65;136.73;131.5;134.38;12423522
20110603;132.98;137.17;132.89;135.33;5457937
20110606;134.75;135.22;133.14;133.9;5287937
20110607;134.38;135.76;132.99;132.99;6200364
20110608;132.63;134.89;131.5;131.59;6796246
20110609;131.99;135.1;131.83;133.53;4499096
20110610;133.21;137.25;132.51;135.92;7557273
20110613;136.13;137.97;135.92;137.53;5273694
20110614;138.2;138.95;136.54;137.1;5850046
20110615;136.07;137.59;134.01;134.85;5715291
20110616;134.63;136.89;134.15;136.09;5230680
20110617;137.83;138.79;137.21;137.23;6768521
20110620;136.42;136.73;134.36;135.14;4021799
20110621;135.5;137.19;134.3;135.96;4213300
20110622;135.59;137.78;134.43;134.52;4228140
20110623;133.1;133.83;131.64;132.36;6707794
20110624;132.81;133.45;130.82;130.91;5775678
20110627;130.75;131.86;129.8;130.71;5832605
20110628;131.34;131.34;128.3;129.26;8059751
20110629;129.73;133.23;129.5;132.53;8170790
20110630;133.05;133.8;131.5;133.09;4992942
20110701;133.43;136.72;133.09;136.65;5103532
20110705;135.9;136.05;133;134.5;4457197
20110706;133.78;134.44;132.82;133.89;3029560
20110707;135.09;136.2;134.72;135.01;3859210
20110708;133.32;134.4;133.17;134.08;4141864
20110711;132.75;133.43;131.07;132.02;4724427
20110712;131.42;132.66;130.1;130.31;4333362
20110713;130.74;131.77;129.7;129.92;4413958
20110714;131.7;132.2;129.75;129.89;5357862
20110715;131.31;131.51;129.18;130.16;5260131
20110718;129.58;130.16;127.5;129.33;5839559
20110719;125.73;129.93;125.5;128.49;15301315
20110720;128;133.8;127.58;132.75;8578755
20110721;133.52;135.98;133.25;135.58;7672420
20110722;135.03;136.47;134.44;135.49;4928279
20110725;134.17;137.13;133.5;136.85;5856972
20110726;136.61;139.25;136.02;137.6;5465238
20110727;136.79;137.25;134.44;134.72;5250559
20110728;134.97;138.13;134.65;135.84;4430105
20110729;134.1;136.6;133.13;134.97;5346350
20110801;136.92;137.34;133.75;134.15;5886638
20110802;132.08;134.76;131.18;131.23;7594489
20110803;131.35;133.27;130.71;132.08;6499388
20110804;130.84;131.89;126.21;126.23;8197178
20110805;127.75;129.23;122.35;125.18;11171258
20110808;122.08;125.44;112.11;117.66;17381629
20110809;120.51;123.15;111.6;122.73;15914479
20110810;119.58;119.67;110.04;110.34;18592204
20110811;112.94;119.75;112.25;118.1;11847517
20110812;119.82;120.88;115.29;116.47;9608060
20110815;117.57;119.7;116;119.13;7257502
20110816;117.6;119.78;115.5;116.87;7413468
20110817;117.36;118.75;116.55;117.25;4829031
20110818;112.15;114.5;112.04;113.14;9288922
20110819;111.87;115.3;111.11;111.76;6829229
20110822;114.17;114.49;105.1;106.51;11286561
20110823;106.02;108.8;103.16;106.86;24487155
20110824;106.9;110.74;106.39;110.31;10175164
20110825;114.51;118.1;108.11;109.84;11945913
20110826;108.63;112.58;107.72;111.75;7355623
20110829;113.65;116.54;112.33;116.07;5185049
20110830;115.33;116;113.25;115.18;5301148
20110831;115.4;117.8;114.67;116.22;6488013
20110901;115.55;115.55;111.6;112.16;9857255
20110902;108.58;109.24;105.8;107.06;8381274
20110906;103.67;105.6;103.43;104.56;7752372
20110907;106;108.79;105;108.34;6531641
20110908;107.13;108;104.74;104.79;6513661
20110909;104.38;105.82;102.22;102.25;8615134
20110912;100.79;103;99.78;102.92;8772841
20110913;103.41;105.18;101.5;104.09;7119554
20110914;104.91;105.88;103.53;104.54;6603330
20110915;105.17;108.19;105.1;107.97;6355270
20110916;109.07;109.66;105.91;107.49;7999695
20110919;105.32;105.6;103.25;104.81;5823683
20110920;105;105.27;102.53;102.61;4978943
20110921;102.81;102.83;97.72;97.86;8593203
20110922;95.96;96.03;91.4;93.98;12386183
20110923;92.84;96.52;92.8;95.18;17489148
20110926;96.19;99.73;95;99.14;7043280
20110927;101.2;104.08;98.78;99.55;8583887
20110928;99.98;100.81;96.21;96.32;5676770
20110929;98.65;99.98;97.2;99.87;5950244
20110930;98.28;98.4;94.46;94.55;5784473
20111003;93.74;95.72;89.88;90.08;7746663
20111004;88.32;95.22;84.27;94.58;11991451
20111005;93.87;95.54;90.82;94.29;8455629
20111006;94;98;91.76;97.93;7605565
20111007;98.07;98.07;92.25;92.69;7637664
20111010;94.92;96.39;93.95;96.14;6125941
20111011;94.56;98.81;94;96.7;7066666
20111012;98.2;101.13;96.39;99.11;8238099
20111013;97.87;98.02;94.52;96.15;6575646
20111014;96.79;97.84;94.65;96.73;5558917
20111017;95.51;97.89;95.17;96.9;7227764
20111018;98.19;103.74;96.55;102.25;16780666
20111019;101.55;104.94;100.32;100.79;9959377
20111020;101.69;102.17;98.28;100.86;7351632
20111021;101.74;103.06;100.59;102.09;5858519
20111024;102.65;104.73;102.58;103.98;5616548
20111025;103.05;103.17;100.08;100.44;5153351
20111026;101.9;106.74;101.36;106.33;11753112
20111027;110.33;117.53;110;116.48;16486369
20111028;114.34;118.07;114;115.86;8249595
20111031;112.79;113.89;109.48;109.55;8076015
20111101;103.49;107.1;102.71;103.54;10230255
20111102;106.45;107.25;104.75;106.13;5604454
20111103;108.03;108.71;102.09;107.68;8295313
20111104;106.33;106.57;103.81;105.04;6078813
20111107;104.95;106.15;103.75;105.57;4698361
20111108;106.41;109.26;106.2;108.58;6138911
20111109;104.99;105;98.83;99.67;10599384
20111110;101.87;101.94;98.14;99.5;8537181
20111111;100.89;102.2;100.26;101.66;4771466
20111114;100.52;100.61;98.38;99.29;4831299
20111115;98.3;101.02;98.06;99.75;5665831
20111116;98.87;98.99;95.25;95.6;8895081
20111117;95.99;96.44;91.82;92.35;8997220
20111118;92.47;93.39;91.31;91.91;6229700
20111121;90.18;92.29;88.9;91.3;7803710
20111122;90.71;91.8;88.61;89.4;7089812
20111123;88.98;89.28;87.6;87.89;6609267
20111125;88.06;91.44;87.74;88.75;3674913
20111128;92.72;93.75;89.37;90.78;8732268
20111129;90.35;91.29;88.65;88.81;5882647
20111130;92.4;96.01;91.37;95.86;10872949
20111201;94.58;95.62;93.2;94.43;6040334
20111202;95.53;102.42;95.53;97.25;15124568
20111205;99.56;102.19;99.05;99.82;8528897
20111206;99.64;102.1;99;101.16;6406288
20111207;100.27;106.1;99.05;105.13;10623593
20111208;103.68;104.69;99.38;99.92;9221362
20111209;101.12;103.58;100.79;101.45;7016345
20111212;99.34;99.45;97.52;98.03;6134653
20111213;99.19;99.94;93.35;95.04;10114266
20111214;93.78;95.71;92.45;93.25;8376642
20111215;94.74;95.1;91.9;91.9;8163159
20111216;92.71;93.59;89.9;90.1;10053957
20111219;90.62;90.92;86.9;87.7;9545261
20111220;89.82;91.5;88.15;90.98;8613423
20111221;91.04;92.21;89.28;92;6424343
20111222;92.12;94.95;91.79;94.42;8286643
20111223;94.8;95;92.73;93.79;3920619
20111227;93.5;93.84;91.83;91.9;3672898
20111228;91.66;92.44;90.04;90.12;3917941
20111229;90.59;91.43;90.25;91.01;4290483
20111230;90.53;91.14;90.14;90.43;4185097
20120103;92.97;96.43;92.83;95.36;8646487
20120104;94.73;95.13;93.68;94.74;7407211
20120105;93.95;95.8;92.5;94.58;8131295
20120106;93.8;93.96;92.42;93.42;5940987
20120109;93.49;95.11;92.96;94.69;5018385
20120110;97.36;99.48;97.04;98.33;7684876
20120111;97.94;100.62;97.5;99.76;7222920
20120112;100.56;101.45;98.26;101.21;6862030
20120113;98;99.43;97;98.96;7616712
20120117;98.62;101.84;96.95;97.68;8048412
20120118;99;105.83;97.8;104.31;17968059
20120119;106.25;108.3;104.88;107.68;11481997
20120120;107.32;109.43;106.6;108.74;8446120
20120123;108.49;110.9;107.52;108.19;7093156
20120124;106.79;109.1;106.25;108.87;4547272
20120125;106.23;108.95;105.93;108.27;7928608
20120126;108.61;110.3;108.03;108.56;6911788
20120127;107.77;112.2;107.62;111.77;8410002
20120130;110.37;110.42;108.77;109.73;6362936
20120131;110.69;112.5;109.16;111.47;8029411
20120201;112.61;116.65;111.61;113.45;11336389
20120202;114.34;115.41;112.71;113.39;6625837
20120203;115.61;117.57;115.4;117.53;7457120
20120206;116.39;117.6;116.33;117.39;3423769
20120207;116.77;116.98;115.31;115.98;5728328
20120208;116.61;117.04;114.54;116.15;4958141
20120209;117.19;117.39;115.05;115.88;4770123
20120210;114.52;115.66;113.26;114.12;5850844
20120213;115.86;116.07;113.98;114.53;3993092
20120214;113.66;113.85;111.4;112.87;4871945
20120215;113.28;115.25;112.91;113.17;6117405
20120216;112.45;114.98;111.62;114.74;6374429
20120217;115.46;116.65;114.83;115.91;5186297
20120221;116.22;117.91;115.93;116.63;5321174
20120222;116.22;117.14;114.29;114.36;4509569
20120223;114.62;115.82;113.22;115.8;5610186
20120224;116.32;116.97;115.11;115.87;4878012
20120227;114.52;116.65;113.94;116.23;4371086
20120228;116;118.66;115.25;117.11;6452990
20120229;116.51;118.13;115.14;115.14;6651579
20120301;115.97;121.24;115.84;121.13;10491269
20120302;121.41;122.18;119.86;119.96;7047575
20120305;119.6;119.95;117.51;118.63;5618936
20120306;116.12;116.24;113.11;113.67;8161606
20120307;114.66;116.73;114.29;116.4;5600186
20120308;117.73;118.68;116.08;117.17;4784649
20120309;117.62;118.49;116.24;117.29;5000542
20120312;117.7;117.87;116.28;116.99;4060603
20120313;118.4;124.85;118.4;124.54;11891581
20120314;124.52;124.87;119.82;120.37;14838749
20120315;121.73;123.55;120.12;123.06;7246662
20120316;123.1;123.5;121.06;122.93;7427571
20120319;122.93;126;122.2;124.3;8021161
20120320;123.49;127.86;123.26;126.02;8247670
20120321;126.68;127.51;124.51;125.99;4820704
20120322;124.79;125.57;124.09;124.74;5029001
20120323;125.86;126.8;124.51;126.18;5161023
20120326;127.26;128.21;126.44;128.07;4443975
20120327;128.59;128.72;126.2;126.33;5447816
20120328;126.1;127.24;124.09;126.36;5192885
20120329;125.66;126.6;122.89;123.76;5538924
20120330;124.69;125.47;122.93;124.37;4654018
20120402;124.14;125.54;123.38;124.9;4084918
20120403;124.32;124.43;121.7;122.71;5598486
20120404;120.82;121.63;119.86;119.96;5635107
20120405;119.45;120.59;117.63;118;6104426
20120409;116.06;117.99;115.67;117.02;4049443
20120410;117.28;118.22;114.45;114.56;5771354
20120411;116.37;117.02;115.56;115.93;4181239
20120412;116.57;120.41;116;120.39;5517478
20120413;119.99;120.09;114.89;115.09;6377374
20120416;117.12;118.41;114.96;117.73;7137585
20120417;119.37;119.77;116.24;116.86;12902056
20120418;114.76;116.79;114.23;115.33;6642033
20120419;115.1;115.48;112.47;113.6;9245345
20120420;113.91;114.17;112.32;112.44;5374633
20120423;110.52;111.94;110.07;111.75;7049117
20120424;111.56;114.25;111.04;114.11;4703324
20120425;115.11;115.11;112.72;113.98;5081595
20120426;113.43;115.55;113.08;114.56;4589609
20120427;114.23;114.99;113.34;114.41;3616409
20120430;114.19;115.3;113.61;115.15;4240698
20120501;114.84;116.48;114.15;115.33;4309181
20120502;114.1;114.47;112.77;113.77;3957172
20120503;113.98;114.28;110.81;111.53;4856784
20120504;110.78;110.9;108.8;108.99;5500053
20120507;108.53;110.86;108.29;110.04;3268158
20120508;108.99;110.19;107.77;109.37;4065890
20120509;107.3;108.64;106.66;107.29;4780141
20120510;108.56;109.36;106.12;106.32;4694106
20120511;103.42;103.79;101.59;102.13;10634940
20120514;100.86;101.07;99.32;99.77;10077673
20120515;100.14;101.77;99.78;99.87;5657325
20120516;100.55;102.14;98.2;98.2;5798541
20120517;98.57;99.94;97.08;97.08;6377810
20120518;97.53;97.9;95;95.49;7189795
20120521;94.8;97.55;94;96.51;5315265
20120522;96.88;99.95;96.59;97.53;5839789
20120523;96.75;98.51;95.51;98.04;5469611
20120524;98.32;98.5;95.84;96.86;5177906
20120525;96.54;97.78;96.51;96.7;3096029
20120529;97.01;97.88;95.38;97.86;4529717
20120530;96.68;96.9;94.41;94.61;5713836
20120531;94.9;96.65;93.7;95.7;4834240
20120601;94.07;94.2;92.19;92.64;5385426
20120604;92.76;93.02;90.55;91;5334380
20120605;90.96;93;90.71;92.21;4684610
20120606;93.04;95.07;92.91;94.96;6406692
20120607;96.64;97.5;93.29;94;6069468
20120608;93.63;94.84;92.89;94.54;3370829
20120611;96.01;96.76;92.66;92.8;4942070
20120612;92.91;94.04;92.52;94.04;3668691
20120613;93.32;94.42;92.27;92.72;4694645
20120614;92.94;94.29;92.51;93.82;4461313
20120615;93.68;95.77;92.75;95.66;6186943
20120618;95.24;95.27;93.32;93.63;4085789
20120619;94.3;97.47;94.15;96.37;5296865
20120620;97.01;97.6;95.37;96.55;4942478
20120621;96.8;96.87;93.87;93.9;5579342
20120622;95.32;95.32;93.16;93.63;6727615
20120625;92.36;92.4;90.66;91.22;4211284
20120626;91.49;91.83;90.43;91.03;4251207
20120627;91.19;93.79;91.02;93.27;3576941
20120628;92.09;93.52;91.33;93.49;4413691
20120629;96.01;96.18;94.52;95.86;6246301
20120702;96.56;97.3;95.59;97.13;3515880
20120703;97.13;98.77;96.63;98.6;2255361
20120705;98.21;98.21;95.89;95.92;3736847
20120706;94.64;96;94.5;95.47;3321375
20120709;94.84;95.35;93.67;94.47;4121279
20120710;94.86;95.3;93.15;94.25;3668605
20120711;93.88;95.47;93.75;95.13;4516597
20120712;94.34;94.74;93.23;94.02;3186951
20120713;94.92;97.86;94.8;97.43;4592395
20120716;97.73;98.15;95.96;97.68;4505288
20120717;100.24;100.49;97.18;97.98;9502759
20120718;97.35;97.81;96.18;96.51;4443105
20120719;96.6;96.64;94.55;95;6165656
20120720;94.47;95.3;94.1;94.16;5549096
20120723;91.94;93.42;91.15;93.16;4762062
20120724;93.38;94.6;93.21;94.47;5303677
20120725;95.06;96.69;94.85;95.96;4578855
20120726;97.44;98.2;96.75;98.06;5077512
20120727;98.41;102.05;98.12;101.64;6397887
20120730;101.15;102.18;100.35;100.88;3659996
20120731;100.26;101.78;100;100.9;3663928
20120801;101.27;101.76;99.82;100.09;3092795
20120802;98.5;99.03;96.72;97.81;3980478
20120803;99.35;101.36;99;100.98;3283066
20120806;101.25;102.85;100.75;102.02;2768650
20120807;102.38;104.38;102.33;103.24;3845414
20120808;102.5;103.31;102.17;102.5;2351012
20120809;102.41;104;102.3;103.6;2855080
20120810;103.37;103.38;102.12;103.02;3128524
20120813;102.55;103.97;102.55;103.61;2008602
20120814;104.15;105.63;102.91;103.26;3148241
20120815;103.35;104.5;103.05;103.13;2452595
20120816;103.26;103.93;102.6;103.49;2417822
20120817;103.81;103.95;102.8;103.6;2509645
20120820;103.32;105.5;103.14;105.28;3860814
20120821;105.69;107.34;104.75;105.32;4459702
20120822;104.77;106.35;103.67;104.67;4202380
20120823;104.59;104.99;103.65;104.08;3583261
20120824;103.56;105.22;102.23;104.96;3527080
20120827;105.12;105.85;104.58;105.12;2467080
20120828;104.46;105.89;104.2;105.03;2611078
20120829;105.36;106.29;105.04;105.53;2268697
20120830;104.74;105.2;103.95;104.72;2823959
20120831;105.41;106.58;105.31;105.72;3265361
20120904;105.55;107.25;105.54;106.41;3249879
20120905;106.9;110;106.79;109.94;6374400
20120906;110.61;113.78;110.01;113.54;6522061
20120907;113.8;116.75;113.55;116.33;6137682
20120910;116.06;116.25;114.54;114.68;4225252
20120911;115.23;117.76;115.02;116.69;3898844
20120912;117.4;118.46;116.69;118.24;4234142
20120913;117.99;121.05;117.68;120.67;5262241
20120914;121.26;122.6;120.48;121.36;6188509
20120917;120.32;121.11;119.51;119.9;3598485
20120918;119.43;120.36;118.75;119.88;3036262
20120919;120.37;120.37;119.02;119.02;4818232
20120920;117.64;117.82;116.24;117.63;4448067
20120921;118.36;118.38;116.56;116.72;8195416
20120924;116.34;117.43;114.9;116.6;3697536
20120925;117.13;117.65;113.5;113.5;4548615
20120926;113.22;113.64;111.9;113.08;5185769
20120927;113.74;115.86;113.72;115.23;3898844
20120928;115.01;115.01;113.23;113.68;3654980
20121001;116.67;119.02;116.4;116.86;5339044
20121002;117.55;118.24;117.09;117.25;3682501
20121003;117.62;118.17;116.22;117.91;3036715
20121004;118.66;120.36;117.93;119.9;3743403
20121005;120.83;121.4;118.58;119.31;3938231
20121008;118.28;119.72;118.15;119.46;2140637
20121009;119.39;120.74;119.02;119.63;3267089
20121010;119.5;120.25;119.06;120.08;2829517
20121011;120.95;122.94;120.75;121.99;4708248
20121012;121.62;122.28;119.89;120.2;4054872
20121015;121.7;124.61;120.75;124.5;6418957
20121016;124.23;125.97;122.35;123.22;10117255
20121017;123.32;125.05;123.05;124.92;6712663
20121018;123.8;126.48;123.19;125.15;5375064
20121019;124.46;125.17;123.02;123.62;5877265
20121022;122.02;124.36;121.92;122.77;3642974
20121023;120.47;121.66;118.12;119;5820286
20121024;119.83;121.35;119.77;119.77;3662717
20121025;120.83;122.19;118.65;119.72;4128724
20121026;119.24;120.38;118.38;119.44;3961062
20121031;119.73;122.6;119.66;122.39;3680031
20121101;122.82;124.88;122.36;124.85;3336741
20121102;125.35;125.89;123.06;123.25;3189202
20121105;123.19;124.47;122.11;124.08;2569155
20121106;124.33;126.73;124.3;126.25;3991770
20121107;122.8;123.12;117.97;117.98;7075731
20121108;119.21;119.84;115.26;115.27;6253393
20121109;114.71;117.85;113.84;116.15;4823198
20121112;116.79;117.84;116.3;117.24;2455142
20121113;115.89;118.35;115.08;116.47;3157095
20121114;116.65;117.45;113.88;114.24;3886133
20121115;114.51;116.36;113.91;115.44;3703600
20121116;115.53;116.57;114.23;115.84;4516681
20121119;117.2;119.19;117.19;118.3;3868850
20121120;117.93;118.75;117.37;118.09;3303954
20121121;118.18;118.23;116.83;117.7;2075267
20121123;118.67;120.31;118.27;120.31;1977481
20121126;119.16;120.95;118.5;120.94;3373071
20121127;120.5;121.34;118.38;118.41;3875425
20121128;117.25;119.33;116.57;119.33;3811708
20121129;120;120.45;118.52;118.73;2982011
20121130;117.96;119.44;117.69;117.79;4264858
20121203;118.42;119.64;118.07;118.4;3614223
20121204;118.12;118.39;116.2;116.58;3591962
20121205;117.02;117.9;116;117.13;3282995
20121206;117.22;117.48;116.2;117.2;2330826
20121207;117.77;118;116.14;116.57;3960598
20121210;116.61;117.17;115.62;117.01;3332046
20121211;117.56;119.8;117.04;118.86;5696832
20121212;119.29;119.98;118.08;118.09;5372612
20121213;117.81;119.16;117.59;118.5;3330142
20121214;118.45;120.07;118.3;119.36;3717124
20121217;120.19;123.49;120.03;123.49;5478311
20121218;124.82;128;124.49;127.77;8040246
20121219;128.67;129.3;126.81;127.25;5526899
20121220;127.35;129.72;126.62;129.72;4412061
20121221;126.63;128.95;125.63;128.44;6395651
20121224;127.87;128.5;127.4;127.54;1359237
20121226;128.16;129.3;127.11;127.16;2210162
20121227;127.55;128.3;124.57;126.67;3263493
20121228;125.73;126.62;125.34;125.52;1859217
20121231;125.42;127.68;124.79;127.56;3624273
20130102;131.3;131.66;129.62;131.66;4449409
20130103;131.7;131.78;130.07;130.94;4584522
20130104;130.93;134.64;130.32;134.51;5235939
20130107;134.12;134.51;132.88;134.26;3557305
20130108;133.71;133.95;132.7;133.05;2761093
20130109;133.4;134.43;133.27;134.32;3666618
20130110;135.07;138.15;134.13;137.37;5962241
20130111;137.02;137.17;136.13;137.13;3215992
20130114;137.19;137.32;135.66;136.13;2862478
20130115;135.55;137.26;135.12;135.59;4325884
20130116;138.94;141.58;137.9;141.09;10654652
20130117;140.89;141.95;139.62;141.01;6596062
20130118;141.35;144.81;141.24;144.45;7351019
20130122;144.01;146.28;143.34;145.95;5158829
20130123;145.78;145.94;144.81;145.56;3950679
20130124;145;146.75;144.06;144.96;4638187
20130125;144.18;145.27;143.3;144.46;4640453
20130128;144.43;145.25;143.69;144.15;3045923
20130129;144.1;147.5;143.84;147.1;4521925
20130130;146.81;147.42;145.91;147.15;4084256
20130131;146.26;148;146.26;147.86;3683006
20130201;148.51;150.4;147.76;149.9;4564387
20130204;148.25;148.95;146.62;147.52;4680197
20130205;148.35;150.75;148.18;150.45;4219757
20130206;149.75;151.14;149.17;151.12;3942629
20130207;150.76;152.5;149;150.26;4891850
20130208;150.78;151.97;150.35;151.6;3612713
20130211;151.42;152.87;150.96;152.24;3752174
20130212;152.48;154.32;151.79;154.11;4310451
20130213;154.11;154.85;153.28;154.52;4369476
20130214;153.84;156.72;153.62;155.93;5037537
20130215;156.4;156.54;154.08;154.99;4254701
20130219;155.69;159;155.25;158.65;5105361
20130220;158.22;158.5;154.56;155.18;5032420
20130221;153.72;153.95;149.8;150.88;8319596
20130222;152.37;154.13;152.05;154.09;4773547
20130225;155.19;155.69;147.6;147.65;6296432
20130226;148.11;149.46;146.71;148;5687228
20130227;147.87;152.05;147.76;151.65;4696452
20130228;151.35;152.4;149.76;149.76;4957378
20130301;148.12;151.7;147.22;150.53;4539232
20130304;150.01;152.47;149.71;152.18;3209780
20130305;153.45;154.96;152.8;152.96;4597671
20130306;154.06;155.05;152.8;154.13;3593845
20130307;154.7;157.19;154.5;156.62;3893304
20130308;155.89;156.23;152.01;152.98;6615419
20130311;152.45;154.32;152.36;153.3;3587737
20130312;153.3;153.8;150.46;151.85;3432598
20130313;152.03;152.87;150.58;151.91;3357622
20130314;152.27;154.34;152.16;154.02;3886769
20130315;151.35;155.63;151.3;154.84;7304060
20130318;152.53;153.11;150.89;151.95;3788120
20130319;152.61;153.09;147.82;148.84;4727645
20130320;150.02;151.48;149.25;150.13;2885245
20130321;149.29;150.22;145.37;145.38;4707014
20130322;146.51;147.7;145.61;146.6;3463220
20130325;147.99;148.66;144.68;146.11;3775524
20130326;148.29;148.34;144.87;146.54;3861064
20130327;145.88;148.63;145.86;147.84;3964943
20130328;148.12;149.06;147.13;147.15;3701846
20130401;146.67;148.06;144.6;146.04;2581793
20130402;145.27;147.49;144.77;146.68;3374185
20130403;146.76;146.87;142.18;143.41;4373440
20130404;143.52;144.95;142.24;142.99;3424222
20130405;140.61;143.8;140.34;143.69;3865093
20130408;143.83;144.12;141.84;143.82;2909046
20130409;144.32;147.57;144.07;146.52;3264497
20130410;147.3;149.74;147.24;149.46;3128714
20130411;149.46;150.59;148.22;149.07;2952365
20130412;148.4;149.6;147.01;149.12;3131638
20130415;148.75;151.45;145.53;146.46;5562972
20130416;148.13;148.43;142.14;144.1;8275481
20130417;142.99;143.6;138.05;140.6;6362729
20130418;140.09;140.9;137.42;138.6;4820113
20130419;139.31;139.84;137.85;138.72;3963093
20130422;139.01;139.85;137.29;139.52;3190981
20130423;140.44;143.39;139.92;142.94;3698618
20130424;143.27;144.45;142.95;143.93;2785548
20130425;144.11;146.05;143.75;144.76;2637808
20130426;144.5;145.41;143.07;144.11;2235158
20130429;144.54;145.9;143.91;145.11;2715498
20130430;145.19;146.54;144.56;146.07;2587512
20130501;145.83;145.83;142.4;142.61;3509249
20130502;142.68;143.67;140.39;143.67;4332174
20130503;145.31;146.84;145.06;145.37;4018877
20130506;145.92;149.54;145.64;148.45;3742146
20130507;149.41;149.94;147.55;149.32;3137584
20130508;149.13;150.99;148.4;150.26;3519375
20130509;150.1;150.86;148.25;148.54;2819832
20130510;148.57;149.18;147.5;149.1;2632404
20130513;147.67;150.33;147.06;149.63;2975655
20130514;149.5;154.94;149.5;154.52;5825838
20130515;154.04;156.28;153.79;155.61;4177828
20130516;154.73;157.49;153.96;154.47;3234156
20130517;155.41;158.7;155;158.18;4177528
20130520;157.58;160.49;157.52;158.9;4010615
20130521;158.67;161.74;158.53;160.73;4078357
20130522;160.61;164.47;158.53;159.34;6177452
20130523;156.36;158.89;154.62;157.41;5619860
20130524;155.57;158.92;155.29;158.72;3317560
20130528;160.92;162.68;159.91;160.7;4471872
20130529;159.74;164.13;159.41;162.87;4969773
20130530;162.66;165.45;161;164.35;4336534
20130531;163.95;165.83;162.07;162.08;4405418
20130603;161.56;163.74;159.79;163.56;4559926
20130604;163.46;165.74;160.5;161.68;3977736
20130605;161.43;162.89;157.55;158.3;4141329
20130606;158.3;159.79;156.34;159.68;3245241
20130607;160.97;166.17;160.59;166.01;5690463
20130610;166.7;168.2;165.29;167.49;3914677
20130611;165.35;166.4;163.19;163.31;3859438
20130612;164.98;164.98;161.07;161.86;3243773
20130613;161.2;166.39;161.07;165.82;3769373
20130614;165.74;166.11;162.91;162.92;2970763
20130617;164.08;165.67;162.91;164.11;2628540
20130618;164.15;164.87;163.05;164.15;2061534
20130619;164.16;164.93;161.51;161.56;3557690
20130620;159.15;159.99;154.84;155.41;6490459
20130621;157;157.26;152.3;154.25;5390789
20130624;151.99;152.6;148.71;150.78;4015475
20130625;152.45;154.31;151.55;153.06;3275313
20130626;154.48;154.56;150.75;151.66;3580888
20130627;153.03;154.99;152.61;153.51;2655049
20130628;152.69;152.77;151;151.25;3013305
20130701;152.78;154.1;151.7;151.75;2499460
20130702;151.16;153.19;149.9;150.92;3093113
20130703;149.62;151.42;149.28;150.43;1270376
20130705;152.3;153.29;151.5;153.24;2244855
20130708;154.58;154.8;152.88;153.81;2700264
20130709;154.99;157.44;153.17;156.94;3128599
20130710;156.57;157.62;154.67;155.83;2430060
20130711;158.5;159.74;156.11;157.71;2967108
20130712;158.62;160.28;158.56;160.11;2845327
20130715;162.8;163.39;161.16;163;4135851
20130716;163.92;164.3;159.43;160.24;5974618
20130717;159.84;161.99;159.5;161.5;3716014
20130718;161.58;164.58;161.5;164.06;3462828
20130719;163.75;164.85;162.58;164.36;3331395
20130722;163.95;166.33;163.88;166.25;2746411
20130723;166.5;167.41;165.48;166.26;2545591
20130724;166.75;166.89;164.44;165.04;2548142
20130725;164.28;166;163.69;165.91;2237229
20130726;165.05;165.65;164.27;165.26;2372436
20130729;164.63;164.83;162.02;163.17;2824153
20130730;163.49;164.01;162.33;162.43;2553751
20130731;162.53;165.97;162.43;164.03;3700636
20130801;165.74;167.9;164.88;167.49;3253583
20130802;166.83;167.9;166.46;167.62;1869649
20130805;167.28;169.69;166.44;168.32;2624080
20130806;168.07;168.28;164.47;164.78;3598874
20130807;164;164.23;162.05;163.45;2132122
20130808;164.75;166.43;162.83;162.84;2818974
20130809;162.4;164.1;162.02;162.13;2012931
20130812;161.73;162.38;160.55;161.69;1982134
20130813;161.99;164.55;160.95;163.71;2311345
20130814;163.85;164.8;162.93;163.34;1668264
20130815;161.91;161.97;160.07;160.75;2206961
20130816;160.28;162.29;160.03;160.66;2024511
20130819;160.17;160.79;158.53;158.63;2228426
20130820;158.72;160.03;157.78;159.56;2295599
20130821;158.78;159.23;156.51;157.11;3053881
20130822;157.81;159.66;157.2;159.41;2303775
20130823;159.59;159.79;158;158.65;1500687
20130826;158.41;160.7;157.75;157.9;1885169
20130827;155.72;156.53;152.93;153.23;3671929
20130828;153;154.15;151.45;152.97;2343306
20130829;152.37;154.68;152.09;153.63;2133886
20130830;153.77;153.98;151.33;152.13;2233990
20130903;154.48;156.04;153.52;154.76;2464782
20130904;154.76;157.25;154.35;155.74;2195819
20130905;155.99;158.05;155.57;156.17;2446717
20130906;156.98;157.71;153.42;156.66;2463985
20130909;157.41;159.7;157.16;159.49;2151255
20130910;162.98;165.53;162.56;165.14;5267107
20130911;164.93;165.79;163.78;165.06;2234155
20130912;164.84;165.31;163.07;163.35;2689922
20130913;164.38;164.72;162.96;164;2231984
20130916;166.31;168.57;165.19;167.03;3671908
20130917;167.19;167.58;165.66;167.42;2653729
20130918;166.5;169.09;165.64;168.06;3423807
20130919;169.69;170;166.88;167.78;3535291
20130920;168;169.75;164.03;169.75;20415476
20130923;168.18;168.46;164.72;165.25;4817807
20130924;165.52;166.4;162.97;162.97;3422510
20130925;163.26;163.69;161.16;162.31;3618574
20130926;162.9;163.93;161.04;162.29;2714188
20130927;160.69;160.95;159.43;159.85;3684437
20130930;157.72;159.14;156.57;158.21;2807451
20131001;158.86;160.31;157.56;159;2466710
20131002;157.69;159.58;157.52;158.67;2431499
20131003;158.63;159.16;155.46;156.85;2950787
20131004;157.08;157.25;156.09;156.55;2989925
20131007;155.17;156.2;154.22;154.25;2622570
20131008;154.62;155.85;153;153.05;2918860
20131009;153.56;155.32;152.83;154.44;3233100
20131010;156.83;158.24;156;158.01;3647949
20131011;158.49;160.49;157.52;160;3125057
20131014;158.22;159.92;157.5;159.46;2428079
20131015;159.81;160.04;157.51;157.63;3042164
20131016;158.58;162.5;157.5;162.25;3655153
20131017;156.48;159.2;155.99;158.32;7522055
20131018;158.84;159.7;156.68;158.69;4982966
20131021;158.67;160.65;158.25;159.77;2697725
20131022;160.64;160.71;158.23;159.25;3240100
20131023;158.02;158.08;156.56;157.74;2735807
20131024;159.45;160.35;158.83;159.96;2595960
20131025;160;162.24;159.91;162.09;3721977
20131028;162;162.19;160.25;161.45;3347372
20131029;162.07;163.11;161.01;162.11;3702067
20131030;162.56;162.97;161.15;162.05;2344161
20131031;162.09;163.35;160.86;160.86;2786563
20131101;161.03;162.6;160.72;162.05;2738576
20131104;162.42;163.24;161.59;163.16;1711448
20131105;161.67;162.63;160.78;161.95;2535830
20131106;162.53;164.3;162.33;163.52;3593728
20131107;164.04;164.21;159.61;159.64;3490920
20131108;160.39;163.69;159.88;163.17;3856050
20131111;162.5;164.75;162.16;163.84;2288968
20131112;163.1;164.38;162.13;162.89;2240248
20131113;161.78;163.71;161.2;162.94;3398763
20131114;163.55;163.95;162.41;163.2;3649415
20131115;163.18;165.42;163.18;164.4;2669881
20131118;164.74;167.65;164.2;165.68;3556162
20131119;165.87;168;165.63;166.6;2691877
20131120;166.76;167.25;164.86;165;2794299
20131121;165.25;167.32;165.01;167.07;3163429
20131122;166.77;168.24;165.53;168.1;2680818
20131125;168.5;170.5;168.5;169.48;3101708
20131126;169.36;170.69;168;168.04;2954280
20131127;168.05;168.81;166.87;168.22;2285469
20131129;167.89;170.38;167.69;168.94;2018747
20131202;169.88;171.58;168.68;169.72;3127654
20131203;169.09;170.76;167.91;168.05;3288158
20131204;167.31;169.93;167.31;168.7;2328150
20131205;167.41;167.96;165.35;165.56;3566341
20131206;167.58;167.96;164.77;167.21;2711154
20131209;168;169.13;166.84;167.67;2592888
20131210;167.87;172.2;167.52;169.73;4235428
20131211;169.51;169.83;167.13;167.6;2977092
20131212;166.59;168.96;166.52;168.33;2911908
20131213;168.59;169.29;167.6;168.39;2490689
20131216;169.31;171.49;169.09;170.95;2980000
20131217;171.27;171.27;169.71;170.49;2864339
20131218;171;174.92;169.99;174.84;4513485
20131219;174.61;175.8;174;174.77;3094647
20131220;174.66;175.79;173.75;175.16;3763862
20131223;175.88;176.69;175.5;176.47;1585270
20131224;176.67;176.68;175.44;176.16;781289
20131226;176.6;176.76;175.18;176.45;1320162
20131227;176.39;176.45;175.57;176.35;1716906
20131230;176.5;177.12;175.26;175.73;1240999
20131231;176.22;177.44;176.22;177.26;1664338
20140102;176.95;178.38;176.36;176.89;1990643
20140103;176.35;178.85;176.22;178.15;2147480
20140106;179.15;181.13;178.88;179.37;2957222
20140107;180.73;180.98;177.52;178.29;2736910
20140108;178.5;178.9;177.26;178.44;2212037
20140109;179.08;179.08;176.61;177.4;2151647
20140110;177.4;178.71;177;178.39;2508128
20140113;178.3;178.3;175.69;175.88;2823817
20140114;176.26;177.5;175.71;176.6;2212631
20140115;177;179.74;177;178.75;3547763
20140116;178.75;178.79;174.5;175.17;4717139
20140117;175.01;177.28;174.5;176.28;3456477
20140121;175.1;175.59;171.34;173.2;5143973
20140122;173.45;174.64;172.78;173.68;2483849
20140123;172.42;172.42;169.02;170.75;3980430
20140124;168.53;169.96;167.22;167.64;4182028
20140127;167.08;167.6;163.43;164.69;5599857
20140128;165.03;166.55;164.59;166.25;3190078
20140129;163.97;166.1;163.62;163.9;3489836
20140130;165.33;166.17;164.57;165.84;2850700
20140131;163.8;165.98;163.3;164.12;3420994
20140203;165.15;165.52;159.77;159.82;5112315
20140204;160.9;162.57;159.85;161.76;3366839
20140205;160.59;162.65;160.32;160.42;3238037
20140206;161.16;162;160.1;161.75;3798525
20140207;162.78;162.9;160.27;161.93;5003902
20140210;161.02;161.77;160.28;161;4331377
20140211;161.21;164.96;160.31;164.39;5034450
20140212;164.5;165.23;163.23;163.5;3067337
20140213;162.55;164.4;162.1;164.06;3138242
20140214;163.33;164.5;162.93;163.72;4221951
20140218;164.04;165.59;163.72;164.65;3425988
20140219;163.91;166.18;162.98;163.26;3730651
20140220;163.49;164.97;162.67;164.5;2656478
20140221;164.3;165.65;164.15;164.5;2601608
20140224;164.08;167.41;164.08;166.54;3268511
20140225;166.11;166.3;163.16;163.48;3706698
20140226;163.26;163.9;160.77;162.8;3987988
20140227;162.66;165.79;162.34;165.38;3853776
20140228;164.81;167.82;164.57;166.45;4291928
20140303;164.22;165.31;163.66;164.74;3155408
20140304;166.64;168.76;166.2;168.73;3453120
20140305;168.8;172.9;168.25;171.9;4465314
20140306;172.71;174;172.49;172.6;3408257
20140307;173.98;175.59;173.11;174.26;4095634
20140310;173.6;174.49;172.47;173.51;2191673
20140311;173.96;173.96;169.85;169.89;3837217
20140312;169.13;169.99;167.81;169.72;2565816
20140313;170.48;171.24;166.57;166.7;3421385
20140314;166.9;167.4;165.03;165.35;2762052
20140317;166.38;168.8;166.33;166.84;3207398
20140318;167.27;169;167.01;168.09;1941251
20140319;168.49;170.16;166.8;168.18;3534103
20140320;167.88;170.45;167.27;169.22;3950521
20140321;169.69;170;166.91;166.95;4795425
20140324;167.13;167.98;165.1;165.72;2722989
20140325;166.59;167.42;162.8;163.25;4437493
20140326;164.74;165;161.72;161.73;2597634
20140327;161.8;163.31;160.77;162.29;3890239
20140328;162.21;164.19;161.29;162.3;2630486
20140331;163.22;164.14;162.22;163.85;2494292
20140401;164.76;166.29;164.22;165.92;3325853
20140402;165.9;167.54;165.73;167.27;2407551
20140403;167.31;167.67;165;166.09;2337292
20140404;167.01;167.04;162.85;163.24;3267440
20140407;162.95;163.2;158.44;158.56;4650839
20140408;158.7;158.76;155.48;156.56;6844255
20140409;157.11;159;156.42;158.16;4009981
20140410;158.41;158.88;155.81;155.98;4806565
20140411;154.45;154.49;151.65;152.72;6461662
20140414;154.8;155.13;153.42;154.74;3053683
20140415;155;156.02;153.1;154.92;3639593
20140416;156.34;157.29;155.12;157.22;3196346
20140417;161.03;161.44;157.35;157.44;4526106
20140421;157.5;158.27;156.23;157.8;4551711
20140422;157.64;160.81;157.27;160.46;4547285
20140423;160.26;160.94;159.28;160.45;2040561
20140424;161.04;162.11;160.59;160.85;2934201
20140425;160.48;160.77;157.91;158.24;3302143
20140428;158.6;158.83;154;156.54;3897822
20140429;157.03;158.38;156.64;158.24;2160500
20140430;158.38;160.36;158.19;159.82;2745673
20140501;159.8;161;159.7;160.37;2079547
20140502;160.46;161.84;158.57;158.88;2562493
20140505;156.5;156.9;154.52;156.35;3016295
20140506;155.85;155.85;154.18;154.54;3073107
20140507;155.41;156.31;153.71;155.52;3261095
20140508;155.76;158.22;155.2;157.4;2719646
20140509;157.57;157.9;155.68;157.2;2637013
20140512;157.91;159.95;157.91;159.55;2256120
20140513;159.56;160.9;159.13;160.28;1901488
20140514;160.2;160.89;159.28;159.45;2136155
20140515;158.69;158.96;155.92;156.64;2769269
20140516;155.61;156.97;154.84;156.43;2846085
20140519;156.25;157.99;156.01;157.67;1618048
20140520;157.48;157.91;155.61;156.35;2034911
20140521;157.16;159.75;157.13;159.35;4226325
20140522;158.95;160.3;158.65;159.85;1645058
20140523;159.91;160.48;159.51;160.16;1214453
20140527;161.12;163.43;160.58;161.77;3256763
20140528;160.91;161.61;159.78;161.19;1859886
20140529;161.14;162;159.62;160.74;1779171
20140530;160.42;160.64;159.16;159.81;2234936
20140602;159.78;160.2;157.91;160.03;2162512
20140603;159.85;161.93;159.28;161.8;2408640
20140604;161.44;162.73;160.86;162.39;2098405
20140605;162.72;163.43;161.56;162.58;1861574
20140606;162.9;166.26;162.9;166.19;3478086
20140609;166.04;166.86;165.64;166;2377485
20140610;165.86;167.26;165.48;166.36;1692482
20140611;165.09;166.16;164.69;165.43;2004076
20140612;165.76;166.65;165.02;165.96;2309882
20140613;166.17;167.07;165.42;165.89;1761060
20140616;165.52;166.53;164.45;165.85;1756421
20140617;165.64;168.75;165.45;168.22;2450024
20140618;167.89;170.1;167.29;169.86;2876387
20140619;170;170.16;168.93;169.73;2306899
20140620;170.32;171.08;169.42;169.84;4688187
20140623;170.18;170.62;169.21;170.24;1747482
20140624;169.55;170.55;167.95;168.23;1608028
20140625;167.82;169.02;167.4;168.38;1601762
20140626;167;168.11;166.37;168.01;2131196
20140627;167.25;167.65;166.37;166.78;3111220
20140630;166.87;167.91;166.37;167.44;1888923
20140701;166.35;168.27;166.06;166.81;2947811
20140702;167;167.81;166.57;166.89;1877603
20140703;167.83;169.9;167.72;169.46;1801184
20140707;168.97;168.97;166.9;167.78;1774012
20140708;166.74;166.78;163.73;164.91;2429360
20140709;165.24;165.33;163.63;164.67;1943880
20140710;162.22;163.78;161.53;163.42;2204137
20140711;163.02;165.14;162.38;164.8;2293327
20140714;167.18;167.72;166.46;167;3007711
20140715;169.7;170.15;167.15;169.17;4831795
20140716;169.2;170.99;169;170.47;3305227
20140717;170.21;171.6;168.92;170.14;3815487
20140718;170.41;171.79;169.65;171.47;2564222
20140721;170.17;172.1;170.05;171.72;2235585
20140722;172.38;175.38;172.38;175.02;3850689
20140723;175.21;177.22;174.63;176.82;3445183
20140724;176.8;177.32;175.61;176.26;2012767
20140725;175.91;176.46;174.72;175.4;2123177
20140728;175;176.46;174.67;175.95;2303365
20140729;176.17;177.11;175.45;175.54;3064960
20140730;175.96;177.48;175.36;175.76;2354131
20140731;174.44;175.27;172.79;172.87;3797945
20140801;172.38;172.76;169.4;170.25;3140151
20140804;170.57;171.89;170.05;171.69;2103904
20140805;171.3;171.77;168.89;169.42;2746184
20140806;168.15;170.85;168.02;169.74;1720708
20140807;170.3;171.07;168.74;169.1;1928415
20140808;169.35;172.49;168.68;172.26;2260041
20140811;172.75;173.41;171.62;172.46;2098048
20140812;171.78;173.11;171.38;172.33;1362909
20140813;172.4;172.89;171.27;172.37;1711054
20140814;172.8;173.1;171.69;172.73;1431363
20140815;172.84;174.6;171.44;171.9;2445958
20140818;173.25;174.63;172.7;174.55;1877745
20140819;174.91;175.1;173.63;173.96;1922140
20140820;173.27;174.18;172.6;174.03;1755660
20140821;174.24;175.92;173.44;175.15;2080344
20140822;175.35;176.98;174.83;175.47;2681967
20140825;176.71;179.86;176.46;177.87;3065874
20140826;178.47;179.15;177.81;177.9;3119840
20140827;178.36;178.36;177.01;177.81;2075949
20140828;177.05;177.75;175.89;177.65;1961831
20140829;178.32;179.5;177.85;179.11;2567634
20140902;179.26;180.22;178.38;179.77;1986308
20140903;180.48;182.07;179.43;179.6;2397714
20140904;179.93;181.6;179.55;180.08;1678491
20140905;179.58;179.91;177.88;179.75;2562817
20140908;179.58;180.92;179.22;180.11;1746425
20140909;177.93;178.64;176.62;177.4;2603770
20140910;178.33;180.18;178.12;179.87;2459494
20140911;178.77;181.44;178.5;181;1907281
20140912;180.63;183.47;180.63;183.17;3364167
20140915;182.91;184.4;182.51;183.98;2307983
20140916;183.9;184.56;182.8;184.04;2142740
20140917;183.82;185.77;183.46;184.82;2828283
20140918;185.83;188.43;185.5;187.89;3572845
20140919;188.26;188.58;185.88;186.2;5442922
20140922;186;186.95;185.1;185.29;1834414
20140923;184.57;186.86;184.57;185.09;1977585
20140924;185.26;188.12;184.47;187.81;2834243
20140925;187.46;187.8;183.46;184.09;3080490
20140926;184.75;185.6;183.22;185.12;1932535
20140929;183.11;184.56;182.2;183.83;1747314
20140930;184.41;184.99;182.68;183.57;2037664
20141001;183.19;183.85;180.33;180.7;4196286
20141002;180.6;183.43;180.59;182.88;2789974
20141003;184.61;188.54;184.57;188.07;3271408
20141006;189.07;189.5;187.15;187.48;1938586
20141007;186.56;186.56;183.62;183.8;2927062
20141008;184.03;187;182.15;186.64;3164203
20141009;185.82;186.17;180.75;181.27;4893145
20141010;181.57;182.95;180.06;180.38;4405622
20141013;181;183.19;178.5;178.77;3436638
20141014;179.48;181.79;177.77;178.7;3557237
20141015;176.49;177.95;171.52;177.24;6330496
20141016;172.02;176.29;171.26;172.58;7798623
20141017;175.8;177.54;175.1;176.91;4950997
20141020;176.22;178;175.82;177.84;2307943
20141021;179.22;180.36;178.36;180.18;2652821
20141022;180.55;180.8;176.83;176.83;3088270
20141023;178.8;181.1;178.71;180.06;3397006
20141024;180.27;183.49;180.01;183.35;2900871
20141027;182.86;184.16;182.31;183.91;2388446
20141028;184.16;186.32;183.2;186.32;3036526
20141029;186.09;187.31;185.39;186.08;3378961
20141030;185.48;187.1;185.17;186.97;2794752
20141031;189.24;190;188.12;189.99;3357146
20141103;190.35;191.98;189.75;190.83;2305251
20141104;190.47;190.97;188.82;190.27;2027621
20141105;191.58;191.87;189.61;189.84;3141124
20141106;190.38;191.44;189.78;191;1915405
20141107;191.25;191.48;189.3;190.71;1981390
20141110;190.51;191.87;190.51;191.8;1553929
20141111;191.81;192.68;190.53;191.88;1629826
20141112;190.66;190.89;189.33;190.18;2322218
20141113;190.84;191.19;189.2;190.24;1749632
20141114;190.36;190.84;189.62;189.98;1691559
20141117;189.52;191.19;189.22;189.93;1593391
20141118;189.62;190.66;189.59;189.64;1812415
20141119;189.71;189.99;188.19;189.19;2260143
20141120;187.82;189.86;187.55;189.75;2849995
20141121;191.52;191.66;189.37;189.59;2367908
20141124;190.14;190.89;189.67;190.07;2028819
20141125;190.5;190.5;188.2;188.86;3677892
20141126;189.92;189.92;187.73;188.52;2024075
20141128;188.4;189.49;188.12;188.41;1195167
20141201;188;188.62;185.59;188.2;2468967
20141202;189.31;190.94;188.81;190.19;3116089
20141203;189.75;191.82;189.33;190.95;3049585
20141204;190.78;192.34;189.96;191.95;3162010
20141205;192.72;196.93;192.54;195.45;3625473
20141208;195.45;198.06;194.51;196.62;2714961
20141209;193.69;197.22;192.9;196.89;4568408
20141210;195.48;195.99;191.6;192;6506655
20141211;193;194.94;192.5;193.54;3179459
20141212;191.71;192.64;188.07;188.82;3838914
20141215;190.24;190.81;185.41;185.54;4729064
20141216;183.96;186.93;182.4;183.31;4181927
20141217;184.11;186.5;183.63;185.03;5074804
20141218;188;191.66;187.81;191.61;4209608
20141219;192.26;195;192.03;193.28;4798226
20141222;193.92;194.5;192.76;194.44;3056427
20141223;195.34;196.1;194.73;195.5;2346066
20141224;196.61;196.75;195.01;195.89;697700
20141226;196.09;196.49;195.4;195.45;1016252
20141229;195.57;196.96;194.82;196.19;1229873
20141230;195.5;196.5;194.58;195.71;1136152
20141231;196.65;196.83;193.77;193.83;1566780
20150102;195.3;195.73;192.7;194.41;1877748
20150105;193.06;194.04;187.48;188.34;3417017
20150106;188.3;188.66;183.93;184.53;3430666
20150107;186.85;187.99;185.77;187.28;1896784
20150108;189.35;190.82;189.25;190.27;1962464
20150109;190.48;191.31;186.96;187.35;1980679
20150112;187.36;187.53;184.11;185.07;2084188
20150113;186.58;189.38;183.37;184.93;2745342
20150114;181.18;182.51;178.1;180.23;5204732
20150115;180.18;181.6;177.5;178.49;3145989
20150116;176.73;180.1;174.06;177.23;5124104
20150120;177.57;178.33;174.23;175.63;3615587
20150121;174.55;178.39;172.82;177.15;3737031
20150122;178.81;182.59;177.25;182.04;6228247
20150123;181.43;182.98;180.42;180.49;3123779
20150126;178.72;180.99;178.06;180.42;2736529
20150127;177.24;178.64;176.3;176.49;3335640
20150128;177.73;177.97;172.97;173.05;3017283
20150129;173.18;176.3;173.07;175.99;2421445
20150130;174.13;175.69;172.32;172.41;3037367
20150202;172.99;175.6;172.26;175.49;2975305
20150203;176.01;180.48;175.91;180.24;3766909
20150204;178.72;180.71;178.53;178.78;2980541
20150205;179.44;181.6;179.23;180.77;2434365
20150206;182.05;184.62;181.14;183.43;3250893
20150209;181.69;182.95;181.15;182.22;2421853
20150210;183.35;184.8;182.35;184.56;2556334
20150211;184.07;188.19;183.75;187.65;4079642
20150212;188.25;190;187.4;189.78;3086685
20150213;189.87;191.33;188.34;189;2720401
20150217;188.78;190.63;188.31;190.02;2123317
20150218;189.54;190.04;187.82;188.67;1850721
20150219;187.68;189.85;187.27;189.11;1470372
20150220;188.35;191.64;187.05;191.51;2317113
20150223;190.74;190.74;189.27;190.31;1691133
20150224;190.03;193.28;189.68;192.22;2627289
20150225;191.55;192.45;190.46;191.72;2775703
20150226;190.51;192.47;190;192.2;2449264
20150227;191.19;192.5;189.79;189.79;2572381
20150302;190;191.92;189.78;191.79;1659394
20150303;190.7;192.87;190.57;191.27;1487767
20150304;190.35;190.82;188.98;189.67;1648467
20150305;190.13;190.72;189.07;190.08;1330072
20150306;187.58;191.4;186.58;186.91;4103633
20150309;187.3;188.79;186.57;187.93;2233659
20150310;185.59;186.14;182.71;182.71;2768460
20150311;183.3;185.84;183.01;184.18;2098595
20150312;185.94;190;185.94;189.95;3114792
20150313;188.87;189.74;186.16;189.34;3095099
20150316;190.04;192.49;189.9;191.9;2127669
20150317;190.97;191.24;188.8;190.57;1883231
20150318;189.67;193.04;189.2;192.32;2790127
20150319;191.76;191.76;189.09;189.97;2097075
20150320;190.47;193.92;189.9;193.13;3473782
20150323;193.27;194.25;191.96;191.96;1590524
20150324;191.94;192.51;191.16;191.28;1799127
20150325;191.08;191.23;187.35;187.35;2542039
20150326;186.52;187.97;185.02;187.24;2377241
20150327;187.19;188.48;186.27;188.06;1539551
20150330;189.24;192;189.19;191.02;2403833
20150331;190.34;190.55;187.97;187.97;2146581
20150401;187.94;192.33;186.96;192.23;4031448
20150402;191.73;192.73;190.85;191.55;2296301
20150406;190.18;192.64;188.95;192.05;1997035
20150407;192.52;193.64;192.24;192.39;1778008
20150408;193.04;193.85;192.2;192.56;1997262
20150409;192.86;195.09;192.41;194.89;1986490
20150410;194.65;195.86;194.09;195.64;1764768
20150413;195.32;197.38;194.77;195.58;2196136
20150414;196.98;198.49;195.71;197.72;3267415
20150415;198.21;202.14;197.39;201.1;5066095
20150416;202.7;202.87;198.7;200.21;5976908
20150417;197.84;198.25;195.65;197.35;4578358
20150420;199.07;199.6;197.92;198.1;2616642
20150421;198.97;199.5;196.58;196.84;1868271
20150422;197.91;199.16;196.57;198.32;1938132
20150423;198.16;200.49;197.6;199.31;2053443
20150424;199;199.1;197.45;197.99;1445668
20150427;198.76;199.31;196.37;196.52;1767077
20150428;196.2;197.61;194.4;197.49;1909359
20150429;195.79;199.73;195.48;198.56;2480559
20150430;198.4;199.75;195.4;196.42;2732817
20150501;198.45;198.57;196.83;197.53;2029500
20150504;198.26;199.72;197.9;199.3;1581596
20150505;198.31;200.39;196.72;197.29;2287530
20150506;197.75;198.59;194.01;196.25;2433695
20150507;196.26;197.95;194.81;197.39;1795322
20150508;199.1;201.34;199.1;200.5;3192457
20150511;200.29;201.95;200.29;201.73;1966678
20150512;200.48;201.04;198.07;200.53;2247452
20150513;200.47;201.75;199.85;201.43;2143328
20150514;202.33;202.88;201.43;202.62;1957048
20150515;202.55;202.97;201.82;202.97;1742949
20150518;202.65;205.18;202.64;204.66;2164617
20150519;204.99;206.2;204.55;205.4;2370071
20150520;205.17;205.96;204.15;205.08;1831225
20150521;204.6;205.21;204.18;204.95;2225002
20150522;204.66;208.26;204.63;207.8;3040357
20150526;207.52;207.52;205;206.38;3336312
20150527;206.89;209.68;205.87;209.06;3011464
20150528;208.08;208.59;207.28;208.48;3084930
20150529;208.23;208.27;205.62;206.19;2255524
20150601;207.32;208.82;206.89;207.81;2088203
20150602;206.85;207.84;205.65;206.43;2230654
20150603;207.52;210.17;206.77;208.29;2417000
20150604;207.6;210.06;207;208.87;3462485
20150605;210.7;211.94;208.55;210.45;3225056
20150608;211.15;211.7;209.45;209.79;2180658
20150609;210;210.44;207.62;209.02;2278834
20150610;209.72;213.4;209.36;213.13;2677304
20150611;213.17;214.61;212.87;213.94;2024123
20150612;213.48;214.01;212.01;213.06;2006235
20150615;210.89;212.34;210.38;211.76;1903767
20150616;211.85;213.57;211.13;213.56;1954185
20150617;213.59;214.5;212.57;212.93;1778397
20150618;213.45;215.01;212.01;214.6;2167188
20150619;214.12;215;213.19;213.19;4163396
20150622;215.06;216.81;215;216.51;2006095
20150623;216.92;218.77;216.64;218.4;2735585
20150624;216.2;217;213.7;214.43;3945152
20150625;215.15;215.8;212.49;212.82;2434684
20150626;213.62;214.61;212.55;213.17;2762606
20150629;210.14;211.22;207.65;207.65;3292821
20150630;209.89;210.79;208.15;208.79;4167331
20150701;211.63;212.49;208.95;209.94;2820266
20150702;209.94;210.63;208.5;209.2;1816596
20150706;206.71;208.53;206.26;208.04;2816813
20150707;207.98;208.97;203.2;208.21;3304151
20150708;206.3;206.79;203.7;204.06;2185114
20150709;207.13;207.55;204.44;204.81;2256224
20150710;207.72;207.98;206.18;207.19;1840567
20150713;209.44;210.31;208.65;210.12;2041670
20150714;210.01;212.76;209.7;212.16;2090696
20150715;213.54;213.61;211.43;212.96;2536657
20150716;211.39;214.14;209.32;211.18;4405218
20150717;210.76;212.8;209.79;212.46;2848961
20150720;212.68;214;211.21;212.39;2175433
20150721;211.98;212.8;210.75;211.5;1985341
20150722;211.8;213.72;211.75;213.25;2301294
20150723;213.66;214.61;210.7;211.05;2192661
20150724;211.45;211.45;206.9;207.35;2453880
20150727;205.45;205.84;203.5;205.02;2910477
20150728;207.14;207.18;204.6;206.24;2018072
20150729;206.57;208.13;205.67;206.84;1987293
20150730;206.03;207.35;205.1;207.2;1342938
20150731;207.4;207.47;204.9;205.07;1644029
20150803;205.75;205.95;202.84;204.69;2075500
20150804;205.01;207.15;204.8;205.17;1451455
20150805;206.94;207.78;204.93;205.7;1535537
20150806;206;206.7;204.3;205.09;1485778
20150807;205.3;206.64;202.32;203.44;1691113
20150810;204.59;206.57;204.34;205.97;1640337
20150811;203.5;203.92;200.66;201.7;2553963
20150812;199.9;201.55;196.58;201.13;2789694
20150813;200.72;201.95;199.58;200.74;3353617
20150814;200.83;202.55;200.74;202.02;3567146
20150817;201.01;202.86;199.78;202.57;1600670
20150818;202.12;203.1;201.18;201.18;1665404
20150819;200.02;202.75;199.14;200.95;2721380
20150820;198.43;199.22;196.75;196.75;3140005
20150821;193.66;194.6;187.58;187.74;5406193
20150824;178.46;186.89;172.1;179.46;7183557
20150825;185.89;187.33;177.71;178.22;7204780
20150826;183.04;185.06;179.11;184.4;5561817
20150827;186.81;189.86;185.43;189.21;3798482
20150828;187.59;188.85;186.26;187.75;2413053
20150831;187.69;190.25;187.18;188.6;2857984
20150901;184.24;186.47;181.08;182.12;5494486
20150902;184.87;185.82;182.51;184.51;3043803
20150903;185;187.89;184.28;185.06;2902175
20150904;182.26;182.83;179.13;180.38;4295588
20150908;183.91;186.31;183.65;185.88;3060052
20150909;189.55;191.75;185.26;185.68;4756838
20150910;185.45;187.82;184.77;185.91;3042592
20150911;185.43;185.82;183.32;185.27;2536786
20150914;185.6;185.86;183.3;183.94;2746271
20150915;184.78;188.02;184.19;187.45;3092831
20150916;187.96;189.3;186.59;188.64;2717753
20150917;188.45;190.57;186;186.45;3712648
20150918;183.2;183.38;180.55;180.94;6529889
20150921;183.3;184.41;181.7;183.35;2947153
20150922;180.89;181;178.01;179.72;4166934
20150923;179.81;180.19;177.75;179.41;2732623
20150924;177.66;177.98;174.82;176.91;3910036
20150925;179.2;181.11;178.16;179.83;3026501
20150928;178.46;178.46;172.75;173.02;3898527
20150929;173.01;173.3;167.49;171.86;4419120
20150930;174.58;175.08;172.16;173.76;2931453
20151001;174.4;176.17;173.04;176.02;3612953
20151002;172.14;177.1;169.87;177.01;4469873
20151005;178.23;181.06;177.83;180.7;3411878
20151006;180.2;181.28;179.47;180.32;1859061
20151007;181.8;183.79;180.54;182.23;2594918
20151008;181.18;182.47;179.75;181.07;3253394
20151009;180.96;182.29;178.21;179.19;3334864
20151012;180.8;181.2;179.01;180.23;3059829
20151013;179.57;183.14;179.5;180.97;2918822
20151014;180.73;182.22;179.14;179.51;3252009
20151015;176.73;185.75;175.76;184.96;5720088
20151016;185.12;186.65;183.63;185.18;2977469
20151019;183.48;186.5;183.15;185.74;2665724
20151020;185.2;185.97;183.9;185.51;2736241
20151021;186.22;186.22;179.55;179.7;3711065
20151022;180.23;184.19;180.2;183.56;2609637
20151023;185.16;186.36;184.43;185.5;2935718
20151026;187.1;188;186.62;187.01;2573727
20151027;186;186.83;184.5;186.31;1932290
20151028;186.71;191.48;186.17;191.32;3231934
20151029;191;191.96;189.33;189.89;3068096
20151030;189.76;190.09;187.24;187.5;2791644
20151102;188.32;190.43;187.68;189.68;2531476
20151103;189.25;191.87;189.05;190.69;2443204
20151104;191;192.89;190.31;191.65;2174279
20151105;192.54;193.28;191;192.02;2186265
20151106;196;199.47;195.9;199.17;4270825
20151109;199.04;199.9;196.32;196.76;2604360
20151110;196.58;198.22;195.28;197.81;2149921
20151111;198.29;198.93;196.73;197.39;1645959
20151112;196.19;196.19;192.26;192.77;3166928
20151113;192.63;193.38;190.06;190.39;2483957
20151116;189.99;192.16;188.01;192.16;4626574
20151117;192.67;193;190.32;190.57;1783839
20151118;191.05;194.05;191.01;193.66;2509231
20151119;193.82;194.21;191.67;193.03;1835761
20151120;193;193.49;191.11;191.47;2932129
20151123;191.3;191.49;188.52;189.19;2671721
20151124;188.02;189.8;186.56;188.67;2679373
20151125;188.99;189.77;188.15;189.15;1495611
20151127;189.16;191.19;188.85;190.47;1092728
20151130;190.5;191.08;189.24;190.02;3415027
20151201;191.22;193.15;190.01;193.07;4141469
20151202;193.3;193.84;189.8;190.26;1817187
20151203;190.66;191.65;184.73;185.2;3598980
20151204;185.61;190.62;184.75;189.99;3517235
20151207;190;190.12;185;185.49;3499925
20151208;183.92;184.47;181.84;182.92;2663754
20151209;182.02;184.85;179.83;180.71;3907459
20151210;180.99;183.93;180.31;182.11;2212337
20151211;179.68;180.15;175.47;176.56;3750058
20151214;176.67;178.63;172.9;176.4;5102368
20151215;178.98;183.28;178.85;182.01;3398685
20151216;184.01;186.88;181.68;186.21;3191740
20151217;186.88;187.89;182.61;182.61;2807871
20151218;181.2;181.9;175.39;175.49;6740815
20151221;177.5;178.15;175.83;177.75;2472858
20151222;178.9;180.69;177.05;180.05;2312805
20151223;180.7;183;180.46;182.95;2367940
20151224;182.27;183.17;182.02;182.47;1107633
20151228;181.77;181.93;179.84;181.62;1723330
20151229;182.82;184.18;182.5;183.53;1848921
20151230;183.28;183.53;181.84;182.01;1514347
20151231;181.16;182.89;180.03;180.23;1773881
20160104;175.79;177.19;173.76;177.14;3745474
20160105;176.71;177.5;172.92;174.09;4521610
20160106;171.31;172.02;169.1;169.84;5539404
20160107;166.67;169.5;163.6;164.62;5687935
20160108;166.75;168.42;163.63;163.94;4929788
20160111;165;166.46;163.34;165.73;4386469
20160112;166.89;168.18;163.3;165.71;4441260
20160113;166.46;167.1;157.92;158.99;5252478
20160114;160.3;162.51;156.76;161.39;4272470
20160115;156.7;157.99;153.81;155.61;6237182
20160119;157.56;158.76;155.28;156.82;5860559
20160120;154.1;158.37;151.65;153.75;9369148
20160121;153.97;155.16;151.49;151.65;5738849
20160122;154.58;156.99;153.86;156.86;5583770
20160125;156.4;156.53;151.12;151.12;5051693
20160126;151.41;156.1;151.19;154.45;5237676
20160127;153.59;158.43;153.19;153.72;5153084
20160128;155.01;158.05;152.53;157.06;4292910
20160129;158.64;161.59;157.78;161.56;4887892
20160201;160.41;161;158.45;159.65;2963524
20160202;157;157;150.16;151.7;6316219
20160203;152.5;153.84;147.01;152.68;5893224
20160204;152.3;157.95;152.01;156.49;4573051
20160205;157.57;159.7;155.69;156.47;4596102
20160208;153.83;153.83;145.25;149.25;8680044
20160209;145.52;149.95;145.1;148.25;6919394
20160210;150;153.38;147.21;147.23;7609581
20160211;143.41;144.41;139.05;140.69;10252167
20160212;143.75;146.51;143.7;146.13;9009284
20160216;149.6;150.48;147.45;149.02;10198018
20160217;150.8;151.87;150.31;150.94;5578840
20160218;151.25;152;147.37;147.73;5895488
20160219;147;147.73;145.43;146.91;5257315
20160222;149.2;149.99;148.23;148.79;4287935
20160223;148;148.05;144.05;144.91;4249590
20160224;143.08;145.64;140.26;145.56;5714714
20160225;146;149.07;145.23;148.25;4299645
20160226;149.72;151.97;149.01;150.25;5924462
20160229;149.75;150.29;148.32;149.53;5506409
20160301;150.95;154.77;150.68;154.65;6490380
20160302;154.75;155.41;153.45;154.2;5047517
20160303;154;155.66;153.36;155.33;3615826
20160304;156.37;158.85;155.29;156.84;5256715
20160307;156;156.37;154.41;155.35;2771943
20160308;154;154.23;151.5;151.6;3830392
20160309;152.11;152.5;149.18;149.91;3250915
20160310;150.41;153.6;148.84;151.02;4631750
20160311;153.28;154.16;152.37;153.94;4058665
20160314;153.66;154.45;152.13;153.49;3317896
20160315;152.65;152.74;150.9;152.03;3731425
20160316;150.92;152.85;149.71;150.54;4310259
20160317;150.39;153.98;148.75;152.91;4431729
20160318;153.91;158.18;153.87;157.6;7413219
20160321;157.24;158.9;155.75;156.29;4410159
20160322;155.5;155.59;153.36;154.2;3521484
20160323;154.25;155.55;153.59;154.08;3633368
20160324;152.4;153.04;150.13;153;3693406
20160328;153.14;154.64;152.38;153.84;2308573
20160329;152.87;155.35;151.5;155.03;2919470
20160330;156.13;158.02;154.89;156.5;3130594
20160331;156.18;157.48;156.06;156.98;2927346
20160401;156.46;160.01;155.09;159.82;3373383
20160404;159.97;160;157.39;157.77;2478645
20160405;156.44;156.53;154.55;155.35;2822667
20160406;155.26;156.27;153.92;155.19;2927406
20160407;153.65;154.03;149.37;150.41;4786805
20160408;152.07;152.87;150.01;150.28;3122203
20160411;151.18;153.9;150.41;152.2;3464286
20160412;152.67;155.09;151.3;154.31;2732861
20160413;156.53;159.99;156.38;159.85;5151130
20160414;159.53;162.27;159.15;160.91;3067064
20160415;161.23;161.78;158.2;158.52;3467926
20160418;157.61;160;157.15;159.02;3031476
20160419;157.75;163.7;157;162.65;5832226
20160420;162;167.45;161.94;166.98;4802171
20160421;166.55;168.9;165.01;165.32;4165144
20160422;165.79;167.49;165.66;166.75;2680296
20160425;166;167.39;164.06;165.09;2472984
20160426;165.38;166;164.22;165.84;2251595
20160427;165.83;168.66;164.93;166.92;3323594
20160428;165.35;167.32;164.01;164.29;2528028
20160429;163.8;164.68;162.56;164.11;2890849
20160502;165.08;167.19;163.99;166.18;1998361
20160503;163.66;164.11;161.37;163.14;2776969
20160504;161.2;162.6;159.09;160.07;3203857
20160505;160.78;160.82;158.5;159.53;2366854
20160506;158.19;160.17;157.01;158.85;2306976
20160509;158.2;159.85;156.79;157.51;2097854
20160510;158.67;161.5;158.39;161.42;2379590
20160511;161.36;162.53;159.28;159.42;2096918
20160512;160.32;161.47;157.31;158.07;2448136
20160513;157.88;159.72;155.26;155.34;2550093
20160516;155.34;156.9;154.6;155.38;3177707
20160517;154.74;157.11;153.77;154.65;2701459
20160518;154.81;160;154.65;159.94;3653260
20160519;158.68;159.95;154.52;154.7;4711959
20160520;155.76;156.41;153.92;154.51;3247841
20160523;154.44;156.09;153.74;155.45;2767609
20160524;156.67;158.55;156.44;157.59;3039543
20160525;158.06;162.29;158.03;161.25;3260320
20160526;161.16;161.33;159.17;159.22;2576124
20160527;158.7;160.4;158.32;159.53;2157794
20160531;160.4;161.65;158.55;159.48;2916146
20160601;157.9;160.55;156;159.97;2581557
20160602;160.14;160.33;158.46;159.28;2257052
20160603;155.86;156.54;153.86;155.67;4329320
20160606;156.25;157.91;155.77;157.06;2540381
20160607;157.2;157.47;155.17;155.17;2489706
20160608;155.2;156.58;153.91;154.64;2426771
20160609;153.79;154.29;152.46;153.17;2712162
20160610;151.35;151.66;149.57;149.89;4335725
20160613;149;151.32;148.59;148.63;3385841
20160614;148.22;149.05;145.45;146.19;5069610
20160615;147.16;148.7;145.9;146.16;2981372
20160616;145;146.99;143.53;146.63;3499194
20160617;146.63;148.23;145.46;145.64;4296532
20160620;148.5;150.5;147.58;147.75;3338934
20160621;148.5;148.83;147.12;148.35;2424787
20160622;148.01;150.12;147.99;148.14;2487606
20160623;150.56;152.8;150.14;152.66;2940458
20160624;143.03;146.42;140.92;141.86;9442225
20160627;140.07;141.23;138.2;139.51;7397164
20160628;142.21;142.62;139.82;142.41;5041530
20160629;143.6;145.55;142.93;145.5;3804113
20160630;146.67;148.88;145.37;148.58;4528624
20160701;148.49;150.7;148.07;148.25;3096778
20160705;146.72;146.94;143.33;144.45;3942959
20160706;142.94;145.94;142.62;145.58;2941759
20160707;146;148.09;145.36;147;2578292
20160708;149.36;150.92;148.31;150.38;3281405
20160711;151.49;152.98;151.38;152.19;3042069
20160712;154;157.25;153.92;156.92;5119409
20160713;157;158.27;156.15;157.92;4276430
20160714;160.29;163.24;160.01;162.54;5087724
20160715;162.86;163.14;160.7;161.64;3078402
20160718;162.36;164.09;162.01;163.33;4734502
20160719;162.02;164.08;160.73;161.41;5399685
20160720;162.55;162.89;159.22;161.77;3547824
20160721;161.71;161.9;159.77;160.05;2997187
20160722;160.29;160.73;159.86;160.41;1811695
20160725;159.64;161.33;159.61;160.51;1956099
20160726;160.68;161.5;159.42;161.16;2150146
20160727;161.2;162.17;160.41;160.99;2317561
20160728;160.18;160.96;158.84;160.53;2047424
20160729;159.51;160.19;158.65;158.81;2388194
20160801;158.81;159.92;157.93;158.18;2316300
20160802;157.65;158.46;155.37;156.06;3182783
20160803;156.45;158.95;156.18;158.34;2284670
20160804;158.22;158.9;157.41;158.05;2005699
20160805;159.75;162.13;159.2;162.09;2676100
20160808;162.1;163.98;162.01;162.83;2266612
20160809;162.5;164.58;162.5;163.44;1957434
20160810;163.45;163.6;162.01;162.19;1656141
20160811;162.2;164.25;161.93;163.86;1827689
20160812;162.67;163.37;162.07;163.25;1440839
20160815;163.87;165.84;163.8;165.55;2222188
20160816;164.99;166.76;164.72;165.65;2523774
20160817;165.94;166.32;164.74;165.67;2061908
20160818;165.34;166.56;164.63;166.06;1750624
20160819;165.36;166.9;164.5;166.23;1840878
20160822;166;166.91;164.89;166.26;1448111
20160823;167;167.85;165.98;166.08;1965548
20160824;165.78;166.7;164.85;165.3;2035311
20160825;165.08;166.04;164.61;165.9;1441362
20160826;166.76;168.07;165.36;165.97;2402214
20160829;166.6;167.86;166.15;166.87;2620945
20160830;166.69;169.51;166.44;169.37;2934067
20160831;169.25;170.24;167.47;169.46;3688209
20160901;170;170.07;166.66;168.51;2843274
20160902;168.52;169.74;167.9;169.18;1747492
20160906;168.72;169.79;167.47;169.33;2034947
20160907;168.7;170.21;168.65;169.67;1584347
20160908;169.35;171.88;168.71;171.66;3031625
20160909;170.83;172.42;168.51;168.57;3411750
20160912;167.01;171.67;166.23;171.06;2647877
20160913;168.54;169.97;166.38;167;2788205
20160914;167;167.86;165.59;166.16;1995901
20160915;165.78;168.76;165.76;168.08;1666130
20160916;167.85;168.05;165.61;166;4534927
20160919;167.34;168.31;165.68;166.21;2030742
20160920;167.68;168.28;166.39;166.47;1533159
20160921;167.42;168.28;165.93;167.03;2333687
20160922;168.45;169.33;167.7;168.02;2467664
20160923;167.75;168.1;165.05;165.13;3421183
20160926;163.83;163.97;161;161.48;2772196
20160927;160.72;163.45;159.82;162.89;2602686
20160928;163.34;163.79;161.68;163.45;1678107
20160929;163.38;163.96;157.77;158.95;3733830
20160930;159.95;162.41;157.8;161.27;4497189
20161003;160.5;161.72;160.25;161.07;2444718
20161004;161.24;164.15;161.23;162.27;2469912
20161005;163.32;166.57;163.01;166.4;2548215
20161006;167.18;167.29;164.82;167.15;2858217
20161007;167.5;169.98;166.24;169.83;3390244
20161010;170.52;171.75;170.1;171.04;2532001
20161011;169.84;170.87;167.91;169.04;2679967
20161012;169.04;169.99;168.3;169.3;2404792
20161013;167.6;167.63;165.51;167.42;2713705
20161014;171.6;172.95;169.11;170.52;5282325
20161017;170.5;171.27;168.45;169;3061380
20161018;172.01;173.47;171.1;172.63;4482486
20161019;173.37;175.68;173.18;174.51;3676036
20161020;174;175.79;173.8;174.51;2471135
20161021;172.84;174.9;172.51;174.67;2004401
20161024;175.5;175.79;174.35;175.12;1943200
20161025;175.04;175.96;174.64;175.55;2423299
20161026;174.79;177.9;173.93;177.07;2533800
20161027;178.19;178.85;176.57;177.75;3021949
20161028;178.51;178.51;175.46;177.14;2042775
20161031;177.68;178.5;177.23;178.24;1828180
20161101;179;179.18;176.61;178.06;2900633
20161102;177.07;177.5;176.07;176.58;2104770
20161103;176.77;177.97;176.21;176.21;1972746
20161104;176.33;177.34;174.73;175.92;1846465
20161107;179;181.5;179;181.48;3338783
20161108;180.11;182.68;178.46;181.92;2646158
20161109;185;193.54;183.45;192.63;7823835
20161110;194.53;204.67;194;200.87;11345422
20161111;198.25;205;198.25;203.94;6290179
20161114;204.15;211.77;204.15;209.18;8248097
20161115;206.56;211.2;205.17;211.19;4893793
20161116;207.35;208.08;204.83;206.26;5276156
20161117;206.26;209.69;205.67;209.63;3572432
20161118;209.87;212.07;209.72;210.35;4278161
20161121;211.46;211.69;209.18;211.08;2860229
20161122;211.36;211.95;209.89;211.11;2945664
20161123;211.5;213.41;209.37;212.31;3734360
20161125;211.36;212.75;211;211.38;1973959
20161128;210;211.76;209.6;210.35;3297394
20161129;209.99;212.92;209.92;211.75;2577591
20161130;215.2;220.77;214.97;219.29;6507871
20161201;220.93;227.16;220.35;226.63;7606546
20161202;226;226.25;221.22;223.36;5297420
20161205;225.52;229.2;225.24;228.55;4599300
20161206;230.18;232.67;227.9;231.38;5259347
20161207;230.4;236.09;230.4;235.56;6595232
20161208;236.88;242.42;236;241.45;7343669
20161209;240.61;242;238.88;241.85;5456047
20161212;240.5;242.83;236.37;237.17;5022038
20161213;239;240.18;235.51;238.55;4680464
20161214;235.67;243.12;235.37;239.93;6172391
20161215;242.49;245.57;241.62;243;4829694
20161216;242.8;243.19;238.4;238.9;6876447
20161219;238.34;239.74;236.26;239.07;3743284
20161220;240.52;243.65;240.23;243.09;4487687
20161221;242.24;242.4;240.08;241.44;3277750
20161222;241.23;242.86;239.55;240.12;2637229
20161223;239.54;241.9;238.91;240.97;2187498
20161227;241.95;242.59;240.4;241.56;1998164
20161228;243.69;244.5;240.44;240.65;3052978
20161229;240.75;241.07;236.64;238.18;2619021
20161230;238.51;240.5;237.4;239.45;2355544
20170103;242.7;244.97;237.97;241.57;4384246
20170104;241.44;243.32;240.03;243.13;2728709
20170105;242.72;243.23;236.78;241.32;3562618
20170106;242.29;246.2;241.37;244.9;3591079
20170109;243.25;244.69;241.47;242.89;3022766
20170110;240.87;243.44;239.05;242.57;3432904
20170111;242.77;245.84;242;245.76;3532563
20170112;245.06;245.47;241.57;243.84;4022328
20170113;245.43;247.77;242.91;244.3;4186076
20170117;242.94;243.06;235.61;235.74;6277192
20170118;236;237.69;231.52;234.29;7590482
20170119;234.07;234.75;230.62;231.41;4561821
20170120;231.62;233.23;230.54;232.2;5211836
20170123;231.86;233.75;230.75;232.67;3136161
20170124;231.86;236.06;230.84;233.68;4448152
20170125;235.53;237.33;234.49;237.25;3716771
20170126;237.47;240.79;237.47;239.58;4195574
20170127;236.9;237.97;236.01;236.95;3253114
20170130;235.58;236.29;231.52;233.9;3803259
20170131;232.85;234.35;228.16;229.32;5156419
20170201;230.51;232.86;229.52;230.67;4024490
20170202;228.51;232.33;227.05;230.41;2775736
20170203;234.52;241.11;234.2;240.95;7381005
20170206;239.6;243.65;239.17;239.98;4639232
20170207;241.15;241.44;239.39;239.62;2660247
20170208;238.3;238.94;236.31;237.73;2744667
20170209;238.8;243.29;237.42;241.55;3550836
20170210;243.37;244.16;241.23;242.72;3072771
20170213;244.49;247.48;244.49;246.27;2998225
20170214;246.01;250;245.69;249.46;4141460
20170215;250.58;251.95;248.51;250.54;4296636
20170216;250.3;250.78;248.44;249.44;2286305
20170217;247.51;250.56;247.11;250.38;3262325
20170221;251;252.65;250.71;251.76;2794893
20170222;250.06;252.35;250;251.73;2378769
20170223;251.31;251.9;249.32;251.19;2594747
20170224;247.7;248.88;246.1;247.35;3565388
20170227;247.21;249.76;246.61;249.33;2373359
20170228;248;249;245.61;248.06;3627095
20170301;253.71;255.15;251.26;252.71;5218289
20170302;253.52;254.24;250.97;251.06;3020047
20170303;251.73;254.75;251.5;252.89;3169639
20170306;252.17;252.73;250.5;252.01;2467023
20170307;252.49;253;250.31;250.9;2497340
20170308;253.62;254.77;249.61;250.24;3584206
20170309;251.22;252.74;249.52;250.18;3061457
20170310;251.84;251.9;246.87;248.38;3365853
20170313;249.32;249.32;247.21;248.16;1801062
20170314;246.81;247.83;245.41;247.72;2144231
20170315;248.35;250.28;245.56;246.78;3427047
20170316;247.85;250.2;247.31;248.22;2940620
20170317;249.68;249.68;243.86;243.94;5438111
20170320;243.32;244.93;241.52;242.14;2759141
20170321;243.31;243.31;232.79;233;5660889
20170322;231.22;232.92;229.16;231.07;6291278
20170323;230.75;234.63;229.95;231.9;4770674
20170324;233;233.7;226.97;228.41;6387341
20170327;223.3;227.07;220.85;225.48;9194797
20170328;225.58;229.75;225.1;229.33;4471227
20170329;229.39;229.97;227.52;228.45;2635989
20170330;229.48;232;229.38;231.22;3156815
20170331;230.53;230.8;228.73;229.72;2858414
20170403;230;230.1;225.57;228.96;3735559
20170404;227.72;230.69;227.28;229.26;3042692
20170405;232.15;232.89;227.31;227.66;5286925
20170406;227.09;230.12;225.71;228.64;2927189
20170407;226.6;228.83;226.23;227.88;2853284
20170410;228;229.79;226.95;228.89;2653919
20170411;227.78;229.4;225.39;227.74;3374674
20170412;227.65;228.25;225.23;225.75;2947529
20170413;225.18;228.17;223.08;223.32;3653655
20170417;223.9;226.88;223.02;226.26;4190874
20170418;219.32;219.89;213.18;215.59;12464020
20170419;215.87;217.18;213.61;214.09;6428792
20170420;215.5;218.98;215;218.06;5168225
20170421;218.55;219.18;216.38;216.86;3845675
20170424;221.18;224.81;220.3;223.22;5353490
20170425;226.2;227.98;225.15;226.63;3996884
20170426;227.1;229.36;226.09;226.2;3765254
20170427;226.7;226.7;223.52;225.81;2805768
20170428;225.31;226.77;223.72;223.8;2936589
20170501;224.9;226.39;220.93;224.85;3004791
20170502;224.86;225.84;223.18;225.12;2602378
20170503;224.45;226.69;224.32;226.31;3042164
20170504;228.26;228.89;224.81;226.59;2935435
20170505;226.88;227.47;225.3;226.87;2435823
20170508;226.75;227.34;224.6;225.03;2316814
20170509;225.47;226.57;222.93;223.76;2145374
20170510;223.46;225.35;223.06;224.88;2630391
20170511;224.35;225.09;222.15;224.76;2440345
20170512;223.49;224.49;222.48;222.82;2166084
20170515;223.13;226.57;222.85;225.12;2468056
20170516;225.44;226.82;224.41;225.6;1710650
20170517;221.73;222.16;213.12;213.72;7525741
20170518;214;217.61;213.86;215.16;4792351
20170519;214.87;217.8;214;215.39;3747072
20170522;217.37;217.64;215.4;216.02;2506111
20170523;215.97;220.79;214.66;219.64;3308804
20170524;220;224.4;219.45;223.83;4156079
20170525;224.41;225.45;222.3;222.47;2640017
20170526;222.01;224.23;221.18;223.53;1787060
20170530;221.83;222.44;218.01;218.42;3097752
20170531;218.24;218.3;209.62;211.26;8311998
20170601;212.61;215.93;210.79;215.01;4057944
20170602;212.94;215.21;211.91;213.31;3692017
20170605;213.08;215.81;212.68;213.99;2696644
20170606;212.51;216.02;212.48;214.53;2891323
20170607;215.37;217.23;214.31;215.78;2679400
20170608;215.56;221;214.63;218.76;3765607
20170609;220.83;223.85;219.75;222.44;4455389
20170612;223.63;225.23;219.65;221.91;3388246
20170613;223.35;226.8;222.77;224.2;2767809
20170614;222.99;226.94;221.76;226.51;3652867
20170615;224.81;226.35;222.8;223.23;3378908
20170616;222.65;223.67;221.13;221.81;3758320
20170619;223.43;227.04;223.11;226.13;2900873
20170620;225.51;226.54;224.19;225.1;2264178
20170621;224.54;224.93;221.93;222.49;3015320
20170622;221.44;221.9;219.29;219.77;3344571
20170623;220.5;220.69;216.46;217.19;4448712
20170626;218.26;221.97;217.7;220.44;2589455
20170627;221.84;222.41;219.56;220.28;2899441
20170628;221.87;224.63;220.75;223.22;3482752
20170629;228.37;228.79;223.03;224.41;5063410
20170630;225.31;226.05;221.54;221.9;3154274
20170703;224.46;229.07;223.42;227.28;2846554
20170705;228.38;228.92;225.21;228.04;2772023
20170706;227.97;230.06;225.25;226.69;3076622
20170707;228.23;228.49;224.42;225.28;2697551
20170710;224.27;227.34;223.96;225.84;2357526
20170711;226.04;227.95;224.67;226.95;2742870
20170712;226.4;229.02;226.07;227.39;2567280
20170713;227.39;230.64;226.95;230.4;2852577
20170714;227.22;229.61;225.1;228.6;3703571
20170717;228.73;229.64;227.21;229.26;2551771
20170718;227.5;230.36;222.76;223.31;6400673
20170719;222.91;224.2;221.67;222.87;4884634
20170720;223;224.76;221.61;222.3;3497758
20170721;221.89;222.31;219.09;220.18;3446620
20170724;218.94;219.73;218;218.18;3168178
20170725;220.34;222.87;220.18;221.58;3509470
20170726;222.45;223.74;221.87;222.25;2792457
20170727;221.84;222.71;220.43;221.48;2812519
20170728;221.77;223.67;220.86;223.61;2483233
20170731;223.95;225.5;223.05;225.33;1999637
20170801;227.09;228.62;226.73;227;2986784
20170802;226.4;227.73;225.57;226.27;1863287
20170803;226;226.74;223.97;223.99;2106377
20170804;226.05;229.79;225.06;229.79;3400343
20170807;229.8;233.13;229.29;232.92;3809764
20170808;232.4;235.83;231.7;232.05;3322548
20170809;230.32;231.49;229.06;231.01;2571146
20170810;229.02;229.45;225.47;225.5;3325531
20170811;225.07;226.68;222.65;224.15;2956601
20170814;226.37;229.83;226.3;227.36;2266069
20170815;229.57;230.61;227.5;227.59;1867043
20170816;228.26;229.01;225;225.61;2393898
20170817;224.38;225.98;221.11;221.42;3460287
20170818;220.79;224.09;220.55;222.15;3149324
20170821;222.4;222.4;219.21;220.79;2203270
20170822;221.86;223.78;221.33;223.58;2021309
20170823;221.9;224.81;221.33;222.74;2568023
20170824;223.77;224.57;222.59;222.99;2263028
20170825;223.64;224.95;222.13;222.47;2232476
20170828;222.91;223.09;218.86;220.35;2641607
20170829;217.27;220.13;215.75;219.96;2369131
20170830;220.25;224.22;220.09;222.42;2411427
20170831;223.25;224.49;222.58;223.74;2240611
20170901;224.55;227.56;223.53;225.88;2346855
20170905;223.85;224;217.3;217.78;5651453
20170906;218.98;221.02;217.61;218.83;3613562
20170907;218.73;218.81;214.64;215.84;3594587
20170908;215.51;219.28;215.4;217.21;3120862
20170911;220.07;221.89;218.99;221.06;2971497
20170912;222.54;227.69;222.02;225.95;3745841
20170913;225.25;227.14;224.72;226.56;2383468
20170914;226.1;228.1;226.05;226.85;1986626
20170915;227.15;227.21;223.82;225.22;4365813
20170918;226.3;229;225.66;227.53;2466828
20170919;228.01;230.14;227.33;228.91;1858009
20170920;229.5;231.65;228.5;229.79;2682253
20170921;229.89;232.1;229.4;231.29;1800822
20170922;230.64;231.49;228.88;231.03;1861843
20170925;230.77;231.86;228.36;230.26;2261753
20170926;230.86;231.44;229.03;229.94;1770007
20170927;234.07;235.6;232.91;234.76;3072128
20170928;235;236.2;233.5;235.47;2121841
20170929;235.01;237.6;234.57;237.19;1902308
20171002;237.2;241.1;237.1;240.65;2501272
20171003;241.07;242.71;239.69;241.62;2010771
20171004;241.62;242.88;240.12;240.31;1840415
20171005;241;246.32;240.12;246.06;3521265
20171006;246.3;247.08;244.61;246.02;2396134
20171009;245.15;246.35;242.02;242.8;2165180
20171010;242.8;243.73;241.7;242.6;2187050
20171011;242;243.2;241.35;242.4;2175706
20171012;242.33;243.42;238.75;239.8;2148150
20171013;239;239.45;236.84;238.53;2491012
20171016;238.6;242.76;238.35;242.41;2969192
20171017;244.44;244.89;235.19;236.09;7088445
20171018;236.87;242.65;236.87;242.03;4235853
20171019;240.35;240.99;238.1;239.99;2710875
20171020;242.95;245.25;240.67;244.73;3022769
20171023;244.39;245.33;241.38;242.13;1963295
20171024;243.6;246.25;243;244.84;2285251
20171025;246.16;246.5;240.8;241.71;2904307
20171026;242.61;244;241.53;241.72;1948825
20171027;240.85;242.44;239.67;241.71;2111903
20171030;240.1;242.59;239.53;240.89;1764451
20171031;240.68;244.18;240.63;242.48;2658731
20171101;243.89;247.4;242.91;244.26;2969572
20171102;244.69;247.74;243.38;246.88;2509072
20171103;245.37;246.28;243.19;244.4;1954583
20171106;243.5;244.58;241.67;243.49;1744764
20171107;243.91;244.98;238.84;239.81;2483904
20171108;239.2;242.32;237.55;241.25;2349780
20171109;239.51;242.37;237.84;240.79;2123010
20171110;241.69;243.32;240;240.15;1845619
20171113;237.97;240.9;237.16;240.27;1953911
20171114;239.65;240.88;235.63;237.24;3000194
20171115;234.97;238.15;233.55;237.61;2564130
20171116;238.38;240.69;238.2;239.37;2304336
20171117;238.86;239.08;237.12;238.02;2826379
20171120;238.78;238.78;237.11;238.13;2000660
20171121;239.41;239.59;237.54;238.02;2223847
20171122;237.94;238.95;236.36;236.43;2177237
20171124;237.42;238.56;235.55;235.95;1268608
20171127;235.75;236.88;234.8;235.11;1999613
20171128;236.09;240;234.33;239.41;3212932
20171129;241.25;244.47;240.4;241.36;4500022
20171130;244.07;250.79;244;247.64;6364574
20171201;249.78;250.68;244.01;248.95;4765370
20171204;254.89;254.9;250.01;250.65;3326126
20171205;250.8;251.35;247.41;248.33;2526845
20171206;247.23;248.08;245.13;245.95;2331424
20171207;244.62;249.48;244.4;248.56;2666989
20171208;250.5;250.68;247.2;250.35;1959075
20171211;250;251.4;248.76;250.13;1494228
20171212;250.81;258.2;250.69;257.68;3464242
20171213;257.81;260.5;255.56;255.56;3482341
20171214;257.13;259.55;255.48;255.48;3353191
20171215;256.7;258.97;254.76;257.17;5283374
20171218;260;262;259.16;260.02;2575573
20171219;261.6;261.8;256.18;256.48;2195500
20171220;258.87;259.09;254.55;255.18;2052359
20171221;256.61;262.09;256.28;261.01;3337818
20171222;261.66;262.14;257.72;258.97;2100623
20171226;258.19;259.2;256;257.72;1289310
20171227;257.98;257.98;255.52;255.95;1567928
20171228;256.98;257;255.1;256.5;1301165
20171229;255.87;256.65;252.91;254.76;2519253
20180102;257.77;257.91;253.92;255.67;2258261
20180103;255.48;256.14;253.22;253.29;2988206
20180104;255.23;259.72;254.32;256.83;2583204
20180105;257.18;257.49;253.69;255.52;2594712
20180108;254.75;255.18;251.62;251.81;2940546
20180109;252.8;255.6;252.62;253.94;2637346
20180110;255;255.15;252.35;254.33;2927210
20180111;255.75;255.89;252.97;255.13;2422405
20180112;255.75;257.3;254.09;257.03;2849176
20180116;259.25;261.77;256.4;258.46;4445460
20180117;260.98;262;248.84;253.65;8608134
20180118;254.49;254.54;250.6;250.97;4984536
20180119;251;256.14;250.26;256.12;4643375
20180122;255.45;262.87;255.19;261.52;5264672
20180123;258;260.26;256.85;260.09;4003561
20180124;260.74;265.78;260.3;265.68;4313964
20180125;266.35;270.5;265.01;269.03;5054952
20180126;267.49;269;266.05;268.14;3535395
20180129;269.04;273.79;268.81;272.48;3881092
20180130;270.39;272;267.11;268.94;3970433
20180131;268.55;270;266.33;267.89;3710160
20180201;266.15;272.59;266;272.23;3388237
20180202;270;271.75;259.35;260.04;5913920
20180205;257.51;263.3;241.5;249.11;6528467
20180206;244.21;258.75;242.11;258.7;6739908
20180207;255.9;261.95;255.66;257.1;4125037
20180208;257.93;258.78;246.05;246.35;4166152
20180209;249.62;251.67;239.29;249.3;5978553
20180212;251.15;256.15;248.82;253.16;3692544
20180213;252.01;256.4;250.58;255.53;2700493
20180214;255;262.71;254.48;262.58;3793777
20180215;265.76;268;262.91;267.68;3523083
20180216;265.99;269.28;265.9;267.62;2602502
20180220;266.89;268.85;263.31;264.89;2618423
20180221;263.92;270;263.13;263.4;3017869
20180222;264.4;266.32;260.72;261.43;2678880
20180223;263;266.98;262.4;266.77;2507056
20180226;267.5;271.78;266.77;271.26;2751367
20180227;271;273.12;267.93;267.93;3140609
20180228;269.14;269.49;262.57;262.93;3104329
20180301;262.61;263.55;256.2;256.78;3483534
20180302;255;259.24;252.1;258.12;3122826
20180305;256.46;264.55;256.24;263.12;2445846
20180306;264.77;267.87;263.21;266.93;2217341
20180307;262.69;266.43;260.95;265.35;2509352
20180308;266.48;268.1;262.63;266.34;2565359
20180309;268.7;271.09;267.04;270.77;4410571
20180312;271;275.31;270.77;273.38;3065557
20180313;274.34;275.03;267.44;268.53;2288103
20180314;270.4;270.78;263.91;264.43;2478684
20180315;265.72;269;265.35;266.61;2255191
20180316;266.01;269.85;265.33;267.6;4114368
20180319;266.99;267.5;259.47;262.53;2426864
20180320;263.29;264.64;261.89;263.19;1514754
20180321;263.01;266.49;260.31;261.85;2817633
20180322;258.42;260.82;252.18;252.6;4489285
20180323;253.63;254.95;244.93;245.26;3634249
20180326;250.65;255.36;248.45;254.88;3787177
20180327;255.89;257.06;245.61;247.26;2981484
20180328;248.78;251.23;244.37;249.37;2660194
20180329;250.79;252.98;248.33;251.86;3073925
20180402;251.26;252.6;243.77;247.35;3429894
20180403;248.61;250.89;245.9;250.58;2488166
20180404;245.71;253.22;244.51;252.62;2853211
20180405;254.5;258;253.4;255.81;1924810
20180406;251.48;255.34;246.68;249.97;3621939
20180409;251.48;257.5;249.17;252.19;3256691
20180410;257.96;259.89;255.95;256.57;3314641
20180411;252.59;254.83;249.79;252.94;3321982
20180412;256.27;260.73;255.11;259.59;3059104
20180413;261.94;262.5;254.54;255.92;3026173
20180416;257.13;260.66;256.66;257.88;3257417
20180417;261.6;262.25;252.34;253.63;10134395
20180418;254.9;257.02;252.25;254;4524761
20180419;254;256.16;252.83;254.17;3990014
20180420;254.1;255.68;251.48;251.96;2930638
20180423;251.66;252.75;246.19;246.67;3775874
20180424;248.82;249.15;240.04;242.49;4705066
20180425;242.19;242.46;237.51;239.23;5041420
20180426;239.27;241.66;238.01;240.09;2891094
20180427;240;241.93;239.02;239.8;2136781
20180430;240.97;243.07;238.22;238.33;2790458
20180501;237.51;237.9;233.96;236.67;3269793
20180502;236.6;237.91;233.42;234.05;3710850
20180503;232.45;234;227.4;233.41;4511425
20180504;232.31;236.79;232.28;234.94;2622252
20180507;236;238.17;235.28;237.2;1979446
20180508;238.24;240.66;236;237;3267002
20180509;237.98;242.05;237.25;241.73;2434002
20180510;242.11;245.42;240.16;243.44;2598955
20180511;243.44;244.91;241.71;242.92;1540146
20180514;243.6;245.88;243.5;243.91;1928526
20180515;243;243.95;240.67;241.56;2165705
20180516;241.27;241.84;240.59;240.96;1965177
20180517;240.42;242.44;238.78;239.1;2462688
20180518;238.1;238.74;236.87;237;2698990
20180521;239.1;240.07;237.32;237.7;1951741
20180522;238.7;240.7;237.98;238;2551478
20180523;236.88;237.87;234.38;237.81;3114002
20180524;236.6;237.17;233.65;236.1;2308658
20180525;235;236.12;234.28;235.01;1985610
