20100104;35.88;36.34;35.46;36.3;4766927
20100105;36.08;37.23;36.01;37.14;5604225
20100106;37.12;37.6;36.81;37.52;4208565
20100107;37.26;38.11;37.02;38.05;6303467
20100108;37.8;38.27;37.44;38.25;4809949
20100111;38.65;38.9;38.21;38.5;7141883
20100112;39;39.31;38.35;38.51;6480128
20100113;38.59;38.87;37.64;37.92;6666427
20100114;37.88;38.44;37.07;38.28;5641942
20100115;38.03;38.03;37.34;37.85;7618285
20100119;37.87;40.31;37.64;39.35;14776402
20100120;38.94;39;38;38.7;6822756
20100121;37.8;38.45;36.61;37.35;11330948
20100122;37.22;37.31;35.98;36.12;8264288
20100125;36.63;37.12;36.29;36.41;4629404
20100126;35.98;36.88;35.57;35.73;4872852
20100127;35.74;36.55;35.32;36.4;5668821
20100128;36.47;36.61;35.32;35.63;5061641
20100129;36.04;36.33;35.16;35.32;4910357
20100201;36.1;36.79;35.69;35.94;4725971
20100202;36.49;36.64;35.65;36.37;6360362
20100203;35.39;35.6;34.32;34.8;15040850
20100204;35.13;35.36;34.33;34.73;13309249
20100205;35.03;35.35;33.57;34.68;10360594
20100208;34.61;34.65;33.6;33.64;6369177
20100209;34;35.73;33.4;35.15;16339862
20100210;35.1;35.3;34.53;34.93;7349801
20100211;34.7;34.77;34.31;34.54;6843762
20100212;34.12;34.71;33.7;34.64;7606061
20100216;35.07;35.23;34.46;35.06;6904651
20100217;35.23;35.37;34.73;34.87;6088404
20100218;34.74;35.03;34.74;34.85;6384011
20100219;34.7;35.24;34.46;35.03;7754372
20100222;35.12;35.43;34.91;35.27;6372613
20100223;35.21;35.39;34.37;34.84;7503830
20100224;34.79;35.65;34.63;35.59;5668196
20100225;35.2;35.87;34.82;35.84;8378116
20100226;35.89;36.61;35.41;36.39;9668669
20100301;36.51;37.3;36.26;36.54;5319846
20100302;36.63;36.91;36.35;36.79;4529695
20100303;36.88;37.02;36.62;36.75;3832658
20100304;36.93;38.18;36.83;38.11;9054721
20100305;38.31;39.05;38.13;38.92;7082361
20100308;40.65;41.06;40.04;40.9;15603494
20100309;40.75;41.5;40.48;40.81;9184174
20100310;40.95;42.2;40.81;41.78;10721334
20100311;41.87;42.47;41.45;42.32;9195241
20100312;42.65;42.94;41.91;42.11;6422208
20100315;41.97;42.51;41.64;42.25;5753958
20100316;42.2;42.72;42.11;42.69;4616399
20100317;43.03;43.63;42.85;43.03;6089410
20100318;43.31;43.31;42.19;42.45;6597082
20100319;42.68;42.79;41.67;41.83;8516796
20100322;41.46;42.2;41.06;41.72;6699384
20100323;41.77;42.2;41.32;42.17;4876429
20100324;42.03;42.69;41.85;41.92;4807269
20100325;42.31;43;42.03;42.11;5692892
20100326;42.16;43.02;42.02;42.26;4595541
20100329;42.48;43.09;42.36;43;4788864
20100330;42.99;43.24;42.83;42.87;3558276
20100331;42.57;43.35;42.57;43.34;4884114
20100401;43.59;44.04;43.41;44.01;5605894
20100405;44.21;45;44.18;44.95;4508409
20100406;44.9;45.15;44.73;44.84;4537931
20100407;44.63;44.9;43.8;44.08;6392530
20100408;43.93;45.62;43.85;45.5;7776643
20100409;45.73;45.95;44.85;45.27;4738329
20100412;45.56;45.72;45.23;45.63;4025920
20100413;45.44;45.53;44.82;45.46;2913058
20100414;45.25;46.55;45.25;46.43;4877695
20100415;45.49;46.33;45.48;46.27;3679224
20100416;46;46.29;44.75;45.37;7971477
20100419;44.97;46.01;44.88;45.98;5249560
20100420;46.28;46.97;46.01;46.95;3993191
20100421;46.92;47.03;45.61;46.29;6159063
20100422;45.78;46.74;45.4;46.68;4634944
20100423;46.12;47.14;45.8;47.1;4672725
20100426;46.99;47.75;46.72;46.84;4782773
20100427;46.43;46.64;44.05;44.3;6996936
20100428;44.85;45.73;43.67;43.91;10224731
20100429;44.47;45.74;44.24;45.62;6681166
20100430;46.24;47.72;45.53;45.58;11632281
20100503;45.95;46.45;45.6;45.76;6635560
20100504;45.21;45.21;44.13;44.48;7202564
20100505;43.87;44.54;43.58;43.89;6685679
20100506;43.78;43.95;38.14;42.15;11250339
20100507;42.15;42.73;40.07;40.71;11573917
20100510;42.68;44.84;42.68;44.11;9719560
20100511;43.28;44.08;42.95;43.23;6868349
20100512;43.57;44.05;43.23;43.84;6199809
20100513;43.71;43.98;43.02;43.07;3949598
20100514;42.54;42.77;40.72;41.32;8348616
20100517;41.32;42;40.52;41.8;6368882
20100518;42.46;42.57;40.74;40.91;7240569
20100519;40.52;41.24;39.45;40.52;9084181
20100520;38.94;39.37;37.86;37.88;10087866
20100521;36.48;39.7;36.48;39.48;11800559
20100524;39.58;39.87;38.52;38.61;6222015
20100525;37.48;39.25;36.7;39.21;10217993
20100526;39.93;40.48;39.01;39.25;6854504
20100527;40.01;41.49;39.38;41.4;6935937
20100528;41.41;41.41;40.25;40.49;5098570
20100601;39.97;40.87;39.67;39.84;5451585
20100602;40.27;41.62;39.81;41.58;5936283
20100603;41.46;42.03;40.79;41.37;5205580
20100604;40.19;40.53;38.25;38.48;10657164
20100607;39.18;39.28;37.78;37.87;10017471
20100608;38.1;38.98;37.13;38.9;8854847
20100609;39.26;40.21;38.66;38.87;7684995
20100610;39.6;40.76;39.6;40.68;6125249
20100611;40.03;41.22;39.98;41.1;7662981
20100614;41.55;42.06;41.02;41.05;7982061
20100615;41.58;41.76;41.04;41.68;8638421
20100616;41.29;41.65;40.76;41;6470113
20100617;41.01;41.23;40.61;41.03;5598615
20100618;41.12;41.35;40.73;40.99;7201134
20100621;41.83;42;40.98;41.22;6033423
20100622;41.25;41.78;40.5;40.56;4086748
20100623;40.57;40.82;39.78;40.15;4203100
20100624;39.79;40.18;39.15;39.4;6927369
20100625;39.52;41.01;39.23;41.01;9625510
20100628;41;41.15;39.86;40.04;6582470
20100629;39.33;39.5;37.88;38.18;7918908
20100630;38.19;38.61;37.67;37.76;5568968
20100701;37.95;38.08;36.22;37.38;7244012
20100702;37.73;37.98;36.78;37.2;5425090
20100706;37.89;38.15;36.85;37.34;6759340
20100707;37.73;38.66;37.09;38.6;7188614
20100708;39.14;39.55;38.8;39.44;6188517
20100709;39.25;40.18;39.15;40.1;3892776
20100712;39.94;40.35;39.42;39.57;3607367
20100713;40.13;41.17;40.06;40.93;7182264
20100714;40.72;40.72;39.59;39.98;5413736
20100715;40.03;40.17;38.21;39.09;11031020
20100716;38.72;38.89;37.66;37.8;7179416
20100719;37.97;38.05;37.15;37.42;5973745
20100720;36.69;37.88;36.61;37.81;8541532
20100721;38.48;38.5;36.78;36.89;11133249
20100722;37.54;39.35;37.36;39.29;13084030
20100723;39.2;39.78;38.63;39.54;6161947
20100726;39.5;39.95;39.24;39.84;3722991
20100727;40.31;40.43;39.55;39.63;7142760
20100728;39.39;40.22;39.22;39.3;5929291
20100729;39.81;40.75;39.04;40.2;11875023
20100730;41.25;42.3;40.5;42.06;11496791
20100802;41.72;43.12;41.72;42.73;14208571
20100803;42.24;42.84;41.49;41.68;66415683
20100804;41.99;41.99;40.98;41.68;21027793
20100805;41.51;41.98;41.12;41.85;8955462
20100806;41.43;41.76;40.73;41.42;9578932
20100809;41.82;42.36;41.56;42.32;8454488
20100810;41.99;42.73;41.54;42.42;12195142
20100811;41.57;41.7;40.63;40.65;11161253
20100812;39.83;40.22;39.72;39.86;9008155
20100813;40.53;40.55;39.52;39.56;7641854
20100816;39.33;39.41;37.87;38.83;10103336
20100817;39.39;39.72;39.11;39.24;7799385
20100818;39.41;39.67;38.58;39.46;8616041
20100819;39.21;39.78;37.78;37.95;10993524
20100820;37.61;37.82;36.85;37.28;11347769
20100823;36.81;37.66;36.66;37.14;11686558
20100824;36.6;37.3;36.17;36.49;19680256
20100825;36.27;37.07;35.38;36.95;17470212
20100826;37.11;37.44;36.29;36.52;7938875
20100827;36.81;38.02;36.1;37.82;16611374
20100830;37.63;37.88;37.04;37.07;7909425
20100831;37.05;38.05;36.72;37.65;14287288
20100901;38.06;39.57;38.06;39.54;12523614
20100902;39.6;40.17;39.52;40.13;6990155
20100903;40.93;41.5;40.44;41.46;12234187
20100907;40.98;41.01;40.06;40.11;7417207
20100908;40.47;40.99;40.15;40.62;5391860
20100909;41.41;41.58;40.5;40.86;4690353
20100910;40.92;40.92;40.03;40.49;5836637
20100913;41.12;41.49;40.95;41.3;5328172
20100914;41.01;41.26;40.54;40.96;5983547
20100915;40.63;40.73;40.15;40.68;5838839
20100916;40.5;40.54;40.09;40.39;5673934
20100917;40.69;40.75;40;40.16;8454926
20100920;40.2;41.74;40.16;41.48;8669265
20100921;41.63;41.79;41;41.1;7187661
20100922;40.75;40.77;39.12;39.39;12163560
20100923;39.11;39.11;37.76;37.86;11458629
20100924;39.01;39.17;38.39;39.15;10537362
20100927;39.12;39.19;38.64;38.78;6245559
20100928;38.78;39.38;38.15;39.3;6676072
20100929;39.14;39.29;38.29;38.79;6823762
20100930;38.62;39.3;38.19;38.45;12169099
20101001;38.79;39.35;38.53;38.94;6352119
20101004;38.79;39.63;38.45;38.84;6830944
20101005;39.4;40.02;38.78;39.8;14457698
20101006;39.68;39.87;39.06;39.46;7941347
20101007;39.61;39.96;39.11;39.49;5601617
20101008;39.55;39.63;38.86;39.18;6857128
20101011;39.16;39.36;38.74;38.88;4369738
20101012;38.66;39.27;38.23;39.19;7524775
20101013;39.41;40.23;39.4;39.76;6647498
20101014;39.63;40.36;39.21;39.64;6808476
20101015;39.99;40.08;38.26;39.22;13594331
20101018;39.36;40.59;39.27;40.48;18535336
20101019;40.13;40.74;39.59;39.93;17291176
20101020;39.97;40.65;39.7;40.34;10459647
20101021;40.52;40.71;40.02;40.44;15674384
20101022;40.43;40.63;40.12;40.34;18442235
20101025;40.7;40.87;39.86;40.16;17659829
20101026;39.99;40.62;39.99;40.51;5857282
20101027;40.2;40.8;39.92;40.38;6056727
20101028;40.71;40.95;39.85;40.46;5687665
20101029;39.2;40.99;39.16;40.33;8503436
20101101;40.9;41.15;39.63;39.96;5714405
20101102;40.47;40.64;40;40.21;3618697
20101103;40.32;41.49;40.13;41.34;9465776
20101104;41.9;42.96;41.83;42.9;12141026
20101105;41.46;42.48;41.42;42.1;10035548
20101108;41.83;42.09;41.33;41.59;5215291
20101109;41.63;41.77;40.39;40.53;8204275
20101110;40.79;41.1;40.07;40.92;8392313
20101111;40.13;40.43;39.68;40.13;7986413
20101112;39.66;40.34;39.49;39.64;7527659
20101115;39.8;40.39;39.6;39.73;5696660
20101116;39.48;39.67;38.6;38.87;8783602
20101117;38.97;39.13;38.46;38.62;7509825
20101118;39.33;39.59;39.07;39.17;5588019
20101119;39.13;39.2;38.7;38.85;6450515
20101122;38.6;38.77;38.26;38.73;5289338
20101123;38.3;38.3;37.82;37.84;7713070
20101124;38.24;38.36;38.01;38.23;5068439
20101126;37.85;38.03;37.64;37.74;6889055
20101129;37.58;38.15;37.33;38.06;6555648
20101130;37.8;38.41;37.56;38.15;9698846
20101201;38.91;39.37;38.52;39.3;8270498
20101202;39.28;40.52;39.19;40.47;9087841
20101203;40.08;40.31;39.65;40.14;11635010
20101206;40.24;40.93;39.91;40.75;8602996
20101207;41.22;41.41;41;41.17;9456141
20101208;41.05;43.34;41.05;42.79;14810851
20101209;42.98;44.15;42.96;44.08;11242200
20101210;44.14;44.21;43.28;43.97;8237208
20101213;44.3;44.46;43.81;43.92;6941753
20101214;44.01;44.45;43.59;43.76;8934032
20101215;43.59;44.33;43.59;43.62;5887957
20101216;43.59;43.97;43.29;43.58;6475307
20101217;43.48;43.97;43.35;43.93;7965697
20101220;44.09;44.54;44.06;44.2;5167912
20101221;44.47;44.73;44.25;44.54;3753829
20101222;44.68;45.09;44.53;44.73;4820058
20101223;44.65;44.93;44.44;44.64;2904428
20101227;44.34;44.95;44.26;44.76;2908550
20101228;44.8;45.06;44.49;44.92;4230487
20101229;44.95;45.07;44.69;44.75;2440908
20101230;44.71;44.8;44.3;44.45;2016905
20101231;44.35;44.68;44.24;44.44;2291408
20110103;44.95;46.38;44.85;46.11;5904706
20110104;46.24;46.37;45.44;45.83;5224960
20110105;45.35;46.48;45.32;46.42;6583986
20110106;46.56;46.86;46.24;46.38;6333396
20110107;46.57;46.84;45.67;46.07;4744586
20110110;45.64;45.71;45.05;45.44;5001136
20110111;45.77;46.16;45.56;45.86;3851910
20110112;46.34;46.95;46.22;46.58;4768638
20110113;46.45;46.49;45.45;45.63;5071667
20110114;45.6;46.62;45.5;46.62;4710646
20110118;46.58;46.83;46.04;46.74;5657088
20110119;46.38;46.59;45.36;45.59;6215118
20110120;45.67;46.01;44.77;45.51;7077442
20110121;46.06;46.36;45.61;46.21;4838294
20110124;46.28;46.38;45.81;46.07;4367588
20110125;45.91;46.43;45.65;46.38;3899836
20110126;46.45;46.91;46.39;46.56;3974966
20110127;46.61;47.29;46.39;47.16;4321787
20110128;46.73;47.26;45.47;45.5;6625437
20110131;45.67;46.16;45.41;45.77;4448697
20110201;46.24;47.13;46.18;46.96;5964451
20110202;46.69;47.09;46.05;46.18;4585673
20110203;46.29;46.63;45.73;46.53;5528391
20110204;46.37;47.5;46.37;47.34;6569063
20110207;47.39;48.72;47.29;48.63;7831084
20110208;48.66;48.72;48.19;48.47;6396828
20110209;47.9;48.35;47.47;47.6;6985052
20110210;46.67;47.97;46.5;47.27;9922738
20110211;47.16;48.59;46.82;48.23;5152294
20110214;47.9;48.01;46.66;46.9;5641547
20110215;46.6;47.12;46.52;46.88;4464107
20110216;46.99;47.67;46.96;47.52;5327967
20110217;47.32;47.88;47.15;47.72;4285642
20110218;47.63;47.85;47.26;47.65;5240712
20110222;46.67;47.12;45.91;46.27;6690908
20110223;45.18;46.42;45.09;45.79;6568790
20110224;45.73;46.3;45.53;46.22;5369536
20110225;46.48;46.85;46.34;46.78;3742528
20110228;46.96;47.48;46.7;47.36;6273236
20110301;47.5;47.61;45.76;46.04;8222096
20110302;44.69;44.77;43.35;43.41;34592203
20110303;44.16;45.25;44.01;45.25;134994076
20110304;45.66;45.76;44.68;45.57;30243711
20110307;45.68;46.13;45.18;45.53;20343659
20110308;45.85;46.36;45.48;46.31;18154668
20110309;46.17;46.73;46.17;46.3;11834410
20110310;45.83;45.96;45.1;45.67;14007965
20110311;45.12;46.04;44.81;45.85;11073130
20110314;44.68;45.06;44.58;44.74;16240557
20110315;43.25;43.65;41.25;43.4;33497577
20110316;43.33;43.52;41.26;42.28;30253822
20110317;43.15;43.2;42.28;42.98;10709664
20110318;43.79;44.39;43.15;44.02;16362189
20110321;44.69;44.77;44.22;44.59;7601130
20110322;44.4;45.24;44.4;44.58;9824526
20110323;44.42;44.62;43.7;44.35;8066785
20110324;44.67;44.88;44.26;44.68;5900270
20110325;44.96;45.25;44.51;45.05;5549424
20110328;45;45.25;44.8;44.82;4639423
20110329;44.58;44.79;43.93;44.41;7369686
20110330;44.67;45.13;44.54;44.85;7078446
20110331;44.53;45.29;44.3;44.73;9992292
20110401;44.95;45.75;44.89;45.26;6229479
20110404;44.97;45.76;44.97;45.73;6565410
20110405;45.5;45.6;44.86;44.98;7357803
20110406;45.16;45.61;44.92;45.5;7039375
20110407;45.36;45.66;44.78;44.99;7700058
20110408;45.14;45.38;44.36;44.53;5247526
20110411;44.54;45.08;44.39;44.58;5889918
20110412;44.24;44.96;44;44.77;6159839
20110413;44.96;45.1;44;44.17;5935032
20110414;44;44.33;43.5;44.13;5326562
20110415;44.4;44.47;43.8;43.96;5072513
20110418;43.23;43.46;42.76;43.37;7070559
20110419;43.57;43.57;42.93;43.28;6959541
20110420;43.99;44.41;43.8;43.84;5418793
20110421;44.24;44.4;43.76;44.38;3991523
20110425;44.2;44.39;43.94;44.31;4393167
20110426;44.51;44.97;44.46;44.75;6054400
20110427;44.92;45.45;44.39;45.37;6580889
20110428;45.49;46.65;45.48;46.45;8054702
20110429;46.36;46.79;46.04;46.79;7900517
20110502;46.98;47.1;46.19;46.49;8100647
20110503;46.13;46.92;46.11;46.43;5428909
20110504;46.24;46.5;45.65;46.15;6869912
20110505;45.86;45.88;44.29;44.75;13571468
20110506;45.41;45.56;44.42;44.83;8772628
20110509;44.75;44.96;44.49;44.58;5612959
20110510;44.91;45.43;44.6;45.27;6970581
20110511;45.08;45.79;44.91;45.14;7242407
20110512;45.09;45.26;44.56;45.07;5960887
20110513;45.13;45.2;44.1;44.41;6966412
20110516;44.18;44.71;44;44.13;6194523
20110517;43.99;44.36;43.73;44.33;7220554
20110518;44.33;44.76;44.12;44.72;4474061
20110519;44.94;45.22;44.55;45.19;7049464
20110520;45.04;45.25;44.12;44.22;5402656
20110523;43.34;43.81;43.24;43.44;5290110
20110524;43.58;43.78;43.25;43.42;6696529
20110525;43.09;43.93;43.04;43.4;6504181
20110526;43.21;43.63;42.92;43.46;6814421
20110527;43.65;44.1;43.43;43.76;4919957
20110531;44.18;44.45;43.63;44.1;6133091
20110601;43.76;44.04;42.56;42.63;12960026
20110602;42.67;43.07;42.46;42.68;6834007
20110603;42.09;42.11;41.52;41.77;10820808
20110606;41.61;41.87;40.92;41.41;7157007
20110607;41.85;42.05;41.38;41.39;7946107
20110608;41.18;41.56;41;41.24;6009383
20110609;41.35;41.86;41.04;41.66;4671240
20110610;41.35;41.51;40.44;40.91;8928374
20110613;40.99;41.23;40.68;41.11;5378381
20110614;41.63;42.03;41.22;41.28;6974062
20110615;40.91;40.91;39.13;39.24;15814199
20110616;39.42;40.31;39.32;39.87;10274058
20110617;40.31;40.61;40.11;40.37;8772925
20110620;40.18;40.84;39.96;40.52;5005906
20110621;40.71;41.91;40.71;41.62;9623471
20110622;41.47;42.07;41.35;41.6;6992511
20110623;41;41.45;40.37;41.25;9428442
20110624;41.22;41.35;40.69;40.99;12497820
20110627;40.9;41.5;40.85;41.36;4526314
20110628;41.67;42.09;41.48;42.03;5049890
20110629;42.57;43.58;42.48;43.46;10551004
20110630;43.67;44.04;43.37;43.87;7204065
20110701;43.94;44.56;43.69;44.38;7074901
20110705;44.4;44.4;43.36;43.72;6772514
20110706;43.6;43.68;43.06;43.32;8257875
20110707;43.93;44.31;43.84;44.27;6184317
20110708;43.59;43.77;43.33;43.52;8117208
20110711;42.76;43.19;41.87;42;6988858
20110712;41.78;42.56;41.46;41.5;6579153
20110713;41.83;42.48;41.41;41.84;6654012
20110714;41.96;42.28;41.51;41.79;6527564
20110715;42.02;42.12;41.25;41.57;7708407
20110718;41.28;41.29;39.95;40.48;7671390
20110719;40.7;40.83;40.06;40.49;7686742
20110720;40.7;41.13;40.43;40.89;5622566
20110721;42.19;42.86;41.66;42.04;8552806
20110722;42.06;42.06;41.35;41.74;4937420
20110725;41.26;41.51;40.89;41.28;6041133
20110726;41.19;41.56;40.99;41.1;5752024
20110727;40.8;40.92;39.51;39.59;8722654
20110728;39.93;40.45;39.53;39.81;9654485
20110729;40.7;41.48;40.14;41.21;17077835
20110801;41.73;41.98;40.53;41;11058661
20110802;40.54;40.75;39.59;39.6;10398395
20110803;39.62;39.88;38.63;39.45;11632195
20110804;38.93;39.12;36.76;36.9;16686676
20110805;37.49;37.62;34.93;36.35;22228083
20110808;35.27;36.06;32.35;32.74;23642347
20110809;33.33;34.95;31.91;34.88;23124918
20110810;33.98;33.99;31.73;31.83;22446544
20110811;31.94;34.11;31.62;33.5;19802007
20110812;34.06;34.38;33.15;33.26;13522848
20110815;33.65;34.54;33.44;34.42;8563065
20110816;33.88;34.34;33.31;33.62;10723983
20110817;33.94;34.51;33.35;33.79;10470243
20110818;32.41;32.55;31.51;31.87;14722723
20110819;31.37;32.63;31.07;31.13;12174830
20110822;32.03;32.19;30.5;30.56;9394380
20110823;30.71;31.64;30.12;31.63;15938685
20110824;31.58;32.66;31.27;32.6;10878519
20110825;32.87;33.6;31.24;31.53;10757609
20110826;31.15;31.92;30.42;31.46;9929317
20110829;32.09;33.45;32.09;33.31;7685890
20110830;32.97;33.27;32.35;32.98;7101786
20110831;33.34;33.96;33.09;33.6;8977846
20110901;33.5;33.63;32.35;32.37;9595493
20110902;31.39;31.65;30.75;30.77;9814468
20110906;29.18;29.81;28.84;29.5;15588380
20110907;30.3;31.5;30.07;31.4;9433971
20110908;30.93;31.21;29.99;30.04;11668171
20110909;29.52;30.09;29.1;29.88;14093507
20110912;29.21;30.39;29.04;30.3;13076306
20110913;30.32;30.85;30.06;30.55;10447463
20110914;30.86;31.77;30.09;31.19;11225657
20110915;31.59;32.57;31.37;32.52;11995642
20110916;32.85;33.43;32.28;33.04;13327120
20110919;32.04;32.04;30.54;31.51;17492469
20110920;31.72;32.09;31.06;31.07;8191558
20110921;31.02;31.34;28.99;29.03;11644245
20110922;28.09;28.33;26.39;26.95;22318831
20110923;26.91;27.4;26.65;26.82;16141545
20110926;27.42;28.61;26.9;28.57;13481218
20110927;29.54;30.45;28.92;29.23;15250608
20110928;29.39;29.72;28.16;28.19;7835421
20110929;29.21;29.91;28.46;29.3;9981388
20110930;28.62;28.95;27.99;28.01;9184743
20111003;28.01;28.41;26.6;26.6;11802978
20111004;26.2;27.59;25.61;27.49;17002945
20111005;27.53;29.38;27.19;29.2;15683315
20111006;29.01;30.69;28.63;30.69;18052701
20111007;30.93;30.99;28.76;28.8;13064610
20111010;29.65;30.4;29.64;30.4;9337253
20111011;30.17;31.39;29.83;30.58;11137637
20111012;30.87;32.3;30.57;31.75;13633969
20111013;32.94;32.96;30.54;31.24;10202674
20111014;31.86;32.5;31.41;32.17;8707429
20111017;31.97;31.97;30.75;30.84;7910714
20111018;30.97;32.8;30.21;32.43;10604598
20111019;32.32;32.64;31.3;31.38;8146381
20111020;31.52;32.17;30.63;32.1;24390363
20111021;32.76;33.65;32.54;33.51;25914993
20111024;33.5;35;33.43;34.69;33632654
20111025;33.95;34.1;32.73;32.83;11183559
20111026;31.75;33.41;31.35;33.19;22650035
20111027;35.03;36.33;34.3;35.66;18107803
20111028;36.86;37.4;36.12;36.82;15973410
20111031;35.76;36.3;35.1;35.16;13012549
20111101;32.92;33.99;32.64;32.96;13911897
20111102;33.8;34.71;33.68;34.51;9773242
20111103;34.84;35.19;33.68;34.95;11731781
20111104;34.4;34.95;33.82;34.77;6316684
20111107;33.81;34.11;33.06;33.84;18034324
20111108;34.22;34.34;33.45;34.24;9446850
20111109;32.86;33.01;31.94;32.05;10374592
20111110;32.81;32.94;31.92;32.31;8314231
20111111;32.71;33.41;32.61;33.07;6424328
20111114;32.91;32.91;31.92;32.38;8284193
20111115;31.92;32.51;31.7;32.18;6902259
20111116;31.74;32.79;31.65;31.97;9903521
20111117;31.91;32;30.51;30.71;11917738
20111118;30.69;30.98;30.06;30.62;17736503
20111121;29.96;30.17;29.34;29.9;9057092
20111122;29.75;30.35;29.38;29.41;10113965
20111123;29.08;29.12;27.83;27.86;10313937
20111125;27.72;28.71;27.67;27.91;3696022
20111128;29.07;29.57;28.57;29.14;20023588
20111129;29.13;29.39;28.72;28.9;10434235
20111130;30.16;31.58;29.89;31.48;15550116
20111201;31.38;31.55;30.85;31.13;7702561
20111202;31.63;32.27;31.55;31.76;9665680
20111205;33.14;33.7;32.55;32.92;13791718
20111206;32.77;33.2;32.22;32.89;8367418
20111207;32.62;33.22;32;32.98;8399923
20111208;32.52;32.55;30.86;30.96;10654219
20111209;31.3;32.02;31.16;31.79;7581859
20111212;31.39;31.41;30.6;31.07;7271179
20111213;31.42;31.84;30.14;30.5;9459232
20111214;30.32;31.22;30.09;30.53;8427809
20111215;31.18;31.32;30.31;30.36;8408815
20111216;30.55;30.88;30.05;30.23;10199455
20111219;30.26;30.39;28.93;29.03;9726742
20111220;29.71;30.49;29.71;30.17;11174106
20111221;30.2;30.45;29.92;30.41;7471680
20111222;30.56;31.15;30.44;31.03;6485022
20111223;31.11;31.19;30.81;31.1;4882688
20111227;31.6;31.79;31.17;31.2;6285323
20111228;31.1;31.43;30.7;30.83;6561843
20111229;31.06;31.52;30.9;31.42;5724006
20111230;31.3;31.37;31.06;31.18;4599961
20120103;32.07;32.52;31.99;32.04;9683771
20120104;31.87;32.38;31.35;32.21;7788571
20120105;32.03;33.31;31.64;32.99;10342644
20120106;33.12;33.49;32.66;32.9;8520291
20120109;33.45;33.53;32.84;33.26;7954857
20120110;33.92;34.83;33.78;34.55;11577202
20120111;34.4;35.84;34.19;35.79;13930521
20120112;35.96;36.4;35.44;35.93;11181563
20120113;35.17;35.31;33.88;35.24;10962594
20120117;35.62;35.98;34.5;34.65;10763526
20120118;34.66;35.68;34.4;35.61;7859756
20120119;36.28;36.45;35.65;35.82;9458782
20120120;35.7;36.48;35.47;36.35;8231093
20120123;36.3;37.32;36.27;36.76;8483631
20120124;36.26;37.03;35.83;36.91;8673094
20120125;36.62;36.94;35.11;35.95;14624745
20120126;36.06;36.12;33.83;34.5;27605004
20120127;34.32;35.71;34.26;35.52;14043270
20120130;35.16;35.97;34.87;35.71;12574268
20120131;36;36.32;35.23;35.33;7518494
20120201;35.64;36.5;35.42;36.12;8264602
20120202;36.45;36.45;36.02;36.38;4517688
20120203;37.02;37.96;37.01;37.63;9495900
20120206;37.48;37.73;37.25;37.68;6396428
20120207;37.4;37.89;37.15;37.7;4744947
20120208;37.76;38.22;37.4;37.69;7179687
20120209;37.87;37.98;36.91;37.25;8904203
20120210;36.75;36.93;36.34;36.89;6235712
20120213;37.39;37.85;37.12;37.68;7221351
20120214;37.38;37.4;36.66;37.32;9705215
20120215;37.86;38.49;37.7;37.89;13586850
20120216;37.71;38.67;37.33;38.67;9568214
20120217;38.56;38.94;38.5;38.86;7575519
20120221;38.92;39.21;38.6;38.73;6484822
20120222;38.6;38.81;37.77;37.9;6921290
20120223;38.1;38.3;37.73;38.21;8476499
20120224;38.28;38.3;37.68;37.76;5721634
20120227;37.41;38.27;37.12;38.07;7273637
20120228;38.15;38.51;37.95;38.29;7901703
20120229;38.29;38.98;38.29;38.55;7974325
20120301;38.82;39.21;38.62;38.97;6567591
20120302;38.96;39.03;38.41;38.46;4386447
20120305;38.57;39.14;38.1;38.67;5504800
20120306;37.96;38.01;37.26;37.41;7225558
20120307;37.6;38.07;37.53;37.89;4183618
20120308;38.2;38.52;37.75;38.09;5560298
20120309;38.16;38.71;38.08;38.42;4055662
20120312;38.4;38.4;37.43;37.68;8917082
20120313;38.13;39.55;38.02;39.46;12235311
20120314;38.39;38.5;37;37.16;32580756
20120315;37.43;38.45;37.32;38.41;14170646
20120316;38.61;39.18;38.23;38.38;10659233
20120319;38.52;39.34;38.45;38.79;9175369
20120320;38.35;38.93;37.92;38.75;8693746
20120321;38.92;39.24;38.6;38.63;8622106
20120322;38.11;38.18;36.89;37.14;11742584
20120323;37.22;37.71;37.02;37.64;9860602
20120326;38.15;38.64;37.97;38.31;7969739
20120327;38.44;38.54;37.76;37.76;9612702
20120328;37.64;37.88;37.35;37.67;7232129
20120329;37.3;37.36;36.53;37.14;8768896
20120330;37.5;37.56;37.01;37.35;8377448
20120402;37.42;38.29;37.32;38;6683410
20120403;37.85;38.09;37.08;37.68;9199124
20120404;36.96;37.18;36.82;36.82;6528560
20120405;36.57;36.85;36.27;36.46;5798861
20120409;35.68;35.88;35.36;35.74;6502551
20120410;35.72;35.77;34.77;34.86;8114944
20120411;35.41;35.63;35.2;35.33;6463064
20120412;35.47;36.44;35.41;36.34;5462836
20120413;36.15;36.39;35.46;35.64;6683946
20120416;35.78;35.99;35.12;35.49;5696899
20120417;35.65;36.39;35.65;36.29;5965271
20120418;35.94;36.25;35.69;35.8;8182763
20120419;35.87;35.97;35;35.38;8433026
20120420;35.75;35.88;34.86;34.96;9337317
20120423;34.43;35.5;34.3;35.39;13145254
20120424;35.55;36.1;35.33;35.58;6257516
20120425;35.92;36.24;35.5;35.97;6005716
20120426;35.92;36.47;35.8;36.47;6417131
20120427;36.4;36.5;35.52;36.31;11386534
20120430;36.23;36.23;35.79;36.03;5875838
20120501;35.89;36.46;35.78;36.08;10285909
20120502;35.86;35.9;35.16;35.82;6867161
20120503;35.76;35.87;34.87;35.16;9436845
20120504;35.06;35.1;33.81;34.24;10113640
20120507;34.68;34.94;34.1;34.55;9039695
20120508;34.23;34.83;34;34.44;7096419
20120509;33.91;34.15;33.4;33.92;7124514
20120510;34.42;35.04;34.32;34.61;8098852
20120511;34.1;34.92;33.82;34.69;9568719
20120514;34.39;34.58;34.03;34.08;6672347
20120515;34;34.07;33.05;33.21;9788790
20120516;33.45;33.46;31.6;31.63;14274106
20120517;31.68;31.74;30.73;30.85;15592536
20120518;30.91;31.26;29.79;30.21;14589319
20120521;30.39;31.12;30.13;30.91;10997232
20120522;31.07;31.71;30.81;31.07;9647850
20120523;30.69;31.07;29.87;30.96;15022094
20120524;31.12;31.23;29.93;30.65;12949302
20120525;30.59;30.77;30.24;30.33;6971208
20120529;30.61;31.05;30.39;30.67;8426661
20120530;30.2;30.33;29.52;29.61;11150506
20120531;29.53;29.74;28.9;29.21;24674616
20120601;28.54;28.74;27.82;27.83;15047092
20120604;27.96;28.34;27.7;27.82;11457123
20120605;27.6;28.57;27.6;28.39;11928261
20120606;28.78;29.54;28.54;29.52;11262101
20120607;30.02;30.52;29.41;29.52;11474718
20120608;29.46;29.75;29;29.75;8010167
20120611;30.24;30.28;29.46;29.49;10807480
20120612;29.2;29.71;29.2;29.52;9642851
20120613;29.31;29.84;29.13;29.32;8907508
20120614;29.35;29.48;28.95;29.17;11588460
20120615;29.49;29.98;29.23;29.96;10198943
20120618;29.79;29.82;29.19;29.42;9030730
20120619;29.7;31.12;29.69;30.88;12932325
20120620;30.94;31.19;30.56;30.83;9595168
20120621;30.96;31.1;29.66;29.71;11076616
20120622;29.99;30.32;29.84;30.03;7328190
20120625;29.58;29.58;29;29.15;8770388
20120626;29.28;29.66;28.96;29.44;8361627
20120627;29.58;29.9;29.25;29.75;4883415
20120628;29.45;29.52;28.9;29.49;7444077
20120629;30.32;30.87;30.2;30.85;9063460
20120702;31.31;31.31;30.27;30.66;5034832
20120703;30.65;31.49;30.41;31.21;3995285
20120705;31.07;31.14;30.51;30.67;4920721
20120706;30.16;30.59;29.98;30.51;5037981
20120709;30.38;30.43;30;30.23;6120155
20120710;30.48;30.78;29.92;30.09;6678409
20120711;30.14;30.75;30.13;30.6;7249623
20120712;30.23;30.23;29.73;29.89;8199363
20120713;29.96;30.94;29.96;30.89;5315383
20120716;30.84;30.84;30.21;30.39;5566999
20120717;30.55;30.88;30.02;30.84;5568163
20120718;30.58;31.17;30.46;30.96;6170730
20120719;31;31.21;30.64;30.78;5739846
20120720;30.41;30.41;29.46;29.53;11372661
20120723;28.96;29.29;28.51;29.15;7911663
20120724;29.2;29.25;28.33;28.68;10993118
20120725;28.87;29.11;28.46;28.64;7102508
20120726;29.2;29.48;28.86;29.34;7336524
20120727;29.42;30.63;29.23;30.44;9463939
20120730;30.22;30.71;30.12;30.65;6791771
20120731;30.58;30.99;30.45;30.77;7268695
20120801;30.82;31;30.07;30.43;11135406
20120802;30.32;32.5;30.31;31.7;17559878
20120803;32.28;33.49;32.24;33.19;13281805
20120806;33.14;33.94;33.14;33.45;8108447
20120807;33.64;34.42;33.44;34.31;11101138
20120808;34.02;34.55;33.92;34.4;6916615
20120809;34.35;34.97;34.22;34.65;7267734
20120810;34.57;35.07;34.45;34.97;5715503
20120813;34.78;35.03;34.47;34.97;5637668
20120814;35.21;35.25;34.84;34.98;6936194
20120815;34.75;34.99;34.5;34.79;7320848
20120816;34.83;35.05;34.51;34.58;9365690
20120817;34.68;34.8;34.38;34.79;7391184
20120820;34.77;34.99;34.58;34.99;6370238
20120821;35.05;35.9;35.05;35.33;11030931
20120822;35.32;35.49;34.57;34.85;8310025
20120823;34.77;34.83;34.38;34.45;7966061
20120824;34.28;34.85;34.2;34.65;5425641
20120827;34.69;34.77;34.28;34.4;5912351
20120828;34.25;34.57;34.11;34.27;5955450
20120829;34.36;34.49;33.98;34.18;6370745
20120830;33.95;34.13;33.59;33.99;5742593
20120831;34.27;34.67;33.97;34.13;5887255
20120904;34.14;34.29;33.78;34;5929726
20120905;34.09;34.19;33.89;34.01;6786061
20120906;34.26;35.21;34.18;34.96;10030660
20120907;35.21;35.8;35.12;35.28;8669711
20120910;35.34;35.43;34.93;34.98;7814609
20120911;35.15;35.53;35;35.36;4468503
20120912;35.64;36;34.29;34.63;17108156
20120913;34.63;35.58;33.91;35.46;16609684
20120914;35.69;36.52;35.66;36.25;12500807
20120917;36;36.5;35.74;35.91;8380572
20120918;35.64;35.64;35.01;35.16;8597343
20120919;35.3;35.46;34.95;34.96;7081739
20120920;34.63;34.81;34.36;34.7;10609995
20120921;34.88;35.03;34.49;34.87;15573337
20120924;35.69;35.69;34.9;35.42;9681288
20120925;35.63;35.81;34.71;34.71;15677373
20120926;34.52;34.6;33.69;33.99;9615578
20120927;34.36;34.62;34.09;34.49;9598846
20120928;34.24;34.7;34.15;34.46;11698265
20121001;34.75;35.03;34.16;34.33;8093557
20121002;34.51;34.75;34.05;34.33;11422885
20121003;34.26;34.43;33.88;34.26;7807801
20121004;34.4;35.14;34.26;35.02;8160924
20121005;35.22;35.94;34.89;35.16;13991238
20121008;35;35.27;34.77;35.23;5043965
20121009;35.29;35.44;34.93;35.12;7003240
20121010;35.16;35.3;34.6;34.67;7680803
20121011;35.1;35.72;34.82;35.36;12078091
20121012;35.23;35.37;34.63;35;7168629
20121015;35.22;35.25;34.74;34.95;7546502
20121016;35.22;36.5;35.14;36.35;14183259
20121017;36.46;37.19;36.4;37.08;12419719
20121018;36.96;37.41;36.9;37.11;10618231
20121019;37;37;35.63;35.93;12857847
20121022;35.87;36.21;35.58;36.14;5680885
20121023;35.46;35.56;34.94;34.98;8712986
20121024;35.22;35.48;34.87;34.91;6289888
20121025;35.35;35.75;35.22;35.65;27622885
20121026;35.55;35.74;34.92;35.22;27311284
20121031;35.6;36.01;35.01;35.49;6401614
20121101;35.43;35.59;34.71;35.48;15108320
20121102;35.68;35.75;34.7;34.7;17524454
20121105;34.56;34.87;34.13;34.69;7655447
20121106;34.76;35.29;34.54;35.03;9481026
20121107;33.72;33.89;32.58;32.59;16599846
20121108;32.61;33.12;31.99;32;10011801
20121109;31.8;32.6;31.69;32.02;9251013
20121112;32.09;32.18;31.72;32.04;18701960
20121113;31.63;32.32;31.43;31.47;7181507
20121114;31.55;31.75;30.83;30.91;9960741
20121115;30.7;31.6;30.55;31.34;11703963
20121116;31.35;31.59;31.03;31.56;7807631
20121119;31.97;32.1;31.78;32.02;7438561
20121120;31.86;32.39;31.55;32.38;10716227
20121121;32.5;32.84;32.22;32.84;11529991
20121123;33;33.23;32.93;33.23;3269475
20121126;32.89;33.17;32.74;33.13;8522588
20121127;32.97;33.13;32.59;32.62;6754984
20121128;32.37;32.95;32.23;32.94;7022479
20121129;33.18;33.47;33.06;33.35;9253006
20121130;33.29;33.58;33.14;33.19;7030445
20121203;33.35;33.72;33.3;33.38;8905922
20121204;33.35;33.55;33.21;33.32;6667731
20121205;33.3;33.58;33.08;33.32;17581498
20121206;33;33.07;32.7;32.91;10586651
20121207;33.1;33.31;32.74;32.89;8329961
20121210;32.75;33.08;32.55;33.07;6827247
20121211;33.28;33.31;32.92;33.21;7496795
20121212;33.29;34;33.28;33.61;16762368
20121213;33.6;34.33;32.71;32.83;23948618
20121214;32.74;32.8;31.79;31.84;17308941
20121217;31.99;32.12;31.84;32.03;16092518
20121218;32.03;33.22;31.96;33.14;23845496
20121219;33.27;33.46;33.04;33.22;14770346
20121220;33.31;33.81;33.05;33.8;8825558
20121221;33.39;33.56;32.93;33.07;15104916
20121224;32.87;33.01;32.72;32.89;2875287
20121226;32.92;33.08;32.62;32.79;4800015
20121227;32.84;33.04;32.2;32.88;9337689
20121228;32.62;32.69;32.24;32.27;4926394
20121231;32.13;32.95;32;32.94;8604728
20130102;34.04;35.17;33.93;35.15;19439363
20130103;35.11;35.37;34.75;35.1;12745140
20130104;35.43;36.2;35.32;35.95;13825075
20130107;36.16;36.16;35.51;35.79;8446904
20130108;35.7;36.77;35.69;36;10811119
20130109;35.91;36.39;35.9;36.05;10814297
20130110;36.32;36.62;36.18;36.59;8144813
20130111;36.48;36.57;36.12;36.34;5598388
20130114;36.44;36.46;35.74;36.3;5456447
20130115;35.94;36.4;35.89;36.29;5776604
20130116;36.12;36.58;36.06;36.35;6566394
20130117;36.48;36.66;36.29;36.36;8536197
20130118;36.44;36.56;36.07;36.31;7544056
20130122;36.26;37.19;36.26;37.14;7665898
20130123;37;37.37;36.94;37.35;6679036
20130124;37.38;37.49;36.67;36.83;8053355
20130125;37.09;37.69;36.99;37.65;8062308
20130128;37.73;38.1;37.45;37.63;8332884
20130129;37.54;37.88;37.35;37.72;5820879
20130130;37.65;37.88;37.2;37.25;7162170
20130131;37.25;37.45;36.98;37.34;5751977
20130201;37.83;38.25;37.59;38.2;9491145
20130204;37.71;37.8;37.22;37.23;9730627
20130205;37.64;37.94;37.51;37.61;5114175
20130206;37.08;37.57;36.91;37.57;5660916
20130207;37.58;37.59;36.56;36.94;6386306
20130208;36.96;37.11;36.71;36.9;4899965
20130211;36.89;37.1;36.68;36.9;4571956
20130212;36.92;37.28;36.81;37.13;6302675
20130213;37.2;37.85;36.97;37.5;9129768
20130214;37.04;37.23;36.03;36.69;20884303
20130215;36.95;37.17;36.34;36.44;13014985
20130219;36.61;37.05;36.54;37;8738561
20130220;37.02;37.11;35.78;35.89;10310146
20130221;35.66;35.78;34.96;35.29;11605941
20130222;35.53;35.8;35.44;35.78;7750533
20130225;36.08;36.18;34.62;34.64;12624941
20130226;34.89;35.04;33.89;34.86;12729833
20130227;34.85;35.73;34.81;35.7;7060646
20130228;35.68;35.9;35.16;35.44;10185173
20130301;35.32;35.58;34.76;35.32;7575538
20130304;35.17;35.49;35.01;35.45;5043836
20130305;35.71;36.73;35.51;36.43;12142941
20130306;36.66;36.92;36.39;36.54;6650613
20130307;36.62;37.27;36.61;37.21;8146506
20130308;37.53;39.14;37.53;39.03;19509920
20130311;39.02;39.7;38.57;39.61;11149454
20130312;39.42;39.65;39.32;39.49;15555799
20130313;39.28;40.05;39.25;39.98;11701651
20130314;40.21;40.64;39.97;40.18;9763311
20130315;40.01;40.28;39.79;40.2;10717640
20130318;39.61;39.74;38.93;39.15;11904985
20130319;39.47;39.51;38.28;38.68;12499247
20130320;39;39.24;38.51;38.55;8316827
20130321;38.28;38.49;37.9;38.05;10757378
20130322;38.26;38.42;38.06;38.4;11344928
20130325;38.88;38.89;37.95;38.2;7817108
20130326;38.42;38.62;38.2;38.58;5903018
20130327;38.15;38.22;37.66;38.16;5780787
20130328;38.05;38.2;37.8;38.02;5599230
20130401;38.04;38.3;37.5;37.64;4610569
20130402;37.88;38.36;37.81;38.16;5796452
20130403;38.11;38.14;37.01;37.15;7852514
20130404;37.24;37.48;37;37.39;5795849
20130405;35.93;36.64;35.61;36.58;14116242
20130408;36.64;36.65;36;36.39;9301980
20130409;36.52;37.19;36.3;36.99;8030832
20130410;37.24;38.19;37.19;37.67;6948298
20130411;37.73;37.85;37.3;37.38;5992541
20130412;37.04;37.41;36.52;36.8;5731938
20130415;36.61;36.84;36.01;36.04;9409152
20130416;36.45;36.93;36.35;36.86;5354653
20130417;36.5;36.81;36.12;36.35;6911008
20130418;36.43;36.43;35.33;35.53;8527230
20130419;35.72;35.87;35.33;35.6;8533769
20130422;35.79;35.96;35.25;35.79;7853405
20130423;36.13;38.35;35.73;37.74;19246654
20130424;38.15;38.59;37.81;38.32;6381595
20130425;38.52;39.25;38.37;38.91;8551100
20130426;38.83;38.97;38.21;38.53;4383034
20130429;38.78;39.44;38.5;39.15;9318515
20130430;39.07;39.26;38.72;38.99;5427558
20130501;38.97;39.1;38.37;38.4;7398048
20130502;38.9;40.11;38.49;39.97;18050747
20130503;40.41;41.21;40.32;40.48;9220559
20130506;40.57;41;40.4;40.75;6043170
20130507;40.94;41.09;40.51;40.78;5509692
20130508;40.67;41.29;40.6;41.25;5563966
20130509;41.2;41.23;40.35;40.59;8274628
20130510;40.75;41.17;40.51;41.16;6917045
20130513;41.1;41.74;41.05;41.6;6426009
20130514;41.42;42.78;41.42;42.76;8706506
20130515;42.65;43.12;42.21;43.04;8049777
20130516;42.96;43.12;42.45;42.57;6680290
20130517;42.72;43.43;42.7;43.28;6839209
20130520;43.19;43.37;42.94;43.3;4349553
20130521;43.26;43.71;42.74;42.82;6532684
20130522;42.87;43.56;42.02;42.26;8501743
20130523;41.67;42.59;41.43;42.49;7614005
20130524;42.09;42.12;41.55;42.04;4997854
20130528;42.73;43.37;42.62;43.24;7287188
20130529;42.8;44.43;42.67;43.93;10925304
20130530;43.86;44.9;43.8;44.34;6454115
20130531;44.03;45.26;43.85;44.21;14592712
20130603;44.67;44.81;43.38;44.41;10270875
20130604;44.35;45.02;43.68;43.96;9991332
20130605;43.9;44.06;42.68;42.99;10408182
20130606;43;43.73;42.46;43.72;7745664
20130607;44.18;45.15;43.92;45.06;7699088
20130610;45.33;45.96;45.15;45.6;8157477
20130611;44.89;45.25;44.44;44.48;7923089
20130612;44.88;45.11;44.24;44.47;5605115
20130613;44.32;45.04;43.9;44.91;5526130
20130614;44.76;44.87;43.76;43.97;6434861
20130617;44.5;45.05;44.42;44.9;6231589
20130618;45.08;45.5;44.87;45.41;4355453
20130619;45.36;46.16;44.74;45.22;10185978
20130620;44.67;46.14;44.54;45.12;11044999
20130621;45.65;45.69;44.38;45.04;13508222
20130624;44.37;44.5;43.35;43.97;10853426
20130625;44.36;45.1;43.91;44.82;9324103
20130626;45.33;45.63;44.67;45.4;8860455
20130627;45.74;46.11;45.52;46.1;8263021
20130628;45.96;46.11;45.61;45.76;6794462
20130701;46.15;46.75;46.14;46.54;6250553
20130702;46.38;46.94;46.32;46.57;6409001
20130703;46.14;46.43;46.01;46.27;3237351
20130705;46.75;47.57;46.75;47.52;5768751
20130708;47.83;48.07;47.55;48.05;5215738
20130709;48.49;48.84;47.98;48.78;7544006
20130710;48.62;49.01;48.42;48.61;6381702
20130711;49.21;49.25;48.02;48.56;8085722
20130712;48.62;49.08;48.24;49.08;6145437
20130715;48.79;49.06;48.49;48.54;6616444
20130716;48.56;48.92;48.02;48.06;5770925
20130717;48.21;48.35;47.49;47.83;6813398
20130718;48.05;48.93;47.73;48.84;9011141
20130719;48.75;48.83;47.94;48.64;6199514
20130722;48.85;49.38;48.76;49.27;7419049
20130723;49.51;49.77;49.23;49.35;5244702
20130724;49.62;49.86;49.01;49.07;5637444
20130725;48.99;49.01;48.42;48.87;6303972
20130726;48.53;48.98;48.3;48.93;5217552
20130729;48.81;48.99;48.43;48.61;3686066
20130730;48.88;48.93;47.93;48.23;5690205
20130731;48.32;49.24;48.25;48.42;9100590
20130801;49.07;51.65;49.07;51.47;11860186
20130802;50.97;51.18;50.55;50.8;7344857
20130805;50.6;51.04;50.09;50.53;5030181
20130806;50.39;50.39;49.46;49.58;5025396
20130807;49.14;49.62;48.69;49.5;6146511
20130808;49.85;50.29;49.03;49.76;6413258
20130809;49.53;49.94;49.33;49.77;4161477
20130812;49.32;49.59;48.83;48.88;4916497
20130813;49.07;49.65;48.65;49.54;6455357
20130814;49.42;49.79;48.64;48.69;5808269
20130815;48.38;48.38;47.67;47.95;7344072
20130816;47.79;48.85;47.76;48.28;5612627
20130819;48.11;48.42;47.57;47.61;4773994
20130820;47.63;48.03;47.11;47.88;4952053
20130821;47.71;48.4;47.33;47.83;6287304
20130822;48.01;48.97;48.01;48.64;6188685
20130823;48.66;48.74;48.07;48.26;5590913
20130826;48.33;48.46;47.89;47.92;5151364
20130827;47.27;47.34;45.79;45.85;9222997
20130828;45.86;46.22;45.52;45.96;6080848
20130829;45.96;46.81;45.85;46.44;4201669
20130830;46.54;46.62;46;46.19;4055182
20130903;46.84;47.67;46.58;47.09;6165443
20130904;48.01;48.98;47.48;48.38;7231863
20130905;48.37;48.95;48.27;48.4;4380945
20130906;48.57;48.6;47.35;47.98;4662154
20130909;48.01;48.53;47.98;48.47;4871574
20130910;48.99;49.78;48.9;49.62;5773282
20130911;49.57;49.78;49.16;49.55;3530614
20130912;49.6;49.67;49.11;49.28;3967676
20130913;49.32;49.33;48.74;48.83;5032656
20130916;49.34;49.72;48.97;49.35;7239035
20130917;49.42;49.99;49.13;49.88;5115184
20130918;49.81;50.79;48.28;48.63;13742469
20130919;48.71;48.75;46.87;47.08;17206386
20130920;47.46;48;47.31;47.49;13837382
20130923;47.44;47.8;47.15;47.36;5694739
20130924;47.29;47.71;46.85;47.11;6109837
20130925;47.13;48.09;47.13;47.85;7588924
20130926;48.05;48.34;47.42;47.58;4783180
20130927;47.14;47.42;46.8;47.21;5860593
20130930;46.6;47.15;46.36;46.95;8537260
20131001;46.95;47.57;46.9;47.43;5610588
20131002;47;47.11;46.44;47.1;7209580
20131003;46.96;47.12;46.12;46.92;5973218
20131004;47.02;47.73;46.81;47.69;5514977
20131007;47.15;47.36;46.64;46.92;3730968
20131008;46.86;47.08;46.26;46.45;5461509
20131009;46.53;46.61;45.75;46.38;6089266
20131010;47.15;48.11;47.12;48.11;5394521
20131011;47.94;48.75;47.78;48.74;5085927
20131014;48.4;48.89;47.96;48.67;4117252
20131015;48.59;48.94;48.3;48.34;3931884
20131016;48.84;49.57;48.6;49.3;5071294
20131017;49.03;49.58;48.77;49.28;5937164
20131018;49.53;49.67;48.81;49.45;5030550
20131021;49.52;49.63;49.18;49.58;3453894
20131022;49.66;49.81;49;49.16;5455690
20131023;48.86;48.96;47.95;48.26;5796912
20131024;48.29;48.63;47.92;48.57;5439470
20131025;48.71;49.06;48.48;48.63;4896032
20131028;48.65;48.76;48.25;48.59;4697538
20131029;48.72;49.25;48.6;49.2;4848981
20131030;49.3;49.4;48.59;49;4347993
20131031;47.24;48.29;47;47.31;10198235
20131101;47.42;47.81;47.11;47.32;6490085
20131104;47.45;48.07;47.31;48.07;6272817
20131105;47.99;48.24;47.71;48.07;4435098
20131106;48.01;48.42;47.57;47.96;6221876
20131107;48.12;48.84;47.56;47.59;5628442
20131108;47.84;50.66;47.6;50.14;12493712
20131111;50;50.14;49.47;49.9;4508329
20131112;49.78;49.93;49.03;49.31;5511780
20131113;49.1;50.09;48.89;50.03;6798733
20131114;50.32;51.58;50.18;51.39;11158033
20131115;51.25;52.09;51.25;52.01;8007285
20131118;51.97;53.02;51.91;52.18;8509899
20131119;52.18;52.55;51.89;52.32;5859845
20131120;52.99;53.11;51.97;52.04;5926274
20131121;52.33;52.96;51.96;52.95;5645845
20131122;52.92;52.99;52.35;52.65;4967301
20131125;52.95;52.98;52.2;52.44;5657686
20131126;52.55;52.94;52.5;52.53;4330348
20131127;52.59;52.69;52.13;52.4;3233483
20131129;52.41;52.71;52.13;52.19;2636312
20131202;52.42;53.08;52.12;52.21;4708297
20131203;52.08;52.1;51.06;51.34;5698222
20131204;51.26;52.06;50.94;51.27;5874453
20131205;51.23;51.63;50.95;51.05;4788067
20131206;51.7;52.25;51.39;51.67;5192594
20131209;51.89;52.24;51.49;51.7;7135462
20131210;51.43;52.07;51.16;51.85;4681827
20131211;51.8;52.02;51.29;51.43;5881773
20131212;51.4;51.7;51.06;51.19;4814588
20131213;51.52;51.57;50.94;51.19;6373727
20131216;51.45;51.7;51.24;51.31;6101640
20131217;51.35;51.38;50.58;50.74;6563229
20131218;51.03;52.03;50.13;51.9;12798966
20131219;52.1;52.43;51.72;52.27;5296761
20131220;52.23;53.32;52.08;53.12;10121621
20131223;53.37;53.67;53.04;53.17;5163461
20131224;53.09;53.69;53.08;53.67;1742875
20131226;53.72;54.16;53.6;54.02;4160358
20131227;54.13;54.32;53.85;53.96;4051835
20131230;53.98;54.1;53.34;53.5;3324533
20131231;53.8;54.06;53.53;53.92;2907147
20140102;53.55;53.57;52.89;53.19;3879875
20140103;53.86;54.04;53.38;53.81;3682439
20140106;53.49;54.02;53.25;53.58;5739324
20140107;54.04;54.23;53.21;53.37;4170956
20140108;53.83;54.49;53.52;54.19;5091843
20140109;54.24;54.67;54.11;54.55;5320262
20140110;54.55;54.7;53.61;54.1;4679825
20140113;53.9;54.39;52.89;52.97;5989037
20140114;53.53;53.75;52.88;53.59;4152298
20140115;53.73;54.4;53.69;54.32;5015331
20140116;54.22;54.22;53.35;53.46;3905614
20140117;53.48;53.56;52.8;52.96;4832295
20140121;53.43;53.46;52.58;52.67;6464643
20140122;52.73;52.98;52.33;52.49;3500939
20140123;52.12;52.12;51.15;51.43;5816311
20140124;50.98;51.03;49.46;49.51;9370176
20140127;49.51;49.75;48.34;48.92;11092236
20140128;49.34;49.94;49.29;49.63;5045990
20140129;49.05;49.63;48.74;48.85;4644561
20140130;49.3;49.98;49.22;49.78;3928606
20140131;48.81;49.69;48.54;49.05;6094717
20140203;49.06;49.17;46.98;47.06;9615697
20140204;47.25;48.11;47.12;47.78;6260829
20140205;47.66;47.85;47.06;47.68;5686349
20140206;47.88;48.6;47.41;48.59;6688619
20140207;48.91;49.16;48.36;49.11;5663614
20140210;49.08;49.13;48.28;48.56;4560241
20140211;48.52;49.93;48.51;49.76;7975326
20140212;49.94;50.65;49.5;49.88;6567912
20140213;49.88;50.05;48.85;50.01;6625423
20140214;49.87;50.55;49.64;50.39;4458439
20140218;50.38;51.18;50.32;51.07;7237689
20140219;51.02;51.76;50.61;50.76;7386350
20140220;50.84;50.99;50.08;50.71;5504076
20140221;50.71;51.01;50.51;50.52;4559596
20140224;50.52;51.15;50.47;50.87;5562013
20140225;50.82;50.84;50.28;50.53;4211607
20140226;49.34;50.53;49.34;49.97;6605522
20140227;49.9;50.53;49.31;50.53;7669607
20140228;50.5;51.39;50.3;50.67;9911708
20140303;49.9;50.32;49.66;50.07;6089586
20140304;51;51.37;50.78;51.19;5973222
20140305;51.14;52.3;51.03;52.09;6144961
20140306;52.39;52.77;52.35;52.37;5482161
20140307;52.91;53.61;52.85;53.15;5714866
20140310;53.57;53.74;53;53.36;6684125
20140311;53.47;53.52;52.8;52.98;5558164
20140312;52.58;52.69;52.16;52.69;7269419
20140313;52.9;53.08;51.67;51.74;5467915
20140314;51.6;52.02;51.39;51.71;4147807
20140317;52.29;52.56;51.65;51.83;4975999
20140318;51.92;52.42;51.8;52.35;4341951
20140319;52.4;53.38;52.32;53.1;8141270
20140320;53.03;53.97;52.99;53.65;5553056
20140321;54.19;54.35;53.36;53.42;8233577
20140324;53.73;54.04;53.12;53.51;5162403
20140325;54.32;54.5;53.46;54.27;7699881
20140326;54.57;54.8;53.45;53.58;7311023
20140327;53.37;53.44;52.16;52.36;5926490
20140328;52.5;52.95;52.1;52.56;4738906
20140331;52.93;53.31;52.66;52.8;5258744
20140401;54.43;54.43;53.21;53.44;5932812
20140402;53.51;54.03;53.27;53.64;5839562
20140403;53.68;54.02;53.4;53.92;5558902
20140404;54.31;54.45;52.76;52.84;5710798
20140407;52.75;52.79;51.06;51.37;10238063
20140408;51.19;51.88;50.72;51.71;8177325
20140409;51.92;52.38;51.19;52.36;4713725
20140410;52.39;52.44;50.37;50.37;7333570
20140411;49.98;50.37;49.15;49.19;10555282
20140414;49.82;50.24;48.75;49.37;8390211
20140415;49.55;50.1;48.94;49.88;6011069
20140416;50.35;50.56;49.73;50.55;5553564
20140417;50.49;51.6;50.41;51.2;5332884
20140421;50.72;51.24;50.72;51.15;4531288
20140422;51.14;52.12;50.97;51.9;6303790
20140423;51.82;52.22;51.79;51.91;4242280
20140424;52.18;52.31;51.42;51.95;4874319
20140425;51.85;51.91;50.83;51.09;5875301
20140428;51.46;51.52;50.18;50.96;8482755
20140429;51.39;51.91;51.19;51.84;5564317
20140430;51.84;52.6;51.43;52.35;5521792
20140501;51.08;52.12;50.92;51.57;8656889
20140502;51.82;52.47;51.4;51.89;6915366
20140505;51.49;51.77;51.15;51.53;3007530
20140506;51.35;51.38;49.91;49.94;8099389
20140507;49.85;50.49;49.63;50.1;6436990
20140508;50.08;51.64;50.07;51.6;11101489
20140509;51.43;51.57;50.88;51.3;5707777
20140512;51.63;52.08;51.45;52.02;5919843
20140513;52.11;52.22;51.64;52.02;4725221
20140514;51.82;51.84;50.75;50.92;7080208
20140515;50.65;50.68;49.06;49.56;11541005
20140516;49.71;49.79;49.06;49.44;7719645
20140519;49.47;49.96;49.3;49.92;4048684
20140520;49.84;49.95;49.25;49.54;4660947
20140521;49.85;50.46;49.76;50.22;3734958
20140522;50.19;50.72;50.07;50.58;3660185
20140523;50.67;50.83;50.48;50.76;3344183
20140527;50.85;51.99;50.8;51.56;6683948
20140528;51.45;51.51;50.91;51.01;5354168
20140529;51.36;51.45;50.44;50.82;5079927
20140530;50.72;51.15;50.6;50.93;4334462
20140602;51.2;51.95;51.02;51.79;4738654
20140603;51.67;53.3;51.61;53.21;9326336
20140604;53.39;54.93;53.31;54.78;15027484
20140605;54.99;55.27;54.23;54.44;7808637
20140606;54.48;54.98;54.37;54.8;5652235
20140609;54.68;55.21;54.32;54.66;5756481
20140610;55.4;55.4;54.72;55.05;6480708
20140611;54.79;55.21;54.63;54.87;4367811
20140612;54.89;55.12;54.12;54.33;4967347
20140613;54.45;54.79;54.19;54.47;3917187
20140616;54.27;54.61;54.08;54.44;3873380
20140617;54.35;56.33;54.35;56.15;9348015
20140618;55.86;56.6;55.7;56.54;7700019
20140619;56.61;56.61;56.12;56.28;5830744
20140620;56.46;56.87;56.25;56.45;7003508
20140623;56.45;56.76;56.15;56.55;4895606
20140624;56.05;56.81;55.91;56.05;4813161
20140625;55.85;55.97;55.27;55.92;5230616
20140626;55.69;55.75;54.75;55.69;4594575
20140627;55.62;55.75;55.03;55.55;6212064
20140630;55.22;55.8;55.15;55.56;4151878
20140701;55.59;56.63;55.59;56.18;4145310
20140702;56.15;56.87;55.99;56.1;3806207
20140703;56.7;57.57;56.7;57.22;4582888
20140707;56.99;57.04;56.31;56.62;3194222
20140708;56.61;56.61;55.81;55.99;4592934
20140709;56.37;56.76;56.16;56.35;3960214
20140710;55.03;55.71;54.67;55.45;5032134
20140711;55.28;55.93;55.11;55.74;4249434
20140714;56.47;56.74;55.92;56.14;9225083
20140715;56.37;56.66;55.67;56.14;4265829
20140716;56.62;56.7;55.74;55.96;3421025
20140717;55.56;56.27;54.81;55.02;6459726
20140718;55.41;55.93;54.96;55.83;4072701
20140721;55.61;55.81;55.15;55.51;3112698
20140722;55.74;55.85;54.51;55.5;6461434
20140723;55.61;55.68;54.93;55.28;3572884
20140724;55.43;55.47;54.91;55.15;5947997
20140725;55.14;55.39;54.44;54.75;4920639
20140728;54.68;54.92;53.91;54.81;5220157
20140729;54.74;54.94;54.03;54.09;5290108
20140730;54.23;54.85;54.06;54.44;7300557
20140731;53.78;54.02;52.4;52.6;10021781
20140801;52.3;52.7;51.8;52.13;6769726
20140804;52.32;52.53;51.79;52.38;6177786
20140805;52.04;52.2;51.47;51.67;8240713
20140806;51.05;51.57;50.95;51.33;6342636
20140807;51.7;52.06;50.91;51.08;6285581
20140808;51.12;51.73;50.81;51.7;5160480
20140811;51.94;51.99;51.5;51.75;7767874
20140812;51.37;52.27;51.37;52.16;4519474
20140813;52.54;52.7;52.16;52.44;4815622
20140814;52.49;52.96;52.47;52.93;3835352
20140815;53.05;53.23;51.93;52.48;3899460
20140818;52.9;53.57;52.78;53.49;4972433
20140819;53.61;53.93;53.27;53.63;5438577
20140820;53.5;53.88;53.36;53.7;3275593
20140821;53.68;54.17;53.21;53.94;5895978
20140822;53.74;54.18;53.5;53.59;4056820
20140825;53.91;54.4;53.76;54.24;3665642
20140826;54.26;54.57;54.17;54.54;3321793
20140827;54.6;54.99;54.5;54.73;5355484
20140828;54.29;54.54;53.69;54.39;4260529
20140829;54.5;54.82;54.31;54.74;4068468
20140902;54.88;55.62;54.86;55.34;6352609
20140903;55.64;55.77;55.11;55.18;4239403
20140904;55.29;55.8;55.29;55.42;6381005
20140905;55.15;55.37;54.75;55.26;5213435
20140908;55.2;55.53;54.62;54.84;3900024
20140909;54.81;54.84;54.17;54.29;4766653
20140910;54.51;55.11;54.46;54.7;3206951
20140911;54.24;54.91;54.24;54.71;3585906
20140912;54.88;55.57;54.79;55.47;6328730
20140915;55.45;55.45;54.78;55.06;3970256
20140916;54.74;55.53;54.73;55.25;3283928
20140917;55.42;55.69;54.83;55.28;5601148
20140918;55.7;56.35;55.54;55.89;7194383
20140919;56.21;56.59;55.73;55.97;6602871
20140922;55.81;55.9;55.2;55.22;4273894
20140923;55.07;55.51;54.61;54.75;4721032
20140924;54.78;55.52;54.66;55.45;3538726
20140925;55.3;55.3;54.08;54.1;5293207
20140926;54.29;54.5;53.86;54.2;4848804
20140929;53.55;54.25;53.07;53.91;5207629
20140930;54.08;54.49;53.69;53.72;5364266
20141001;53.49;53.54;52.09;52.22;6983064
20141002;52.29;52.83;51.88;52.55;5246141
20141003;53.05;53.62;52.93;53.34;4594790
20141006;53.46;53.68;52.77;52.99;4403035
20141007;52.52;52.78;51.44;51.47;5592917
20141008;51.16;51.99;50.82;51.97;8630250
20141009;51.84;51.97;50.16;50.35;10141529
20141010;50.29;50.48;49.72;49.73;9190866
20141013;49.75;50.17;48.89;48.97;8983033
20141014;49.2;49.57;48.74;48.89;10109951
20141015;48.02;48.02;46.15;47.71;19268354
20141016;47.57;48.48;46.92;47.86;15766858
20141017;48.51;49.14;48.3;48.86;8045031
20141020;48.68;49.23;48.39;49.15;4953688
20141021;49.67;50.54;49.63;50.46;7263689
20141022;50.41;50.69;49.93;49.95;5501058
20141023;50.67;51.05;50.3;50.41;5628020
20141024;50.41;50.88;50.21;50.79;6343411
20141027;50.57;51.63;50.28;51.48;7261687
20141028;51.92;52.24;51.57;52.14;5795118
20141029;52.24;52.57;51.81;52.31;6362285
20141030;53.05;53.22;52.29;53.01;5243436
20141031;53.95;54.31;53.58;54.24;6885845
20141103;54.52;54.58;54.07;54.3;5180155
20141104;53.61;54.46;53.51;54.16;4673319
20141105;54.4;54.54;53.97;54.44;5536346
20141106;54.31;54.45;53.62;54.2;5920616
20141107;54.24;54.63;53.91;54.61;4854498
20141110;54.52;54.91;54.38;54.87;4854501
20141111;54.74;55.19;54.66;55.16;3852853
20141112;54.66;55.16;54.63;55.11;3662061
20141113;55.2;55.2;54.22;54.55;7365838
20141114;54.36;54.88;54.36;54.53;5444810
20141117;54.5;54.75;54.19;54.49;5667260
20141118;54.63;55.05;54.5;54.78;4154253
20141119;54.61;54.93;54.45;54.82;3560897
20141120;54.21;54.86;53.96;54.8;4765228
20141121;55.57;56;55.38;55.81;8213859
20141124;56;56.33;55.89;56.28;4950771
20141125;56.49;56.6;55.68;55.8;6059132
20141126;55.99;56.04;55.55;55.87;2767581
20141128;55.86;56.25;55.49;55.61;2031646
20141201;55.15;55.27;54.16;54.4;7046098
20141202;54.7;55.19;54.65;55.08;3643717
20141203;55.21;55.57;54.97;55.4;4137527
20141204;55.29;55.3;54.66;55.18;4241595
20141205;55.56;57.01;55.54;56.35;8321111
20141208;56.35;56.8;56.01;56.36;4879903
20141209;55.77;56.28;55.15;56.21;4720852
20141210;56.3;56.3;54.94;54.96;7397790
20141211;55.19;55.94;55.08;55.21;7484384
20141212;54.27;54.64;52.79;52.82;9324003
20141215;53.32;53.36;51.42;51.68;8854353
20141216;51.25;52.05;50.63;50.65;10445996
20141217;51.01;51.97;50.92;51.79;8706870
20141218;52.52;54.03;52.49;54.03;10064183
20141219;53.51;54.21;53.21;53.82;11894556
20141222;53.98;54.06;53.51;54.04;4973670
20141223;54.31;55.45;54.23;55.01;6404630
20141224;55.23;55.34;54.69;54.86;2414659
20141226;55.04;55.31;54.84;54.87;2235508
20141229;54.64;55.47;54.62;54.89;2861179
20141230;54.6;55.25;54.46;54.9;2766893
20141231;55.18;55.21;54.07;54.09;3161562
20150102;54.48;54.76;53.63;53.91;3911653
20150105;53.42;53.63;51.88;52.11;6520211
20150106;52.2;52.25;50.28;50.53;12073937
20150107;51.13;51.53;50.69;51.2;7827102
20150108;51.46;52.26;51.39;51.98;8078694
20150109;51.96;52.12;50.86;51.02;7729544
20150112;51.13;51.2;50.02;50.43;7371461
20150113;50.83;51.23;49.24;49.81;13410603
20150114;49.01;49.44;48.08;48.94;11174021
20150115;49.18;49.43;47.68;47.98;10387405
20150116;47.97;49.01;47.86;48.99;7045547
20150120;49.21;49.33;48.22;48.74;6894896
20150121;48.36;49.3;47.93;49.27;10040262
20150122;49.7;50.26;49.06;50.21;9011011
20150123;50.1;50.39;48.73;48.77;9746230
20150126;48.91;48.99;48.61;48.79;9107202
20150127;48.13;48.52;47.78;48.13;10521571
20150128;48.62;48.62;46.82;46.84;10903011
20150129;46.92;47.38;46.31;46.87;14915209
20150130;46.4;47.4;46.1;46.5;13058366
20150202;46.71;47.97;46.58;47.86;8618342
20150203;48.13;49.22;48.12;49.11;12954888
20150204;48.68;49.25;48.55;48.77;10831208
20150205;48.36;49.26;47.99;48.98;9262959
20150206;49.87;50.24;49.58;49.6;12563488
20150209;49.15;49.8;48.96;49.55;7771499
20150210;50.13;50.34;49.54;50.03;9820185
20150211;50;50.54;49.73;50.41;7514322
20150212;50.64;51.07;49.67;50.33;6869501
20150213;50.38;50.96;50.2;50.86;7902407
20150217;50.83;51.73;50.8;51.69;7010205
20150218;51.4;51.55;50.59;50.69;6282104
20150219;50.52;51.18;50.42;51.1;4564635
20150220;50.81;51.62;50.25;51.59;5836592
20150223;51.46;51.54;50.65;50.86;4245246
20150224;50.89;51.6;50.77;51.39;5415680
20150225;51.14;51.44;50.8;51.16;3445124
20150226;51.2;51.42;50.79;51.03;4237237
20150227;50.86;51.34;50.83;50.83;6536197
20150302;50.66;51.83;50.61;51.82;6118314
20150303;51.43;51.92;51.2;51.86;5508328
20150304;51.44;51.64;51.13;51.41;6702064
20150305;51.62;51.96;51.32;51.74;5823666
20150306;52.07;53.34;51.96;52.64;11562583
20150309;52.44;52.74;52.16;52.33;5400113
20150310;51.54;51.61;50.54;50.54;8257494
20150311;50.6;51.23;50.53;50.85;5290705
20150312;51.11;51.86;50.96;51.84;5150905
20150313;51.68;51.97;50.88;51.35;7549619
20150316;51.71;52;51.38;51.92;5909376
20150317;51.59;51.9;51.32;51.6;4647704
20150318;51.3;52.22;51.1;51.66;8552257
20150319;51.49;51.67;50.33;50.61;6719805
20150320;50.88;51.62;50.55;51.62;10229572
20150323;51.48;52.15;51.4;51.41;4597811
20150324;51.29;51.37;50.86;50.89;8015123
20150325;50.91;51.06;50.29;50.31;4479205
20150326;50.05;50.91;49.98;50.58;6244922
20150327;50.39;50.58;50.1;50.27;4665283
20150330;50.74;51.28;50.62;50.93;4654203
20150331;50.57;50.7;50.32;50.55;5389985
20150401;50.25;50.56;50.05;50.27;4201840
20150402;50.32;51.2;50.07;51.1;4989003
20150406;50.48;51.25;50.21;51.17;7026690
20150407;51.38;51.38;50.78;50.8;3187350
20150408;51.02;51.34;50.78;51.1;5239963
20150409;50.94;51.62;50.81;51.45;4665497
20150410;51.31;51.44;50.79;50.82;4621414
20150413;50.95;51.42;50.66;51.27;5275552
20150414;50.49;50.84;50.1;50.45;7250810
20150415;50.58;51.15;50.58;50.85;6084655
20150416;50.84;51.26;50.52;51;4838200
20150417;50.6;50.79;50.22;50.5;5769504
20150420;50.81;51.18;50.66;50.71;4387901
20150421;50.9;51.18;50.11;50.39;6454447
20150422;50.37;51.11;49.92;51.05;6710970
20150423;50.85;51.45;50.82;51.13;6269934
20150424;51.05;51.28;50.51;50.66;3758132
20150427;50.77;50.93;50.17;50.25;5390849
20150428;50.35;50.91;49.93;50.85;5849053
20150429;51.06;52.48;51;52.14;9883752
20150430;52.04;52.2;51.21;51.29;6747029
20150501;51.75;52.32;51.53;51.99;6603002
20150504;52.23;52.57;52.02;52.45;4087466
20150505;52.2;52.81;52;52.11;4612463
20150506;52.42;52.49;51.38;51.78;6545701
20150507;51.9;52.71;50.7;52.07;9756544
20150508;51.93;52.44;51.29;52.25;7671725
20150511;52.3;53.41;52.12;53.3;9456160
20150512;53.25;53.55;52.79;53.11;7562952
20150513;52.8;53.28;52.7;53.1;6027134
20150514;53.28;53.48;52.9;53.15;4602484
20150515;53.2;53.2;52.29;52.58;4920358
20150518;52.73;53.31;52.63;53.06;4181490
20150519;53.54;53.54;53.08;53.44;5126892
20150520;53.38;53.59;52.73;53.29;6009949
20150521;53.07;53.68;53;53.59;7065243
20150522;53.33;53.87;53.22;53.23;4307683
20150526;53.14;53.2;52.28;52.48;5029355
20150527;52.75;52.98;52.39;52.77;4609535
20150528;52.77;52.97;52.21;52.89;4203765
20150529;52.79;52.82;51.87;52.26;5166441
20150601;52.09;52.5;51.9;52.27;4523598
20150602;52.31;53.17;52.16;52.84;5065334
20150603;53.27;54.13;52.98;53.99;7086484
20150604;53.4;54.1;53.4;53.81;6045840
20150605;54.93;55.76;54.34;54.45;10286236
20150608;54.48;54.82;54.21;54.34;6536947
20150609;54.54;54.95;54.2;54.66;6214809
20150610;55.51;56.27;55.11;56.23;8815559
20150611;56.27;56.57;55.97;56.07;6726541
20150612;55.97;56.21;55.5;55.77;5212450
20150615;55.35;55.84;55.05;55.57;5596668
20150616;55.31;56.67;55.31;56.33;8206372
20150617;56.46;56.85;55.94;56.02;8208289
20150618;56.42;56.99;55.98;56.74;5969564
20150619;56.51;56.71;56.11;56.23;7666406
20150622;56.68;57.52;56.6;57.34;8152545
20150623;57.64;58.23;57.56;57.7;8314797
20150624;57.58;57.9;57.15;57.17;6482913
20150625;57.58;57.61;56.83;56.86;3600520
20150626;57.16;57.5;56.86;57.37;4163520
20150629;56.44;56.61;55.38;55.47;6914065
20150630;56.26;56.65;55.53;55.99;6858056
20150701;57;57.23;56.18;56.47;4857265
20150702;56.39;57.01;55.88;56.16;4033156
20150706;55.37;56.11;55.21;55.91;5435213
20150707;55.74;55.9;53.95;55.66;9565104
20150708;54.82;55.18;54.19;54.44;5329803
20150709;55.39;55.64;54.78;55.02;6256442
20150710;55.98;56.28;55.58;55.96;4413573
20150713;56.59;56.86;56.5;56.6;4505507
20150714;56.16;56.88;56.13;56.68;4425150
20150715;56.6;57.48;56.04;57.47;9505861
20150716;57.74;58.13;57.44;57.7;5760826
20150717;57.41;57.52;56.96;57.49;3977409
20150720;57.74;57.84;57.14;57.35;3693868
20150721;57.31;57.9;57.11;57.48;2470162
20150722;57.52;57.68;57.14;57.33;3796087
20150723;57.25;57.55;56.6;56.75;4304009
20150724;56.61;57.12;55.81;56.15;8949502
20150727;55.74;55.86;54.84;55.6;7235406
20150728;56.3;56.49;55.41;56.27;5434310
20150729;56.26;57.47;56.17;57.22;5287661
20150730;56.14;56.87;55.72;56.83;6703371
20150731;56.62;56.67;55.52;55.74;6873623
20150803;55.85;56.19;55.36;55.73;4526205
20150804;56.01;56.15;55.52;55.93;3866080
20150805;56.07;56.38;55.45;55.51;4043876
20150806;55.67;55.92;55.24;55.51;3826163
20150807;55.28;55.63;54.36;54.92;4333916
20150810;55.42;56.57;55.42;56.36;4774628
20150811;55.54;55.75;54.72;54.98;6281557
20150812;54.26;54.44;52.78;54.18;6940045
20150813;54.44;54.67;54.07;54.37;4410438
20150814;54.58;54.9;54.33;54.76;3414168
20150817;54.49;54.67;54;54.5;4768020
20150818;54.44;54.66;54.15;54.28;5332915
20150819;53.95;54.13;53.07;53.63;7421611
20150820;53.14;53.29;51.91;51.91;7402031
20150821;51.35;51.47;49.53;49.55;10517577
20150824;46.36;48.87;44.49;47.4;15504520
20150825;49.21;49.37;46.55;46.59;12117238
20150826;47.93;48.99;47.17;48.79;12102800
20150827;49.41;50.51;49.23;50.4;9397865
20150828;50.12;50.4;49.79;50.32;7141118
20150831;49.79;50.46;49.5;50.1;6434838
20150901;48.46;48.83;47.65;47.99;9153086
20150902;48.97;48.98;48.03;48.85;7798941
20150903;49.05;49.68;48.75;48.96;5679199
20150904;48.36;48.42;47.5;47.86;5156568
20150908;48.88;49.21;48.44;49.07;6620881
20150909;49.63;50.06;48.22;48.42;6611766
20150910;48.3;49.05;47.91;48.7;4978931
20150911;48.27;48.56;47.85;48.53;5539057
20150914;48.43;48.46;47.97;48.19;3841047
20150915;48.55;49.54;48.3;49.31;5696656
20150916;49.33;49.72;49.16;49.59;4091047
20150917;49.5;49.64;47.52;47.78;9233331
20150918;46.77;47.06;45.97;46.52;11832855
20150921;47.03;47.4;46.51;46.9;5968195
20150922;46.07;46.28;45.57;46.2;9586293
20150923;46.47;47.13;46.2;46.52;7017047
20150924;45.84;46.57;45.56;46.43;6686406
20150925;47.32;47.63;46.97;47.23;7396575
20150928;46.74;46.85;45.99;46.07;7237682
20150929;47.07;47.07;45.7;46.34;6950159
20150930;47.06;47.25;46.51;47.15;6998353
20151001;47.56;47.62;46.64;47.44;6344254
20151002;46.16;46.97;45.55;46.97;7314813
20151005;47.43;47.88;47.21;47.79;9412987
20151006;47.67;47.94;47.13;47.54;6520698
20151007;48.1;48.49;47.54;48.19;5093706
20151008;47.94;48.79;47.82;48.62;5124055
20151009;48.56;49;48.2;48.39;4656643
20151012;48.39;48.57;48.16;48.34;3202836
20151013;48.13;48.55;47.82;47.88;4167909
20151014;47.64;47.71;46.81;47.2;6748635
20151015;47.78;48.41;47.46;48.4;4969874
20151016;48.5;48.88;48.21;48.84;4596679
20151019;48.6;49.13;48.44;48.93;3862708
20151020;49.02;49.49;48.91;49.3;3631746
20151021;49.46;49.81;49.03;49.09;4056243
20151022;49.42;50.17;49.42;49.68;4879757
20151023;50.36;51.11;50;50.98;6577860
20151026;50.89;50.96;50.15;50.25;5148272
20151027;49.85;49.9;48.86;49.22;5689882
20151028;49.54;51.3;49.32;51.25;6547670
20151029;51.18;51.5;50.77;50.99;4287296
20151030;50.96;51.06;50.36;50.38;4658823
20151102;50.6;51.2;50.48;51.07;5253020
20151103;51.1;51.76;50.68;51.4;6915554
20151104;51.05;51.32;50.33;50.49;6279484
20151105;49.26;50.1;48.95;49.9;9761549
20151106;51.22;52.45;51.22;51.69;9466419
20151109;51.73;51.87;50.49;50.8;6519573
20151110;50.72;51.17;50.15;50.77;5099081
20151111;50.4;50.87;50.24;50.28;4882152
20151112;49.88;50.14;49.4;49.46;4694210
20151113;49.22;50.06;49.12;49.89;8834449
20151116;49.62;50.47;49.62;50.47;4599063
20151117;50.61;51.03;50.13;50.28;6394127
20151118;50.48;51.17;50.46;51.08;6406929
20151119;50.93;51.21;50.39;50.75;5991091
20151120;50.95;51.33;50.92;51.02;5105813
20151123;51.02;51.24;50.65;50.69;4698656
20151124;49.97;50.67;49.95;50.52;4557941
20151125;50.59;50.78;50.32;50.65;4121660
20151127;50.69;51.12;50.45;50.96;1900479
20151130;50.89;51.18;50.45;51.09;6085809
20151201;51.22;51.72;51.11;51.56;5371057
20151202;51.61;51.73;50.75;50.86;5972941
20151203;51.2;51.23;49.78;50.06;7832755
20151204;50.31;51.25;49.89;51.07;5506415
20151207;50.84;51.04;49.9;50.12;5694893
20151208;49.58;49.77;48.83;49.23;6923950
20151209;49.02;49.97;48.23;48.59;6731030
20151210;48.63;49.57;48.4;48.87;6976934
20151211;48.08;48.11;46.7;47.12;9214899
20151214;47.3;47.64;46.02;46.42;10816112
20151215;47.24;47.78;46.99;47.57;7899323
20151216;48.11;48.9;47.77;48.7;8171183
20151217;48.85;48.92;47.31;47.47;8432877
20151218;47.11;47.38;46.4;46.45;11064026
20151221;46.77;47.13;46.4;46.82;4261289
20151222;47.03;47.46;46.66;47.21;5905083
20151223;47.68;48.28;47.42;48.18;5728240
20151224;48.2;48.54;48.1;48.27;1670882
20151228;48;48.35;47.68;48.26;4820099
20151229;48.66;49.1;48.64;49.01;4487514
20151230;48.97;49.08;48.64;48.73;3289862
20151231;48.25;48.83;48.1;48.21;4116433
20160104;47.12;47.33;46.27;47.32;7923960
20160105;46.99;47.35;46.2;46.42;8524604
20160106;45.73;45.75;44.05;44.37;13616100
20160107;43.31;43.46;42.31;42.51;14022946
20160108;43.41;43.41;41.96;42.03;12110397
20160111;42.32;42.4;40.97;41.71;10485696
20160112;42.4;42.6;41.35;41.99;8584913
20160113;45.31;45.31;42.85;42.91;21950294
20160114;43.61;44;42.39;43.5;9340400
20160115;42.16;43.27;42.01;43.08;9889197
20160119;43.86;44.08;42.34;42.74;9701859
20160120;41.89;42.64;40.77;42.21;9781802
20160121;42.32;43.53;42.13;42.7;8700688
20160122;43.61;44.28;43.58;44.19;8436996
20160125;43.78;44.19;42.92;43;6082140
20160126;43.08;43.87;43.08;43.51;6994327
20160127;43.35;44.25;42.98;43.26;5900024
20160128;43.76;44.04;43.18;43.78;5785743
20160129;44.19;44.73;43.36;44.65;8764330
20160201;44.31;44.47;43.83;44.28;6248848
20160202;43.5;43.6;42.44;42.76;9283506
20160203;42.82;42.85;41.2;41.95;12098287
20160204;40.62;40.84;39.27;39.75;17538350
20160205;39.95;40.04;38.6;38.81;13550409
20160208;38.32;38.35;36.64;37.15;10761351
20160209;36.27;37.43;35.8;37.16;8883933
20160210;37.62;37.97;36.84;36.87;7487086
20160211;35.55;35.74;35;35.21;14555384
20160212;35.84;37.86;35.81;37.43;13282281
20160216;38.21;38.32;37.56;38.02;6195095
20160217;38.55;39.51;38.43;39.27;6870355
20160218;39.32;39.45;38.95;39.2;7778172
20160219;38.96;39.17;38.49;39.11;4909099
20160222;39.65;39.94;39;39.21;6726805
20160223;39.07;39.15;37.9;38.42;8050581
20160224;37.75;38.66;37.28;38.56;6574525
20160225;38.61;39.43;38.41;39.42;5326178
20160226;39.82;40.62;39.4;40.09;8170954
20160229;40.04;40.23;39.44;39.56;7858546
20160301;39.97;41.8;39.93;41.68;7889633
20160302;41.86;42.24;41.53;42.01;5121711
20160303;42.01;42.46;41.76;42.39;4497671
20160304;42.69;42.84;41.79;42.33;6141176
20160307;41.97;42.96;41.88;42.85;5072207
20160308;42.26;42.48;41.28;41.78;7390536
20160309;42.29;42.46;41.58;42;3924204
20160310;42.2;42.93;41.61;42.25;6604599
20160311;42.97;44.37;42.9;44.25;7544055
20160314;43.8;44.16;43.47;43.9;4988084
20160315;43.62;43.8;42.97;43.79;4415758
20160316;43.83;44.32;43.19;43.77;4802981
20160317;43.76;44.26;43.15;44.08;7609027
20160318;44.22;44.78;43.99;44.73;9104866
20160321;44.61;44.95;44.22;44.51;3715261
20160322;44.02;44.4;43.85;44.09;4434808
20160323;44;44;43.26;43.41;7324748
20160324;42.8;42.8;41.7;42.3;8499308
20160328;42.57;43.18;42.41;43;4267977
20160329;42.67;42.68;42.03;42.46;4842980
20160330;42.8;45.89;42.79;44.73;21523313
20160331;44.87;45.1;43.85;43.94;7877065
20160401;43.69;44.63;43.45;44.56;8889059
20160404;44.63;44.63;43.55;43.68;5509971
20160405;43.27;43.27;42.72;42.89;5449186
20160406;42.92;43.05;42.3;42.98;5861215
20160407;42.49;42.68;41.52;41.92;7473312
20160408;42.36;42.6;41.68;41.89;5028188
20160411;42.2;42.9;42.17;42.43;4705503
20160412;42.72;43.34;42.43;43.16;4328226
20160413;43.58;44.4;43.58;44.36;6106272
20160414;44.23;44.99;44.09;44.85;4964185
20160415;44.84;44.94;44.42;44.65;3999004
20160418;44.5;45.2;44.32;45.07;4597636
20160419;45.27;45.91;45.23;45.62;4677467
20160420;45.72;46.55;45.53;46.41;4691254
20160421;46.32;46.73;46.06;46.12;4816739
20160422;46.18;47.09;46.18;46.9;7172146
20160425;46.57;46.81;45.79;46.24;5044678
20160426;46.47;46.84;46.3;46.72;5352741
20160427;46.63;46.97;46.32;46.75;7592887
20160428;46.31;46.61;45.58;45.73;5947372
20160429;45.5;46.04;44.59;45.1;7788598
20160502;45.35;45.85;44.96;45.84;5081683
20160503;45.11;45.2;44.24;44.79;6039579
20160504;44.13;44.47;43.58;43.94;7063903
20160505;42.47;43.6;42.2;42.81;8424679
20160506;42.47;43.11;42.33;43.02;4975156
20160509;42.95;43.16;42.65;42.92;6664466
20160510;43.24;44.06;43.11;43.91;6296695
20160511;43.7;44.12;43.4;43.42;4040545
20160512;43.74;43.92;43.15;43.51;4519086
20160513;43.37;43.99;42.93;42.99;5188248
20160516;43.07;43.73;43.05;43.4;5196116
20160517;43.36;43.83;43.13;43.29;4575879
20160518;43.34;45.14;43.34;44.97;9696726
20160519;44.58;45.17;43.81;44.31;5588491
20160520;44.59;45.12;44.43;44.61;5396995
20160523;44.44;44.7;44.16;44.44;4902244
20160524;44.74;45.5;44.71;45.27;4760253
20160525;45.6;46.08;45.51;45.78;6117895
20160526;45.99;45.99;45.03;45.08;4820534
20160527;45.05;45.77;45.05;45.77;6261415
20160531;45.81;46.08;45.33;45.55;5796386
20160601;45.21;45.85;44.28;45.78;7242057
20160602;45.63;45.71;45.3;45.71;3743230
20160603;44.95;44.95;43.75;44.3;6599338
20160606;44.32;45.05;44.26;44.79;4336137
20160607;45.02;45.03;44.5;44.55;5867295
20160608;44.73;45.01;44.44;44.62;4744481
20160609;44.25;44.31;43.63;43.78;6005711
20160610;43.24;43.28;42.64;43.09;9253983
20160613;42.77;43.41;42.65;42.9;7650492
20160614;42.75;43.02;41.92;42.26;7164808
20160615;42.5;42.95;41.87;41.93;6867089
20160616;41.45;42.28;41.04;42.22;6669323
20160617;42.22;42.53;41.79;42.17;7408495
20160620;43.15;43.43;42.49;42.52;5224920
20160621;42.79;42.96;42.21;42.73;4877450
20160622;42.72;43.1;42.47;42.55;4304773
20160623;43.38;44.18;43.2;44.17;5636409
20160624;41.21;41.47;39.38;39.44;18505534
20160627;39;39.08;36.17;36.53;17573535
20160628;37.5;37.94;36.6;37.7;18676832
20160629;38.16;39.24;37.82;39.2;10820214
20160630;39.42;39.84;38.8;39.83;10107874
20160701;39.56;39.97;39.16;39.49;8173241
20160705;38.79;38.83;37.53;37.85;9687143
20160706;37.61;38.38;36.99;38.35;10967745
20160707;38.4;39.23;37.88;38.27;8384756
20160708;38.86;39.55;38.86;39.2;8550135
20160711;39.68;39.96;39.42;39.78;5795363
20160712;40.35;41;40.32;40.76;8654730
20160713;40.2;40.87;40;40.48;6214721
20160714;42.36;42.98;41.85;42.38;17183360
20160715;42.59;42.99;42.18;42.61;8400434
20160718;42.56;43.46;42.46;43.09;8389589
20160719;42.86;43.15;42.66;42.97;8936345
20160720;43.25;43.38;42.83;43.15;8320578
20160721;43.26;43.4;42.96;43.22;9623715
20160722;43.35;43.46;43;43.26;5676986
20160725;43.11;43.2;42.78;43.11;4039436
20160726;43.08;43.47;43.03;43.29;4030402
20160727;43.3;43.52;42.86;43.18;6259579
20160728;43.03;43.33;42.73;43.08;3764227
20160729;42.79;43.12;42.58;42.74;5538616
20160801;43.04;43.1;42.29;42.55;5609048
20160802;42.69;43.1;41.88;42.21;6099474
20160803;42.36;43.84;42.25;43.7;10128743
20160804;41.21;41.32;38.87;39.54;25464015
20160805;40.21;41.36;40.19;41.14;14322257
20160808;41.42;41.77;41.13;41.46;8414079
20160809;41.56;41.8;41.12;41.28;5726668
20160810;41.28;41.3;39.96;40.15;8621839
20160811;40.27;40.45;39.94;40.15;7735711
20160812;39.75;39.98;39.5;39.76;7715188
20160815;40.09;40.31;39.99;40.23;6326606
20160816;40.19;40.61;40.03;40.4;6691326
20160817;40.38;40.56;40.08;40.39;5187877
20160818;40.26;40.68;40.22;40.47;4446786
20160819;40.12;40.69;40.06;40.45;5796964
20160822;40.38;40.49;40.08;40.3;4522481
20160823;40.5;40.85;40.48;40.59;4765822
20160824;40.76;41.06;40.62;40.9;8208136
20160825;40.79;41.35;40.79;41.31;5565051
20160826;41.49;42.25;41.47;41.79;7953177
20160829;42.17;42.79;42.03;42.41;6383809
20160830;42.49;43.48;42.49;43.31;8586148
20160831;43.32;43.87;42.81;43.4;7573215
20160901;43.45;43.94;42.64;43.06;6620013
20160902;43.19;43.66;43.03;43.26;4711770
20160906;43.2;43.28;42.61;43.1;5258213
20160907;42.91;43.24;42.65;43.09;4320169
20160908;43.13;43.55;42.97;43.47;5134003
20160909;43.47;44.7;43.45;43.91;13764373
20160912;43.59;44.49;43.03;44.29;9952978
20160913;43.59;44.58;43.54;43.97;7850350
20160914;43.93;44.34;43.45;43.78;6883413
20160915;43.63;44.76;43.5;44.5;7654192
20160916;44.15;44.22;43.54;43.83;7347058
20160919;44.05;44.6;43.85;43.95;4214969
20160920;44.26;44.31;43.83;44.01;4814485
20160921;44.27;44.77;44;44.7;7355539
20160922;44.79;44.89;44.41;44.6;5799664
20160923;44.54;44.83;44.38;44.52;6542333
20160926;44.1;44.14;43.22;43.4;7162353
20160927;43.19;43.83;42.83;43.75;5914029
20160928;44.02;44.17;43.46;44.13;5922050
20160929;44.13;44.35;43.27;43.66;5753166
20160930;43.92;44.69;43.79;44.43;9717801
20161003;44.25;44.43;44;44.37;4790195
20161004;44.4;45.07;44.26;44.87;6230598
20161005;45.12;46.18;45.04;45.99;9419622
20161006;47.43;48.15;46.52;47.15;13761122
20161007;46.88;47.36;46.42;47.22;9248369
20161010;47.63;47.8;47.32;47.58;5256101
20161011;47.72;48.05;47;47.31;7242612
20161012;47.31;47.85;47.26;47.52;4181571
20161013;46.9;46.9;46.03;46.68;6326637
20161014;47.33;47.65;46.73;46.89;7848618
20161017;47;47.22;46.57;46.67;4721937
20161018;47.21;47.36;46.74;46.8;5929218
20161019;46.98;47.16;46.63;46.85;5998953
20161020;46.84;47.05;46.23;46.69;4227108
20161021;46.22;46.56;45.93;46.38;7635891
20161024;46.69;46.97;46.48;46.64;5721001
20161025;46.58;46.76;46.14;46.29;5118334
20161026;46.06;47.21;46.06;46.9;4799321
20161027;47.44;48.24;47.04;47.69;8509714
20161028;47.77;47.85;46.73;46.98;7515418
20161031;47.14;47.46;46.9;46.96;5598237
20161101;47.16;47.51;46.2;46.79;5415903
20161102;46.56;46.73;45.95;46.34;6964960
20161103;45.22;48.05;45.22;47.06;8477685
20161104;47.21;47.68;46.65;46.82;5999498
20161107;47.66;48.14;47.65;47.97;5802225
20161108;47.9;48.1;47.15;47.88;5572460
20161109;48.53;51.68;48.4;51.28;18344250
20161110;52.25;54.98;52.21;53.74;23697217
20161111;53.19;53.9;52.87;53.69;10845665
20161114;53.97;55.3;53.91;54.5;12749308
20161115;53.82;54.49;53.07;54.47;8127816
20161116;53.96;54.24;53.27;53.78;7108507
20161117;53.77;54.46;53.26;54.46;5619972
20161118;54.58;55.12;54.12;54.81;5920668
20161121;54.93;55.06;54.31;54.78;5593390
20161122;54.83;55.08;54.44;54.81;4964860
20161123;55.07;55.49;54.73;55.35;4978801
20161125;55.21;55.45;55.03;55.45;2307669
20161128;54.5;55.18;54.13;54.38;6605187
20161129;54.64;54.85;54.15;54.19;4458230
20161130;54.7;55.35;54.61;55.01;6891308
20161201;55.43;56.49;55.39;56.27;6404351
20161202;56.04;56.22;55.4;55.66;5367966
20161205;55.92;56.37;55.5;55.67;5117837
20161206;55.9;55.95;55.15;55.67;4631130
20161207;55.85;56.86;55.49;56.76;4977312
20161208;57;57.78;56.82;57.19;5862068
20161209;57.08;57.41;56.76;57.39;5053683
20161212;56.98;57.16;56.06;56.61;5408267
20161213;56.87;57.1;56.21;56.69;4682350
20161214;56.09;57.45;55.62;56.39;8550626
20161215;56.64;58.09;56.63;57.28;7581262
20161216;56.05;56.17;54.31;54.37;17504899
20161219;54.26;54.48;53.2;53.92;6900793
20161220;54.3;54.66;54.02;54.28;5055305
20161221;54.3;54.8;54.01;54.58;4086137
20161222;54.46;54.55;53.96;54.43;4519938
20161223;54.45;54.6;54.17;54.43;3055239
20161227;54.64;54.96;54.44;54.7;2763271
20161228;54.61;54.91;53.93;53.97;3128867
20161229;53.98;54.14;53.42;53.8;3811810
20161230;53.92;54.12;53.74;53.89;4188522
20170103;54.51;54.97;53.6;54.28;5612991
20170104;54.33;54.95;54.16;54.58;6839013
20170105;54.33;54.61;53.19;53.83;5832325
20170106;54.11;54.58;53.95;54.18;3966200
20170109;53.93;54.7;53.63;53.7;6954629
20170110;53.78;54.53;53.35;53.93;9190903
20170111;54.21;54.65;53.67;54.43;6244847
20170112;54.05;54.09;53.07;53.91;4926275
20170113;54.3;54.78;54.14;54.31;5213456
20170117;53.84;54.05;53.31;53.55;5371948
20170118;53.69;54.08;53.05;54.06;5236366
20170119;54.26;54.42;53.63;54.02;4851418
20170120;54.22;54.72;53.93;54.33;5586628
20170123;54.47;54.7;53.86;54.1;4556852
20170124;54.36;55.39;54.36;54.91;4201453
20170125;55.43;56.25;55.4;56.15;5548798
20170126;55.58;56.36;55.5;56.03;5066756
20170127;55.77;55.94;55.37;55.61;5007495
20170130;55.24;55.24;54.18;54.9;5317491
20170131;54.72;55.16;53.81;54.41;5144517
20170201;55.11;55.3;54.01;54.32;7882348
20170202;52.12;52.49;50.35;51.46;15661341
20170203;52.35;52.47;51.57;51.77;10456512
20170206;51.22;52.19;51.22;51.88;5885588
20170207;52.17;52.38;51.67;51.68;5642349
20170208;51.51;51.64;51.09;51.39;6310457
20170209;51.73;52.89;51.63;52.58;5909686
20170210;52.9;53.3;52.66;52.91;4998238
20170213;53.33;54.11;53.33;53.5;4940116
20170214;53.3;54.09;53.18;53.88;4936590
20170215;54.09;54.15;53.57;53.93;6785537
20170216;53.93;54.19;53.54;53.65;7509080
20170217;53.21;53.35;52.67;52.97;7975887
20170221;53.4;53.7;53.13;53.35;5717407
20170222;52.97;53.69;52.93;53.48;5460877
20170223;53.58;53.72;53.27;53.56;5594394
20170224;52.81;53.03;52.41;52.49;6718392
20170227;52.65;52.81;52.42;52.66;7325699
20170228;52.44;52.74;52.25;52.44;7491977
20170301;53.39;54.84;53.3;54.33;10909438
20170302;54.39;54.55;53.35;53.43;6564076
20170303;53.67;55.07;53.62;54.83;8365972
20170306;53.63;54.24;53.44;53.93;6571912
20170307;53.72;53.81;53.16;53.35;5285531
20170308;53.94;54.27;53.42;53.46;5312105
20170309;53.63;54;53.42;53.62;5026814
20170310;53.93;54.26;53.69;54.02;5302152
20170313;54.03;54.4;53.88;54.16;5358646
20170314;53.85;53.97;53.41;53.89;3865190
20170315;54.09;54.18;53.43;53.68;5908746
20170316;53.75;54.33;53.73;54.02;4891835
20170317;54.21;54.21;53.12;53.36;6909679
20170320;53.19;53.43;52.87;53.13;3934540
20170321;53.43;53.55;51.81;51.92;6332712
20170322;51.34;52.04;50.88;51.77;5288684
20170323;51.6;52.65;51.38;52.05;5034991
20170324;52.24;52.72;51.67;52.01;4987576
20170327;50.89;51.79;50.25;51.69;6254885
20170328;51.4;52.83;51.34;52.48;5252216
20170329;52.27;52.64;52.05;52.18;4899323
20170330;52.17;53.43;52.11;53.12;6826078
20170331;52.9;53.17;52.79;52.82;4519142
20170403;52.9;53.08;51.58;52.4;5253820
20170404;52.29;52.45;51.88;52.32;4983890
20170405;52.72;53.02;51.83;51.9;4891153
20170406;51.91;52.82;51.55;52.67;6307530
20170407;52.21;52.91;51.97;52.61;6548103
20170410;52.6;53.19;52.5;52.79;5215948
20170411;52.43;52.84;52.02;52.77;4536582
20170412;52.49;52.62;51.72;51.97;4524688
20170413;51.69;52.06;51.08;51.12;6518576
20170417;51.26;52.05;51.09;51.9;5612262
20170418;51.39;51.56;50.75;51.19;6369530
20170419;51.56;51.92;51;51.16;5341141
20170420;51.52;52;51.24;51.78;4468401
20170421;51.64;51.85;51.19;51.27;7470012
20170424;52.44;52.77;51.92;52.02;7096758
20170425;52.5;53;52.35;52.37;7326085
20170426;52.37;52.65;51.81;51.89;7364299
20170427;52.01;52.35;51.72;52.14;5623325
20170428;52.09;52.24;51.77;51.81;5635613
20170501;52.03;52.19;51.67;51.97;5485294
20170502;52.03;52.16;51.73;52.02;4549130
20170503;51.74;52.32;51.71;52.1;5924295
20170504;52.75;53.64;52.36;52.65;8646515
20170505;52.87;52.96;52.23;52.62;4753812
20170508;52.53;53.13;52.49;53.06;6923718
20170509;53.14;53.25;52.23;52.31;4757254
20170510;52.07;52.36;51.97;52.21;5164565
20170511;51.97;52.36;51.55;51.61;4956496
20170512;51.24;51.47;50.81;50.92;4629900
20170515;51.05;51.91;50.97;51.79;4616244
20170516;51.85;52.07;51.57;51.85;3378634
20170517;51;51.27;49.62;49.96;7970456
20170518;49.82;50.25;49.57;49.81;5342374
20170519;49.96;50.85;49.91;50.48;6349276
20170522;50.68;50.85;50.1;50.15;4159771
20170523;50.15;50.82;50.01;50.51;5936218
20170524;50.54;50.75;50.34;50.52;3429578
20170525;51.03;51.43;50.8;51.19;4352825
20170526;51.12;51.29;50.96;51.05;3278674
20170530;50.78;50.92;50.46;50.7;4120760
20170531;50.77;50.81;49.98;50.59;5659027
20170601;50.85;51.8;50.41;51.66;5231497
20170602;51.18;51.73;51.02;51.44;3705383
20170605;51.45;51.67;51.04;51.13;3885169
20170606;50.7;50.83;50.13;50.46;4711557
20170607;50.63;50.86;50.26;50.58;4648138
20170608;50.66;52;50.59;51.59;7664287
20170609;51.84;52.96;51.69;52.84;7075710
20170612;52.87;53.61;52.65;53.24;6454836
20170613;53.48;53.59;53.17;53.31;5382290
20170614;52.74;53.44;52.41;53.31;5364619
20170615;52.94;53.6;52.91;53.19;5214687
20170616;53.33;53.53;52.87;53.52;6343497
20170619;53.77;54.22;53.65;53.99;4774147
20170620;53.71;54;53.31;53.36;4361641
20170621;53.64;53.73;52.29;52.53;5450996
20170622;52.3;52.58;52.15;52.21;4398728
20170623;52.49;52.56;52.06;52.26;4674316
20170626;52.4;52.97;52.15;52.6;3724399
20170627;52.71;53.7;52.71;52.98;5649881
20170628;53.48;54.63;53.45;54.54;7289270
20170629;55.13;56.29;54.73;55.06;9007683
20170630;55.46;55.65;54.86;54.94;4406988
20170703;55.36;56.54;55.33;56.16;3717989
20170705;56.13;56.5;55.62;55.89;4164366
20170706;55.99;56.58;55.7;55.88;5150213
20170707;56.05;56.45;55.7;56.17;3933914
20170710;56;56.3;55.77;56.05;4284516
20170711;55.88;56;55.39;55.53;4335222
20170712;55.47;55.7;55.08;55.56;3936610
20170713;55.53;55.91;55.47;55.71;3417295
20170714;55.15;55.57;54.7;55.34;6669873
20170717;55.24;55.47;54.71;55.35;3802509
20170718;54.93;55.2;54.55;54.76;3806369
20170719;54.92;55.15;54.7;54.95;3977171
20170720;55.03;55.09;54.56;54.58;5465219
20170721;54.64;54.83;54.23;54.65;3585397
20170724;54.67;54.88;54.51;54.69;3458398
20170725;55.36;55.83;55.19;55.7;5304612
20170726;55.71;55.81;54.54;54.73;4266209
20170727;54.81;55.31;54.62;55.04;3339011
20170728;55.03;55.41;54.54;55.25;2602914
20170731;55.49;55.58;54.95;55;3946329
20170801;55.5;55.74;54.87;55.71;4089946
20170802;55.65;55.77;54.66;55.48;4566222
20170803;53.59;54.44;53.3;53.5;8682344
20170804;53.77;54.24;53.26;53.92;6401613
20170807;48.17;48.77;48.16;48.53;9326103
20170808;48.47;49.16;48.41;48.77;7963540
20170809;48.42;48.63;47.92;48.31;6215260
20170810;47.77;47.96;46.39;46.74;7666348
20170811;46.71;47.01;46.58;46.81;6437764
20170814;47.38;47.74;47.29;47.58;6710979
20170815;47.99;48.66;47.67;47.78;6335488
20170816;47.9;48.34;47.72;47.95;7287638
20170817;47.68;47.95;46.87;46.95;7748809
20170818;46.7;47.47;46.57;47.02;7662137
20170821;46.96;46.99;46.53;46.68;4899647
20170822;46.76;47.2;46.63;47.17;4128821
20170823;46.76;47.33;46.69;47.05;4402363
20170824;47.22;47.62;46.99;47.6;4927740
20170825;47.73;48.18;47.66;47.99;5658282
20170828;47.88;47.95;47.39;47.57;5223892
20170829;47;47;46.47;46.73;6216907
20170830;46.84;47.21;46.63;47.06;4954847
20170831;47.23;47.38;46.81;46.83;5991149
20170901;47.05;48.02;46.89;47.8;6888299
20170905;47.46;47.55;46.99;47.31;9368908
20170906;47.54;48.23;47.45;47.95;8067406
20170907;47.89;48.02;46.67;46.81;5836596
20170908;46.77;47.28;46.57;47.14;4894875
20170911;47.77;47.94;47.21;47.59;6341956
20170912;47.81;48.56;47.79;48.5;5322951
20170913;48.29;48.65;48.08;48.65;4833263
20170914;48.64;48.85;48.29;48.35;3783617
20170915;48.26;48.57;48.11;48.54;7371451
20170918;48.74;49.08;48.61;48.9;4099973
20170919;48.96;49.65;48.87;49.47;5171585
20170920;49.56;50.3;49.36;50.13;4684743
20170921;50.11;50.57;49.89;50.45;5309099
20170922;50.12;50.95;50.08;50.54;5754267
20170925;50.38;51.01;50.25;50.85;5778857
20170926;50.76;51.54;50.57;51.47;5872475
20170927;52.11;52.24;51.8;51.86;7506947
20170928;51.96;52.03;51.04;51.32;4526190
20170929;51.25;51.97;51.16;51.95;4403202
20171002;51.94;52.3;51.5;52.14;4593867
20171003;52.12;52.42;51.9;52.4;3337033
20171004;52.42;52.73;52.39;52.52;2971974
20171005;52.5;53.01;52.32;52.58;3601050
20171006;52.83;53.27;52.61;53.02;5112059
20171009;53;53.13;52.8;52.99;2812357
20171010;52.99;53.3;52.75;53.14;4003575
20171011;53.02;53.08;52.56;52.85;3214039
20171012;52.97;52.97;52.64;52.73;3533294
20171013;52.63;53;52.55;52.72;3837314
20171016;52.84;53.38;52.75;52.87;3240207
20171017;53.23;53.23;52.2;52.38;4853674
20171018;52.73;52.92;52.43;52.8;3368368
20171019;52.39;53.07;52.39;52.99;2503971
20171020;53.56;53.58;53.08;53.29;4300265
20171023;53.2;53.65;53.2;53.44;4035094
20171024;53.85;54.33;53.84;54.14;4186193
20171025;54.2;54.22;53.72;53.94;3921269
20171026;54.11;54.39;54.04;54.21;3374417
20171027;54.05;54.31;53.76;54.29;2464198
20171030;53.85;54.08;53.65;53.97;4043933
20171031;53.97;54.26;53.56;53.58;3779566
20171101;53.99;54.15;53.52;53.87;4361069
20171102;54.81;55.91;54.19;55.73;6915909
20171103;55.18;55.38;54.47;54.63;3555120
20171106;54.38;54.5;54.06;54.33;2790045
20171107;54.43;54.62;53.09;53.4;5984794
20171108;53.4;53.4;52.78;53.02;4706474
20171109;52.74;53.09;52.36;52.81;4589080
20171110;52.55;52.71;51.83;52.2;4853118
20171113;51.75;52.49;51.66;52.16;3263367
20171114;52;52.19;51.72;52;2874340
20171115;51.5;52.19;51;51.84;3486234
20171116;52.1;52.2;51.45;51.54;3524091
20171117;51.3;51.91;51.16;51.65;2659680
20171120;51.74;51.99;51.5;51.97;3538719
20171121;52.04;52.04;51.64;51.71;2696761
20171122;51.71;51.98;51.65;51.71;2550153
20171124;51.93;51.99;51.72;51.83;1303105
20171127;51.83;51.97;51.13;51.37;3746226
20171128;51.55;52.82;51.5;52.65;4918731
20171129;53;54.2;52.95;53.55;6341666
20171130;54;54.3;53.39;53.68;5533072
20171201;53.97;53.98;51.96;53.61;4818963
20171204;54.29;54.45;53.6;53.62;4118638
20171205;53.79;53.87;52.88;53.04;4131275
20171206;53.05;53.3;52.69;53;3500386
20171207;52.89;53.88;52.88;53.62;3808895
20171208;53.94;53.94;53.42;53.76;3690547
20171211;53.89;54.19;53.48;53.64;3558093
20171212;53.7;54.06;53.36;53.67;4704495
20171213;53.5;53.61;52.76;52.84;4944368
20171214;53;53.27;52.36;52.49;4281779
20171215;51.51;51.94;50.89;51.41;15455509
20171218;51.73;51.81;50.66;50.93;7867537
20171219;51.26;51.56;50.77;50.79;5710381
20171220;51;51.27;50.79;51.01;4923212
20171221;51.33;51.58;50.92;51.03;5034248
20171222;51.27;51.27;50.51;50.76;4236805
20171226;50.82;51.12;50.61;50.67;3075648
20171227;50.7;50.9;50.56;50.75;2825374
20171228;50.75;51.01;50.69;50.87;2931543
20171229;51.09;51.14;50.55;50.56;3424425
20180102;50.81;50.86;49.65;50.18;5424474
20180103;50.08;50.85;50.05;50.5;4124329
20180104;50.84;51.63;50.75;51.36;4373903
20180105;51.53;51.88;51.22;51.84;3418996
20180108;51.72;52.2;51.45;51.98;4215959
20180109;52.21;52.94;52.16;52.36;4536287
20180110;52.49;53.68;52.39;53.03;5025750
20180111;53.28;53.79;53.28;53.49;3583112
20180112;53.71;53.89;53.01;53.33;5480396
20180116;53.34;53.55;51.62;51.85;9410804
20180117;52.15;52.71;52.06;52.55;5947017
20180118;52.7;53.58;52.55;52.95;5428979
20180119;52.93;53.54;52.62;53.4;6660006
20180122;53.51;53.91;53.19;53.85;4481713
20180123;53.75;53.9;53.19;53.61;4139350
20180124;54.12;54.24;53.72;54.1;3996747
20180125;54.25;54.25;53.81;54;4389792
20180126;54.25;54.77;54.02;54.77;3660730
20180129;54.63;55.21;54.37;54.4;5624131
20180130;50.25;50.82;49;49.73;29492997
20180131;48.47;49.5;48.01;48.07;28761666
20180201;48.01;48.67;47.72;48.39;15853726
20180202;47.89;48.23;47.42;47.56;9583793
20180205;47;47.46;45.55;45.89;12512992
20180206;45.06;46.38;44.58;46.2;13696700
20180207;45.95;46.93;45.83;46.26;9027933
20180208;46.31;46.42;44.26;44.28;9043780
20180209;45;45.02;43.38;44.61;9965752
20180212;44.99;45.21;44.13;44.62;9935356
20180213;44.45;45.25;44.18;45.2;8187431
20180214;45.6;46.9;45.26;46.7;9649303
20180215;47.06;47.28;46.1;46.73;7152546
20180216;46.42;47.05;46.23;46.64;7674409
20180220;46.5;47.14;46.32;46.89;7002665
20180221;46.89;47.67;46.86;46.95;6297619
20180222;47.09;47.33;46.51;46.63;5607713
20180223;46.7;47.48;46.7;47.47;4341881
20180226;47.63;47.86;47.19;47.55;5253987
20180227;47.52;48.19;47.22;47.22;5757125
20180228;47.41;47.66;46.18;46.19;7244322
20180301;46.23;46.71;45.35;45.73;7827930
20180302;45.33;45.68;44.66;45.5;7111227
20180305;45.09;46.65;45.09;46.39;7212594
20180306;46.54;47.31;46.49;47.07;7415596
20180307;46.53;47.15;46.39;47.05;5008356
20180308;47.15;47.19;46.44;46.84;4164248
20180309;47.36;48.01;47.22;47.84;5037547
20180312;47.83;47.84;47.01;47.02;6013762
20180313;47.3;47.46;46.77;47.1;5694593
20180314;47.32;47.4;46.79;46.91;6493111
20180315;47.2;47.26;46.77;46.96;3901235
20180316;46.92;47.68;46.92;47.32;8507007
20180319;47.42;47.56;46.56;47.09;6257694
20180320;47.12;47.45;47.12;47.2;5745770
20180321;47.39;47.79;47.16;47.22;4757275
20180322;46.55;46.74;45.56;45.71;5656400
20180323;45.83;45.94;44.04;44.08;5635112
20180326;45.21;46.29;45;46.15;7331696
20180327;46.11;46.47;45.23;45.49;6703359
20180328;45.66;46.33;45.21;45.9;7056625
20180329;45.93;46.4;45.89;45.89;6535166
20180402;45.85;46.05;44.44;45.02;7454740
20180403;45.26;45.83;44.96;45.63;6481487
20180404;44.68;45.94;44.58;45.85;8082172
20180405;46.15;46.37;45.82;46.03;5740793
20180406;45.47;45.96;44.84;45.27;8637080
20180409;45.59;46.42;45.51;45.55;4904033
20180410;46.25;46.81;46.12;46.46;4742063
20180411;46.05;46.49;45.85;46.05;4781716
20180412;46.53;47.32;46.43;47.03;5150817
20180413;47.39;47.49;46.7;46.92;4520801
20180416;47.33;47.54;47.02;47.39;4049724
20180417;47.74;47.74;46.77;46.9;4298799
20180418;47;47.41;46.93;47;4121276
20180419;47.03;47.54;47.03;47.44;3902002
20180420;47.6;47.72;46.98;47.49;4377761
20180423;47.67;47.74;47.24;47.4;3725956
20180424;47.71;48.28;47.08;47.61;5581142
20180425;47.68;48.05;47.24;47.83;4907837
20180426;47.75;48.28;47.57;48.17;4057372
20180427;47.9;48.45;47.71;48.39;2795266
20180430;48.45;48.63;47.67;47.67;3899412
20180501;47.59;47.72;46.88;47.3;5752513
20180502;47.03;47.04;44.95;45.05;8371664
20180503;45.72;46.42;43.87;44.66;10062215
20180504;44.08;46.49;43.98;46.23;7519268
20180507;46.25;47.03;45.92;46.95;6312533
20180508;46.76;47.28;46.29;46.55;5888101
20180509;46.8;47.01;45.9;46.59;5776035
20180510;46.58;47.01;46.35;46.89;3748901
20180511;47.07;47.23;46.64;46.77;3097199
20180514;46.89;47.16;46.77;46.96;3378760
20180515;47.01;47.99;46.97;47.48;4813494
20180516;47.42;48.1;47.28;47.89;3776648
20180517;47.83;48.24;47.46;48.18;4076026
20180518;48;48.1;47.75;47.78;2881259
20180521;48.01;48.19;47.87;48.09;3036596
20180522;48.12;48.7;48.06;48.46;3217116
20180523;48.19;48.46;47.79;48.45;4083340
20180524;48.06;48.52;47.64;48;4649182
20180525;47.86;47.96;47.35;47.67;4415671
