20100104;53.77;55.34;53.12;54.4;2330155
20100105;54.05;55.03;53.63;55.01;1569481
20100106;54.92;55.08;53.98;54.15;1517914
20100107;54.11;54.54;53.55;54.11;1047902
20100108;53.95;54.02;53.22;53.9;1344637
20100111;54;54.79;53.94;54.28;1098957
20100112;53.9;54.99;53.76;54.59;1606711
20100113;54.43;55.28;54.15;55.13;1476940
20100114;54.91;55.06;54.19;54.79;1191292
20100115;54.8;54.89;53.52;53.6;1657863
20100119;53.55;54.45;53.35;54.29;1197770
20100120;53.9;53.9;52.8;53.36;1474461
20100121;53.4;53.43;51.73;51.92;1979520
20100122;51.76;51.98;50.48;50.64;1826463
20100125;51.08;51.97;50.85;51.7;1561990
20100126;51.54;52.27;50.92;51.37;2311733
20100127;51.67;52.81;51.1;52.63;2050788
20100128;53.68;54.12;48.81;50.6;5056633
20100129;51.04;51.2;49.18;49.62;2663274
20100201;49.77;51.14;49.37;51.03;2245524
20100202;51.16;51.59;50.69;51.17;1741159
20100203;50.85;51.27;50.42;50.7;1475714
20100204;49.83;50.71;48.27;48.27;2274852
20100205;48.35;49.09;47.42;48.87;3488688
20100208;49.16;49.69;48.1;48.13;1735883
20100209;48.71;49.39;47.89;48.69;1844392
20100210;48.52;49.47;48.52;49.07;1454859
20100211;48.9;49.21;48.48;49.01;1402112
20100212;48.69;49.08;48.24;48.94;1829300
20100216;49.45;50.18;48.99;50.18;1242550
20100217;50.44;50.59;49.6;49.92;1504555
20100218;49.94;50.15;49.23;49.6;1739696
20100219;49.63;50.31;49.49;49.95;1647693
20100222;50.25;50.56;49.64;50.04;1469531
20100223;49.99;50.28;49.48;49.6;2212353
20100224;49.95;50.69;49.63;50.63;1379248
20100225;50.11;50.39;49.56;50.32;1076335
20100226;50.57;50.97;49.87;50.69;1529673
20100301;50.65;51.17;50.58;51.1;1046934
20100302;51.12;51.48;51.06;51.4;1466791
20100303;51.44;52.06;51.28;51.64;1403276
20100304;51.57;52.61;51.5;52.56;1698978
20100305;52.62;53.99;52.62;53.98;1754874
20100308;53.89;53.95;53.25;53.36;1316809
20100309;53.32;53.81;52.87;53.49;1167155
20100310;53.53;53.65;53.11;53.44;1710180
20100311;53.01;53.4;52.71;53.4;1083873
20100312;53.4;53.73;52.83;53.33;1320661
20100315;53.12;53.53;52.74;53.45;1265110
20100316;53.69;53.89;53.27;53.85;1339167
20100317;53.95;55.51;53.95;55.25;1956365
20100318;55.42;55.42;54.88;55.22;1055031
20100319;55.59;55.59;54.44;54.81;1518175
20100322;54.59;55.5;54.41;55.46;837367
20100323;55.37;55.91;55.18;55.86;1332609
20100324;55.55;55.75;54.52;55;1382548
20100325;55.23;56.25;54.84;55.22;1547225
20100326;55.22;55.75;54.52;55.08;1506779
20100329;55.42;55.49;54.91;55.36;970619
20100330;55.42;55.82;54.85;55.21;1009242
20100331;54.89;55.39;54.52;54.97;1435436
20100401;55.5;56.13;55.42;55.87;1232265
20100405;55.52;55.96;55.5;55.86;1713744
20100406;55.83;56.05;55.4;55.93;1665529
20100407;56.06;56.23;55.36;55.54;1632473
20100408;55.27;55.81;55.11;55.67;2970667
20100409;55.78;56.59;55.56;56.52;1680625
20100412;56.69;56.94;56.12;56.39;1631175
20100413;56.18;57.31;56.1;57.16;1323549
20100414;57.06;58.49;57.06;58.48;2170964
20100415;58.43;58.87;58.15;58.7;1949499
20100416;58.37;58.73;56.45;56.72;3128834
20100419;57;57.75;56.75;57.65;2150144
20100420;57.86;58.64;57.43;58.5;1522898
20100421;58.44;58.78;57.47;58.21;1382055
20100422;57.99;59.3;57.1;58.98;2230016
20100423;58.58;59.44;58.16;58.88;2247744
20100426;58.97;59.13;57.58;57.81;1485423
20100427;57.35;58.04;56.03;56.26;1899180
20100428;56.56;57.19;56.31;56.51;2083493
20100429;57;59.11;56.89;58.89;1715533
20100430;58.91;59.05;57.48;57.54;1467069
20100503;57.75;58.69;57.54;58.58;1350148
20100504;57.82;58;57.03;57.31;2538640
20100505;56.79;57.6;56.31;56.58;1703026
20100506;56.3;57.14;49.54;53.45;4059168
20100507;53.4;53.81;52.03;52.51;4105047
20100510;55.15;55.89;54.16;55.04;2613943
20100511;54.26;54.98;53.67;54.04;2975706
20100512;54.35;55.1;54.14;54.98;2242242
20100513;54.78;54.78;53.68;53.74;2138228
20100514;53.24;53.24;51.99;52.47;2448598
20100517;52.59;53.47;51.89;53.12;2010664
20100518;53.5;54.01;51.73;51.98;2201934
20100519;51.76;52.33;50.64;51.79;2002746
20100520;50.51;50.83;48.96;48.97;2830391
20100521;47.73;51.46;47.32;50.99;4011180
20100524;50.77;50.79;48.84;48.87;3025428
20100525;47.03;49.89;47.03;49.84;3497981
20100526;50;50.74;49.24;49.43;2663084
20100527;50.68;51.98;50.46;51.47;2586039
20100528;51.2;51.45;49.43;49.52;3086265
20100601;49.1;49.9;48.58;48.71;2150864
20100602;48.84;50.15;48.13;50.09;2522438
20100603;49.99;50.03;48.84;49.47;2159628
20100604;48.05;49.27;47.8;47.92;4179838
20100607;48.36;48.68;47.09;47.12;2137548
20100608;47.19;48.08;46.5;47.97;2721082
20100609;48.15;48.72;47.04;47.21;2422655
20100610;47.16;48.93;47.16;48.82;2355723
20100611;48.04;50;48.04;49.84;2035177
20100614;50.83;50.91;49.32;49.38;1596504
20100615;51.04;51.04;49.91;50.49;2538291
20100616;50.25;50.42;49.28;49.5;3078985
20100617;49.51;49.8;48.65;49.44;2674593
20100618;49.44;49.6;48.88;49.34;2182796
20100621;49.87;50.25;48.57;48.76;1868154
20100622;48.47;49.42;47.77;47.83;2241886
20100623;47.99;48.31;47.42;47.63;1643174
20100624;47.3;47.61;45.83;46;2981693
20100625;46.4;47.94;46.15;47.57;3397956
20100628;47.55;48;46.93;46.99;1598257
20100629;46.38;46.49;44.59;44.85;3288501
20100630;44.61;45.46;44.28;44.39;2218587
20100701;44.26;44.8;42.81;44.12;2917984
20100702;44.28;44.58;43.02;43.6;2608254
20100706;44.31;44.88;43.18;43.78;2792348
20100707;43.64;46.01;43.64;45.94;3044750
20100708;46.53;47.47;46.33;47.09;3733347
20100709;47.12;48.02;47.07;47.89;2596016
20100712;47.53;48.03;47.33;47.8;2513487
20100713;48.37;49.33;48.09;49.14;1945766
20100714;48.88;49.16;48.04;48.51;1174833
20100715;48.53;48.67;47.6;48.5;2083469
20100716;48.2;48.3;46.8;46.93;2572744
20100719;47.04;47.34;46.18;47.27;1402127
20100720;46.32;47.71;46.04;47.65;1698571
20100721;48.16;48.31;47.01;47.12;2396410
20100722;47.68;49.55;47.62;49.44;2472683
20100723;48.2;48.33;46.89;47.85;5420846
20100726;48.01;48.61;47.43;48.47;2730770
20100727;48.93;49.02;48.25;48.34;1947547
20100728;48.89;48.98;48.01;48.21;1476438
20100729;48.48;49.75;48.07;48.71;1768820
20100730;48.11;48.69;47.73;48.23;1864723
20100802;48.92;50.07;48.63;50.02;2380708
20100803;50.02;50.17;49.37;49.7;2469505
20100804;49.95;50.24;49.55;50.15;1361103
20100805;49.67;50.43;49.38;50.34;2062074
20100806;49.86;50.23;48.4;49.26;2681821
20100809;49.5;50.38;49.25;49.9;2163127
20100810;49.49;49.58;48.7;49.17;2476818
20100811;48.5;48.53;47.2;47.22;3555690
20100812;46.66;46.86;46.34;46.5;3113295
20100813;46.35;46.72;46.25;46.41;1962852
20100816;46.1;46.68;45.75;46.21;1664966
20100817;46.67;47.97;46.54;47.74;2202023
20100818;47.61;47.8;46.97;47.49;1479454
20100819;47.11;47.37;45.64;45.65;2570250
20100820;45.61;46.26;45.28;46.09;2311414
20100823;46.25;46.39;45.82;45.83;1264578
20100824;45.4;45.4;44.64;44.85;2315730
20100825;44.54;45.3;44.1;45.1;2302030
20100826;45.27;45.52;43.97;43.98;3338536
20100827;44.26;45.24;43.6;45.24;3870403
20100830;45.09;45.1;43.74;43.78;3044236
20100831;43.51;44.33;43.3;43.79;2753176
20100901;44.79;46.02;44.45;46.02;3963458
20100902;46.29;46.69;45.92;46.65;2215865
20100903;47.35;48.17;47.35;48.09;2080903
20100907;47.66;47.66;46.82;46.92;1400233
20100908;47.11;47.9;47.11;47.67;1808455
20100909;48.38;48.65;47.88;48.61;2163177
20100910;48.33;48.67;48.08;48.62;1489286
20100913;49.39;49.9;49.31;49.88;2763772
20100914;49.62;49.99;49.19;49.85;1852115
20100915;49.5;49.55;48.76;49.52;2956210
20100916;49.43;49.67;49.14;49.62;1581896
20100917;49.87;49.99;49.03;49.66;2290580
20100920;49.79;51.14;49.64;51.03;1871380
20100921;51.01;51.21;49.98;50.15;2296897
20100922;50.14;50.65;49.26;49.48;1319766
20100923;49;49.21;48.14;48.2;2437456
20100924;48.83;50.41;48.77;50.37;2151124
20100927;50.53;50.65;49.9;49.97;1246999
20100928;50.21;50.38;49.31;50.1;1839929
20100929;49.9;50;49.2;49.64;1257444
20100930;49.98;50.55;49.79;50.07;2542451
20101001;50.69;51.1;49.87;50.34;1734218
20101004;50.25;50.62;49.35;49.78;1400581
20101005;50.48;52.06;49.8;51.92;2263848
20101006;51.85;52.22;51.37;51.99;2519721
20101007;52.22;52.22;51.02;51.16;2250494
20101008;50.53;51.78;50.2;51.62;2187218
20101011;51.2;51.87;50.95;51.72;2025899
20101012;51.74;52.29;51.35;52.13;1925188
20101013;52.5;53.43;52.26;53.03;2702598
20101014;52.98;53.46;52.18;52.52;1750780
20101015;52.97;52.97;52.16;52.38;1495773
20101018;52.52;53.07;52.28;52.92;1814107
20101019;51.99;52.6;51.36;51.77;1697409
20101020;51.8;53.19;51.52;52.87;1590125
20101021;53.13;53.55;52.52;52.7;2306695
20101022;55;55.38;54.48;54.89;3380105
20101025;55.12;55.22;54.69;54.69;2944802
20101026;54.16;55.05;53.24;54.59;2477096
20101027;54.15;54.75;53.85;54.4;1602346
20101028;54.71;55.23;54.2;54.7;1332451
20101029;54.63;55.47;54.31;55.27;2456427
20101101;55.47;56.11;54.94;55.4;1459954
20101102;56.09;56.56;55.66;56.29;1535923
20101103;56.27;56.76;55.92;56.76;1678076
20101104;57.64;59.25;57.08;59.13;2730514
20101105;59.06;60.52;58.8;60.46;2941830
20101108;60;60.09;58.81;59.01;1949043
20101109;59.24;59.36;57.52;57.86;2096635
20101110;57.72;58.54;57.16;58.31;2104933
20101111;57.6;58.87;57.51;58.66;1338684
20101112;58.1;58.26;57.39;57.74;1725011
20101115;57.96;58.81;57.8;58.17;1502503
20101116;57.74;58.12;56.46;56.86;1861958
20101117;56.87;57.75;56.63;57.4;1323721
20101118;58.15;59.31;58.13;58.54;1866766
20101119;58.44;59.03;57.8;58.98;1404355
20101122;58.82;59;57.99;58.54;1179374
20101123;57.51;57.85;57;57.18;2537216
20101124;57.76;59.34;57.72;59.22;1743572
20101126;58.73;59.05;58.35;58.65;451031
20101129;58.17;58.66;57.66;58.34;1227006
20101130;57.8;58.94;57.51;58.33;1504430
20101201;59.59;59.99;59.18;59.46;2466426
20101202;59.7;61.52;59.7;61.47;2086198
20101203;60.99;61.5;60.02;61.32;1496004
20101206;61.22;61.66;60.73;61.58;1350905
20101207;62.57;63.22;62.07;62.1;2932052
20101208;62.26;62.57;61.57;61.84;2658020
20101209;62.22;62.68;61.67;62.44;1879274
20101210;62.46;63.16;62.03;63.02;1224041
20101213;63.66;64.04;63.03;63.45;1981808
20101214;63.9;63.9;62.43;62.78;1089885
20101215;63.76;63.82;62.55;62.7;2539730
20101216;62.75;62.96;62.17;62.64;2669513
20101217;62.55;63.29;62.55;62.99;2410267
20101220;63.45;63.64;62.83;63.36;1014092
20101221;63.73;64.54;63.61;64.27;1345581
20101222;64.49;65.38;64.41;65.37;1439267
20101223;65.13;65.24;63.98;64.4;920238
20101227;64.18;64.75;64.04;64.73;563262
20101228;64.79;65.04;64.04;64.38;560884
20101229;64.3;64.3;63.68;63.91;916024
20101230;64.01;64.45;63.85;64.22;978630
20101231;64.16;64.62;63.8;64.54;1177330
20110103;64.92;66.15;64.88;65.78;2496412
20110104;64.65;65.36;64.15;64.28;2078738
20110105;64.35;65.16;64.34;65.16;1886686
20110106;65.24;66.09;64.94;65.16;1563853
20110107;65.29;65.81;63.97;64.63;1452197
20110110;64.23;64.95;63.68;64.73;1281589
20110111;64.99;66.01;64.91;65.21;1087395
20110112;65.59;66.65;65.54;66.61;1444616
20110113;66.49;67.47;66.31;66.74;1533585
20110114;66.51;67.76;66.09;67.7;1883909
20110118;67.57;67.92;66.94;67.86;1324475
20110119;67.44;67.59;65.89;66.02;1544259
20110120;66.26;66.96;65.42;65.63;1241035
20110121;66.16;66.75;65.87;66.25;1189137
20110124;65.34;66.53;65.31;66.52;1271848
20110125;66.5;66.85;65.84;66.83;1452272
20110126;67.18;67.52;66.59;67.29;1279116
20110127;67.37;68.23;67.13;68.07;1537498
20110128;68.9;68.98;64.96;65.85;2830185
20110131;65.91;66.34;64.97;65.92;2165385
20110201;66;67.6;65.97;67.21;1743797
20110202;66.75;67.02;66.3;66.52;1311880
20110203;66.43;66.75;65.51;66.12;1170713
20110204;66.29;66.87;65.93;66.08;1436946
20110207;66.28;67.56;66.2;67.01;1511474
20110208;67.25;67.5;66.8;67.25;1011881
20110209;67.19;67.49;66.78;67.13;856295
20110210;66.71;68.21;66.71;68.07;1037229
20110211;67.83;69.25;67.61;68.98;1066819
20110214;68.77;69.48;68.6;69.32;904151
20110215;68.93;69.56;68.87;69.19;953346
20110216;69.4;70.74;69.28;70.49;1500549
20110217;70.51;70.53;69.88;70.33;882353
20110218;70.5;71.29;70.09;71.1;1214128
20110222;70.08;70.64;67.45;67.63;1846877
20110223;67.66;68.1;65.54;66.25;2089649
20110224;66.44;67.15;65.47;66.3;1931669
20110225;66.59;67.25;66.39;67.12;1992926
20110228;67.4;67.8;66.47;66.98;1868604
20110301;67.17;67.34;65.14;65.35;1818909
20110302;65.39;65.86;64.73;65.52;997957
20110303;66.39;67.84;66.13;67.62;1206496
20110304;67.48;67.56;65.85;66.74;1282796
20110307;67.03;67.63;65.74;65.94;979109
20110308;66.22;67.69;65.88;67.58;1328546
20110309;67.43;67.63;66.47;66.69;1850111
20110310;65.51;65.65;64.23;64.38;1962429
20110311;64.12;64.81;63.82;64.72;1120362
20110314;64.08;64.42;63.26;63.69;2092023
20110315;61.39;62.57;61.03;61.96;3308249
20110316;61.94;62.66;60.58;60.83;2154791
20110317;62.05;62.67;61.36;61.99;1335389
20110318;62.87;63.4;62.14;62.24;2061111
20110321;63.17;63.8;62.87;63.68;1531371
20110322;63.57;63.57;62.77;63.03;2143148
20110323;62.68;63.91;62.1;63.76;1342371
20110324;64.44;64.59;63.67;64.5;1224106
20110325;64.64;65.65;64.41;65.07;1365518
20110328;65.26;65.26;64.35;64.43;954089
20110329;64.39;65.17;63.86;65.17;1496867
20110330;65.24;66.96;65.24;66.19;1576229
20110331;65.9;66.49;65.61;66.42;1117333
20110401;67.07;67.94;67.06;67.89;1808998
20110404;68.05;68.17;67.14;67.31;895118
20110405;66.88;67.43;66.47;67.35;1004839
20110406;67.64;68.06;67.42;67.92;961530
20110407;67.7;68.26;67.23;67.92;998579
20110408;68.49;68.59;67.57;67.85;1163772
20110411;68.25;68.3;66.92;67.3;1002897
20110412;66.89;67.04;66.05;66.52;881217
20110413;67.01;67.49;66.47;67.08;1269595
20110414;66.83;66.87;66.28;66.56;790357
20110415;66.73;67.11;66.25;67.01;998303
20110418;65.95;66.1;64.92;65.67;1302191
20110419;65.94;66.18;65.43;66.04;1095954
20110420;66.25;66.97;65.96;66.37;2157172
20110421;64.24;64.73;63.34;64.08;2986364
20110425;63.97;64.13;63.04;63.31;2567617
20110426;63.4;64.05;63.37;63.7;3535340
20110427;63.81;64.97;63.54;64.94;2654466
20110428;64.91;64.97;64.06;64.62;1701314
20110429;64.47;64.69;64;64.25;1118587
20110502;64.61;64.65;63.71;63.92;1384963
20110503;63.8;63.8;62.63;62.99;2070137
20110504;63;63.18;62.06;62.78;2027171
20110505;62.39;63.61;62.16;62.47;1735912
20110506;63.34;63.92;62.48;62.52;1714564
20110509;62.35;62.7;61.87;62.63;1346791
20110510;62.9;63.45;62.7;63.28;1171770
20110511;63.16;63.29;61.83;62.17;1357687
20110512;61.97;62.85;61.51;62.78;1320517
20110513;62.8;62.92;61.8;62;1507522
20110516;61.77;62.81;61.7;61.87;1377616
20110517;61.56;62.35;61.33;62.18;1896368
20110518;62.29;63.56;61.94;63.28;1792029
20110519;63.6;64.1;63.42;63.73;1437188
20110520;63.47;63.7;62.66;62.91;1611839
20110523;62.08;62.26;61.52;61.93;1480471
20110524;62.09;62.5;61.7;62.22;1487183
20110525;61.88;62.49;61.56;62.12;1063996
20110526;61.85;62.37;61.3;62.12;1676542
20110527;62.4;62.78;62.23;62.44;1021963
20110531;63.15;63.47;62.69;63.3;1497714
20110601;61.29;61.73;59.43;59.52;4202047
20110602;59.61;60.14;59.15;59.91;2409687
20110603;59.35;59.73;58.65;58.97;2459774
20110606;58.77;59;57.9;58.04;2522335
20110607;58.58;59.27;58.24;58.47;1632009
20110608;58.12;58.49;57.04;57.09;2973020
20110609;57.46;58.34;57.03;58.13;2627871
20110610;57.49;57.66;56.45;56.71;2789222
20110613;56.97;57.27;56.39;56.68;2156339
20110614;57.44;58.13;57.19;57.77;1848512
20110615;57.2;57.58;56.3;56.66;2320564
20110616;56.45;57.09;56.05;56.79;2770635
20110617;57.62;57.83;57.01;57.23;1627617
20110620;57.17;57.77;56.98;57.67;1165327
20110621;57.98;59.24;57.96;58.73;2082854
20110622;58.4;58.83;57.52;57.53;1721091
20110623;56.86;57.17;55.94;57.08;2391238
20110624;57.16;57.24;56.12;56.51;2065010
20110627;56.24;57.85;56.24;57.68;1746435
20110628;57.84;58.73;57.72;58.53;1512346
20110629;58.93;59.39;58.61;59.28;1915335
20110630;60.07;60.43;59.17;60.34;2202246
20110701;60.39;61.14;59.91;61;1732033
20110705;61.01;61.25;60.19;60.77;1739791
20110706;60.55;61.05;59.92;61;1661056
20110707;61.75;62.25;61.52;61.87;1487441
20110708;60.8;61.14;60.15;60.91;1651531
20110711;60.03;60.24;58.35;58.54;1735669
20110712;58.5;59.72;58.5;58.74;1812516
20110713;59.13;60.39;58.65;58.9;1957062
20110714;59.15;59.27;58.03;58.44;2197561
20110715;58.71;58.94;57.44;58.34;2112718
20110718;57.98;58.12;56.64;57.25;1778883
20110719;57.43;58.37;57.27;58.31;1291911
20110720;58.32;58.6;57.59;57.79;1279381
20110721;57.76;60.9;57.76;60.22;2851692
20110722;60.34;60.78;59.99;60.32;1438875
20110725;59.7;60.57;59.32;59.97;1832625
20110726;60.18;61.05;59.61;60.06;2430011
20110727;59.64;59.97;55.46;55.97;4823289
20110728;55.89;57.67;55.81;56.41;2640920
20110729;55.74;57.6;55.42;56.8;2590698
20110801;57.46;57.96;56.08;56.67;2373270
20110802;56.05;56.78;54.87;54.88;2104237
20110803;54.95;55.62;53.69;55.34;2977589
20110804;54.59;55.03;52.04;52.12;3767947
20110805;52.89;53.2;50.37;51.51;3562831
20110808;50.08;51.29;46.94;47.23;6726056
20110809;48.23;52.16;47.82;51.99;6860272
20110810;50.43;51.31;48.6;49.04;5741553
20110811;49.05;52.5;48.68;51.68;4561279
20110812;52.21;53.14;50.73;50.96;3895480
20110815;51.48;52.15;50.9;51.94;2548366
20110816;51.12;51.86;50.33;51.2;3610652
20110817;51.4;51.76;50.66;50.98;2851996
20110818;49.2;49.2;46.51;47.08;5819057
20110819;46.65;48.65;46.28;46.44;4422234
20110822;47.62;48.24;46.6;46.89;3805365
20110823;47.1;49.4;46.69;49.39;3256661
20110824;49.29;50.93;48.74;50.34;3004783
20110825;50.64;52.27;49.01;49.44;2679757
20110826;48.86;51.35;47.79;50.69;3057803
20110829;51.65;53;51.43;52.99;1946626
20110830;52.41;53.32;51.82;52.92;1936389
20110831;53.48;54.21;53.1;53.48;2462239
20110901;53.34;53.71;52.17;52.18;2036292
20110902;50.91;51.34;49.94;50.17;1929599
20110906;48.43;49.45;47.96;49.38;2571230
20110907;50.4;51.78;50.17;51.65;2395851
20110908;50.91;51.66;50.43;50.55;2253876
20110909;49.89;50.74;49.09;49.43;3217704
20110912;48.19;49.83;48.07;49.78;2654746
20110913;50.02;50.77;49.25;50.36;2316452
20110914;50.66;51.71;49.41;50.98;2610447
20110915;51.48;53.02;51.34;53;2445951
20110916;53.19;53.36;51.92;53.03;2773170
20110919;52.01;52.19;50.57;51.46;2728890
20110920;51.75;52.49;51.28;51.31;1828567
20110921;51.27;51.65;48.82;48.83;3121394
20110922;47.27;47.49;45.75;46.97;6098856
20110923;46.99;47.92;46.4;46.91;4051001
20110926;47.55;48.31;46.28;48.27;3610084
20110927;49.08;51.06;48.72;49.51;3633733
20110928;49.5;50.06;48.28;48.42;3066522
20110929;49.65;50;48.17;49.69;2953375
20110930;48.61;49.21;47.77;47.77;3457384
20111003;47.32;48.03;45.69;45.89;3579785
20111004;45.22;48.49;44.68;48.46;3770577
20111005;48.35;49.43;47.73;49.04;2659569
20111006;48.75;50.46;47.74;50.4;2567039
20111007;50.77;50.94;48.95;49.06;2727853
20111010;50.17;51.83;50.13;51.79;2185492
20111011;51.41;52.16;51.04;51.76;2281085
20111012;52.15;54.43;52.02;53.47;4143351
20111013;52.81;53.07;51.12;52.34;2864099
20111014;53.43;54.59;52.75;53.58;2533531
20111017;53.23;53.39;51.58;51.75;2098690
20111018;52.12;54.36;51.55;53.94;2822790
20111019;53.85;54.21;52.53;52.69;3409984
20111020;52.65;53.24;51.73;52.78;3369101
20111021;53.6;54.92;53.48;54.86;2424318
20111024;54.76;56.16;54.55;55.99;2360181
20111025;50.69;52.7;50.39;51.08;4168238
20111026;51.75;51.79;49.8;51.02;3244031
20111027;54.36;57.23;54.36;56.81;3868238
20111028;56.42;57;55.86;56.54;1986549
20111031;55.33;55.56;52.69;52.84;3427750
20111101;50.44;51.53;49.53;49.64;4748434
20111102;50.96;51.73;50.27;51.17;2843768
20111103;52;53.24;50.39;52.81;2570769
20111104;52.03;52.92;51.37;52.76;2704792
20111107;52.91;53.2;52.06;53.01;2362307
20111108;53.35;54.49;53.13;54.33;2311572
20111109;52.51;52.74;51.36;51.42;3044679
20111110;52.56;52.79;51.71;52.15;1964834
20111111;53.16;54.53;52.92;54.33;2124061
20111114;54.15;54.49;54.02;54.27;2420348
20111115;53.97;55.04;53.66;54.72;1827640
20111116;53.86;54.88;53.29;53.47;1989683
20111117;53.34;53.74;52.28;52.52;2591526
20111118;52.99;53.04;52.13;52.5;1726506
20111121;51.6;51.7;50.74;51.26;2120610
20111122;51.06;51.55;50.37;50.97;2057958
20111123;50.37;50.48;49.35;49.44;2354718
20111125;49.5;50.57;49.38;49.61;912222
20111128;51.99;52.82;51.85;52.82;2103283
20111129;53.06;53.58;52.55;53.21;1904284
20111130;55.67;56.9;55.52;56.76;3191370
20111201;56.42;56.85;55.53;56.58;1648747
20111202;57.41;59.09;57.3;57.5;1892884
20111205;58.84;59.32;57.44;58.01;2516165
20111206;58.01;58.29;57.33;57.84;2085918
20111207;57.69;59.55;56.97;59.35;6554454
20111208;58.94;59;56.81;56.99;3187887
20111209;56.64;58.17;56.28;57.96;2765949
20111212;56.61;56.76;55.44;56.23;2037483
20111213;56.35;56.77;54.47;55.03;2153833
20111214;54.87;55.15;53.88;54.13;2837681
20111215;54.83;55;53.92;54;1708764
20111216;54.49;55.02;53.81;54.28;3122798
20111219;54.47;54.73;53.57;53.68;2480214
20111220;54.9;56.56;54.78;56.45;1930653
20111221;56.5;57.1;55.12;56.56;2067675
20111222;56.89;57.42;56.6;56.83;1665622
20111223;57;57.51;56.44;57.49;1197204
20111227;57.46;58.01;57.01;57.42;843786
20111228;57.48;57.57;56.23;56.29;1313395
20111229;56.61;57.47;56.41;57.36;1029766
20111230;57.5;57.59;56.89;56.95;1115614
20120103;58.51;59.07;57.52;57.59;1657381
20120104;57.23;57.71;56.82;57.48;1192412
20120105;56.93;58.41;56.48;58.29;1832788
20120106;58.41;59.18;57.97;58.71;1983988
20120109;58.87;59.35;58.15;58.2;2255958
20120110;59.28;60.76;59.09;60.41;2607372
20120111;59.03;59.57;58.87;59.33;1883935
20120112;59.61;59.68;58.87;59.37;1788052
20120113;58.81;59.08;58.15;59;1499526
20120117;59.23;59.93;58.49;58.68;1731772
20120118;58.66;59.88;58.39;59.74;1918222
20120119;60.04;60.52;58.88;60.06;2854532
20120120;60.15;60.33;59.72;60.05;2921345
20120123;60.03;60.4;59.59;60.18;1413931
20120124;59.77;60.7;59.4;60.54;1258319
20120125;60.29;61.15;60.12;60.98;1354736
20120126;61.48;62.14;60.81;61.04;2152423
20120127;59.88;60.84;59.38;59.82;2712605
20120130;59.17;59.34;57.83;58.25;2128479
20120131;58.68;58.68;57.11;57.84;2225900
20120201;56.98;58.89;56.5;58.62;2764950
20120202;58.93;59.09;57.7;57.85;1881693
20120203;58.35;59.35;58.3;59.3;2451477
20120206;58.79;59.38;58.52;58.76;1316421
20120207;58.48;58.78;57.61;58.66;2094735
20120208;58.64;59.01;57.82;58.53;3057473
20120209;58.5;59.6;58.14;59.55;2938481
20120210;58.85;59.3;58.38;59.14;1864827
20120213;59.88;60.25;59.61;60.1;1458350
20120214;59.69;60.04;59.33;59.95;1468480
20120215;60.33;60.71;59.69;60.1;2047738
20120216;60.2;62.23;60.09;62.22;2005865
20120217;62.5;62.95;62.1;62.91;1914449
20120221;63;63;61.5;61.7;2066891
20120222;61.78;62.03;61.09;61.14;1282224
20120223;61;61.6;60.85;61.49;1490292
20120224;61.7;61.91;60.93;61.03;1118231
20120227;60.58;61.45;60.48;61.25;1330377
20120228;61.31;61.83;61;61.24;1166168
20120229;61.61;61.94;61.08;61.59;1550315
20120301;61.7;62.43;61.7;62.24;1233939
20120302;62.15;62.24;61.42;61.65;1011158
20120305;61.39;61.5;60.87;61.18;1017888
20120306;60.54;60.76;60;60.18;1742861
20120307;60.62;61.03;60.32;60.98;1124920
20120308;61.78;62.17;61.24;62.05;1521536
20120309;62.41;63.43;62.01;63.11;1744595
20120312;63.01;63.41;62.22;62.39;1426843
20120313;62.73;64;62.24;63.96;1671994
20120314;63.96;64.21;63.26;63.76;1102656
20120315;64.08;65;63.7;64.71;1142678
20120316;64.87;65.2;64.64;64.77;2177063
20120319;64.61;64.88;64.18;64.72;1172111
20120320;64.26;64.64;64;64.5;1222673
20120321;64.63;65.11;64.2;64.49;1260211
20120322;64.17;64.23;63.53;63.94;927779
20120323;64.23;64.37;63.4;64.02;813775
20120326;64.81;65.15;64.45;65;1195095
20120327;65.24;65.24;64.72;64.79;1023951
20120328;65.03;65.18;63.79;64.49;1332536
20120329;64.32;64.57;63.51;64.1;1237495
20120330;64.4;65.63;64.35;65.3;1847584
20120402;65.04;66;64.78;65.69;1534434
20120403;65.54;65.79;65.06;65.69;1388731
20120404;65.07;65.25;64.35;64.54;1230363
20120405;64.25;65.03;64.18;64.88;778773
20120409;63.83;64.04;63.25;63.61;859814
20120410;63.53;63.59;61.84;61.85;1850107
20120411;62.83;63;61.53;61.8;2129202
20120412;62.08;63.14;61.81;63.07;1532267
20120413;63.17;63.17;61.95;62.05;1101984
20120416;62.69;62.87;61.66;62.18;1197540
20120417;62.79;63.78;62.46;63.5;1069371
20120418;63.12;63.12;62.39;62.44;1019272
20120419;62.56;62.75;61.4;61.76;1167240
20120420;61.96;62.52;61.51;61.88;1305495
20120423;61.27;61.27;60.47;61.01;1447566
20120424;61.23;62.42;61.09;61.95;1629768
20120425;62.34;63.36;61.83;63.18;1511510
20120426;62.9;63.66;62.73;63.4;1098586
20120427;63.55;63.84;62.66;63.23;979679
20120430;63.06;63.2;62.52;63.12;852891
20120501;62.94;63.89;62.52;62.92;2064687
20120502;62.61;62.61;61.83;62.24;1577323
20120503;62.25;62.36;61.26;61.49;1567141
20120504;60.97;61.22;60;60.45;1913831
20120507;59.95;60.57;59.72;60.25;2270301
20120508;59.7;60.08;58.84;60;1936462
20120509;59.11;60.04;59;59.73;1669504
20120510;60.4;60.7;59.54;59.87;1527499
20120511;59.39;60.63;59;60.13;1321009
20120514;59.23;60.15;59.03;59.49;1555145
20120515;59.62;60.2;59.34;59.41;1442259
20120516;59.91;60.41;59.14;59.16;1608641
20120517;59.37;59.5;58.01;58.01;1697296
20120518;58.36;58.59;56.76;56.89;2322309
20120521;56.89;58.18;56.63;58.15;2241776
20120522;58.52;59.28;57.68;58.1;2048916
20120523;57.48;57.78;56.82;57.6;3126499
20120524;57.86;58.07;57.19;58.07;1927176
20120525;58.03;58.34;57.09;57.2;2058488
20120529;57.88;58.4;57.65;58.31;1638847
20120530;57.64;57.83;57.23;57.35;1261663
20120531;57.4;58.06;56.54;57.59;1701971
20120601;56.24;56.47;55;55.21;2727971
20120604;55.2;55.54;54.47;55.22;2201306
20120605;55.08;55.88;55.08;55.57;2144848
20120606;56.19;57.7;55.95;57.7;1640280
20120607;58.59;58.87;57.8;58.3;2110209
20120608;58.18;58.83;57.52;58.8;1464805
20120611;59.44;59.55;58.07;58.13;1443241
20120612;57.46;58.92;57.46;58.91;2062926
20120613;58.51;59.24;58.16;58.64;1839165
20120614;58.83;60.09;58.74;59.76;2021905
20120615;59.86;60.81;59.6;60.79;2470987
20120618;60.36;60.82;59.86;60.64;1211992
20120619;60.92;61.83;60.88;61.69;1569211
20120620;61.77;62.36;61.29;61.86;1969871
20120621;62.17;62.39;59.45;59.48;2156966
20120622;60.26;60.92;59.45;60.75;2043245
20120625;60.01;60.18;59.24;59.41;1848857
20120626;59.77;60.05;59.22;59.74;1292957
20120627;60.06;60.82;59.64;60.66;1103284
20120628;60.18;60.84;59.63;60.74;975864
20120629;62.14;62.97;61.65;62.96;1838581
20120702;63.16;63.33;62.24;63.03;1060224
20120703;63.04;63.37;62.71;63.12;657834
20120705;62.9;63.12;62.36;62.42;971019
20120706;61.57;62.01;61.22;61.82;964074
20120709;61.88;61.88;61.29;61.74;957978
20120710;62.36;62.77;60.12;60.32;1869068
20120711;60.35;61.09;60.22;60.93;1075732
20120712;60.21;60.66;59.81;60.37;1479491
20120713;60.79;62.97;60.58;62.79;1748054
20120716;62.33;62.53;61.67;61.85;945519
20120717;62.3;62.69;61.11;62.08;931714
20120718;61.8;63.04;61.79;62.95;1192363
20120719;62.85;63.4;62.49;62.7;1301422
20120720;62.25;62.61;61.44;61.47;2517051
20120723;60.37;61.5;59.92;61.12;1000592
20120724;61.26;61.26;59.99;60.68;1410846
20120725;59.05;59.74;58.84;58.97;2220510
20120726;60.01;60.44;59.25;59.75;1733737
20120727;60.52;61.66;60.14;61.25;1307174
20120730;61.06;61.48;60.08;60.22;1883969
20120731;60.04;61;59.88;60.75;1450114
20120801;61.29;61.33;60.1;60.17;1292179
20120802;59.5;59.93;58.52;59.12;1363497
20120803;60.36;61.02;60.11;60.81;1049639
20120806;60.98;61.22;60.5;60.66;958097
20120807;60.9;62.24;60.79;61.65;752191
20120808;61.42;61.65;60.72;60.78;1056864
20120809;60.93;61.31;60.6;61.02;735238
20120810;60.91;61.09;60.46;60.93;701744
20120813;60.9;61.14;60.18;61.07;612619
20120814;61.23;61.44;60.88;61.03;544085
20120815;60.92;61.64;60.87;61.6;416897
20120816;61.41;62.78;61.26;62.65;1098413
20120817;62.78;63;61.93;62.37;805299
20120820;62.16;62.34;61.59;62.09;727528
20120821;62.13;63;62;62.23;710630
20120822;62.14;62.28;61.61;62.16;648986
20120823;62;62.04;61.47;61.65;569348
20120824;61.44;62.87;61.29;62.73;930876
20120827;62.96;62.98;61.79;61.86;592721
20120828;61.61;62.4;61.58;62.06;803900
20120829;62.2;62.23;61.29;61.38;1502254
20120830;60.9;61.65;60.66;61.38;649246
20120831;61.51;61.98;61.11;61.44;652474
20120904;61.47;62.08;61.36;62;748994
20120905;61.81;62.22;61.12;61.32;1028711
20120906;61.5;63.44;61.5;63.29;1117398
20120907;63.61;64.07;63.17;63.4;1115006
20120910;63.37;63.98;63.18;63.25;776014
20120911;63.08;63.41;62.92;63.07;762323
20120912;63.35;63.79;63.13;63.37;685160
20120913;62.55;64.34;62.04;64.28;1827174
20120914;63.92;65.97;63.92;65.81;1659770
20120917;65.58;65.77;64.74;65.08;1276096
20120918;64.62;65.12;64.34;64.54;1188923
20120919;64.81;64.9;64.21;64.47;794935
20120920;64.21;64.48;63.67;64.37;803528
20120921;64.69;64.91;64.1;64.11;1259387
20120924;63.97;64.58;63.55;64.13;699729
20120925;64.12;64.49;62.93;62.95;929658
20120926;63.02;63.1;62.35;62.57;1087873
20120927;63.03;63.46;62.63;63.28;698315
20120928;63.06;63.4;62.34;63.3;1096960
20121001;63.66;64.25;62.84;63.19;951121
20121002;63.46;63.53;62.35;62.66;890397
20121003;62.87;63.01;62.35;62.81;1062609
20121004;63.25;63.89;62.97;63.57;1046441
20121005;63.89;64.56;63.47;63.79;1004210
20121008;64.31;64.56;63.65;64.26;1179831
20121009;64.48;64.56;63.9;64;956466
20121010;64.05;64.2;63.42;63.68;719631
20121011;64.32;64.75;63.88;64.25;862898
20121012;64.16;64.55;62.93;63.6;874895
20121015;63.47;64.17;63.19;64.09;560031
20121016;64.43;65.13;64.33;65.04;699404
20121017;65.29;65.91;65.05;65.85;843198
20121018;65.85;66.41;65.62;66.41;1184226
20121019;66.6;66.66;65;65.35;1921085
20121022;65.1;65.57;64.47;65.03;818759
20121023;64.06;64.85;63.63;64.7;1179930
20121024;64.45;65.58;63.86;64.16;1317933
20121025;64.92;65.73;64.44;64.74;1092190
20121026;64.62;65.07;64.22;64.83;977057
20121031;64.76;65.16;63.78;64.88;1362057
20121101;65.05;66.18;64.48;65.83;1057430
20121102;66.42;66.5;64.92;64.99;1112005
20121105;64.65;65.63;64.46;65.56;653441
20121106;65.67;66.37;65.56;66.27;1360051
20121107;65.33;65.36;63.88;63.96;1616807
20121108;63.8;64.72;63.41;63.44;1020366
20121109;63.56;64.02;63.15;63.36;1214372
20121112;63.38;63.86;63.18;63.7;1108468
20121113;63.35;64.74;63;64.07;1689177
20121114;64.15;64.32;63.09;63.24;1226701
20121115;63.31;63.67;62.85;63.42;1605689
20121116;63.81;63.88;62.67;63.25;1596603
20121119;64.17;64.86;63.98;64.43;1271045
20121120;64.18;65.1;64.03;64.95;1050619
20121121;64.9;65.04;64.46;64.9;640268
20121123;65.07;65.72;64.95;65.7;357365
20121126;65.29;65.44;64.54;64.95;1405674
20121127;64.89;65.16;64.34;64.42;1008340
20121128;63.91;64.22;63.5;63.87;1384828
20121129;64.03;64.7;64;64.42;962036
20121130;64.42;64.74;64.3;64.67;1214469
20121203;64.92;65.08;63.99;64.09;1014638
20121204;63.91;64.4;63.39;63.7;1205982
20121205;63.92;64.66;63.76;64.34;1212969
20121206;64.25;65.03;63.97;64.85;1820260
20121207;65.02;65.25;64.38;64.84;834167
20121210;64.6;64.62;64;64.06;1373048
20121211;64.39;65.55;64.25;65.48;1922379
20121212;65.59;66.06;64.62;64.99;1585623
20121213;64.2;64.36;63.73;64.07;1070256
20121214;64.01;64.2;63.76;63.98;1546394
20121217;64.16;65.87;64.01;65.84;1771328
20121218;66.18;66.55;65.3;66.15;3027512
20121219;66.36;66.95;65.87;65.99;1609494
20121220;65.89;66.5;65.89;66.5;1192376
20121221;65.97;66.36;65.33;65.89;2225170
20121224;65.68;66.15;65.66;65.9;541202
20121226;66.02;66.02;65.07;65.22;1114915
20121227;65.51;65.68;64.25;65.05;1053197
20121228;64.71;65.14;63.91;63.93;1696490
20121231;63.98;65.14;63.56;65.12;1532880
20130102;66.32;66.98;66.18;66.98;1399845
20130103;66.97;67.14;66.69;66.99;1921180
20130104;67;68.36;66.89;68.34;1134652
20130107;68;68.5;67.67;68.33;1345174
20130108;68;68.29;67.63;67.85;1131911
20130109;68.07;68.1;67.4;67.44;1476542
20130110;67.85;68.25;67.32;68.21;1647169
20130111;68.19;69.58;67.98;69.54;1676447
20130114;69.42;69.72;69.13;69.35;1574679
20130115;69.33;69.74;68.73;69.7;1343786
20130116;69.34;69.64;69.12;69.24;1388887
20130117;69.27;69.95;69.21;69.53;1139880
20130118;70.16;71.34;70;71.13;2734768
20130122;71.06;72;70.89;71.93;1591455
20130123;71.7;71.85;70.94;71.58;1207715
20130124;71.55;72.65;71.47;71.7;1687211
20130125;72.16;72.36;71.5;72.09;1178488
20130128;72.61;72.61;71.52;72.18;1351039
20130129;70;71.65;68.01;71.61;2781732
20130130;71.33;71.62;70.68;70.96;2209861
20130131;71.06;72.13;70.75;71.41;2622100
20130201;71.65;73.22;70.85;73.08;2188652
20130204;72.41;72.41;71.47;71.54;1757033
20130205;72.16;72.6;71.84;72.22;1056619
20130206;72.8;73.06;72.28;72.99;1659061
20130207;73.2;73.38;72.25;72.9;1105286
20130208;73;73.55;72.77;73.27;864871
20130211;73.22;73.36;72.83;73.13;964890
20130212;73.26;73.92;73.26;73.75;825789
20130213;74.2;74.44;73.65;74.21;1106215
20130214;74.03;74.33;73.7;73.84;1361082
20130215;73.4;73.57;72.62;73.13;2210637
20130219;73.36;73.91;73.09;73.81;1374366
20130220;73.7;73.79;72.07;72.1;1650339
20130221;72.03;72.32;71.14;71.41;1328896
20130222;71.85;72.17;71.36;71.91;1590173
20130225;72.52;72.61;70.04;70.11;1948101
20130226;70.45;70.81;69.86;70.48;1504323
20130227;69.97;72.04;69.85;71.72;1253203
20130228;71.34;71.86;71.15;71.19;1663658
20130301;71.21;71.86;70.23;71.74;1229329
20130304;71.56;72.58;71.3;72.58;1201907
20130305;72.97;74.21;72.67;73.93;1355292
20130306;74.36;74.65;73.91;74.22;1201642
20130307;74.47;74.89;73.96;74.81;1161326
20130308;75.45;75.45;74.46;75.2;1351244
20130311;74.59;75.27;74.2;75.19;1320693
20130312;75.05;75.26;74.21;74.62;971271
20130313;74.78;75.16;74.55;75.05;940084
20130314;75.44;76;75.23;75.44;1505626
20130315;75.03;75.95;74.77;75.56;2406239
20130318;74.77;75.19;74.36;74.71;1286352
20130319;75.03;75.11;73.78;74.31;1621219
20130320;75.06;75.8;74.48;74.79;1244205
20130321;74.43;74.75;73.4;73.71;1350887
20130322;71.67;74.75;71.67;74.12;1087293
20130325;74.54;74.65;73.5;73.88;1196631
20130326;74.09;74.79;73.93;74.76;1067992
20130327;74.1;74.59;73.71;74.15;1340721
20130328;74.17;75.08;74.03;74.87;1099583
20130401;75;75.11;74.01;74.26;733954
20130402;74.77;75.02;74.32;74.85;1325415
20130403;74.67;74.97;73.07;73.25;1170691
20130404;73.64;74.4;73.37;73.89;803765
20130405;72.84;73.38;72.19;73.26;928861
20130408;73.23;74.2;72.94;74.19;887224
20130409;74.39;75.03;74.08;74.44;1036617
20130410;74.61;76.17;74.45;76.06;1152504
20130411;76.26;77.14;76;76.89;1138170
20130412;76.75;76.99;76.07;76.8;939987
20130415;76.62;76.77;74.33;74.36;1171667
20130416;75.04;76.12;74.74;76.07;1079976
20130417;75.18;75.33;73.96;74.58;1437018
20130418;74.63;74.89;73.28;73.49;962270
20130419;73.8;74.77;73.13;74.53;1571091
20130422;75.27;75.27;73.76;74.99;917554
20130423;75.57;76.41;75.2;76.29;1039101
20130424;75;75;71.55;72.75;2776599
20130425;72.6;73.05;71.32;71.68;3375756
20130426;71.79;72.13;71.01;71.02;2338710
20130429;71.47;71.81;70.93;71.48;2194019
20130430;71.76;72.67;71.5;72.5;1887574
20130501;72.29;72.8;71.7;71.71;1435718
20130502;71.81;72.9;71.66;72.36;1302630
20130503;73.21;73.89;73.02;73.25;1099013
20130506;73.18;73.61;72.84;73.28;838340
20130507;73.62;74.02;73.15;73.55;1286533
20130508;73.63;74.9;73.24;74.86;1276239
20130509;74.63;75.13;74.3;74.45;894885
20130510;74.81;75.19;74.25;75.19;1035680
20130513;75.14;75.68;74.58;75.19;1284787
20130514;75.08;76.7;75.06;76.65;1420455
20130515;76.46;77.6;75.8;77.58;1635373
20130516;77.48;78.21;77.11;77.25;1626792
20130517;77.49;78.45;77.49;78.36;1256347
20130520;78.38;79.59;78.01;78.36;1600348
20130521;78.99;79.41;78.43;78.62;1238068
20130522;78.56;80.13;77.36;77.73;1849977
20130523;76.46;77.37;75.9;76.85;1534799
20130524;76.14;76.93;75.9;76.92;930032
20130528;77.92;78.38;77.66;77.96;1442444
20130529;77.43;77.89;76.82;77.22;1068904
20130530;77.48;78.07;76.69;77.51;797877
20130531;77.25;77.89;75.83;75.91;1504741
20130603;76.39;76.57;75.03;75.98;1879803
20130604;75.95;76.58;74.88;75.23;915370
20130605;74.97;75.42;73.19;73.26;1430821
20130606;73.08;73.99;72.51;73.99;1099938
20130607;74.84;75.77;73.9;75.68;933986
20130610;76.08;76.29;75.06;75.46;905220
20130611;74.44;74.95;73.73;73.95;859186
20130612;74.76;74.81;72.37;72.46;1178549
20130613;72.46;74.37;72.24;74.35;1032950
20130614;74.4;74.4;73.11;73.4;940551
20130617;73.51;75.05;72.66;74.5;1015918
20130618;74.67;75.84;74.19;75.62;916300
20130619;75.8;76.25;74.66;74.71;1829440
20130620;73.72;74.25;72.47;72.68;1594405
20130621;72.93;73.16;71.36;72.07;2873089
20130624;72.34;72.39;70.07;70.56;2132167
20130625;71.81;72.7;71.09;72.34;1585066
20130626;73.15;73.68;72.83;73.19;1235294
20130627;73.55;74.14;73.31;73.66;1147212
20130628;73.02;73.66;72.46;73.2;1695578
20130701;73.59;74.52;73.47;73.67;1362988
20130702;72.9;74.25;72.9;73.99;1128225
20130703;73.46;74.25;73.19;74.06;683911
20130705;74.83;75.39;74.18;75.37;922681
20130708;75.74;76.19;75.33;75.89;1229844
20130709;76.62;76.85;75.55;76.56;1122291
20130710;76.2;76.51;74.98;75.56;1728601
20130711;76.62;77.79;76.52;77.44;2332532
20130712;77.42;77.71;76.71;77.45;1231895
20130715;77.49;78.36;77.45;77.95;918977
20130716;78.15;78.29;77.44;77.58;850328
20130717;78.29;78.3;77.63;78.17;1024362
20130718;78.14;78.95;78.14;78.35;1026911
20130719;78.48;79.19;77.63;79.18;1372346
20130722;79.85;80.1;78.81;80.01;1215964
20130723;80;80.26;79.53;79.59;1360246
20130724;74.6;76.99;74.6;75.61;3727413
20130725;75.82;76.53;75.2;75.73;2267113
20130726;75.6;76.3;75.07;76.25;1075892
20130729;74.21;75.88;74.03;74.63;1966632
20130730;75.01;75.33;74.45;74.57;1875816
20130731;73.91;75.96;73.91;75.24;2398884
20130801;76.03;77.03;75.64;76.75;1383995
20130802;76.36;76.74;75.79;76.35;1308873
20130805;76.32;76.32;75.7;75.87;896696
20130806;75.79;76.06;75.25;75.43;944594
20130807;75.42;75.42;74.33;74.49;1477890
20130808;75.08;75.39;74.4;75.24;1427241
20130809;74.72;75.51;74.37;74.68;926463
20130812;74.23;74.44;73.64;73.99;1003190
20130813;76.96;76.96;73.75;74.58;1408476
20130814;74.61;74.87;73.7;73.87;1684343
20130815;73.18;73.37;72.2;72.72;1901130
20130816;72.75;73.1;72.16;72.75;1568088
20130819;72.66;72.73;71.73;71.74;848206
20130820;71.76;72.9;71.45;72.57;1106320
20130821;72;72.59;71.45;71.75;1122154
20130822;72;72.87;72;72.62;878314
20130823;72.68;72.7;71.88;72.58;725682
20130826;72.35;72.81;71.69;71.79;1336901
20130827;70.87;71.21;70.22;70.3;1404541
20130828;70.17;71.01;70.05;70.5;1312527
20130829;70.25;71.25;70.09;70.76;836838
20130830;70.99;71;69.97;70.14;991660
20130903;70.94;71.55;69.95;70.7;1018857
20130904;70.88;71.27;70.34;70.83;1355045
20130905;70.89;71.42;70.65;70.94;879473
20130906;71.23;71.26;69.9;70.72;1053481
20130909;71.12;71.21;70.75;71.15;2103614
20130910;71.82;72.22;71.22;72.04;1104015
20130911;71.63;71.89;71.12;71.58;1247923
20130912;71.49;71.85;71.19;71.61;1514474
20130913;71.88;71.89;70.97;71.56;921812
20130916;72.84;72.85;72.05;72.61;1238275
20130917;72.61;72.86;72.46;72.79;833132
20130918;72.89;73.04;72.45;72.8;3073271
20130919;73.3;74.85;73.22;74.65;2465550
20130920;74.59;74.99;73.81;73.96;1788990
20130923;73.64;73.72;72.57;73.17;977861
20130924;73.08;73.43;72.53;72.89;1249554
20130925;73.09;73.38;72.23;72.8;1054510
20130926;72.89;73.38;72.07;72.57;1238624
20130927;71.94;72.58;71.87;72.45;965246
20130930;71.55;71.96;71.3;71.93;1282358
20131001;71.99;72.27;71.66;72.11;1380232
20131002;71.52;72.06;71.44;71.98;1212708
20131003;71.96;72.39;71.27;71.98;1125981
20131004;72.2;72.87;71.76;72.71;941209
20131007;71.87;72.47;71.66;71.79;840491
20131008;71.92;72.23;70.96;70.98;1306347
20131009;71.58;72.2;71.13;71.65;1763340
20131010;72.51;74.11;72.39;73.91;1896721
20131011;73.78;75.01;73.56;74.66;1084501
20131014;73.87;74.73;73.62;74.48;1677010
20131015;74.39;74.74;74.06;74.21;1413164
20131016;74.88;75.92;74.58;75.49;1277209
20131017;75.02;76.49;74.69;76.34;1184994
20131018;76.78;77.36;76.35;76.83;1957195
20131021;77.07;77.15;76.56;76.84;924903
20131022;77.22;77.78;76.81;77.28;1575220
20131023;76.93;77.94;76.31;77.84;2449848
20131024;76.93;77;74.61;75.46;3398271
20131025;75.45;76.29;75.44;75.75;1762447
20131028;77.1;77.85;76.02;77.78;2893308
20131029;77.45;78.82;77.45;78.06;2209896
20131030;78.61;78.63;77.68;78.15;1831967
20131031;78.1;78.27;77.4;77.41;1842396
20131101;77.46;77.89;76.63;77.63;2055807
20131104;77.57;78.01;77.32;77.48;1255569
20131105;77.06;77.34;76.66;76.96;940877
20131106;77.36;77.75;77.12;77.61;837497
20131107;78.11;78.14;76.58;76.62;1306914
20131108;76.79;78.87;76.79;78.8;1935978
20131111;78.55;79.2;78.41;78.79;1021404
20131112;78.41;78.9;78.05;78.42;1041717
20131113;78.13;78.85;77.81;78.83;1295502
20131114;78.79;79.21;78.36;78.96;1619563
20131115;79.15;80.19;79.15;79.99;1430658
20131118;79.91;80.66;79.77;80;1129584
20131119;80.34;80.44;79.68;80;922401
20131120;80.37;80.54;79.6;79.99;1779294
20131121;80.17;80.8;80;80.45;956773
20131122;80.8;81.18;80.4;81.13;916812
20131125;81.42;81.62;80.57;80.75;783511
20131126;80.6;81.21;80.42;80.42;970738
20131127;80.69;81.18;80.25;80.81;926445
20131129;80.9;81.3;80.44;80.46;549615
20131202;80.65;81.46;80.47;80.69;1154443
20131203;80.35;80.51;79.41;79.67;1062541
20131204;79.52;80.32;78.78;79.55;753828
20131205;79.58;79.73;78.48;78.54;1044690
20131206;80;80.13;79.52;79.82;1582889
20131209;80.13;80.57;79.87;80.06;847624
20131210;79.97;80.12;79.19;79.52;943856
20131211;79.66;79.96;78.54;78.61;1515456
20131212;78.42;78.8;77.94;78.02;1087411
20131213;78.37;78.78;77.72;78.37;1255514
20131216;79.17;80.45;79;80.16;1342312
20131217;80.03;80.36;79.46;79.81;1202868
20131218;79.99;83.08;79.69;82.86;2583748
20131219;82.52;83.21;82.07;82.13;1807792
20131220;82.26;83.47;81.9;82.88;1819040
20131223;83.3;83.83;83.23;83.38;872267
20131224;83.38;83.69;83.06;83.37;313986
20131226;83.48;83.88;83.32;83.59;816630
20131227;83.63;83.92;83.15;83.43;878312
20131230;83.4;83.55;82.91;83.36;518253
20131231;83.42;83.99;83.41;83.77;930319
20140102;83.58;83.76;82.19;82.56;1113643
20140103;82.66;83.67;82.46;83.3;776894
20140106;83.67;83.97;82.87;83.17;848395
20140107;83.81;84.34;83.09;83.87;945927
20140108;84.05;84.15;83.52;83.92;1131873
20140109;84;84.22;82.86;83.29;1134604
20140110;83.59;83.79;82.94;83.43;761099
20140113;82.94;83.29;82.06;82.35;1216506
20140114;82.76;83.33;82.27;83.19;1094456
20140115;83.3;83.99;83.05;83.92;1027328
20140116;84.41;84.41;83.05;83.81;872541
20140117;83.87;83.94;82.03;82.28;3914352
20140121;81.43;82.34;81.09;81.78;2032144
20140122;82.11;82.38;80.94;81.52;1653186
20140123;80.76;81.1;79.59;79.92;2152201
20140124;79.23;79.41;77.21;77.38;3172719
20140127;77.4;78.15;76.5;76.51;2278731
20140128;80.16;81.4;78.61;80.7;3468677
20140129;80.66;80.66;78.54;78.96;2611289
20140130;79.59;80.03;78.97;79.55;1572074
20140131;78.32;79.52;77.68;78.44;1833166
20140203;78.48;78.62;75.57;75.67;2122024
20140204;76.21;78.54;75.81;77.68;2285383
20140205;77.29;77.86;76.29;76.8;1512021
20140206;76.99;77.54;76.9;77.42;1019306
20140207;78.1;79.54;77.53;79.34;2077562
20140210;79.46;79.73;78.83;79.45;1332804
20140211;79.32;80.51;79.01;80.18;1242714
20140212;80.08;81.07;79.9;80.71;1518389
20140213;80.2;80.89;79.6;80.62;1079697
20140214;80.58;81.05;80.28;80.83;1106441
20140218;80.69;81.07;80.11;80.66;876474
20140219;80.14;81.51;79.81;79.89;1014525
20140220;80.23;80.46;79.31;80.1;851730
20140221;80.27;80.66;79.71;80;875352
20140224;80.02;81.39;80.02;80.86;1007459
20140225;80.93;81.06;80.02;80.1;931891
20140226;80.1;80.6;79.3;79.52;1313667
20140227;79.36;80.6;78.89;80.42;1167380
20140228;80.56;81.69;80.12;81.17;1510986
20140303;80.1;80.3;79.22;79.83;1226119
20140304;80.98;81.85;80.68;81.68;1064226
20140305;81.72;81.86;81.31;81.54;950047
20140306;81.16;82.94;81.16;82.37;1447941
20140307;82.93;83.68;82.33;83;1181781
20140310;83.37;83.73;82.71;83.71;1296432
20140311;83.9;83.95;82.44;82.7;1380787
20140312;81.94;82.24;81.19;81.83;1488216
20140313;82.38;83.08;80.43;80.76;1333881
20140314;80.81;81.73;79.95;80.28;1470937
20140317;81.1;81.96;80.89;81.58;996755
20140318;81.59;82.11;81.21;81.73;959296
20140319;81.71;82;80.58;80.93;1506347
20140320;80.84;82.66;80.65;82.52;2124221
20140321;83.59;84.4;82.5;82.92;3239952
20140324;83.15;83.51;81.94;82.31;1165569
20140325;83.04;83.77;81.59;82.4;1022716
20140326;82.8;83.05;81.48;81.5;1111475
20140327;81.35;81.76;80.69;81;1493832
20140328;81.17;82.55;80.63;81.67;917257
20140331;82.39;83.11;82.12;82.35;1130126
20140401;83.02;83.47;82.54;83.19;1468576
20140402;83.7;84.08;83.17;83.95;937076
20140403;84.21;84.73;82.97;83.5;837310
20140404;83.91;83.91;81.43;81.58;1199654
20140407;81.53;82.3;79.43;79.5;1850246
20140408;79.62;79.88;79.1;79.59;1913253
20140409;79.81;80;79.5;79.87;2126699
20140410;79.98;80.48;78.01;78.11;1972478
20140411;77.54;77.71;76.76;77.25;1889190
20140414;77.95;78.29;77.25;77.99;1258720
20140415;78.09;79.29;77.6;79.25;2149552
20140416;80.17;80.7;79.47;80.34;1512650
20140417;80.51;80.98;80.33;80.63;1740715
20140421;80.84;80.99;80.37;80.61;789652
20140422;80.61;81.54;80.48;81.22;1331315
20140423;82.97;83.3;80.7;81.18;1575003
20140424;82.68;84.45;81.64;81.82;2316603
20140425;82.62;82.8;80.81;81.35;2021488
20140428;81.43;82.14;79.69;80.99;1722681
20140429;81.67;82.1;81.26;81.8;1088368
20140430;81.38;82.2;81.02;82.13;1269267
20140501;82.1;82.65;81.2;81.36;1311807
20140502;81.46;82.65;81.39;81.74;1164055
20140505;80.82;81.44;80.28;81.4;1192449
20140506;81.04;81.45;80.28;80.31;781149
20140507;80.65;81.67;80.04;81.62;850985
20140508;81.62;82.15;80.97;81.35;1083005
20140509;81.5;81.62;80.69;81.16;908456
20140512;81.36;81.96;80.99;81.82;1114982
20140513;82;82.11;81.06;81.32;942871
20140514;81.45;81.45;80.57;81.03;1285675
20140515;80.94;80.94;78.57;79.03;2501415
20140516;79.24;79.94;78.85;79.74;1881340
20140519;79.6;80.34;79.4;80.21;978093
20140520;80.61;80.61;79.23;79.61;878188
20140521;80.11;80.75;80.11;80.41;717331
20140522;80.54;80.98;80.17;80.84;749901
20140523;80.85;81.17;80.56;80.8;643282
20140527;81.04;81.54;80.74;81.01;886877
20140528;81.2;81.5;80.73;81.23;841656
20140529;81.36;81.73;81.05;81.64;858748
20140530;81.31;81.8;81.1;81.53;883196
20140602;81.8;81.8;80.86;81.73;691502
20140603;81.63;82.08;80.96;81.99;933617
20140604;81.77;82.46;81.22;82.43;1025510
20140605;82.85;83.96;82.11;83.83;1388390
20140606;83.92;84.5;83.8;84.41;904308
20140609;84.42;84.69;83.96;84.49;860189
20140610;84.09;84.7;83.47;83.58;1359871
20140611;83.09;83.14;82.37;82.54;1120003
20140612;82.5;82.5;81.75;82.1;1143797
20140613;82.46;82.53;81.57;81.84;793318
20140616;81.35;82.13;81.2;81.59;1184609
20140617;81.72;83.06;81.23;82.73;1044376
20140618;83.03;83.51;81.91;83.5;1387869
20140619;84.02;84.24;82.85;83.51;972961
20140620;84.04;84.04;83.07;83.24;1439765
20140623;83.46;83.73;83.02;83.47;1036775
20140624;83.19;83.78;82.72;82.88;715312
20140625;82.67;83.69;82.49;83.54;803579
20140626;83.77;83.77;82.5;83.38;541193
20140627;83.01;83.89;82.83;83.78;755278
20140630;83.77;84.89;83.67;84.41;1467625
20140701;84.52;85.4;84.52;85.06;1092161
20140702;84.91;85.03;84.37;84.86;798145
20140703;85.31;85.74;85.06;85.63;540921
20140707;85.42;85.42;84.82;85.17;637789
20140708;85.17;85.35;84.01;84.52;744118
20140709;84.9;85.09;83.39;84.01;1416770
20140710;82.93;82.93;81.22;81.59;2750151
20140711;81;81.7;81;81.58;1674387
20140714;82.58;82.76;81.58;82.42;1338549
20140715;82.54;82.98;81.85;82.18;1296506
20140716;82.62;82.81;81.43;81.91;1480603
20140717;81.5;81.91;80.16;80.4;1938524
20140718;80.83;81.38;80.02;81.24;1868305
20140721;80.97;81.53;80.78;81.26;1448378
20140722;81.65;82.25;81.5;81.97;1720538
20140723;80.95;82.32;80.95;82.25;1993635
20140724;80.31;80.74;79.57;80.33;2206136
20140725;80;80.48;79.37;80.29;1986470
20140728;80.09;80.48;79.56;80.25;1355087
20140729;80.23;80.66;79.36;79.36;1923879
20140730;81.63;81.63;79.09;79.73;1594165
20140731;79.33;79.62;77.64;77.66;1971349
20140801;77.5;78.05;76.94;77.66;1738705
20140804;76.61;77.84;75.61;77.57;1771245
20140805;77.85;77.85;76.83;77.1;2218603
20140806;76.9;78.29;76.85;77.7;1527277
20140807;78.01;78.29;76.58;76.81;1496744
20140808;77.31;78.21;76.34;78.11;2390362
20140811;78.35;78.73;78;78.39;1680638
20140812;78.13;78.91;78.07;78.35;2029416
20140813;76.31;79.11;76.31;78.56;2667029
20140814;78.77;78.83;78.45;78.55;1579115
20140815;78.73;78.97;77.35;77.75;2140469
20140818;78.58;78.83;76.89;78.82;2373283
20140819;78.68;79.03;78.61;78.69;1062096
20140820;78.71;79.56;78.63;79.49;1737331
20140821;79.43;79.92;79.29;79.78;1202624
20140822;79.64;80.19;79.5;79.69;1123597
20140825;80;80.84;79.91;80.72;1216995
20140826;80.93;81.34;80.68;80.91;1003035
20140827;81.56;81.56;80.37;80.66;942284
20140828;80.88;80.99;79.96;80.8;1082474
20140829;81;81.17;80.46;81;1108658
20140902;81.19;81.5;80.47;80.71;1469118
20140903;81.09;81.49;80.51;80.65;831842
20140904;80.97;81.31;80.67;80.97;803631
20140905;80.79;81.18;80.29;81.17;761412
20140908;80.91;81.15;80.72;81.01;946007
20140909;80.9;80.9;80.13;80.4;1221412
20140910;80.49;80.72;79.94;80.17;1493418
20140911;79.5;79.88;79.24;79.74;1495432
20140912;79.81;80.07;79.18;79.52;1461729
20140915;79.55;79.72;78.7;78.98;1271038
20140916;78.74;79.24;78.42;79.08;1353830
20140917;79.6;79.77;78.78;79.3;1224483
20140918;79.63;80.53;79.56;80.21;918051
20140919;80.5;80.74;79.5;80.07;1487699
20140922;80.07;80.08;79.17;79.19;1306895
20140923;79.09;79.65;78.94;79.04;1498485
20140924;79.35;79.74;79.02;79.69;1670282
20140925;79.59;79.68;78.52;78.72;2444911
20140926;78.67;79.49;78.53;79.2;1259227
20140929;78.57;78.69;77.92;78.52;1399532
20140930;78.77;78.9;78.06;78.4;1345356
20141001;78.5;78.72;76.81;77.08;1685195
20141002;76.81;77.77;76.46;77.44;1432730
20141003;77.99;78.57;77.72;77.89;1075572
20141006;78.3;78.49;77.66;78.14;872860
20141007;77.51;78.11;76.38;76.39;1354565
20141008;76.32;77.65;75.57;77.55;1668216
20141009;77.32;77.59;75.91;75.97;2577515
20141010;75.84;76.59;75.33;75.35;2643245
20141013;75.22;75.93;73.91;73.94;1855372
20141014;74.18;74.97;73.95;74.23;1755334
20141015;73.08;75.01;71.78;74.49;2558319
20141016;73.44;76;72.91;75.43;2102193
20141017;76.19;77.3;75.69;76.39;2009331
20141020;75.99;76.27;75.43;76.23;1164259
20141021;76.99;77.85;76.69;77.69;1774107
20141022;77.99;78.16;76.9;76.99;2197509
20141023;78.3;78.3;76.11;77.32;2335073
20141024;77.59;77.96;77.22;77.84;990698
20141027;77.82;78.28;77.09;78.14;1135302
20141028;78.39;79.86;78.27;79.82;1740939
20141029;79.96;80.33;79.36;80.08;1445967
20141030;79.94;81.35;79.62;80.86;1392458
20141031;82.13;82.19;81.37;82.09;1597320
20141103;81.7;82.74;81.51;82.18;1449750
20141104;81.99;83;81.82;82.9;1259266
20141105;82.76;83.33;82.44;83.1;1395003
20141106;81.64;82.53;81.6;82.45;4266118
20141107;82.12;83.48;81.85;83.23;1687859
20141110;83.39;83.65;82.5;83;1540148
20141111;82.9;83.25;82.63;83.17;919594
20141112;82.96;83.11;82.38;82.71;1561235
20141113;82.82;83.04;82.1;82.67;983998
20141114;82.74;82.82;81.93;82.12;749870
20141117;82.03;82.12;81.55;81.85;925020
20141118;81.86;82.45;81.86;82.02;925489
20141119;82.08;82.23;81.32;82.02;769822
20141120;81.51;82.32;81.34;82.03;714315
20141121;83;83.17;82.48;82.85;1157026
20141124;83.25;83.36;82.83;83.28;756287
20141125;83.23;84;83.06;83.25;882123
20141126;83.3;83.5;82.87;83.11;792360
20141128;83.79;84;83.26;83.47;403775
20141201;83.03;83.73;82.18;82.61;753104
20141202;82.78;83.42;80.55;83.25;860096
20141203;83.16;83.88;83.06;83.74;947165
20141204;83.59;83.85;83.12;83.65;756584
20141205;83.91;84.88;83.91;84.49;1105152
20141208;84.32;85.45;83.95;84.8;899984
20141209;83.65;84.76;83.44;84.73;697136
20141210;84.55;84.83;83.8;83.95;1300585
20141211;84.5;85.16;84.08;84.21;1821203
20141212;83.51;83.51;81.97;82;2032230
20141215;81.26;84.17;81.26;82.42;1834496
20141216;81.93;83.21;81.43;81.6;1984926
20141217;82.15;84.18;81.72;84;1717033
20141218;85.25;86.4;84.69;86.39;1977185
20141219;86.76;87.3;86.44;86.72;2387323
20141222;87.04;87.45;86.54;87.22;990265
20141223;87.65;88.53;87.22;87.59;1104213
20141224;87.58;87.87;87.2;87.34;417493
20141226;87.85;87.92;87.16;87.19;561470
20141229;86.8;87.88;86.7;87.26;624019
20141230;87.08;88.64;86.33;86.91;645346
20141231;87.14;87.49;85.82;85.86;977193
20150102;86.6;87.22;85.11;85.76;999901
20150105;85.05;85.4;83.49;83.79;1174151
20150106;84.39;84.69;81.72;82.31;2012707
20150107;82.47;83.61;82.18;83.52;1267116
20150108;84.13;84.64;83.81;84.51;1220983
20150109;84.57;84.8;83.21;83.87;956014
20150112;84.13;84.13;82.32;82.93;970381
20150113;83.96;84.84;82.5;83.06;1611376
20150114;82.34;82.64;80.88;81.77;1567007
20150115;81.77;82.19;80.74;81.03;1251826
20150116;80.21;81.53;79.2;81.5;2072362
20150120;81.93;82.24;80.66;81.36;1448622
20150121;80.89;82.17;80.03;81.21;2029019
20150122;81.81;83.6;81;83.16;2198861
20150123;83.24;83.69;82.09;82.17;1289968
20150126;85.22;85.22;81.31;82.92;1142796
20150127;82.03;82.61;81.14;81.97;1343823
20150128;80.97;80.99;79.2;79.23;2832036
20150129;78.99;79.8;77.96;79.19;2354499
20150130;78.2;79.82;78;78.72;2856176
20150202;78.88;80.16;78.61;80.01;1905773
20150203;80.61;81.28;79.08;81.25;1569863
20150204;81.08;81.75;80.49;81.06;1116859
20150205;81.56;82.19;81.14;81.75;1158551
20150206;82.15;83.03;81.89;82.31;1681071
20150209;82.15;82.15;81.3;81.45;1730349
20150210;82.2;82.55;81.34;82.22;1106969
20150211;82.01;82.38;81.75;82.1;1494648
20150212;82.22;82.64;81.82;82.28;1451267
20150213;82.34;82.81;82.03;82.45;928700
20150217;81.98;82.57;81.73;82.5;1033121
20150218;82.11;82.36;81.36;81.71;863182
20150219;83.66;83.66;81.28;82.97;2163598
20150220;82.5;83.7;81.95;83.53;1506161
20150223;83.38;83.45;82.44;83.09;1436878
20150224;82.8;84.17;82.78;84.02;1279023
20150225;83.35;83.95;83.26;83.52;1199811
20150226;83.69;83.83;82.98;83.32;757408
20150227;83.11;83.26;82.43;82.6;1439456
20150302;82.5;83.39;82.36;83.39;1169857
20150303;82.8;83.1;82.37;82.85;911940
20150304;82.2;82.72;81.89;82.43;901296
20150305;82.58;83.08;82.38;83;694707
20150306;82.8;83.9;82.06;82.13;1340742
20150309;82.16;82.96;82.16;82.71;893922
20150310;81.83;82.01;81.16;81.16;1430001
20150311;81.29;81.99;81.17;81.68;1258719
20150312;81.54;83.1;81.27;82.93;1540452
20150313;82.87;82.93;81.61;82.19;1254736
20150316;82.88;83.54;82.87;83.53;943359
20150317;82.72;83.79;82.71;83.56;1060823
20150318;83.49;84.22;82.74;83.88;1290678
20150319;83.5;83.83;82.51;82.83;1323580
20150320;83.18;84.21;82.83;83.99;2858766
20150323;84;84.38;83.29;83.3;1410941
20150324;83.16;83.6;82.86;83.19;1147166
20150325;83.38;83.38;81.54;81.58;930363
20150326;80.84;81.95;80.77;81.16;1433218
20150327;81.05;81.38;80.8;81.21;1151345
20150330;81.69;82.29;81.55;81.74;1169007
20150331;81.46;81.65;80.95;80.98;1472317
20150401;81.15;81.77;80.58;81.6;1511635
20150402;81.79;82.08;81.3;81.96;952189
20150406;81.19;82.35;80.95;82.12;1014033
20150407;80.32;80.54;79.01;79.05;1456731
20150408;79.38;80.77;79.21;80.61;2281426
20150409;80.63;81.72;80.24;81.44;1965448
20150410;81.29;81.51;80.59;80.98;1401969
20150413;80.9;81.89;80.61;81.4;1576003
20150414;80.89;82.36;80.64;82.07;1607618
20150415;82.43;83;82.27;82.79;1254534
20150416;82.41;83.23;81.95;83.06;1881193
20150417;82.61;82.61;81.98;82.42;1936865
20150420;83.19;83.52;82.74;83;1571509
20150421;83.42;83.5;82.66;82.8;1514464
20150422;83.45;83.45;81.17;82.59;2073887
20150423;82.57;82.57;81.71;82.07;1649276
20150424;82.04;82.67;81.83;82.57;1097089
20150427;82.67;83.06;82.2;82.4;1011016
20150428;82.09;82.79;81.69;82.78;1150583
20150429;82.1;82.87;81.5;81.94;1370658
20150430;81.52;82.16;80.85;81.18;1717796
20150501;81.45;81.59;80.96;81.49;904652
20150504;81.9;82.08;81.56;81.92;1005005
20150505;81.51;82.13;81.22;81.39;973450
20150506;81.58;81.88;80.17;80.62;1121929
20150507;80.57;80.96;80.29;80.75;2241595
20150508;81.33;81.94;81.24;81.68;1144399
20150511;81.68;82.1;81.58;81.65;1017427
20150512;81.31;81.39;80.33;81.13;1003133
20150513;80.91;81.35;80.62;81.18;1369659
20150514;81.68;82.1;81.22;81.98;799369
20150515;82.06;82.22;81.31;81.55;1569318
20150518;81.5;82.33;81.48;82.13;716099
20150519;82.31;82.5;81.76;81.95;1056236
20150520;81.88;82.13;81.49;81.79;847721
20150521;81.52;81.83;81.31;81.69;830183
20150522;81.62;81.96;81.33;81.57;888215
20150526;81.44;81.64;80.27;80.67;1403795
20150527;81.04;81.6;80.65;81.27;1215782
20150528;81.11;81.34;80.89;81.28;992615
20150529;81.03;81.28;80.66;80.69;1182352
20150601;80.95;81.22;80.14;80.81;1288237
20150602;80.41;80.61;79.82;80.28;1600357
20150603;80.55;80.8;79.55;79.97;2797388
20150604;79.81;79.93;78.95;79.2;1628301
20150605;79.64;79.71;78.87;79.22;1306881
20150608;79.06;79.6;78.56;78.61;1372316
20150609;78.93;78.93;78.07;78.1;1754588
20150610;78.61;79.01;78.5;78.87;1515936
20150611;78.98;79.2;78.57;78.97;1481991
20150612;78.82;78.83;78.15;78.33;1039425
20150615;77.63;78.33;77.41;78.03;1565997
20150616;77.65;78.86;77.65;78.78;1095185
20150617;78.97;79.24;78.62;78.75;1205025
20150618;79.03;79.96;79.03;79.64;1373068
20150619;79.48;79.74;78.85;78.85;1852248
20150622;79.28;79.81;78.89;79.07;1347543
20150623;79.24;79.33;78.78;78.95;1873135
20150624;78.83;79.33;78.68;78.73;1675031
20150625;78.67;78.96;77.98;78.06;1467301
20150626;79.04;79.78;78.71;79.4;2062512
20150629;77.55;78.97;77.39;77.47;2136652
20150630;78.42;78.86;77.29;77.73;1708311
20150701;78.46;78.8;77.47;77.68;1581481
20150702;77.91;77.98;76.92;77.34;1132640
20150706;76.48;77.18;76.37;76.93;1407968
20150707;77.12;77.3;75.88;77.22;1514212
20150708;76.48;76.76;75.61;75.77;1863814
20150709;76.74;77.17;76.48;76.61;2031358
20150710;77.48;77.58;76.92;77.43;1193507
20150713;78.13;78.38;77.73;78.31;1209834
20150714;78.34;78.46;77.91;78.09;1077644
20150715;78.38;78.53;77.87;78.19;1113578
20150716;78.69;79.52;78.41;79.51;1463990
20150717;79.16;79.5;79.02;79.42;1180929
20150720;79.53;79.62;79.05;79.35;792535
20150721;79.14;79.74;78.74;79.07;1029764
20150722;79.07;79.22;78.45;78.74;1639170
20150723;78.06;78.98;77.03;77.28;2349949
20150724;77.1;77.56;75.99;76.84;1714994
20150727;76.58;76.9;75.55;76.63;1427889
20150728;77.37;77.38;76.65;77.16;1042730
20150729;77.38;77.77;76.93;77.56;1105303
20150730;77.09;77.83;77.02;77.5;1175228
20150731;77.63;77.98;77.02;77.13;1431790
20150803;77.13;77.39;76.71;77.24;1100102
20150804;77.25;77.77;76.73;77.05;1113563
20150805;77.34;77.49;76.07;76.48;1561874
20150806;76.85;76.87;75.46;75.89;1164228
20150807;76.06;76.27;75.33;75.84;969832
20150810;76.51;76.9;76.25;76.89;1181858
20150811;76.67;76.67;75.88;76.18;1131030
20150812;75.74;75.76;74.04;75.47;2510441
20150813;75.38;76.36;75.02;75.83;982082
20150814;75.59;76.15;75.5;76.07;772237
20150817;75.5;76.28;75.36;76.23;819083
20150818;77.57;77.57;76.05;76.34;676643
20150819;75.97;76.24;75.1;75.47;899343
20150820;75.2;75.2;72;73.93;1509565
20150821;73.37;73.77;72.01;72.09;3034698
20150824;68.33;72.1;67.76;69.65;4135370
20150825;72.2;72.2;68.32;68.33;3049139
20150826;69.62;71.12;69.16;70.81;3412796
20150827;71.57;73.12;71.57;72.9;2214785
20150828;72.09;72.48;71.81;72.4;1408214
20150831;71.87;72.25;71.3;71.88;1305814
20150901;70.15;70.32;69.05;69.38;2445361
20150902;70.37;70.54;69;69.91;1591136
20150903;69.89;70.77;69.74;70.36;1853886
20150904;69.45;70.12;68.99;69.44;1500914
20150908;70.26;71.18;69.6;71.15;1839798
20150909;72;72.88;70.32;70.45;1689642
20150910;70.46;71.5;70.42;70.92;1372397
20150911;70.22;71.03;70;71;1181322
20150914;70.96;70.98;70.28;70.58;1309356
20150915;70.58;71.51;70.17;70.95;1900198
20150916;71.04;71.79;70.48;71.68;1380859
20150917;71.46;72.44;70.93;71.06;1858026
20150918;70.09;70.76;69.28;69.57;2956126
20150921;69.9;70.44;69.55;70.22;1033322
20150922;69.16;69.85;68.56;69.06;1969048
20150923;69.31;69.37;68.51;68.87;1370019
20150924;68.42;68.77;67.93;68.36;2242278
20150925;68.94;69.47;68.63;69.12;2098234
20150928;68.94;69.38;68.44;69.1;4012521
20150929;69.45;71.19;67.98;68.27;2689922
20150930;69.21;69.53;68.5;69.5;1920877
20151001;69.55;69.94;67.94;68.59;1880821
20151002;66.32;68.75;65.88;68.74;2105605
20151005;69.51;70.82;69.43;70.75;1509313
20151006;70.54;70.87;69.99;70.63;1205343
20151007;71.45;72.17;70.65;71.98;1430503
20151008;71.47;72.17;70.95;72.04;1631030
20151009;72.14;72.45;71.13;71.5;1528775
20151012;70.89;71;69.6;70.24;2320736
20151013;70.23;70.28;69.08;69.15;1679892
20151014;69.13;69.85;68.85;68.98;1296864
20151015;69.19;70.2;69.13;70.2;1202463
20151016;70.53;70.9;70.2;70.8;1308831
20151019;70.31;70.59;70;70.26;992026
20151020;70.49;70.79;70.12;70.55;1033590
20151021;70.97;71;69.56;69.64;1406067
20151022;70.9;74.62;70.74;74.25;3740170
20151023;74.61;74.61;73.43;74.39;1986100
20151026;74.31;74.53;73.87;74.19;1284349
20151027;73.52;74;73.21;73.95;1019196
20151028;74.06;75.24;73.8;75.24;1644279
20151029;74.86;75.55;74.31;75.38;1268715
20151030;75.36;75.99;75.01;75.62;1967703
20151102;75.96;76.22;75.58;76.19;1433297
20151103;75.82;76.89;75.67;76.68;1170903
20151104;76.6;76.94;76;76.19;1018405
20151105;76.38;77.05;76.26;76.67;831310
20151106;77.17;77.71;76.42;76.93;930326
20151109;76.81;76.87;75.25;75.53;1360564
20151110;75.45;76.16;75.26;76.16;824123
20151111;76.47;76.74;76.17;76.38;966422
20151112;76.03;76.67;75.19;75.25;1382694
20151113;75.03;75.32;74.16;74.36;1235560
20151116;74.3;75.36;73.78;75.34;797641
20151117;75.23;75.57;74.47;74.74;1064062
20151118;74.81;76.49;74.72;76.49;1194792
20151119;76.38;76.48;76.01;76.38;716389
20151120;76.67;76.91;75.91;76.37;1069429
20151123;76.42;76.7;76.02;76.15;655639
20151124;75.24;75.78;74.97;75.62;870814
20151125;75.59;76.42;75.34;76.01;858608
20151127;76.06;76.13;75.49;75.95;512459
20151130;76.16;76.41;75.48;76.15;1528708
20151201;76.6;77.05;76.02;76.49;1326429
20151202;76.5;76.59;75.3;75.54;1157318
20151203;75.74;75.93;74.64;75.17;2346935
20151204;75.3;76.26;75.14;76.03;2197406
20151207;75.86;76.07;74.69;75.16;1592090
20151208;74.59;74.68;73.94;74.11;1901595
20151209;73.75;74.47;72.75;73.17;1131327
20151210;73.13;74.13;72.94;73.34;1653174
20151211;72.33;72.48;70.47;70.8;2173192
20151214;70.2;71;68.76;70.04;1985454
20151215;70.89;71.65;70.89;71.37;2105470
20151216;72.14;72.41;70.97;72.13;2699172
20151217;72.14;72.49;70.9;71.01;1564600
20151218;70.48;70.98;69.81;69.91;2562401
20151221;70.52;70.75;70.02;70.39;1612031
20151222;70.63;70.98;70.19;70.91;1809897
20151223;71;73;70.92;72.75;1583146
20151224;72.48;72.96;72.18;72.45;431884
20151228;72.25;72.83;71.97;72.72;1010988
20151229;72.73;73.64;72.73;73.1;1021078
20151230;72.93;73.39;72.04;72.09;1080980
20151231;72.05;72.49;71.49;71.49;1052924
20160104;69.93;70.21;69.17;70.19;2353503
20160105;70.39;70.81;69.5;70.48;1403665
20160106;69.14;69.41;68.62;68.9;1752252
20160107;67.51;68.76;66.67;67.06;2238119
20160108;67.46;67.65;65.28;65.36;2142527
20160111;65.7;65.96;64.34;65.01;2068949
20160112;65.73;66.82;65.16;66.71;2915662
20160113;66.97;67.76;64.71;64.87;2297061
20160114;65.15;66.16;64.35;65.58;2277262
20160115;63.83;65.49;63.57;64.95;2669717
20160119;65.95;66.54;65.07;65.56;2025228
20160120;64.4;65.77;63.75;65.09;2598145
20160121;65.33;67.26;65.11;65.56;2112296
20160122;66.77;67.44;66.28;67.43;1650778
20160125;67.08;67.34;65.29;65.41;1640791
20160126;65.77;67.65;65.44;66.65;1533266
20160127;66.67;67.57;65.5;66.23;2231968
20160128;68.25;70.8;68.01;68.42;2984743
20160129;68.51;71.16;68.44;70.95;2843953
20160201;70.44;70.6;69.4;70.16;2375405
20160202;68.92;69.46;67.79;68.05;2657128
20160203;68.46;69.07;66.4;68.64;2326248
20160204;68.41;69.82;68.4;69.78;3472632
20160205;69.4;69.91;68.36;68.64;2616542
20160208;67.98;67.98;64.26;65.97;4241923
20160209;65.2;67.15;64.81;66.49;2326340
20160210;67.46;68.35;66.55;66.59;1509487
20160211;64.71;66.2;64.65;65.48;2095186
20160212;66.87;67.56;65.98;67.55;1368653
20160216;68.5;68.81;67.74;68.47;1546007
20160217;69.26;70.7;68.52;70.26;1858171
20160218;70.52;70.55;69;69.43;1569199
20160219;69.14;69.39;68.33;68.86;1463773
20160222;69.72;70.24;69.14;69.89;1271099
20160223;70.03;70.27;68.27;68.6;1260589
20160224;67.34;69.08;66.27;68.96;1483941
20160225;69.19;69.65;68.16;69.64;1028415
20160226;70.51;70.64;69.3;69.72;1040705
20160229;69.76;70.23;69.09;69.11;1389205
20160301;69.93;71.4;69.63;71.4;1740192
20160302;71.16;71.69;70.45;71.67;1307375
20160303;71.76;72.35;71.26;72.34;1123599
20160304;72.34;73.28;71.97;72.78;1367921
20160307;72.35;73;72;72.56;1210671
20160308;71.97;72.6;71.56;71.97;1609199
20160309;72.2;72.36;70.9;71.52;1354537
20160310;71.85;71.9;70.22;71.31;918196
20160311;71.9;72.83;71.58;72.63;1287135
20160314;71.88;72.32;71.51;71.67;1053307
20160315;70.79;70.91;69.9;70.6;1746682
20160316;70.15;71.61;69.97;71.32;1095828
20160317;71.42;73.81;71.33;73.21;1768923
20160318;73.45;73.89;72;73.54;2446562
20160321;73.24;73.7;72.26;73.36;1083864
20160322;72.94;73.62;72.65;73.09;969083
20160323;73.05;73.52;72.54;73.1;1063477
20160324;72.36;72.62;72.05;72.51;1150985
20160328;72.74;73.07;72.15;72.8;668915
20160329;72.34;74.05;71.84;73.9;1447332
20160330;74.16;74.72;73.81;73.9;1445470
20160331;73.79;74.21;73.39;73.46;1326578
20160401;72.97;74.08;72.41;73.95;1299229
20160404;73.78;73.98;72.84;73.03;1012862
20160405;72.51;72.71;72.08;72.34;1047058
20160406;72.5;73.6;72.35;73.35;1333355
20160407;72.63;73.05;71.26;71.48;1366686
20160408;72.2;72.3;71.42;71.8;1275679
20160411;72.43;73.47;72.14;72.19;1175633
20160412;72.45;74.09;72.02;74.04;1668931
20160413;74.72;76.52;74.54;76.5;2418528
20160414;76.49;76.97;75.51;76.61;1040196
20160415;76.54;76.86;76.15;76.53;1004881
20160418;76.34;76.71;76.01;76.6;1078829
20160419;77.18;77.85;76.8;77.72;1159662
20160420;77.92;78.68;77.5;78.34;1647136
20160421;78.35;78.71;77.22;77.63;1438838
20160422;77.57;78.03;77.08;77.58;1524951
20160425;77.27;77.85;76.58;76.97;1897086
20160426;78.48;79;76.32;77.52;2740392
20160427;77.19;77.98;76.88;77.46;1952611
20160428;76.94;77.23;75.44;75.77;1759943
20160429;75.05;75.75;74.76;75.29;1431679
20160502;75.65;75.92;74.7;75.69;1334787
20160503;75.09;75.09;73.94;74.93;1186905
20160504;74.69;74.96;74.04;74.29;1205118
20160505;74.62;74.9;74.07;74.34;1895346
20160506;73.75;75.11;73.7;75.09;1422861
20160509;74.8;75.41;74.45;75.04;1346111
20160510;75.25;75.93;75.03;75.86;1447475
20160511;75.45;76.07;75.33;75.35;1346032
20160512;75.69;76.18;75.07;75.61;914215
20160513;75.39;76;73.57;74.13;1050432
20160516;74.21;75.08;74.21;74.74;1008843
20160517;74.36;74.81;73.77;74.08;1191121
20160518;74.02;74.72;73.57;74.43;1787899
20160519;73.99;74.28;73.04;73.74;1217614
20160520;74.13;75.07;74.06;74.88;3992088
20160523;74.52;75.03;74.42;74.51;1054404
20160524;75.14;76.78;74.8;76.57;1278287
20160525;76.73;77.63;76.68;77.36;1089457
20160526;77.21;77.5;76.63;76.66;723828
20160527;76.89;77.5;76.72;77.13;701334
20160531;77.66;77.7;76.55;77.06;1943121
20160601;76.5;77.08;76.2;77.02;900985
20160602;76.55;76.94;76.19;76.94;1006727
20160603;75.8;76.27;74.97;75.98;1054215
20160606;75.98;76.93;75.98;76.41;1036048
20160607;76.42;76.47;75.36;75.47;885011
20160608;75.29;75.72;74.76;75.08;978414
20160609;74.88;74.88;74.1;74.37;838280
20160610;73.62;73.77;72.55;72.83;1047359
20160613;72.18;72.66;71.68;71.72;1348102
20160614;71.45;71.78;70.8;71.14;1304526
20160615;71.54;72.47;71.33;71.56;1521745
20160616;70.81;71.35;70.27;71.24;1129763
20160617;71.11;71.66;70.8;71.37;1353083
20160620;72.37;73.07;72.14;72.21;1104881
20160621;72.43;72.84;71.65;71.85;1309750
20160622;72.1;72.55;71.54;72;771158
20160623;72.79;73.53;72.11;73.52;974026
20160624;70.02;71.64;68.1;69.6;3841604
20160627;68.67;68.8;67.34;67.62;2427268
20160628;68.43;69.5;67.86;69.38;2245564
20160629;70.25;71.41;70;71.34;1961324
20160630;71.4;72.97;71.06;72.97;1856098
20160701;72.91;73.39;72.02;72.34;1222310
20160705;71.7;71.92;70.78;71.35;1114583
20160706;71.35;72.11;70.61;71.96;1245138
20160707;71.73;72.39;70.93;71.59;1369408
20160708;72.71;73.29;72.6;73.24;1357893
20160711;73.56;74.05;72.88;73.34;1027065
20160712;74.04;74.51;73.75;74.47;1273176
20160713;74.65;74.92;73.56;73.89;1207352
20160714;74.89;75.12;74.07;74.13;1156950
20160715;74.48;74.67;73.8;74.65;1052494
20160718;74.67;74.92;74.42;74.59;1067378
20160719;74.42;74.42;73.64;74.08;1217706
20160720;73.73;74.14;72.73;74.07;1238962
20160721;74.22;74.4;73.76;73.88;993516
20160722;74.17;74.2;73.61;74.12;977014
20160725;74.14;74.34;73.3;73.69;1719732
20160726;72;72.23;70.45;70.55;3335939
20160727;70.65;71.08;68.51;70.68;2836662
20160728;70.42;70.72;69.83;70.44;1722362
20160729;70.2;70.95;69.91;70.69;2357130
20160801;70.56;70.69;69.69;69.84;1888208
20160802;69.79;69.79;68.78;69;1769268
20160803;69.56;69.59;68.79;69.1;1692708
20160804;69.01;69.55;68.8;69.05;1019373
20160805;69.74;70.09;69.47;69.84;1614392
20160808;70.06;70.14;69.53;69.68;1548008
20160809;69.78;69.78;68.7;68.79;1704208
20160810;69.02;69.12;68.59;68.78;1261646
20160811;68.9;69.19;68.83;69.01;1221765
20160812;68.87;69;68.57;68.73;1003215
20160815;68.77;69.08;68.58;68.64;1156299
20160816;68.42;68.95;68.22;68.64;1109516
20160817;68.69;69.03;68.5;69.01;1319179
20160818;69;69.41;68.98;69.12;1031659
20160819;68.86;69.25;68.33;68.98;1206054
20160822;68.93;69.25;68.74;69.05;830551
20160823;69.53;69.75;69.41;69.54;690163
20160824;69.15;69.65;68.8;68.97;876141
20160825;68.88;69.11;68.55;68.71;960989
20160826;68.87;69.64;67.75;68.88;1282806
20160829;68.93;69.19;68.77;68.95;1076192
20160830;69.1;69.9;69.1;69.9;813063
20160831;69.91;70;69.01;69.54;1846217
20160901;69.78;69.98;68.51;68.75;1094229
20160902;69.02;69.45;68.8;69.27;761539
20160906;69.03;69.3;68.62;69.08;803548
20160907;68.93;69.5;68.93;69.34;1085289
20160908;69.12;69.35;68.48;68.84;885741
20160909;68.51;68.75;67.48;67.48;1852419
20160912;67.04;68.83;66.86;68.6;1321281
20160913;67.56;67.92;67.02;67.34;1793131
20160914;67.47;67.75;66.89;66.99;1351421
20160915;66.91;67.95;66.89;67.8;1082065
20160916;67.27;67.31;66.41;67.02;2134379
20160919;67.25;67.8;66.58;66.64;1470336
20160920;67.24;67.34;66.63;66.63;1217031
20160921;66.74;67.11;66.17;66.83;1528589
20160922;67.29;67.47;66.81;66.82;1230222
20160923;66.35;66.97;65.92;65.92;1500736
20160926;65.64;66.03;65.16;65.2;1353211
20160927;65.1;65.86;64.77;65.56;1858638
20160928;65.23;66.39;65.23;66.35;1657117
20160929;66.27;66.48;65.25;65.54;1266110
20160930;66.08;66.81;65.74;66.5;1798957
20161003;66.29;67.07;66.03;66.45;1672597
20161004;66.57;67.07;66.1;66.55;2198281
20161005;66.75;67.66;66.75;67.58;2088473
20161006;67.52;67.77;67.25;67.34;1113092
20161007;67.28;67.67;66.32;66.58;1972320
20161010;66.96;67.23;66.67;66.79;1650663
20161011;66.66;66.7;65.55;65.95;1921789
20161012;65.82;66.83;65.82;66.16;2193487
20161013;65.74;65.83;64.9;65.67;1185884
20161014;66.22;66.57;65.61;65.9;1256763
20161017;65.77;65.9;64.93;65.05;1386228
20161018;65.73;65.77;64.83;65.21;1507957
20161019;65.38;65.97;65.21;65.88;1007436
20161020;65.73;66.24;65.68;65.88;1424109
20161021;65.5;66.02;65.39;65.96;1144335
20161024;66.23;66.98;66.23;66.79;1620622
20161025;66.8;67.41;65.94;66.04;1826288
20161026;65.88;66.44;65.68;66.35;1725316
20161027;66.57;67.53;63.14;63.83;4685348
20161028;63.75;64.75;63.58;64;2039603
20161031;64.24;64.38;63.67;64.01;2782990
20161101;64.24;64.29;63.3;63.82;2459677
20161102;63.74;63.87;62.97;63.21;3553569
20161103;63.35;64.05;63.35;63.69;1649988
20161104;63.67;64.3;63.42;63.7;1645547
20161107;64.73;64.85;64.05;64.33;1104601
20161108;64.2;64.47;63.32;63.77;2728369
20161109;63.79;68.95;63.73;68.35;5024306
20161110;68.5;74.18;68.35;70.29;6432453
20161111;70.14;70.81;69.32;70.5;3610440
20161114;71.43;73.24;71.22;73.23;4119057
20161115;72.45;73.64;72.4;73.62;2588926
20161116;72.96;73.37;72.33;72.5;1512558
20161117;72.25;73.39;72;73.18;2219566
20161118;73.33;73.98;73.02;73.47;1461390
20161121;73.7;73.92;73.32;73.73;1183147
20161122;73.9;74.1;73.12;74.05;1535783
20161123;73.85;74.47;73.5;74.28;1026630
20161125;74.4;74.81;74.05;74.43;490432
20161128;73.98;74.35;73.07;73.15;1294064
20161129;73.33;73.6;72.87;73.38;1079629
20161130;74.07;74.74;73.67;74.06;2036450
20161201;74.52;75.69;74.1;75.57;2669810
20161202;75.3;75.86;74.76;75.48;1650947
20161205;75.97;76.35;75.19;75.58;1700936
20161206;75.98;76.11;75.49;76.09;1624519
20161207;76.13;77.38;75.86;77.35;1479360
20161208;77.35;78.95;77;78.61;2268375
20161209;78.46;78.46;76.52;76.6;2921611
20161212;76.4;77.11;75.69;76.03;1860737
20161213;76.06;76.99;75.81;76.44;1844367
20161214;76.19;77;75.6;75.71;1603725
20161215;76.08;76.8;75.57;76;1052840
20161216;76.01;76.9;75.97;76.76;3524561
20161219;76.56;76.78;75.88;76.63;1267256
20161220;77.2;77.71;76.77;77.67;1473705
20161221;77.47;77.7;77.13;77.42;1042540
20161222;77.53;77.7;76.51;76.57;1752831
20161223;76.45;76.78;76.03;76.59;765242
20161227;76.89;77;76.5;76.9;499406
20161228;77.1;77.1;76;76.07;557337
20161229;76.05;76.46;75.38;75.54;869899
20161230;75.95;76.08;74.93;75.26;1309986
20170103;76.34;76.77;75.46;75.84;1664410
20170104;76.2;77.08;75.85;76.97;1281912
20170105;76.87;76.87;75.23;76.37;1033820
20170106;76.49;76.76;75.37;75.62;1667142
20170109;75.29;75.66;72.59;72.83;3979390
20170110;72.88;73.93;72.03;73.48;2469172
20170111;73.51;74.02;73.09;74.02;1438578
20170112;73.64;73.85;72.4;73.53;1195120
20170113;73.83;74.43;73.47;73.68;876183
20170117;73.15;73.43;72.64;73.05;1764236
20170118;73.23;73.34;72.6;73.29;1825221
20170119;73.49;73.49;72.42;72.75;1665166
20170120;72.87;73.7;72.39;73.7;1782593
20170123;73.35;73.62;72.83;73.45;1342677
20170124;73.49;74.08;73.11;73.84;1196467
20170125;74.36;74.56;73.52;74.18;1894336
20170126;71.91;72.61;68.09;70.26;7648931
20170127;69.82;69.91;67.81;69.39;4582104
20170130;69.15;69.28;67.7;67.96;3038561
20170131;67.64;68.04;67.17;67.44;3669229
20170201;68.09;68.43;66.59;66.77;2988044
20170202;66.6;66.8;65.33;66.45;3702355
20170203;67.23;68.27;67.01;67.71;2869393
20170206;66.7;68;66.7;67.33;1867728
20170207;67.56;67.84;67.18;67.55;1446298
20170208;67.5;67.89;67.32;67.57;1912878
20170209;68.03;68.68;67.58;68.45;1744563
20170210;68.63;69.4;68.5;69.4;2106574
20170213;69.71;70;69.01;69.82;2018137
20170214;69.65;70.08;69.44;69.86;1780211
20170215;69.91;71.65;69.7;71.55;2266420
20170216;71;71.78;71;71.32;1419464
20170217;70.75;71.11;70.31;71.1;1261032
20170221;71.43;71.65;70.9;71.2;1415143
20170222;70.81;71.48;70.81;71.46;1202785
20170223;71.75;71.97;71.43;71.96;1667989
20170224;71.56;71.97;71.24;71.95;1018776
20170227;71.95;72.5;71.86;72.08;1089541
20170228;71.89;72.3;70.77;71.21;2616627
20170301;72;72.66;71.63;72.53;2321957
20170302;72.55;72.6;71.71;71.71;1633363
20170303;71.83;72.3;71.01;71.31;1523160
20170306;71.09;71.57;70.78;71.07;1064867
20170307;71.05;71.25;70.71;70.9;896507
20170308;71.25;71.92;71.21;71.3;1018286
20170309;71.59;71.79;70.64;70.72;1729262
20170310;71.22;71.56;70.99;71.35;1272763
20170313;71.35;72.08;71.23;71.9;1200230
20170314;71.01;71.45;70.69;71.18;1296300
20170315;71.39;71.98;71.27;71.75;1696770
20170316;71.96;72.42;71.81;71.94;1557817
20170317;71.31;71.5;69.33;69.36;4421453
20170320;69.36;69.6;68.81;69.26;1458382
20170321;69.73;69.76;68.01;68.6;2082301
20170322;68.4;68.91;67.87;68.79;1748566
20170323;68.71;69.29;68.14;68.2;1724850
20170324;68.42;68.56;67.59;67.83;1358227
20170327;67.17;67.94;66.7;67.63;1211386
20170328;67.49;68.79;67.32;68.39;2055995
20170329;68.07;68.27;67.37;67.92;1835480
20170330;67.96;68.58;67.81;68.21;3177294
20170331;68.06;68.3;67.77;68.15;3138292
20170403;68.25;68.58;67.6;68.2;3137644
20170404;67.86;68.29;67.69;68.26;1582671
20170405;68.7;69.65;68.44;68.85;2181382
20170406;68.96;69.66;68.52;69.33;1931106
20170407;69.18;70.05;68.85;69.7;1695269
20170410;69.78;70.82;69.5;70.26;4491836
20170411;70;70.16;69.01;69.99;2722649
20170412;69.7;71.17;69.7;70.45;2266364
20170413;70.31;71.04;69.88;70.26;1744344
20170417;70.49;71.51;70.3;71.47;1581587
20170418;70.99;72.02;70.94;71.26;1308046
20170419;71.59;72.15;71.39;71.8;1973123
20170420;72.31;72.51;71.65;72.3;2112488
20170421;72.38;72.51;71.56;71.79;1145070
20170424;72.97;73.09;72.49;72.63;1901315
20170425;71;71.01;69.08;69.59;4254258
20170426;69.5;70.68;69.44;70.16;2231578
20170427;70.51;70.68;70.01;70.52;1228539
20170428;70.54;70.92;70.17;70.89;2921311
20170501;71.24;71.36;70.49;70.62;2298274
20170502;70.9;71.39;70.43;71.38;1475867
20170503;71.41;71.88;70.98;71.86;1766387
20170504;72.17;72.19;71.38;71.78;1570923
20170505;71.94;71.94;71.36;71.9;1226306
20170508;71.85;72;70.5;71.05;2226591
20170509;71.19;71.61;70.81;71.52;1885282
20170510;71.38;72.05;71.15;72.05;1610851
20170511;71.71;72.03;71.03;71.25;1562301
20170512;71.14;71.49;70.89;71.26;1271676
20170515;71.26;72.46;71.26;72.05;1374947
20170516;71.95;72.09;71.07;71.83;1387312
20170517;70.6;70.9;68.94;69.23;2236660
20170518;69.24;69.97;69.1;69.71;1637802
20170519;69.74;70.75;69.44;70.63;1089627
20170522;70.96;71.43;70.64;71.3;1263284
20170523;71.23;71.29;70.48;71.06;1458912
20170524;69.07;69.51;67.62;68.68;5330074
20170525;68.68;70.05;68.3;69.66;2559358
20170526;69.57;70.13;69.04;69.7;1370488
20170530;69.49;70.05;69.38;69.78;1353296
20170531;69.79;70.49;69.6;70.44;2366523
20170601;70.72;71.81;70.2;71.8;2156299
20170602;71.51;71.71;70.98;71.53;1518112
20170605;71.61;71.92;71.09;71.88;1115975
20170606;71.72;71.84;70.78;71.06;1328853
20170607;71.43;72;71.25;71.9;1298630
20170608;72;72.81;71.81;71.96;1484837
20170609;72.08;73.38;72;73.27;1669438
20170612;73.26;73.97;72.6;73.92;1734948
20170613;73.69;73.82;72.76;73.36;1039533
20170614;73;73.31;72.19;73.24;1147662
20170615;72.46;73.39;72.09;73.25;1151954
20170616;73.38;73.45;72.84;73.35;2073935
20170619;73.81;74.35;73.44;74.03;1039400
20170620;73.93;73.93;73.34;73.34;1003478
20170621;73.61;73.68;72.98;73.04;1108559
20170622;72.86;73.53;72.44;73.2;1157691
20170623;73.49;74.03;73.13;73.74;4791268
20170626;73.96;74.28;73.48;73.83;1025620
20170627;74.05;74.58;73.82;74.09;773316
20170628;74.56;75.27;74.3;75.04;1390663
20170629;75.51;75.92;73.5;74.03;1611607
20170630;74.6;74.98;74.2;74.21;1487307
20170703;74.85;75.69;74.63;75.1;873330
20170705;75.19;75.48;74.83;75.31;974807
20170706;75.11;75.13;74.16;74.23;1335724
20170707;74.61;76.4;74.43;76.16;1443913
20170710;76.03;77.5;76.03;77.05;1885065
20170711;75.5;75.57;74.3;75.16;2023116
20170712;75.37;76.07;75.3;75.58;1034683
20170713;77.8;80.05;77.8;79.19;4912042
20170714;79;80.64;79;80.23;2192219
20170717;80.29;80.49;79.51;80.16;1137684
20170718;79.99;80.27;79.78;80.11;1550196
20170719;80.33;80.93;80;80.81;882441
20170720;80.94;81.25;80.43;81.08;903122
20170721;80.96;81.4;80.71;80.83;991256
20170724;80.84;81.13;80.37;81.1;1496756
20170725;82.01;84.46;81.98;83.83;3019937
20170726;84.11;85.42;84.04;84.92;2652196
20170727;85.07;85.11;81.83;82.67;3149595
20170728;82.51;82.93;81.87;82.35;1386170
20170731;82.54;82.94;82.11;82.72;2758446
20170801;83.08;83.19;82.48;83.15;1538899
20170802;83.49;83.49;82.24;82.61;1271900
20170803;82.64;82.93;82.19;82.65;1022619
20170804;83.11;83.11;82.58;82.79;879543
20170807;82.88;83.55;82.81;83.37;799200
20170808;83;83.68;82.69;83.19;1337875
20170809;82.94;83.38;82.48;83.18;1295591
20170810;82.97;84.77;82.49;82.85;2025298
20170811;83.17;83.75;82.57;82.79;1127023
20170814;83.4;84;82.74;83.84;1011871
20170815;84.05;84.22;83.44;83.9;1049858
20170816;84.33;85.07;84.06;84.14;1464588
20170817;83.99;84.03;82.53;82.61;1860448
20170818;82.55;82.83;82.12;82.3;1091579
20170821;82.33;82.74;81.99;82.37;828067
20170822;82.57;83.74;82.57;83.61;1131687
20170823;83.35;83.35;82.74;82.85;956839
20170824;83.19;83.19;82.38;82.46;1212480
20170825;82.9;84.28;82.9;83.9;1510082
20170828;84.11;84.63;83.77;84.14;1054766
20170829;83.5;84.2;83.01;84.03;1089994
20170830;84.05;84.17;83.73;83.82;921471
20170831;84.16;84.54;83.76;84.36;1407027
20170901;84.59;84.82;84.05;84.28;856962
20170905;83.83;84.07;82.57;82.78;1208910
20170906;83.26;83.57;82.58;82.78;1399674
20170907;82.83;82.83;81.61;82.25;1570047
20170908;81.93;82.67;81.77;82.13;1209709
20170911;82.77;83.65;82.77;83.35;1206598
20170912;83.61;84.86;83.55;84.86;1072643
20170913;83.93;84.54;82.82;84.27;1202423
20170914;84.01;84.52;83.58;84.27;923488
20170915;84.22;84.99;83.9;84.72;1805408
20170918;84.73;85.46;84.26;85.35;1275223
20170919;85.33;85.77;84.98;85.1;996007
20170920;85.47;85.87;84.51;85.72;990661
20170921;85.69;86.13;85.38;85.97;742688
20170922;86.03;86.77;85.83;86.69;708273
20170925;86.59;87.64;86.53;87.32;1175062
20170926;87.23;87.43;86.42;86.56;1301458
20170927;87.36;88.57;86.99;88.09;1779756
20170928;88.26;90.57;87.9;90.13;2241002
20170929;89.91;91.19;89.7;90.65;1801362
20171002;90.43;90.78;89.38;90.68;1605893
20171003;90.52;90.95;90.02;90.92;980850
20171004;90.97;91.59;90.77;91.41;1142661
20171005;91.86;92.38;91.43;91.75;939711
20171006;92.06;92.06;91.28;91.72;829476
20171009;92.07;92.41;91.83;91.98;704096
20171010;92.49;92.58;91.65;92.18;1049253
20171011;92.21;92.89;91.6;92.85;973012
20171012;93.07;94.72;93.07;94.46;1720871
20171013;94.76;95.65;94.37;94.94;1335905
20171016;94.96;95.5;94.51;94.82;1312263
20171017;95.18;95.21;94.45;94.73;921586
20171018;94.96;95.95;94.75;95.76;948990
20171019;95.59;95.97;95.1;95.63;953589
20171020;96.5;97.35;96.19;96.86;1220728
20171023;96.11;97.28;95.96;96.13;1769366
20171024;96.75;96.84;96.22;96.48;1204642
20171025;96.62;96.91;93.95;95.15;1831446
20171026;97;97;93.27;95.07;1734989
20171027;94.78;94.98;92;93.98;1753532
20171030;93.62;93.9;92.26;92.42;1854510
20171031;92.38;93.5;91.89;92.9;2428913
20171101;93.48;93.64;92.46;92.57;1030965
20171102;92.86;95.92;92.47;94.63;1928596
20171103;94.76;94.99;94.15;94.57;847840
20171106;94.05;95.04;94.05;94.95;1009237
20171107;95.2;95.46;93.35;93.76;901247
20171108;93.5;93.58;91.65;93.49;1447748
20171109;93.01;93.32;90.95;92.72;1246016
20171110;92.93;93.71;92.71;93.57;1119127
20171113;93.03;93.48;92.41;93.41;1067055
20171114;93.06;94.54;93.06;94.48;1056230
20171115;93.96;94.97;92.88;94.35;1011085
20171116;94.62;95.72;94.43;95.53;981469
20171117;95.38;96.19;95.24;95.98;839804
20171120;96.06;96.51;95.5;96.3;1057168
20171121;96.92;97.84;96.24;97.73;1566741
20171122;97.55;98.01;97;97.72;1126207
20171124;98.22;98.31;97.49;97.88;488039
20171127;97.95;99.01;97.8;97.97;1147747
20171128;98.08;99.8;97.97;99.75;1442444
20171129;100.22;102.23;100.13;101.27;2186741
20171130;101.8;103.85;101.03;102.92;2750071
20171201;102.82;103.57;100.21;102.79;1983620
20171204;103.35;103.61;102.07;102.82;2102437
20171205;103.77;104.4;101.53;101.64;1939570
20171206;101.2;102.46;101.05;101.79;1173079
20171207;101.78;103.05;101.68;102.74;1260717
20171208;101.95;103.37;100.89;102.75;1951038
20171211;102.87;102.88;101.58;101.85;1213132
20171212;101.8;102.96;101.8;102.64;2032914
20171213;101.91;103.21;101.73;101.9;1315020
20171214;102.61;103.12;101.23;101.59;1276746
20171215;101.6;103.08;101.03;102.57;4366885
20171218;103.4;105.36;103;103.44;1985760
20171219;103.98;104.27;103.08;103.14;1174465
20171220;103.29;104.8;103.29;103.76;1313754
20171221;104.28;104.9;103.39;104.6;1044988
20171222;104.6;105.29;104.1;105.24;835110
20171226;105.46;105.54;104.93;105.36;558780
20171227;105.55;105.85;104.89;105.02;1123742
20171228;105.1;105.44;104.7;105.34;807992
20171229;105.79;106.1;104.93;104.93;692573
20180102;104.44;105;102.35;103.08;1603535
20180103;103.5;104.61;103.26;104.49;1169761
20180104;105.13;106.2;105;105.31;773531
20180105;105.53;107.42;105.31;107.23;1073257
20180108;108.22;110.22;107.52;109.88;1675568
20180109;111.13;112.17;110.66;111.75;1333211
20180110;111.9;112.7;111.24;112.27;1044069
20180111;111.86;113.07;110.35;113.06;1956946
20180112;114.06;115.62;113.97;115.35;1361147
20180116;116.52;117.64;114.32;114.47;1756527
20180117;115.08;116.91;114.58;116.38;1590259
20180118;116.06;116.57;115.5;115.79;1448412
20180119;116.31;118.19;115.84;117.35;1719908
20180122;117.86;118.24;116.8;117.4;1403930
20180123;117.5;118.36;117;118.08;1332613
20180124;118.62;119.12;116.5;117.71;1227436
20180125;118.16;118.31;116.73;117.35;1201874
20180126;117.88;119.99;117.15;119.99;1595567
20180129;119.97;120.07;117.28;117.55;2168928
20180130;115;115;111;112.51;2400713
20180131;112.46;112.73;110.39;111.63;4146992
20180201;110.62;112.72;110.61;112.16;1468610
20180202;111.39;112.68;109.5;109.89;2512806
20180205;109.47;111.11;104.66;105.25;2661973
20180206;101.98;107.55;100.64;106.97;3212774
20180207;106.92;108.88;106.32;106.52;2331828
20180208;106.78;107.77;101.87;101.99;3182558
20180209;104.04;104.31;99.35;103.41;3628839
20180212;104.44;106.4;104.1;104.93;2370045
20180213;103.94;105.88;103.21;105.73;2145896
20180214;105.09;108.41;104.51;108.32;1279203
20180215;109.03;109.94;107.02;109.56;1845567
20180216;108.9;111.31;108.17;110.49;1415216
20180220;109.77;110.97;108.74;109.91;2210340
20180221;110.27;113.25;109.78;109.95;1858818
20180222;110.86;111.96;110.21;110.42;1445683
20180223;110.86;112.32;110.42;112.3;1535101
20180226;112.29;114.19;111.74;114.15;1354176
20180227;114.17;115.39;112.33;112.39;1526523
20180228;113.35;114.62;111.88;111.9;1931028
20180301;112.24;112.7;109.36;110.08;1753757
20180302;109.56;110.55;108.16;110.33;1414401
20180305;109.69;112.1;109.35;111.85;1219461
20180306;112.19;113.55;111.5;113.36;1041220
20180307;111.82;113.59;111;113.09;1162220
20180308;113.53;114.49;112.19;114.17;919308
20180309;115;117.78;114.86;117.6;939286
20180312;117.6;119;116.94;117.09;1038240
20180313;117.25;119.07;116.61;116.97;1491818
20180314;117.07;117.33;114.87;115.5;1426137
20180315;115.73;116;114.69;115.41;1037614
20180316;115.56;117.16;115.45;115.54;4292096
20180319;115.35;115.4;112.03;113.36;1859186
20180320;113.74;114.49;111.67;112;3276156
20180321;112.37;114.65;111.51;112.58;2973277
20180322;111.13;111.34;107.44;107.64;2681557
20180323;108.24;108.26;104.47;104.65;2870016
20180326;106.75;108.69;105.51;108.34;1636762
20180327;108.81;109.72;105.59;106.1;2373391
20180328;106.71;107.11;104.75;105.79;2136968
20180329;106.18;109.04;105.28;107.97;1255771
20180402;107.54;107.79;102.9;104.67;1737023
20180403;105.08;106.5;104.27;106.44;1487240
20180404;104.49;107.93;103.5;107.57;1691167
20180405;108.53;108.87;106.91;107.53;1067117
20180406;106.23;107.2;103.27;104.38;1512584
20180409;104.98;107.29;104.77;104.93;1395296
20180410;106.56;107.62;105.98;106.74;1215062
20180411;105.47;107.11;105.11;106.2;1826260
20180412;107.18;108.99;106.41;108.05;965922
20180413;109.14;109.15;106.55;107.11;1227596
20180416;108.05;108.45;107.06;107.95;1711249
20180417;109.27;110.24;108.34;109.23;1176398
20180418;109.82;110.1;108.44;108.88;1322048
20180419;108.61;110.15;108.2;108.83;1299702
20180420;109.27;109.55;107.76;108.44;1156107
20180423;109.18;109.37;107.95;108.62;824765
20180424;109.48;109.61;105.9;107.37;1920670
20180425;108.37;112.39;107.56;111;2085346
20180426;111.62;113.25;109.8;112.3;1560945
20180427;112.31;114.17;111.74;114.02;1409656
20180430;114.54;115.26;113.79;113.82;1447043
20180501;111.99;113.71;110.35;111.25;1503934
20180502;111.1;111.67;110.36;110.6;1281376
20180503;109.71;110.35;107.26;109.44;1137038
20180504;108.91;112.68;108.35;111.97;939375
20180507;112.1;114.08;111.57;113.47;1003411
20180508;113.16;115.03;112.6;114.17;1241514
20180509;114.88;117.53;113.1;116.66;2651513
20180510;116.87;118.37;116.06;117.59;1313051
20180511;117.86;118.8;116.66;118.22;844413
20180514;118.56;119.47;117.41;118.01;990595
20180515;117.1;117.94;116.68;117.14;1119790
20180516;119.71;121.8;119.37;120.75;1795854
20180517;120.34;121.05;119.28;120.63;1053041
20180518;119.6;121.02;116.07;120.59;1271239
20180521;121.33;122.36;120.79;121.94;732738
20180522;122;123.47;121.83;122.66;793899
20180523;121.66;122.15;120.51;121.55;1018838
20180524;121.61;121.69;120.04;121.38;764495
20180525;120.65;121.78;120.28;121.38;605525
