20100104;67.59;68.33;66.53;67.1;1511417
20100105;67.24;68.2;66.45;68.12;2173686
20100106;68.23;68.94;68.03;68.44;1814857
20100107;68.26;69.39;67.71;68.74;1329036
20100108;68.26;68.64;67.09;67.85;1021832
20100111;68.14;68.72;67.69;68.17;974354
20100112;67.71;68.09;66.72;67.49;1391659
20100113;67.61;68.74;67.3;68.6;1384149
20100114;68.43;68.78;67.8;68.31;967058
20100115;68.19;68.45;67.61;68.09;1421860
20100119;68.26;69.62;67.84;69.53;1721607
20100120;69.02;69.19;68.33;69.07;1591263
20100121;68.88;69.3;65.58;65.84;2598465
20100122;65.52;66.52;63.94;64.28;2289305
20100125;65.25;65.57;63.59;65.1;1560639
20100126;64.78;65.94;64.23;64.72;1436897
20100127;64.26;65.44;63.35;65.07;2375578
20100128;65.75;65.93;64.69;65.39;1440367
20100129;65.81;66.25;64.23;64.87;1783594
20100201;65.71;66.88;65.04;66.87;1640341
20100202;67.71;68.01;66.56;67.8;2092054
20100203;67.59;67.6;66.2;66.5;1869303
20100204;65.97;66.12;63.38;63.44;2384506
20100205;63.64;64.96;62.39;64.53;1997359
20100208;64.65;65.14;62.74;62.9;1455611
20100209;63.65;63.81;62.22;62.81;1713741
20100210;62.72;63.28;61.5;62.49;1567644
20100211;62.4;63.03;61.82;62.72;1196952
20100212;62.08;63.47;61.78;63.4;1355576
20100216;64;65.15;63.61;65.03;1698279
20100217;65.23;65.68;64.92;65.39;1083428
20100218;65.11;66.62;64.7;66.35;1184273
20100219;65.91;66.77;65.38;66.57;1294383
20100222;66.54;67.49;66.54;67.03;1311135
20100223;66.7;67;65.68;65.95;1525802
20100224;65.92;66.73;65.72;66.71;1597939
20100225;65.93;67.49;65.62;67.42;1380098
20100226;67.42;68.75;67.25;67.93;1842147
20100301;68.24;68.74;67.84;68.28;1261393
20100302;68.72;68.94;68.41;68.62;1173427
20100303;68.78;69;68.32;68.67;905003
20100304;68.72;69.31;68.5;69.17;1056750
20100305;69.66;71.26;69.34;71.14;1322580
20100308;71.07;72.76;71.07;72.58;1341358
20100309;72.23;73.76;71.92;72.49;1590086
20100310;72.76;73.7;72.26;73.46;1209598
20100311;73.03;73.76;72.75;73.72;1139440
20100312;73.91;74.57;73.55;74;1259391
20100315;73.86;74.33;72.94;74.06;1157573
20100316;74.15;75.93;74.04;75.69;1194623
20100317;76.07;77.35;75.86;77.14;1353197
20100318;77.01;77.73;76.64;76.74;1433817
20100319;76.89;77.6;75.88;75.89;1895989
20100322;75.04;76.52;75.04;76.26;1347966
20100323;76.26;76.47;75.33;76.03;1053255
20100324;75.91;76.96;75.81;76.15;1045957
20100325;76.76;78.22;76.62;76.73;1353628
20100326;77.2;77.2;75.69;76.19;1192264
20100329;75.63;76.25;75.43;76.25;901458
20100330;76.13;76.78;75.93;76.24;791112
20100331;75.69;76.18;75.18;75.44;998802
20100401;75.85;75.95;74.87;75.47;867208
20100405;75.76;77.79;75.52;77.79;971468
20100406;77.47;79.61;76.98;79.41;1308945
20100407;79.37;79.52;77;77.24;1241975
20100408;76.86;77.14;76.56;76.95;1122302
20100409;77.13;78.43;76.95;78.35;1022245
20100412;78.34;78.46;77.26;77.45;1231606
20100413;77.38;80.28;77.22;79.97;1152052
20100414;80.68;80.71;79.59;80.13;952367
20100415;79.84;80.24;77.95;78.04;1230098
20100416;77.96;78.49;75.52;75.59;1753776
20100419;75.16;76.61;74.87;76.09;922083
20100420;76.63;77.01;75.2;77;1110074
20100421;76.93;78.41;76.59;77.94;1114427
20100422;77.17;79.77;76.65;79.37;1264459
20100423;79.53;81;79.04;80.11;1567715
20100426;80.12;81.49;79.74;80.69;1314854
20100427;79.96;80.41;78.1;78.12;2652901
20100428;78.95;79.45;77.67;78.8;1629441
20100429;79.48;83.42;79.41;83.39;2198705
20100430;83.01;83.3;78.75;78.86;1811582
20100503;79.87;82.34;79.42;81.51;1942347
20100504;80.52;81.58;79.97;81.13;2726445
20100505;79.67;81.87;78.95;80.72;2138668
20100506;80.01;80.77;73.81;78.03;3535683
20100507;78.31;79.56;75.38;76.09;2984018
20100510;80.19;80.77;78.67;80.73;2647518
20100511;79.64;82.48;79.27;81.16;1804784
20100512;81.17;81.86;80.4;81.73;1799473
20100513;81.37;82.33;80.65;80.76;1273657
20100514;79.79;80.27;77.37;78.2;2042421
20100517;78.71;79.84;76.04;78.45;1628806
20100518;79.45;79.97;76.21;76.57;1737657
20100519;76.18;77.86;74.18;76.05;1869373
20100520;74.36;75.11;72.67;72.72;2579151
20100521;71.31;75.6;71.31;75.5;2679866
20100524;75.62;75.95;73.61;73.63;1332203
20100525;71.69;74.89;70.94;74.83;2491024
20100526;75.67;76.72;73.52;73.84;1769141
20100527;75.55;78.23;74.9;78.12;1833405
20100528;77.9;78.24;76.19;76.68;1752686
20100601;76.15;77.75;75.67;75.91;1714747
20100602;76.31;76.46;74.44;76.18;2739486
20100603;76.53;76.55;75.05;75.66;1913663
20100604;73.6;74.76;71.52;71.81;2815277
20100607;72.34;73.95;71.84;72.12;1998492
20100608;72.27;74.05;70.91;73.8;1986658
20100609;74.46;76.45;74.18;74.62;2039256
20100610;75.8;78.47;75.35;78.19;2181647
20100611;77.16;79.1;77.14;79.02;1540923
20100614;79.81;80.52;78.45;79.26;1852483
20100615;79.75;81.23;79.04;81.08;1655823
20100616;80.49;81.12;79.87;80.45;1384653
20100617;80.6;80.79;79.54;79.97;1634910
20100618;80.25;80.42;79.66;80.09;1613870
20100621;81.08;81.8;79.22;79.39;1286607
20100622;79.72;79.77;76.27;76.36;1758197
20100623;76.5;77.51;75.42;76.53;1348807
20100624;76.05;76.36;74.12;74.24;1656107
20100625;74.78;76.99;74.37;76.74;1671077
20100628;76.21;76.44;74.49;74.65;1242107
20100629;73.6;73.93;71.82;72.34;2258809
20100630;72.06;73.49;71.07;71.34;1630184
20100701;71.56;71.93;69.84;71.25;1592582
20100702;71.6;71.85;69.5;69.7;1241955
20100706;71.27;72.08;68.47;69.08;2404878
20100707;69.42;72.84;69.08;72.77;2129987
20100708;73.7;74.37;72.33;73.85;1553379
20100709;73.89;75.29;73.68;75.23;1261592
20100712;75.17;75.75;74.15;75.51;866797
20100713;76.53;77.66;76.07;77.38;1355616
20100714;76.58;77.62;75.93;77.01;963929
20100715;77.15;77.5;75.35;77.31;953663
20100716;76.41;76.95;74.03;74.71;1791200
20100719;74.75;76.68;73.93;76.25;1497629
20100720;75;78.04;74.68;77.97;1828248
20100721;78.37;78.5;75.74;76.08;1351734
20100722;77.13;79.78;76.53;79.14;1709794
20100723;78.84;80.1;77.62;79.97;1399370
20100726;80.14;81.86;79.46;81.75;1161896
20100727;82;82.5;80.37;81.63;1371135
20100728;81.26;82.56;80.86;81.54;1227684
20100729;82.18;82.18;80.27;81.1;1557014
20100730;80.14;82.36;79.94;81.9;1631402
20100802;83.76;85.66;82.99;85.08;2529674
20100803;84.72;84.72;83.18;84.11;1732769
20100804;84.25;85.92;84;85.65;1650584
20100805;84.99;85.7;84.48;84.89;1201859
20100806;84.46;84.89;83.26;84.73;890026
20100809;85.04;86.08;84.45;85.87;959720
20100810;85.35;85.61;83.79;84.59;1115147
20100811;83.2;84.16;82.34;82.86;1387576
20100812;81.45;82.86;81.28;81.32;1300489
20100813;81.1;82;80.99;81.02;1280745
20100816;80.57;81.61;80;81.04;976737
20100817;81.78;84.38;81.37;83.65;1426883
20100818;83.78;84;82.72;83.17;1148990
20100819;82.74;82.83;80.53;81.24;1522762
20100820;80.53;81.45;80.28;81.23;815215
20100823;81.57;82.36;81.42;81.53;1024329
20100824;80.98;80.98;79.64;79.94;1524386
20100825;79.44;81.73;79.21;81.39;951754
20100826;81.88;82.06;80.48;80.65;1288607
20100827;81.34;82.21;79.38;81.72;1343629
20100830;81.28;82.17;81.03;81.06;879842
20100831;81;81.93;80.42;81.4;1189450
20100901;82.8;84.79;82.19;84.47;1622777
20100902;84.65;86.54;84.61;86.42;1922196
20100903;87.54;88.37;86.67;87.85;1508888
20100907;87.09;87.57;86.45;86.52;992245
20100908;85.89;87.04;85.86;86.8;1094151
20100909;88.15;88.16;84.97;85.1;1458389
20100910;85.41;86.1;84.71;85.2;1251406
20100913;85.89;86.32;85.49;86.26;1188384
20100914;85.87;86.89;85.31;86.4;859407
20100915;86.05;87.55;85.51;87.5;871455
20100916;87.19;87.42;86.33;86.77;615859
20100917;87.06;87.37;86.41;87.1;873760
20100920;87.67;89.25;87.25;88.88;1141134
20100921;88.01;89.26;87.9;88.01;1561395
20100922;87.78;88.24;86.07;86.54;1368871
20100923;85.5;85.92;83.7;83.98;1690470
20100924;85;86.03;84.83;85.78;1389638
20100927;85.73;85.84;84.46;85.03;892474
20100928;84.95;85.21;83.23;84.96;1228088
20100929;84.69;84.81;83.12;83.48;1078411
20100930;83.95;84.95;82.63;83.12;1829366
20101001;83.9;83.99;82.71;83.64;1213491
20101004;83.57;84.03;82.9;83.57;1006477
20101005;84.48;85.21;83.62;85.08;1297994
20101006;84.7;85;84.05;84.81;974077
20101007;85.2;85.68;84.61;84.99;704720
20101008;85.04;85.18;84.2;84.86;1018464
20101011;84.86;85.41;84.63;85.07;635552
20101012;84.72;85.99;84.36;85.85;797756
20101013;86.35;87.54;86.02;86.83;1258071
20101014;86.5;87.34;86.27;87.17;1019502
20101015;87.6;87.99;86.62;86.96;939927
20101018;86.53;88.46;86.2;88.45;1436113
20101019;87.5;88.99;87.11;87.81;1583128
20101020;88.16;90.88;87.96;89.89;1674403
20101021;90.11;91.23;89.47;90.14;873623
20101022;90.21;91.04;89.56;90.5;881487
20101025;91.18;91.45;90.48;90.73;853728
20101026;90.19;90.23;89.18;89.87;1022862
20101027;88.62;89.23;86.69;87.34;1890665
20101028;87.91;88.06;86.05;86.25;1121404
20101029;85.88;86.36;85.73;86.19;1153148
20101101;86.59;86.93;85.85;86.32;1014060
20101102;87.28;87.5;86.53;87.4;810694
20101103;87.47;87.88;86.8;87.35;869414
20101104;88.48;88.78;87.74;88.64;1228262
20101105;88.63;90.51;88.4;90.15;1118728
20101108;89.77;90.2;88.98;89.33;750826
20101109;89.03;89.03;84.76;85.37;2146790
20101110;85.52;86.5;85.37;86.32;958657
20101111;85.47;86.62;85.05;85.07;850785
20101112;84.45;85.31;83.94;84.7;887766
20101115;85.04;85.81;83.69;83.77;919190
20101116;83.28;83.71;81.02;81.56;1505848
20101117;81.84;82.48;81.39;82.26;1007825
20101118;83.92;84.19;83.25;83.53;1479569
20101119;83.52;84.3;82.82;84.12;937756
20101122;83.67;84.59;83.42;84.06;768861
20101123;83.07;83.84;82.81;83.47;912770
20101124;84.13;85.12;83.85;84.96;847064
20101126;84.26;84.72;83.99;84.33;374953
20101129;83.67;84.45;82.6;84.19;727754
20101130;83.2;84.5;83.01;83.8;1265364
20101201;85.1;85.22;84.03;84.91;908940
20101202;84.92;86.32;84.68;86.12;905378
20101203;85.68;86.37;85.3;86.19;580506
20101206;85.95;86.81;85.08;86.41;739567
20101207;87.33;87.33;86.1;86.41;717043
20101208;86.41;86.48;84.03;84.51;1180758
20101209;85.19;85.39;82.65;82.7;1391210
20101210;82.77;83.43;82.51;83.37;799141
20101213;83.58;84.45;83.26;84.05;737104
20101214;83.94;84.1;82.15;82.66;1069492
20101215;82.5;83.14;81.9;81.95;1139086
20101216;82.04;82.52;81.11;82.06;792626
20101217;82.07;83.25;81.78;83.12;1748398
20101220;83.56;84.38;83.32;84.19;798719
20101221;84.56;84.86;83.83;84.74;995490
20101222;85.15;86.18;84.74;85.56;675060
20101223;85.45;86.12;85.37;85.41;513460
20101227;85.23;86.6;84.94;86.59;331080
20101228;86.59;87;86.02;86.89;509656
20101229;86.8;86.8;85.83;86.51;698624
20101230;86.59;86.85;86.4;86.53;548293
20101231;86.53;86.98;86.03;86.1;745803
20110103;86.86;89.32;86.84;89.18;1505478
20110104;89.47;89.58;86.2;86.5;1907208
20110105;86.18;87.42;85.94;87.08;1074707
20110106;87.1;87.36;85.64;85.87;1562379
20110107;86.11;86.73;84.21;84.93;1702432
20110110;84.57;85.09;83.9;84.68;1387274
20110111;84.82;85.54;84.12;84.66;941759
20110112;85.02;86.63;85.01;86.46;1344148
20110113;86.6;87.43;86.21;87.21;991046
20110114;87.43;89.5;87.21;89.47;1646482
20110118;89.23;90.97;89.16;90.58;1386318
20110119;90.41;90.7;89.39;89.63;1517529
20110120;89.55;90.77;89.47;89.95;1464500
20110121;89.99;90.29;89.28;90.29;1188740
20110124;90.33;91.29;89.95;90.52;1068439
20110125;90.11;91.29;89.83;91.26;1150411
20110126;93.62;93.8;91.75;92.33;1157288
20110127;92.99;93.76;92.66;93.72;1216544
20110128;93.61;94.26;92.44;92.71;1117599
20110131;93.03;94.94;93.03;94.37;987313
20110201;94.92;95.12;93.12;93.77;1105259
20110202;93.48;94.26;93.18;93.41;957184
20110203;93.4;94.21;92.88;93.98;816629
20110204;93.87;94.13;92.93;93.34;1047500
20110207;93.76;94.92;93.32;94.69;1201356
20110208;94.76;95.53;94.57;94.87;1196053
20110209;94.32;95;94.18;94.75;1073803
20110210;94.35;95.78;94.35;95.37;1146531
20110211;95.1;96.34;95.06;95.9;1040643
20110214;95.9;96.22;94.56;95.37;653104
20110215;94.83;96.27;94.52;95.47;938044
20110216;95.91;96.59;94.85;95.21;792399
20110217;95.02;95.05;94.39;94.51;804007
20110218;94.25;95.27;94.14;94.99;933429
20110222;94.27;95.77;93.88;94;1392438
20110223;94.13;94.53;92.52;93;1386134
20110224;92.73;93.78;92.06;92.45;1110446
20110225;93.12;94.01;93.04;93.73;1470026
20110228;93.99;96.36;93.96;95.92;1544514
20110301;96.1;96.15;93.4;93.65;1375780
20110302;93.73;93.8;92.08;92.69;1127211
20110303;93.62;94.05;93.24;94.02;1073421
20110304;93.74;94.04;92.23;92.73;771520
20110307;93.06;93.56;91.8;92.34;588773
20110308;92.55;93.82;92.55;93.37;983429
20110309;93.32;94;92.68;93.45;1004859
20110310;92.27;93.02;91.44;91.57;1224323
20110311;91.21;93.48;91.07;93.23;951075
20110314;92.59;92.86;91.97;92.04;1035655
20110315;89.89;93.03;89.82;91.96;1579261
20110316;91.84;92.01;89.93;90.41;1228957
20110317;91.78;91.94;90.73;91.66;827390
20110318;92.91;93.13;91.48;91.52;1537710
20110321;92.56;93.06;91.93;92.38;847249
20110322;92.52;92.96;91.86;92.2;885638
20110323;92.01;92.26;90.01;91;863516
20110324;91.35;91.66;90.24;91.43;1097786
20110325;91.83;92.98;91.52;92.89;959410
20110328;93;93.72;92.88;93.2;1222610
20110329;92.78;93.8;92.4;93.52;1760412
20110330;93.82;94.12;93.3;93.94;1244100
20110331;93.8;94.95;93.57;94.85;777556
20110401;95.53;96.64;95.17;96.54;1571743
20110404;96.52;97.04;96.31;96.63;777118
20110405;96.35;96.98;96.24;96.61;476558
20110406;96.73;97.05;95.8;95.87;797313
20110407;95.84;96.05;94.49;94.85;1079947
20110408;95.41;95.48;93.7;93.91;760574
20110411;94.25;94.92;94.22;94.77;606952
20110412;94.35;95.11;94.19;94.44;950838
20110413;94.73;95.1;93.75;94.06;729983
20110414;93.38;96.23;93.29;95.77;1120092
20110415;95.88;97.16;95.88;97.14;860240
20110418;96.07;96.54;95.61;96.31;877649
20110419;96.33;97.16;95.82;97.16;918279
20110420;98.37;98.37;97.08;98.12;837873
20110421;98.39;98.95;97.51;98.91;781428
20110425;99;100.45;98.63;100.22;844474
20110426;100.66;101.7;99.96;100.95;996733
20110427;101.18;102.27;100.72;101.89;850446
20110428;101.81;104.19;101.62;103.78;1482688
20110429;103.83;104.58;102.68;104.53;1496860
20110502;105.19;105.33;103.47;104.1;1176887
20110503;104.09;105.38;102.36;103.79;1110219
20110504;103.77;105.09;103.05;104.51;1285175
20110505;103.93;105.23;103.66;104.19;1008790
20110506;104.97;105;102.88;103.33;1332475
20110509;103.33;104.25;102.96;103.94;663284
20110510;104;105.74;103.86;105.71;1120422
20110511;105.45;105.62;104.39;104.52;987953
20110512;104.12;104.32;103.33;104;1051997
20110513;104.28;104.28;102.56;103.01;1008138
20110516;102.85;105.14;102.73;104.59;1274374
20110517;104.17;104.73;103.61;104.41;734881
20110518;104.65;105.86;104.02;105.71;612288
20110519;106.18;106.77;105.71;106.29;819796
20110520;106.21;106.45;104.23;104.51;1134676
20110523;103.19;103.96;103.19;103.52;980821
20110524;103.76;104.22;103.01;103.27;730220
20110525;103.09;104.74;102.44;104.1;948664
20110526;103.84;105.97;103.51;105.78;653799
20110527;106.3;106.5;105.15;106.33;548979
20110531;107.01;108.35;106.62;108.35;1235506
20110601;107.68;108.2;104.87;104.98;1392943
20110602;104.47;106;104.47;104.49;1227817
20110603;103.19;105.24;103.19;104.47;1230753
20110606;104.37;105.02;102.95;103.21;1098031
20110607;103.64;105.67;103.28;104.49;1128364
20110608;104.45;105.74;104.18;104.43;1196672
20110609;104.55;104.73;102.45;103.16;1083301
20110610;103.6;103.65;100.5;101.19;1571536
20110613;101.38;102.42;100.83;101.65;1226982
20110614;102.61;103.47;102.33;103.15;1293935
20110615;102.34;102.65;100;101.04;1197852
20110616;101.34;102.82;100.73;102.74;1614120
20110617;103.59;104.51;102.75;103.93;1961183
20110620;103.53;105.96;103.45;105.68;900957
20110621;106.72;106.91;105.7;106.73;1053861
20110622;106.26;107.95;105.92;106.76;1028322
20110623;105.47;105.77;102.71;103.67;1607203
20110624;103.74;104.56;102.27;102.61;2529811
20110627;102.82;104.02;102.5;103.86;1027624
20110628;103.99;104.44;102.97;104.3;990456
20110629;104.95;105.81;104.4;105.71;847571
20110630;105.95;106.5;105.17;106.16;938998
20110701;106;108.2;105.99;107.83;1025342
20110705;107.83;110.24;107.12;109.76;1377597
20110706;109.56;110.91;108.83;110.62;964657
20110707;111.54;111.94;110.84;111.48;936866
20110708;110.1;110.84;109.55;110.75;693374
20110711;109.47;109.88;108.38;108.59;763196
20110712;108.47;110.86;108.31;108.97;1019600
20110713;109.43;110.12;108.43;108.46;715739
20110714;109.01;109.2;107.17;107.97;1151177
20110715;108.44;109.51;107.7;109.46;784723
20110718;108.9;109.17;107.11;108.1;859457
20110719;108.96;111;108.96;110.99;955743
20110720;111.28;111.46;110.05;110.66;839117
20110721;111.55;112.84;111.14;112.36;896236
20110722;112.57;112.78;111.79;112.27;832900
20110725;111.12;111.65;110.38;110.92;929150
20110726;111.08;111.13;109.65;110.37;916851
20110727;110.04;110.1;106.89;106.99;1318660
20110728;107.21;107.96;105.78;107.21;1000634
20110729;106.21;107.78;105.27;107.36;1092137
20110801;108.77;108.98;105.17;105.96;1180710
20110802;105.2;106.81;103.45;103.48;1793647
20110803;103.28;103.43;100.25;103.12;1583511
20110804;101.81;102.15;98.28;98.38;2007255
20110805;99.7;100.27;95.25;96.91;2306918
20110808;94.68;95.14;89.02;89.1;3010949
20110809;90.65;97.16;89.36;97.12;3526615
20110810;94.66;100.35;94;95.66;4294845
20110811;96.73;102.21;95.32;100.31;2883769
20110812;101.24;102.3;99.37;100.17;1421174
20110815;100.76;103.5;100.63;103.26;1587340
20110816;101.64;103.75;100.73;103.02;1406789
20110817;102.96;104.67;102.62;104.09;1408739
20110818;100.39;101.75;98.84;100.04;2151935
20110819;99.02;101.58;98.5;98.78;1747833
20110822;100.83;100.83;97.36;97.99;1526467
20110823;98.1;100.35;97.51;100.31;1152446
20110824;100.38;101.79;98.94;101.12;1723716
20110825;101.41;103.03;98.69;99.53;1335985
20110826;98.35;100.69;96.43;100.6;1068781
20110829;101.85;103.73;101.12;103.64;1213674
20110830;103.71;104.22;101.22;103.47;1061913
20110831;103.9;104.58;102.67;104.29;1577028
20110901;104.32;104.51;102.06;102.44;963895
20110902;99.91;102.45;99.91;101.25;1035794
20110906;98.37;102.69;98.35;101.77;1386569
20110907;102.59;104.36;101.01;104.1;2095647
20110908;103.84;104.72;103.13;103.55;1213124
20110909;102.2;103;99.27;100.26;1278715
20110912;99.05;100.49;98.31;100.45;1263974
20110913;100.64;101.37;99.04;99.74;1991249
20110914;100.53;101.21;98.27;100.56;1601915
20110915;101.41;102.78;100.42;102.76;1283316
20110916;102.84;103.92;101.52;102.5;1753610
20110919;100.58;101.74;99.4;99.52;1256928
20110920;99.82;101.1;99.45;99.61;1034811
20110921;99.94;99.94;94.91;95.05;1755015
20110922;92.58;93.18;91.14;92.55;2379495
20110923;91.59;92.88;91.31;92.42;1772979
20110926;93.03;93.31;90.52;93;1610628
20110927;94.81;95.4;92.61;93.16;1761233
20110928;93.08;93.41;90.63;90.81;1628215
20110929;92.69;93.11;91.18;92.68;1664449
20110930;91.29;92.72;89.02;89.1;2053818
20111003;88.35;90.05;84.64;84.72;2607232
20111004;83.13;86.85;82.32;86.54;2920279
20111005;86.62;86.62;81.52;85.46;2597616
20111006;85.13;87.8;84;87.7;1654936
20111007;87.3;89.3;85.37;85.47;2239278
20111010;87;90.59;87;90.53;1628203
20111011;89.64;90.62;88.51;88.86;1606892
20111012;89.54;91.39;88.68;89.92;1366360
20111013;89.43;90.63;87.63;89.9;1319087
20111014;90.99;92.74;90.69;92.34;1093459
20111017;91.46;92.15;90.2;90.56;1174340
20111018;90.75;93.21;90.29;92.64;1529673
20111019;92.33;93.5;89.85;90.07;1660893
20111020;91.09;91.09;88.48;90.85;1305703
20111021;91.93;93.63;91.26;92.98;1409903
20111024;92.86;95.19;92.54;94.98;1336432
20111025;93.82;94.19;92.73;92.99;1053984
20111026;91.36;94.86;90.14;94.11;1934490
20111027;97.33;99.61;95.67;99.12;1633556
20111028;98.5;100.08;98.04;99.84;1298259
20111031;98.25;99.78;98.02;98.99;1728391
20111101;96.74;98.77;95.63;97.18;2225284
20111102;99.07;99.29;96.14;98.33;1473194
20111103;99.05;99.8;96.87;99.4;1078602
20111104;98.58;99.06;97.08;98.81;886442
20111107;98.57;99.83;97.46;98.9;632443
20111108;99.05;100.64;97.61;100.45;807591
20111109;98.24;99.07;95.43;95.8;1424650
20111110;97.01;97.01;94.51;95.39;1072682
20111111;96.79;98.22;96;98.09;793731
20111114;97.49;97.49;95.13;95.6;850260
20111115;95.47;96.98;94.81;96.39;582901
20111116;95.53;96.91;95.15;95.29;738528
20111117;95.01;95.78;93.27;93.77;1226526
20111118;94.48;95.21;93.21;95.13;922423
20111121;93.56;93.98;92.43;92.5;1257005
20111122;92.47;93.18;91.58;92.13;764646
20111123;91.28;91.31;88.8;88.82;1014523
20111125;88.64;90.84;88.4;89.15;402214
20111128;91.96;92.48;89.44;90.29;1519663
20111129;90.7;91.21;89.5;89.96;981084
20111130;92.3;95.55;91.74;95.38;1741124
20111201;94.94;95.21;93.24;93.57;1070950
20111202;94.43;95.26;93.46;93.73;811113
20111205;94.96;96.44;94.5;95.23;826278
20111206;95.17;95.33;94.1;94.91;520102
20111207;94.67;96.22;93.86;95.87;508694
20111208;95.4;95.44;93.51;93.79;694970
20111209;94.18;96;93.7;95.49;848988
20111212;94.62;94.64;92.58;93.35;873682
20111213;93.73;94.47;91.85;92.54;882705
20111214;92.11;94.52;91.9;93.65;1188866
20111215;94.43;96.07;93.56;95.04;1133395
20111216;95.68;97.22;95.3;95.96;1307076
20111219;96.09;96.85;94.92;95.11;754550
20111220;96.48;98.5;96.15;98.39;822700
20111221;98.37;98.67;97.3;97.9;762105
20111222;98.32;100.53;98.01;100.03;1064601
20111223;100.24;101.14;99.89;101.01;582303
20111227;100.61;102.32;100.31;101.59;663363
20111228;101.1;101.1;98.88;99.07;739964
20111229;99.57;100.21;98.95;100.03;591667
20111230;100.36;100.69;99.6;99.6;544149
20120103;101.74;102.86;100.49;101.32;1260363
20120104;100.69;101.02;99.21;99.33;1438691
20120105;98.83;99.98;98.65;99.5;1046769
20120106;99.42;99.82;98.17;99.22;945563
20120109;99.31;99.71;98.28;98.64;567655
20120110;99.42;100.63;99;99.58;875713
20120111;98.7;100;98.23;99.89;902898
20120112;99.15;99.63;97.82;98.21;994472
20120113;97.62;98.18;96.73;97.49;1324850
20120117;98.56;99.4;98.22;98.7;826936
20120118;98.9;99.65;98.76;99.18;1061238
20120119;99.18;100.08;99.01;99.76;772124
20120120;99.4;99.93;98.12;99.86;1270979
20120123;99.51;101.21;99.51;100.72;959740
20120124;99.74;102.04;99.53;101.95;1063869
20120125;101.75;103.99;101.65;103.75;1036415
20120126;103.96;104.69;103.43;103.68;912520
20120127;103.82;104.67;103.34;104.24;858059
20120130;102.68;103.48;102.17;102.55;995771
20120131;103.13;104.16;102.56;104.05;1490222
20120201;104.24;106.16;104.24;106.14;1323631
20120202;106.11;106.74;105.63;106.21;1316346
20120203;107.34;107.87;106.8;107.57;994889
20120206;107.43;107.53;106.61;107.25;605876
20120207;106.85;107.33;106.01;106.3;734142
20120208;106.83;107.07;105.34;106;794390
20120209;105.99;106.45;104.64;104.74;808729
20120210;104.03;104.67;103.4;103.78;867403
20120213;105;105.14;104.06;104.47;967348
20120214;104.21;104.27;102.39;103.13;930083
20120215;103.43;103.79;102.19;102.78;757160
20120216;102.8;105.02;102.62;104.8;806729
20120217;105.33;105.46;104;104.84;854692
20120221;104.79;104.91;102.63;103.34;626909
20120222;103.08;103.86;101.57;101.76;973097
20120223;101.6;103.18;101.6;103.13;612610
20120224;103.17;103.57;102.19;102.62;571052
20120227;102.17;102.88;100.98;102.42;1332461
20120228;102.66;102.93;101.63;101.81;922151
20120229;101.82;102.31;101.02;101.55;1461861
20120301;101.53;102.58;101.42;102.47;693796
20120302;102.37;102.97;102.15;102.46;513476
20120305;102.38;103.17;101.6;103.02;526193
20120306;102.13;103.38;101.75;102.55;1126286
20120307;102.72;103.13;101.26;103.06;1002132
20120308;103.4;103.4;101.62;101.91;1152828
20120309;101.88;102.73;101.67;102.31;662367
20120312;102.53;104.84;102.38;103.77;1193266
20120313;104.13;105.96;104.03;105.71;1172286
20120314;105.58;106.28;104.87;105.08;858303
20120315;105.33;105.44;104.34;104.74;928290
20120316;104.76;106.36;104.7;105.94;1694341
20120319;105.61;106;104.71;105.17;1317233
20120320;104.29;105.84;104.1;105.08;955173
20120321;105.05;105.32;104.27;104.35;822131
20120322;103.91;103.91;102.42;103.38;786095
20120323;103.47;104.58;102.68;104.01;821516
20120326;105.19;105.24;103.99;104.48;851759
20120327;104.66;104.94;104.08;104.14;844407
20120328;103.77;104.33;102.98;104.33;921762
20120329;103.69;104.14;102.82;103.86;928710
20120330;104.61;105.31;104.32;104.99;1209165
20120402;104.99;105.6;104.66;105.21;1116566
20120403;104.72;105.13;104.37;104.85;732088
20120404;104.24;104.35;103.25;103.61;614222
20120405;103.04;103.49;102.14;102.76;744824
20120409;101.03;101.83;100.78;101.39;806964
20120410;101.35;101.61;98.92;99.03;1153479
20120411;100.02;100.47;99.37;100.45;866346
20120412;100.27;102.01;99.51;102.01;831092
20120413;101.53;101.75;100.19;100.3;1061999
20120416;100.97;102.53;100.87;101.9;891556
20120417;102.2;103.79;101.49;103.64;1106738
20120418;102.81;103.5;102.48;103.08;762927
20120419;103.25;103.57;102.5;103.34;748320
20120420;103.61;105.17;103.5;105.02;1072655
20120423;103.93;104.51;103.47;104.46;1237061
20120424;104.68;106.19;104.49;106.16;1338188
20120425;106.95;106.95;105.9;106.78;1071836
20120426;106.48;107.65;106.19;107.46;782272
20120427;107.55;108.18;106.44;107.8;815690
20120430;107.76;108.3;107.14;108.25;1060640
20120501;108.35;110.17;107.81;109.75;874985
20120502;106.7;109.74;106.7;109.41;1021616
20120503;109.61;109.72;107.85;107.9;1491469
20120504;107.75;108.24;107.39;107.95;1382243
20120507;107.41;108.86;107.33;108.43;881338
20120508;108.06;108.61;107.57;108.34;1091234
20120509;107.46;108.82;107;107.82;886235
20120510;108.97;108.97;107.11;108.2;817202
20120511;107.91;108.51;107.37;108.31;1013713
20120514;107.58;108.48;107.26;107.52;1131742
20120515;107.39;107.67;106.36;106.5;865320
20120516;107.15;107.32;104.8;104.89;1022952
20120517;104.72;105.14;101.66;101.71;1443365
20120518;102.52;102.98;100.47;100.87;1077860
20120521;101.45;103.69;101.17;103.5;900292
20120522;103.57;103.7;102.72;103.28;638531
20120523;102.74;103.84;102.1;103.6;867194
20120524;103.36;104.5;102.95;104.05;711160
20120525;103.88;104.47;103.53;103.85;857548
20120529;104.1;105.6;104.1;105.33;719349
20120530;104.03;104.6;102.63;102.67;895377
20120531;102.98;103.96;101.75;102.93;1225301
20120601;101.2;102.16;100.8;101.31;1193280
20120604;101.56;101.56;99.33;100.27;1006791
20120605;100.34;101.83;99.85;101.59;889771
20120606;102.57;104.13;101.76;104.13;969947
20120607;105.02;105.38;103.24;103.85;606824
20120608;103.51;105.2;103.51;105.2;570548
20120611;105.71;105.85;101.83;101.89;1188788
20120612;102.21;102.41;100.97;102.06;1214784
20120613;101.84;102.73;101.01;101.5;996388
20120614;101.75;103.66;101.46;103.21;655784
20120615;103.72;104.11;102.88;104.03;1085995
20120618;103.96;105.38;103.2;104.94;696395
20120619;105.33;105.98;104.7;105.31;568823
20120620;105.59;106.26;104.84;105.54;898528
20120621;105.78;105.96;103.48;103.64;937121
20120622;104.06;104.21;103.11;103.31;1903252
20120625;102.61;104.46;102.5;104.09;933510
20120626;104.37;104.8;103.36;104.1;654988
20120627;104.14;104.39;103.13;103.85;499669
20120628;103.33;105.05;102.63;104.86;416390
20120629;106.83;108.37;105.99;108.37;986321
20120702;109.23;109.57;108.04;109.57;900772
20120703;109.4;110.31;109.14;110.25;460299
20120705;110;110.44;108.93;109.37;513806
20120706;108.34;110.41;108.22;110.18;609005
20120709;109.89;110.06;109.08;109.63;629094
20120710;109.97;110.2;107.92;108.45;545017
20120711;108.68;109.24;108.2;108.95;719122
20120712;108.26;109.73;107.88;108.9;765581
20120713;109.16;110.62;109.08;110.59;587484
20120716;110.85;110.85;110.11;110.5;594514
20120717;110.69;112.09;109.76;111.95;838091
20120718;111.18;111.86;110.44;111.02;702232
20120719;111.01;111.25;109.18;110.35;779028
20120720;109.45;110.44;108.96;109.93;700122
20120723;108.72;109.35;108.21;109.07;656050
20120724;109.03;109.41;107.52;108.54;589024
20120725;109;109.39;107.71;108.72;570133
20120726;110.09;111.09;109.08;110.11;861846
20120727;110.58;111.67;110.11;110.79;809339
20120730;110.67;111.38;109.94;110.42;790446
20120731;110.23;111.31;110.22;110.9;669384
20120801;111.21;112;110.61;111.2;797408
20120802;110.55;111.9;110.19;111.81;788123
20120803;112.58;113.3;112.16;113;958908
20120806;113.39;113.83;112.57;113.17;1434718
20120807;112.72;113.01;111.34;112.53;764621
20120808;112.27;112.33;110.57;110.79;687090
20120809;110.67;111.89;110.06;110.52;1279032
20120810;110.25;110.92;109.84;110.7;594943
20120813;110.28;111.45;110.28;111;420688
20120814;111.16;111.49;110.28;110.56;503822
20120815;110.57;111.55;110.33;111.34;281017
20120816;111.09;112.16;110.72;111.99;495798
20120817;112.14;112.21;111.39;111.76;449957
20120820;111.51;111.77;110.57;111.34;633613
20120821;111.34;111.61;110.79;111.35;656745
20120822;111.27;111.84;110.19;111.62;652636
20120823;111.57;111.93;111.18;111.58;693300
20120824;111.35;112.2;111.17;111.84;498018
20120827;111.95;112.27;111.06;111.43;412278
20120828;111.12;111.98;110.29;111.85;583976
20120829;112.32;112.32;111.29;111.85;538389
20120830;111.29;111.59;110.95;111.4;547875
20120831;111.84;112.26;111.14;112.13;796940
20120904;112.1;112.82;111.07;112.76;489432
20120905;112.75;112.75;111.67;112.38;473869
20120906;112.87;113.31;112.57;112.95;747727
20120907;113.59;114.51;113.25;114.37;1020530
20120910;114.16;114.16;113.05;113.21;736773
20120911;112.83;113.43;112.29;112.68;810855
20120912;112.9;113.28;112.43;112.76;746288
20120913;112.77;114.83;112.44;114.83;1005928
20120914;116.93;116.94;115.17;116.07;1044748
20120917;116.24;117;115.51;115.87;517633
20120918;115.58;115.68;114.64;114.95;452444
20120919;115.05;115.36;113.66;113.66;630285
20120920;113.6;113.75;112.18;112.54;912156
20120921;112.97;113.99;112.63;113.54;1669439
20120924;113.1;114.44;112.49;112.57;996430
20120925;112.82;112.91;110.8;110.82;749141
20120926;110.57;111.18;110.22;110.4;820641
20120927;110.7;112.23;110.56;111.39;828035
20120928;110.79;111.19;110.32;110.61;910819
20121001;110.67;111.06;108.62;109.44;1086347
20121002;109.78;110.37;109.01;109.78;696919
20121003;110.03;111.56;109.9;110.49;604591
20121004;110.85;111.17;109.66;109.88;509346
20121005;110.3;110.86;109.72;110.15;329077
20121008;110.11;110.26;109.78;110.02;355930
20121009;110.06;110.94;109.5;109.58;420934
20121010;109.77;109.89;108.86;109.5;463705
20121011;110.14;110.55;109.45;109.45;363118
20121012;109.43;110.26;108.67;108.98;468752
20121015;108.97;109.92;108.47;109.87;425992
20121016;110.26;110.99;109.87;110.28;459856
20121017;109.94;110.44;109.18;110.13;632084
20121018;110;111.46;109.93;111.46;676275
20121019;110.9;111.31;109.27;109.53;950405
20121022;109.37;109.51;108.24;109.29;791054
20121023;108.04;108.29;107.32;107.69;852322
20121024;106.86;108.71;106.86;107.71;1314840
20121025;108.82;109.7;106.78;107.35;1107249
20121026;107.25;107.25;105.75;106.53;1078034
20121031;107.84;107.84;105.41;106.3;1048873
20121101;106.45;107.29;105.87;107.16;789749
20121102;107.52;108;107.13;107.22;638574
20121105;107.72;107.72;105.78;106.39;814643
20121106;106.64;107.19;105.88;107.05;815033
20121107;106.23;107;105.89;106.08;758296
20121108;105.52;105.79;103.46;103.69;1102494
20121109;103.37;104.1;103.02;103.1;739739
20121112;103.18;103.22;102.4;102.48;625121
20121113;102.09;103.02;101.5;101.61;2059061
20121114;101.75;101.99;99.85;100.06;1582801
20121115;100.2;100.82;99.23;100.03;961444
20121116;100.27;101.14;99.32;100.85;708215
20121119;101.31;102.23;101.21;101.88;767398
20121120;101.66;102.26;100.96;102.25;472089
20121121;102.27;102.73;101.22;101.67;595128
20121123;102.35;103.06;101.67;103.06;304242
20121126;102.3;103.49;101.98;102.61;978650
20121127;102.11;103.1;101.13;101.64;1464511
20121128;101.55;101.83;100.68;101.45;1213948
20121129;101.92;102.51;101.15;102.19;594267
20121130;102.19;103.01;102.13;102.63;942230
20121203;102.97;103.61;102.21;102.59;632919
20121204;102.42;103.57;102.14;102.53;627087
20121205;102.72;102.86;101.96;102.56;724964
20121206;102.89;104.43;102.89;104.23;897525
20121207;104.25;105.44;104.01;105.4;1010745
20121210;105.04;105.35;104.48;104.99;675347
20121211;105.22;105.42;104.74;104.88;1103890
20121212;104.66;104.83;103.43;104.27;750452
20121213;104.05;104.27;103.47;103.75;666638
20121214;103.51;104.4;103.51;103.98;765163
20121217;104.43;104.9;104.08;104.84;821189
20121218;104.92;105.69;104.67;105.4;1138079
20121219;105.57;105.67;104.76;105.2;1022415
20121220;105.27;106.7;105.02;106.67;903579
20121221;105.89;106.87;105.59;105.7;1400645
20121224;105.47;106.32;105.1;105.99;253953
20121226;106.11;106.11;105.06;105.62;535478
20121227;105.43;105.93;104.23;105.67;690392
20121228;105.04;106.16;104.85;104.94;553794
20121231;104.7;105.84;104.53;105.81;810092
20130102;106.76;107.22;105.9;106.65;1029676
20130103;106.8;107.4;106.52;106.78;732803
20130104;106.7;107.66;106.7;107.47;649914
20130107;107.03;108.32;106.93;108.26;807321
20130108;107.91;108.16;107.04;107.33;591471
20130109;107.45;107.73;107.33;107.56;532683
20130110;107.87;107.87;107;107.4;780434
20130111;107.55;107.7;106.88;107;688656
20130114;107.12;107.51;107.06;107.36;489129
20130115;107.23;108.89;107.05;108.7;729162
20130116;108.19;108.26;106.71;107.59;794701
20130117;107.69;107.94;107.09;107.12;673841
20130118;107.19;107.87;107.06;107.83;1181767
20130122;107.5;108.94;107.47;108.92;633851
20130123;108.59;109.08;108.38;108.76;496712
20130124;108.9;109.38;108.4;109;492153
20130125;109.25;109.65;108.86;109.46;564105
20130128;109.46;109.49;108.42;108.83;735828
20130129;108.96;109.36;108.43;108.85;644291
20130130;108.58;109.24;106.04;106.51;1793342
20130131;106.52;106.9;105.13;105.28;1339849
20130201;105.61;106.31;105.02;105.1;1308309
20130204;104.45;105.85;104.14;104.5;874997
20130205;105.09;105.11;103.79;104.02;980064
20130206;103.57;104.35;103.57;104.23;652904
20130207;104.55;104.89;104.02;104.18;880097
20130208;104.28;105.25;104.18;105.14;1054116
20130211;104.95;105.31;104.61;105.29;1174242
20130212;105.54;107.06;105.48;107.03;805054
20130213;107.12;107.35;106.72;107.18;910560
20130214;106.76;107.36;106.27;107.35;970096
20130215;107.23;107.28;106.53;107.21;1307872
20130219;107.19;107.84;106.49;107.35;974855
20130220;107.26;107.77;106.5;106.52;679891
20130221;106.1;106.58;105.07;105.46;929368
20130222;105.89;106.57;105.59;106.27;544676
20130225;106.69;106.92;104;104.01;641167
20130226;104.53;105.18;103.54;104.2;932548
20130227;104.07;104.63;103.8;103.9;943478
20130228;104.05;104.68;103;103.88;2099897
20130301;103.57;104.3;102.18;103.52;1860107
20130304;103.48;104.75;103.05;104.47;716551
20130305;104.93;105.55;104.51;105.25;510318
20130306;105.65;105.65;104.48;104.83;381669
20130307;104.88;105.33;103.77;103.83;888761
20130308;104.42;104.42;102.65;102.89;951187
20130311;102.81;104.06;102.68;104.04;926671
20130312;104.02;104.84;103.45;104.78;1049259
20130313;104.81;105.08;104.46;104.92;777667
20130314;105.04;105.9;104.9;105.67;863954
20130315;105.25;105.4;104.41;105.25;1260679
20130318;104.54;105.2;104;104.71;1344543
20130319;104.59;104.88;102.5;102.81;1309407
20130320;103.13;103.27;101.67;101.85;1548180
20130321;101.41;101.93;100.66;100.71;1376300
20130322;100.95;101.52;100.78;100.98;1105787
20130325;101.35;101.76;100.62;100.89;1422897
20130326;100.68;101.1;100.36;100.66;900884
20130327;100.18;100.79;99.85;100.33;866060
20130328;100.3;101.47;99.93;101.06;1692318
20130401;100.86;101.64;100;100.5;782520
20130402;100.99;102.36;100.93;102.14;1182300
20130403;102.48;103.42;101.77;103.27;1162127
20130404;103.51;105.62;103.44;105.51;1809272
20130405;104.62;106.5;104.11;106.25;1200139
20130408;106.18;107.78;105.27;107.73;870773
20130409;107.6;108.84;106.05;108.32;1703490
20130410;108.76;110.13;108.4;109.87;1481528
20130411;109.79;110.84;109.79;110.51;1543523
20130412;110.39;110.9;109.98;110.36;999764
20130415;109.56;110;108.07;108.16;1936757
20130416;109.99;110.1;108.41;109.53;1259728
20130417;109.09;109.54;108.07;109.29;1100007
20130418;109.31;109.6;108.37;109.08;1057828
20130419;109.5;110.08;108.96;109.8;1186953
20130422;109.9;109.98;108.72;108.86;1160400
20130423;109.35;109.42;107.57;108.42;1433848
20130424;108.7;109.16;107.99;108.38;1256715
20130425;108.41;108.68;107.76;108.05;1063196
20130426;107.84;108.45;107.64;107.77;838103
20130429;107.77;109.22;107.68;109.15;730138
20130430;108.83;109.56;108.03;109.43;1527191
20130501;108.88;109.34;108.02;108.71;915551
20130502;108.9;109.63;108.56;109.06;651152
20130503;109.65;109.65;108.43;108.58;1185887
20130506;108.86;109.36;108.65;109.21;1035210
20130507;109.13;110.34;108.56;110.3;1233325
20130508;109.93;110.81;109.18;110.81;1365531
20130509;110.55;110.79;109.87;110.04;1066638
20130510;110.28;111.27;109.6;111.23;1133254
20130513;110.74;111.32;110.46;110.91;1011390
20130514;111.07;111.22;110.12;110.5;1229799
20130515;110.73;111.82;110.22;111.73;1074616
20130516;111.35;112.17;110.83;111.34;784162
20130517;111.51;112.44;111.28;112.43;1151001
20130520;112.34;113.76;112.07;113.7;1014400
20130521;114.15;114.87;113.62;114.59;1153688
20130522;114.68;115.85;112.27;112.99;1498819
20130523;112.03;112.9;111.04;112.62;1736453
20130524;111.95;112.75;111.01;112.44;955728
20130528;113.36;113.62;110.55;111.15;1366667
20130529;110.93;111.18;108.37;109.58;1471700
20130530;109.58;110.02;108.22;108.31;1226519
20130531;108.28;108.9;106.55;106.58;1549293
20130603;106.88;108.67;106.18;108.49;1683764
20130604;108.68;109.75;108.56;108.96;1267317
20130605;108.63;109.05;107.4;107.85;959481
20130606;108.07;109.65;107.18;109.58;876292
20130607;109.85;110.49;108.12;109.81;814138
20130610;110;110.45;108.93;109.32;844603
20130611;108.39;108.63;106.79;106.9;1403361
20130612;107.41;107.71;106.31;106.52;1342149
20130613;106.66;111.32;106.26;110.78;1225962
20130614;110.78;113.19;109.79;110.09;1184356
20130617;110.81;111.52;110.19;111.23;1177126
20130618;111.16;111.92;110.44;111.2;961331
20130619;111.23;111.68;107.24;107.51;924235
20130620;106.79;106.96;99.81;100.58;2501802
20130621;101.47;102.94;99.71;101.94;1823873
20130624;100.43;104.9;99.59;102.63;1484579
20130625;103.62;103.9;101.86;102.66;1236627
20130626;103.08;104.35;102.76;103.91;1302926
20130627;104.45;106.62;104.44;106.48;1164615
20130628;106.3;106.9;105.37;105.47;1079778
20130701;106.27;106.36;104.53;104.76;651607
20130702;104.1;106.83;104.05;106.09;813352
20130703;105.43;106.26;104.44;104.93;539901
20130705;105.66;105.84;103.15;105.18;743633
20130708;105.3;106.42;105;105.47;1128237
20130709;105.96;107.75;105.89;107.31;851898
20130710;107.03;107.28;105.87;106.86;740270
20130711;107.85;111.13;107.85;110.69;1171141
20130712;110.91;111.44;109.21;110.36;1178530
20130715;110;110;108.25;109.7;856048
20130716;109.66;110.19;108.9;109.5;835313
20130717;109.77;109.96;108.57;109.05;1004421
20130718;109.52;110.53;109.16;110.51;548519
20130719;110.46;110.69;109.39;110.11;671072
20130722;110.09;111.62;109.88;111.35;654826
20130723;111.51;111.82;110.5;111;487320
20130724;111.07;111.41;108.48;109.03;1032715
20130725;108.4;109.37;108.07;108.55;857015
20130726;108.34;109.78;107.83;109.75;535814
20130729;109.44;109.84;108.47;108.97;379659
20130730;109.42;110.25;108.46;108.72;747197
20130731;108.74;109.9;103.82;106.95;1628526
20130801;106.92;107.46;104.4;105;871298
20130802;105.01;105.33;103.82;103.97;715892
20130805;103.79;104.45;103.41;103.99;420464
20130806;103.26;104.44;103.13;103.92;711536
20130807;103.75;103.92;102.25;102.65;1251665
20130808;103.1;103.21;102.16;103;847025
20130809;103.07;105.3;102.61;105.09;926912
20130812;104.78;105.2;103.31;103.83;1003497
20130813;103.72;103.93;102.07;103.11;1123187
20130814;103.11;103.5;102.53;103.41;727686
20130815;102.76;103.28;100.82;101.75;1327477
20130816;101.39;101.84;98.29;99.46;1701921
20130819;99.45;99.91;98.21;98.27;964909
20130820;98.46;101.92;98.46;101.55;1198645
20130821;101.2;102.35;99.8;100.8;750141
20130822;100.92;101.67;100.48;101.44;716860
20130823;101.55;103.36;101.18;103.29;632902
20130826;103.57;104.45;103.2;103.96;774025
20130827;102.84;103.62;102.52;103.41;601128
20130828;103.35;103.49;102.31;102.75;599272
20130829;102.05;102.46;101.26;102.39;683520
20130830;102.52;103.08;102.1;102.5;1062868
20130903;103.1;103.28;100.79;101.68;1258801
20130904;101.83;103.26;101.33;102.98;965242
20130905;103.33;103.45;102.2;102.48;1092312
20130906;103.55;105.47;103.35;104.81;1015550
20130909;104.75;105.79;104.66;105.79;906817
20130910;106.25;106.68;105.4;106.62;729018
20130911;106.39;107.04;106.06;106.96;669696
20130912;106.68;107.24;104.19;104.6;810486
20130913;104.69;105.31;104.4;104.8;464191
20130916;106.65;107.16;105.36;105.86;448266
20130917;105.82;106.81;105.28;105.7;398034
20130918;105.62;111.03;104.7;110.89;1427090
20130919;110.8;112.93;110.69;111.12;1180990
20130920;111.1;111.1;108.95;109.36;1387559
20130923;108.94;110.38;108.35;109.43;999466
20130924;109.12;109.64;107.08;107.2;911977
20130925;107.13;108.37;105.57;106.31;1131136
20130926;106.01;106.84;105.74;106.74;591846
20130927;106.42;107.45;106.16;107.09;827184
20130930;106.68;107.97;106.28;106.9;994228
20131001;107.06;108.91;106.4;107.74;1242667
20131002;106.52;107.65;105.87;107.56;1049256
20131003;107.47;107.55;105.35;106.7;794451
20131004;106.94;107.83;105.77;106.48;584460
20131007;105.68;106.97;105.44;105.55;633777
20131008;104.82;104.98;103.33;103.55;1316596
20131009;103.82;104.67;103.19;103.44;755590
20131010;104.21;105.49;103.81;105.35;1317511
20131011;105.51;107.33;105.01;107.28;805850
20131014;106.81;107.5;106.1;107.22;664480
20131015;106.52;108.08;106.52;106.98;429401
20131016;107.32;108.91;106.86;108.45;733928
20131017;108.02;109.58;107.82;109.18;682333
20131018;108.83;109.35;107.3;108.82;960433
20131021;108.65;108.65;106.52;106.98;977896
20131022;107.55;109.69;107.55;109.37;1218719
20131023;109.12;109.59;107.87;108.4;697263
20131024;108.4;108.75;107.32;107.38;865327
20131025;107.26;109.67;107.24;109.64;991900
20131028;109.81;109.83;106.95;107.39;719297
20131029;107.38;108.05;106.28;107.96;1033967
20131030;106.87;106.87;103.63;105.06;1528145
20131031;105;105.64;102.88;103.5;1305451
20131101;103.96;104.6;102.99;104.42;800757
20131104;104.46;104.99;103.42;103.78;935067
20131105;103.4;103.6;102;102.15;858561
20131106;102.29;102.79;101.93;102.15;697856
20131107;102.45;102.69;101.12;101.23;793863
20131108;100.86;100.87;98.71;100.33;1060933
20131111;100.66;101.73;100.66;100.96;495343
20131112;100.73;101.1;99.94;100.65;852718
20131113;100.39;101.37;100.06;101.32;626418
20131114;101.61;102.4;101.2;101.58;700583
20131115;101.47;103.12;101.47;103.03;1185275
20131118;103.7;103.97;102.13;102.49;703591
20131119;102.57;103.72;101.62;103.41;767916
20131120;103.31;104.26;101.25;101.88;881045
20131121;101.76;102.68;101.25;102.36;722474
20131122;102.36;102.76;101.04;101.69;689738
20131125;101.71;102.28;101.2;101.62;581266
20131126;101.62;101.8;100.64;100.66;592688
20131127;100.74;101.76;100.09;101.62;603299
20131129;101.95;102.05;99.36;99.49;493860
20131202;99.85;101.16;99.51;99.84;1161146
20131203;99.24;100.01;98.9;99.49;1108576
20131204;98.61;100.72;98.52;99.78;810799
20131205;99.39;100.4;98.42;100.04;1091009
20131206;100.93;101.42;99.94;100.73;912033
20131209;100.96;102;100.48;102;876296
20131210;101.7;102.96;101.38;102.23;987825
20131211;102.09;102.09;99.6;99.66;1247541
20131212;99.77;99.83;98.83;99.13;947127
20131213;99.62;100.37;98.18;98.46;883769
20131216;98.59;99.24;98.04;98.97;733039
20131217;99.26;101.16;98.88;101.11;995370
20131218;101.37;103.21;99.74;103;1012391
20131219;103.1;103.1;101.57;102.15;1167846
20131220;101.96;103.62;101.81;103.5;1475440
20131223;103.96;105.22;103.37;103.71;790776
20131224;103.51;104.03;102.57;103.42;373939
20131226;103.89;104.24;102.83;104;608133
20131227;101.07;101.5;99.8;100.4;653314
20131230;100.54;101.3;100.25;101.11;502052
20131231;101.15;101.62;99.89;100.37;896750
20140102;100.22;101.36;99.55;100.39;894806
20140103;100.73;102.7;100.07;101.59;686808
20140106;101.84;103.21;101.7;102.72;981036
20140107;102.71;103.83;102.13;103.38;1127750
20140108;103.51;104.01;102.34;102.69;908933
20140109;102.93;102.93;101.74;102.74;934108
20140110;103.15;104.98;102.75;104.44;929047
20140113;104.06;104.94;103.16;103.6;768953
20140114;104.05;104.99;103.6;104.56;970353
20140115;104.25;105.35;104.25;105.19;913830
20140116;104.88;105.66;104.68;104.87;553816
20140117;105.12;105.24;104.14;104.74;991818
20140121;105.1;106.93;105.1;106.21;976695
20140122;106.57;107.81;106.41;107.29;705838
20140123;106.26;107.12;105.94;106.9;662842
20140124;106.75;106.85;104.89;104.89;836412
20140127;104.95;105.63;103.93;104.31;809805
20140128;104.36;105.99;104.36;105.32;762524
20140129;104.86;106.84;104.19;105.8;1056758
20140130;106.53;108.34;106.48;108;872372
20140131;107.03;108.63;106.64;108.09;1013612
20140203;107.93;108.42;105.82;106.06;830066
20140204;106.67;107.94;105.94;107.74;959612
20140205;107.58;107.72;106.19;106.73;717384
20140206;106.98;108.66;106.77;108.49;953613
20140207;108.92;109.99;107.92;109.18;1104424
20140210;109.15;110.24;108.41;109.92;738073
20140211;109.68;110.38;109.32;109.64;990118
20140212;109.72;110.29;109.03;110.13;503585
20140213;109.47;111.24;109.47;110.11;726698
20140214;110.21;111.23;109.74;110.96;369946
20140218;110.77;111.35;109.85;111.32;690085
20140219;110.93;111.97;110.48;110.84;515092
20140220;110.86;111.74;110.04;110.66;655280
20140221;110.7;111.69;110.3;110.91;582866
20140224;110.91;111.54;110.6;110.63;694479
20140225;110.67;112.72;110.25;112.1;836686
20140226;112.58;112.94;110.98;111.4;625153
20140227;111.36;112.25;109.73;110.93;717787
20140228;110.79;112.96;110.59;112.43;1084637
20140303;111.98;112.84;110.98;112.17;639721
20140304;113;114.06;112.56;113.59;938657
20140305;113.47;113.67;111.16;112.99;903664
20140306;113.46;113.46;111.61;112.44;764389
20140307;112.44;112.44;110.17;110.94;903709
20140310;110.85;111.06;109.94;110.68;688365
20140311;111.48;113.72;111.23;112.91;1205644
20140312;112.17;113;111.43;111.57;820156
20140313;111.87;111.9;110.77;111.65;639530
20140314;111.59;112.79;111.4;111.85;487139
20140317;112.3;113;111.67;112.19;645367
20140318;112.24;113.29;111.87;113.21;592370
20140319;113.38;114.44;111.37;112;1119700
20140320;111.45;112.88;110.49;112.84;891667
20140321;113.87;114.59;112.67;113.95;1095025
20140324;113.97;114.14;112.18;113.16;745761
20140325;113.61;114.05;112.88;113.64;482235
20140326;113.8;113.92;112.17;112.34;955014
20140327;111.63;113.11;111.39;113.04;779465
20140328;113.38;114.19;113.38;113.89;522607
20140331;114.2;115.2;113.2;114.53;685015
20140401;114.58;115.76;113.82;115.71;884093
20140402;115.36;116.25;114.9;115.5;787238
20140403;115.69;115.92;114.84;115.5;612552
20140404;114.79;117;114.79;116.31;782712
20140407;116.2;117.45;115.64;116.57;1302989
20140408;116.57;117.41;115.97;117.26;719736
20140409;117.28;117.49;116.01;116.26;969201
20140410;116.61;117.28;114.23;114.45;965159
20140411;113.96;116;113.86;115.35;1291038
20140414;115.84;116.47;114.24;115.44;775579
20140415;115.48;117.07;115.35;116.79;1086839
20140416;117.11;117.55;115.89;116.89;1182452
20140417;116.54;117.49;116.2;117.43;690672
20140421;118;118.24;117.12;117.59;677120
20140422;117.33;118.26;117.06;118.01;618927
20140423;118.02;118.5;116.96;117.37;835163
20140424;117.52;118.36;117.02;118.22;583394
20140425;118.12;118.38;116.98;117.37;455176
20140428;118.1;118.46;117.11;118.3;673287
20140429;118.32;118.41;117.22;117.53;600069
20140430;118.29;118.98;116.56;117.14;1110390
20140501;117.33;118.37;116.47;118.23;813810
20140502;117.93;118.97;117.2;117.85;1194639
20140505;117.49;118.17;117.23;117.8;711853
20140506;117.63;117.9;116.91;117.06;854245
20140507;117.74;118.94;117.22;118.7;688598
20140508;118.66;119.5;118.52;119.06;495969
20140509;119.66;120.16;118.64;119.43;683363
20140512;119.53;119.99;119.06;119.79;583569
20140513;120;120.54;118.3;118.76;585302
20140514;118.94;119.11;117.93;118.78;493607
20140515;118.68;119.2;117.6;119.17;865166
20140516;118.7;120.18;118.23;120.14;757484
20140519;119.88;120.2;118.7;120;776093
20140520;119.74;120.33;119.45;119.8;826641
20140521;120.9;121.05;119.09;119.15;505374
20140522;119.13;119.41;118.06;118.26;446806
20140523;118.67;119.27;118.36;118.91;676429
20140527;119;120.44;118.83;120.43;600229
20140528;120.13;120.13;118.45;119.3;464981
20140529;119.21;119.6;118.78;119.48;377855
20140530;119.54;120.68;119.51;120.68;1143044
20140602;120.47;121.43;120.2;120.9;507255
20140603;120.59;120.81;119.83;119.99;416594
20140604;119.73;120.62;119.18;120.31;529537
20140605;120.35;122.03;119.98;121.95;769449
20140606;121.94;122;121.3;121.9;668597
20140609;121.9;122.4;119.19;119.74;838050
20140610;119.4;119.91;117.71;117.95;905121
20140611;117.88;118.14;116.77;117;938184
20140612;113.62;117.04;113.62;116.25;1363738
20140613;116.62;117.25;115.72;116.81;1082037
20140616;116.98;117.47;115.64;116;878766
20140617;115.59;115.64;114.4;114.99;1095851
20140618;115.23;117.19;114.66;116.95;845724
20140619;117.19;118.07;116.64;118.03;856286
20140620;118.15;118.56;117.15;118.39;1021413
20140623;118.24;118.88;117.9;118.25;698046
20140624;118.02;118.74;117.54;118.74;979912
20140625;118.32;118.88;117.83;118.32;798599
20140626;117.45;117.69;116.86;117.31;656346
20140627;117.38;118.53;116.98;118.53;845825
20140630;118.23;118.59;117.33;118.18;695050
20140701;118.35;119.12;117.64;118.52;767098
20140702;118.17;118.61;117.59;117.94;630372
20140703;117.81;117.99;116.97;117.38;728188
20140707;117.53;118.8;117.11;118.56;1041249
20140708;118.53;118.9;118.19;118.6;526312
20140709;118.69;118.9;117.74;118.63;474881
20140710;117.93;120.19;117.93;119.69;736846
20140711;119.69;119.69;118.91;119.42;458511
20140714;119.52;120.44;119.19;120.37;660692
20140715;120.39;120.72;119.65;120.45;415030
20140716;120.55;121.17;120.24;120.79;418119
20140717;120.7;121.11;120.19;120.32;559970
20140718;120.7;121.84;120.45;121.69;543899
20140721;121.2;121.6;120.88;121;473843
20140722;121.55;121.9;121.35;121.68;659942
20140723;121.85;121.85;121.06;121.21;531386
20140724;121.54;121.79;120.72;121.29;601374
20140725;120.8;121.25;119.79;120.08;655197
20140728;120.47;122;120.37;121.45;604505
20140729;121.26;121.35;119.88;120.51;568660
20140730;120.35;121.91;120.25;120.98;700405
20140731;120.71;121.29;119.38;119.45;715228
20140801;119.52;120.07;118.72;118.78;518871
20140804;118.82;120.24;118.08;119.82;542559
20140805;119.18;119.64;117.76;118.31;710571
20140806;118.21;119.23;118.07;118.96;637102
20140807;119.17;119.8;118.43;118.67;456286
20140808;119.8;120.12;118.46;120.05;515613
20140811;120.61;121.38;120.16;120.65;482450
20140812;120.51;120.97;120.1;120.51;360943
20140813;120.75;122.18;120.54;121.48;454031
20140814;121.77;122;120.87;120.93;450121
20140815;121.34;121.66;120.31;120.54;598352
20140818;121.24;122.5;120.89;122.42;533919
20140819;122.55;123.15;121.79;122.94;381808
20140820;122.58;123.8;121.89;123.41;405639
20140821;123.41;124.04;122.71;122.99;470515
20140822;122.85;123.34;121.22;121.98;334999
20140825;122.72;122.72;120.83;121.38;422707
20140826;121.36;121.96;121.04;121.14;454233
20140827;121.35;122.22;121.18;121.49;449575
20140828;121.29;121.67;120.73;121.07;437890
20140829;121.27;121.52;120.67;121.42;814905
20140902;121.27;121.89;121.03;121.23;565332
20140903;121.73;122.3;121.23;121.85;520556
20140904;121.77;122.37;120.31;120.67;624065
20140905;120.78;122.89;120.78;122.79;570965
20140908;122.91;123.33;122.23;122.66;318482
20140909;122.33;122.82;121.11;121.4;357937
20140910;120.98;121.04;118.9;119.05;602914
20140911;118.91;119.59;118.53;119.28;452820
20140912;119;119.01;114.55;115.3;1078911
20140915;115.55;116.05;114.16;114.86;686274
20140916;114.99;116.77;114.44;116.31;781424
20140917;117.26;118.67;117.09;117.94;1114107
20140918;118.93;118.93;117.04;117.36;749276
20140919;117.99;117.99;116.99;117.21;984550
20140922;116.8;117.57;116.39;116.48;535579
20140923;116.18;116.62;115.3;115.46;738974
20140924;115.27;117.03;114.89;115.11;847807
20140925;115.41;115.53;113.61;113.66;1378954
20140926;112.84;115.67;112.75;115.25;984538
20140929;115.67;115.89;114.32;115.87;1054633
20140930;115.9;116.31;114.86;115.76;1036530
20141001;115.44;117.03;115.31;115.98;988184
20141002;115.76;116.57;115.44;115.99;829495
20141003;116.33;116.82;115.6;116.44;878161
20141006;116.54;117.17;115.89;116.35;624339
20141007;115.9;116.71;115.06;115.1;916654
20141008;115.59;118.62;115.3;118.59;1397357
20141009;118.5;119.85;118.08;118.78;1213953
20141010;119.14;120.71;119.04;119.34;818369
20141013;119.03;120.79;119.03;119.3;739494
20141014;119.67;122.31;119.3;120.67;947525
20141015;120.26;121.03;118.11;119.48;1443135
20141016;118.51;119.37;117.46;118.44;1239136
20141017;118.89;119.8;117.57;119.56;1167486
20141020;119.68;120.94;119.37;120.92;594378
20141021;121.29;122.16;120.44;122.11;829877
20141022;122.3;122.8;121.62;121.77;792154
20141023;122.2;122.69;121.45;121.9;1057912
20141024;121.92;122.45;121.33;121.85;755329
20141027;122;123.02;121.41;122.9;841902
20141028;122.85;123.12;121.91;123.12;789500
20141029;124.63;125.57;122.88;124.74;1320898
20141030;124.14;125.6;123.88;125.57;859591
20141031;126;126.92;125.43;126.75;1159020
20141103;127.07;128.69;126.61;128.69;1484610
20141104;128.81;129.33;127.97;129.03;943902
20141105;129.19;129.61;128.01;128.85;803969
20141106;128.94;129.39;127.68;127.92;1173690
20141107;127.75;128.31;126.76;127.82;1416803
20141110;127.67;128.41;127.4;128.29;722300
20141111;128.47;128.52;127.05;127.64;643340
20141112;128.29;128.3;126.47;126.8;775962
20141113;126.81;127.94;126.38;127.84;847430
20141114;127.64;128.11;126.04;126.34;624313
20141117;126.58;127.24;126.24;126.43;721757
20141118;126.69;127.9;126.26;127.77;849219
20141119;127.43;128.83;127.07;127.91;1046907
20141120;127.08;127.88;126.45;127.01;846060
20141121;127.74;128.39;127.27;128.38;1665321
20141124;128.83;128.98;127.91;128.37;707042
20141125;128.25;129.1;127.81;128.54;949298
20141126;128.73;129.64;128.48;129.22;823047
20141128;129.58;131.15;128.85;129.64;484408
20141201;129.48;130.73;129.18;129.98;951788
20141202;129.91;131.72;129.14;131.49;808160
20141203;131.25;131.43;130.34;131.08;1191358
20141204;131.25;131.79;130.41;131.52;872390
20141205;131.07;131.45;129.32;131.39;772546
20141208;131.63;132.83;131.35;131.82;885011
20141209;130.98;133.69;130.98;133.16;850575
20141210;132.74;133.48;132.16;132.99;811763
20141211;133.51;133.57;131.57;131.77;1017971
20141212;131.37;132.24;130.61;130.65;687040
20141215;131.09;131.26;128.69;128.93;1231788
20141216;128.96;130.73;128.35;128.82;1004040
20141217;129.23;132.18;128.82;131.99;781586
20141218;132.98;134.12;132.14;134.1;859633
20141219;134.79;134.84;132.66;133.71;1392750
20141222;134.04;135.84;133.71;135.77;743205
20141223;135.84;136.54;135.38;136.28;797569
20141224;136.56;137.15;134.92;135.18;360519
20141226;135.16;136.03;135.12;135.29;528327
20141229;131.25;131.55;129.9;130.75;704629
20141230;130.95;131.93;130.12;131.02;550352
20141231;131.57;132.37;128.49;128.69;1107513
20150102;129.34;131.46;129.29;131.26;612110
20150105;131.85;132.68;131.06;132.45;891608
20150106;132.91;135.24;132.73;135.02;1636602
20150107;135.44;137.04;134.33;136.53;999297
20150108;137.01;137.88;136.14;137.08;937406
20150109;137.38;138.52;136.36;137.77;664934
20150112;138.07;138.69;137.66;138.34;740019
20150113;138.78;139.78;137.18;138.04;613464
20150114;137.43;139.77;136.39;139.66;1043889
20150115;139.71;140.33;139.1;139.97;618650
20150116;139.88;141.33;139.07;141.09;731428
20150120;141.58;141.86;140.07;140.52;884442
20150121;140.03;140.96;139.56;140.52;566991
20150122;140.9;143.41;140.63;143.16;864092
20150123;143;143.2;142.04;142.67;523332
20150126;142.3;144.27;142;144.23;536761
20150127;143.68;145.1;143.56;144.22;698046
20150128;144.71;146.07;142.98;142.98;841619
20150129;143.32;143.97;142.01;143.44;741996
20150130;142.69;144.07;138.8;138.8;1632994
20150202;139.45;140.39;136.97;140.21;1535606
20150203;139.53;141.91;139.01;141.81;747140
20150204;141.58;142.19;140.1;141.13;892146
20150205;142;143.93;141.58;143.79;711414
20150206;143.45;143.5;140.27;140.95;1007628
20150209;140.45;141.44;140.08;140.19;595643
20150210;140.97;142.24;139.73;142.22;1226435
20150211;142.45;142.86;139.91;140.92;831564
20150212;141.35;142.71;140.09;142.66;865610
20150213;142.3;142.36;140.25;141.08;529936
20150217;140.92;141.71;139.78;140.25;705486
20150218;140.17;141.86;139.28;141.78;826279
20150219;141.19;141.19;138.09;138.47;920657
20150220;138.19;140.12;137.84;139.37;834176
20150223;140.13;140.93;139.03;140.93;858295
20150224;140.2;140.64;137.51;138.26;606864
20150225;138.59;139.66;137.47;137.66;785856
20150226;137.45;137.77;136.13;136.23;886333
20150227;136.37;137.84;135.57;137.41;774273
20150302;137.74;139.89;137.7;138.76;792830
20150303;138.69;139.33;137.59;138.75;586906
20150304;138.6;138.66;136.96;137.3;792400
20150305;137.9;139.95;137.9;139.03;810122
20150306;135.74;137.2;133.64;133.82;1181259
20150309;134.26;135.25;133.86;134.94;730711
20150310;134.82;135.73;134.53;134.75;777900
20150311;135.09;135.5;134.28;134.58;672391
20150312;135.49;137.64;135.41;137.34;839318
20150313;136.71;137.83;135.59;135.98;1046403
20150316;136.86;138.71;136.61;137.25;1044034
20150317;136.68;137.86;136.4;137.51;563754
20150318;137.17;141.73;137.08;141.13;906676
20150319;140.99;141.9;140.26;141.15;691153
20150320;141.02;144.96;141;144.73;1057116
20150323;144.4;145.9;143.75;144.74;775753
20150324;144.32;145.18;143.44;143.98;619115
20150325;143.99;144.71;140.84;141.16;957055
20150326;140.53;141.55;140.05;140.41;615805
20150327;140.07;141.14;139.1;139.81;989119
20150330;140.48;142.27;139.99;142.25;675547
20150331;141.89;142.23;140.18;140.48;943698
20150401;140.48;141.24;138.85;139.71;857034
20150402;139.49;141.54;139.49;140.93;567044
20150406;141.24;143.09;141;142.17;443495
20150407;141.99;142.07;139.51;139.51;811311
20150408;139.79;140.63;139.37;139.71;466862
20150409;139.38;139.39;136.91;137.35;838843
20150410;137.59;139.12;136.99;137.58;425880
20150413;137.61;138.03;137.07;137.07;474864
20150414;137.24;138.41;137.15;137.65;450486
20150415;137.78;138.1;136.34;136.49;703845
20150416;136.46;137.96;135.71;137.68;597664
20150417;137.09;137.8;135.63;136.6;504869
20150420;137.06;137.38;136.19;136.39;441345
20150421;136.49;137.71;136.06;136.77;594374
20150422;137.06;137.64;136.04;136.51;774161
20150423;136.29;137.4;136.02;137.03;549562
20150424;137.57;139.16;136.94;137.87;523460
20150427;137.97;139.58;137.4;137.8;821537
20150428;137.7;138.89;136.77;138.35;553216
20150429;137.35;138.2;134.72;134.88;935389
20150430;134.15;134.96;131.47;132.31;895600
20150501;132.9;134.05;132.57;132.95;728856
20150504;133.51;134.59;132.61;132.95;538072
20150505;132.21;133.05;129.36;129.65;1231882
20150506;130.25;130.27;128.38;128.65;1183844
20150507;129.32;132.05;128.76;131.5;728743
20150508;133.24;135.2;133.11;133.33;713964
20150511;132.78;133.61;130.39;130.84;837916
20150512;130.09;132;128.93;131.37;522157
20150513;131.79;133.14;130.28;130.65;716988
20150514;131.43;133.42;130.65;133.36;599501
20150515;133.9;135.49;133.57;134.7;901391
20150518;134.14;134.93;133.23;134.31;536080
20150519;133.49;135.06;133.09;133.39;537029
20150520;133.59;134.52;133.15;133.31;434826
20150521;133.31;133.83;131.74;132.24;735136
20150522;132.33;133.96;131.67;132.87;420939
20150526;132.43;132.7;131.04;131.23;643318
20150527;131.31;132.07;131.3;131.86;606781
20150528;131.66;132.47;130.69;131.55;660086
20150529;131.55;132.07;129.7;130.03;1466819
20150601;130.08;131.86;130.08;131.65;968214
20150602;131.01;131.07;129.39;129.57;787085
20150603;129.47;130.29;127.42;127.9;849000
20150604;127.71;128.43;127.02;127.46;560987
20150605;126.53;128.44;123.39;126.18;1058875
20150608;126.67;127.07;125.78;125.99;543611
20150609;125.99;126.31;124.66;124.89;633197
20150610;125.03;127.42;124.72;126.22;607999
20150611;126.71;127.47;126.54;126.77;474025
20150612;126.28;126.96;125.86;126.1;543509
20150615;125.66;125.74;124.7;125.1;915656
20150616;124.9;126.13;124.83;126.02;832410
20150617;125.95;126.96;124.71;126.91;754345
20150618;127.43;129.05;127.03;128.09;762940
20150619;127.58;127.84;126.35;126.71;773512
20150622;126.78;127.58;125.49;125.62;713453
20150623;125.2;126.13;124.52;124.97;731546
20150624;125.15;125.69;124.66;124.87;917491
20150625;123.62;124.46;123.16;123.26;944075
20150626;122.52;123.95;122.09;123.43;2556621
20150629;123.15;124.22;120.77;120.83;921014
20150630;121.64;122.34;120.44;121.04;782851
20150701;118.12;122.14;117.9;122.13;887364
20150702;122.66;123.61;121.66;121.85;771784
20150706;121.04;122.93;120.28;122.53;824414
20150707;123.06;125.3;122.54;124.96;856227
20150708;124.39;124.81;123.58;123.71;607449
20150709;124.42;125.21;122.82;123.12;469427
20150710;123.86;124.89;123.63;124.16;749181
20150713;125.22;125.86;123.77;124.74;837463
20150714;124.95;125.34;123.71;124.63;702424
20150715;124.12;124.68;123.71;124.14;908599
20150716;124.66;126.08;124.66;125.99;742550
20150717;125.71;125.97;125.06;125.57;910034
20150720;125.06;126.31;125.06;125.8;738459
20150721;125.73;126.49;125.36;125.4;778183
20150722;125.46;126.65;125.46;125.93;778509
20150723;125.64;125.95;123.33;124.54;734352
20150724;124.38;125.65;123.98;125.16;607210
20150727;125.07;126.22;124.83;125.23;644347
20150728;125.63;125.73;124.39;124.82;579040
20150729;124.77;126.39;123.65;126.32;710077
20150730;126.15;127.15;122.61;123.34;1062025
20150731;124.32;124.99;123.16;123.28;897068
20150803;123.32;124.85;123.25;124.7;588030
20150804;124.33;124.82;122.81;123.03;730993
20150805;123.58;123.58;120.94;121.29;1261202
20150806;120.76;121.36;118.91;120.95;837306
20150807;121.17;121.42;119.39;120.17;868773
20150810;120.95;120.95;119.11;119.74;683850
20150811;119.69;120.77;119.11;119.75;890282
20150812;119.42;119.98;118.19;119.96;942113
20150813;119.47;121.18;118.01;120.71;1184362
20150814;120.59;121.98;119.77;121.92;698062
20150817;121.92;123.12;120.7;122.99;710906
20150818;122.81;123.05;122.12;122.93;567174
20150819;122.13;122.96;121.35;122.42;533407
20150820;121.97;122.63;120.66;120.85;616096
20150821;120.71;121.15;118.6;118.65;1133276
20150824;118.65;118.65;94.91;112.33;1154484
20150825;115.03;115.03;108.6;108.65;1515702
20150826;110.69;114.42;109.76;113.81;1888872
20150827;114.8;117.83;114.08;116.79;1309780
20150828;116.4;116.78;115.37;116.62;979466
20150831;116.17;116.17;113.24;113.38;1295035
20150901;112;112.96;109.7;110.66;952337
20150902;112;112.71;111.09;111.91;939665
20150903;112.35;113.05;111.57;111.94;724892
20150904;110.58;111.04;109.13;109.86;739031
20150908;111.13;112.14;110.53;111.71;695016
20150909;113.55;114.97;110.34;110.57;856980
20150910;110.61;113.3;110.43;111.89;743867
20150911;111.82;113.99;111.12;113.94;620269
20150914;114.01;114.12;112.61;113.28;762260
20150915;112.93;114.97;112.69;114.47;598784
20150916;114.2;118.17;113.64;117.72;1078100
20150917;117.45;121.75;116.9;119.46;1309099
20150918;117.58;120.49;117.58;118.65;1203850
20150921;118.59;119.89;118;118.69;785738
20150922;117.94;118.75;116.34;116.69;853350
20150923;116.94;118.04;116;117.05;924084
20150924;116.73;117.77;115.27;115.95;894316
20150925;116.36;117.55;115.57;116.48;630090
20150928;115.34;115.87;113.7;114.5;895412
20150929;114.64;117.75;114.35;117.47;954259
20150930;118.66;119.6;117.25;118.4;1008779
20151001;118.97;118.97;117.03;118.62;865468
20151002;117.97;119.5;116.64;119.47;757645
20151005;119.8;120.99;119.29;120.62;753741
20151006;120.49;121.49;119.96;120.32;806215
20151007;120.46;121.44;119.88;121.25;744375
20151008;121.25;122.01;119.81;121.89;656903
20151009;121.78;122.03;120.76;121.65;477792
20151012;121.77;122.66;121.01;122.57;686639
20151013;122.37;122.59;120.34;120.52;719923
20151014;120.93;121.62;119.69;119.91;674762
20151015;120.5;120.84;119.83;120.77;818802
20151016;121.47;122.9;120.99;122.61;872423
20151019;122.4;124.15;121.88;124.1;532005
20151020;123.69;124.21;122.43;122.98;729939
20151021;123.57;123.98;121.21;122.36;2349600
20151022;123.02;123.92;122.31;123.75;1033016
20151023;123.53;123.56;121.34;121.87;932113
20151026;121.87;122.51;120.26;120.94;1265561
20151027;120.9;122.26;120.62;121.88;751665
20151028;121.9;122.48;119.79;122.2;538844
20151029;121.64;123.29;121.64;122.78;792087
20151030;121.83;126.87;121.2;125.85;1854584
20151102;125.79;129.9;125.21;129.77;1233847
20151103;129.63;129.66;127.95;128.59;918416
20151104;128.62;129.22;126.64;127.12;653715
20151105;127;128;126.59;127.91;486543
20151106;126.05;126.68;123.13;124.19;808089
20151109;123.93;124.04;121.43;122.68;657693
20151110;122.9;124.11;122.35;124;600002
20151111;124.15;124.81;123.35;124.34;495454
20151112;123.89;124.47;122.56;123.21;532401
20151113;124.51;125.3;122.68;122.86;479288
20151116;122.59;123.78;121.84;123.78;694755
20151117;123.44;124.8;122.7;123.43;696860
20151118;123.7;124.32;122.84;124.14;637348
20151119;124.54;124.89;123.7;124.34;464280
20151120;124.87;126.63;124.78;126.52;1185761
20151123;126.69;127.33;125.47;125.97;561047
20151124;124.98;125.38;123.43;124.67;631306
20151125;124.95;125.48;124.18;124.77;508057
20151127;124.7;126.22;124.16;125.82;257866
20151130;126.13;126.5;124.62;124.99;818630
20151201;125.87;126.76;125.43;126.67;671804
20151202;126.11;126.88;123.21;123.48;732883
20151203;122.8;123.51;121.63;122.38;821906
20151204;122.96;125.02;122.18;124.84;1055960
20151207;124.01;125.23;123.85;125;441856
20151208;124.86;125.5;124.17;124.86;636013
20151209;124;124.87;122.35;123.51;633165
20151210;123.49;124.6;121.93;122.92;685230
20151211;121.81;123.5;121.12;123.26;877752
20151214;122.95;125.58;122.1;125.34;1083610
20151215;126.26;127.86;125.97;127.01;1207969
20151216;127.35;130.68;126.9;130.15;1110072
20151217;130.57;130.57;128.79;130.02;966071
20151218;129.3;130.07;127.08;127.08;1462149
20151221;128.08;129.21;126.08;127.07;640254
20151222;127.99;128.89;127.03;127.24;867679
20151223;127.42;129.01;127.31;128.95;555907
20151224;129.15;129.63;128.2;129.01;214440
20151228;128.78;129.71;128.15;129.62;473118
20151229;128.77;129.92;128.25;129.82;477430
20151230;129.44;130.04;128.48;128.6;425095
20151231;128.91;128.97;127.49;127.54;528575
20160104;125.28;125.93;122.9;124.2;800871
20160105;124.26;127.71;123.81;127.26;692577
20160106;126.66;127.33;126.29;127.24;796059
20160107;125.51;127.21;124.95;124.98;919129
20160108;125;125.77;121.27;121.48;803059
20160111;121.95;123.23;121.63;122.68;763429
20160112;123.4;124.07;120.47;121.01;903329
20160113;121.15;122.28;118.57;118.73;719803
20160114;119.35;121.02;119.08;119.87;929588
20160115;118.34;118.78;116.72;118.45;808050
20160119;119.82;120.41;118.21;119.33;602781
20160120;118.17;118.4;113.84;115.85;1154370
20160121;116.37;117.71;115.46;116.04;628875
20160122;117.46;119.74;117.45;119.2;647101
20160125;119.21;120.38;117.6;117.81;727145
20160126;118.44;120.69;118.44;120.35;726336
20160127;119.96;120.73;118.51;119.14;582529
20160128;119.03;121.16;114.27;115.44;1832029
20160129;117.31;117.96;114.2;116.21;1888077
20160201;115.42;118.36;114.83;116.31;1099266
20160202;115.93;117.29;114.23;114.82;1268018
20160203;115.81;116.11;114.04;114.7;1088475
20160204;114.65;118.64;114.37;117.25;1094481
20160205;116.03;117.25;115;115.09;862796
20160208;114.99;115.13;110.05;111.14;1110500
20160209;110.32;110.91;107.99;108.97;1175016
20160210;109.81;112.47;109.17;111.19;679756
20160211;109.58;109.91;107.81;108.18;936822
20160212;109.07;109.75;107.28;108.61;714858
20160216;110.3;110.54;108.87;110.29;1096569
20160217;111.51;113.3;111.41;111.97;745130
20160218;111.78;112.42;110.52;111.62;964104
20160219;111.04;113.17;109.96;112.4;870766
20160222;113.86;115.12;113.15;114.76;973249
20160223;114.18;116.31;113.47;114.35;1439414
20160224;113.72;114.39;112.38;113.72;701691
20160225;114.56;116.18;113.84;115.18;639514
20160226;114.91;115.09;113.76;113.9;685492
20160229;114.09;116.1;113.66;114.14;1246708
20160301;115;118.1;114.29;118.06;816132
20160302;117.52;118.1;116.78;118.03;584859
20160303;117.67;118.66;117.32;118.4;763669
20160304;118.33;118.74;117.75;118.58;777085
20160307;117.41;119.29;117.41;118.65;477275
20160308;118.22;118.91;116.9;117.1;587683
20160309;117.43;118.28;117.02;117.34;701550
20160310;118.07;118.56;115.69;117.12;362483
20160311;117.9;122.86;117.02;122.7;1192108
20160314;122.32;122.96;121.48;122.72;692940
20160315;122.12;123.74;121.54;123.37;782559
20160316;122.54;125.83;122.39;125.37;822233
20160317;125.61;127.64;124.7;127;880231
20160318;127.12;127.52;126.25;126.66;1233305
20160321;126.1;127;125.36;125.95;1263308
20160322;125.72;126.51;124.44;125.32;934384
20160323;125.25;125.73;124.18;124.25;856912
20160324;123.78;124.25;122.35;123.87;688925
20160328;124.01;125.46;123.7;124.93;503677
20160329;124.17;126.96;123.9;126.77;579036
20160330;126.99;127.77;126.48;126.72;602599
20160331;126.69;127.23;126.04;127.08;717670
20160401;126.72;127.94;126.17;127.29;604979
20160404;127.26;127.82;126.82;127.5;540069
20160405;127.1;128.06;126.66;127.03;521433
20160406;126.85;127.99;125.51;127.9;493812
20160407;127.34;127.79;125.71;126.21;599195
20160408;126.85;128.65;126.06;127.12;568531
20160411;127.52;127.99;126.62;126.9;467255
20160412;127.5;129.73;127.37;129.2;828670
20160413;129.84;129.88;127.8;128.35;727707
20160414;128.38;128.84;127.89;128.32;482658
20160415;128.42;129.8;127.72;129.58;539280
20160418;129.36;130.16;128.35;130.01;700853
20160419;130.3;131.16;129.69;131.14;434035
20160420;131.23;131.33;128.49;128.68;430372
20160421;128.68;129.74;127.44;127.9;661875
20160422;128.49;129.46;127.91;129.4;416096
20160425;128.6;130.16;128.12;130;563987
20160426;130.79;131.24;129.68;130.55;585328
20160427;130.3;131.58;128.92;130.6;613052
20160428;130.26;131.15;129.17;129.65;466503
20160429;128.99;129.68;128.04;128.86;821366
20160502;129.56;131.45;128.74;131.11;459987
20160503;130.29;131.06;129.11;129.94;492065
20160504;128.96;131.02;128.37;130.58;805927
20160505;130.5;131.14;129.9;130.86;596107
20160506;130.78;131.29;129.53;130.9;922685
20160509;131.22;132.32;130.85;132.27;760070
20160510;132.95;133.59;132.36;133.13;850412
20160511;133;133;130.38;130.9;967963
20160512;131.12;131.6;130.11;131.38;606267
20160513;130.97;130.97;129.42;130.06;635108
20160516;130.14;131.02;129.5;130.81;462059
20160517;130.37;131.09;129.54;130.39;922699
20160518;129.9;130.72;125.76;127.25;1555407
20160519;125.44;126.17;123.45;123.71;1193613
20160520;124.71;125.18;123.69;124.39;1094628
20160523;124.7;125;123.75;124.44;712789
20160524;125.43;127.08;124.78;125.86;767738
20160525;126.13;126.13;124.26;125.26;862969
20160526;125.26;125.37;124.47;124.8;632271
20160527;125.06;126.27;124.66;125.41;573119
20160531;125.9;126.66;125.08;125.63;948528
20160601;125.2;127.19;124.91;127.11;732079
20160602;126.76;127.41;125.84;127.26;624655
20160603;127.93;128.66;126.88;127.78;736955
20160606;127.67;128;126.18;127.06;761931
20160607;127.27;128.41;127.27;127.89;378224
20160608;127.78;128.28;127.62;128.07;481311
20160609;127.05;129.26;127.05;128.98;457560
20160610;128.21;129.1;127.58;128.23;638611
20160613;128.51;129.6;126.85;127.12;997247
20160614;126.98;127.56;125.53;126.22;747264
20160615;126.34;127.82;125.89;126.69;731442
20160616;126.17;126.75;125.43;126.56;839662
20160617;126.24;127.06;125.41;126.69;910028
20160620;127.66;128.82;126.73;126.85;913077
20160621;127.58;128.43;127.12;127.59;538037
20160622;128.01;129.49;127.65;128.17;795005
20160623;129.16;130.01;128.92;129.98;489295
20160624;126.94;129.35;126.09;128.03;2652295
20160627;127.14;127.45;125.16;126.5;1180039
20160628;126.77;128.96;126.51;128.93;986027
20160629;129.69;131.5;129.69;131.5;969416
20160630;131.63;131.99;130.2;131.9;818453
20160701;132.09;133.04;131.81;132.03;462029
20160705;131.91;133.62;131.78;133.47;883267
20160706;133.06;133.47;131.4;131.48;968680
20160707;131.29;131.29;129.49;130.03;803437
20160708;130.97;133.61;130.66;133.32;658039
20160711;134;134.81;132.75;134.53;460197
20160712;134.44;136.13;133.82;135.97;894795
20160713;136.53;136.65;135.55;136.61;544412
20160714;136.53;137.13;135.63;135.86;440443
20160715;136.04;136.22;134.71;136.05;571597
20160718;136.31;136.61;135.1;136.53;483997
20160719;136.52;137.61;136.01;137.45;618059
20160720;137.44;137.44;136.62;137.15;486161
20160721;136.68;137.59;136.35;137.56;360670
20160722;137.52;139.37;136.89;138.92;503863
20160725;138.84;139.11;138;139.07;429589
20160726;139.47;139.47;137.51;138.85;559240
20160727;138.86;139.32;137.37;138.65;747722
20160728;138.74;140.51;138.56;139.44;624825
20160729;139.17;142.63;139.17;142.13;834021
20160801;142.13;142.85;141.81;142.47;620081
20160802;139.34;142.93;139.34;140.64;680555
20160803;140.56;141.09;139.56;140.41;623910
20160804;140.69;141.12;139.51;140.87;586220
20160805;141.21;142.42;140.89;142.11;835413
20160808;142;142.97;141.37;142.8;640754
20160809;142.18;143.47;142.05;143.4;516257
20160810;143.62;144.02;142.81;143.39;610245
20160811;143.47;143.61;141.45;142.35;455016
20160812;142.47;143.94;142.47;142.82;317170
20160815;143.26;143.9;143.08;143.61;620927
20160816;142.9;142.9;141.69;142.35;429261
20160817;142.31;142.93;141.05;142.88;558234
20160818;142.95;143.35;141.76;142.37;640262
20160819;141.68;141.97;140.6;141.35;764779
20160822;141.47;142.29;140.99;141.87;468776
20160823;142.42;142.65;141.33;141.35;518096
20160824;141.62;141.62;140.18;140.35;473651
20160825;140.46;142.17;140.22;140.49;560370
20160826;140.85;141.51;138.07;139.17;577116
20160829;139.46;140.9;139.24;140.46;488195
20160830;140.69;140.69;138.93;140.45;556311
20160831;140.09;140.39;139.2;140.13;1144928
20160901;140.28;141.22;139.53;141.06;844430
20160902;141.57;143.65;141.38;142.3;511603
20160906;142.4;142.76;141.26;142.75;582614
20160907;142.49;143.3;141.83;143.17;367780
20160908;142.49;142.84;141.26;141.82;1309137
20160909;140.47;140.47;135.21;135.22;1075477
20160912;134.73;138.88;134.73;138.43;1177948
20160913;137.08;137.65;134.8;134.87;836732
20160914;135.13;135.94;134.21;134.79;408456
20160915;134.65;135.25;133.84;134.76;662053
20160916;134.15;134.88;132.83;134.7;1299205
20160919;135.45;135.95;134.9;135.24;514189
20160920;135.96;136.23;134.87;135.32;487543
20160921;135.52;137.44;133.38;137.15;533391
20160922;138.52;139.56;138.46;139.04;596864
20160923;138.65;140.26;137.6;139.68;671850
20160926;139.12;139.9;138.87;139.09;530938
20160927;139.41;139.49;137.67;138.12;581820
20160928;137.68;138.7;137.38;138.38;698153
20160929;137.49;138.48;136.31;136.31;678863
20160930;137.39;137.9;135.87;136.29;840669
20161003;135.42;135.47;133;133.39;515336
20161004;134.4;134.4;130.63;131.43;725139
20161005;132.07;132.08;128.15;128.33;738254
20161006;127.22;129.15;126.22;128.89;1019764
20161007;129.09;130.55;127.97;129.03;752882
20161010;129.24;130.33;128.39;128.71;559631
20161011;128.5;129;127.09;127.44;630071
20161012;127.55;128.29;127.36;128.18;790376
20161013;127.4;129.04;127.4;128.76;1101124
20161014;128.08;128.91;126.5;126.9;1089353
20161017;126.91;127.9;126.41;126.51;859979
20161018;127.16;127.91;125.98;127.18;849463
20161019;127.38;127.64;126.6;127.28;510810
20161020;127.42;127.9;125.56;126.1;597399
20161021;125.15;126.04;124.89;125.88;669524
20161024;126.61;127.31;125.63;126.18;606457
20161025;125.8;126.17;124.87;125.33;781639
20161026;124.52;125;120.91;122.89;1102586
20161027;121.77;121.91;118.45;119.78;1502108
20161028;120.25;120.95;118.43;118.94;1023411
20161031;119.28;120.71;118.41;120.48;880995
20161101;120.28;120.37;116.75;117.14;978397
20161102;117.18;117.92;114.29;114.33;1274115
20161103;114.15;114.97;113.69;114.07;933026
20161104;114.45;116.21;113.76;116.08;1045251
20161107;117.94;118.58;116.68;118.01;1321193
20161108;117.8;118.78;117.42;118.08;887378
20161109;116.07;119.06;114.55;117.8;1052772
20161110;118.28;122.6;116.2;122.31;2173629
20161111;122.16;125.37;122.14;122.5;2278637
20161114;122.5;126.47;122.42;126.07;1613505
20161115;126.15;127.44;124.26;124.52;1683093
20161116;124.4;125.02;121.95;122.76;914860
20161117;122.62;123.65;121.6;121.66;513008
20161118;121.7;122.61;121.04;121.16;1582307
20161121;121.29;122.67;120.62;120.93;873170
20161122;121.54;123.1;120.42;122.75;958689
20161123;122.08;122.5;121.35;122.43;450883
20161125;122.48;123.83;122.48;122.99;237263
20161128;122.55;124.38;122.55;123.78;987427
20161129;124.09;126.06;123.75;125.26;1053051
20161130;124.53;125.1;123.11;123.88;1204051
20161201;123.17;123.45;121.18;121.79;1069624
20161202;122.76;124.26;121.89;123.11;762497
20161205;123.62;124.47;122.83;124.12;834832
20161206;124.49;126.92;124.24;126.03;786366
20161207;126.19;129.05;126.19;128.84;770523
20161208;128.35;130.66;126.86;129.5;741621
20161209;128.67;129.68;127.77;128.74;628343
20161212;128.02;129.38;127.73;129.35;628484
20161213;130.08;130.39;127.31;129.02;780712
20161214;128.95;128.95;125.01;125.12;1075727
20161215;125.25;126.01;121.87;122.45;1260000
20161216;122.97;125.36;122.97;124.34;1413636
20161219;124.7;127.06;124.7;126.15;650954
20161220;126.28;127.33;125.88;127.29;578910
20161221;127.52;128;124.53;124.59;1083739
20161222;124.2;124.75;122.29;124.53;749786
20161223;124.64;124.64;123.02;124.07;503287
20161227;124.14;124.99;123.3;124.25;467125
20161228;123.4;123.52;121.74;122.46;509937
20161229;122.87;124.29;121.47;123.67;497099
20161230;123.82;126.48;123.51;125.78;792511
20170103;127.7;127.93;125.99;127.18;813917
20170104;127.66;131.61;127.22;131.22;1323452
20170105;130.2;132.55;128.76;131.85;1402999
20170106;131.59;132.51;131.21;131.55;757477
20170109;131.06;131.4;129.96;130.24;818840
20170110;129.82;130.23;128.71;128.79;675848
20170111;128.64;129.47;126.74;127;913460
20170112;126.93;129.12;126.51;129.01;696555
20170113;128.91;129.53;128.28;128.5;513173
20170117;128.69;129.49;128.51;129.4;723578
20170118;129.59;130.47;128.92;130.36;611400
20170119;130.33;130.48;128.4;128.45;844901
20170120;128.61;129.37;128.18;129.25;649359
20170123;128.88;130.91;128.68;130.6;615763
20170124;130.88;132.43;130.39;132.21;693686
20170125;132.61;132.61;129.95;130.24;796728
20170126;130.62;131.5;130.31;131.35;441296
20170127;131.58;131.69;129.93;130.75;537147
20170130;130.9;130.9;129.25;130.27;772749
20170131;130.44;132.37;130.4;130.9;1015929
20170201;131.25;134.37;129.13;129.27;1004879
20170202;129.09;131.15;129.09;130.47;670895
20170203;132.48;133.48;130.34;130.72;627113
20170206;130.77;131.94;130.48;131.32;547821
20170207;131.54;133.31;130.32;130.64;582051
20170208;130.73;132.13;130.64;131.57;649444
20170209;132.13;132.48;131.21;131.98;420249
20170210;131.82;134.05;131.47;134;561770
20170213;134.35;135.01;133.28;134.76;671351
20170214;134.46;136.04;133.16;135.79;991896
20170215;135.31;136.47;134.52;135.98;1301915
20170216;136.22;138.21;135.47;136.84;890965
20170217;137.2;137.5;135.73;137.19;1399147
20170221;136.87;139.12;136.84;138.83;729583
20170222;139.03;139.16;136.51;138.66;895629
20170223;138.97;139.59;138.31;139.17;681503
20170224;139.1;139.1;137.13;138.12;917272
20170227;138.44;140.13;137.66;139.88;720975
20170228;139.72;139.72;138.58;139.03;851063
20170301;138.95;139.35;137.69;137.84;876467
20170302;137.52;137.69;135.29;135.56;1162045
20170303;135.2;135.82;134.14;135.48;812285
20170306;135.21;135.65;134.34;135.43;701880
20170307;135.44;135.75;134.85;135.66;495347
20170308;135.25;135.25;133.92;134.09;693467
20170309;134.39;135.21;131.86;132.03;945742
20170310;133.25;133.94;129.76;130.43;857048
20170313;130.52;131.56;129.83;130.48;944021
20170314;130.34;130.72;129.33;129.93;593563
20170315;130.37;133.52;129.81;132.99;954197
20170316;132.78;133.66;132.19;132.46;517849
20170317;132.71;133.87;132.2;133.19;899943
20170320;133.18;133.95;132.36;133.11;501921
20170321;133.72;134.08;132.01;132.62;869406
20170322;133.05;133.4;130.82;132.24;561880
20170323;132.06;134.66;132.04;133.85;984630
20170324;133.81;134.35;132.02;132.48;879177
20170327;132.18;132.87;130.85;131.32;634716
20170328;131.35;131.91;129.39;131.32;701547
20170329;130.7;131.24;130.13;131.14;1071732
20170330;130.83;131.57;130.05;131.38;665133
20170331;131.15;132.56;130.26;132.41;887545
20170403;132.5;133.4;131.98;133.02;632511
20170404;132.95;134.37;131.69;133.85;1087605
20170405;133.89;134.95;133.75;134.17;582168
20170406;133.96;134.72;133.4;134.56;687084
20170407;134.44;136.03;134.21;134.68;752549
20170410;134.5;136.07;134.13;135.65;699879
20170411;135.69;136.9;135.31;136.83;637748
20170412;136.5;137.35;136.15;136.59;1048397
20170413;136.52;136.73;135.06;135.52;640337
20170417;136.17;136.89;135.37;136.87;444996
20170418;136.54;137.13;135.28;135.74;501605
20170419;135.67;135.99;134.26;134.68;681223
20170420;134.97;134.97;133.08;134.64;546882
20170421;134.63;135.02;134.17;134.35;416841
20170424;134.55;135.06;131.88;132.79;579123
20170425;133.07;134.05;132.31;133.97;641344
20170426;132.54;133.5;127.23;127.35;1192765
20170427;127.39;127.88;125.71;125.99;947533
20170428;125.65;126.69;125.56;126.6;805375
20170501;126.85;127.32;125.97;126.97;591110
20170502;126.87;127.19;125.99;126.86;531775
20170503;127.31;127.35;124.31;124.79;670371
20170504;124.5;124.5;122.44;123.37;1009337
20170505;123.78;124.06;123.14;123.9;727112
20170508;124.28;124.69;122.51;123.55;754318
20170509;123.45;123.62;122.43;123.12;432618
20170510;122.77;123.6;122.11;123.02;857861
20170511;122.13;122.28;120.68;121.24;887914
20170512;121.26;121.52;120.62;120.94;703285
20170515;120.89;121.73;120.05;120.53;625836
20170516;121.03;121.19;119.94;120.89;754905
20170517;120.72;121.56;120.2;120.44;754617
20170518;120.67;122.58;119.58;120.27;948647
20170519;120.23;122.02;119.54;121.01;665422
20170522;120.98;121.89;120.81;121.03;918384
20170523;121.37;123.17;120.95;121.84;867822
20170524;121.91;122.33;121.43;121.87;627047
20170525;122.14;122.7;121.67;122;503821
20170526;121.69;122;120.74;121.35;400926
20170530;121.3;121.81;120.82;120.82;417706
20170531;121.11;121.72;120.78;121.32;833625
20170601;120.92;122.08;120.52;121.75;617058
20170602;122.5;122.83;121.82;122.36;599018
20170605;122.24;122.65;121.26;122.24;412715
20170606;122.18;122.18;120.22;120.93;514438
20170607;121.1;121.89;121.1;121.73;714250
20170608;121.92;122.61;120.87;122.6;489841
20170609;122.35;125.7;122.08;125.24;889498
20170612;125.18;127.56;125.1;127.11;811214
20170613;126.52;127.84;125.46;126.82;657986
20170614;127.3;127.78;126.03;126.62;550109
20170615;125.9;127.59;125.9;127.28;599734
20170616;127.54;128.04;125.64;126.12;934012
20170619;126;126.28;124.72;125.83;528833
20170620;125.7;126.38;124.35;125.96;483210
20170621;125.98;126.46;124.3;125.12;409485
20170622;124.88;125.85;124.2;124.84;530915
20170623;124.81;126.26;124.75;125.57;776880
20170626;126.11;126.51;125.39;125.73;612695
20170627;125.42;125.87;123.64;123.75;834004
20170628;123.71;123.87;122.79;123.39;560311
20170629;122.91;123.8;122.34;123.18;644150
20170630;123.5;124.02;122.63;123.02;580200
20170703;123.6;125.08;123.43;124.95;298180
20170705;125.03;125.09;122.61;122.99;649487
20170706;122.51;122.89;119.92;119.97;626766
20170707;119.97;120.81;119.6;120.13;472653
20170710;120.14;121;117.71;117.98;805011
20170711;117.87;118.18;116.77;117.7;693078
20170712;118.06;119.54;118.06;119.25;512760
20170713;119.59;121.01;119.26;120.37;607346
20170714;120.85;122.38;120.72;121.7;502132
20170717;121.69;122.41;121.04;121.56;655739
20170718;121.48;121.93;118.88;119.14;832129
20170719;119.1;120.63;118.87;120.36;765601
20170720;120.3;120.58;118.75;118.81;510682
20170721;118.6;119.28;118.28;118.91;401931
20170724;119.09;119.54;118.38;119.01;490362
20170725;119.5;119.5;118.33;119.27;514193
20170726;119.36;120.43;118.77;120.37;410195
20170727;120.15;121.45;118.72;121.21;595181
20170728;121.24;122.46;120.71;122.33;701270
20170731;122.32;122.77;119.92;120.91;1048746
20170801;121.22;122.63;120.86;121.87;595072
20170802;122.99;125;121.13;121.83;886593
20170803;121.85;123.82;121.85;123.71;694803
20170804;123.7;124.7;123.33;124.22;765444
20170807;124.21;124.21;122.51;122.75;422287
20170808;122.51;123.47;122.14;122.96;663040
20170809;122.8;122.8;121.42;121.67;503662
20170810;121.19;121.47;120.47;121.27;555182
20170811;120.95;121.5;119.02;120.05;564776
20170814;120.43;122.79;120.43;122.51;670172
20170815;122.35;122.68;120.44;122.43;749868
20170816;122.48;123.11;121.49;122.03;668421
20170817;121.28;121.88;120.61;121.06;744691
20170818;120.73;120.75;118.3;119.83;866242
20170821;119.94;121.76;119.37;120.77;474952
20170822;120.77;120.96;119.35;119.62;631320
20170823;119.53;121.65;119.35;121.05;433611
20170824;121.26;122.31;119.77;119.89;1021768
20170825;120.38;122.01;119.56;121.46;525961
20170828;121.8;122.24;119.32;120.25;630178
20170829;120.22;120.56;118.89;119.5;483189
20170830;119.23;120.48;118.22;120.19;409881
20170831;120.46;121.27;120.05;120.6;830023
20170901;120.93;122.05;120.37;121.3;513930
20170905;121.3;121.98;119.69;120.37;532278
20170906;120.94;121.89;120.63;120.93;410914
20170907;121.17;121.48;119.79;120.91;485274
20170908;120.62;120.93;119.95;120.17;444125
20170911;120.83;121.37;120.26;120.71;555211
20170912;120.7;121.59;119.71;120.2;414082
20170913;120;120.38;119.34;119.96;518627
20170914;119.93;122.37;119.6;122.33;510241
20170915;122.68;122.68;120.61;122.4;832698
20170918;122.16;122.73;121.1;121.68;813722
20170919;121.59;121.63;119.47;119.64;813163
20170920;120.02;120.84;119.89;120.78;630762
20170921;120.66;123.69;120.66;122.84;1011396
20170922;122.67;123.75;121.66;121.68;466720
20170925;121.34;123.48;121.14;122.63;459724
20170926;122.69;124.12;122.5;123.75;612899
20170927;123.5;123.81;122.5;122.82;458613
20170928;122.16;122.93;121.92;122.77;537458
20170929;122.4;123.35;122.29;122.88;705949
20171002;122.93;123.31;121.77;121.93;661956
20171003;121.74;122.6;120.72;122.36;849395
20171004;121.82;123.89;121.82;123.7;831301
20171005;123.88;126.04;123.88;125.06;737595
20171006;124.95;126.94;124.42;126.92;1226176
20171009;126.63;127.28;126.4;127.17;738735
20171010;127.07;127.98;126.51;127.1;474202
20171011;127;128.73;127;128.28;602454
20171012;128.1;128.48;127.25;128;542377
20171013;128.3;128.99;127.2;128.29;502806
20171016;128.31;128.72;127.77;128.38;409126
20171017;128.16;128.73;127.93;128.06;506810
20171018;128.12;128.65;126.66;126.67;497286
20171019;126.56;126.59;123.46;123.63;909868
20171020;123.87;123.93;121.99;122.93;687673
20171023;123.32;123.68;122.34;122.88;414061
20171024;122.6;123.04;121.37;121.42;452217
20171025;121.47;122.18;120.25;121.49;563934
20171026;122.25;122.25;120.4;121.28;409636
20171027;121.09;121.84;120.56;121.23;452089
20171030;121.09;121.81;120.31;120.81;392961
20171031;120.5;121.52;119.92;121.18;577357
20171101;121.24;122.74;121.08;121.98;614901
20171102;122;123.69;121.44;122.77;682552
20171103;122.07;122.13;119.74;120.68;1067619
20171106;120.96;123.79;120.96;123.43;639878
20171107;123.52;124.62;123.07;124.19;563172
20171108;124.08;125.25;123.91;124.74;620928
20171109;124.62;126.13;124.1;126.01;752386
20171110;125.1;126.65;125.09;125.85;566855
20171113;126.19;126.37;125.29;125.93;386724
20171114;125.72;126.41;124.18;124.78;543494
20171115;124.85;125.02;123.94;124.15;409279
20171116;123.89;125.74;123.84;125.18;604235
20171117;124.56;125.49;124.54;125.04;360006
20171120;125.25;125.39;124.42;124.57;473549
20171121;125.12;125.43;124.43;125.2;480384
20171122;124.68;125.59;124.57;125;351615
20171124;125.41;125.75;125;125.16;134916
20171127;125.49;126.03;124.97;125.23;351578
20171128;125.45;125.68;124.15;124.69;401368
20171129;124.73;125.4;124.18;125.05;534302
20171130;125.48;126.27;124.6;125.38;1001384
20171201;125.93;127.13;125.34;127.13;781437
20171204;127.08;128.32;126.85;127.84;1802745
20171205;128.19;128.52;125.41;125.49;549136
20171206;125.83;126.14;124.48;125.41;1411607
20171207;125.03;125.38;123.8;123.95;837504
20171208;124.37;125.03;123.29;124.66;518511
20171211;124.46;125.16;124.27;125.05;511305
20171212;125.59;126.53;124.71;126.18;499837
20171213;126.37;127.04;125.81;126.37;761165
20171214;126.38;127.14;125.85;126.71;608292
20171215;127.26;129.78;127.09;129.41;2158083
20171218;129.45;132;129.45;130.96;1882469
20171219;130.88;130.88;128.33;128.84;925093
20171220;128.72;128.83;127.69;127.85;1903156
20171221;127.85;128.42;126.71;126.94;702548
20171222;127.3;127.76;126.77;127.34;382514
20171226;127.69;128.59;126.94;128.49;330908
20171227;128.95;129.34;128;129.09;544493
20171228;128.06;128.88;127.67;128.84;457053
20171229;129.1;130.42;129.03;130.03;650606
20180102;130.39;130.39;128.89;129.28;689987
20180103;129.57;129.8;128.73;129.35;570631
20180104;129;129;126.46;126.48;2078973
20180105;126.83;127.97;126.52;127.86;860912
20180108;127.54;128;125.82;126.74;724340
20180109;126.05;126.4;125.22;125.4;598889
20180110;124.98;124.98;123.62;124.65;582601
20180111;124.91;125.15;123.73;123.86;447865
20180112;123.99;124.27;122.23;122.33;637036
20180116;122.74;124.54;121.44;121.56;826741
20180117;122.33;122.6;120.86;122.5;844437
20180118;122.07;122.31;120.68;121.18;1080886
20180119;121.66;122.31;120.89;121.95;1061517
20180122;121.95;123.68;121.7;123.47;1067107
20180123;123.62;124.29;123.28;124.15;1083235
20180124;124.08;124.63;122.89;123.24;603827
20180125;123.12;123.62;121.5;122.68;846394
20180126;123.21;123.62;121.84;122.97;559227
20180129;122.37;122.63;121.2;121.34;604248
20180130;120.89;121.74;119.36;119.42;1106796
20180131;119.97;125.37;119.97;123.71;2001103
20180201;123.59;123.88;119.13;119.19;1020514
20180202;118.09;119.59;117.34;119.34;977951
20180205;118.5;120.72;114.6;114.74;1051909
20180206;112.95;115.66;111.87;115.32;1731981
20180207;114.96;116.97;114.96;115.34;927972
20180208;114.99;116.47;112.05;112.09;1134871
20180209;113.1;116.38;111.82;115.35;941519
20180212;115.59;115.82;111.57;115.14;829181
20180213;115.06;116.67;114.05;116.19;736619
20180214;115.67;115.67;113.32;115.46;1006285
20180215;116.51;118.5;116.43;117.4;1062852
20180216;117.45;120.19;117.45;119.64;911631
20180220;119.49;121.17;119.1;119.39;934153
20180221;119;119.58;115.85;115.85;1040681
20180222;116.49;119.92;116.27;118.47;897829
20180223;118.61;120.99;118.35;120.97;652318
20180226;121.41;121.91;119.87;121.43;687921
20180227;121.91;122.23;119.2;119.51;979472
20180228;119.98;120.71;118.84;118.87;1064963
20180301;117.87;119.7;117.08;118;963510
20180302;118;119.15;117.16;118.93;639876
20180305;119.27;121.81;118.92;121.36;503085
20180306;121.1;122.25;120.31;122.1;495358
20180307;121.7;122.85;121.11;122.74;655823
20180308;123.1;123.34;121.46;122.31;522613
20180309;122.45;123.76;121.44;123.62;675636
20180312;123.3;125.92;123.3;125.56;886398
20180313;125.81;126.39;124.73;125.26;718173
20180314;125.66;125.75;124.3;125.59;560273
20180315;125.84;126.12;124.66;125.91;682653
20180316;125.71;127.31;124.81;127.16;887137
20180319;127.3;127.42;125.57;126.28;441147
20180320;126.53;127.54;125.38;125.67;678967
20180321;125.51;126.03;123.5;124.35;766253
20180322;123.99;125.62;122.47;122.58;659952
20180323;122.05;122.77;117.94;118.43;1198436
20180326;119.78;120.14;118.71;119.87;821063
20180327;119.97;123.01;118.73;120.87;677731
20180328;120.85;123.79;119.81;123.4;759944
20180329;123.8;124.47;122.34;123.22;640407
20180402;123.44;123.73;120.31;121.46;750386
20180403;121.46;122.98;120.2;122.19;863802
20180404;120.99;123.38;120.99;122.92;871177
20180405;123.06;123.18;121.44;122.27;578129
20180406;122.23;122.99;120.29;120.96;597899
20180409;121.16;121.47;120.03;120.12;661843
20180410;120.75;121.99;120.12;121.45;779885
20180411;121.09;122.15;120.88;120.95;611789
20180412;121.42;121.42;118.29;118.83;952327
20180413;118.86;119.97;118.34;119.9;544489
20180416;120.36;121.21;119.37;120.52;539483
20180417;121.18;122.49;120.18;121.62;740207
20180418;122.07;122.3;120.55;120.84;431686
20180419;120.56;120.74;118.23;119.34;637234
20180420;119.88;119.97;118.3;118.75;520765
20180423;118.86;119.07;117.57;118.56;506570
20180424;118.68;119.13;117.54;118.44;944282
20180425;118.65;119.07;116.43;118.32;1410309
20180426;118.51;120.74;118.4;120.57;903325
20180427;120.25;123.13;120.25;122.45;606064
20180430;122.66;123.29;121.32;121.41;635623
20180501;121.7;122.96;120.86;122.67;673727
20180502;121.83;122.39;118.68;120.81;884179
20180503;120.44;122.33;120.36;121.82;537891
20180504;121.61;124.49;121.59;124.04;563409
20180507;124.54;124.9;123.77;124.15;451659
20180508;124;124;121.89;122.77;1057562
20180509;122.64;124.4;122.36;124.25;485284
20180510;124.66;125.18;123.82;124.87;499600
20180511;125.11;125.3;123.99;124.38;540144
20180514;124.01;124.34;122.28;122.44;536017
20180515;121.59;122.03;118.7;119;1095201
20180516;119.4;119.89;116.66;117.12;1091122
20180517;116.84;117.9;116.68;117.24;767821
20180518;117.22;117.87;116.44;117.09;1877295
20180521;117.74;118.78;116;118.19;777380
20180522;118.37;119.53;117.64;119.24;753163
20180523;119.24;120.92;118.88;119.97;735135
20180524;120.2;120.35;118.78;119.49;787898
20180525;119.64;119.98;119.37;119.59;605262
