20100104;50.38;51.01;49.43;50.15;1306889
20100105;50.03;50.55;49.52;50.48;841453
20100106;50.66;50.76;49.55;49.8;988246
20100107;49.68;50.48;49.52;50.24;881067
20100108;50.12;50.94;49.91;50.8;971606
20100111;51.19;51.39;50.36;50.55;607893
20100112;50.14;50.5;49.42;49.96;817043
20100113;50;50.47;49.75;50.2;814022
20100114;49.99;50.84;49.73;50.5;884799
20100115;50.43;50.66;49.63;50;1392840
20100119;50.09;51.4;50.09;51.05;1200487
20100120;50.77;50.77;49.76;50.45;795022
20100121;50.76;51.35;50.31;50.47;2243026
20100122;50.4;50.95;49.01;49.1;1314505
20100125;49.71;49.77;48.26;48.79;681618
20100126;48.66;49.27;48.29;48.5;728755
20100127;48.35;48.82;47.79;48.63;871817
20100128;48.7;48.89;47.7;47.98;660308
20100129;48.14;48.43;47.45;48;1132147
20100201;48.18;48.54;47.25;48.3;1234634
20100202;48.56;49.75;48.32;49.57;1492913
20100203;49.4;49.44;48.65;49.3;990200
20100204;49.04;49.04;47.75;47.89;1323231
20100205;47.88;48.89;47.69;48.85;1405288
20100208;48.78;49.04;46.95;47.02;800705
20100209;47.73;47.73;46.51;46.76;666836
20100210;46.82;47.18;46.21;46.69;720773
20100211;46.68;47.23;46.5;47.2;852261
20100212;46.59;47.67;46.5;47.66;529822
20100216;47.98;48.54;47.77;48.43;775447
20100217;48.64;49.11;48.43;48.85;625001
20100218;48.59;49.99;48.59;49.84;595658
20100219;49.47;50.34;49.39;50.07;735899
20100222;50.38;51.03;49.82;50.78;674644
20100223;50.76;51.15;50.53;50.64;757471
20100224;50.67;51.14;50.44;51.12;934591
20100225;50.16;51.44;50;51.24;945923
20100226;51.27;52.14;51.27;51.58;959510
20100301;51.65;52.49;51.44;52.42;1128285
20100302;52.42;52.84;52.07;52.82;1111673
20100303;52.73;52.93;52.33;52.67;703566
20100304;52.94;53.07;52.54;52.99;1041474
20100305;53.23;54.4;53.04;54.28;1134597
20100308;54.04;55.1;54.04;54.98;831539
20100309;54.58;55.83;54.58;55.03;517370
20100310;54.95;55.08;54.07;54.4;922083
20100311;53.89;55.48;53.66;55.33;2796134
20100312;55.97;56.09;55.15;55.53;1192776
20100315;55.54;55.86;54.8;55.48;631935
20100316;55.56;56.01;55.14;55.94;1553492
20100317;56.15;56.23;55.58;55.96;748214
20100318;55.96;56.23;55.75;55.93;572610
20100319;55.83;56.16;55.17;56;1299575
20100322;55.56;56.6;55.35;56.46;897625
20100323;56.27;56.27;54.95;55.37;1068891
20100324;55.32;56.42;55.16;55.53;988765
20100325;55.77;56.14;55.41;55.44;979569
20100326;55.45;55.62;54.27;54.51;1097235
20100329;54.77;55.19;54.57;54.95;663219
20100330;55.14;55.14;54.18;54.45;783391
20100331;54.3;54.56;53.83;54.2;703548
20100401;54.44;54.77;53.89;54.41;644180
20100405;54.77;56.1;54.43;55.7;719263
20100406;55.43;56.55;55.02;56.27;1082890
20100407;56.15;56.32;55.02;55.18;882509
20100408;55.18;55.52;54.88;55.4;934416
20100409;55.6;56.68;55.14;56.57;620313
20100412;56.75;56.93;56.3;56.32;741252
20100413;56.42;58.16;56.03;58;735103
20100414;58.38;58.42;56.65;56.84;1002599
20100415;56.61;57.1;55.53;55.65;1028908
20100416;55.62;56.15;54.83;54.93;1166760
20100419;54.61;54.94;54.02;54.72;1534208
20100420;55.17;56.26;54.67;56.26;1280976
20100421;56.1;57.05;55.74;56.84;954790
20100422;56.59;58.75;56.24;58.43;735960
20100423;58.35;59.41;58.08;59.34;974321
20100426;59.26;60.93;58.98;60.15;989206
20100427;59.59;60.47;58.5;58.58;1884325
20100428;59.04;59.52;58.03;58.27;1602174
20100429;59.38;60.88;59.23;60.21;1425351
20100430;60.09;60.39;58.6;58.7;1108875
20100503;58.92;60.07;58.92;59.91;1007218
20100504;59.79;59.79;58.2;58.74;876129
20100505;57.93;59.31;57.57;58.24;747345
20100506;57.87;58.49;53.3;56.52;1265016
20100507;56.44;57.84;55.34;55.58;1217328
20100510;58.37;60.01;57.56;60;1229604
20100511;59.01;60.77;58.96;59.94;947752
20100512;59.85;60.45;59.5;59.85;913231
20100513;59.85;60.04;58.93;59.08;932565
20100514;58.75;58.75;57.15;57.46;1026548
20100517;57.59;58.29;55.95;57.39;881686
20100518;58;58.19;55.68;55.93;907075
20100519;55.52;56.32;54.32;55.31;872357
20100520;54.55;54.55;52.77;52.92;1729458
20100521;52.09;54.67;51.77;54.5;1113876
20100524;54.44;55.29;53.9;53.97;685868
20100525;53.46;54.85;52.01;54.69;1024459
20100526;55.4;56.54;54.75;55.74;1340251
20100527;56.99;58.01;55.74;57.9;1514612
20100528;57.7;57.87;56.7;56.91;1060175
20100601;56.55;57.85;56.1;56.32;1262393
20100602;55.15;59.16;55.13;58.91;2302259
20100603;58.62;60.37;58.16;60.2;5458312
20100604;59.31;60.19;58;58.32;2167106
20100607;59.5;60.23;58.34;58.42;1750294
20100608;58.88;60.15;58;59.91;1835164
20100609;60.42;61.79;59.96;60.63;1799581
20100610;61.05;62.35;61.05;62.2;1673011
20100611;61.29;62.6;60.71;62.56;1938255
20100614;63.38;63.66;61.68;62.18;1609664
20100615;62.99;63.07;62.01;62.84;1823296
20100616;62.48;62.85;62.05;62.33;982086
20100617;62.28;62.63;61.83;62.16;822060
20100618;62.15;62.77;61.8;62.64;929286
20100621;63.38;64.17;61.69;61.94;672492
20100622;62.16;62.38;58.86;58.98;1560079
20100623;58.8;60.7;58.5;59.59;972051
20100624;59.18;59.76;58.62;58.66;1621333
20100625;58.95;59.57;58.22;59.19;1099688
20100628;59.47;60.09;58.46;58.51;967000
20100629;58.08;58.34;56.88;57.27;1422874
20100630;57.77;58.63;57.6;57.68;1089748
20100701;57.94;58.3;56.48;57.89;1200400
20100702;57.41;57.8;56.81;56.96;1034662
20100706;57.74;58.3;56.23;56.91;1525055
20100707;56.83;59.36;56.59;59.35;1137829
20100708;59.86;60.51;59.21;60.08;1657783
20100709;59.96;60.73;59.85;60.53;605455
20100712;60.85;61.51;60.12;61.48;881324
20100713;61.95;62.85;61.72;62.75;1217747
20100714;61.56;62.69;61.27;62.66;1040987
20100715;63.19;63.19;61.49;62.66;854291
20100716;62.26;62.26;60.36;60.82;854316
20100719;60.88;61.32;59.83;60.98;835502
20100720;59.99;61.72;59.77;61.71;943388
20100721;62.25;62.28;60.15;60.36;1293750
20100722;61.27;62.83;61.02;62.57;1284201
20100723;62.21;62.21;58.25;60.82;3052877
20100726;61.15;62.22;60.18;62.15;967354
20100727;62.77;63.12;61.45;62.16;1165769
20100728;62.22;62.56;61.61;61.83;1260017
20100729;62.14;62.59;61.07;62;1439184
20100730;61.57;63.49;61.31;63.22;1618007
20100802;63.76;64.06;63.13;63.94;1557129
20100803;63.76;63.76;62.7;62.85;1596427
20100804;63.2;63.29;61.75;62.18;1522977
20100805;61.99;62.29;60.64;60.67;1282699
20100806;60.31;61.14;60.04;60.68;1225107
20100809;61.27;61.27;60.39;61.2;995906
20100810;60.61;60.93;59.32;60.06;1507687
20100811;59.04;59.77;58.5;58.93;1439080
20100812;58.47;59.69;58.36;59.22;1084705
20100813;59.23;59.94;59.02;59.64;970617
20100816;59.35;59.85;59.06;59.56;967310
20100817;60.07;60.78;59.68;60.2;1143265
20100818;60.08;60.28;58.92;59.69;1350726
20100819;59.39;59.63;58.15;58.65;1062608
20100820;58.54;58.62;57.6;58.19;512332
20100823;58.69;58.76;57.63;58.01;1025446
20100824;57.49;58.26;56.45;58;1274112
20100825;57.65;58.89;57.24;58.72;865840
20100826;59.04;59.05;57.88;58.07;756881
20100827;58.61;59.2;57.16;59.19;834589
20100830;59.04;59.48;58.05;58.17;745118
20100831;57.85;59.41;57.85;59.27;1161019
20100901;60.53;61.05;59.81;60.46;1517271
20100902;60.56;62.47;60.56;62.46;1584696
20100903;62.9;63.3;61.95;62.49;578340
20100907;62.05;62.95;61.96;62.43;693669
20100908;62.63;63.06;62.36;62.55;633797
20100909;63.25;63.68;61.78;61.8;678104
20100910;61.88;62.3;61.66;61.93;572315
20100913;61.91;62.61;61.8;62.54;558261
20100914;62.54;62.8;61.97;62.05;506227
20100915;61.96;62.01;61.4;61.88;597309
20100916;61.59;62.14;61.5;61.95;269350
20100917;62.04;62.3;61.74;62.24;675028
20100920;62.49;63.3;62.15;63.26;1649127
20100921;63.18;63.53;61.76;61.87;618118
20100922;61.65;61.79;60.11;60.77;1069071
20100923;60.07;60.95;59.77;59.85;1074852
20100924;60.31;60.67;59.76;60.6;1023479
20100927;60.93;61.44;60.23;61.22;1468743
20100928;61.24;61.91;61.04;61.85;919720
20100929;61.59;61.86;61.42;61.75;915928
20100930;62.19;62.21;61.51;61.7;1717101
20101001;62.2;62.2;60.49;60.94;1851749
20101004;60.71;61.35;60.41;60.98;1072008
20101005;61.38;62.4;60.74;62.27;1179288
20101006;59.97;60.4;58.61;59.46;4354905
20101007;59.79;60.61;59.59;60.03;1728853
20101008;59.97;60.15;59.65;60.02;1342484
20101011;59.98;60.25;59.22;59.44;1240998
20101012;59.07;60.12;59.07;59.95;1038392
20101013;60.1;60.78;60.1;60.62;1477992
20101014;60.59;61.13;60.29;60.56;1953312
20101015;60.83;61.22;59.3;59.31;914831
20101018;59.41;59.81;59.01;59.61;905863
20101019;59.14;59.71;58.63;58.77;1184400
20101020;59.06;60.18;58.71;59.44;1253056
20101021;59.6;60.2;58.71;59.35;786330
20101022;59.75;60.16;59.08;59.44;617360
20101025;59.93;59.93;59.12;59.39;807874
20101026;58.83;59.12;58.59;58.85;747843
20101027;58.72;59.62;58.56;59.06;1135498
20101028;59.28;59.74;58.75;59.69;697090
20101029;59.24;60;58.92;59.73;941089
20101101;59.95;60;59.2;59.67;786399
20101102;59.86;60.02;59.43;60.01;740062
20101103;60;60;58.9;59.34;646565
20101104;59.79;59.79;54.9;56.56;6332655
20101105;56.44;57.06;55.92;56.74;2677754
20101108;56.5;56.96;54.68;54.97;1786038
20101109;54.85;55.18;52.47;53.22;2374709
20101110;53.28;54.87;53.26;54.49;2923810
20101111;54.11;54.43;53.95;54.2;1628206
20101112;53.76;54.35;53.67;54.13;3009429
20101115;54.54;54.54;53.82;53.86;1386736
20101116;53.84;54.03;52.67;52.94;2267604
20101117;53.06;53.08;52.4;52.54;2181040
20101118;53.36;53.6;50.5;51;4424624
20101119;50.78;51.38;50.67;51.09;2059223
20101122;50.94;51.25;50.61;51.04;1002138
20101123;50.7;51.31;50.65;51.08;1470301
20101124;51.17;52.45;51.17;52.28;1372447
20101126;52.22;52.4;51.79;51.84;396606
20101129;51.72;53.1;51.62;52.92;1564159
20101130;52.92;53.28;52.48;52.52;1574418
20101201;53.02;53.36;52.49;53.23;1467290
20101202;53.52;53.91;53.04;53.79;1747426
20101203;53.61;54.51;53.61;54.36;1012289
20101206;54.35;54.35;53.34;53.89;1462766
20101207;54.81;55;54.44;54.71;2192351
20101208;54.84;54.86;53.23;53.92;1172380
20101209;54.06;54.68;52.72;52.88;1963256
20101210;53.01;53.91;52.54;53.7;1349401
20101213;53.63;54.69;52.9;52.95;1493227
20101214;53.1;53.1;51.14;51.45;2501683
20101215;52.06;52.71;51.33;51.47;1937599
20101216;51.63;51.85;51.31;51.74;2014699
20101217;49.97;50;47.42;48.32;6050805
20101220;48.56;48.6;48.05;48.52;1889572
20101221;48.77;49.06;48.58;48.94;1020085
20101222;49.15;49.97;49.12;49.54;1211473
20101223;49.76;50.1;49.02;49.77;1326635
20101227;49.7;49.97;49.52;49.89;702059
20101228;49.83;50.65;49.57;50.46;867401
20101229;50.54;50.77;50.21;50.76;603441
20101230;50.92;51.96;50.73;51.47;1376245
20101231;51.78;52.38;51.45;51.54;1427252
20110103;51.96;52.15;51.78;52.11;1418024
20110104;52.3;52.82;50.64;50.98;2240076
20110105;51.17;51.52;50.63;51.22;1843331
20110106;51.49;52.3;51.23;51.92;1447202
20110107;51.97;52.75;51.34;52.01;1666624
20110110;51.94;52.75;51.38;52.44;1586800
20110111;52.64;52.85;51.89;52.32;1568847
20110112;52.56;53.19;52.47;52.9;1303851
20110113;53.04;53.82;52.9;53.7;1189758
20110114;53.9;53.98;53.31;53.79;1017266
20110118;53.79;53.98;52.82;53.88;1103302
20110119;53.83;53.99;52.78;52.8;1190447
20110120;52.48;52.58;51.22;51.61;2351657
20110121;52.1;52.17;51.45;51.76;1104198
20110124;51.9;52.68;51.53;52.37;1015355
20110125;52.47;54.09;52.15;54.06;1146407
20110126;53.99;54.34;52.99;53.21;1142246
20110127;53.47;54.07;53.31;53.8;1853454
20110128;54.36;54.96;53.69;53.76;1546994
20110131;54.07;54.55;53.83;54.4;1218663
20110201;55.69;55.74;53.82;54.41;2045344
20110202;54.38;55.34;54.37;54.93;1421450
20110203;54.67;55.25;54.59;55.05;1016444
20110204;55.31;55.33;54.43;54.43;1118383
20110207;54.55;55.47;54.15;54.96;757615
20110208;54.82;55.09;54.47;54.49;985651
20110209;54.82;54.99;53.37;54.86;1444455
20110210;54.42;55.42;54.42;55.32;1363145
20110211;55.83;58.33;55.83;57.15;2089785
20110214;57.15;57.25;56.6;56.95;1015846
20110215;56.74;57.16;55.57;55.78;1379952
20110216;56.2;56.72;55.56;55.8;1083211
20110217;56.09;56.47;55.72;56.02;1995289
20110218;58.27;58.5;56.7;57.52;1980192
20110222;57;57.9;56.53;56.89;767651
20110223;56.82;57.38;55.99;56.09;989817
20110224;56.34;56.74;55.94;56.23;1042144
20110225;56.73;57.99;56.46;57.98;850594
20110228;57.96;58.83;57.75;58.82;1299608
20110301;58.56;59.34;58.11;58.38;1322392
20110302;58.38;58.9;57.28;57.32;1159377
20110303;58.16;59;57.64;58.08;1286288
20110304;58.08;58.5;56.94;57.03;913164
20110307;57.44;57.69;56.81;57.09;820633
20110308;57.21;57.73;57;57.21;703536
20110309;57.39;57.48;56.75;56.85;485451
20110310;57.11;57.11;55.9;56.32;788524
20110311;55.89;56.24;55.6;56.06;786630
20110314;55.79;55.94;55.46;55.61;743378
20110315;54.96;56.29;54.33;55.81;824666
20110316;55.63;56.7;55.19;56.26;1271083
20110317;56.77;56.91;55.17;55.49;947927
20110318;55.83;55.83;55.27;55.45;832870
20110321;55.91;56.33;55.77;55.86;694952
20110322;56.07;56.25;55.52;55.55;554664
20110323;55.59;55.86;54.65;54.92;796000
20110324;55.24;55.84;54.82;55.44;748698
20110325;55.67;56.25;55.3;56.03;802930
20110328;56.2;56.4;56;56.07;621245
20110329;55.98;56.73;55.91;56.33;581899
20110330;56.97;57.69;56.35;57.54;1467061
20110331;57.54;58.22;57.36;58.14;1172604
20110401;58.09;58.5;57.7;58.15;1081984
20110404;58.14;58.6;57.87;58.58;732189
20110405;58.96;59.12;58.59;58.91;897388
20110406;58.89;58.92;57.97;58.12;704772
20110407;57.93;58.22;57.22;57.72;846892
20110408;57.76;58.2;56.34;56.66;788337
20110411;56.93;57.9;56.71;56.74;972672
20110412;56.49;57.26;56.44;57.01;679872
20110413;57.33;57.54;56.66;56.78;1248240
20110414;56.74;58.05;56.74;58;906044
20110415;57.97;58.6;57.6;58.16;782159
20110418;57.93;58.31;57.29;57.79;730652
20110419;57.94;58.54;57.86;58.54;547512
20110420;58.71;59.37;58.39;58.78;700859
20110421;58.95;59.04;58.13;58.7;791988
20110425;58.45;58.84;58.26;58.63;722858
20110426;58.68;59.25;58.28;59.14;753748
20110427;59.31;59.53;58.25;58.53;1391298
20110428;58.97;60.49;58.77;60.36;1963245
20110429;60.21;60.64;59.6;60.34;801824
20110502;60.79;61.35;60.68;60.85;907116
20110503;60.72;61;59.75;60.35;890701
20110504;60.24;60.63;59.1;60.3;943364
20110505;59.94;60.64;59.73;60.51;956299
20110506;61;61.52;59.76;59.97;867392
20110509;59.78;60.59;59.42;60.55;731026
20110510;60.68;61.47;60.39;61.3;646191
20110511;61;61.07;60.19;60.23;1065575
20110512;60.03;60.63;59.73;60.54;847589
20110513;60.6;60.6;59.83;59.86;658753
20110516;59.87;60.62;59.61;60.3;792669
20110517;60.2;60.72;59.99;60.7;883448
20110518;60.75;61.71;60.64;61.58;1054138
20110519;61.73;62.88;61.52;61.86;867684
20110520;61.64;61.86;60.91;61;768727
20110523;60.61;61;60.34;60.61;630080
20110524;60.71;61.53;60.71;61.34;677835
20110525;61.19;61.58;60.85;61.31;693993
20110526;61.27;61.66;60.89;61.41;1290862
20110527;61.59;61.87;61.15;61.86;587511
20110531;62.08;62.55;61.75;62.37;1015327
20110601;61.99;62.36;61.2;61.28;1093992
20110602;61.5;61.95;61.38;61.5;1137843
20110603;61.03;62.5;61;61.79;1005898
20110606;61.91;62.5;61.89;61.97;1165719
20110607;62.11;63.54;61.99;63.24;1425395
20110608;63.24;64.16;63.14;63.53;1489627
20110609;63.44;64.11;63.38;63.97;1511306
20110610;63.77;64.25;62.51;62.57;1869167
20110613;62.16;62.43;61.32;61.78;851234
20110614;62.23;62.37;61.76;62.1;1438239
20110615;61.73;62.14;60.15;60.52;1071965
20110616;60.57;61.2;59.57;60.44;1285610
20110617;60.84;61.12;60.17;60.49;1487382
20110620;60.49;62.12;60.42;61.83;1145708
20110621;62.13;62.58;61.88;62.56;883063
20110622;62.57;63.2;62.38;62.73;814107
20110623;62.17;62.18;60.4;60.89;1348287
20110624;61.19;61.33;60.57;60.64;769207
20110627;60.74;61.4;60.44;60.8;537508
20110628;61.1;61.43;60.13;61.3;654115
20110629;61.54;62.13;61.24;62.02;946842
20110630;62.05;62.26;61.43;61.78;871407
20110701;61.96;62.44;61.87;62.31;900466
20110705;62.4;62.94;62.03;62.79;869885
20110706;62.63;63.69;62.63;63.69;640771
20110707;63.86;64.09;63.45;63.6;723750
20110708;63.14;63.37;62.72;63;666352
20110711;62.61;62.85;62.31;62.59;592068
20110712;62.44;64;62.39;62.67;984538
20110713;62.73;62.98;61.32;61.37;975815
20110714;61.6;62.31;61.3;61.63;1233979
20110715;62;62.15;61.41;61.89;855011
20110718;61.45;62.52;61.03;62.34;885278
20110719;62.8;63.47;62.8;63.22;741489
20110720;63.58;63.97;62.77;63.11;1172990
20110721;63.44;63.68;62.57;62.77;761109
20110722;62.98;63.55;62.78;63.49;496042
20110725;62.78;63.2;62.33;62.89;491304
20110726;62.65;63.53;62.65;63.17;995065
20110727;62.74;62.9;61.29;61.3;813735
20110728;61.12;62.65;59.79;61.2;1076016
20110729;60.6;61.28;60;61.21;634949
20110801;61.5;62.01;60.17;60.58;957086
20110802;60.29;60.59;59.22;59.22;907624
20110803;59.22;59.36;56.82;58.31;1325862
20110804;58.1;58.11;56.23;56.41;1519944
20110805;56.66;56.85;53.62;54.42;1488563
20110808;53.13;53.52;50.63;50.63;1845715
20110809;51.23;55.57;51.19;55.52;2786829
20110810;54.2;56.55;54.04;54.19;1402993
20110811;54.47;57.74;53.75;56.78;1931706
20110812;57.49;57.95;56.17;56.34;1090078
20110815;56.93;58.92;56.86;58.8;1207509
20110816;58.12;58.72;57.81;58.16;1597749
20110817;58.5;59.08;56.94;57.59;1668986
20110818;56.28;56.67;54.81;55.41;1717150
20110819;54.94;56.38;54.03;54.18;1464822
20110822;55.25;55.4;53.71;54.48;912408
20110823;55;56.97;54.45;56.95;1216424
20110824;56.78;57.66;56.17;57.56;1079819
20110825;57.88;58.48;56.06;56.61;984476
20110826;56.29;57.57;55.65;57.4;1351653
20110829;57.94;59.07;57.85;59.01;839720
20110830;58.95;60.23;58.2;59.91;1288443
20110831;60.23;60.23;59.42;59.75;2160365
20110901;59.94;60.1;58.62;59.22;1521006
20110902;58;58.93;57.79;57.85;1332591
20110906;56.54;57.91;56.28;57.32;883161
20110907;58.23;59.73;57.42;59.68;898709
20110908;59.36;60.14;59.07;59.42;1243955
20110909;58.59;59.25;56.86;57.2;1052877
20110912;56.76;57.42;55.87;56.96;1422536
20110913;56.11;56.89;55.81;56.71;1348664
20110914;57.16;57.16;56.23;56.71;1495148
20110915;57.01;57.2;56.5;56.85;1281679
20110916;56.49;57.23;56.17;57.2;1763744
20110919;56.25;56.55;55.78;55.85;1389780
20110920;55.8;56.27;55.32;55.63;1533400
20110921;55.73;55.84;53.53;53.58;1332156
20110922;52.8;53.62;51.75;52.7;1533223
20110923;52.75;53.52;52.3;53.48;1071882
20110926;53.95;55.27;53.11;55.21;1254660
20110927;56.24;56.68;55.16;55.5;1111934
20110928;55.84;56.07;54.02;54.11;1121849
20110929;54.92;55.23;54.07;55.2;1042437
20110930;54.46;55.71;54.18;55.16;1865154
20111003;54.91;55.6;53.21;53.57;1774777
20111004;52.74;55.68;51.75;55.64;2117684
20111005;55.54;55.54;52.73;55.14;1561912
20111006;54.82;56.84;54.56;56.72;1169063
20111007;57;57.08;54.97;55.02;1166269
20111010;55.83;58.4;55.71;58.32;1134901
20111011;57.85;57.85;55.47;55.53;1581811
20111012;56.03;57.5;55.75;56.68;1026471
20111013;56.59;56.6;55.34;56.09;1224092
20111014;56.57;57.24;56.3;57.14;1237420
20111017;56.93;56.93;56.19;56.44;1163221
20111018;56.62;59.22;56.62;58.92;1185568
20111019;58.78;59.3;58.47;58.81;1418128
20111020;58.81;59.55;58.33;59.42;1030115
20111021;60.14;60.85;59.67;60.78;1067839
20111024;61;63.59;60.65;63.44;1398622
20111025;63.35;63.35;61.71;61.8;1092838
20111026;62.21;62.9;60.2;60.8;1987667
20111027;65.01;65.01;60.99;62.96;2089518
20111028;62.38;63.33;61.76;62.47;1185278
20111031;62.67;63.54;61.59;62.33;1645925
20111101;60.88;62.35;60.76;61.52;1762340
20111102;62.42;63.26;61.78;62.46;1918034
20111103;63.42;63.42;61.37;62.65;1196301
20111104;62.37;63.64;62.04;63.61;868997
20111107;63.65;64.02;62.8;63.85;516891
20111108;64.18;64.73;63.17;64.55;942410
20111109;63.03;64.22;62.18;62.33;953750
20111110;63.14;63.4;62.16;62.79;743689
20111111;63.26;64.32;62.86;64.21;462035
20111114;64.09;65;62.7;62.78;926617
20111115;62.56;64.47;62.46;64;726233
20111116;65.01;65.22;64.15;64.18;1843854
20111117;64.19;65.09;63.79;64.25;2360413
20111118;65.06;65.11;64.17;64.85;1818514
20111121;63.7;63.82;62.75;63.03;1227336
20111122;63.34;63.94;62.86;63.07;1762785
20111123;62.61;62.7;61.36;61.44;913046
20111125;61.53;63.05;61.35;62.22;420512
20111128;64.02;64.02;62.73;63.34;1516528
20111129;63.63;63.97;62.8;63.14;1250674
20111130;65.28;65.5;63.05;63.5;5303050
20111201;63.65;63.72;62.58;62.8;1116525
20111202;63.08;64.02;62.87;63.24;1007619
20111205;64.13;64.89;63.62;64.73;935599
20111206;64.7;65;64.22;64.92;636939
20111207;64.73;65.57;64.35;65.48;795302
20111208;65.05;65.16;63.98;64.35;1092882
20111209;64.45;65.18;63.98;64.87;998171
20111212;64.16;64.51;63.46;64.37;856333
20111213;63.02;64.13;63.02;63.57;1351538
20111214;62.45;63.65;62.43;63.62;1512995
20111215;64.07;64.88;63.79;64.22;971710
20111216;64.51;65.68;64.34;65.57;1814205
20111219;65.51;66.15;65.1;65.46;876865
20111220;66.2;67.11;65.84;67.11;1052851
20111221;67.11;67.43;65.91;65.96;1599347
20111222;66.53;66.62;66.01;66.13;1159920
20111223;66.52;66.52;65.66;66.39;470784
20111227;66.5;67.41;66.07;67.12;492908
20111228;66.99;67.34;66.76;67;814618
20111229;67.07;67.83;66.94;67.14;574198
20111230;67.42;67.44;66.66;66.67;512059
20120103;67.83;68.01;65.88;66.35;866150
20120104;66.01;66.43;65.22;65.53;1044795
20120105;65.48;66.13;65;66.09;1265542
20120106;66.26;67.15;65.97;66.72;1155396
20120109;66.83;66.85;66.21;66.66;804224
20120110;66.88;67;66.28;66.9;858428
20120111;66.87;67.24;66.54;67.16;758983
20120112;66.54;67.13;66.31;66.81;1232819
20120113;66.74;67.1;66.22;66.53;653226
20120117;67.19;67.34;66.72;67;770995
20120118;67.2;67.7;67.06;67.32;1042846
20120119;67;67.79;66.77;67.54;916453
20120120;67.47;68.08;67.26;68.08;1002153
20120123;68.28;68.5;67.92;68.4;831929
20120124;67.98;68.21;67.59;67.65;973570
20120125;67.59;69.09;67.54;68.84;809237
20120126;69.26;69.87;69.05;69.59;840167
20120127;69.76;70.28;69.15;70.02;779433
20120130;69.81;69.95;69.18;69.6;652361
20120131;69.7;70.96;69.53;70.86;1270311
20120201;71.31;72.02;71;71.96;1245900
20120202;72.15;72.39;70.93;71.37;884918
20120203;72.03;72.29;70.59;71.5;1194182
20120206;71.48;71.75;71.08;71.23;787906
20120207;70.84;71.02;70.48;70.79;982848
20120208;70.34;70.51;69.57;70.2;1779773
20120209;70.33;70.38;69.1;69.12;1690482
20120210;68.87;69.39;68.72;68.76;1336732
20120213;69.25;69.83;68.8;69.55;1275546
20120214;69.5;69.84;69.23;69.63;778031
20120215;69.77;70.04;68.08;69.19;719853
20120216;69.5;70.43;69.5;69.7;1181743
20120217;70.05;70.9;68.79;69.93;1479716
20120221;69.98;70.11;69.29;69.58;850752
20120222;69.5;70.02;68.88;68.88;1117896
20120223;69.26;71.21;69.04;70.9;1561283
20120224;71;71.6;70.19;70.79;751720
20120227;69.66;70.95;69.32;70.86;1016925
20120228;71.02;71.11;70.56;70.92;1093109
20120229;72.5;73.73;71.53;72.5;2570819
20120301;72.64;73.29;72.21;73.27;1524779
20120302;73.34;73.45;72.22;72.47;862650
20120305;72.65;73.22;72;72.92;911392
20120306;72.53;73.04;71.95;72.04;1140037
20120307;72.11;72.49;71.85;72.28;850027
20120308;72.51;72.88;71.87;71.95;861952
20120309;72.23;72.43;71.36;71.39;847606
20120312;71.5;72.38;71.39;71.92;1165103
20120313;71.37;72.43;71.04;72.35;1077872
20120314;72.46;72.76;72.06;72.33;902323
20120315;71.5;72.17;71.04;71.48;1410440
20120316;71.66;71.87;71.19;71.8;1246662
20120319;71.66;72.81;71.42;72.66;986533
20120320;72.31;72.69;72.03;72.69;697377
20120321;72.91;73.13;72.46;72.48;688152
20120322;72.17;72.17;70.95;71.67;702902
20120323;71.93;72.85;71.45;72.68;975186
20120326;73.39;73.42;72.65;73.34;827784
20120327;73.51;73.6;73.1;73.31;769009
20120328;73.3;73.31;72.64;73.07;733239
20120329;72.83;73.03;72.34;72.93;502680
20120330;73.31;74.04;73.24;73.97;1173369
20120402;74.09;74.43;73.36;74.36;796336
20120403;74.1;74.42;73.74;73.92;660561
20120404;73.72;73.97;72.94;73.6;598258
20120405;73.28;73.56;72.91;73.45;436633
20120409;73.25;73.71;72.94;73.26;527139
20120410;73.8;73.94;71.67;71.68;745288
20120411;72.08;72.13;71.45;71.86;1437914
20120412;72.1;72.79;71.58;72.57;637467
20120413;72.59;73.3;72.28;72.79;640489
20120416;73.32;74.22;73.19;73.81;543467
20120417;74.13;75.07;73.58;74.95;906038
20120418;74.79;74.87;74.21;74.59;429323
20120419;74.83;74.94;74.35;74.61;508079
20120420;73.9;73.99;72.72;73.63;1191020
20120423;73.46;73.5;72.29;72.88;565240
20120424;73.1;73.76;72.9;73.08;1153038
20120425;73.84;74.71;73.32;74.36;763062
20120426;74.24;74.56;72.4;73.75;899294
20120427;74.29;75.27;73.3;74.97;931292
20120430;74.85;75.23;74.44;75.09;558496
20120501;74.92;76.04;74.92;75.48;567436
20120502;75.06;75.8;74.76;75.65;602813
20120503;75.64;75.95;74.81;74.81;901249
20120504;74.55;74.83;73.89;73.92;763962
20120507;73.53;73.96;73.34;73.83;992048
20120508;73.67;74.19;73.29;73.94;993106
20120509;73.62;74.11;73.19;73.49;1281397
20120510;74.01;74.27;72.99;73.06;1150226
20120511;72.95;73.48;72.65;73.34;1103688
20120514;72.98;73.6;72.52;72.52;962905
20120515;72.71;73.55;72.43;72.86;1028613
20120516;73.26;73.45;72.17;72.18;1448945
20120517;72.02;72.2;69.22;69.36;1597193
20120518;69.5;70.14;68.36;68.48;1159714
20120521;67.84;70.01;67.84;69.76;1233582
20120522;70.01;70.23;69.43;69.99;1246533
20120523;69.87;70.95;69.41;70.93;1011493
20120524;70.62;71.39;70.45;71.23;544468
20120525;71.32;71.65;70.35;71.07;392336
20120529;71.19;72.11;70.97;71.94;930617
20120530;71.28;71.31;69.97;70.02;1590483
20120531;70.35;71.14;69.31;70.77;1282324
20120601;69.21;69.96;69.15;69.58;1059449
20120604;69.45;69.64;68.48;69.14;757803
20120605;69.01;70.52;68.63;70.21;656256
20120606;71.21;71.88;70.2;71.88;1022394
20120607;72.23;72.4;70.71;70.86;867475
20120608;71.04;72.24;70.76;72.24;566449
20120611;72.88;72.88;70.58;70.67;760020
20120612;71.02;71.66;70.41;71.65;974752
20120613;70.79;72.29;70.42;71.88;1300060
20120614;71.88;73.32;71.6;73.12;1083503
20120615;73.19;74.05;72.86;74.04;1384467
20120618;73.99;75.15;73.71;74.49;799634
20120619;75.01;75.49;74.35;75.32;1391131
20120620;75.31;75.62;74.21;74.72;852798
20120621;75;75;73.99;74;933491
20120622;74;74.36;73.69;73.74;1199719
20120625;73.46;73.59;72.68;73.25;1027874
20120626;72.29;73.29;72.29;72.84;1576606
20120627;72.78;73.21;72.31;72.71;7369391
20120628;72.77;73.61;72.08;73.61;1729516
20120629;73.76;75.08;73.76;75.07;2363876
20120702;75.19;75.9;75.02;75.83;1185835
20120703;75.94;76.82;75.94;76.49;650472
20120705;76.23;76.98;76;76.71;1329799
20120706;76.32;77.19;76.15;77.03;742627
20120709;76.87;78;76.74;77.91;1475326
20120710;77.83;78;76.15;76.77;1466767
20120711;76.96;77.11;76.45;76.84;835208
20120712;76.45;78.02;76.08;77.59;1015167
20120713;79.07;79.45;78.14;78.78;973701
20120716;78.85;79.25;78.66;78.81;694006
20120717;79.02;80.59;79.02;80.31;1199114
20120718;79.41;79.83;74.79;76.31;4703031
20120719;75.5;75.74;72.48;73.23;4786553
20120720;72.8;73.61;72.3;73.51;2167481
20120723;72.6;73.77;72.6;73.74;1173532
20120724;73.66;74.71;73.53;74.38;1450730
20120725;74.09;75.38;72.25;75.38;2418507
20120726;75.57;76.76;75.57;76.38;1796153
20120727;76.81;78.33;76.38;78.06;1801974
20120730;78.3;79.31;78.3;78.83;1804065
20120731;78.68;78.82;77.84;78.07;1882375
20120801;77.2;79;77.12;77.19;738073
20120802;76.69;76.88;76.19;76.65;961131
20120803;77.4;77.63;76.62;76.95;915220
20120806;77.26;77.56;76.6;76.91;449475
20120807;77.42;77.47;75.93;76.1;580521
20120808;75.88;76.03;75.2;75.74;675870
20120809;75.9;76.82;75.72;76.2;482747
20120810;76.04;76.36;75.7;76.25;360140
20120813;76.08;76.63;75.64;76.3;514535
20120814;76.15;76.63;75.99;76.26;346278
20120815;76.12;76.33;75.27;76.11;556507
20120816;76.04;76.56;75.56;76.44;567481
20120817;76.57;77.32;76.52;76.6;1059375
20120820;76.88;76.92;75.2;75.65;1307253
20120821;75.67;75.93;74.65;74.93;1191334
20120822;74.89;75.79;74;75.61;1117805
20120823;75.5;75.68;74.46;74.55;717822
20120824;74.33;74.5;73.98;74.23;691385
20120827;74.52;74.65;73.74;74.28;998094
20120828;74.36;74.36;73.65;74.25;720116
20120829;74.16;74.78;73.99;74.72;997326
20120830;74.62;74.88;74.22;74.81;549018
20120831;74.92;74.92;74.08;74.51;1002742
20120904;74.74;75;73.5;74.83;720235
20120905;74.74;74.99;73.84;74.09;673466
20120906;74.54;74.89;74.11;74.53;1039686
20120907;74.57;74.69;73.11;73.41;956300
20120910;73.2;73.4;72.94;73.22;983366
20120911;73.39;73.57;72.85;73.37;817838
20120912;72.9;73.23;72.19;72.36;767474
20120913;72.36;74.01;72.28;73.84;1646947
20120914;73.97;75.05;73.96;74.66;1041128
20120917;74.47;74.77;73.34;73.45;556623
20120918;73.41;73.58;72.83;73.26;630828
20120919;73.35;73.8;71.94;71.99;1586780
20120920;72.2;72.2;68.55;69.02;2743926
20120921;69.46;70;69.1;69.23;1719921
20120924;69.03;69.4;68.68;68.8;1482273
20120925;68.76;68.98;67.16;67.37;1341238
20120926;67.26;68.46;66.7;68.27;1494317
20120927;68.37;68.93;68.21;68.65;1173982
20120928;68.63;69.85;68.13;69.85;2206769
20121001;70.04;70.08;68.02;69.01;1482383
20121002;69.4;69.48;68.05;68.86;1079707
20121003;69.19;69.76;68.97;69.71;936628
20121004;69.81;70.16;68.51;68.79;1121043
20121005;69.16;69.16;68.01;68.15;1808217
20121008;68.1;68.27;67.85;68.05;799954
20121009;68.23;68.83;67.52;67.53;990832
20121010;67.5;68.24;67.22;67.37;1296503
20121011;67.79;68.1;66.97;67.03;1295823
20121012;67.12;67.35;66.02;66.07;815761
20121015;66.07;66.29;65.06;65.74;2261910
20121016;66.09;66.99;65.86;66.95;1230904
20121017;66.87;66.96;66.23;66.5;1337713
20121018;66.45;66.97;66.28;66.39;664620
20121019;66.33;66.47;65.14;65.24;1379845
20121022;65.05;65.72;64.51;64.78;1187519
20121023;63.51;64.28;63.16;63.92;1986096
20121024;64.01;64.32;63.48;63.7;1247649
20121025;64.02;64.41;59.35;64.12;5177778
20121026;63.23;64.21;59.98;61.15;4705610
20121031;61.37;61.91;61.21;61.43;1965657
20121101;61.37;61.75;60.13;60.3;1811512
20121102;60.63;60.9;59.95;59.98;1473585
20121105;60.18;60.28;59.25;59.28;1448638
20121106;59.79;60.72;59.64;60.68;2404101
20121107;60.26;61.75;60.08;61.45;2412556
20121108;61.5;61.77;61.13;61.29;1751240
20121109;61.02;61.67;60.65;61.36;1022602
20121112;61.12;61.87;60.81;61.77;911245
20121113;61.21;62.31;61.09;61.95;1550728
20121114;61.67;61.85;60.03;60.34;1522547
20121115;60.41;61.96;60.37;61;1176164
20121116;61.07;61.96;60.65;61.89;1014810
20121119;62.35;62.8;61.68;62.68;1266391
20121120;62.89;63.72;62.52;63.71;1599068
20121121;63.41;64.14;63.2;63.4;1066986
20121123;63.6;64.42;63.6;64.38;343411
20121126;64.07;64.91;63.46;64.13;888157
20121127;63.44;64.4;63.36;64.26;1163570
20121128;64.25;64.45;63.57;64.29;780905
20121129;64.71;64.72;63.9;64.33;811874
20121130;64.61;65.07;64.25;64.54;1227230
20121203;65.24;65.85;65.08;65.71;1763529
20121204;65.7;66.18;65.13;65.83;928808
20121205;66.01;66.25;65.43;65.59;1169808
20121206;65.97;66.42;65.32;65.65;1269029
20121207;65.92;66.2;65.45;65.93;758967
20121210;65.92;66.43;65.79;66.4;841876
20121211;66.75;67.34;66.41;67.34;1239648
20121212;66.31;67.04;65.68;66.65;1344362
20121213;66.47;66.92;66.41;66.57;1276349
20121214;66.63;66.72;65.91;66.05;1187296
20121217;66.21;66.21;65.31;65.72;1276814
20121218;65.74;66.61;65.62;66.58;1157214
20121219;66.75;67.98;66.71;67.72;1339685
20121220;67.68;67.88;67.4;67.84;709049
20121221;67.28;67.94;66.71;67.38;5041324
20121224;67.1;67.96;65.5;67.62;228173
20121226;67.65;68.75;67.08;67.5;446929
20121227;67.6;68.04;67.01;67.69;476961
20121228;67.35;68.16;67.22;67.69;516720
20121231;67.38;67.98;67.23;67.89;756950
20130102;68.86;69.22;68.24;68.76;919452
20130103;68.93;69.1;68.34;68.48;954347
20130104;68.5;68.76;68.3;68.72;935020
20130107;68.84;69.12;68.46;68.61;873272
20130108;68.79;68.87;68.31;68.5;874939
20130109;68.83;69.14;68.65;69;976803
20130110;69.22;69.46;68.9;69.22;911316
20130111;69;69.84;68.89;69.84;1055942
20130114;69.91;70.53;69.56;70.53;1261482
20130115;70.52;71.24;69.92;71.16;1214506
20130116;70.88;71.44;70.57;70.78;1164838
20130117;71.02;71.02;70.43;70.57;897846
20130118;70.9;71.92;70.63;71.49;1655910
20130122;71.58;72.01;71.14;71.14;1181123
20130123;71.19;71.38;70.49;70.58;1054912
20130124;70.47;70.72;69.92;70.17;1425229
20130125;70.43;72.35;70.23;72.34;1173816
20130128;72.36;72.92;72.34;72.73;1164549
20130129;71.13;71.54;70.02;70.75;2340556
20130130;70.76;70.86;69.87;70.1;1167924
20130131;69.47;69.69;65.76;67.91;3356122
20130201;68.11;68.88;67.91;68.21;1549341
20130204;67.82;68.51;67.8;68.29;1141237
20130205;68.82;69.2;67.23;67.38;1734053
20130206;65.15;67.02;64.34;66.31;2742701
20130207;66;66.27;64.87;65.15;1731124
20130208;65.4;65.72;65.13;65.4;1201175
20130211;65.4;65.44;64.71;65.21;1066929
20130212;65.98;66.43;65;65.69;1378627
20130213;65.87;66.02;65.35;65.5;870097
20130214;65.15;65.99;65.1;65.37;1463292
20130215;65.46;65.48;62.75;63.65;5571967
20130219;63.77;64.68;63;64.62;2387860
20130220;64.44;66.3;64.4;65.97;2378021
20130221;65.65;66.3;65.49;66.17;2044052
20130222;66.16;67.26;66.03;67.11;1602459
20130225;67.06;67.52;66.49;66.51;1141177
20130226;66.75;67.2;65.78;65.92;1106043
20130227;66.09;66.36;65.83;66.13;1059854
20130228;66.42;67.29;65.98;66.98;1391563
20130301;66.86;67.77;66.65;67.66;1351009
20130304;67.47;68.28;67.44;67.8;1000683
20130305;67.92;68.25;67.85;68.01;973966
20130306;68.04;68.64;67.56;68.25;1281633
20130307;68.25;68.68;67.77;68.03;1043299
20130308;68.21;68.52;67.81;68.52;1501067
20130311;68.26;68.66;68.22;68.66;1286522
20130312;68.73;68.75;68.16;68.37;927038
20130313;67.42;68.07;67.18;68;1028376
20130314;68;68.38;67.91;68.3;909292
20130315;68.08;68.16;67.17;67.45;1806529
20130318;67.1;67.62;66.69;67.03;1543910
20130319;67.15;67.15;65.81;66.21;1310520
20130320;66.37;66.56;65.53;65.9;1355206
20130321;66.04;66.9;65.99;66.15;948760
20130322;66.4;66.49;65.8;65.9;968811
20130325;66.25;66.68;66.09;66.59;929048
20130326;66.93;67.08;66.64;67.08;1172325
20130327;67;67.17;66.43;67.01;1193002
20130328;67.14;67.3;65.92;66.91;2617355
20130401;66.64;66.8;65.68;66.5;1565279
20130402;66.49;67.41;66.15;66.38;1260000
20130403;66.73;66.9;65.89;65.98;1022093
20130404;66.31;67.69;66.09;67.56;1221794
20130405;67.1;68.5;66.91;68.35;1095560
20130408;68.24;69.86;68.03;69.85;1179528
20130409;69.7;70.55;69.37;70.44;1171159
20130410;70.54;70.98;70.36;70.95;985803
20130411;69.94;71.35;69.7;71.17;1185815
20130412;70.96;71.31;70.64;71.31;837350
20130415;70.9;71.4;70.11;70.18;1068031
20130416;70.98;71.57;69.86;71.54;1012637
20130417;71.53;71.95;70.69;71.81;934476
20130418;72.1;72.24;71.49;71.97;792302
20130419;72.09;73.81;71.85;73.77;976429
20130422;73.91;74;72.91;73.25;1008274
20130423;73.68;73.93;73.3;73.65;813565
20130424;73.73;73.84;72.46;72.6;1156431
20130425;72.81;73.05;71.73;71.84;1327437
20130426;71.5;72.18;69.7;69.86;1928778
20130429;69.56;70;68.54;69.92;1083154
20130430;70.01;70.52;69.57;70.52;1323171
20130501;70.56;70.87;69.52;69.86;1259119
20130502;70.43;70.57;68.96;69.17;1291328
20130503;69.7;69.87;68.39;68.4;1330614
20130506;68.45;68.69;68.11;68.5;1301121
20130507;68.63;69.27;68.33;68.87;1436885
20130508;68.87;69.3;67.95;69.02;1366756
20130509;66.12;66.92;63.94;66.07;8691742
20130510;65.76;66.27;65.23;65.51;1905708
20130513;65.1;66.82;65.1;66.72;2591919
20130514;66.88;66.99;65.15;65.45;1644651
20130515;65.48;65.61;63.46;63.76;3623219
20130516;63.7;64.13;63.26;63.52;1884481
20130517;63.78;64.08;62.91;63.03;1626474
20130520;63.03;63.6;62.93;63.3;1039751
20130521;63.54;64.6;63.39;64.07;1760097
20130522;63.87;64.57;62.35;62.59;1721038
20130523;61.88;63.7;61.33;62.99;1912299
20130524;62.66;63.18;61.95;63.03;891096
20130528;63.44;63.89;61.67;62.04;857079
20130529;61.44;61.74;60.12;60.93;1870900
20130530;60.93;61.52;60.78;61.23;1367124
20130531;60.9;61.49;60.86;60.91;1818701
20130603;60.89;61.08;58.79;59.18;1957454
20130604;59.49;59.93;58.79;58.8;1573854
20130605;58.67;62.53;58.23;61.79;3188829
20130606;62.27;63.06;61.13;62.39;2324599
20130607;62.82;63.23;59.55;60.4;2936421
20130610;61.05;61.91;60.52;61.53;1439783
20130611;61.48;61.86;61.02;61.09;2838354
20130612;60.08;60.12;58.29;58.6;1281217
20130613;58.4;59.93;58.3;59.62;1077347
20130614;59.73;61.25;59.5;61.21;1734194
20130617;61.67;62.33;60.9;61.55;1820519
20130618;61.53;62.07;61;61.53;1039680
20130619;61.81;62.04;58.91;58.99;2259216
20130620;58.92;59.01;56.02;56.28;2037789
20130621;56.48;58.55;56.48;58.34;1965996
20130624;57.76;58.65;57.44;57.73;2406148
20130625;58.18;58.5;57.67;58.22;2144369
20130626;58.35;59.45;58.27;59.35;2025987
20130627;59.65;60.8;59.65;60.27;1508422
20130628;60.96;61.56;59.96;61;1885689
20130701;61.59;61.82;59.93;60;1219365
20130702;59.95;60.73;59.84;60.21;1269436
20130703;60.18;60.41;59.67;60.17;787506
20130705;60.26;60.45;58.41;59.42;1252495
20130708;59.36;59.76;59.24;59.3;1399384
20130709;59.39;60.5;59.36;60.38;1178158
20130710;61.21;61.93;61.07;61.25;1887121
20130711;62.04;64.6;61.91;64.58;3198815
20130712;64.32;64.39;63.04;63.53;1524159
20130715;63.51;63.92;63.04;63.65;587898
20130716;63.78;64.06;63.1;63.87;999118
20130717;63.94;64.4;63.21;63.98;1173949
20130718;63.92;64.53;63.67;64.36;609839
20130719;64.36;64.78;63.85;64.4;570218
20130722;64.16;64.91;63.84;64.5;1036521
20130723;64.32;64.7;63.96;64.25;836168
20130724;64.4;64.48;62.64;63.14;1260456
20130725;63.12;63.3;62.51;62.99;1247788
20130726;63.74;65.43;56.07;58.28;5710124
20130729;59.16;59.16;56.92;57.32;3107296
20130730;57.35;57.93;56.63;56.73;2161054
20130731;56.74;56.99;54.62;55.29;3991255
20130801;55.29;55.49;54.31;54.7;4397546
20130802;54.83;55.24;54.1;54.33;1797660
20130805;54.2;55.06;53.92;55.01;1345255
20130806;55.32;55.77;55.11;55.46;1267084
20130807;55.32;55.91;55.06;55.64;1765134
20130808;55.83;55.96;55.04;55.42;809270
20130809;55.25;56.61;55.12;56.27;1001895
20130812;56.27;56.37;55.12;55.2;1138075
20130813;55.1;55.28;53.81;54.58;1868694
20130814;54.12;54.42;53.74;54.25;1665966
20130815;54;54;53.23;53.38;1320510
20130816;53.15;53.22;52.02;52.3;1341986
20130819;51.91;52.3;50.98;51.06;1808726
20130820;51.44;52.74;51.31;52.69;1460526
20130821;52.73;53.52;52;52.58;1104027
20130822;52.76;53.43;52.56;53.3;1086299
20130823;53.4;54.75;53.36;54.73;1085762
20130826;54.78;54.78;54.07;54.63;848330
20130827;54.18;55.43;54.06;55.41;1177773
20130828;55.31;55.52;54.05;55.27;1938552
20130829;54.85;56.03;54.8;55.68;1277035
20130830;55.82;56.48;55.33;55.6;1238960
20130903;56.11;56.28;53.93;54.1;1421108
20130904;53.82;54.11;52.75;52.78;1294253
20130905;52.99;52.99;51.01;51.58;2742283
20130906;52.08;52.38;51.52;51.88;2235361
20130909;52.13;52.85;51.98;52.67;1600252
20130910;52.95;53.4;52.63;53.37;1847070
20130911;52.98;54.56;52.82;54.56;1814586
20130912;54.85;55.27;53.79;54.26;2742679
20130913;54.2;54.99;54.1;54.51;968463
20130916;55.21;55.44;54.52;54.62;1035914
20130917;54.75;55.38;54.59;55.05;1213930
20130918;54.82;58.03;54.58;57.64;1180324
20130919;57.5;57.85;56.8;56.94;986349
20130920;56.92;56.99;55.07;55.13;1316852
20130923;55;56.13;54.9;55.74;1623553
20130924;55.6;56.23;55.1;55.77;1565278
20130925;55.51;56;54.99;55.52;1210045
20130926;55.55;56.34;55.55;56.03;1093288
20130927;55.81;55.96;54.32;54.65;1380111
20130930;54.45;54.51;53.09;53.1;1622251
20131001;53.22;54.63;52.11;54.42;1756982
20131002;54.5;55.1;54.17;54.56;1303992
20131003;54.69;55.12;52.68;52.82;1969383
20131004;53.05;53.63;52.19;52.5;1877082
20131007;52.19;54.08;52.11;53.94;1595876
20131008;53.81;54.03;52.5;52.5;1150277
20131009;52.63;53.3;52.43;52.81;876720
20131010;53.17;54.1;53.17;53.89;826767
20131011;54.81;55.61;53.99;55.25;1436284
20131014;54.81;55.22;54.25;54.62;944096
20131015;54.36;54.92;54.34;54.39;1091867
20131016;54.3;55.04;54.07;54.99;795072
20131017;55.15;57.47;54.82;57.28;1627617
20131018;57.34;57.34;55.9;56.24;1216286
20131021;56.36;56.55;55.75;56.24;649918
20131022;55.56;56.73;55.37;56.22;1379892
20131023;56.24;56.39;55.56;56.37;1211201
20131024;56.33;57.3;56.12;57.3;896252
20131025;57.3;58.1;56.99;57.91;1124656
20131028;57.8;58.35;57.16;58.25;1879100
20131029;58.2;58.23;57.26;58.03;1662013
20131030;53;53;48.5;49.17;10981375
20131031;49.22;49.25;46.65;47.66;5565326
20131101;48;48.57;47.56;48.5;2271197
20131104;48.16;48.42;47.3;47.9;2146941
20131105;47.98;48.2;47.55;47.91;2255611
20131106;47.88;48.08;47.12;47.25;2132890
20131107;47.26;47.43;46.12;46.63;2771515
20131108;46.51;46.7;45.22;45.81;2036060
20131111;45.62;46.53;45.31;46.4;1195084
20131112;46.13;46.62;45.77;46.38;1759265
20131113;46.24;46.82;45.7;46.29;3913165
20131114;46.77;47.47;46.25;47.12;1803759
20131115;47.07;48.05;46.8;47.97;2173285
20131118;47.97;48.57;47.78;48.17;1907258
20131119;48.32;48.32;47.1;47.3;1438198
20131120;47.26;47.76;46.78;47.03;1249068
20131121;47.12;47.74;46.78;47.54;1238827
20131122;47.49;47.69;46.5;46.92;1198610
20131125;46.71;47.19;46.28;46.67;1166234
20131126;46.78;46.89;46.33;46.56;1485205
20131127;46.78;47.25;46.61;47.23;1006056
20131129;47.5;47.65;47.11;47.24;877450
20131202;47.08;47.17;45.42;45.93;1419871
20131203;44.98;44.99;43.04;44.53;4793772
20131204;44.12;45.9;43.91;45;2271404
20131205;45;46.65;44.94;46.29;2677217
20131206;46.59;46.92;45.81;46.01;1507136
20131209;45.93;46.08;45.46;45.63;1474964
20131210;45.6;47.1;45.5;46.74;1818150
20131211;46;46.26;45.15;45.48;1712893
20131212;45.34;45.39;44.37;44.62;1606770
20131213;44.77;45.51;44.41;44.64;1317854
20131216;44.5;45.04;44.42;44.89;1732072
20131217;44.86;46.32;44.76;46.16;1609706
20131218;45.88;46.71;45.46;46.49;1577428
20131219;46.24;46.4;45.57;46.29;1159749
20131220;45.89;47.41;45.89;47.41;1642009
20131223;47.5;48.55;47.42;48.5;2033308
20131224;48.38;49.16;48.13;49.1;1132760
20131226;49.26;49.8;48.77;49.1;1114157
20131227;49;49.19;48.76;49.1;1156141
20131230;48.88;49.5;48.88;48.96;1296461
20131231;48.75;49.42;48.7;49.12;1259329
20140102;49.63;50.83;49.3;49.47;2583986
20140103;49.82;50.26;49.15;49.83;1215034
20140106;50.51;50.64;49.53;49.73;1147776
20140107;50.3;50.75;49.79;49.86;2426211
20140108;49.78;50.07;49;49.48;1603188
20140109;49.76;50.23;49.1;49.7;893952
20140110;50.03;50.47;49.72;50;1846502
20140113;50.17;50.88;49.95;50.21;1421547
20140114;50.65;51.31;50.37;51.2;1641824
20140115;51.23;52.87;51.23;52.51;2189985
20140116;52.64;53.12;52.46;52.83;2754293
20140117;52.69;53;51.32;51.77;1410838
20140121;52.15;53.14;52.12;53.03;2377457
20140122;53.12;53.22;51.57;52.26;1763657
20140123;52.24;52.55;51.98;52.45;1249860
20140124;52.35;52.77;51.91;52.35;2251627
20140127;52.4;52.53;51.5;51.51;1266436
20140128;51.5;52.86;51.38;52.12;1134481
20140129;49.89;51.24;49.18;50.3;3014602
20140130;50.86;50.95;49.9;49.95;1859077
20140131;49.54;51.19;49.33;50.99;1756794
20140203;51.06;51.08;49.98;50.11;1491617
20140204;50.26;51.91;50.26;51.85;1215616
20140205;52;52.06;51.42;51.93;935988
20140206;51.91;52.19;50.85;51.45;1343056
20140207;51.48;52.19;51.24;51.86;1453688
20140210;52.04;52.99;51.46;52.86;997684
20140211;52.6;52.8;51.64;52.11;1075717
20140212;52.5;52.91;52.12;52.91;1068745
20140213;52.94;53.95;52.8;53.57;1234738
20140214;53.41;53.7;53.12;53.39;663334
20140218;53.6;53.78;53.28;53.52;1169580
20140219;53.44;53.56;52.41;52.64;1555695
20140220;52.62;53.04;51.79;52.09;1665489
20140221;52.18;53.55;52.17;53.48;1764543
20140224;53.44;54.5;53.32;54.14;2668825
20140225;55.04;57.52;52.37;53.55;3926171
20140226;54;54;52.83;53.59;1658074
20140227;53.64;54.05;53;53.71;695718
20140228;53.58;54.44;53.42;54.16;1213800
20140303;53.7;54.46;53.56;54.35;845262
20140304;54.95;55;54.6;54.94;887322
20140305;55.08;55.1;54.36;54.76;828877
20140306;54.94;55.08;54.15;54.3;786459
20140307;54.23;54.25;51.87;52.36;1533304
20140310;52.35;52.76;52.1;52.39;1046131
20140311;52.25;53.44;52.25;53.25;834789
20140312;52.08;52.73;51.78;52.66;1170536
20140313;52.57;52.79;51.06;51.28;1211216
20140314;51.13;52.02;51.13;51.51;646865
20140317;52.1;52.99;51.85;52.77;851060
20140318;52.42;52.65;50.07;51.91;2324560
20140319;51.96;52.95;50.16;50.29;1466092
20140320;50.14;50.34;48.85;49.77;2193825
20140321;49.84;50.22;49.61;49.97;1510656
20140324;50.07;50.55;49.74;50.34;1112523
20140325;50.88;51.76;50.69;51.75;1244399
20140326;52.01;52.72;51.26;52.08;1372240
20140327;51.92;53.65;51.92;53.16;2263116
20140328;53.45;54.24;52.61;53.5;1760248
20140331;53.69;53.7;52.8;53.08;1231026
20140401;53.31;53.57;52.35;52.94;1467822
20140402;52.81;52.91;52;52.22;1293626
20140403;52.18;53.37;51.81;53.12;1616615
20140404;52.91;54.66;52.78;53.18;2543831
20140407;53.11;53.65;52.79;53.33;2520934
20140408;53.2;54.31;53.2;53.6;4115212
20140409;53.63;54.35;52.8;54.18;3936190
20140410;54.43;55.07;52.45;52.88;1658227
20140411;52.56;52.8;51.33;51.68;3158028
20140414;51.91;52.59;51.54;52.11;1250391
20140415;52.32;53.64;52.12;53.32;1405596
20140416;53.62;54.15;53.16;53.83;1115194
20140417;53.9;54.01;52.94;53.47;1277140
20140421;53.72;54.09;53.33;53.58;1174281
20140422;53.65;53.8;53.37;53.43;1603160
20140423;53.52;53.59;52.26;52.75;3886066
20140424;52.82;53.12;52.53;52.86;2262382
20140425;52.81;52.99;52.39;52.62;2208825
20140428;52.63;52.88;52.4;52.74;2617160
20140429;52.76;53.42;52.73;53.26;1613451
20140430;53.25;53.45;53;53.4;2183823
20140501;53.29;53.84;52.78;53.54;1425300
20140502;53.35;54.14;53.3;54;970880
20140505;53.75;54.32;53.6;54.18;803588
20140506;54.08;54.67;53.78;54.5;1722751
20140507;55.28;56.45;54.5;55.79;2806483
20140508;55.89;56.25;55.74;56.23;2680878
20140509;56.09;58.13;56.09;57.87;2258129
20140512;57.9;59.38;57.9;58.48;2789349
20140513;58.63;59.34;58.28;58.59;3207005
20140514;58.56;59.09;58.2;58.8;2077641
20140515;58.59;58.77;57.88;58.24;1683310
20140516;58.52;59.41;58.22;59.33;2743072
20140519;59.11;59.31;58.59;58.98;1077029
20140520;58.91;59.26;58.53;58.82;1159412
20140521;58.25;58.32;56.84;57.75;1446351
20140522;57.75;57.99;57.28;57.46;1136158
20140523;57.61;58;56.96;57.36;1344232
20140527;57.77;57.87;57.3;57.58;927036
20140528;57.6;58;57.23;57.64;964019
20140529;57.18;57.61;56.51;57.4;1341207
20140530;57.47;57.97;57.28;57.5;1351501
20140602;57.54;58.15;57.47;58.1;828689
20140603;57.78;58.07;57.51;58.07;785492
20140604;57.96;58.6;57.82;58.38;900452
20140605;58.06;59.35;58.06;59.3;1949924
20140606;59.5;59.5;58.51;58.66;1003206
20140609;58.69;58.9;57.96;58.02;1137812
20140610;58.03;58.34;57.77;58.29;900288
20140611;57.3;57.5;56.3;56.7;1267678
20140612;56.76;57.02;55.96;56.68;1051506
20140613;56.73;56.8;56.24;56.66;736860
20140616;57.28;58.17;57.28;57.61;1006250
20140617;57.35;57.99;57.12;57.87;855687
20140618;57.76;57.84;56.85;57.71;798604
20140619;57.92;58.58;57.65;58.08;950857
20140620;58.07;58.22;57.43;57.89;1647309
20140623;58;58;57.43;57.47;800550
20140624;57.48;58.45;57.48;57.72;981058
20140625;57.85;57.98;57.49;57.6;862212
20140626;57.5;57.74;57.27;57.69;622791
20140627;57.73;58.49;57.67;58.4;2273930
20140630;58.25;58.56;57.77;58.32;853525
20140701;58.48;59.05;57.98;58.88;787751
20140702;58.76;58.89;58.13;58.67;661837
20140703;58.6;58.87;57.64;58.17;599573
20140707;58.21;58.74;58.11;58.63;592897
20140708;58.57;59.43;58.27;59.2;797390
20140709;59.21;59.31;58.58;59.28;749879
20140710;59.13;60.11;59.05;59.8;1104882
20140711;59.87;60.09;59.38;59.65;855896
20140714;59.93;60.2;59.62;59.97;690748
20140715;60.03;60.61;59.97;60.39;1091560
20140716;60.42;60.7;60.11;60.55;743746
20140717;60.36;60.7;60.18;60.41;922586
20140718;60.41;61.23;60.05;61.23;710988
20140721;61.23;61.52;60.91;61.23;752008
20140722;61.98;62.54;61.46;62.29;1036897
20140723;62.66;63.37;62.4;63.17;1667571
20140724;63.33;63.99;63.22;63.47;1721425
20140725;63.27;63.67;62.68;62.92;2684236
20140728;62.99;63.81;62.69;63.49;1056040
20140729;63.5;63.96;63.18;63.91;1653152
20140730;63.4;65.23;63.01;64.78;2949667
20140731;64.35;65.15;64.13;64.39;2841565
20140801;64.32;64.92;63.99;64.09;1818274
20140804;64.29;64.52;63.65;64.35;2439887
20140805;64.35;65.41;64.27;64.51;2170563
20140806;64.18;64.65;64;64.04;903887
20140807;64.05;64.45;63.67;64;1127419
20140808;64.17;64.64;63.78;64.61;611663
20140811;64.78;65.39;64.37;64.98;673995
20140812;64.94;65.33;64.82;64.82;736072
20140813;64.93;65.89;64.81;65.89;566175
20140814;66.03;66.3;65.56;65.77;580023
20140815;65.95;66.1;65.49;65.5;799596
20140818;65.91;66.68;65.66;66.49;754333
20140819;66.51;67.09;66.06;66.38;1077750
20140820;66.5;67.34;66.17;66.94;1288591
20140821;67.12;67.75;66.91;67.52;976746
20140822;67.35;67.4;65.79;65.89;1135809
20140825;65.91;65.93;65.44;65.67;909273
20140826;65.59;65.91;65.56;65.6;748359
20140827;65.72;65.89;65.56;65.6;605792
20140828;65.59;65.72;65.33;65.47;631137
20140829;65.68;65.71;65.24;65.25;1679005
20140902;65.47;65.59;65.02;65.53;1177628
20140903;65.52;66.23;65.46;65.81;810848
20140904;65.87;66.2;65.41;65.95;726533
20140905;65.99;66.8;65.87;66.74;941111
20140908;66.89;67.75;66.73;67.54;1306926
20140909;67.47;67.53;67.08;67.37;945750
20140910;67.19;67.31;66.24;66.54;1139911
20140911;65.71;66.4;65.29;66;2603218
20140912;65.84;65.9;63.69;64.38;2647640
20140915;64.25;64.57;63.19;63.63;1189258
20140916;63.52;64.2;63.26;63.93;1255925
20140917;64.18;64.47;63.4;63.47;1193709
20140918;63.67;63.71;62.53;62.86;1125812
20140919;63.05;63.35;62.91;62.96;1231749
20140922;62.96;63.11;62.47;62.62;583419
20140923;62.64;62.89;61.67;61.68;1093879
20140924;61.69;62.16;61.38;61.75;929051
20140925;61.78;62.12;61.56;61.76;657136
20140926;61.79;62.45;61.33;62.36;514668
20140929;62.13;62.57;61.45;62.57;626487
20140930;62.48;62.68;61.85;62.38;723917
20141001;62.42;63.54;62.19;62.89;1447884
20141002;62.74;63.33;62.33;62.83;1114311
20141003;63.14;63.27;62.3;62.87;567094
20141006;62.86;63.27;62.62;62.74;1225078
20141007;62.7;63.05;62.39;62.4;702230
20141008;62.5;63.53;62.35;63.25;1129720
20141009;63.28;64.44;63.28;63.56;982104
20141010;63.58;64.31;62.79;62.85;874142
20141013;62.96;63.95;62.61;63.32;686721
20141014;63.42;65;63.41;64.4;952500
20141015;63.99;64.84;62.94;63.65;1275337
20141016;63.18;63.67;62.56;63.02;1856061
20141017;63.05;64.64;62.78;64.39;1377778
20141020;64.49;65.47;64.29;65.29;979748
20141021;65.49;66.41;65.05;66.35;997039
20141022;66.41;66.75;65.81;66.21;915152
20141023;66.43;66.63;66.04;66.3;2070499
20141024;66.48;66.82;66.1;66.3;2406825
20141027;66.31;67.41;66.31;67.4;1263786
20141028;67.4;67.54;66.98;67.53;892014
20141029;67.31;67.66;66.39;67.02;1106862
20141030;66.95;68.01;66.73;67.5;1917415
20141031;67.98;69.04;67.5;68.99;1513194
20141103;68.48;68.66;67.59;67.67;1489081
20141104;67.64;67.81;67.14;67.75;767198
20141105;67.98;68.29;67.57;68.25;1022930
20141106;68.44;68.75;67.55;67.61;1131412
20141107;67.65;68.06;66.96;67.77;1122748
20141110;67.9;68.94;67.65;68.61;1305333
20141111;68.7;68.72;67.98;68.45;734349
20141112;68.45;68.77;68;68.4;805997
20141113;68.61;69.12;68.07;69.06;949566
20141114;69.06;69.25;68.6;68.83;1128360
20141117;68.92;69.58;68.83;69.41;834757
20141118;69.21;69.34;68.27;69.01;754705
20141119;68.78;69.15;68.3;68.55;806512
20141120;68.58;68.85;68.07;68.31;693715
20141121;68.64;69.39;68.16;69.39;1263740
20141124;69.42;69.47;68.86;68.97;756813
20141125;69.1;69.24;68.37;68.61;915983
20141126;68.8;70.43;68.8;69.89;891443
20141128;70.11;70.92;70;70.27;594225
20141201;70.21;70.42;69.18;69.37;717005
20141202;69.21;69.58;68.52;69.09;720014
20141203;69.3;69.47;68.56;68.74;687733
20141204;68.88;68.88;68.16;68.53;992799
20141205;68.49;68.74;67.75;68.65;982273
20141208;68.69;69.81;68.43;68.88;903439
20141209;68.61;69.86;68.35;69.27;902513
20141210;69.43;69.55;68.25;68.66;956507
20141211;68.27;68.27;66.93;66.97;797781
20141212;66.84;68.07;66.5;66.55;1294358
20141215;66.69;66.88;64.81;64.93;1485339
20141216;64.8;65.32;64.11;64.48;1191077
20141217;64.64;65.72;64.05;65.65;1566247
20141218;66.11;66.48;65.55;66.44;991552
20141219;66.44;66.47;65.75;65.91;1456446
20141222;65.91;66.45;65.76;66.29;1748420
20141223;66.57;66.59;66.06;66.34;1038601
20141224;66.43;66.54;66.03;66.13;492018
20141226;66.27;66.94;66.14;66.87;411788
20141229;66.9;67.46;66.88;67.2;541062
20141230;67.1;67.67;66.89;67.07;482758
20141231;67.14;67.9;66.19;66.3;653666
20150102;66.35;66.72;66.18;66.41;659004
20150105;65.93;67.83;65.62;67.69;1514903
20150106;67.95;68.37;67.22;67.48;1232298
20150107;67.87;68.1;67.12;68.02;854663
20150108;68.21;69.1;67.85;68.91;1165762
20150109;68.77;68.96;67.99;68.18;570026
20150112;67.8;68.91;67.71;68.82;812272
20150113;69.17;69.8;68.99;69.79;1225031
20150114;69.24;71.03;69.23;71.02;1215842
20150115;71.25;71.67;70.82;71.53;1088265
20150116;71.6;72.18;71.22;72.1;1230065
20150120;72.41;73.18;72.23;72.78;1622523
20150121;72.63;72.87;72.19;72.59;1047958
20150122;72.72;73.75;72.72;73.51;1394716
20150123;73.51;73.88;73.16;73.65;616051
20150126;73.8;74.05;73.5;74.05;742334
20150127;73.73;74.28;73.73;74.02;722173
20150128;74.35;75.39;74.11;74.39;998564
20150129;74.42;74.79;73.52;74.1;960932
20150130;74.09;74.09;72.94;72.94;1085376
20150202;73;73.4;72.07;73.24;856147
20150203;72.64;73.42;72.25;73.36;1002015
20150204;73.14;74.01;72.51;73.51;910961
20150205;73.69;74.3;73.06;74.18;1651167
20150206;73.63;73.66;69.1;69.72;2582428
20150209;69.47;69.67;67.89;67.98;1629234
20150210;68.06;69.17;67.57;69.15;1152791
20150211;69.06;69.67;68.72;69.53;1084707
20150212;69.7;70.9;69.59;70.72;1677320
20150213;70.63;70.96;67.27;68.65;2196401
20150217;68.62;69;66.95;67.3;1408378
20150218;67.14;67.68;66.41;67.58;1432076
20150219;67.32;67.74;65.87;66.27;1206889
20150220;66.47;67.47;66.43;67.42;1019106
20150223;67.8;68.45;67.49;67.93;610809
20150224;67.72;67.84;66.5;66.75;1093643
20150225;66.7;67.16;65.85;66.17;1243549
20150226;66.21;66.33;64.97;65.44;1300589
20150227;65.54;66.5;65.39;66.38;1042978
20150302;67.1;67.76;66.61;66.94;1468827
20150303;66.73;66.92;65.79;66.72;1033966
20150304;66.75;66.94;65.32;65.6;917458
20150305;65.95;66.55;65.73;65.87;768366
20150306;64.52;65.04;63.3;64.99;1594788
20150309;65.37;65.67;64.42;64.49;790173
20150310;64.18;65.13;64;64.6;1026627
20150311;63.89;64.91;63.76;64.51;1226311
20150312;64.79;65.31;64.53;64.95;778647
20150313;64.93;64.97;64.08;64.47;877670
20150316;64.74;65.44;64.63;64.95;1055615
20150317;64.87;65.32;64.53;64.98;1263532
20150318;65;66.21;64.28;66.04;1835769
20150319;66.04;66.98;65.82;66.55;836490
20150320;66.64;68.45;66.48;68.28;949616
20150323;68.24;68.29;67.49;67.52;868031
20150324;67.62;67.7;66.72;66.78;678259
20150325;66.92;67.47;66.4;66.61;1069376
20150326;66.62;67;66.33;66.67;1006116
20150327;66.55;67.24;65.42;65.73;1229346
20150330;66.15;66.8;65.5;66.76;728505
20150331;66.69;67.16;65.95;65.96;959141
20150401;66.06;66.29;64.72;65.18;965245
20150402;65.26;66.05;65.19;65.84;651144
20150406;65.72;66.81;65.72;66.39;609688
20150407;66.53;66.66;65.68;66.03;651172
20150408;66.06;66.47;65.91;66.37;671200
20150409;66.13;66.6;65.03;65.35;1254311
20150410;65.7;66.24;64.96;65.22;1076994
20150413;65.21;65.43;65.06;65.06;694710
20150414;65.36;65.73;65.29;65.42;704836
20150415;65.39;65.61;64.85;65.11;568912
20150416;64.94;65.53;64.35;65.41;716226
20150417;65.21;65.5;64.71;65.31;832957
20150420;65.31;66.15;65.19;65.8;1101503
20150421;65.98;66.64;65.71;66.52;1282480
20150422;66.47;66.6;66.08;66.29;769987
20150423;66.15;66.49;65.86;65.86;718896
20150424;66.25;67.19;65.87;66.72;787811
20150427;66.93;67.01;66.3;66.65;818816
20150428;66.48;66.48;64.71;65.05;1285236
20150429;64.57;64.92;63.59;63.85;1151355
20150430;63.55;63.82;62.76;63.41;1113535
20150501;63.45;64.19;63.41;64.12;931534
20150504;64.13;64.88;64.03;64.32;748685
20150505;64.02;64.31;62.89;63.09;1097653
20150506;63.92;64.85;63.2;63.85;1431792
20150507;63.84;65.05;63.16;64.84;1227696
20150508;65.48;66.94;65.26;65.78;785957
20150511;65.51;66;64.58;64.68;689693
20150512;64.25;64.77;63.72;64.52;741789
20150513;64.73;65.51;64.36;64.73;1024844
20150514;64.91;66.1;64.69;65.88;773251
20150515;65.95;66.79;65.95;66.7;765034
20150518;66.46;66.79;66;66.27;774980
20150519;66.17;66.44;65.72;65.9;442379
20150520;65.94;66.47;65.57;66.08;569170
20150521;66.29;66.36;65.49;65.97;765508
20150522;65.73;66.71;65.46;66.3;424855
20150526;66.14;66.5;65.65;66.39;800521
20150527;66.5;66.96;66.22;66.72;697659
20150528;66.53;67.14;66.19;66.5;642816
20150529;66.36;66.79;65.76;66.04;1468862
20150601;66.26;67;66.01;66.66;695875
20150602;66.46;66.56;66.04;66.38;473714
20150603;66.62;66.63;65.06;65.09;875329
20150604;65.07;65.45;64.47;64.7;708624
20150605;64.18;64.54;63.65;64.35;905559
20150608;64.35;64.5;64.16;64.16;636658
20150609;64.25;64.48;63.68;63.85;564871
20150610;64.25;66.75;63.55;65;1905927
20150611;64.85;65.73;64.85;65.2;1231502
20150612;65.53;66.61;65.36;66.57;1286419
20150615;66.41;66.58;65.33;65.96;1239364
20150616;66.42;67.01;65.91;67;957710
20150617;67.07;67.73;66.47;67.67;1078827
20150618;67.49;69.12;67.48;68.79;1730638
20150619;68.5;68.5;67.6;67.93;1126173
20150622;68.09;68.5;67.47;67.56;554232
20150623;67.47;67.7;66.74;66.82;780739
20150624;67;67.25;66.39;66.44;449574
20150625;66.29;66.63;66.02;66.21;809619
20150626;66.33;66.81;65.97;66.52;1801174
20150629;66.36;67.36;65.75;65.89;966482
20150630;66.13;67.18;65.66;66.68;1916606
20150701;67.06;68.62;66.08;68.46;2419361
20150702;68.8;69.46;68.27;68.91;1490386
20150706;68.76;69.07;68.5;68.83;1148080
20150707;69;69.83;68.59;69.03;1050137
20150708;68.56;69.05;68.37;68.79;616475
20150709;68.77;69.56;67.7;67.93;834931
20150710;68.2;69.36;67.82;69.13;1300638
20150713;69.63;69.76;67.67;68.42;1209820
20150714;68.3;69.44;67.67;68.93;2048278
20150715;68.64;68.73;67.53;67.54;9014703
20150716;67.68;68.43;67.65;68.03;3037393
20150717;68.1;68.1;67.5;67.73;1363469
20150720;67.82;67.99;67.5;67.78;4954919
20150721;67.79;67.79;66.5;66.5;2173865
20150722;66.48;66.69;66.18;66.3;1594785
20150723;66.31;66.31;64.99;65.3;1677340
20150724;65.52;65.69;65.02;65.2;1346932
20150727;65.15;65.39;64.87;65.01;1458743
20150728;65.03;65.29;64.16;64.41;1691366
20150729;64.33;65.04;64.16;64.78;1243917
20150730;64.71;64.85;64.27;64.64;1373382
20150731;64.46;65.31;64;64.27;2061998
20150803;64.39;64.74;64.1;64.65;971061
20150804;64.66;65.76;64.35;65.33;1514730
20150805;65.36;66.15;64.76;65.01;1712815
20150806;64.94;65.22;64.22;65.2;1611915
20150807;65.15;65.78;65;65.27;906712
20150810;65.45;65.61;64.46;64.76;751770
20150811;64.59;65.46;64.54;65.27;999870
20150812;65;65.6;64.84;65.59;730757
20150813;65.58;66.43;65.2;66.09;1339486
20150814;65.9;66.87;65.66;66.8;1075634
20150817;66.79;67.1;66.53;67.09;703928
20150818;67.05;67.22;66.75;67.17;678169
20150819;66.82;67.2;66.6;66.91;670447
20150820;66.65;67.21;66.43;66.67;729332
20150821;66.27;67.2;65.8;65.95;1444243
20150824;63.49;64.93;62.14;62.88;1908677
20150825;64.37;64.43;61.73;61.8;1705157
20150826;62.62;63.51;62.04;63.28;1341553
20150827;63.68;65.45;63.09;64.69;977565
20150828;64.72;65.16;64.51;65.01;891549
20150831;65.01;65.01;63.22;63.32;1505646
20150901;62.82;63.11;61.1;61.52;1425634
20150902;62.31;62.58;61.93;62.55;923669
20150903;63.51;64.06;62.91;63.2;1590460
20150904;62.8;63.25;61.7;62.15;1016811
20150908;62.96;63.39;62.09;63.32;1346856
20150909;63.5;63.63;61.61;61.69;1059880
20150910;61.67;62.4;61.51;61.75;903239
20150911;60.9;61.97;60.66;61.71;824827
20150914;62;62.65;61.71;62.4;821381
20150915;62.39;63.39;62.14;63;834654
20150916;62.91;64.14;62.84;63.93;622156
20150917;63.75;65.31;63.22;64.46;790531
20150918;63.77;65.45;63.77;64.72;1477493
20150921;64.78;65.34;64.74;64.97;745757
20150922;64.4;64.72;63.59;63.94;949424
20150923;64.16;64.48;63.69;64.15;945037
20150924;64.09;64.4;63.34;63.91;926096
20150925;63.98;64.29;63.55;63.98;780314
20150928;63.64;63.81;62.42;62.85;847857
20150929;63.47;64.07;62.7;63.53;2157835
20150930;64.05;65.5;63.71;65.32;1210526
20151001;65.43;65.52;64.4;64.75;1090545
20151002;64.6;65.93;64.11;65.73;2600516
20151005;65.73;66.19;65.3;65.75;2889182
20151006;65.84;67.4;64.98;67.33;1482000
20151007;67.37;68.92;67.22;68.66;5547429
20151008;69;69.12;68.27;69.08;1107873
20151009;69.09;69.41;68.68;69.27;1219001
20151012;69.44;70.16;69.21;69.95;1016085
20151013;69.59;70.85;69.5;70.47;1335327
20151014;70.66;70.86;69.87;70.25;1213110
20151015;70.32;71.34;70.32;71.22;941448
20151016;71.37;71.77;70.85;71.17;1085634
20151019;71.1;71.77;70.88;71.57;966715
20151020;71.6;72.35;71.32;72.25;1034292
20151021;72.27;72.7;71.5;71.58;986292
20151022;71.81;73.19;71.72;72.93;1308041
20151023;73.02;73.42;72.44;73.39;808695
20151026;73.46;73.78;73.1;73.47;659811
20151027;73.04;73.51;71.97;72.89;1428391
20151028;72.8;73.3;71.49;72.53;1231510
20151029;72.13;72.72;71.23;71.85;1624637
20151030;71.21;74.12;71.14;73.96;1874846
20151102;73.86;75.2;73.55;74.92;1619110
20151103;74.67;75;73.94;73.94;1475413
20151104;74.17;74.43;73.36;73.65;988632
20151105;73.5;74.48;73.46;73.89;1620111
20151106;73.21;73.49;71.33;72.18;2683327
20151109;72.07;72.07;71.03;71.87;1029740
20151110;71.86;72.99;71.74;72.58;855836
20151111;72.72;73.24;72.26;73.08;568475
20151112;72.95;73.09;71.95;72.05;821212
20151113;72.36;72.53;71.04;71.22;721460
20151116;71.29;71.8;70.91;71.55;662096
20151117;71.31;71.93;71.01;71.64;525094
20151118;71.85;71.96;71.19;71.74;819241
20151119;71.5;71.71;70.83;71.32;973826
20151120;71.52;72.85;71.34;72.64;659916
20151123;72.61;72.96;72.31;72.41;616563
20151124;71.92;72.11;71.51;71.82;516666
20151125;71.88;72.22;71.5;71.74;419240
20151127;71.61;72.54;71.61;72.17;305740
20151130;72.27;72.77;71.88;72.11;1117524
20151201;72.56;73.06;72.25;72.8;623643
20151202;72.59;73;72.04;72.09;850187
20151203;72.09;72.34;71;71.51;1017558
20151204;71.53;73.09;71.28;72.93;978764
20151207;72.84;72.89;71.76;72.16;588855
20151208;72;72.72;71.6;72.12;640135
20151209;71.9;72.24;71.13;71.48;602893
20151210;71.48;71.91;70.31;70.38;1486680
20151211;69.32;70.26;69;69.96;1290161
20151214;69.89;70.74;69.79;70.68;1120028
20151215;70.99;71.31;70.44;70.58;1086211
20151216;70.88;72.75;70.79;72.56;1302401
20151217;72.79;74.4;72.53;73.87;1251189
20151218;73.87;75.28;73.87;74.8;4045667
20151221;75.24;75.8;74.64;75.19;1636650
20151222;75.2;75.8;75.03;75.26;1319876
20151223;75.5;75.97;74.78;75.8;1097471
20151224;75.75;75.81;75.17;75.56;343875
20151228;75.4;76.15;75.27;76.1;1819380
20151229;76.39;77.06;76.22;77.01;1103635
20151230;76.8;77.25;76.68;76.93;909563
20151231;76.85;76.85;75.59;75.62;751033
20160104;74.86;76.6;74.86;76.2;1840052
20160105;76.19;76.45;75.48;76.29;1342019
20160106;75.91;77.34;75.81;77;1385943
20160107;76.28;77.04;76.11;76.78;1349595
20160108;77.02;77.67;76.79;77.04;1496879
20160111;77.12;78.95;77.05;78.6;2000988
20160112;79.3;79.54;77.91;78.08;1972767
20160113;78.21;78.55;77.41;77.63;1127949
20160114;77.95;78.73;77.31;78.36;1871958
20160115;77.32;78.23;76.2;76.32;1868870
20160119;76.72;77.28;75.02;75.1;1753156
20160120;74.29;74.29;69.89;72.64;2154461
20160121;72.93;73.54;71.87;72.5;1537699
20160122;73.16;74.85;73.03;74.76;1027520
20160125;74.77;76.42;74.29;75.72;1475658
20160126;75.87;78.53;75.74;78.53;2177220
20160127;78.09;78.38;76.51;77.04;1611204
20160128;77.54;80.8;77.08;79.47;2239202
20160129;79.77;80.27;78.65;80.08;2382671
20160201;80;80.13;78.75;79.62;1585421
20160202;79.49;80.08;78.74;79.6;1085973
20160203;79.95;80.99;79.87;80.83;1799434
20160204;80.39;81.97;79.85;81.35;1064346
20160205;81;82.24;80.5;81.76;1329758
20160208;81.08;81.29;77.72;78.49;2694596
20160209;77.68;78.39;76.36;77.15;1932334
20160210;77.45;78.55;76.51;77.93;1647351
20160211;77.16;77.9;76.43;77.08;1707884
20160212;78.11;79.43;77.5;79.24;1008318
20160216;79.71;80.76;79.08;80.4;1027294
20160217;80.83;81.46;79.62;79.77;1179339
20160218;79.76;80.55;79;79.9;1361956
20160219;80.01;82.07;79.81;81.42;1154791
20160222;82.05;82.7;81.42;81.57;1025016
20160223;81.5;82.5;80.73;81;1164380
20160224;80.59;81.08;78.75;80.5;1266574
20160225;81.4;82.2;80.88;81.85;1305663
20160226;81.61;81.79;76.93;78.95;2685253
20160229;79.09;79.83;78.62;79.07;2751363
20160301;79.34;81.73;78.94;81.73;1974453
20160302;81.47;82.54;80.91;82.39;1248845
20160303;82.66;82.67;81.02;82.27;1201349
20160304;81.89;82.26;80.69;81.89;1616553
20160307;81.47;82.51;81.43;82.47;1151689
20160308;82.65;84;82.29;83.94;1585126
20160309;83.9;85.81;83.4;85.65;1913704
20160310;85.93;86.14;84.49;85.23;1726320
20160311;84.74;85.81;84.05;85.58;1439552
20160314;85.36;85.77;84.69;85.09;1009209
20160315;84.76;87.04;84.58;86.6;1201660
20160316;86.39;87.42;85.85;87.07;869093
20160317;86.79;88.71;86.57;88.41;1433789
20160318;88;88.58;87.51;88.44;1574692
20160321;87.55;87.78;86.02;86.47;1152645
20160322;86.34;88.23;86.15;87.13;1243230
20160323;87.13;88.06;86.36;87.12;1145559
20160324;86.96;86.96;85.74;86.16;1259609
20160328;86.35;87.29;86.28;86.94;838826
20160329;87.11;88.44;86.73;88.44;1088244
20160330;88.42;89.34;88.19;88.33;643665
20160331;88.22;88.58;87.82;88.49;935314
20160401;88.08;89.55;88.08;89.46;1011536
20160404;89.47;89.95;88.77;89.43;902996
20160405;89.14;90.02;88.65;88.84;1163214
20160406;88.46;90.08;87.91;89.98;1185568
20160407;89.53;90.57;89.36;90.07;1158898
20160408;90.33;90.87;89.76;90.54;1132908
20160411;90.64;91.14;90;90.41;547971
20160412;90.58;91.52;90.28;91.4;1095548
20160413;91.73;91.84;88.81;89.16;1229953
20160414;89.23;89.23;86.71;87.63;1942336
20160415;87.37;88.91;87.04;87.97;1436698
20160418;87.7;88.55;86.65;88.35;795247
20160419;88.88;88.89;88.05;88.71;686429
20160420;88.81;88.9;86.92;87.06;798418
20160421;87.1;87.41;85.5;85.62;987715
20160422;85.72;86.61;85.72;86.17;757477
20160425;86.7;87.41;86.48;87.41;852316
20160426;87.69;88.25;87.03;87.46;1053190
20160427;87.4;87.93;86.93;87.62;695557
20160428;87.29;88.42;87.24;88.03;1015419
20160429;90.66;91.5;87.18;87.98;1148729
20160502;88.38;89.6;88.02;89.49;974989
20160503;89.22;89.5;88.5;89.33;846042
20160504;88.84;91.58;88.84;91.44;916750
20160505;91.32;92.25;90.78;91.45;861044
20160506;91.2;92.63;90.86;92.18;1076389
20160509;92.27;93.25;91.7;93.16;1105314
20160510;93.19;93.64;92.76;93.63;1120280
20160511;93.22;93.75;92.51;93.01;892385
20160512;93.26;95.07;92.85;94.67;859223
20160513;94.89;94.96;93.33;94.4;958520
20160516;97.55;98.49;95.95;97.28;4811330
20160517;95.29;95.68;93.35;95.41;33780244
20160518;94.98;95.08;92.85;93.56;5544157
20160519;92.85;93.14;90.89;92.69;2593040
20160520;93.37;94.17;92.89;93.75;1858461
20160523;93.96;94.25;93.28;94.22;1323326
20160524;94.67;95.35;93.64;94.17;1641585
20160525;94.23;95.41;93.33;95.08;1519407
20160526;94.96;95.05;94.42;94.8;1137925
20160527;94.78;95.57;94.52;94.66;1637510
20160531;94.87;95.81;94.31;95.45;2718880
20160601;95.4;95.72;94.34;95.59;2135961
20160602;95.4;97.24;95.23;97.13;1785614
20160603;97.5;98.64;96.93;98.44;1507063
20160606;98.35;99.88;98.27;99.67;2850265
20160607;99.67;102.54;99.67;102.06;2440090
20160608;101.78;102.68;101.02;102.6;1380048
20160609;102.58;103.08;102.14;102.84;1218563
20160610;102.41;102.99;101.68;102.32;1509135
20160613;101.99;101.99;100.07;100.24;1936793
20160614;100.21;100.84;99.47;100.36;1761528
20160615;100.53;100.75;100;100.34;1739584
20160616;100.22;101.74;100.07;101.67;1596106
20160617;101.6;102.51;100.33;102.11;3924547
20160620;102.82;103.62;102.36;102.4;1595264
20160621;102.44;104.25;102.44;104.01;1337921
20160622;104;104.62;103.74;104.47;1212258
20160623;104.8;105.37;104;104.82;1344448
20160624;102.84;104.81;102;103.59;2274314
20160627;103.35;104.36;102.5;104.12;1466186
20160628;104.75;107.07;104.51;106.64;2277199
20160629;107.42;108.29;107.01;108.2;1616363
20160630;108.51;109.08;107.69;108.99;1205297
20160701;109.35;109.95;107.86;109;1237196
20160705;109.01;111.25;109.01;111.23;1668635
20160706;111.23;113.21;111.07;112.1;2034238
20160707;111.89;112.05;108.59;109.04;2240189
20160708;109.61;110.75;109.42;110.24;1358960
20160711;110.32;110.48;108.67;109.85;1194556
20160712;109.98;110.17;108.29;109.63;1895851
20160713;110;110.66;109;109.82;2028860
20160714;109.53;109.96;106.24;107.04;2392912
20160715;107.03;107.59;105.86;106.56;2426091
20160718;106.18;106.72;105.56;105.91;1566070
20160719;105.22;106.02;105.06;106;1605580
20160720;106.03;106.5;103.81;104.88;1589505
20160721;104.8;104.8;101.26;102.06;3418339
20160722;102.28;106.45;102.06;105.65;2431568
20160725;105.97;106.55;104.23;104.96;1133876
20160726;105.12;105.54;104.56;105.16;924564
20160727;105.13;105.94;104.7;105.39;1533751
20160728;105.59;108.12;105.54;107.69;1705316
20160729;105.05;106;101.36;104.46;3325681
20160801;104.69;106.68;104.66;106.68;1561112
20160802;106.1;106.68;103.86;104.62;1948520
20160803;104.2;104.5;101.37;102.07;2158197
20160804;102.58;103.32;101.99;103.07;1506077
20160805;103.18;103.18;100.23;100.95;1347194
20160808;100.84;100.95;99.58;100.34;1488473
20160809;100.43;101.9;99.1;101.9;1544849
20160810;101.77;102.35;101.3;101.61;954508
20160811;101.67;102.07;100.36;101.64;1012785
20160812;102.24;104.55;101.67;103.24;1327627
20160815;103.13;103.72;101.51;101.8;986225
20160816;101.43;101.43;99.85;100.67;1146308
20160817;101;102.13;100.23;101.78;1106983
20160818;101.96;102.21;100.92;101.22;982851
20160819;101.18;101.42;100.45;101.02;1064267
20160822;101.41;102.27;100.87;101.61;1414950
20160823;101.24;101.57;99.27;99.65;1375552
20160824;99.72;100.13;98.31;98.88;1232938
20160825;98.73;99.69;98.19;98.77;998351
20160826;98.82;101;98.28;99.46;1861492
20160829;99.75;100.78;99.67;100.68;1156813
20160830;100.76;100.86;98.66;99.02;1073279
20160831;98.74;99.46;98.17;99.09;2359835
20160901;99;99.52;98.28;99.45;1269543
20160902;99.81;102.64;99.81;100.1;1260402
20160906;100.45;102.21;99.1;101.9;1576545
20160907;101.89;101.99;100.47;101.79;1146602
20160908;101.28;101.28;100.08;100.46;1560310
20160909;99.39;99.96;96.27;96.27;2175644
20160912;95.75;96.78;94.67;96.1;2838079
20160913;94.32;94.71;92.67;93.03;2712011
20160914;93.43;93.64;91.7;92.05;2475001
20160915;92.05;92.83;91.27;92.67;1669335
20160916;92.37;92.7;91.83;92.6;2389620
20160919;93.2;94.06;92.42;93.72;2042502
20160920;94.34;94.64;93.8;94.06;1932893
20160921;94.04;95.61;93.5;95.49;1795969
20160922;95.99;98.94;95.99;98.09;2206215
20160923;97.61;98.73;96.93;97.95;2209675
20160926;97.3;98.14;96.72;97.64;6213061
20160927;98.15;98.2;96.61;96.84;1821163
20160928;99.16;99.84;98.61;99.26;2878432
20160929;98.83;99.14;97.13;98;2346945
20160930;98.5;99.43;96.28;97.12;2945806
20161003;96.76;96.76;93.75;94.6;1594476
20161004;93.99;94;91.19;92.18;2092240
20161005;92.26;92.5;89.6;90.83;1787985
20161006;90.13;91.97;89.18;90.99;1800596
20161007;91.44;93.77;90.73;91.62;1293608
20161010;91.66;93.06;91.66;92.5;1145992
20161011;92.41;92.73;91.08;91.52;693453
20161012;91.71;93.41;91.21;93.32;895278
20161013;93.06;94.71;92.45;94.58;1221850
20161014;94.7;95.7;93.69;94.71;1044114
20161017;94.76;95.3;94.34;94.94;714195
20161018;95.75;97.11;95.06;96.57;939678
20161019;96.75;97.11;95.43;96.5;795727
20161020;96.42;97.18;95.82;96.01;898550
20161021;95.27;96.2;95.03;95.68;756683
20161024;96.41;97.12;95.32;95.98;995007
20161025;96.17;97.03;94.76;96.9;929528
20161026;96.27;97.17;95.61;96.55;1578861
20161027;97.66;97.66;90.65;92.02;2288569
20161028;92.12;93.87;90.51;92.61;1597369
20161031;93.11;93.62;91.96;93.43;1187234
20161101;93.43;93.71;89.34;89.78;1665047
20161102;89.87;90.29;88.19;88.21;1680490
20161103;88.17;88.84;86.56;88.7;1679510
20161104;88.92;91.1;88.42;90.83;1418662
20161107;92.04;94.02;92.04;93.31;2063981
20161108;93.63;95.47;92.37;94.88;1845692
20161109;92.07;93.13;90.24;91.23;2363024
20161110;90.84;91.32;87.43;88.23;3058302
20161111;88.23;89.46;87.12;87.93;3516806
20161114;87.78;89.99;85.63;89.97;2071638
20161115;90.1;92.09;89.72;90.61;1452837
20161116;89.98;90.38;88.15;89.14;1434206
20161117;89.11;89.79;86.19;87.54;1985468
20161118;87.95;89.17;86.7;88.94;1654562
20161121;89.7;90.87;89.04;89.3;1381590
20161122;89.79;92.1;89.2;91.99;1501771
20161123;91.22;92;89.04;89.7;1219967
20161125;89.74;91.4;89.65;90.95;518352
20161128;90.93;91.95;90.5;91.53;895187
20161129;91.71;94.09;91.65;93.5;1482419
20161130;92.97;92.97;91.63;92.33;1722247
20161201;91.59;92.12;88.22;88.64;2081734
20161202;88.66;90.82;88.65;89.1;1218285
20161205;89.19;90.26;89.1;89.84;984452
20161206;90.17;91.47;89.5;89.73;1575375
20161207;90.15;92.49;90.12;92.25;1156203
20161208;92.9;94.45;92.41;94.21;1596458
20161209;94.75;95.7;93.43;94.01;1211364
20161212;93.75;96.92;93.75;96.47;2111972
20161213;96.47;97.21;94.86;96.68;1896185
20161214;97;97.09;94.4;94.53;1433262
20161215;94.18;96.02;93.39;94.33;1289563
20161216;95.12;96.59;94.21;94.59;3071589
20161219;96.04;96.63;94.9;96.6;1079610
20161220;96.59;98.14;95.36;95.75;1537474
20161221;95.85;97.84;95.27;95.32;1171794
20161222;95.16;96.52;94.62;96.19;815749
20161223;96.47;97.32;96.12;96.35;1736543
20161227;96.64;97.18;96;96.42;509950
20161228;96.65;96.91;95.5;96.02;875830
20161229;96.21;98.76;96.1;98.41;1184532
20161230;98.15;98.79;97.4;98.26;1305757
20170103;98.89;99.39;98.03;99.36;1412571
20170104;99.43;103.43;99.13;102.51;2490738
20170105;102.29;105.32;101.77;105.24;2819820
20170106;104.89;105.23;103.69;104.04;1262269
20170109;103.62;103.87;102.02;102.8;1494302
20170110;103.01;103.28;101.97;102.36;1230003
20170111;102.17;103.29;101.95;102.2;935637
20170112;102.04;103.21;101.57;102.5;1058513
20170113;102.24;102.94;102.09;102.29;718719
20170117;102.89;103.77;102.5;103.34;1412970
20170118;102.94;105;102.85;104.63;1854497
20170119;103.78;104.9;103.1;104.75;983080
20170120;105.1;106.4;105.07;105.8;1526804
20170123;105.7;106.39;105.52;106.05;990314
20170124;106.09;107.72;105.77;107.35;1175640
20170125;107.3;108;106.5;107.39;1302409
20170126;107.59;108.35;107;107.57;1296008
20170127;107.76;107.8;105.93;106.43;849420
20170130;106.54;106.54;105.76;106.42;774036
20170131;106.59;108.07;106.59;107.63;1303893
20170201;107.47;107.76;106.22;106.4;1019948
20170202;106.7;107.5;106.22;106.87;955690
20170203;107.72;109;107.39;107.75;964114
20170206;107.37;107.61;105.54;106.89;1446509
20170207;107.01;107.81;106.58;107.14;663193
20170208;107.27;108.54;106.63;107.75;868094
20170209;107.82;108.18;106.66;107.77;712825
20170210;107.72;108.08;106.18;107.2;1801630
20170213;107.65;107.97;107;107.24;1115861
20170214;107.2;107.2;105;105.3;1837548
20170215;104.86;104.86;103.44;104.43;2573495
20170216;104.74;105.59;102.82;103.14;2274243
20170217;105.07;106;101.7;104.15;2336762
20170221;104.15;104.97;103.88;104.72;1520183
20170222;104.61;105.8;103.23;103.7;1317301
20170223;104.1;106.07;103.54;105.83;1299476
20170224;105.97;108.41;105.55;107.83;1403747
20170227;108.03;108.44;107.46;107.61;670981
20170228;107.63;108.43;106.87;108;1348625
20170301;107.43;108.55;106.27;108.04;1229503
20170302;107.99;108.63;106.44;107.36;908261
20170303;107.18;108.54;106.66;108.33;798944
20170306;108;108.16;106.94;107.7;667304
20170307;107.25;108.22;106.85;107.48;642108
20170308;107.21;107.21;104.29;104.38;1769872
20170309;104.31;104.95;103.24;103.98;1427956
20170310;104.79;105.88;103.39;103.9;870925
20170313;103.33;103.49;101.85;103.16;1121453
20170314;103.15;103.16;102.11;102.4;862327
20170315;103;104.77;103;104.51;2187948
20170316;104.4;104.85;102.95;103.41;1158100
20170317;103.6;104.28;102.88;102.89;1790746
20170320;102.95;104.38;102.94;103.73;1261882
20170321;104.11;105;103.35;103.46;885282
20170322;104.1;104.88;103.45;104.63;970642
20170323;104.61;105.82;104.16;104.9;762930
20170324;105.11;105.52;103.67;103.74;1230614
20170327;103.55;103.94;102.19;102.8;678332
20170328;103;103.64;102.22;103.5;664604
20170329;103.46;105.5;103.38;105.37;1140312
20170330;105.01;105.75;104.54;105.44;791768
20170331;105.13;106.67;105.03;106.39;1157189
20170403;106.4;106.62;105.17;106.19;896379
20170404;106.2;106.45;105.55;105.88;695649
20170405;105.79;107.78;105.57;106.88;831559
20170406;106.97;108.32;106.34;108.23;933805
20170407;108.13;109.41;107.8;108.7;886957
20170410;108.66;109.55;108.4;109.3;953525
20170411;109.39;109.8;108.67;109.42;637042
20170412;109.44;110;109.02;109.92;798199
20170413;109.92;110.11;109.36;109.61;577810
20170417;109.95;111.25;109.56;111.24;689090
20170418;111.11;112.33;110.91;112;1422966
20170419;112;113.14;111.64;113.02;1157964
20170420;113.03;113.58;112.62;113.28;1058440
20170421;113.17;113.72;112.72;112.88;823450
20170424;113.27;113.68;111.26;111.95;1425530
20170425;112.2;112.63;111.9;112.09;633369
20170426;111.9;111.94;111.1;111.22;789937
20170427;111.36;113.55;111.23;113.29;1105980
20170428;113;115.47;112.75;114.84;1891549
20170501;115.2;115.35;113.71;114.26;1287608
20170502;114.42;114.5;112.4;112.77;1129985
20170503;113.37;113.37;111.48;111.51;986499
20170504;111.43;111.91;110.25;111.87;1154804
20170505;112.05;113.87;112.05;113.81;650802
20170508;114.17;114.26;112.61;113.54;692181
20170509;113.7;114.6;113.17;114;823991
20170510;113.95;114.91;113.71;114.43;656835
20170511;114.12;114.47;113.36;113.67;610602
20170512;113.64;115.31;113.45;115.08;682975
20170515;114.99;116.08;114.75;115.96;774071
20170516;115.83;115.97;114.62;115.22;593517
20170517;113.56;115.98;112.68;115.21;1186611
20170518;115.21;115.21;113.36;114.66;852785
20170519;114.7;115.91;114.14;114.84;813599
20170522;115.18;116.63;114.45;115.88;992187
20170523;116.24;116.57;115.83;116.19;697236
20170524;116.32;117.76;116.32;117.17;711621
20170525;117.36;119.46;116.8;118.76;828709
20170526;118.86;119.14;116.96;117.81;502834
20170530;117.36;118.56;117.35;118;580859
20170531;118.12;118.93;117.42;118.19;1146339
20170601;118.18;118.5;117.47;117.8;1283514
20170602;118.29;119.77;118.19;119.77;780883
20170605;119.72;119.92;118.46;118.96;741880
20170606;119.01;120.04;118.46;118.83;569403
20170607;118.9;119.5;117.77;118.02;994860
20170608;118.32;118.95;115.1;116.75;1058750
20170609;113.95;117.99;111.67;113.32;7069048
20170612;113.28;114.72;110.87;114.7;3072297
20170613;113.8;115.39;113.1;115.36;1704065
20170614;116.57;118.7;115.34;117.45;2163582
20170615;117;118.54;116.53;117.75;1226025
20170616;118.02;118.18;115.96;116.61;1832038
20170619;117.47;117.47;115.46;116.55;1312529
20170620;116.59;117.83;116.32;117.64;1238734
20170621;117.53;119.17;117.47;119.08;1373773
20170622;119.14;120.69;118.3;120.42;1802008
20170623;120.27;121.5;120.08;120.54;2166393
20170626;120.99;121.53;119.79;120.15;1573608
20170627;119.87;120;116.58;116.64;1524275
20170628;116.89;117.07;114.7;115.36;1460924
20170629;114.92;115.15;111.85;112.93;1750090
20170630;112.76;113.57;112.35;112.95;1977239
20170703;113.54;113.78;111.94;113.31;684741
20170705;113.17;113.73;110.34;111;1375217
20170706;110.54;110.93;108.73;109.36;1125594
20170707;109.7;111;109.35;110.15;879313
20170710;110.39;111.26;110.02;110.06;1242483
20170711;109.99;110.64;109.03;109.6;1065099
20170712;110.39;112.23;109.98;112;1116763
20170713;111.95;112.79;111.38;112.5;1203036
20170714;113.22;114.2;112.1;112.43;948482
20170717;112.14;112.78;111.58;112.71;1224955
20170718;112.59;113.46;112.27;113.01;939386
20170719;112.56;113.18;111.48;112.35;1257254
20170720;112.5;113.12;112.04;112.11;1201601
20170721;112.09;112.74;111.77;112.46;608779
20170724;112.5;113.65;112.01;113.25;711684
20170725;113.4;113.4;111.89;112.44;762437
20170726;112.39;113.5;112.11;113.32;634903
20170727;113.32;114.67;112.38;114.15;1508065
20170728;114.11;114.89;112.2;113.18;1406262
20170731;113;115.44;112.7;115.34;1525110
20170801;115.45;118.24;115.41;117.59;2193656
20170802;117.55;117.56;116.15;117.13;1230949
20170803;117.11;117.2;115.05;115.75;1043655
20170804;115.71;116.43;114.9;115.2;795156
20170807;115.2;115.37;114.12;114.56;673350
20170808;114.32;114.57;113.39;113.77;825056
20170809;114;114.62;113.44;114.41;656944
20170810;114.08;114.53;112.82;112.85;1471711
20170811;113.04;113.17;110.67;111.82;1282903
20170814;112.54;115.13;112.3;114.85;1019806
20170815;114.72;115.16;113.58;115.13;716394
20170816;115.14;116.84;115.01;116.49;902393
20170817;116.38;116.87;115.3;115.49;910921
20170818;115.17;115.47;113.89;114.86;802498
20170821;115;116.8;114.69;116.44;717858
20170822;116.46;118.07;116.19;117.63;806041
20170823;117.59;118.58;117.04;118.14;702665
20170824;118.38;118.86;117.65;117.94;1034716
20170825;118.62;118.8;117.57;118.14;646608
20170828;118.29;118.89;116.9;117.57;793195
20170829;117.55;118;116.77;117.37;858955
20170830;117.12;118.06;117.03;118.06;500763
20170831;118.3;119;117.89;118.34;1093368
20170901;118.42;118.42;117.24;117.71;702306
20170905;117.74;119.24;117.09;119.18;1017511
20170906;119.45;120.21;118.46;119.69;1199027
20170907;119.97;122.13;119.46;121.43;1551978
20170908;120.71;121.22;120.01;120.63;960176
20170911;121.77;127.23;121.77;126.04;2939992
20170912;125.9;126.51;123.81;124.78;2026376
20170913;124.47;124.7;120.01;121.54;4572608
20170914;120.85;121.05;118.5;120.93;2744949
20170915;120.79;121.09;117;117.59;9754053
20170918;117.72;118.03;116.17;117.1;2023871
20170919;117.21;117.44;115.65;117.26;2015787
20170920;117.65;117.75;114.15;114.95;1728706
20170921;115.14;117.62;115.01;116.23;2074257
20170922;116.4;116.55;113.9;114.51;2040956
20170925;114.51;114.74;113.75;114.22;1335527
20170926;114.2;114.33;113.21;113.29;1418909
20170927;113.04;115.26;112.14;115.25;1886719
20170928;114.78;116.18;114.44;116.16;1341698
20170929;115.84;118.6;115.79;118.33;2152910
20171002;118.66;119.3;118.17;118.46;1485440
20171003;118.33;118.56;116.36;116.5;1060127
20171004;116.18;117.08;115.07;117.05;1654824
20171005;117.05;118.44;116.26;118.41;1388351
20171006;118.1;118.39;117.09;118.22;1224751
20171009;118.21;119.33;118.11;118.96;685230
20171010;119.23;120.72;118.88;119.76;1121734
20171011;119.74;121.17;119.47;120.62;1057049
20171012;121.2;122.78;120.81;122.75;972719
20171013;123;123.18;121.39;121.78;1026235
20171016;121.51;122.19;121.17;121.74;1243652
20171017;121.58;123.14;121.46;122.72;1201989
20171018;122.51;123.94;122.33;123.85;901044
20171019;123.07;123.99;122.5;123.88;800928
20171020;124;124.16;123;123.39;774105
20171023;122.16;123.58;120.06;120.22;1610044
20171024;120.34;121.59;119.78;121.19;1214817
20171025;121.01;123.5;121.01;122.98;1794351
20171026;122.85;123.5;115.6;115.81;2865399
20171027;115.62;117.1;114.51;116.55;1380419
20171030;116.55;118.5;116.46;117.59;970681
20171031;117.74;118.55;116.85;118.44;961118
20171101;118.85;118.85;116.86;116.94;934081
20171102;117.29;119.3;116.97;118.77;1412832
20171103;118.15;119.65;117.61;119.06;765935
20171106;119.67;122.08;119.67;121.83;992220
20171107;121.56;122.02;120.48;122.01;1131150
20171108;121.98;123.99;121.4;123.5;1454053
20171109;123.17;123.38;122.1;122.24;732844
20171110;121.86;121.95;120.48;120.85;988947
20171113;121.21;123.84;120.68;122.7;1012813
20171114;122.28;123.42;121.66;122.72;1065627
20171115;123.1;123.27;119.99;120.15;689508
20171116;120.17;121.25;119.61;120.27;1364863
20171117;119.75;120;117.84;118.11;800934
20171120;118.1;118.61;117.34;117.41;909343
20171121;117.63;118.49;117.06;118.28;1217777
20171122;118.36;118.68;117;117.21;689054
20171124;117.35;117.9;116.56;117.54;359187
20171127;117.87;118.32;117.38;118.06;1177325
20171128;117.92;118.94;117.54;118.53;1198905
20171129;118.35;118.66;115.9;116.99;1799775
20171130;117.4;118.09;116.48;116.7;3501833
20171201;117.11;118.82;116.2;118.81;1108611
20171204;118.69;118.8;110.49;110.59;2484872
20171205;110.49;113.75;110.09;113.02;1828143
20171206;112.57;113.89;112.16;112.64;1001262
20171207;112.74;114.89;111.78;114.14;1210901
20171208;114.82;115.83;114.3;114.81;1077004
20171211;114.71;115.09;113.55;114.95;860295
20171212;114.84;115.44;113.48;114.9;1110941
20171213;115.14;115.93;115.02;115.31;1226017
20171214;114.21;115.63;114.08;115.27;765089
20171215;116.13;116.17;114.33;114.46;2215470
20171218;115.01;115.26;114.04;114.1;910746
20171219;114.34;114.61;111.66;111.78;1450482
20171220;111.28;111.78;110.07;110.42;1620014
20171221;110.53;110.88;109.19;109.31;988745
20171222;110.46;111.39;109.57;110.98;1271388
20171226;111.06;112.32;110.39;111.59;648664
20171227;111.84;113.52;111.8;112.5;920008
20171228;112.4;114.07;112.35;114.03;1010018
20171229;114.3;114.71;113.81;113.9;690908
20180102;114.04;114.21;111.98;112.66;1224367
20180103;113.19;115.08;113.1;113.69;1472822
20180104;113.51;113.81;112.01;112.28;1458468
20180105;112.88;113.71;112.59;113;1066944
20180108;113;114.7;112.99;114.15;834724
20180109;114.26;114.55;112.5;112.6;947279
20180110;112.63;112.71;109;109.54;1650611
20180111;109.84;109.99;107.23;107.94;1714596
20180112;107.39;107.87;104.72;105.78;1907815
20180116;106.51;109.73;106.48;107.48;1889444
20180117;107.1;107.83;104.52;107.01;2366230
20180118;106.26;107.57;105.9;106.96;1839534
20180119;107.24;107.5;106.1;107.3;1467535
20180122;107.39;109.35;107.11;109.34;1566281
20180123;109.48;111.64;108.62;111.11;1445450
20180124;111.11;111.42;110.25;110.85;1021704
20180125;110.74;111.89;110.62;111.41;1157085
20180126;111.63;112.05;110.98;111.65;1375496
20180129;112.43;112.43;107.31;107.37;1413176
20180130;107.02;107.7;106.41;106.56;1471023
20180131;106.75;112.07;106.75;111.95;2538117
20180201;111.96;112.23;107.45;107.98;1784921
20180202;106.72;108.03;105.4;107.71;1562448
20180205;107.25;108.91;104.33;104.33;1868040
20180206;103.36;105.08;101.1;104.5;2238518
20180207;104.23;106.7;103.91;104.17;1335659
20180208;104.17;104.49;98.91;98.96;2088786
20180209;99.5;102.92;98.28;102.21;1987962
20180212;102.81;105.07;100;105.05;2390141
20180213;104.83;105.6;103.34;105.12;1618028
20180214;104.89;105.57;103.1;105.27;1726307
20180215;105.44;105.78;103.08;105.45;2392442
20180216;102.31;105.35;101.18;102.2;2253588
20180220;101.41;102.43;99.37;99.58;1999864
20180221;99.55;99.55;97.04;97.95;2908511
20180222;98.01;101.25;98.01;100.83;2092337
20180223;101.25;102.77;100.26;102.2;1441224
20180226;102.49;102.93;101.06;101.58;1300886
20180227;101.59;102.35;99.27;100.3;2287901
20180228;100.91;101.62;99.62;100.64;1629875
20180301;100.05;101.24;98.43;98.9;1298020
20180302;98.47;98.49;96.56;98.22;1461590
20180305;97.54;100.79;97.47;100.36;1153172
20180306;100.37;101.9;100.17;101.18;1059729
20180307;100.99;103.29;100.73;103.06;1699507
20180308;103.03;103.82;102.14;103.72;1257351
20180309;103.75;104.17;101.9;103.14;1162812
20180312;103.67;105.12;103.53;104.35;1670190
20180313;104.72;105.95;104.66;105.66;1425115
20180314;105.14;105.7;104.57;105.47;1605967
20180315;105.68;105.89;104.68;105.33;839446
20180316;105.12;106.61;104.84;106.37;1502637
20180319;106.31;106.37;104;104.75;1269508
20180320;104.82;105.47;104.45;104.97;882317
20180321;104.78;105.3;102.99;103.37;1308374
20180322;102.98;104.92;102.38;102.91;1394223
20180323;103.33;104.29;102.01;102.3;1603784
20180326;103.03;103.34;101.02;102.1;979282
20180327;102.44;104.36;101.31;102.71;1055378
20180328;103.35;105.26;103.31;105.04;1035345
20180329;105.09;105.86;104.63;105.38;1097455
20180402;105.56;105.67;102;102.93;955666
20180403;102.97;103.59;101.73;103.02;847293
20180404;102.48;104.97;102.14;104.6;777089
20180405;104.64;105.39;103.54;105.21;639222
20180406;105.29;106.06;103.94;104.3;839637
20180409;104.39;105.99;104.08;104.38;746354
20180410;104.68;105.01;102.7;103.48;989356
20180411;103.42;105.44;103.24;104.55;1243128
20180412;104.76;104.76;100.5;100.99;1519692
20180413;101.34;102.57;101.34;102.44;754078
20180416;102.83;103.71;102.03;103.19;696550
20180417;103.48;105.76;102.66;104.51;772191
20180418;104.61;105.07;103.96;104.12;490411
20180419;103.89;103.89;102.14;103.17;712067
20180420;103.32;103.93;102.1;102.32;729411
20180423;102.27;103.11;101.48;101.79;991130
20180424;102.2;102.4;100.91;101.41;1062634
20180425;101.29;101.82;100.77;101.47;801744
20180426;101.71;104.04;101.38;103.5;959350
20180427;102.51;108.4;102.51;107.8;1804909
20180430;107.92;108.39;105.17;105.69;1502211
20180501;105.32;105.89;104.57;105.01;1463257
20180502;104.73;105.92;104.32;105.34;1180795
20180503;105.28;105.74;103.67;104.97;1222532
20180504;104.74;106.63;104.48;106.39;921460
20180507;106.32;106.91;105.61;106.66;918394
20180508;106.5;106.5;103.74;104.54;1868306
20180509;104.49;106.05;104.2;105.92;938343
20180510;106.59;108.91;106.1;108.35;1401927
20180511;108.64;109.78;108.48;108.79;1325199
20180514;108.48;109.26;107.51;108.23;1394340
20180515;107.58;107.58;106.26;107.23;1523260
20180516;107.48;107.48;106.22;106.9;1043417
20180517;106.89;106.92;105.02;105.5;1742544
20180518;105.5;106.97;104.49;105.24;1467022
20180521;105.6;106.92;104.88;106.59;837418
20180522;106.46;106.74;105.73;106.34;949602
20180523;106.45;107.29;105.89;106.61;982217
20180524;106.88;107.19;105.4;106.29;816164
20180525;106.91;107.35;106.29;106.56;587087
