20100104;8.71;8.82;8.6;8.72;450598
20100105;8.69;9.23;8.69;9.2;763144
20100106;9.06;9.29;9.05;9.11;748414
20100107;9.14;9.42;9.04;9.06;721758
20100108;9.06;9.22;8.81;8.89;614383
20100111;8.96;8.99;8.71;8.83;580921
20100112;8.78;9.05;8.75;9.03;466659
20100113;9.08;9.4;8.99;9.34;360444
20100114;9.35;9.44;9.3;9.35;257054
20100115;9.18;9.2;8.91;9.02;613187
20100119;9.05;9.3;9;9.29;434059
20100120;9.19;9.3;9.02;9.25;504233
20100121;9.3;9.49;9.21;9.31;616490
20100122;9.31;9.39;8.98;9.01;400533
20100125;9.06;9.2;9.04;9.13;325618
20100126;9.07;9.14;8.86;8.87;418953
20100127;8.84;9.17;8.73;9.13;537685
20100128;8.89;9;8.14;8.15;1839944
20100129;8.2;8.25;7.81;7.84;845653
20100201;7.84;8;7.81;7.99;464185
20100202;8.03;8.31;8.01;8.31;713908
20100203;8.29;8.39;8.17;8.31;770092
20100204;8.04;8.14;7.91;8;1421188
20100205;7.98;8.09;7.88;8.04;752945
20100208;8.02;8.23;7.97;8.1;541193
20100209;8.23;8.43;8.19;8.34;591058
20100210;8.29;8.31;7.9;7.94;664123
20100211;7.95;8.16;7.9;8.08;893721
20100212;8.05;8.21;7.86;8.19;581706
20100216;8.29;8.56;8.25;8.5;478908
20100217;8.56;8.63;8.46;8.56;447998
20100218;8.58;8.9;8.56;8.89;593900
20100219;8.88;9.21;8.84;9.12;838014
20100222;9.13;9.3;8.87;8.88;575157
20100223;8.87;8.98;8.68;8.73;408562
20100224;8.73;8.82;8.68;8.74;349865
20100225;8.52;8.69;8.51;8.65;419321
20100226;8.68;8.78;8.61;8.75;484874
20100301;8.81;9.38;8.8;9.29;1057983
20100302;9.36;9.43;9.05;9.06;725902
20100303;9.11;9.23;9;9.15;345573
20100304;9.14;9.21;8.93;9.06;335037
20100305;9.14;9.29;9.06;9.29;679309
20100308;9.25;9.39;8.99;9.03;507632
20100309;9.03;9.49;9.03;9.49;1130396
20100310;9.48;10.1;9.48;10.03;1375453
20100311;9.98;10.12;9.94;10.1;880053
20100312;10.06;10.16;9.95;10.14;638819
20100315;10.07;10.29;10.06;10.2;667788
20100316;10.19;10.23;10.04;10.08;613402
20100317;10.11;10.31;10;10.26;564135
20100318;10.29;10.35;10.1;10.1;335249
20100319;10.12;10.13;9.81;10.04;788048
20100322;9.95;10.36;9.88;10.32;471880
20100323;10.37;10.5;10.23;10.47;391872
20100324;10.38;10.5;10.19;10.27;401885
20100325;10.33;10.6;10.28;10.28;477619
20100326;10.34;10.65;10.28;10.33;366229
20100329;10.34;10.48;10.26;10.29;252527
20100330;10.3;10.4;10.19;10.28;257072
20100331;10.22;10.5;10.21;10.31;518503
20100401;10.4;10.47;10.18;10.22;462066
20100405;10.25;10.28;10.1;10.28;336562
20100406;10.19;10.39;10.19;10.25;302129
20100407;10.25;10.25;9.97;10.01;487377
20100408;10;10.69;10;10.45;950577
20100409;10.53;10.55;10.29;10.54;285994
20100412;10.6;10.93;10.59;10.86;555773
20100413;10.82;10.99;10.71;10.9;730011
20100414;10.96;11.1;10.91;11.04;538945
20100415;11.08;11.36;11.04;11.27;561964
20100416;11.28;11.32;10.59;10.77;796954
20100419;10.43;10.78;10.36;10.47;493839
20100420;10.54;10.62;10.26;10.51;398025
20100421;10.5;10.64;10.03;10.28;731013
20100422;10.2;10.64;10.1;10.5;670873
20100423;10.69;11.06;10.64;10.95;699782
20100426;11.05;11.25;10.95;11.22;600225
20100427;11.11;11.43;10.47;10.52;734502
20100428;10.61;10.68;10.36;10.56;781049
20100429;10.66;10.74;10.45;10.51;465759
20100430;10.55;10.68;10.35;10.35;589103
20100503;10.83;11.52;10.77;11.3;1451566
20100504;11.24;11.24;10.47;10.63;790157
20100505;10.48;10.79;10.25;10.59;793245
20100506;10.53;10.65;9.26;9.91;1032600
20100507;9.95;10.55;9.81;10.26;1378972
20100510;10.75;10.89;10.56;10.86;621711
20100511;10.69;11.13;10.59;11.08;503610
20100512;11.1;11.53;11.1;11.51;522967
20100513;11.47;11.73;11.33;11.41;388524
20100514;11.33;11.38;11.07;11.21;337827
20100517;11.24;11.52;10.98;11.36;469819
20100518;11.54;11.65;11.33;11.38;766094
20100519;11.29;11.52;11.16;11.36;881102
20100520;10.91;11.18;10.58;10.59;912731
20100521;10.29;11.2;10.28;11.09;867261
20100524;11.09;11.25;11.01;11.09;576491
20100525;10.76;11.55;10.72;11.49;855181
20100526;11.58;12.02;11.4;11.68;1113343
20100527;11.88;12.26;11.78;12.18;818529
20100528;12.18;12.18;11.66;11.68;826324
20100601;11.71;11.77;11.51;11.55;676687
20100602;11.74;12.48;11.74;12.48;931324
20100603;12.31;12.68;12.31;12.57;620425
20100604;12.17;12.41;12.03;12.06;537738
20100607;12.2;12.22;11.78;11.8;351847
20100608;11.88;12.02;11.57;11.89;348957
20100609;12.05;12.29;11.89;11.96;458912
20100610;12.05;12.29;11.94;12.25;560581
20100611;12.12;12.72;11.95;12.72;1015444
20100614;12.93;13.15;12.76;12.82;684398
20100615;12.84;13.06;12.84;12.94;601444
20100616;12.88;13.3;12.62;13.2;928251
20100617;13.33;13.46;13.21;13.33;659282
20100618;13.32;13.53;13.08;13.15;553901
20100621;13.4;13.43;12.84;12.93;388546
20100622;12.97;13.02;12.4;12.41;512623
20100623;12.4;12.66;12.16;12.46;603882
20100624;12.34;12.48;12.1;12.12;433807
20100625;12.14;12.24;11.76;11.88;830304
20100628;11.9;12.35;11.9;12.08;395905
20100629;11.83;11.83;11.26;11.31;574688
20100630;11.37;11.73;11.23;11.24;574366
20100701;11.36;11.64;10.81;11.07;608031
20100702;11.17;11.19;10.5;10.81;429795
20100706;10.89;11.72;10.89;11.17;787495
20100707;11.23;11.78;11.04;11.76;524304
20100708;11.79;11.94;11.56;11.83;401432
20100709;11.83;11.97;11.76;11.91;241107
20100712;11.84;11.91;11.46;11.73;326183
20100713;11.89;12;11.81;11.95;514124
20100714;11.92;12.34;11.92;12.21;485792
20100715;12.16;12.28;11.96;12.13;480985
20100716;12.11;12.16;11.95;11.97;511885
20100719;12.02;12.02;11.45;11.93;461581
20100720;11.88;12.24;11.77;12.23;523001
20100721;12.26;12.38;11.93;11.98;507999
20100722;12.2;12.33;12.02;12.32;583099
20100723;12.32;12.53;12.27;12.5;1167848
20100726;12.6;12.99;12.56;12.97;682282
20100727;13.11;13.23;12.5;12.74;805708
20100728;12.69;13.04;12.69;12.87;478261
20100729;13.01;13.09;12.66;12.94;351742
20100730;12.74;13;12.67;12.9;379289
20100802;13.2;13.25;13.02;13.24;407650
20100803;13.12;13.19;12.75;12.84;280461
20100804;12.94;12.96;12.66;12.83;410155
20100805;12.75;13.17;12.7;13.11;619818
20100806;12.94;13.21;12.78;13.18;440390
20100809;13.22;13.66;13.18;13.52;987336
20100810;13.48;13.48;13.13;13.25;393976
20100811;12.88;13.06;12.42;12.44;484632
20100812;12.17;12.71;12.04;12.53;394777
20100813;12.46;12.85;12.33;12.78;387312
20100816;12.69;13.09;12.58;13.02;353939
20100817;13.17;13.47;13.16;13.3;439666
20100818;13.25;13.55;13.17;13.5;764354
20100819;13.44;13.55;12.84;12.86;556773
20100820;12.78;12.78;12.2;12.51;761864
20100823;12.57;12.79;12.07;12.07;469325
20100824;11.84;11.99;11.55;11.78;522781
20100825;11.64;11.64;11.25;11.39;1007770
20100826;11.44;11.5;11.11;11.13;616419
20100827;11.23;11.28;11.02;11.2;843804
20100830;11.19;11.32;11.09;11.09;647299
20100831;11.09;11.17;10.97;11.06;908363
20100901;11.23;11.38;10.99;11.3;906448
20100902;11.27;11.72;11.16;11.62;583663
20100903;11.84;12.05;11.74;11.83;525562
20100907;11.75;11.75;11.47;11.5;529070
20100908;11.51;11.56;11.26;11.33;409103
20100909;11.53;11.67;11.33;11.58;606240
20100910;11.65;11.74;11.56;11.57;378327
20100913;11.75;11.95;11.71;11.81;403955
20100914;11.75;12.16;11.68;11.86;432736
20100915;11.84;12.26;11.83;12.11;497091
20100916;12.07;12.07;11.85;11.99;295124
20100917;12.05;12.11;11.67;11.74;423372
20100920;11.81;11.92;11.75;11.86;356149
20100921;11.89;12.43;11.88;12.33;571278
20100922;12.25;12.36;12.07;12.09;278991
20100923;12.02;12.16;11.72;11.78;381278
20100924;11.96;12.08;11.86;11.97;284273
20100927;12.09;12.75;12.03;12.49;556941
20100928;12.51;12.58;12.26;12.41;314143
20100929;12.38;12.82;12.31;12.73;518751
20100930;12.81;12.96;12.73;12.76;645116
20101001;12.93;12.96;12.37;12.45;415817
20101004;12.43;12.59;12;12.14;378039
20101005;12.26;12.29;11.95;12.22;641751
20101006;12.22;12.4;12.09;12.19;261144
20101007;12.28;12.35;11.22;11.63;1922950
20101008;11.66;12.17;11.65;12.05;803074
20101011;12.04;12.11;11.75;11.76;314102
20101012;11.69;11.88;11.64;11.83;358464
20101013;11.91;11.94;11.8;11.89;399550
20101014;11.86;11.9;11.75;11.85;387295
20101015;12.01;12.02;11.69;11.79;420272
20101018;11.79;11.91;11.76;11.9;275694
20101019;11.73;11.89;11.53;11.62;369877
20101020;11.7;12.43;11.7;12.35;512894
20101021;12.54;12.61;12.04;12.32;718254
20101022;12.36;12.61;12.33;12.59;413668
20101025;12.64;12.85;12.56;12.71;335127
20101026;12.71;12.98;12.54;12.83;311302
20101027;12.78;13.1;12.63;13.07;342235
20101028;13.13;13.26;12.92;13.2;347536
20101029;13.15;13.25;13.02;13.2;228191
20101101;13.2;13.22;13.01;13.11;334182
20101102;13.22;13.35;13.14;13.31;285984
20101103;13.33;13.57;13.22;13.51;268197
20101104;13.69;13.86;13.58;13.81;462957
20101105;13.8;14.12;13.8;13.97;430608
20101108;13.88;13.93;13.68;13.78;312076
20101109;13.78;13.84;13.34;13.39;302202
20101110;13.39;13.54;13.26;13.52;299792
20101111;13.5;13.75;13.31;13.43;290542
20101112;13.32;13.7;13.32;13.47;339534
20101115;13.59;13.62;13.38;13.51;208093
20101116;13.41;13.59;13.32;13.54;457763
20101117;13.58;13.67;13.17;13.23;335172
20101118;13.27;13.63;13.27;13.54;377996
20101119;13.51;13.85;13.45;13.76;340690
20101122;13.73;13.9;13.64;13.86;279055
20101123;13.74;13.78;13.56;13.66;259273
20101124;13.69;14;13.59;14;339358
20101126;13.91;14;13.85;13.98;181764
20101129;13.88;14.04;13.66;13.88;242643
20101130;13.72;13.84;13.64;13.75;249609
20101201;13.95;14;13.76;13.87;318383
20101202;13.83;13.89;13.68;13.83;205769
20101203;14;14;13.87;13.97;284748
20101206;13.96;14.09;13.88;14.01;246497
20101207;14.16;14.23;13.92;14.05;271857
20101208;14.07;14.07;13.81;14.01;200122
20101209;14.11;14.16;13.98;14.09;292492
20101210;14.14;14.25;13.97;14.24;358241
20101213;14.28;14.36;14.06;14.12;270140
20101214;14.12;14.3;14.04;14.09;294064
20101215;14.12;14.26;14;14.15;449547
20101216;14.15;14.2;13.97;14.13;358140
20101217;14.12;14.41;14.01;14.37;778745
20101220;14.37;14.47;14.25;14.42;406627
20101221;14.48;14.79;14.41;14.77;296013
20101222;14.83;14.9;14.53;14.58;224892
20101223;14.58;14.65;14.33;14.35;142215
20101227;14.3;14.33;13.93;14.14;229950
20101228;14.18;14.3;14.09;14.26;214501
20101229;14.31;14.59;14.22;14.36;290017
20101230;14.35;14.47;14.34;14.37;159687
20101231;14.37;14.48;14.17;14.17;187788
20110103;14.38;14.57;14.34;14.47;230990
20110104;14.58;14.59;14.13;14.35;235274
20110105;14.29;14.96;14.28;14.78;507991
20110106;14.82;14.94;14.69;14.93;380540
20110107;15;15.78;14.95;15.68;724318
20110110;15.67;15.91;15.51;15.74;552177
20110111;15.78;15.79;15.37;15.55;275267
20110112;15.66;15.84;15.63;15.78;284119
20110113;15.78;16;15.71;15.92;192514
20110114;15.84;16.09;15.74;16.02;212926
20110118;15.99;16;15.56;15.74;357879
20110119;15.87;16.06;15.63;15.67;348106
20110120;15.64;15.73;15.14;15.31;490848
20110121;15.36;15.43;14.94;14.98;518836
20110124;14.97;15.29;14.88;15.19;523149
20110125;15.37;15.58;14.76;15.28;734280
20110126;15.32;15.35;14.89;15.27;742419
20110127;15.15;15.79;15.15;15.71;441372
20110128;15.68;15.69;14.87;14.93;446039
20110131;14.95;15.18;14.8;14.81;356330
20110201;14.97;15.64;14.97;15.56;535292
20110202;15.39;15.42;14.97;15;512390
20110203;15.08;15.16;14.78;14.91;588901
20110204;14.91;15.49;14.91;15.35;577806
20110207;15.41;15.67;15.3;15.33;247486
20110208;15.28;15.65;15.28;15.49;245753
20110209;15.29;15.6;15.27;15.59;301684
20110210;15.49;15.74;15.45;15.62;359184
20110211;15.5;16.09;15.42;15.98;353020
20110214;15.94;16.2;15.8;16.13;375647
20110215;16.01;16.12;16;16.12;287577
20110216;16.17;16.25;15.97;16.09;248955
20110217;16.05;16.24;16.05;16.18;158796
20110218;16.23;16.25;15.98;16.01;309720
20110222;15.69;15.69;14.88;15;783208
20110223;15.01;15.01;14.21;14.33;873280
20110224;14.37;14.65;14.07;14.54;700355
20110225;14.61;14.81;14.5;14.81;308644
20110228;14.99;15.04;14.63;14.86;470137
20110301;14.89;14.9;14.07;14.23;504782
20110302;14.25;14.44;14.04;14.13;438631
20110303;14.34;14.8;14.3;14.7;504799
20110304;14.76;14.76;14.44;14.64;281610
20110307;14.52;14.74;14.19;14.43;389932
20110308;14.47;15.29;14.43;15.18;547795
20110309;15.19;15.19;14.91;15.04;359128
20110310;14.92;15.24;14.65;15.09;516465
20110311;14.66;15.39;14.66;15.18;416584
20110314;14.99;15.12;14.74;14.94;280432
20110315;14.39;14.91;14.36;14.78;341849
20110316;14.65;14.97;14.46;14.54;505194
20110317;14.8;14.86;14.33;14.35;330855
20110318;14.55;15.22;14.54;15.01;562705
20110321;15.1;15.4;14.99;15.31;302791
20110322;15.34;15.45;14.97;15.02;296347
20110323;14.97;15.28;14.78;15.18;216212
20110324;15.24;15.3;15.07;15.22;186099
20110325;15.31;15.66;15.2;15.41;239780
20110328;15.49;15.54;15.38;15.42;263343
20110329;15.43;15.72;15.39;15.69;282828
20110330;15.72;16;15.71;15.91;155227
20110331;15.95;16;15.78;15.86;253044
20110401;16;16.02;15.63;15.68;303171
20110404;15.68;15.75;15.5;15.64;237982
20110405;15.65;15.81;15.56;15.65;199421
20110406;15.8;15.89;15.49;15.82;223406
20110407;15.87;15.91;15.57;15.73;200038
20110408;15.78;15.8;15;15.03;427971
20110411;15.05;15.16;14.88;15;409199
20110412;14.94;15.81;14.94;15.61;747231
20110413;15.68;15.68;15.08;15.21;344723
20110414;14.99;15.18;14.95;15.07;325746
20110415;15.02;15.19;14.91;15.1;217971
20110418;15.1;15.19;14.75;15.09;331295
20110419;15.16;15.22;14.93;15.04;267458
20110420;15.25;15.38;15.11;15.21;222669
20110421;15.45;15.45;14.86;15.15;186499
20110425;15.11;15.36;14.95;15.24;245570
20110426;15.25;15.65;15.15;15.58;480983
20110427;15.62;16.14;15.57;16.11;413756
20110428;16.08;16.17;15.85;16.11;308833
20110429;16.17;16.52;15.95;16.47;419670
20110502;16.63;16.68;16.26;16.35;220600
20110503;16.37;16.64;16.18;16.59;408865
20110504;16.62;16.9;16.36;16.56;321281
20110505;16.5;17.25;16.48;17.02;388678
20110506;17.22;17.33;16.98;17.13;427555
20110509;17.09;17.25;16.88;17.08;252347
20110510;17.19;17.41;17.11;17.22;384910
20110511;17.21;17.43;17.03;17.33;279713
20110512;17.29;17.52;17.11;17.44;340695
20110513;17.4;17.5;17.16;17.27;239693
20110516;17.21;17.37;17.04;17.07;368457
20110517;16.95;17.24;16.93;17.11;226037
20110518;17.11;17.22;16.84;17.15;199277
20110519;17.27;17.5;17.1;17.44;187132
20110520;17.38;17.5;17.2;17.4;228525
20110523;17.21;17.33;16.98;17.02;360580
20110524;17.12;17.16;16.84;17.02;347700
20110525;16.96;17.16;16.71;16.88;265150
20110526;16.81;16.91;16.67;16.83;191205
20110527;16.92;17.01;16.73;16.86;165978
20110531;17.04;17.09;16.8;16.89;356996
20110601;16.84;16.98;16.31;16.38;377755
20110602;16.44;16.54;16.31;16.42;195279
20110603;16.15;16.41;15.94;15.99;379985
20110606;15.94;15.99;15.68;15.79;309527
20110607;15.87;16.14;15.67;15.93;391197
20110608;15.82;16;15.51;15.58;312637
20110609;15.58;15.61;15.37;15.41;204692
20110610;15.41;15.58;15.33;15.39;296179
20110613;15.49;15.9;15.43;15.65;242039
20110614;15.79;16.48;15.77;16.19;604594
20110615;16;16.16;15.75;16.01;350327
20110616;15.99;16.3;15.88;16.07;225166
20110617;16.26;16.62;16.11;16.34;392146
20110620;16.33;16.95;16.32;16.73;277083
20110621;16.79;17.06;16.73;16.97;340614
20110622;16.92;17.04;16.7;16.72;236052
20110623;16.72;17.23;16.72;17.15;318576
20110624;17.12;17.12;16.6;16.75;505423
20110627;16.83;17.14;16.74;16.97;368780
20110628;16.91;17.25;16.9;17.16;305578
20110629;17.16;17.24;16.84;17.08;423720
20110630;17.1;17.41;17.1;17.11;239074
20110701;17.17;17.34;17.14;17.27;349742
20110705;17.26;17.3;16.99;17.18;300455
20110706;17.27;17.65;17.25;17.41;545126
20110707;17.5;17.55;17.22;17.27;640917
20110708;17.14;17.45;17.12;17.4;270744
20110711;17.19;17.27;16.89;16.95;214739
20110712;16.87;16.94;16.52;16.77;350643
20110713;16.95;17.24;16.83;16.89;455688
20110714;17;17.28;16.73;16.8;368220
20110715;16.89;16.94;16.65;16.78;254870
20110718;16.62;16.64;16.02;16.31;394036
20110719;16.34;16.71;16.3;16.7;389690
20110720;16.76;16.77;16.4;16.43;434358
20110721;16.54;16.8;16.3;16.49;367748
20110722;16.41;16.46;16;16.09;321241
20110725;15.94;15.95;15.41;15.73;854636
20110726;15.69;15.88;15.61;15.66;539036
20110727;15.56;15.78;15.27;15.49;586627
20110728;15.49;15.65;15.14;15.18;353766
20110729;14.97;15.37;14.88;15.28;375731
20110801;15.62;15.87;14.96;15.02;776795
20110802;14.98;15.05;14.24;14.27;609582
20110803;14.33;14.68;13.99;14.64;591164
20110804;14.43;14.55;13.85;13.86;712332
20110805;14.08;14.19;13.22;13.77;521230
20110808;13.83;13.85;12.99;13.05;775708
20110809;13.34;14.05;12.95;14.04;757611
20110810;13.65;13.73;13.06;13.09;687799
20110811;13.1;13.93;13.06;13.7;460024
20110812;13.86;14.36;13.82;14;382089
20110815;14.12;14.48;14.12;14.37;258958
20110816;14.14;14.65;14.09;14.39;448193
20110817;14.41;14.6;14.08;14.33;260935
20110818;13.84;13.85;13.34;13.47;411552
20110819;13.19;13.84;13.19;13.33;493547
20110822;13.72;13.75;13.16;13.19;432510
20110823;13.27;13.74;13.18;13.66;421862
20110824;13.6;13.81;13.5;13.76;385148
20110825;13.86;14.03;13.35;13.39;412065
20110826;13.28;14;13.17;14;439629
20110829;14.15;14.67;14.15;14.66;300316
20110830;14.55;14.76;14.3;14.57;264262
20110831;14.69;14.85;14.35;14.43;248825
20110901;14.41;14.57;13.92;13.95;293454
20110902;13.72;14.05;13.56;13.6;249296
20110906;13.19;13.52;13.16;13.49;289019
20110907;13.73;14.16;13.7;14.08;328511
20110908;13.94;14.03;13.54;13.68;272388
20110909;13.49;14.08;13.27;13.49;360439
20110912;13.29;13.59;13.25;13.57;227626
20110913;13.67;14.38;13.43;14.11;454158
20110914;14.23;15.14;14.23;14.89;662836
20110915;15.16;15.22;14.82;14.93;298052
20110916;14.97;15.14;14.9;14.97;461722
20110919;14.76;14.94;14.63;14.79;213869
20110920;14.85;14.99;14.48;14.48;327138
20110921;14.5;14.61;13.84;13.85;286188
20110922;13.41;13.93;13.41;13.86;675049
20110923;13.9;14.61;13.9;14.6;493709
20110926;14.76;14.85;14.41;14.66;369233
20110927;14.96;14.99;14.54;14.67;327354
20110928;14.68;14.79;14.33;14.35;400279
20110929;14.59;14.68;14.14;14.5;290921
20110930;14.25;14.47;14.04;14.07;409538
20111003;13.92;14.14;12.82;12.83;763082
20111004;12.78;13.68;12.78;13.64;676712
20111005;13.61;14.02;13.37;13.94;429203
20111006;13.73;14.52;13.73;14.51;514287
20111007;14.6;14.95;14.3;14.38;515533
20111010;14.76;15.01;14.55;15.01;406666
20111011;14.94;15.49;14.84;15.44;385290
20111012;15.49;15.71;15.42;15.52;389536
20111013;15.49;16.19;15.39;16.06;433524
20111014;16.12;16.12;15.69;15.92;383885
20111017;15.75;16.06;15.64;15.81;414608
20111018;15.89;16.31;15.74;16.14;521387
20111019;16.14;16.14;15.73;15.81;382327
20111020;16.12;16.5;15.66;16.48;549259
20111021;16.55;16.59;16.08;16.49;807579
20111024;16.63;17.33;16.55;17.15;451499
20111025;16.87;16.88;16.18;16.48;451082
20111026;16.55;16.7;16.16;16.39;515871
20111027;17.05;17.21;16.47;17.13;438055
20111028;17.11;17.14;16.75;16.81;300237
20111031;16.54;16.9;16.42;16.63;339127
20111101;16.15;16.67;16.1;16.4;553654
20111102;16.63;16.74;16.26;16.35;370784
20111103;16.57;17.25;16.42;17.2;472747
20111104;17.1;17.41;16.98;17.2;482274
20111107;17.1;17.34;16.95;17.16;315900
20111108;17.31;17.32;16.83;17.29;324764
20111109;16.89;17.22;16.68;16.72;557642
20111110;16.95;17.07;16.25;16.39;515593
20111111;16.53;17.12;16.51;17;320723
20111114;17.06;17.39;16.71;16.75;401813
20111115;16.75;17.07;16.61;16.88;360414
20111116;16.66;16.81;16.51;16.53;381259
20111117;16.5;16.64;16.08;16.21;418900
20111118;16.23;16.45;16.15;16.26;283657
20111121;16;16.03;15.67;15.95;301396
20111122;15.96;16.01;15.64;15.66;194264
20111123;15.53;15.62;15.2;15.25;363313
20111125;15.19;15.58;15.14;15.32;143765
20111128;15.89;16.12;15.77;15.94;211713
20111129;16.03;16.52;15.94;16.33;344337
20111130;16.41;17.36;16.41;17.36;659243
20111201;17.24;18;17.19;17.55;1177503
20111202;17.49;17.65;17.21;17.41;435425
20111205;17.5;17.99;17.46;17.77;506260
20111206;17.68;18;17.63;17.72;611449
20111207;17.53;17.67;17.41;17.52;607212
20111208;17.41;17.41;16.78;16.98;560885
20111209;17.07;17.56;17;17.44;369599
20111212;17.26;17.66;17.21;17.55;399323
20111213;17.71;17.82;17.54;17.59;1058448
20111214;17.51;18.04;17.36;18;702865
20111215;18.21;18.5;18.08;18.38;670885
20111216;18.42;19.1;18.42;19.04;1086280
20111219;19.04;19.13;18.52;18.58;415966
20111220;18.81;19.13;18.68;19.05;563283
20111221;18.95;19.24;18.75;19.13;290333
20111222;19.18;19.25;18.91;19.09;270680
20111223;19.11;19.11;18.58;19;438018
20111227;18.99;19.28;18.75;18.9;310621
20111228;18.82;18.97;18.5;18.71;267511
20111229;18.68;19.01;18.68;18.99;196307
20111230;18.99;19.04;18.73;18.77;261313
20120103;19.11;19.16;18.45;18.49;543398
20120104;18.47;18.68;18.17;18.61;421979
20120105;18.5;18.87;18.4;18.81;370762
20120106;18.75;18.86;18.44;18.47;485692
20120109;18.59;18.88;18.4;18.69;410952
20120110;18.47;18.69;18.31;18.48;436597
20120111;18.31;18.5;18.11;18.21;610964
20120112;18.3;18.33;17.76;18.04;557620
20120113;17.95;18.17;17.73;18.13;450013
20120117;18.31;18.43;18.05;18.09;254053
20120118;18.11;18.5;17.88;18.35;278395
20120119;18.36;18.68;18.25;18.5;394736
20120120;18.41;18.66;18.32;18.38;251175
20120123;18.4;18.64;18.18;18.43;336755
20120124;18.38;18.68;18.27;18.57;300611
20120125;18.68;19.29;18.67;18.86;496729
20120126;18.12;18.66;17.8;18.18;753874
20120127;18.18;18.75;18;18.64;406381
20120130;18.45;18.84;18.45;18.64;339851
20120131;18.7;19.09;18.33;19.03;524819
20120201;19.12;19.47;19.01;19.42;426063
20120202;19.32;19.66;19.22;19.36;378186
20120203;19.62;19.88;19.54;19.59;389952
20120206;19.46;19.52;19.08;19.36;351790
20120207;19.36;19.49;19.2;19.21;344437
20120208;19.09;19.24;18.78;18.93;364687
20120209;19.07;19.07;18.62;19.01;337902
20120210;18.76;18.98;18.51;18.63;277604
20120213;18.84;18.94;18.67;18.94;228336
20120214;18.89;19.08;18.76;19;365074
20120215;19.06;19.17;18.55;18.69;547896
20120216;18.91;19.32;18.59;19.27;484788
20120217;19.39;19.66;19.02;19.09;460002
20120221;19.05;19.13;17.95;18.12;905670
20120222;18.01;18.23;17.45;17.52;1065407
20120223;17.52;17.61;17.13;17.31;678609
20120224;17.25;17.47;16.84;16.97;591360
20120227;16.93;17.39;16.87;17.3;527465
20120228;17.32;17.48;17.14;17.38;528116
20120229;17.41;17.56;17.09;17.14;620092
20120301;17.22;17.68;17.12;17.38;482975
20120302;17.39;17.69;17.18;17.28;564695
20120305;17.16;17.22;17;17.13;429424
20120306;17.02;17.25;16.84;17.09;450408
20120307;17.07;17.18;16.93;17.09;386161
20120308;17.13;17.25;17;17.17;660506
20120309;17.15;17.5;17.09;17.37;342715
20120312;17.34;17.37;17.1;17.19;335078
20120313;17.25;17.51;17.14;17.5;444740
20120314;17.48;17.57;17.18;17.31;477657
20120315;17.4;18.15;17.28;17.99;760129
20120316;17.94;18.09;17.38;17.45;942397
20120319;17.45;17.77;17.26;17.58;838496
20120320;17.54;17.72;17.31;17.65;825024
20120321;17.64;17.74;17.5;17.58;614188
20120322;17.52;17.65;17.25;17.3;1029618
20120323;17.36;17.4;17.2;17.34;713446
20120326;17.47;18;17.47;18;826923
20120327;17.97;18.16;17.7;17.75;595062
20120328;17.82;18.24;17.68;18.04;1066814
20120329;17.88;18.17;17.68;18.12;625343
20120330;18.16;18.16;17.77;17.91;573214
20120402;17.88;17.95;17.68;17.82;793755
20120403;17.82;18.29;17.82;18.05;722282
20120404;17.83;18.27;17.77;18.16;885796
20120405;18.11;18.31;17.98;18.04;601331
20120409;17.66;17.89;17.55;17.63;765838
20120410;17.64;17.72;17.11;17.13;1106252
20120411;17.29;17.34;17.14;17.23;684184
20120412;17.32;17.82;17.32;17.64;632945
20120413;17.53;17.59;17.36;17.38;529949
20120416;17.42;17.7;17.34;17.45;651074
20120417;17.54;17.73;17.48;17.61;862161
20120418;17.56;17.77;17.46;17.49;698837
20120419;17.68;17.97;17.2;17.34;976737
20120420;17.55;17.73;17.2;17.25;947867
20120423;16.98;17.02;16.7;16.91;875699
20120424;16.91;17.16;16.91;16.98;643367
20120425;17.18;17.43;16.97;17.15;609188
20120426;17.11;17.26;16.93;17;599551
20120427;17;17.07;16.86;17;951371
20120430;17.02;17.08;16.8;16.9;1136949
20120501;16.88;16.95;16.73;16.81;1354609
20120502;16.75;16.87;16.33;16.51;1505904
20120503;16.51;16.75;16.48;16.61;1536864
20120504;16.62;16.76;16.5;16.57;1084963
20120507;16.55;16.86;16.52;16.77;1050805
20120508;16.7;17.11;16.68;17.05;1304656
20120509;16.9;17.06;16.73;16.96;807217
20120510;17.02;17.21;16.91;17;642096
20120511;16.84;17.11;16.84;17.08;502237
20120514;16.89;17.06;16.89;16.97;526138
20120515;17.02;17.08;16.77;16.81;490585
20120516;16.85;17.23;16.77;16.86;615292
20120517;16.83;16.85;16.05;16.1;754093
20120518;16.07;16.39;15.96;16.17;1372803
20120521;16.16;16.45;16.11;16.38;680717
20120522;16.41;16.5;16.15;16.23;501789
20120523;16.09;16.16;15.65;16.11;812618
20120524;16.2;16.96;16.2;16.92;976879
20120525;16.92;17.16;16.84;16.98;578293
20120529;17.06;17.2;16.95;17.07;733257
20120530;16.95;17.08;16.73;16.81;686594
20120531;16.9;17.27;16.79;17.15;1006983
20120601;16.86;17.09;16.83;16.91;745803
20120604;16.99;17;16.08;16.18;862805
20120605;16.22;16.42;16.09;16.32;650457
20120606;16.43;16.75;16.34;16.74;607548
20120607;16.91;17.08;16.72;16.9;951812
20120608;17.15;17.5;17.02;17.36;903162
20120611;17.5;17.83;17.23;17.29;1129012
20120612;17.33;17.63;17.21;17.36;683176
20120613;17.4;17.73;17.27;17.5;720688
20120614;17.76;17.8;17.46;17.61;1049422
20120615;17.67;17.68;17.27;17.29;1008029
20120618;17.18;17.68;17.12;17.63;937991
20120619;17.72;17.95;17.52;17.88;680666
20120620;17.91;18.16;17.7;18.05;817555
20120621;18.13;18.25;17.96;17.99;1188664
20120622;18.18;18.21;18.05;18.07;3157266
20120625;17.93;18;17.49;17.64;628459
20120626;17.64;17.93;17.59;17.86;648912
20120627;17.95;18.2;17.79;18.12;762695
20120628;18;18.11;17.67;18;694078
20120629;18.24;18.24;17.83;17.95;845326
20120702;18.06;18.27;17.92;18.22;796689
20120703;18.25;18.39;18.02;18.38;629979
20120705;18.4;18.82;18.31;18.81;1416436
20120706;18.64;19.23;18.64;18.98;1119090
20120709;18.83;18.83;17.85;18.07;1761621
20120710;18.02;18.19;17.59;17.85;1093602
20120711;17.93;18.36;17.84;18.3;1508549
20120712;18.14;18.43;17.95;18.23;905979
20120713;18.31;18.58;18.31;18.48;709887
20120716;18.5;18.82;18.39;18.63;561485
20120717;18.75;18.79;18.36;18.61;554584
20120718;18.62;19.02;18.58;18.68;940561
20120719;18.75;18.92;18.25;18.25;1224986
20120720;18.2;18.25;17.88;17.91;965025
20120723;17.72;17.87;17.39;17.78;864318
20120724;17.83;17.85;17.11;17.34;819446
20120725;17.45;17.52;17.11;17.23;1029961
20120726;17.51;17.65;17;17.31;784875
20120727;17.29;17.67;17.02;17.54;569186
20120730;17.49;17.77;17.28;17.47;963334
20120731;17.48;17.56;17.37;17.43;800180
20120801;17.53;17.58;16.96;16.99;804482
20120802;16.85;17.17;16.77;16.89;794508
20120803;17.04;17.31;17.02;17.22;523376
20120806;17.25;17.51;17.25;17.43;752521
20120807;17.45;17.56;17.32;17.41;1284387
20120808;17.32;17.54;17.2;17.29;1369365
20120809;17.2;17.33;17.11;17.16;833812
20120810;17.16;17.38;16.91;17.09;534927
20120813;17.02;17.16;16.86;17.05;524051
20120814;17.11;17.2;16.93;16.99;477864
20120815;17;17.16;16.95;17.06;575620
20120816;17.08;17.15;16.91;17.09;445667
20120817;17.05;17.11;16.91;17.09;502039
20120820;17.1;17.52;17.05;17.39;577511
20120821;17.39;17.79;17.36;17.41;592312
20120822;17.36;17.4;17.09;17.24;449864
20120823;17.19;17.3;16.95;17.02;508343
20120824;16.95;17.17;16.9;17.04;298746
20120827;17.2;17.25;16.91;16.95;507193
20120828;16.9;16.97;16.69;16.79;600245
20120829;16.77;16.84;16.55;16.75;441016
20120830;16.72;16.87;16.61;16.77;281731
20120831;16.89;17.02;16.73;16.77;305626
20120904;16.72;16.81;16.34;16.75;577159
20120905;16.68;17.13;16.66;16.91;747879
20120906;16.94;17.36;16.91;17.18;532389
20120907;17.27;17.44;17.11;17.4;437738
20120910;17.43;17.74;17.33;17.41;561680
20120911;17.33;17.45;17.17;17.23;535813
20120912;17.22;17.42;17.22;17.36;438770
20120913;17.34;17.52;17.17;17.43;384582
20120914;17.43;17.43;17;17.29;948701
20120917;17.25;17.32;17.08;17.21;564812
20120918;17.15;17.24;16.89;17.04;633014
20120919;17.16;17.39;17.09;17.25;672435
20120920;17.14;17.26;17;17.06;435974
20120921;17.18;17.23;16.79;16.86;684724
20120924;16.77;16.96;16.39;16.82;851329
20120925;16.86;17.05;16.67;16.84;1020630
20120926;16.98;17.95;16.97;17.87;1181277
20120927;17.93;17.97;17.7;17.77;608658
20120928;17.66;17.75;17.52;17.53;715579
20121001;17.47;17.66;17.29;17.59;874113
20121002;17.62;17.86;17.6;17.84;473403
20121003;17.98;18.41;17.77;18.2;691938
20121004;18.2;18.27;17.99;18.15;470940
20121005;18.24;18.58;18.17;18.26;335960
20121008;18.24;18.57;18.15;18.48;796739
20121009;18.39;18.4;18;18.22;561877
20121010;18.25;18.39;17.93;18.29;566924
20121011;18.31;18.39;18.14;18.28;440607
20121012;18.33;18.5;18.22;18.41;323742
20121015;18.51;18.59;18.3;18.55;321731
20121016;18.63;18.74;18.45;18.73;570042
20121017;18.74;18.89;18.45;18.89;556219
20121018;18.9;19.2;18.9;19.09;675548
20121019;19.05;19.09;18.79;18.89;597028
20121022;18.82;19.2;18.8;19.04;631154
20121023;19;19.18;18.76;19.11;629950
20121024;19.22;19.3;19.07;19.18;695984
20121025;19.15;19.22;18.84;19.09;701383
20121026;19.06;19.16;18.63;19.15;1056770
20121031;19.02;19.2;18.63;19.12;758012
20121101;19.13;19.5;18.83;19.5;1034304
20121102;19.56;19.69;19.41;19.52;667080
20121105;19.59;20.07;19.55;20.07;1070744
20121106;20.09;20.75;19.89;20.73;1106886
20121107;20.59;20.59;20.05;20.23;955086
20121108;20.25;20.72;20.11;20.58;1011328
20121109;20.48;20.73;20.18;20.34;783220
20121112;20.45;20.75;20.3;20.67;717867
20121113;20.59;21.24;20.5;20.66;928165
20121114;20.71;20.97;20.21;20.26;931836
20121115;20.25;20.75;20.04;20.44;961159
20121116;20.38;20.39;19.78;20.36;993916
20121119;20.45;20.77;20.45;20.77;878288
20121120;20.72;20.95;20.55;20.91;830994
20121121;20.9;20.93;20.7;20.91;409328
20121123;21;21.27;20.84;21.25;318381
20121126;21.25;21.36;20.72;21.24;582015
20121127;21.16;21.38;21.1;21.14;506059
20121128;21.14;21.29;20.9;21.28;821781
20121129;21.39;21.4;21.12;21.31;479772
20121130;21.31;21.54;21.13;21.38;1977443
20121203;21.44;21.49;21.11;21.25;598196
20121204;21.31;21.5;21.03;21.3;631554
20121205;21.33;21.46;21.17;21.24;704515
20121206;21.23;21.42;21.14;21.26;593048
20121207;21.38;21.45;21.08;21.25;681999
20121210;21.22;21.4;21.06;21.28;554654
20121211;21.38;21.84;21.23;21.72;580189
20121212;21.7;21.92;21.52;21.56;414315
20121213;21.53;21.94;21.53;21.67;380563
20121214;21.61;21.81;21.35;21.58;576382
20121217;21.7;22.12;21.68;21.99;632241
20121218;22.02;22.21;21.92;22.19;874067
20121219;22.16;22.57;22.16;22.4;776156
20121220;22.44;22.52;22.18;22.46;548550
20121221;22.31;22.33;22.05;22.21;1117617
20121224;22.17;22.25;21.97;22.08;190330
20121226;22.06;22.17;21.67;21.74;583313
20121227;21.73;21.87;21.46;21.63;442139
20121228;21.59;21.63;21.32;21.37;589915
20121231;21.42;21.64;21.32;21.55;691552
20130102;22.02;22.11;21.8;21.97;1086631
20130103;22.02;22.41;21.66;22.38;1301702
20130104;22.38;22.75;22.34;22.69;607464
20130107;22.68;23.45;22.68;23.18;1040270
20130108;23.15;23.56;22.96;23;875885
20130109;23.08;23.25;23.03;23.16;534592
20130110;23.26;23.37;22.97;22.99;517553
20130111;23.09;23.43;23;23.42;711422
20130114;23.43;23.47;23.09;23.22;504537
20130115;23.23;23.49;22.91;23.35;430360
20130116;23.36;23.57;23.2;23.49;530098
20130117;23.62;23.69;23.4;23.52;646849
20130118;23.48;23.52;23.18;23.32;629451
20130122;23.39;23.71;23.2;23.59;866812
20130123;23.71;23.71;23.22;23.33;644314
20130124;23.38;23.92;22.86;23.2;864844
20130125;23.19;23.45;22.73;23.31;944235
20130128;23.39;23.76;23.27;23.54;843712
20130129;23.35;23.5;22.98;23.18;656481
20130130;23.18;23.29;22.94;23.03;431386
20130131;23.07;23.25;22.91;23.07;485355
20130201;23.16;23.56;23.14;23.29;742363
20130204;23.06;23.34;22.89;23.26;642672
20130205;23.33;23.72;23.26;23.43;476203
20130206;23.29;23.79;23.29;23.71;484929
20130207;23.6;24.01;23.56;23.9;587319
20130208;24;24.44;23.94;24.34;506657
20130211;24.41;24.6;24.12;24.4;562474
20130212;24.41;24.56;24.27;24.43;640080
20130213;24.44;24.76;24.39;24.76;573379
20130214;24.67;24.68;24.15;24.36;602975
20130215;24.47;24.89;24.44;24.49;634888
20130219;24.46;25.16;24.32;25.15;708063
20130220;25.11;25.34;24.58;24.63;517536
20130221;24.81;24.98;24.57;24.82;596697
20130222;24.97;25.41;24.9;25.4;630540
20130225;25.48;25.76;24.76;24.78;726025
20130226;24.93;25.1;24.55;25;926693
20130227;24.92;25.9;24.92;25.72;780401
20130228;25.75;25.98;25.65;25.78;931167
20130301;25.68;26.36;25.66;26.2;847604
20130304;26.26;27.31;26.05;27.27;1248667
20130305;27.4;28.12;27.3;27.93;1292800
20130306;28.09;28.27;27.64;27.84;962219
20130307;27.9;28.03;27.67;28.02;512372
20130308;28.3;28.78;28.22;28.75;908737
20130311;28.56;28.73;28.39;28.56;598920
20130312;28.49;28.71;28.37;28.52;613996
20130313;28.72;29.94;28.72;29.73;1151102
20130314;29.76;29.88;29.5;29.78;845271
20130315;29.77;29.88;29.42;29.62;943096
20130318;29.42;30.4;29.06;30.29;591242
20130319;30.43;30.82;30.03;30.46;649531
20130320;30.68;31.53;30.47;31.5;952838
20130321;31.36;31.64;30.73;30.93;611963
20130322;31.07;31.5;30.97;31.43;521473
20130325;31.59;31.81;31.02;31.16;692573
20130326;31.3;31.74;31.16;31.4;733110
20130327;31.19;31.75;31.02;31.65;367725
20130328;31.82;32.28;31.82;31.98;622960
20130401;31.88;32.25;31.67;31.8;682424
20130402;31.49;31.56;29.42;29.63;1968719
20130403;29.74;30.15;28.63;28.91;1410952
20130404;28.83;29.95;28.76;29.94;719150
20130405;29.23;29.71;28.36;29.69;572302
20130408;29.77;30.13;29.47;30.11;664977
20130409;30.37;30.42;29.45;29.53;610950
20130410;29.53;29.98;29.46;29.85;783344
20130411;29.82;30.2;29.56;29.69;644487
20130412;29.55;29.98;29.32;29.57;595583
20130415;29.53;29.86;28.18;28.32;1132068
20130416;29.13;30.68;28.92;30.56;1830290
20130417;30.41;30.43;29.5;29.92;1060767
20130418;29.91;29.97;29.24;29.36;742623
20130419;29.41;30.4;29.07;30.18;807931
20130422;30.18;30.23;29.32;29.79;697278
20130423;29.85;30.85;29.63;30.57;864506
20130424;30.53;30.63;30.02;30.44;687145
20130425;30.65;31.07;30.06;30.12;734301
20130426;30.21;30.62;29.93;30.33;675967
20130429;30.34;30.78;30.34;30.58;565932
20130430;30.61;30.89;30.29;30.82;619802
20130501;30.82;30.99;29.68;29.87;825912
20130502;30.05;30.43;29.79;30.35;485220
20130503;30.67;31.43;30.57;31.37;798336
20130506;31.5;33.24;31.38;33.08;1627262
20130507;33.24;33.83;33.15;33.74;1130575
20130508;33.74;34;33.38;33.67;912874
20130509;33.72;33.9;32.85;32.92;603338
20130510;33.08;33.47;32.95;33.08;619057
20130513;32.61;33.33;32.55;32.96;860732
20130514;32.92;33.19;32.26;32.74;908033
20130515;32.59;33.97;32.58;32.95;1091148
20130516;32.96;33.15;31.82;31.98;909864
20130517;32.08;32.78;32.07;32.6;960172
20130520;32.61;32.91;29.62;29.87;3130832
20130521;29.63;29.85;27.97;29.27;2917757
20130522;29.3;29.88;28.59;28.78;1192816
20130523;28.45;29.69;28.36;29.58;1391500
20130524;29.13;29.35;28.61;29.32;612395
20130528;29.64;29.7;28;28.1;1408773
20130529;27.94;28.31;27.58;27.98;1109153
20130530;27.95;28.43;27.95;28.12;629949
20130531;28.03;29.14;27.88;28.41;967051
20130603;28.48;28.84;27.82;28.21;1352995
20130604;28.29;28.92;28.01;28.26;756444
20130605;28.14;28.26;27.35;27.48;715341
20130606;27.43;27.87;26.73;27.4;817417
20130607;27.7;28.81;27.52;28.7;864836
20130610;28.7;29.12;28.04;28.13;600465
20130611;27.67;28.37;27.24;28.14;884214
20130612;28.38;28.7;28.02;28.2;604967
20130613;28.2;28.65;27.95;28.47;498319
20130614;28.47;28.86;27.87;28.01;496697
20130617;28.23;28.36;27.36;27.67;495240
20130618;27.74;28.25;27.42;28.14;467549
20130619;28.05;28.16;27.41;27.42;675483
20130620;27.17;27.17;26.58;26.78;664780
20130621;26.96;26.96;25.48;26.08;1384770
20130624;25.52;25.75;25.15;25.48;864702
20130625;25.68;25.86;25.43;25.6;902039
20130626;25.87;25.87;25.2;25.21;775380
20130627;25.44;26.07;25.26;26.05;1186352
20130628;26.03;26.45;25.73;26;6657723
20130701;26.1;26.93;26.04;26.43;959651
20130702;26.45;26.54;25.92;25.98;999745
20130703;25.65;26.15;25.58;25.91;575961
20130705;26.25;26.29;25.86;26.14;306138
20130708;26.2;26.4;25.95;25.98;939840
20130709;26.3;28.53;26.3;27.97;1987612
20130710;27.82;28.97;27.58;28.77;1566038
20130711;29.29;29.84;28.75;29.78;1525320
20130712;29.99;31.09;29.92;30.54;1582170
20130715;30.56;30.79;30.25;30.54;751485
20130716;30.65;30.95;29.97;30.08;804553
20130717;30.1;30.98;30.05;30.86;975844
20130718;30.88;31.48;30.73;30.94;972236
20130719;30.5;31.02;30.39;30.63;638286
20130722;30.75;31.11;30.49;31.08;619414
20130723;31.34;31.39;30.53;31;651911
20130724;31.2;31.48;30.56;30.58;696811
20130725;30.6;30.93;29.34;30.19;1059495
20130726;29.97;31.39;29.81;31.29;687190
20130729;31.11;31.24;29.73;29.78;1142881
20130730;29.97;30.34;29.53;30.14;696537
20130731;30.4;30.95;30.15;30.59;695266
20130801;30.76;31.63;30.72;31.21;781675
20130802;31.04;31.6;30.28;31.56;764293
20130805;31.36;31.73;30.81;31.02;922217
20130806;31.02;31.14;29.98;30.39;945143
20130807;30.35;30.68;29.83;30.54;587113
20130808;30.97;31.17;30.75;30.96;984765
20130809;30.81;30.96;30.03;30.1;756538
20130812;30;30.76;29.87;30.31;1093215
20130813;30.45;30.47;28.26;29.34;3053307
20130814;29.24;29.62;28.54;29.28;1368903
20130815;28.98;29.32;28.42;28.95;1064785
20130816;28.94;29.51;28.94;29.25;516806
20130819;29.34;29.34;28.66;28.7;440514
20130820;28.83;29.47;28.74;29.22;629400
20130821;29.2;29.52;29.03;29.33;404475
20130822;29.45;30.14;29.44;30.13;417365
20130823;30.18;30.53;29.97;30.5;708045
20130826;30.51;30.51;30.08;30.16;646873
20130827;29.68;29.68;28.19;28.49;943259
20130828;28.45;28.64;28.1;28.42;651586
20130829;28.43;29.18;28.28;28.87;723564
20130830;28.93;29.09;28.24;28.31;696630
20130903;28.84;29.15;28.04;28.25;905969
20130904;28.31;29.05;28.19;28.99;628876
20130905;29.06;29.64;28.96;28.98;547908
20130906;29;29.17;28.41;28.69;394168
20130909;28.86;29.33;28.74;29.27;548268
20130910;29.74;30.74;29.7;30.71;998617
20130911;30.55;30.63;30.14;30.39;368447
20130912;30.29;30.57;29.61;29.65;560308
20130913;29.82;30.27;29.63;30.17;445577
20130916;30.63;30.88;30.32;30.81;505239
20130917;30.9;31.21;30.75;31.19;353828
20130918;31.08;31.34;30.85;31.31;363325
20130919;31.39;31.52;31.09;31.29;433358
20130920;31.36;31.68;31.05;31.06;698798
20130923;31.17;31.54;30.87;31.4;491047
20130924;31.43;32.37;31.43;31.87;531674
20130925;31.95;32.05;31.45;31.72;411670
20130926;31.76;32.24;31.71;32.1;515689
20130927;31.76;32;31.39;31.8;482847
20130930;31.29;31.51;31.02;31.31;729387
20131001;31.43;32.85;31.22;32.63;1181682
20131002;32.6;32.7;32.13;32.45;420707
20131003;32.42;32.53;31.76;32.4;497671
20131004;32.3;32.63;32.15;32.39;379156
20131007;32.17;32.66;31.75;32.31;683387
20131008;31.75;31.83;30.54;30.67;1132520
20131009;30.72;31.03;30.13;30.72;773481
20131010;31.29;31.38;31.04;31.2;589128
20131011;31.41;31.45;30.84;31.25;844692
20131014;31.06;31.82;30.95;31.77;659564
20131015;31.79;31.96;31.31;31.35;674452
20131016;31.83;32.45;31.78;32.16;874930
20131017;32.19;32.83;32.08;32.73;635872
20131018;33;33.11;32.66;32.77;419774
20131021;32.95;33.12;32.69;32.92;411407
20131022;33.23;33.77;33.03;33.28;378657
20131023;33.2;33.65;32.76;33.52;761558
20131024;34.49;35.15;34.15;34.84;732601
20131025;34.8;35.28;34.55;35.08;530187
20131028;34.96;35.38;34.69;35.06;523431
20131029;35.28;35.72;34.67;35.28;727056
20131030;35.35;35.47;34.31;34.87;503446
20131031;34.87;35.58;34.62;35.33;585862
20131101;35.57;36.17;35.28;36.1;513552
20131104;36.23;36.88;36.23;36.39;587601
20131105;36.11;36.46;35.74;36.21;492777
20131106;36.55;36.68;35.77;36.02;652146
20131107;36.24;36.43;35.25;35.31;617318
20131108;35.76;36.67;35.74;36.37;627308
20131111;36.56;36.85;36.37;36.68;379961
20131112;36.66;37.9;36.66;37.41;768323
20131113;37.35;37.44;36.9;37.37;467055
20131114;37.6;38.36;37.6;38.03;705434
20131115;38.02;38.28;37.57;37.8;454133
20131118;37.94;38.4;37.85;37.91;563533
20131119;38.34;38.73;37.63;37.85;651601
20131120;37.93;38.17;37.58;37.79;497124
20131121;37.9;38.22;37.66;37.99;768042
20131122;38.11;38.71;38.02;38.58;404871
20131125;38.8;39.1;38.66;38.99;487138
20131126;38.99;39.02;38.03;38.49;532102
20131127;38.68;39.27;38.68;39.1;519183
20131129;39.09;39.19;38.73;38.87;285252
20131202;38.88;39.2;38.4;38.47;491532
20131203;38.48;38.48;37.44;37.92;742050
20131204;37.5;37.75;36.62;37.29;678127
20131205;37.28;37.5;36.49;37.21;802273
20131206;36.42;36.87;35.67;36.76;1141127
20131209;36.94;37.49;36.8;37.35;1073675
20131210;37.28;37.67;36.91;37.02;1116162
20131211;37.13;37.22;36.67;36.74;874606
20131212;36.5;36.55;36.05;36.16;907363
20131213;36.31;36.49;35.89;36.12;696273
20131216;36.49;36.59;35.8;36.13;601479
20131217;36.22;36.28;35.22;35.34;656789
20131218;35.49;35.56;34.81;35.35;1817680
20131219;35.56;35.79;35.15;35.28;777674
20131220;35.51;37.15;35.24;36.75;2916187
20131223;36.76;36.96;35.75;36.17;963188
20131224;36.15;36.67;36.12;36.57;253020
20131226;36.67;36.75;36.37;36.41;501333
20131227;36.55;36.61;35.63;36.01;486332
20131230;36.01;36.22;35.8;36.02;343319
20131231;36.23;36.78;36.14;36.69;580493
20140102;36.67;36.97;36.28;36.59;450117
20140103;37.15;37.45;36.92;37.26;807610
20140106;37.63;37.8;36.92;37.02;718616
20140107;37.2;37.41;36.73;36.99;611818
20140108;36.93;37.94;36.89;37.9;836314
20140109;38.26;40.1;38.26;38.7;1306807
20140110;38.57;39.74;38.5;39.54;749743
20140113;39.73;39.85;38.37;38.73;762248
20140114;38.89;39.74;38.74;39.69;701684
20140115;39.69;39.83;39.01;39.37;761775
20140116;39.28;39.83;39.13;39.59;401102
20140117;39.65;39.83;39.17;39.26;510683
20140121;39.88;40.59;39.65;40.03;1326013
20140122;40.06;40.97;40.03;40.94;1144519
20140123;41;41;39.53;40.67;1101283
20140124;40.5;41.04;39.63;39.83;1103671
20140127;39.81;40.02;38.22;39.4;866617
20140128;39.3;40.41;39.3;39.77;696808
20140129;39.29;39.81;38.21;38.37;600226
20140130;38.85;39.28;38.44;38.94;378266
20140131;39.27;40;39.05;39.53;881348
20140203;39.3;39.49;37.33;37.35;1304152
20140204;37.17;37.95;36.31;37.81;1125829
20140205;37.57;37.91;37.23;37.55;686746
20140206;37.59;38.77;37.59;38.17;818948
20140207;38.28;38.95;38.27;38.91;819561
20140210;38.95;39;37.83;38.35;729567
20140211;38.58;38.94;37.7;38.76;841604
20140212;38.76;39.19;38.38;39.12;731920
20140213;38.47;40.25;38.47;39.73;1045015
20140214;39.8;41;39.6;40.74;958846
20140218;40.56;40.95;39.44;39.49;861391
20140219;39.3;39.67;39.12;39.17;505392
20140220;39.26;40.12;39.19;40.09;592834
20140221;40.08;41.03;40.07;40.77;804115
20140224;40.84;42.06;40.84;41.75;711066
20140225;42.94;43.27;42.15;42.55;895466
20140226;42.79;43.26;42.04;42.94;685297
20140227;42.9;43.64;42.78;43.15;558843
20140228;42.99;43.72;42.92;43.32;639269
20140303;42.69;43.34;42.15;43.06;538403
20140304;43.55;44.8;43.53;44.56;817000
20140305;44.56;44.99;44.52;44.74;553459
20140306;44.86;45.87;44.85;45.47;698330
20140307;45.61;45.74;44.26;44.7;807210
20140310;44.52;45.42;44.27;44.46;414472
20140311;44.68;45.08;44.1;44.41;533091
20140312;44.28;44.66;43.94;44.42;441819
20140313;44.45;44.62;43.2;43.71;748256
20140314;44.03;45.99;43.88;45.75;969464
20140317;46.14;46.55;45.29;45.95;795184
20140318;45.93;46.89;45.93;46.28;700358
20140319;46.21;46.98;46.04;46.19;710668
20140320;46.1;46.32;45.52;46.21;559423
20140321;46.6;46.83;45.36;45.38;955378
20140324;45.66;46.14;44.8;45.66;693534
20140325;45.96;46.91;45.88;46.42;799367
20140326;46.82;46.95;45.83;46.01;818044
20140327;45.76;46.16;45.04;45.79;579004
20140328;45.75;46.72;45.26;45.37;708833
20140331;45.58;46.81;45.41;46.66;637835
20140401;46.37;47.06;45.76;47.05;995232
20140402;47;47.99;46.81;47.44;921333
20140403;47.3;47.75;46.78;47.41;810634
20140404;47.53;47.73;45.85;46.17;909368
20140407;45.98;46.65;44.48;44.91;1384615
20140408;45.19;45.57;43.91;45.41;1299319
20140409;45.84;47.89;45.5;47.52;1261033
20140410;47.43;47.54;45.72;45.84;1310273
20140411;45.5;46.52;44.71;45.26;798582
20140414;45.78;46.02;44.11;44.68;655625
20140415;44.88;45.49;43.92;44.93;622104
20140416;44.99;46.25;44.99;46.16;697992
20140417;46.16;46.71;45.49;46.47;592255
20140421;46.47;46.47;45.69;46.31;558575
20140422;46.54;47.34;46.47;46.9;563824
20140423;47.47;48.39;47.38;47.98;1034851
20140424;48.05;48.11;46.94;47.38;1219979
20140425;47.53;47.83;46.44;46.72;828768
20140428;47.2;47.3;45.86;46.69;767926
20140429;46.89;47.1;46.26;46.97;703404
20140430;47.18;47.42;46.59;47.04;658556
20140501;47.22;48.27;47.1;47.99;819870
20140502;48.01;48.18;47.55;47.8;520478
20140505;47.72;48.03;47.1;47.59;550573
20140506;47.74;47.9;46.9;47.35;731293
20140507;47.49;47.59;46.62;47.04;676827
20140508;47;47.99;46.77;47.35;772766
20140509;47.26;47.46;46.74;47.33;470036
20140512;48.05;49.03;48.05;48.95;780280
20140513;48.83;49.24;48.7;48.91;677959
20140514;48.95;49.05;48.17;48.51;499329
20140515;48.27;48.27;47.01;47.83;684150
20140516;47.7;48;47.31;47.81;433696
20140519;47.75;48.88;47.52;48.51;464048
20140520;48.59;48.78;47.42;47.91;679173
20140521;47.81;48.42;47.67;47.94;430003
20140522;48.08;48.75;48.08;48.43;370828
20140523;48.45;49.35;48.38;49.03;446612
20140527;49.83;49.9;49.07;49.11;719289
20140528;49.12;49.88;48.66;49.71;735875
20140529;49.75;50.05;49.13;49.71;445449
20140530;49.13;49.64;48.96;49.23;770181
20140602;49.36;50.43;49.05;50.04;613842
20140603;50.05;50.49;49.75;49.95;818320
20140604;49.87;49.99;49.46;49.62;950467
20140605;49.95;50.36;49.28;49.45;854025
20140606;49.68;49.96;49.38;49.96;808652
20140609;50;50.04;49.32;49.51;767440
20140610;49.48;49.67;48.87;49.37;559678
20140611;48.85;48.92;48.25;48.42;844040
20140612;47.85;47.9;46.13;46.49;1534200
20140613;46.53;47.83;46.53;47.57;889176
20140616;47.15;47.47;46.43;46.71;878006
20140617;46.8;47.71;46.77;47.47;623445
20140618;47.62;47.7;47.09;47.58;576598
20140619;47.69;47.96;46.92;47.44;610177
20140620;47.7;47.85;47.36;47.51;683029
20140623;47.45;47.73;46.32;46.91;695129
20140624;46.73;47.57;46.64;46.8;815910
20140625;46.77;47.67;46.45;47.65;653099
20140626;47.64;47.64;47.13;47.27;619893
20140627;47.21;47.71;46.9;47.69;1163197
20140630;47.7;48.08;47.31;47.53;859104
20140701;47.63;48.91;47.63;48.79;859164
20140702;48.22;48.22;47.25;47.91;854646
20140703;48.01;48.72;47.96;48.4;337643
20140707;48.43;48.71;47.21;47.33;708495
20140708;46.62;48.56;46.06;48.4;1322200
20140709;49;49.45;48.02;48.43;1146025
20140710;48.15;49.09;46.89;49.01;1597069
20140711;49.13;49.78;49.01;49.34;1260535
20140714;49.8;49.99;49.34;49.75;841822
20140715;49.75;49.92;48.99;49.78;1318145
20140716;50.03;50.14;49.31;49.44;1041378
20140717;49.27;49.72;48.1;48.16;1222661
20140718;48.15;49.1;48.15;48.73;901499
20140721;48.61;48.61;48.14;48.35;964138
20140722;48.78;48.93;48.35;48.87;977486
20140723;49.19;49.91;48.96;49.69;1644556
20140724;49.7;49.91;44.53;45.03;4455498
20140725;45.81;46.88;45.17;45.77;3344059
20140728;46.32;46.32;45.38;45.68;1889442
20140729;45.98;46.79;45.68;46.18;2819429
20140730;46.04;46.63;44.44;44.9;2556414
20140731;44.5;44.77;43.88;43.97;1870897
20140801;43.66;44.55;43.4;44.45;1667546
20140804;44.46;44.82;43.35;43.5;1402008
20140805;43.48;43.97;42.6;42.72;2185264
20140806;42.7;43.26;42.12;42.94;1372206
20140807;42.96;43.34;42.34;42.76;1482060
20140808;42.71;43.27;41.84;43.21;1315221
20140811;43.56;44.2;43.28;43.88;1023865
20140812;43.88;44.19;43.44;43.67;955840
20140813;43.8;44.91;43.59;44.67;1025686
20140814;44.84;45.27;44.39;45.2;1338002
20140815;45.44;45.67;44.97;45.46;1184071
20140818;45.84;47.08;45.77;47.01;1480167
20140819;47.18;47.19;46.36;46.8;931336
20140820;46.82;47.36;46.74;47.14;1042199
20140821;47.23;47.29;46;46.03;1214832
20140822;46.15;46.74;45.87;46.49;1015612
20140825;46.99;47.09;46.2;46.89;756603
20140826;46.96;47.12;46.23;46.28;774363
20140827;46.41;46.66;46.02;46.5;575602
20140828;46.21;46.94;46.03;46.53;695947
20140829;46.72;46.79;46.12;46.34;577833
20140902;46.34;48.25;46.32;48.24;1610342
20140903;48.05;48.05;47.11;47.54;1023147
20140904;47.68;48.21;47.49;47.63;1015989
20140905;47.02;47.22;46.33;47.14;905724
20140908;47.27;47.55;47.06;47.33;888441
20140909;47.08;47.59;46.54;46.6;825106
20140910;46.81;47.7;46.41;47.49;811604
20140911;47.55;47.85;46.97;47.36;769376
20140912;47.43;47.64;47.01;47.27;987409
20140915;47.28;47.31;46.21;46.26;894623
20140916;46.22;47.08;45.7;46.75;1335504
20140917;46.8;47.15;45.87;46.16;833921
20140918;46.36;46.88;46.16;46.84;642501
20140919;46.86;46.99;46.18;46.22;1466445
20140922;46.25;46.31;45.18;45.21;1031741
20140923;44.84;45.16;44.08;44.1;1188073
20140924;44.14;45.05;43.92;44.84;872761
20140925;44.57;44.73;43.71;43.72;947386
20140926;43.82;44.54;43.6;44.42;970405
20140929;43.79;44.32;43.55;43.85;1066950
20140930;43.83;44.08;43.19;43.54;1353380
20141001;43.14;43.17;42.21;42.74;1695557
20141002;42.88;43.54;42.08;42.92;997093
20141003;43.51;44.34;43.32;44.15;975744
20141006;44.48;44.6;43.47;43.49;671925
20141007;43.15;43.65;42.64;42.8;1554403
20141008;42.8;43.05;41.01;42.86;2582831
20141009;43.25;43.95;42.53;42.68;2433931
20141010;42.57;43.41;42.25;42.46;1956545
20141013;42.36;43.14;41.52;41.58;2459787
20141014;42.02;43.23;41.83;42.69;2024255
20141015;41.78;43.13;40.69;41.99;3095862
20141016;41.49;43.99;41.03;43.8;2136083
20141017;44.51;45.04;44.28;44.7;1553277
20141020;44.7;46.23;44.53;46.22;1941346
20141021;46.89;48.13;46.89;47.38;1845913
20141022;47.64;47.84;46.69;46.77;1727729
20141023;48.27;50.41;48.12;49.95;3616528
20141024;49.21;50.26;48.95;50.2;1909836
20141027;50.31;51.92;50.1;51.82;2342288
20141028;52.06;53.08;51.6;52.79;2152818
20141029;52.73;53.04;51.72;52.91;1559253
20141030;51.96;52.62;51.59;52.14;1598709
20141031;53.2;53.8;52.82;53.23;1501014
20141103;53.22;54.48;53.11;54.43;1825419
20141104;54.74;55.92;54.68;55.39;1492070
20141105;55.97;55.99;53.86;53.97;1883046
20141106;54.65;55.75;54.44;55.4;1218982
20141107;55.4;55.96;54.9;55.14;1175301
20141110;55.05;56.4;54.71;56.32;1028354
20141111;56.5;56.82;55.8;56.14;770907
20141112;55.87;56.24;55.24;56.17;879574
20141113;56.34;56.94;55.88;56.24;1062823
20141114;56.01;56.25;55.3;55.34;1243992
20141117;55.22;55.73;54.67;54.86;1529411
20141118;54.91;56.16;54.89;55.86;1186745
20141119;55.5;55.75;54.58;54.8;1669903
20141120;54.35;54.91;53.69;54.24;1321862
20141121;54.61;54.71;53.31;54.5;1253298
20141124;54.93;55.58;54.8;55.33;1015129
20141125;55.1;56.14;55.02;55.91;1055565
20141126;56;56.44;55.85;56.2;740032
20141128;58.11;59.97;58.02;59.03;1212282
20141201;58.53;58.54;55.33;55.41;2674637
20141202;55.18;56.21;54.67;55.25;2064190
20141203;55.38;56.83;55.28;56.76;1564233
20141204;58.03;58.76;56.48;56.74;2197237
20141205;57.21;57.94;57.1;57.26;1235029
20141208;57.39;58.25;57.18;57.44;1174864
20141209;56.12;56.5;55.06;56.4;1525671
20141210;56.97;57.45;55.15;55.19;1486324
20141211;55.8;56.14;55.32;55.97;1683775
20141212;56.63;56.98;55.5;55.81;1610207
20141215;56.27;58;55.81;57.65;1965916
20141216;57.72;57.94;55.66;55.68;2091854
20141217;55.73;56.55;54.54;56.03;1635668
20141218;56.25;56.62;55.42;56.34;1125278
20141219;56.19;56.63;55.53;56.16;1831788
20141222;56.56;57.75;56.56;56.73;772327
20141223;57.23;57.35;56.42;56.75;764640
20141224;57.24;58.84;57.24;58.72;629899
20141226;58.75;59.48;58.56;59.02;706328
20141229;58.83;59.95;58.56;59.73;839636
20141230;59.74;60.51;59.47;59.77;833743
20141231;60.26;60.94;59.76;59.76;906681
20150102;60.54;60.86;59.47;60.33;1200574
20150105;60.81;60.87;59.19;59.47;1288849
20150106;59.78;60.29;57.71;58.77;1511723
20150107;59.06;60;58.81;59.67;1039867
20150108;60;61.46;59.69;60.7;1697773
20150109;60.65;60.79;59.71;59.73;987153
20150112;60.67;61.13;59.73;60.61;1100270
20150113;61.53;62.99;60.58;61.41;1688448
20150114;60.63;62;60.19;61.54;1557435
20150115;61.69;62.1;60.6;61.47;1619752
20150116;61.09;62.42;60.56;62.35;1618608
20150120;63.4;64.81;63.11;64.6;1527525
20150121;64.4;65.2;63.77;64.98;2314840
20150122;66.9;68;64.55;67.94;2834453
20150123;68.1;69.9;67.7;68.65;1884269
20150126;68.77;70.51;68.65;70.44;2396614
20150127;69.37;70.78;68.94;69.7;1536765
20150128;70.5;70.55;68.42;68.7;1220732
20150129;68.8;71.4;68.42;71.07;1966727
20150130;70.37;70.87;67.26;67.87;2236831
20150202;67.7;68;65.43;67.32;2284696
20150203;66;66.39;64.09;65.18;2928584
20150204;65.96;67.2;65.84;66.7;1824106
20150205;66.8;66.94;65.02;66.82;1354289
20150206;66.57;66.94;65.67;65.92;1570034
20150209;65.15;65.15;62.53;63.51;2120481
20150210;64.19;65.49;63.68;65.37;1965195
20150211;65.9;66.43;64.39;64.51;1561025
20150212;63.57;63.59;61.72;62.75;2823166
20150213;62.16;62.6;61.35;62.56;1697687
20150217;62.61;63.35;62.11;62.23;1200769
20150218;63.12;63.88;62.06;63.83;1565027
20150219;65.18;65.18;62.77;62.94;2091087
20150220;62.76;64.15;62.4;64.14;1049660
20150223;65.01;65.04;63.53;64.14;1247877
20150224;63.54;64.52;62.4;64.43;1301818
20150225;64.24;64.68;63.34;63.44;1216354
20150226;64.12;64.2;63.01;63.98;1225439
20150227;64.48;64.6;63.59;63.65;1944442
20150302;64.4;65.53;64.32;65.44;1850556
20150303;65;66.2;64.81;66.16;1628958
20150304;65.68;66.01;64.85;65.77;1313781
20150305;65.75;65.97;64.51;64.64;1118453
20150306;64.33;64.64;63.57;63.73;949164
20150309;63.72;64.49;63.57;63.98;1004355
20150310;63.98;64.56;63.4;64.17;1226588
20150311;64.01;65.32;63.6;65.08;1109284
20150312;65.06;67.28;65.02;67.11;1339628
20150313;67.25;67.86;66.24;66.66;932350
20150316;67.51;67.99;67.16;67.57;1027728
20150317;67.51;69;67.51;68.8;1474433
20150318;68.92;69.42;67.48;67.97;1267576
20150319;68.46;68.93;67.68;68.35;835242
20150320;68.63;68.75;67.63;68.68;1790781
20150323;68.68;69;67.49;67.49;1173519
20150324;67.2;67.22;66.28;66.98;1127414
20150325;66.89;66.99;64.36;64.6;1346379
20150326;63.92;64.82;62.77;64.61;1622266
20150327;64.93;65.95;64.82;65.59;852434
20150330;66.21;66.64;65.65;66.2;761207
20150331;66.13;66.48;65.28;66.18;928999
20150401;65.33;65.59;63.53;64;1068932
20150402;64.02;64.81;62.99;63.07;1220354
20150406;61.95;63;61.54;62.4;1728367
20150407;62.13;63.33;62.13;62.76;990887
20150408;63.01;64.98;62.92;64.81;1219016
20150409;64.96;65.58;63.67;64.15;1244736
20150410;64.18;64.77;63.87;63.94;804515
20150413;63.76;65.02;63.15;63.33;1233184
20150414;63.2;63.53;62.19;62.53;1175454
20150415;63.2;63.7;62.01;62.02;1332112
20150416;62.02;63.56;61.64;63.5;1599743
20150417;62.9;63.71;62.85;62.97;1419722
20150420;63.37;63.59;62.51;63.4;1116989
20150421;63.75;65;63.6;64.93;991222
20150422;64.94;65;63.66;64.31;1280617
20150423;63.65;66.86;63.3;66.34;1998832
20150424;66.94;68.66;66.94;68.3;1530949
20150427;68.22;68.68;67.15;67.4;1179838
20150428;67;67.19;65.58;66.47;816466
20150429;66.15;66.52;63.97;65.34;1193002
20150430;64.91;65.65;63.84;64.06;1147705
20150501;64.48;65.86;64.19;65.3;795796
20150504;65.55;66.12;64.42;64.53;1118029
20150505;63.4;63.82;62.9;62.97;999752
20150506;62.5;63.74;62.15;63.24;1155699
20150507;63.27;65.55;63.27;64.96;1049698
20150508;65.86;66.79;65.73;66.27;1088069
20150511;65.96;66.83;65.68;66.33;969648
20150512;65.89;66.01;65.14;65.18;767434
20150513;65.72;66.21;64.57;64.71;684442
20150514;65.24;66.17;64.78;66.13;974798
20150515;66.36;66.96;66.09;66.5;938372
20150518;66.39;68;66.11;67.58;1247066
20150519;67.87;68.27;66.65;66.99;1386810
20150520;66.74;66.97;63.41;63.96;2179727
20150521;64.09;64.83;63.5;64.69;1277812
20150522;64.89;65.24;64;64.4;850664
20150526;64.44;64.83;62.19;62.37;1295526
20150527;62.72;63.48;62.57;63.4;1224456
20150528;63.49;64.05;63.12;63.74;1044007
20150529;63.7;64.85;63.38;64.64;1489519
20150601;65.01;66.3;64.5;66.09;1808808
20150602;65.1;66.31;64.79;65.72;941181
20150603;65.95;66.34;65.36;65.86;794705
20150604;65.81;66.66;65.03;65.51;966397
20150605;65.48;65.97;64.86;65.66;946092
20150608;65.02;65.69;62.31;62.53;1519826
20150609;61.88;61.88;58.15;60.65;3734604
20150610;60.15;61.69;59.86;60.76;1568867
20150611;60.89;62.12;60.76;61.82;1426673
20150612;61.71;63.77;61.61;63.5;1568317
20150615;62.86;63.24;62.08;62.66;1128872
20150616;62.68;63.34;61.89;62.28;780398
20150617;62.15;62.67;61.65;62.03;1232937
20150618;62.61;64.37;62.61;63.99;1461375
20150619;64.31;65.42;63.91;64.65;4167399
20150622;65.62;66.26;65.12;66.22;1732199
20150623;67.07;67.48;66.43;66.52;1560351
20150624;66.58;67.24;66.02;66.2;1153463
20150625;66.67;67.15;65.42;65.43;1273487
20150626;65.8;65.9;64.5;64.75;1871959
20150629;64.29;65.6;63.8;63.86;1066647
20150630;64.55;65.48;64.2;64.43;1332409
20150701;65.55;65.64;62.59;64.3;1956896
20150702;64.66;65.31;63.82;65.01;1109120
20150706;64.61;66.39;64.54;66.16;1331933
20150707;66.25;67.63;65.7;67.44;1464937
20150708;67.04;67.09;65.5;66.12;1324643
20150709;67.07;67.22;66.44;66.54;922687
20150710;68.01;70.69;67.8;70.55;2292331
20150713;71.51;72.65;71.51;72.25;1438242
20150714;71.96;73.7;71.46;73.62;1782526
20150715;73.49;74.54;72.13;73.72;1741466
20150716;73.99;75.47;73.88;74.69;1555777
20150717;74.99;75.35;74.32;74.77;1111501
20150720;75.04;75.25;73.7;74.14;1355704
20150721;74.22;75.03;73.97;74.95;1155715
20150722;74.46;75.88;74.46;75.83;1630654
20150723;76.88;77.8;72.61;73.79;2246851
20150724;74.49;75.24;73.45;74.1;1551620
20150727;73.39;73.55;72.55;73.02;1227478
20150728;73.39;74.47;72.78;74.32;1540226
20150729;74.36;75;73.36;74.78;1310744
20150730;74.4;75.28;73.89;75.16;869982
20150731;75.36;75.87;74.41;75.75;1185973
20150803;76.14;78.32;76.01;78.02;1290483
20150804;78.12;78.42;77;77.77;931052
20150805;78.16;79.61;77.79;79.03;1438975
20150806;80.09;80.53;76.88;77.75;1062960
20150807;77.6;78.37;77.02;77.99;668259
20150810;78.63;79.62;78.22;78.63;928567
20150811;78.24;80.28;78.17;79.96;1257207
20150812;79.27;79.41;76.44;78.54;1304676
20150813;78.48;80.24;78.03;79.29;1076734
20150814;78.58;79.82;78.58;79.6;527250
20150817;79.61;81.75;79.1;81.51;1060386
20150818;81.56;82.15;80.27;81.51;1116606
20150819;80.75;82;80.5;80.99;1376376
20150820;80.04;80.56;78.7;79.01;1292295
20150821;77.65;79.09;76.13;76.14;1752690
20150824;70.03;75.8;58.92;73.1;2515928
20150825;75.87;77.88;74.31;74.55;1716858
20150826;76.08;76.67;73.13;76.32;1473185
20150827;77.17;77.69;74.87;76.24;1395405
20150828;76.2;76.85;75.28;75.81;1262111
20150831;75.89;76.82;74.61;74.86;1339236
20150901;73.65;75.41;73.65;74.8;1367361
20150902;76.09;78.84;75.62;78.83;1430638
20150903;79;80;77.81;78.07;1248159
20150904;77.16;79.85;77.04;78.58;1058193
20150908;79.95;81.31;79.67;81.24;1351134
20150909;82;82.43;80.57;81.77;1439324
20150910;82.09;82.78;80.99;81.29;1147234
20150911;80.85;82;80.75;81.87;878934
20150914;81.81;82.43;80.55;80.74;1400415
20150915;81.05;81.2;79.27;79.74;1589742
20150916;79.6;80.64;78.39;79.13;1433389
20150917;79.61;80.6;78.57;79.69;1294245
20150918;78.82;79.82;78.49;78.74;3717785
20150921;79.21;82.17;79.1;82.09;1951242
20150922;80.84;81.76;78.05;78.65;1439388
20150923;78.65;80.28;78.65;80.07;1103999
20150924;79.48;79.92;78.36;78.98;1193331
20150925;79.84;81.28;79.26;80.7;1117057
20150928;80.41;80.58;77.45;78.11;1580402
20150929;78.08;78.97;76.76;78.38;1082148
20150930;79.07;80.14;78.32;79.45;1537770
20151001;78.88;80.49;78;80.23;1230201
20151002;79.02;79.37;77.21;79.26;1208227
20151005;79.73;81.7;79.03;80.91;1408829
20151006;80.55;80.82;74.44;74.53;2874761
20151007;74.69;77.31;72.89;75.97;2897126
20151008;75.73;77.21;74.92;75.76;1414563
20151009;75.16;77.77;75.16;75.92;2184976
20151012;76.28;78.55;75.61;77.99;1651858
20151013;76.77;77.38;73.89;73.92;2437061
20151014;74.83;75.4;73.11;73.45;1813366
20151015;74.06;76.27;73.15;75.98;2057730
20151016;75.9;75.95;74.53;75.83;1657830
20151019;75.74;77.42;75.44;76.87;1401753
20151020;76.85;77.48;75.82;76.49;1269646
20151021;76.43;77.18;74.68;74.73;1717120
20151022;76.18;76.95;74.75;75.97;1473953
20151023;76.89;79.31;76.89;79.09;1687355
20151026;78.76;79.89;78.33;79.16;1373145
20151027;79.05;79.55;77.01;77.95;1364809
20151028;78.21;78.47;74.47;75.19;2020321
20151029;75.17;76.58;74.74;75.77;923726
20151030;75.78;77.48;75.5;76.25;947232
20151102;76.54;77.68;76.45;77.13;858204
20151103;77.8;77.81;75.94;77.68;1379204
20151104;77.68;77.87;76.71;77.41;1009312
20151105;77.87;78.17;76.85;78.06;896208
20151106;77.96;79;77.37;78.08;699386
20151109;78.07;78.12;76.79;77.31;1262455
20151110;76.98;78.6;76.9;78.57;965438
20151111;78.89;78.96;77.47;77.57;691903
20151112;77.53;77.99;76.62;76.68;956103
20151113;76.52;77.1;75.81;75.96;1054459
20151116;75.38;76.88;74.82;76.85;1281744
20151117;77;79.39;76.57;77.54;1540652
20151118;77.56;78.32;76.6;78.09;1070112
20151119;78.52;79.57;78.43;79.23;822896
20151120;79.59;81.94;79.49;81.86;1331913
20151123;81.95;82.21;80.29;80.41;1019734
20151124;79.32;79.91;77.5;79.6;1164699
20151125;80.01;80.31;79.02;79.61;669647
20151127;79.81;80.61;79.02;79.76;451456
20151130;79.77;80.37;79.03;79.73;1083183
20151201;79.84;81.22;79.66;81.17;885429
20151202;81.76;83.22;80.93;81.7;1238575
20151203;82.15;82.64;80.32;80.55;1366261
20151204;81.63;85.44;81.5;84.91;1906876
20151207;86.11;87.17;85.44;86.33;1782650
20151208;85.79;86.45;84.19;85.62;1650282
20151209;85.15;86.57;82.94;83.51;1578722
20151210;84.45;85.5;84.14;84.36;1182448
20151211;83.5;83.5;81.96;82.77;1539924
20151214;82.99;83.48;80.86;82.15;1198823
20151215;82.58;82.86;81.56;82.13;1197037
20151216;82.59;83.05;81;82.75;1095304
20151217;82.79;84.25;81;81.13;1050864
20151218;80.97;82.29;79.9;79.95;1417133
20151221;80.79;82.87;80.79;82.5;1129681
20151222;81.78;81.97;79.62;81.72;1399400
20151223;81.6;82.72;80.35;82.16;907328
20151224;82.11;83.42;82.01;82.12;387174
20151228;82.13;82.87;81.03;82.42;606560
20151229;82.55;83.27;82.31;82.77;613967
20151230;82.77;82.77;81.3;81.44;599712
20151231;81;81.45;79.8;80.51;817475
20160104;79.16;79.29;77.33;78.4;1441331
20160105;78.6;79.17;76.56;77.09;1546977
20160106;76.53;78.25;76.3;78.2;1387117
20160107;76.57;77.19;72.88;73.99;1797151
20160108;74.89;74.89;70.25;70.38;2723471
20160111;70.66;71.78;69.11;70.67;1969895
20160112;71.16;71.88;69.45;71.04;1364097
20160113;71.13;71.43;67.25;67.66;1519378
20160114;67.33;69.9;66.09;68.75;1496749
20160115;67.66;69.85;66.5;68.73;2050854
20160119;69.42;69.74;66.64;67.05;2205112
20160120;66.73;68.83;64.18;67.16;2789840
20160121;68.61;72.79;67.85;72.61;3660643
20160122;74.38;74.38;71.8;72.86;2125742
20160125;73.03;73.79;69.57;69.79;1701830
20160126;70.15;71.36;68.87;71.33;1430060
20160127;71.46;72.65;69.42;70.02;1507048
20160128;69.83;70.03;67.23;68.57;1459162
20160129;68.13;70.4;67.61;70.4;1435657
20160201;70.05;70.94;69.47;70.29;1444492
20160202;69.99;70.29;67.82;67.96;1049697
20160203;68.3;68.32;65.59;67.27;1256949
20160204;67.11;69.17;67.1;68.91;1158957
20160205;68.48;69.05;64.12;64.56;1705555
20160208;63.36;64.35;61.58;63.06;1509576
20160209;62.22;66.15;61.69;65.63;1766753
20160210;66.84;67.93;66.21;66.84;1387016
20160211;65.86;67.39;65.43;66.94;1246281
20160212;67.84;68.75;66.16;68.44;1194341
20160216;68.9;69.83;68.19;69.6;933804
20160217;69.9;71.95;69.72;71.77;1135999
20160218;72;72.38;70.93;72.32;1546971
20160219;71.47;72.48;71.32;72.34;1195336
20160222;73.1;73.7;71.8;72.39;1193568
20160223;72.31;73.03;71.59;72.74;906383
20160224;72.32;73.7;71.06;73.6;1026900
20160225;73.68;75;73.21;74.91;998507
20160226;75;75.51;73.62;74.57;968393
20160229;74.09;74.57;73.85;73.9;1034498
20160301;74.2;77.1;73.96;77.07;1364985
20160302;76.65;77.64;76;77.26;1069894
20160303;77.07;78.49;76.73;78.25;1098589
20160304;78.45;78.45;76.8;77.67;1106683
20160307;77.05;77.77;76.18;77.2;1124172
20160308;76.04;77.36;75.08;76.4;1543129
20160309;76.97;78.02;76.06;77.32;822370
20160310;77.39;77.81;75.15;76.39;1172841
20160311;77.83;80.78;77.62;80.77;1735336
20160314;80.24;80.7;79.2;79.79;1232647
20160315;79.4;80.08;79.09;79.99;793870
20160316;79.5;80.71;79.42;80.53;846365
20160317;80.42;81.45;80.09;80.98;1109344
20160318;80.7;83;80.55;82.03;1966345
20160321;82.28;82.59;81.91;82.26;1098314
20160322;81.2;82.48;81.03;82.03;694245
20160323;81.8;82.04;80.56;81.12;1279209
20160324;80.47;80.59;79.42;80.59;1159728
20160328;80.52;82.9;80.04;81.49;1267914
20160329;81.54;82.73;81.18;82.35;1196393
20160330;82.59;83;82;82.33;985763
20160331;82.39;83.09;81.81;82.02;1102446
20160401;81.26;82.08;80.43;82.01;1021400
20160404;78.22;78.98;77.01;78.92;6457541
20160405;78.39;81.47;78.25;79.68;2761342
20160406;79.96;80.1;78.29;79.64;1659555
20160407;79.45;79.66;77.69;78.28;1481133
20160408;78.71;79.45;78.16;79.08;911159
20160411;79.78;80.45;78.47;78.48;1423133
20160412;78.88;79.89;78.75;79.25;977483
20160413;80.03;82;79.73;81.87;1118802
20160414;82.14;83.26;81.82;81.86;1153217
20160415;81.85;82.55;81.33;82.38;1104060
20160418;82.51;82.75;81;82.24;970358
20160419;82.36;82.72;81.34;82.12;932507
20160420;82.1;82.68;81.53;81.6;1206831
20160421;81.43;82.09;78.78;79.38;1503942
20160422;77.7;78.21;75.73;76.81;2540579
20160425;76.67;77.21;74.4;74.45;2335165
20160426;74.57;75.48;73.08;74.35;1803080
20160427;74.24;75.09;73.53;73.58;1357699
20160428;73.5;73.58;71.83;72.01;1033347
20160429;71.56;71.64;70.12;70.43;2065597
20160502;70.56;71;70.28;70.53;1100539
20160503;70.5;70.9;69.6;70.41;1408821
20160504;69.68;69.89;68.9;69.1;1263080
20160505;69.09;70.17;68.94;69.14;1249182
20160506;68.68;69.02;67.2;68.51;1190530
20160509;68.97;69.8;68.76;68.8;1278919
20160510;69.31;69.87;68.8;69.33;935707
20160511;68.7;69.42;67.41;67.6;3733889
20160512;68.03;68.14;65.12;65.57;27347093
20160513;65.72;67.14;65.5;66.26;2238063
20160516;66.61;67.2;65.27;66.31;2451191
20160517;66.39;67.28;65.1;65.44;2756628
20160518;65.49;67.49;65.3;66.42;1735435
20160519;66.06;66.58;64.43;65.39;1737672
20160520;65.65;66.27;65.07;65.21;1131871
20160523;65.54;66.04;65.18;65.34;1269818
20160524;65.84;67;65.79;66.87;1724297
20160525;66.85;68;66.73;66.91;1413799
20160526;66.77;67.07;65.62;66.14;1347000
20160527;66.29;67.09;66.16;66.82;1086729
20160531;66.64;66.82;65.56;66.4;1329693
20160601;66.22;66.39;65.7;65.96;1859734
20160602;65.59;66.51;65.51;65.94;1296215
20160603;65.9;65.96;64.27;65.08;1672786
20160606;65;65.25;64.23;65.21;1453500
20160607;65;66.79;65;66.33;1813472
20160608;66.31;67.43;66.06;66.39;1553947
20160609;66.39;67.95;66.39;67.5;2062457
20160610;66.9;67.51;66.34;66.92;1118503
20160613;66.31;66.48;64.22;64.29;1484519
20160614;63.91;64.26;61;61.52;2078453
20160615;61.62;63.21;60.97;61.16;2381371
20160616;60.74;61.18;60.03;60.37;1750219
20160617;60.31;60.65;59.48;59.88;2437971
20160620;60.53;60.7;59.32;59.48;1786861
20160621;60.11;61.43;59.79;60.46;1842700
20160622;60.46;61.08;59.6;59.68;1331341
20160623;60.35;60.47;58.74;59.14;1764489
20160624;57.02;58.24;56.29;56.49;3622388
20160627;55.55;55.9;54.51;55.66;3100782
20160628;56.55;56.92;55.33;56.71;1969340
20160629;57.14;58.07;56.88;57.69;1878552
20160630;57.95;58.29;57.3;58.29;1792089
20160701;58.24;59.06;58.05;58.74;1421503
20160705;58.56;58.75;57.61;58.63;1352302
20160706;57.87;58.59;56.45;58.54;2203467
20160707;58.37;59.94;58.31;59.47;1229021
20160708;59.72;60.54;59.72;59.86;2276409
20160711;60.17;60.73;59.9;60.16;1519734
20160712;61.27;63.45;61.19;63.25;2451458
20160713;63.84;64;62.71;63.17;1772156
20160714;63.71;64.89;63.29;64.86;2132778
20160715;64.67;65.19;64.21;65.04;2810274
20160718;64.92;65.45;64.18;64.24;1431026
20160719;63.84;64.11;63.16;63.87;1253205
20160720;64.03;64.21;63.23;63.49;1918844
20160721;62.95;65.53;61.61;64.71;2832442
20160722;65.17;65.55;64.3;64.6;1785337
20160725;65.65;66.15;65.01;65.4;1580948
20160726;65.66;66.58;64.89;66.53;1535324
20160727;67.8;68.01;67.01;67.87;2404726
20160728;67.7;68.55;67.47;68.46;1845891
20160729;68.44;68.85;67.17;67.22;2003692
20160801;67.35;67.68;66.65;67.65;1317634
20160802;67.23;67.36;64.67;64.89;2138801
20160803;64.65;65.57;64.5;65.1;1055360
20160804;65.14;65.31;64.51;65.1;915643
20160805;65.56;66.41;65.4;66.23;962384
20160808;66.1;66.36;65.53;65.86;941010
20160809;66.16;66.36;64.93;64.99;1032055
20160810;64.96;65.06;64.25;64.84;958674
20160811;65.53;66.61;65.47;66.11;1269745
20160812;65.89;66.24;65.33;65.38;577404
20160815;65.54;66.46;65.05;66.12;814870
20160816;65.69;66.4;65.36;66;820149
20160817;65.97;67.37;65.78;67.35;1514234
20160818;67.2;67.91;66.73;67.7;2154341
20160819;67.29;67.72;66.7;67.07;1094601
20160822;66.8;67.07;66.36;66.86;789160
20160823;67.14;67.88;66.95;67.35;839638
20160824;67.18;68.3;67.18;67.92;841092
20160825;67.72;68.48;67.68;68.34;1027948
20160826;68.19;68.33;67.01;67.27;956693
20160829;67.31;67.62;66.96;67.04;901260
20160830;67.12;68.33;66.73;67.55;1461630
20160831;67.43;67.86;66.5;67.53;1123084
20160901;67.81;68.44;67.08;67.26;916671
20160902;67.26;68.25;67.26;68.21;693132
20160906;68.25;69.01;68.02;69;1030613
20160907;69.28;71.3;69.27;71.03;1739016
20160908;70.86;71.63;70.78;71.32;1437875
20160909;70.96;71.09;68.86;68.86;1359268
20160912;68.35;70;67.69;69.79;1170827
20160913;69.57;70.29;68.15;68.32;1381774
20160914;68.25;68.44;66.53;66.65;1305534
20160915;66.58;67.4;65.96;66.81;1187355
20160916;66.56;66.87;65.63;65.7;1140375
20160919;65.8;66.57;65.56;65.69;1232129
20160920;65.9;66.27;65.49;65.5;551089
20160921;65.83;66.91;65.25;66.7;1321089
20160922;67.05;67.98;65.58;66.04;2126079
20160923;65.73;66.63;65.36;65.77;2330699
20160926;65.62;65.69;64.19;64.6;1410819
20160927;64.75;66.14;64.73;65.99;1119115
20160928;66.29;67.7;66.03;66.2;1091129
20160929;66.01;66.51;65.27;65.31;785003
20160930;65.6;66.35;65.29;65.86;884090
20161003;65.6;67.12;65.6;67.09;1041913
20161004;68.42;69.62;68;68.71;1956589
20161005;68.62;68.84;67.76;68.31;1011312
20161006;68.38;69.11;68.17;69.09;821428
20161007;69.07;69.2;67.89;68.11;1197717
20161010;68.29;69.94;68.17;69.91;846133
20161011;70;70.24;69.11;69.33;1454166
20161012;69.86;71.25;69.86;70.43;2022035
20161013;71.01;73.19;70.14;72.96;2156900
20161014;73.18;73.7;71.7;72.31;1155946
20161017;72.33;73.29;71.9;71.94;810786
20161018;72.45;73.17;71.6;72.11;1098382
20161019;72.04;73.52;71.78;73.46;1290352
20161020;74.23;75.31;72.82;75.29;1623803
20161021;74.33;75.05;73.87;74.56;1111859
20161024;74.88;75.04;73.5;73.61;779534
20161025;73.42;73.99;72.32;72.4;1235372
20161026;70.5;72.88;70.45;71.13;1546663
20161027;71.47;72.27;70.63;71.12;895474
20161028;71.22;72.4;71.07;71.78;721918
20161031;72.08;72.31;71.44;72.22;679770
20161101;72.24;72.85;70.66;71.43;736360
20161102;71.55;72.94;70.91;70.96;1027666
20161103;70.96;71.23;69.57;69.66;884617
20161104;69.7;71.05;69.12;70.26;1161050
20161107;71.38;72.59;70.88;72.57;1119922
20161108;72.46;73.1;71.77;72.71;839503
20161109;71.24;73.62;70.87;73.18;860481
20161110;73.34;75.42;73.29;74.97;1519635
20161111;74.52;75.33;74.14;75.23;759511
20161114;75.71;78.1;75.6;77.83;1269046
20161115;79.21;80.4;77.65;78.24;1249572
20161116;78;78.29;77.31;77.77;861337
20161117;77.66;78.9;77.48;78.85;679891
20161118;78.49;82.15;77.9;79.47;960561
20161121;79.5;79.57;78.72;78.78;796742
20161122;79.13;81.86;79.09;81.53;1465095
20161123;81.47;83;80.51;82.96;1578484
20161125;83;83.38;82.46;82.75;421904
20161128;82.34;83.2;81.81;82.43;1003798
20161129;82.47;83.47;82.1;82.78;705624
20161130;81.42;83.26;80;82.27;1742796
20161201;81.9;83.67;80.72;82.86;1321502
20161202;83;84.93;82.59;84.83;1808800
20161205;84.98;85.08;82.13;83.12;1964137
20161206;83.21;84.88;82.82;84.8;1539645
20161207;84.71;88.12;84.52;87.67;1821035
20161208;87.56;89.46;86.5;88.55;1555247
20161209;88.89;90.27;88.89;89.77;1329010
20161212;89.05;89.23;86.27;86.73;1274883
20161213;87.01;88.82;86.56;86.87;1249877
20161214;86.66;87.89;86.21;86.38;1033086
20161215;87.26;91.62;87.1;90.12;1745811
20161216;90.79;91.53;88.72;88.73;2476331
20161219;88.92;90.68;88.92;90.33;1094026
20161220;90.64;91.89;90.26;91.56;884935
20161221;91.26;91.59;90.05;91.12;899742
20161222;91.22;91.34;88.75;89.1;1099562
20161223;89.38;90.47;89.36;90.43;794510
20161227;90.87;91.37;90.13;90.54;654754
20161228;90.44;91.02;88.64;88.69;666015
20161229;88.71;89.36;87.84;88.53;770643
20161230;88.74;89.14;88.02;88.73;930988
20170103;88.92;91;87.91;88;1387630
20170104;87.55;89.43;86.64;89.18;1362933
20170105;89.16;89.73;87.5;87.76;1499725
20170106;87.61;87.69;86.3;86.98;929688
20170109;86.78;88.35;86.22;87.47;1287161
20170110;88.46;92.49;88.46;92;2127101
20170111;92.8;94.8;91.78;93.8;2537802
20170112;93.22;93.97;91.64;93.26;1524930
20170113;93.3;94.4;93.09;94.32;833315
20170117;94;94.8;92.68;93.41;1092935
20170118;92.49;93.48;91.75;92.93;1829057
20170119;93.29;94.7;93.23;94.22;1505188
20170120;94.29;94.73;93.8;94.71;1318801
20170123;94.38;94.8;92.7;93.07;926063
20170124;93.01;93.85;92.54;92.86;868632
20170125;93.55;94.17;93.07;93.38;700995
20170126;93.75;96.03;93.52;95.9;1266468
20170127;96.05;96.27;95;95.13;1567635
20170130;94.06;94.31;92.22;94.16;1173584
20170131;93.68;94;92.87;93.82;932506
20170201;93.83;94.68;93.03;93.63;830162
20170202;92.94;94.65;92.37;94.53;1174700
20170203;94.67;95.34;93.55;94.09;932982
20170206;94.75;95.79;94.31;95.12;863966
20170207;95.42;95.45;93.92;94.1;1572885
20170208;95.1;98.8;94.98;97.2;2683620
20170209;97.08;98.89;95.12;98.41;2164011
20170210;98.37;98.83;97.16;97.35;1258011
20170213;97.47;98.4;97.36;98.02;1077577
20170214;98.11;98.3;95.66;96.3;1252656
20170215;97.11;97.75;96.31;96.96;1449146
20170216;96.99;97.26;95.8;96.69;1296940
20170217;96.12;96.69;95.31;96.6;909965
20170221;96.34;97.1;95.91;96.61;1068210
20170222;96.38;97.52;96.24;97.25;871083
20170223;97.25;97.69;95.78;95.89;822156
20170224;95.2;97.06;94.83;97.01;653791
20170227;96.76;97.87;96.23;97.84;779098
20170228;97.91;98.76;97.4;97.82;1163147
20170301;98.04;101.43;98.04;100.24;1562404
20170302;99.91;100.09;96.22;96.36;1838225
20170303;96.55;99.22;96.51;98.94;1535932
20170306;98.47;98.81;95.53;96.63;1770113
20170307;96.15;96.43;94.89;95.12;1235668
20170308;95.27;95.99;94.18;95.2;1298640
20170309;95.39;96.33;94.48;94.78;1205069
20170310;94.58;96.68;94.34;96.61;1217222
20170313;96.33;98.3;96.17;96.58;1375531
20170314;96.22;96.39;94.14;94.5;1132762
20170315;93.11;95.9;92.33;95.36;1876109
20170316;95.38;95.82;93.66;94.14;1396810
20170317;94.55;94.59;93.27;93.36;1321308
20170320;95.19;95.25;93.85;94.82;1498802
20170321;95.4;95.4;92.01;92.11;1492859
20170322;91.66;92.96;89;92.92;1678734
20170323;92.99;95.24;92.36;94.05;1331335
20170324;94.24;95.36;93.06;94.7;856859
20170327;93.44;95.43;93.14;95;1063920
20170328;94.97;97.06;94.73;96.33;1571766
20170329;96.5;96.58;93.75;94.3;1318686
20170330;94.36;94.93;93.4;93.66;2143615
20170331;93.36;93.57;92.18;92.22;1856876
20170403;92.42;92.57;90.7;92.37;1978895
20170404;92.14;92.59;90.12;90.22;1278636
20170405;90.81;91.42;89.97;90.05;1188490
20170406;90.28;90.71;89.09;89.43;1509718
20170407;88.99;89.82;88.41;89.17;1277004
20170410;89.4;90.05;88.8;89.04;1057263
20170411;88.79;89.66;87.74;88.84;1315140
20170412;89.6;90;88.27;88.66;1545820
20170413;88.33;88.55;86.3;86.33;1577611
20170417;86.59;87.14;86.12;86.91;985470
20170418;86.97;87.66;85.75;86.53;1106255
20170419;86.94;87.94;86.58;87.19;894424
20170420;87.6;88.64;87.2;88.37;797720
20170421;88.45;89.31;88.11;89.11;1147793
20170424;90.75;91.43;90.07;90.68;1342017
20170425;91;91.91;90.69;91.42;1615522
20170426;90.35;91.95;88.18;88.25;2385784
20170427;86.18;86.34;83.76;84.93;3163065
20170428;84.98;85.69;84.8;85.09;1173340
20170501;85.34;85.62;84.41;84.42;1117387
20170502;84.4;86.69;84.39;86.49;1680798
20170503;86.4;86.83;85.54;86.6;1178581
20170504;86.68;87.31;84.96;85.43;1256907
20170505;85.72;85.83;84.63;85.24;947207
20170508;85.27;85.44;83.44;83.53;2579851
20170509;84.23;84.6;83.22;84.21;1635877
20170510;84.08;84.42;83.11;83.19;1282446
20170511;83.15;83.91;82.37;83.65;1804310
20170512;83.45;84.33;83.37;83.59;1533548
20170515;84.31;85.88;84.31;84.87;1494792
20170516;85.22;85.22;83.82;84.73;1602150
20170517;84;84.26;82.14;82.19;1246209
20170518;82.12;83.55;82.03;83.04;1179147
20170519;83.17;84.99;82.96;84.57;1201626
20170522;84.85;85.78;84.71;85.28;847933
20170523;85.24;86.41;84.45;85.78;1540219
20170524;85.85;86.53;84.46;84.54;1321514
20170525;84.75;86.8;84.51;86.58;1594970
20170526;86.42;87.34;85.86;86.62;1325597
20170530;86.13;86.83;85.71;85.81;1412282
20170531;86.15;87.34;85.58;87.05;1412139
20170601;87.26;88.55;87.04;88.23;1273703
20170602;88.61;90.18;88.56;89.31;1482095
20170605;89.13;89.66;88.68;89.3;1275471
20170606;88.69;90.35;88.55;89.2;1269327
20170607;89.4;92.19;88.77;91.69;1650159
20170608;91.81;91.98;90.25;90.54;1888527
20170609;90.78;91.28;89.72;89.93;1292055
20170612;89.75;89.75;87.68;89.04;817480
20170613;89.43;89.93;87.84;88.91;1032718
20170614;88.83;89.68;88.2;89.17;643333
20170615;88.67;88.69;87.09;88.41;815408
20170616;88.34;89.01;88.07;88.74;1218465
20170619;89.34;90.82;88.97;90.77;760094
20170620;90.77;90.99;89.32;89.39;769372
20170621;90.01;91.04;89.55;90.83;824918
20170622;91.7;91.95;90.29;91.02;918004
20170623;91.09;92.16;90.92;91.63;1355135
20170626;92.02;93.16;90.83;90.87;737260
20170627;90.49;90.85;88.9;88.92;1211156
20170628;89.51;89.83;88.34;88.41;1213959
20170629;88.73;89.65;88.29;89.1;1019132
20170630;89.4;90.31;88.83;89.76;1234020
20170703;90.27;90.93;89.9;90.22;543186
20170705;90.48;92.37;90.12;91.28;1062156
20170706;91;92.11;90.24;91.4;1091736
20170707;91.68;93.98;91.61;93.89;1127126
20170710;93.06;93.78;92.81;92.94;1296719
20170711;92.66;93.24;91.52;91.57;1093183
20170712;92.5;94.75;92.21;94.63;1176813
20170713;94.29;95.75;93.72;93.74;1116830
20170714;94;94.19;92.44;92.63;912041
20170717;92.71;93;91.84;92.08;965202
20170718;91.75;91.92;90.53;90.75;948878
20170719;90.55;90.84;89.66;90.27;1027615
20170720;90.26;90.26;88.91;89.1;997560
20170721;88.89;89.18;88.08;88.25;942834
20170724;88.19;88.24;86.96;87.01;882937
20170725;87.55;88.34;86.93;87.13;1162094
20170726;85.28;88.74;83.41;87.72;2873776
20170727;87.02;88.45;84.64;87.98;2459829
20170728;87.58;87.99;85.47;86.32;1725712
20170731;86.54;86.57;85.18;85.23;1253497
20170801;85.9;87.17;84.91;85.51;1569252
20170802;85.39;85.97;84.98;85.64;990489
20170803;85.41;86.04;84.42;84.99;979516
20170804;85.22;85.95;84.76;85.87;821517
20170807;86.15;86.68;85.81;86;838598
20170808;85.85;86.92;85.02;85.15;972396
20170809;84.87;84.9;83.82;84.34;838211
20170810;83.99;84.24;83.13;83.79;1099437
20170811;83.61;84.96;83.3;84.47;1137003
20170814;85.39;85.7;83.9;85.09;1127936
20170815;84.79;85.1;83.16;83.91;1573740
20170816;84.09;85.14;81.93;83.81;1191728
20170817;83.71;83.99;79.93;80.02;1358808
20170818;79.77;80.01;78.44;78.45;1649914
20170821;78.5;79.19;77.82;77.98;1178236
20170822;78.23;78.62;76.71;77.11;1305209
20170823;77.11;77.11;74.8;74.91;1577274
20170824;75.18;75.18;73.29;73.52;1933554
20170825;73.91;76;73.91;75.53;1675303
20170828;75.68;75.68;74.21;74.31;1584649
20170829;73.87;74.5;73.55;74.38;1164083
20170830;74.3;74.41;73.4;74.13;920495
20170831;74.51;75.23;74.39;74.66;1000261
20170901;75.1;75.65;74.59;75.15;1070771
20170905;74.57;74.64;72.78;73.05;1689396
20170906;72.46;73.87;71.7;73.68;2524012
20170907;74.08;74.95;73.03;73.16;2114896
20170908;73.01;74.66;72.95;74.3;1201302
20170911;74.95;75.79;74.83;75.59;1832155
20170912;75.77;76.41;75.15;76.32;1197909
20170913;76.57;76.57;75.21;76.21;1132111
20170914;76.78;78.44;76.75;77.49;2500000
20170915;76.86;76.98;75.02;75.28;2224735
20170918;75.13;75.26;72.72;73.07;2334380
20170919;73.08;73.77;71.81;72.24;2148570
20170920;72.46;73.64;71.93;73;1452281
20170921;73.12;73.39;71.17;72.91;2426378
20170922;72.85;74.92;72.55;74.75;1717740
20170925;74.75;75.36;74.19;74.79;1489614
20170926;75.5;76.27;74.81;74.96;1281539
20170927;75.31;75.58;74.29;75.1;1303983
20170928;74.97;76.1;74.67;75.87;1271134
20170929;76;76.59;75.94;76.27;1032108
20171002;76.3;77.25;76.21;77.03;1353866
20171003;77.07;80.2;77.05;80.15;1936616
20171004;80.75;82.5;80.27;80.84;2358887
20171005;80.75;80.83;78.88;79.75;1475129
20171006;79.34;80.89;79.18;80.56;1549454
20171009;80.6;80.88;79.87;80.41;1031271
20171010;81.32;82.68;80.47;80.68;2428068
20171011;80.83;81.73;80.68;81.52;1193956
20171012;80.82;80.93;79.13;80.4;2528160
20171013;80.4;81.22;80.09;80.96;1326165
20171016;80.69;81;79.67;80.47;1416607
20171017;80.75;81.77;80.04;80.52;1150825
20171018;80.6;80.93;80.33;80.43;691308
20171019;79.68;80.17;77.4;78.83;1846629
20171020;79.11;80.17;78.72;79.69;1213833
20171023;79.89;79.89;78.62;78.74;814442
20171024;78.25;79.52;77.68;79.39;1401247
20171025;76.3;78;68.1;68.92;8088521
20171026;69.37;70.46;65.26;65.38;6049323
20171027;65.86;67.14;64.77;66.58;4118689
20171030;66.1;66.87;65.16;66.46;1809507
20171031;66.4;66.77;65.2;66.03;2471162
20171101;65.65;66.02;64.71;65.78;2366476
20171102;65.83;66.12;63.56;63.65;3153341
20171103;63.59;63.92;62.65;63.65;1669229
20171106;63.34;64.72;63.3;63.94;1385552
20171107;64.08;64.14;62.17;62.2;1749822
20171108;62.05;62.48;61.36;62.08;2022915
20171109;61.94;62.42;61.65;62.38;1578314
20171110;62.17;63;61.99;62.42;1672262
20171113;62.14;62.37;61.38;61.72;1546130
20171114;61.56;61.94;61.45;61.68;1670266
20171115;62.33;64.78;61.1;64.44;2797325
20171116;65.33;66.4;64.8;65.87;2483639
20171117;65.77;67.04;65.37;66.4;1819105
20171120;66.04;66.21;64.99;66.1;1897132
20171121;66.22;66.4;65.07;66.19;1416576
20171122;66.24;66.53;65.2;65.58;1559314
20171124;65.79;65.79;64.88;65.4;452444
20171127;65.45;65.77;64.97;65.36;1254436
20171128;65.42;67.41;65.23;67.29;1605539
20171129;67.3;70.51;67.28;69.11;2883707
20171130;69.5;70.16;68.62;69.17;1980995
20171201;69.1;69.36;66.5;66.91;2765264
20171204;67.5;69.54;67.5;68.28;3425916
20171205;68.38;68.85;67.59;68.1;1862781
20171206;67.85;68.91;67.6;67.83;1198709
20171207;67.51;69.39;67.51;69.37;1395352
20171208;69.71;70.57;69.6;69.74;1073388
20171211;69.77;70.27;69.41;69.72;917871
20171212;70.38;70.97;69.76;69.8;2043055
20171213;69.84;69.97;68.75;69.02;1633793
20171214;69.35;70.33;69;69.39;1148065
20171215;69.62;71.86;69.61;70.83;2635243
20171218;72.37;73.78;71.89;73.56;2392310
20171219;73.87;73.89;71.9;73.19;2119202
20171220;73.38;74.1;72.8;73.77;1510648
20171221;74;76.06;74;74.69;2020506
20171222;74.69;74.92;73.97;74.28;1247378
20171226;74.25;75.07;74.12;74.84;869538
20171227;74.96;74.96;73.96;74.37;939275
20171228;74.58;74.72;73.55;74.57;901666
20171229;74.67;74.85;73.47;73.51;1038668
20180102;74.04;75.12;73.82;75.01;1738002
20180103;75.08;75.1;73.69;74.66;1652958
20180104;74.79;75.08;72.82;73.85;1343896
20180105;74.26;74.26;73.46;73.74;1087556
20180108;73.74;73.74;72.21;72.75;1339880
20180109;72.1;72.53;71.2;71.29;2398071
20180110;70.37;72.42;70;72.05;1797809
20180111;72.73;75.46;72.6;74.81;2401820
20180112;75;75.14;73.07;73.52;2946913
20180116;73.7;74.04;71.16;71.28;2360498
20180117;71.67;72.53;70.74;70.82;2275844
20180118;70.99;71.11;69.76;69.79;1979851
20180119;70.3;70.32;68.35;68.88;3372454
20180122;68.75;69.17;67.06;68.55;3007437
20180123;68.56;70;68.44;69.47;2557629
20180124;66.2;66.57;64.51;64.69;6209014
20180125;62.31;63.53;59.25;62.07;10475991
20180126;62.25;64.59;61.51;64.54;3973947
20180129;64.26;65.93;64.15;65.48;3702733
20180130;64.24;65.03;63.77;64.2;2677620
20180131;64.38;67.03;64.38;65.73;3643134
20180201;65.54;65.85;64.04;64.08;2492777
20180202;65.2;65.88;64.02;64.56;5700907
20180205;63.86;65.09;62.71;62.74;5581640
20180206;62.24;63.65;61.08;63.19;4789408
20180207;63.14;64.96;63.04;64.23;2025459
20180208;64.25;65.23;63.82;64.04;4271875
20180209;64.67;65.23;63.64;64.72;5139971
20180212;65.11;66.79;64.95;66.01;3346500
20180213;65.45;67.18;65.25;66.89;2907208
20180214;66.6;67.5;65.72;66.76;2385900
20180215;66.68;67.27;64.77;66.17;3555568
20180216;65.83;66.34;64.82;64.97;1860763
20180220;64.94;65;63.99;64.39;1540796
20180221;64.5;66.61;64.36;64.69;2239134
20180222;65.14;65.7;64.03;64.17;1246691
20180223;64.45;65.17;63.94;64.98;1365969
20180226;65.46;66.31;64.44;66.15;1631293
20180227;66.24;66.64;64.8;64.89;1512871
20180228;65.03;65.46;64.25;64.5;1130265
20180301;64.29;66.07;63.85;64.65;2448512
20180302;64;64.36;62.42;63.38;2071243
20180305;63.05;64.16;62.52;63.62;2347007
20180306;63.75;64.45;63.22;64.3;1379410
20180307;63.88;64.41;63.53;64;1290522
20180308;64.23;65.47;64.03;64.8;1482848
20180309;65.1;65.3;63.82;64.8;3009108
20180312;64.99;66.04;64.39;65.78;3380531
20180313;65.87;68.85;65.87;68.79;3274176
20180314;68.54;69.16;65.5;65.67;2517996
20180315;65.89;66.34;65.5;65.92;1124816
20180316;66.16;67.22;66.12;66.51;1495629
20180319;66.31;66.57;64.65;65.1;1272930
20180320;65.39;65.43;64.59;65.19;1003364
20180321;63.99;64.56;62.95;64.21;2270441
20180322;63.72;64.4;62.73;62.82;1692493
20180323;62.67;63.3;61.81;61.88;1422900
20180326;62.22;62.5;61.39;62.16;1449283
20180327;62.43;62.59;61.2;61.49;2192285
20180328;61.49;62.04;61.25;61.57;1788909
20180329;61.65;62.35;61.5;61.96;2232249
20180402;61.67;61.67;57.6;57.75;3570488
20180403;58.46;60.24;57.6;60.11;4137902
20180404;59.54;61.31;59.01;61.22;2019053
20180405;61.51;62.34;61.21;62.11;1448575
20180406;61.73;62.02;60.31;60.77;2201058
20180409;60.99;61.32;59.7;59.81;1561307
20180410;60.38;60.55;58.67;59.85;1814231
20180411;59.47;60.22;59.03;59.06;1551252
20180412;59.57;60.74;59.31;60.27;1515891
20180413;61.02;65.1;60.93;63.95;4581044
20180416;64.6;65.68;64.3;65.21;2808860
20180417;65.67;66.17;64.66;64.99;1580082
20180418;65.64;66.89;65.16;65.97;2212480
20180419;65.94;66.01;64.61;65.52;1434360
20180420;65.69;66.14;65.01;65.39;1755112
20180423;67.34;70.25;66.89;69.11;6424599
20180424;68.41;68.6;64.46;65.26;3480394
20180425;65.26;66.61;64.33;66.39;2327975
20180426;65.79;66.45;64.76;65.9;2188022
20180427;65.89;67.06;65.83;66.02;1628945
20180430;66.17;66.47;64.5;64.93;1329950
20180501;65.06;65.64;64.4;65.44;1119861
20180502;65.01;65.71;63.33;63.39;3762148
20180503;63.25;63.82;62.11;62.92;2706034
20180504;62.48;62.91;61.95;62.8;2741536
20180507;62.79;62.8;61.18;61.65;2063966
20180508;61.58;62.31;61.02;61.63;2308886
20180509;61.54;61.79;60.29;60.39;3331097
20180510;60.65;60.79;59.86;60.56;2548885
20180511;60.6;60.91;60.06;60.53;1456243
20180514;60.41;60.71;59.45;60.05;2433270
20180515;59.9;60.16;58.71;58.75;2713538
20180516;58.7;59.8;57.83;59.1;2761999
20180517;59.16;59.78;58.47;58.6;1457447
20180518;58.46;58.7;58.01;58.21;1254200
20180521;58.28;58.85;57.53;57.94;2016725
20180522;58.12;58.55;58.01;58.18;1646975
20180523;58.03;58.45;57.65;58.42;1547306
20180524;58.5;60.1;58.28;59.87;2145198
20180525;60.1;62.67;59.91;61.87;2630494
