20100104;36.74;36.97;36.42;36.85;1301118
20100105;38.46;38.47;36.33;37.09;2708736
20100106;36.89;37.28;36.77;37.01;1234043
20100107;36.8;37.39;36.71;37.36;995371
20100108;37.11;38.12;37.02;38.07;1432659
20100111;38.39;39.08;37.79;38.71;1132431
20100112;38.52;38.66;37.96;38.31;877753
20100113;38.38;39.84;38.15;39.75;1493404
20100114;39.79;40;39.38;39.79;694972
20100115;39.59;40.23;39.17;39.48;1279508
20100119;39.55;40.07;39.46;40.07;1009018
20100120;39.71;39.71;39.35;39.61;951260
20100121;39.57;39.83;38.65;38.66;1480492
20100122;38.47;39.13;38.35;38.62;1599643
20100125;38.91;39.12;38.55;38.58;901774
20100126;38.39;38.9;38.28;38.38;669397
20100127;38.27;38.51;37.87;38.44;959270
20100128;38.69;39.05;37.97;38.1;1709653
20100129;35.68;36.42;32.48;32.51;5724272
20100201;32.82;34.19;32.57;33.34;3506378
20100202;33.37;33.84;33.18;33.54;1957196
20100203;33.29;33.56;32.7;33.14;1399736
20100204;32.83;33.11;32.65;32.71;1800501
20100205;32.62;32.94;32.11;32.77;2272895
20100208;32.82;33.25;32.4;32.51;1499141
20100209;33.03;33.06;31.91;32.54;1981925
20100210;32.48;32.48;31.87;32.17;1648490
20100211;32.02;32.58;31.8;32.34;1456632
20100212;31.9;32.29;31.55;32.09;1372703
20100216;32.29;32.61;32.1;32.6;1698648
20100217;32.57;32.85;31.73;32.1;2447528
20100218;32.1;32.42;31.8;32.05;2322212
20100219;31.72;31.96;31.34;31.8;2941270
20100222;32;32.44;31.69;32.04;2049040
20100223;31.94;32.22;31.48;31.52;1392263
20100224;31.58;31.92;31.42;31.73;1273867
20100225;31.27;31.66;30.82;31.51;1190163
20100226;31.51;32;31.33;31.6;1020047
20100301;31.64;32.16;31.23;31.84;1059502
20100302;32.04;32.04;31.54;31.67;1414664
20100303;31.83;31.93;31.38;31.43;1489215
20100304;30.53;30.86;30.22;30.79;2413385
20100305;30.89;31.26;30.8;31.15;1540931
20100308;31.11;31.46;30.73;31.38;1472660
20100309;31.31;32.3;31.14;32.07;1942921
20100310;32.04;32.5;31.89;32.36;1565159
20100311;32.25;33.06;32.03;33.04;2327567
20100312;33.23;33.66;32.79;33.31;2518811
20100315;33.32;33.78;33.12;33.61;1525408
20100316;33.57;34.15;33.44;34.05;1393048
20100317;34.15;34.72;34.14;34.63;1652928
20100318;34.63;34.84;34.5;34.79;1246159
20100319;34.95;35.24;34.62;35.03;2458286
20100322;34.91;35.46;34.91;35.39;2005548
20100323;35.4;35.75;34.99;35.74;1544058
20100324;35.64;35.64;35.01;35.06;1380355
20100325;35.27;35.46;34.97;34.98;1166467
20100326;35.04;35.52;34.91;35.45;1479160
20100329;35.61;36.08;35.58;36.08;1608904
20100330;36.12;36.25;35.61;36.17;1071390
20100331;35.99;36.62;35.91;36.41;1849627
20100401;36.63;36.91;36.01;36.4;1111439
20100405;36.58;36.61;36.33;36.55;662138
20100406;36.41;37.13;36.41;37.13;814182
20100407;36.97;37.53;36.97;37.31;1604918
20100408;37.08;37.37;36.92;37.22;781374
20100409;37.25;37.45;36.84;37.39;1036837
20100412;37.5;37.62;37.12;37.38;1635645
20100413;37.3;37.52;37.13;37.46;1162992
20100414;37.5;37.9;37.49;37.88;1431699
20100415;37.88;38.24;37.77;38.08;959235
20100416;37.92;38.02;37.16;37.36;1194808
20100419;37.31;37.5;36.65;36.98;1510306
20100420;37.27;37.73;37.03;37.66;1551570
20100421;37.69;38.1;37.69;38.1;1168726
20100422;37.75;38.63;37.73;38.57;1292278
20100423;38.58;39.38;38.44;39.32;1375436
20100426;39.2;39.75;39.18;39.3;1279393
20100427;41.74;43.33;40.58;41.39;5653705
20100428;41.65;43;40.02;40.27;2435858
20100429;40.58;40.89;40.25;40.4;2506004
20100430;40.49;40.79;39.03;39.03;2087411
20100503;39.36;39.45;38.89;39.16;1989594
20100504;38.74;38.87;37.82;38.15;1967187
20100505;38.02;38.51;37.85;38.26;2280583
20100506;38.02;38.61;34.46;36.49;1824145
20100507;36.52;37.05;35.53;35.65;2822830
20100510;36.84;37.91;36.8;37.69;2188064
20100511;37.39;38.25;37.01;37.65;1216670
20100512;37.76;38.02;37.28;37.66;2131821
20100513;37.42;37.74;36.92;36.93;1071883
20100514;36.56;36.74;35.58;35.85;1024517
20100517;36.05;36.61;35.67;36.34;2099655
20100518;36.64;37.18;35.52;35.62;1480651
20100519;35.49;35.82;34.94;35.43;1584812
20100520;34.55;34.56;33.58;33.71;1965007
20100521;33.17;34.43;32.94;34.11;1874926
20100524;33.68;34.56;33.67;33.95;1098001
20100525;33.04;33.64;32.56;33.64;1509764
20100526;33.86;34.06;33.16;33.38;1272308
20100527;34.03;34.65;33.65;34.64;1043471
20100528;34.55;34.6;33.75;34.18;1341154
20100601;33.83;34.18;33.04;33.05;1257495
20100602;33.12;33.81;33;33.77;985991
20100603;33.71;34.48;33.71;34.1;993787
20100604;33.43;33.45;32.02;32.1;2030734
20100607;32.11;32.17;31.29;31.32;1840021
20100608;31.25;31.79;30.89;31.38;1770361
20100609;31.55;32.05;31.33;31.67;2157599
20100610;32.38;33.24;32.31;33.22;1212244
20100611;32.88;34.06;32.69;34.05;2528197
20100614;34.37;34.92;34.3;34.4;2736004
20100615;34.78;35.6;34.46;35.57;2310422
20100616;35.23;36.03;34.99;35.73;2325220
20100617;35.81;35.82;34.89;35.21;917480
20100618;35.28;35.39;34.98;35.19;830400
20100621;35.61;35.61;34.31;34.55;1256595
20100622;34.64;35.1;33.96;34.04;1251012
20100623;33.79;34.12;33.15;33.95;1124409
20100624;33.82;34.04;33.28;33.71;1301040
20100625;33.87;34.54;33.5;34.37;1887296
20100628;34.51;34.51;33.82;34.19;1028199
20100629;33.6;33.61;32.16;32.39;1953260
20100630;32.29;32.79;32;32.13;1623471
20100701;32.07;32.37;31.27;32.11;2004972
20100702;32.19;32.33;31.64;31.87;801925
20100706;32.28;32.6;31.34;31.67;1413706
20100707;31.93;33.46;31.93;33.46;1727557
20100708;33.68;34.08;33.47;33.99;910102
20100709;34.08;34.65;33.92;34.62;787886
20100712;34.45;34.93;34.3;34.76;940160
20100713;35.12;35.48;34.93;34.97;1218889
20100714;34.77;35.15;34.59;34.88;682922
20100715;34.81;34.81;34.06;34.67;499907
20100716;34.51;34.51;33.49;33.56;814172
20100719;33.67;33.98;33.35;33.87;522815
20100720;33.26;34.49;33.16;34.45;677504
20100721;34.79;34.79;33.73;34.03;574486
20100722;34.53;35.6;34.43;35.15;841326
20100723;35.08;37.22;34.89;37.14;2011746
20100726;37.3;38.27;37.25;38.04;1427303
20100727;38.32;38.32;37.43;37.91;1197741
20100728;38.26;38.81;35.74;36.17;2711938
20100729;36.51;36.82;35.73;36.2;2539182
20100730;35.69;36.4;35.56;35.85;1748253
20100802;36.61;37.07;36.47;36.93;1132248
20100803;36.95;37.16;36.48;36.56;711389
20100804;36.59;36.74;36.25;36.56;920822
20100805;36.22;36.54;36.08;36.43;823477
20100806;35.98;36.31;35.25;36.18;1001196
20100809;36.36;36.56;36.2;36.46;565771
20100810;36.16;36.54;35.75;36.06;1080495
20100811;35.31;35.45;34.35;34.69;1386069
20100812;34.06;34.81;33.97;34.44;859431
20100813;34.26;34.53;34.1;34.14;550826
20100816;33.84;34.36;33.76;34.17;662942
20100817;34.4;35.08;34.19;34.86;701758
20100818;34.86;35.16;34.61;34.89;518230
20100819;34.65;34.75;33.64;34.05;688688
20100820;33.73;34.08;33.36;33.81;597630
20100823;33.91;34.31;33.31;33.37;882010
20100824;32.87;33.01;32.34;32.73;867280
20100825;32.42;32.52;31.66;32.33;1962720
20100826;32.54;32.81;31.95;32.16;802873
20100827;32.46;33;31.97;32.99;875751
20100830;32.53;32.78;32.38;32.39;712032
20100831;32.26;32.79;32.02;32.52;1047361
20100901;33.07;33.87;32.88;33.78;741210
20100902;33.76;34.34;33.56;34.27;741327
20100903;34.81;35;34.55;34.89;548587
20100907;34.69;34.69;34.24;34.31;546118
20100908;34.25;34.59;34.15;34.44;578070
20100909;34.87;34.96;34.35;34.49;533544
20100910;34.65;35.1;34.55;34.61;643977
20100913;35.06;35.61;34.92;35.39;654165
20100914;35.35;35.51;34.68;35.32;601691
20100915;35.21;35.57;34.98;35.47;657889
20100916;35.1;35.85;34.95;35.64;632016
20100917;35.86;36.41;35.55;36.15;885779
20100920;36.25;37;36.04;36.89;967053
20100921;36.89;36.89;36.33;36.56;590904
20100922;36.48;36.82;35.76;36.02;715546
20100923;35.59;36.23;35.39;35.53;676148
20100924;36.09;36.65;35.98;36.46;942906
20100927;36.46;36.77;36.3;36.36;663100
20100928;36.38;36.8;35.54;36.73;716376
20100929;36.62;37.45;36.52;37.18;785239
20100930;37.39;37.9;36.99;37.12;829273
20101001;37.32;37.54;36.88;37.24;481311
20101004;37.19;37.46;36.44;36.68;877912
20101005;37.07;38.05;36.86;37.73;773534
20101006;37.79;37.91;37.58;37.74;562399
20101007;37.87;37.91;37.36;37.59;421177
20101008;37.63;38.19;37.51;38.04;414078
20101011;38.08;38.47;37.86;38.29;419617
20101012;38.26;38.28;37.73;38.18;611771
20101013;38.39;38.58;38.09;38.42;654125
20101014;38.39;38.69;37.85;38.15;458190
20101015;38.36;38.74;37.84;38.24;1870108
20101018;38.23;38.54;38.17;38.28;736671
20101019;37.67;38.33;37.52;37.99;1065592
20101020;38.14;39.26;37.97;39.02;759511
20101021;39.17;39.35;38.53;38.98;561720
20101022;38.97;39.12;38.7;38.9;761351
20101025;39.21;39.77;39.21;39.51;910551
20101026;39.22;39.85;39.08;39.16;1448174
20101027;37.61;38.65;37.1;37.99;2343108
20101028;37.75;37.75;36.75;36.78;1880272
20101029;36.66;36.92;36.31;36.35;1120538
20101101;36.53;36.53;35.56;35.8;1663390
20101102;36.11;36.36;36.02;36.31;2841241
20101103;36.32;36.71;35.95;36.38;1555823
20101104;36.87;37.86;36.67;37.79;1224679
20101105;37.78;38;37.62;37.99;883995
20101108;37.8;37.99;37.37;37.43;782846
20101109;37.52;37.69;36.87;37.01;1118767
20101110;36.92;37.21;36.83;37.06;1067280
20101111;36.71;37.24;36.59;37.1;1168644
20101112;36.88;36.93;36.32;36.44;615046
20101115;36.58;37.08;36.58;36.74;931743
20101116;36.35;36.55;35.85;36.04;1464666
20101117;36.13;36.34;36.07;36.26;1408863
20101118;36.65;37.3;36.65;37.07;848090
20101119;36.96;37.73;36.96;37.72;992891
20101122;37.48;37.79;37.18;37.72;870670
20101123;37.24;37.68;37.1;37.52;1015019
20101124;37.63;38.6;37.63;38.41;813393
20101126;38.09;38.45;37.93;38.17;348608
20101129;37.76;37.87;37.11;37.78;835400
20101130;37.44;37.91;37.36;37.54;1015313
20101201;38.25;38.72;38.2;38.59;823577
20101202;38.56;39.75;38.51;39.68;1136791
20101203;39.57;40.26;39.5;39.85;876102
20101206;39.84;40.13;39.8;39.99;867900
20101207;40.42;41.08;40.25;40.75;1374686
20101208;40.85;41.05;40.55;40.76;841703
20101209;41.01;41.26;40.76;41.1;575610
20101210;41.28;41.41;40.78;41.38;617523
20101213;41.5;41.74;41.39;41.39;662177
20101214;41.45;41.97;41.3;41.7;863844
20101215;41.63;41.99;41.63;41.73;775228
20101216;41.75;42.49;41.75;42.19;831323
20101217;42.16;42.47;41.96;42.3;1112448
20101220;42.4;42.45;42.1;42.14;764401
20101221;42.28;42.5;42.04;42.21;800755
20101222;42.2;42.67;42.2;42.47;663409
20101223;42.34;42.78;42.3;42.43;444815
20101227;42.24;42.57;42.23;42.49;411964
20101228;42.62;42.63;42.16;42.24;601803
20101229;42.37;42.79;42.33;42.46;486811
20101230;42.36;42.68;42.27;42.44;476740
20101231;42.35;42.66;42.29;42.34;438378
20110103;42.64;42.64;41.65;41.83;1293150
20110104;42.03;42.03;41.48;41.89;1562766
20110105;41.62;42.34;41.39;41.61;919342
20110106;41.71;41.77;40.82;41.12;1119360
20110107;41.26;41.58;40.53;40.98;866396
20110110;40.73;41.08;40.34;40.99;593903
20110111;41.26;41.35;40.7;41.06;641953
20110112;41.46;41.92;41.2;41.83;717675
20110113;41.72;41.84;41.37;41.51;579096
20110114;41.55;42.29;41.37;42.09;838315
20110118;42.15;42.46;42.12;42.4;661447
20110119;42.28;42.4;41.38;41.57;627321
20110120;41.48;41.71;41.24;41.41;536863
20110121;41.58;41.74;41.24;41.49;749951
20110124;41.5;41.91;41.35;41.88;579446
20110125;41.76;42.01;41.47;42.01;377390
20110126;42.19;42.55;41.88;42.33;408605
20110127;42.35;42.39;41.93;42.13;613748
20110128;42.21;42.5;41.22;41.39;916276
20110131;41.57;42.19;41.47;42.09;647866
20110201;42.37;42.74;41.75;41.8;1308345
20110202;41.68;42.71;40.9;41.11;1972875
20110203;41.21;41.37;38.81;39.15;2877426
20110204;39.16;39.32;38.39;38.78;1392642
20110207;38.98;39.44;38.94;39.2;1070379
20110208;39.19;39.58;39.15;39.39;788819
20110209;40;40.23;39.51;40.1;1999901
20110210;39.77;39.96;39.49;39.76;1019123
20110211;39.57;40.36;39.53;40.28;803060
20110214;40.33;40.5;40.02;40.41;625890
20110215;40.18;40.66;40.14;40.51;830301
20110216;40.73;40.99;40.59;40.95;621506
20110217;40.91;41.2;40.66;41.08;419858
20110218;41.1;41.17;40.7;41.1;832263
20110222;40.7;40.8;39.8;39.97;1006836
20110223;40;40.18;38.99;39.23;822519
20110224;39.31;39.81;38.83;39.12;1003028
20110225;39.23;39.51;39.2;39.36;576715
20110228;39.42;39.93;39.31;39.92;1044790
20110301;40.05;40.82;39.44;39.78;1391723
20110302;39.73;40.69;39.6;40.52;1432898
20110303;40.91;41.85;40.91;41.71;1227043
20110304;41.7;41.94;41.3;41.5;1517202
20110307;41.7;41.85;40.92;41.21;1393555
20110308;41.23;41.76;40.72;41.49;1225857
20110309;41.43;41.66;41.03;41.55;890169
20110310;41.11;41.2;40.47;40.78;977346
20110311;40.64;41.82;40.64;41.58;864798
20110314;41.21;41.78;41.11;41.69;1030741
20110315;40.49;41.19;40.3;40.99;1124015
20110316;40.87;40.99;39.81;40.07;1219991
20110317;40.82;40.99;40.13;40.17;915458
20110318;40.89;41.38;40.78;41.1;1351917
20110321;41.64;41.83;41.52;41.72;638138
20110322;41.63;41.77;41.45;41.47;353057
20110323;41.32;41.5;40.78;41.32;433910
20110324;41.56;41.75;41.09;41.2;1396153
20110325;41.21;41.43;40.94;41.2;882034
20110328;41.31;41.43;40.92;40.96;547472
20110329;40.91;41.09;40.56;41.03;1107398
20110330;41.29;42.24;41.13;42.12;1095499
20110331;41.93;42.18;41.66;41.96;824319
20110401;42.32;42.6;42.01;42.09;611400
20110404;42.21;42.23;41.81;42.16;485552
20110405;42.12;42.53;41.65;42.48;585084
20110406;42.68;42.73;42.35;42.61;341133
20110407;42.53;42.79;42.2;42.51;391248
20110408;42.7;42.82;41.65;42.05;559071
20110411;42.11;42.3;41.81;41.94;481001
20110412;41.64;41.76;41.16;41.3;649253
20110413;41.56;41.65;40.91;41.12;658836
20110414;40.94;41.24;40.5;41.14;527123
20110415;41.27;41.92;41.11;41.85;697312
20110418;41.29;41.31;40.85;41.02;513020
20110419;41.04;41.46;41.02;41.1;738686
20110420;41.66;42.03;41.55;41.7;532572
20110421;41.96;41.97;41.49;41.59;510188
20110425;41.53;41.96;41.38;41.63;776663
20110426;41.89;43.28;41.83;43.11;1313306
20110427;43.21;43.52;42;43.1;1744387
20110428;43.08;43.2;42.25;42.5;1230164
20110429;42.52;42.58;41.38;41.74;1388366
20110502;41.96;42.3;41.79;42.22;1124926
20110503;42.17;42.38;41.87;42.14;705221
20110504;42.1;42.28;41.61;41.72;525391
20110505;41.48;42.16;41.29;42.02;833265
20110506;42.63;43.1;42.26;42.33;873183
20110509;42.36;42.63;42.04;42.55;454610
20110510;42.55;42.92;42.53;42.79;449580
20110511;42.72;42.76;42.07;42.32;452159
20110512;42.18;42.45;41.83;42.34;619662
20110513;42.34;42.5;41.69;41.8;572886
20110516;41.7;42.23;41.54;41.9;564255
20110517;41.73;41.91;41.42;41.79;593706
20110518;41.74;42.2;41.43;42.18;633178
20110519;42.34;42.6;41.98;42.53;516676
20110520;42.49;42.49;41.48;41.53;744004
20110523;40.98;41.21;40.75;40.98;491836
20110524;41.06;41.32;40.65;40.79;470694
20110525;40.53;41.44;40.5;41.18;1657014
20110526;41.06;41.83;40.98;41.65;1236854
20110527;41.61;41.78;41.41;41.72;458391
20110531;42.07;42.37;41.65;42.34;801782
20110601;42.22;42.22;41.29;41.34;1174320
20110602;41.45;41.59;41.02;41.38;752317
20110603;40.8;40.8;40.27;40.34;1241996
20110606;39.84;40.1;38.38;38.44;2098969
20110607;38.58;38.6;36.96;37;2517362
20110608;36.98;37.48;36.45;37.27;2463783
20110609;37.49;37.49;36.64;36.98;1277540
20110610;36.87;37.1;36.3;36.38;1044356
20110613;36.49;36.86;36.4;36.7;1352258
20110614;37.08;37.42;36.84;37.26;910779
20110615;36.93;36.95;36.39;36.47;931854
20110616;36.47;36.6;35.95;36.33;1262477
20110617;36.6;36.87;36.29;36.65;1207053
20110620;36.44;36.89;36.16;36.8;873919
20110621;37.05;37.57;36.99;37.38;892362
20110622;37.18;37.48;37.03;37.05;387272
20110623;36.46;37.81;36.46;37.78;1353600
20110624;37.8;37.88;37.05;37.19;899828
20110627;37.25;37.65;37.05;37.44;613862
20110628;37.55;37.96;37.49;37.94;664562
20110629;38.09;38.39;37.77;38.09;494460
20110630;38.24;38.91;38.19;38.63;852723
20110701;38.57;39.21;38.47;39.02;683116
20110705;38.97;38.97;38.4;38.57;613720
20110706;38.53;38.71;38.19;38.45;1339108
20110707;38.86;39.64;38.78;39.59;1046512
20110708;39.06;39.23;38.81;39.12;598159
20110711;38.64;38.79;38.35;38.49;801263
20110712;38.61;38.74;38.28;38.31;645449
20110713;38.47;38.87;38.27;38.33;544457
20110714;38.47;38.84;38;38.18;662952
20110715;38.36;38.45;38.06;38.41;717718
20110718;38.22;38.41;37.73;37.81;608672
20110719;33.13;33.93;32.55;32.65;6990288
20110720;32.58;33.05;32.2;32.86;3602356
20110721;32.96;33.58;32.73;33.45;1787557
20110722;33.42;33.73;33.28;33.69;1080776
20110725;33.26;33.54;33;33.34;1411644
20110726;33.62;33.66;32.82;33.03;1823612
20110727;32.77;33.01;31.5;31.65;2825558
20110728;31.94;32.05;31.54;31.54;1396589
20110729;31.24;31.91;30.92;31.55;1774279
20110801;31.9;32.04;30.82;31.45;1746726
20110802;31.09;31.34;30.11;30.11;1301260
20110803;30.11;30.48;29.61;29.99;1853009
20110804;29.58;29.62;28.93;28.99;2517467
20110805;29.49;29.55;28.39;29.12;1829540
20110808;28.48;29.11;26.29;26.3;3045748
20110809;26.79;27.06;25.85;26.99;5082569
20110810;26.51;26.58;25.95;26.02;3163277
20110811;26.21;27.43;26.03;27.08;2241619
20110812;27.14;27.52;26.88;27.42;1264830
20110815;27.61;27.74;27.3;27.66;985817
20110816;27.37;27.62;27.07;27.25;1217755
20110817;27.39;27.71;27.16;27.45;1275838
20110818;26.75;26.75;26;26.27;2743695
20110819;25.9;26.96;25.87;26.05;1297371
20110822;26.71;26.76;25.25;25.3;2124565
20110823;25.5;26.53;25.28;26.53;1271619
20110824;26.46;27.36;26.24;27.33;1089430
20110825;27.42;27.59;26.56;26.92;2997937
20110826;26.58;27.45;26.26;27.42;2358988
20110829;27.87;28.83;27.7;28.8;2622127
20110830;28.52;29.18;28.36;29.06;852379
20110831;29.22;29.51;28.86;29.11;771842
20110901;29.03;29.22;28.29;28.37;1147421
20110902;27.51;28.27;27.02;27.11;1017710
20110906;26.23;26.59;26.07;26.31;1053867
20110907;26.84;27.45;26.84;27.42;1032799
20110908;27.25;27.59;26.8;26.86;655646
20110909;26.68;26.68;25.74;25.95;750799
20110912;25.63;26.13;24.97;25.78;1327316
20110913;25.81;26.61;25.77;26.38;1190847
20110914;26.55;27.53;25.89;27.05;1099879
20110915;27.44;27.85;27.18;27.69;1032466
20110916;27.82;28.15;27.66;27.78;1069437
20110919;27.24;27.53;26.75;27.39;1315901
20110920;27.49;28.21;27.25;27.29;1039933
20110921;27.16;27.59;25.9;25.92;1109858
20110922;25.05;25.4;24.84;25.06;2043126
20110923;24.94;25.98;24.9;25.86;1436786
20110926;26.06;26.27;25.56;26.22;2183694
20110927;26.78;27.35;26.23;26.38;1523454
20110928;26.51;26.85;25.66;25.69;1283679
20110929;26.26;26.8;25.9;26.48;1269082
20110930;26.15;26.34;25.08;25.08;1436043
20111003;24.93;25.43;23.96;23.97;1660965
20111004;23.59;25.38;23.52;25.35;1704606
20111005;25.35;26.49;25.16;26.4;1383203
20111006;26.3;26.62;25.93;26.58;1635143
20111007;26.77;26.83;25.98;26.4;1545684
20111010;26.94;27.15;26.56;27.06;1043674
20111011;26.79;27.08;26.49;26.71;1082202
20111012;26.88;27.41;26.83;27.11;1272509
20111013;27;27.07;26.28;26.89;833695
20111014;27.28;27.65;26.96;27.54;966381
20111017;27.31;27.31;26;26.07;1385529
20111018;26.08;27.2;25.95;27.03;1735349
20111019;26.86;26.86;25.38;25.44;2710471
20111020;25.39;25.83;25.22;25.55;1764469
20111021;25.83;26.41;25.61;26.4;1638960
20111024;26.51;27.43;26.27;27.25;1237193
20111025;26.91;26.95;26.11;26.27;1843219
20111026;24.96;25.66;24.46;25.4;4864055
20111027;26.49;28.39;26.28;27.79;3654281
20111028;27.73;28.04;27.23;27.44;1772233
20111031;27.02;27.26;26.59;26.6;1609016
20111101;25.72;26.06;25.28;25.6;2036697
20111102;26.21;26.54;25.83;26.15;1260590
20111103;26.48;26.98;26.02;26.92;1312728
20111104;26.58;26.78;26.08;26.61;1146763
20111107;26.78;26.97;25.88;26.34;1299226
20111108;26.5;26.76;25.9;26.53;960047
20111109;25.84;25.98;25.3;25.43;1125773
20111110;25.79;25.94;25.29;25.63;1113469
20111111;26.05;26.2;25.86;26.03;1412832
20111114;25.77;26.63;25.64;26.54;3126492
20111115;26.44;27.16;26.19;27.03;1460012
20111116;26.79;26.99;26.39;26.42;1016831
20111117;26.39;26.46;25.86;26.06;1064787
20111118;26.2;26.28;25.8;26.05;680750
20111121;25.6;25.62;24.97;25.22;1070218
20111122;25.17;25.19;24.71;24.87;798987
20111123;24.61;24.66;24.01;24.08;918508
20111125;23.98;24.73;23.98;24.25;486826
20111128;25.1;25.2;24.7;24.9;866838
20111129;25.04;25.53;24.84;25.29;932790
20111130;26.03;26.22;25.67;26.21;1908945
20111201;26.25;27.05;26.25;26.9;1270829
20111202;27.28;27.38;26.65;26.97;2183176
20111205;26.96;27.38;26.84;27.3;1910951
20111206;27.4;27.94;27.07;27.72;1397336
20111207;27.54;27.96;27.19;27.82;1083943
20111208;27.54;27.6;27.02;27.1;1298788
20111209;27.28;28.71;27.26;28.56;1612394
20111212;28.09;28.15;27.34;28.06;1682897
20111213;28.24;28.49;27.24;27.44;1511717
20111214;27.31;27.63;26.9;27.12;1321965
20111215;27.52;27.55;27.12;27.28;1062540
20111216;27.56;27.99;27.23;27.47;3864591
20111219;27.69;27.83;26.68;26.8;1033525
20111220;27.39;27.98;27.39;27.91;923657
20111221;27.9;28.05;27.43;27.95;821807
20111222;28.05;28.44;27.99;28.35;803081
20111223;28.57;28.66;28.26;28.64;566703
20111227;28.47;28.73;28.39;28.62;496145
20111228;28.65;28.65;28.28;28.39;1091144
20111229;28.49;28.8;28.3;28.77;596826
20111230;28.76;28.82;28.43;28.68;688141
20120103;29.54;30.1;29.04;29.31;2419538
20120104;29.28;29.45;28.54;29.43;1592433
20120105;29.14;29.54;28.73;29.23;1526243
20120106;29.25;30.31;28.98;29.59;1551819
20120109;29.75;29.85;29.32;29.46;659064
20120110;29.91;30.15;29.57;29.65;685454
20120111;29.54;29.95;29.38;29.8;598338
20120112;29.92;30.12;29.56;29.74;894591
20120113;29.49;29.52;28.79;28.8;1153811
20120117;29.23;29.23;28.39;28.42;1406119
20120118;28.43;28.94;28.21;28.9;1473479
20120119;29.03;29.49;28.86;29.34;1007666
20120120;29.27;29.51;29.05;29.22;761009
20120123;29.26;29.33;28.88;28.93;531349
20120124;28.81;28.88;28.55;28.61;896357
20120125;28.57;28.76;28.36;28.7;997343
20120126;28.89;29.31;28.86;29.24;1031380
20120127;29.13;29.39;28.74;28.78;880903
20120130;28.57;28.72;28.03;28.7;1253708
20120131;26.54;27.43;25.52;27.15;4866183
20120201;28.02;28.85;28.02;28.53;3238520
20120202;28.59;29.1;28.57;28.79;1878112
20120203;29.12;29.23;28.54;28.56;1416081
20120206;28.49;28.86;28.37;28.84;798236
20120207;28.8;29.5;28.65;29.44;1487922
20120208;29.5;29.95;29.44;29.77;1635294
20120209;29.83;30.03;29.43;29.75;1656390
20120210;29.39;29.5;28.99;29.2;1554864
20120213;29.42;29.9;29.35;29.89;1133720
20120214;29.83;29.83;29.08;29.35;1847637
20120215;29.55;29.58;28.94;29.18;811131
20120216;29.21;30.11;29.17;29.84;956828
20120217;30.07;30.29;29.65;30.24;836738
20120221;30.41;30.75;30.26;30.33;661516
20120222;30.23;30.61;30.21;30.36;929282
20120223;30.3;30.95;30.05;30.85;1279079
20120224;30.92;31.1;30.77;30.8;1317759
20120227;30.68;31.1;30.48;31.03;972600
20120228;31.08;31.11;30.68;30.86;741458
20120229;30.94;31.29;30.47;30.5;749573
20120301;30.5;30.87;29.66;29.91;1852095
20120302;29.93;30.49;29.8;29.97;1381483
20120305;29.74;29.74;29.17;29.49;1081491
20120306;29.08;29.29;28.46;28.5;1564357
20120307;28.51;28.74;28.04;28.31;1064849
20120308;28.49;28.88;28.17;28.77;1425240
20120309;28.76;29.47;28.76;29.15;561574
20120312;29.08;29.39;29.02;29.06;464973
20120313;29.19;29.66;28.98;29.62;754697
20120314;29.58;29.83;29.27;29.39;505273
20120315;29.37;29.85;29.07;29.81;985595
20120316;29.82;30.02;29.68;29.91;972944
20120319;29.9;30.18;29.75;29.9;981441
20120320;29.67;29.76;29.39;29.41;645554
20120321;29.42;29.45;29.04;29.27;613849
20120322;29;29.09;28.53;28.68;674828
20120323;28.69;29.19;28.58;29.11;774446
20120326;29.43;29.85;29.3;29.81;762210
20120327;29.84;30.6;29.84;30.36;1519064
20120328;30.34;30.48;29.93;30.14;1118240
20120329;29.83;30.27;29.76;30.17;642573
20120330;30.46;30.47;29.97;30.13;959117
20120402;29.84;30.33;29.73;30.02;1168871
20120403;29.97;30.14;29.75;29.89;1102059
20120404;29.65;29.86;29.4;29.77;1131799
20120405;29.59;30.07;29.51;29.86;1099558
20120409;29.31;29.78;29.31;29.68;1162755
20120410;29.59;29.59;28.68;28.8;1362031
20120411;29.14;29.71;29.03;29.68;1144231
20120412;29.73;30.79;29.7;30.64;1106605
20120413;30.52;30.52;29.9;30.32;1317906
20120416;30.51;30.82;30.1;30.39;634610
20120417;30.64;31.37;30.62;31.17;937292
20120418;30.97;31.24;30.72;31.14;716171
20120419;31.19;31.52;30.72;30.89;797636
20120420;31;31.68;30.98;31.07;1267113
20120423;30.63;30.94;30.17;30.87;818827
20120424;30.9;31.36;30.85;31.28;851228
20120425;31.66;32.1;31.38;31.53;1161553
20120426;31.55;32.45;31.28;32.35;1205107
20120427;32.47;32.51;32.2;32.39;837496
20120430;32.35;32.36;31.91;31.98;1201815
20120501;31.92;32.64;31.82;32.36;1099945
20120502;32.12;32.54;31.89;32.42;801116
20120503;32.46;32.78;32.26;32.27;1062576
20120504;32.07;32.17;31.25;31.45;1449690
20120507;31.32;31.65;31.27;31.29;917028
20120508;31.15;31.15;30.48;31;1179893
20120509;30.58;31.01;30.43;30.78;1181748
20120510;31.05;31.16;30.61;30.68;815337
20120511;30.5;31.02;30.39;30.73;706023
20120514;30.34;30.5;30.12;30.2;741925
20120515;30.26;30.46;29.81;29.89;733019
20120516;30.01;30.3;29.46;29.51;922359
20120517;29.56;29.71;28.91;28.91;727343
20120518;29.05;29.22;28.58;28.68;887075
20120521;28.83;29.25;28.49;29.09;1160223
20120522;29.31;29.31;28.79;29;1050627
20120523;28.74;29.49;28.72;29.41;1127904
20120524;29.07;29.49;28.9;29.33;978802
20120525;29.35;29.58;29.26;29.45;892225
20120529;29.54;30.46;29.5;30.43;680526
20120530;30.06;30.18;29.2;29.2;1069812
20120531;29.22;29.25;28.85;29.11;1513792
20120601;28.85;28.85;28.05;28.12;964171
20120604;28.03;28.12;27.14;27.36;1161291
20120605;27.3;27.78;27.24;27.37;968017
20120606;27.69;28.21;27.53;28.21;802538
20120607;28.45;29.32;28.01;28.09;850799
20120608;27.93;28.56;27.79;28.32;1259166
20120611;28.66;28.67;27.75;27.82;764969
20120612;27.92;28.04;27.58;27.7;1205273
20120613;27.63;27.66;26.96;27.02;974577
20120614;27.1;27.3;26.83;27.06;1170373
20120615;27.25;27.83;27.19;27.81;1367995
20120618;27.65;27.87;27.52;27.76;597301
20120619;27.84;28.65;27.84;28.39;749667
20120620;28.35;28.5;27.97;28.06;911377
20120621;28.16;28.27;27.38;27.4;607839
20120622;27.64;27.68;27.31;27.51;1000339
20120625;27.14;27.15;26.54;26.55;856315
20120626;26.72;26.77;26.18;26.38;1213860
20120627;26.55;26.71;26.27;26.63;901001
20120628;26.44;26.81;26.32;26.73;691912
20120629;27.42;27.51;27.2;27.34;581093
20120702;27.49;27.55;27.01;27.22;738264
20120703;27.22;27.82;26.98;27.77;408770
20120705;27.62;27.77;27.3;27.41;603912
20120706;27.02;27.38;26.96;27.37;1007561
20120709;27.26;27.44;27.03;27.43;998275
20120710;27.49;27.8;27.37;27.51;1348523
20120711;27.53;27.87;27.45;27.8;1175307
20120712;27.6;27.62;27.32;27.37;1256916
20120713;27.47;28.1;27.43;28.02;635037
20120716;28;28.25;27.71;28.14;655054
20120717;28.16;28.66;27.89;28.59;661878
20120718;28.54;29.25;28.49;29.12;627763
20120719;29.26;29.5;29.17;29.31;1050596
20120720;29.14;29.49;28.7;28.74;1089730
20120723;28.12;28.38;27.79;28.24;720857
20120724;28.32;30.88;28.32;30.31;3070363
20120725;29.98;30.4;29.52;29.91;1281971
20120726;30.61;30.81;29.97;30.31;888866
20120727;30.58;31.29;30.47;30.87;1020151
20120730;30.87;31.33;30.71;31.32;816454
20120731;31.23;31.37;30.78;30.79;1064225
20120801;30.94;31.27;30.71;30.72;1066651
20120802;30.56;30.81;30.16;30.54;887840
20120803;31.06;31.47;31.03;31.12;590171
20120806;31.25;31.4;30.96;31.23;653948
20120807;31.37;31.62;31.17;31.48;578813
20120808;31.24;31.87;31.24;31.62;647377
20120809;31.61;31.8;31.47;31.57;636857
20120810;31.44;31.79;31.27;31.77;646380
20120813;31.72;31.95;31.39;31.56;473127
20120814;31.77;31.81;31.36;31.46;470102
20120815;31.29;31.51;31.22;31.29;534844
20120816;31.25;31.96;31.25;31.84;557604
20120817;31.91;32.13;31.83;32.04;608983
20120820;31.94;32.23;31.78;31.96;479532
20120821;32.07;32.26;31.73;31.89;630536
20120822;31.82;31.84;31.51;31.61;498745
20120823;31.59;31.59;31.18;31.33;547955
20120824;31.29;31.59;31.2;31.5;518606
20120827;31.59;31.64;31;31.02;543336
20120828;31.01;31.23;30.86;31.07;413863
20120829;31.08;31.72;31.05;31.37;535591
20120830;31.17;31.19;30.77;31;435913
20120831;31.12;31.42;30.85;31.23;712701
20120904;31.25;31.25;28.91;29.6;2486379
20120905;29.39;30.04;29.22;29.86;1679430
20120906;30.17;30.91;30.06;30.81;819092
20120907;30.64;30.93;30.64;30.76;478268
20120910;30.66;31.05;30.6;30.61;532867
20120911;30.6;30.86;30.53;30.69;664776
20120912;30.83;30.98;30.45;30.64;921006
20120913;30.66;31.08;30.38;30.95;828018
20120914;30.9;31.97;30.9;31.84;982335
20120917;31.75;31.75;31.3;31.44;536084
20120918;31.42;31.42;30.95;31.17;421513
20120919;31.16;31.47;31.16;31.28;415847
20120920;31.09;31.1;30.77;30.85;666273
20120921;31.02;31.22;30.64;31.16;1066154
20120924;30.93;31.43;30.92;31.28;839179
20120925;31.36;31.54;31.04;31.2;972831
20120926;31.18;31.4;31.09;31.26;564118
20120927;31.4;31.76;31.11;31.67;646700
20120928;31.65;31.9;31.15;31.82;851119
20121001;31.94;32.3;31.79;31.89;779044
20121002;31.94;32.1;31.6;31.81;822834
20121003;31.83;31.9;31.31;31.45;589031
20121004;29.72;30.52;29.5;30.07;1864261
20121005;30.01;30.3;29.7;30.05;1084999
20121008;29.97;30.19;29.95;30.02;824458
20121009;30.06;30.14;29.88;29.9;640045
20121010;29.86;30.17;29.82;29.88;807935
20121011;30.11;30.36;30.02;30.04;552983
20121012;30.1;30.25;29.53;29.55;624610
20121015;29.54;30.1;29.34;30.08;492604
20121016;30.24;30.54;30.18;30.41;528506
20121017;30.52;31.18;30.42;31.12;706703
20121018;31.04;31.04;30.69;30.84;767814
20121019;30.76;30.76;30.19;30.34;569517
20121022;30.2;30.38;29.85;30.08;450687
20121023;29.66;30.02;29.27;29.75;587056
20121024;31.92;33.87;31.52;32.25;2020482
20121025;32.5;32.99;32.29;32.46;919332
20121026;32.5;32.6;31.81;32.25;747851
20121031;32.37;33.37;32.17;32.38;643768
20121101;32.4;32.95;32.31;32.86;563020
20121102;33.28;34.17;33.11;33.2;1013541
20121105;33.03;33.84;32.8;33.71;801613
20121106;33.74;34.16;33.47;34.06;1020008
20121107;33.82;33.86;32.98;33.33;786861
20121108;33.33;33.71;32.98;32.98;791086
20121109;32.91;33.52;32.86;32.98;530701
20121112;32.99;33.24;32.53;32.8;518298
20121113;32.8;33.03;32.5;32.55;519455
20121114;32.61;32.85;32.12;32.23;995997
20121115;32.22;32.42;31.7;31.76;659567
20121116;31.79;32.03;31.38;31.99;674085
20121119;32.38;32.75;32.14;32.37;577171
20121120;32.38;33.09;32.19;33.06;598241
20121121;33.05;33.45;33.02;33.23;379367
20121123;33.35;33.82;33.02;33.79;216883
20121126;33.7;35.32;33.63;33.85;746718
20121127;33.75;33.96;32.99;33.65;505871
20121128;33.57;33.76;32.99;33.7;472443
20121129;33.66;34.09;33.39;33.63;462150
20121130;33.64;33.9;33.21;33.45;832290
20121203;33.53;33.53;32.96;33.1;513418
20121204;33.08;33.47;32.95;33.29;342102
20121205;33.26;33.45;32.87;33.25;445821
20121206;33.22;33.57;33.07;33.48;557770
20121207;33.48;33.56;33.3;33.55;385441
20121210;33.51;34.24;33.43;33.88;755940
20121211;33.96;34.19;33.85;34.09;616692
20121212;34.15;34.3;33.93;34.02;584916
20121213;33.99;34.15;33.73;33.92;530507
20121214;33.87;34.27;33.54;34;563103
20121217;34.07;34.15;33.83;34.09;656174
20121218;34.13;34.89;34.03;34.76;576303
20121219;34.76;34.98;34.44;34.73;784488
20121220;34.72;34.98;34.55;34.97;609389
20121221;34.64;34.93;34.39;34.77;1606941
20121224;34.76;34.85;34.57;34.76;211797
20121226;34.81;34.98;34.53;34.76;446129
20121227;34.77;34.97;34.57;34.89;757752
20121228;34.71;34.93;34.4;34.4;724401
20121231;34.3;34.96;34.18;34.92;550715
20130102;35.35;35.66;35.25;35.48;1272109
20130103;36.17;36.17;35.36;35.73;1113179
20130104;35.86;36.6;35.8;36.44;1123196
20130107;36.25;36.76;36.25;36.68;797168
20130108;36.63;36.68;35.97;35.97;792589
20130109;36.02;36.51;36.02;36.2;1083758
20130110;36.41;36.42;35.95;36.05;714593
20130111;36;36.25;35.79;35.86;711638
20130114;35.89;36.01;35.69;35.96;480734
20130115;35.78;35.98;35.52;35.96;365556
20130116;35.87;36.02;35.74;35.85;638684
20130117;36;36.06;35.74;35.98;717144
20130118;35.85;36.02;35.68;35.93;731580
20130122;35.87;35.99;35.56;35.8;884232
20130123;35.68;36.02;35.66;35.99;727811
20130124;36.01;36.13;35.78;35.94;1020526
20130125;36.07;36.11;35.84;36;1020404
20130128;36;36.1;35.92;36.01;1067629
20130129;35.94;36.22;35.92;36.14;1150514
20130130;39.88;40;37.65;38.44;4511769
20130131;38.45;38.93;38.42;38.51;1351873
20130201;38.6;39.32;38.54;38.71;1230304
20130204;38.61;38.62;38.1;38.37;1033662
20130205;38.56;39.3;38.56;38.76;976963
20130206;38.58;39.2;38.46;39.19;662453
20130207;39.14;39.24;38.58;39.1;1045582
20130208;39.11;39.43;39.06;39.25;1003986
20130211;39.17;39.33;39.09;39.21;863860
20130212;39.21;39.7;39.2;39.43;811419
20130213;39.5;39.86;39.43;39.61;708337
20130214;39.58;40.72;39.55;39.69;1309910
20130215;39.72;40.04;39.5;39.73;777852
20130219;39.71;40.21;39.68;40.07;1018744
20130220;40.06;40.1;39.57;39.64;810207
20130221;39.55;39.62;38.97;39.31;1227660
20130222;39.48;39.68;39.24;39.6;673797
20130225;39.75;39.89;38.8;38.8;937776
20130226;38.98;39.84;38.96;39.82;898847
20130227;39.9;40.87;39.79;40.72;972325
20130228;40.72;41.29;40.52;40.85;1270550
20130301;40.63;41.01;40.35;40.88;916219
20130304;40.41;41.22;40.27;41.13;938436
20130305;41.34;41.93;41.34;41.8;911836
20130306;41.92;42.16;41.61;41.7;819258
20130307;41.77;42;41.61;41.78;483469
20130308;41.93;42.22;41.81;42.16;724863
20130311;42.06;42.65;42;42.63;769836
20130312;42.63;42.89;42.56;42.88;793999
20130313;42.87;43.28;42.68;43.01;1204262
20130314;43.08;43.64;43.08;43.58;1023194
20130315;43.35;43.52;42.48;43.27;1483966
20130318;43;43.54;42.75;43.4;588615
20130319;43.57;43.64;42.73;42.9;837027
20130320;43.11;43.28;42.9;43.1;665104
20130321;42.92;43.05;42.57;42.76;696940
20130322;42.9;43.06;42.65;42.95;725389
20130325;43.11;43.38;42.61;42.85;547076
20130326;43.1;43.22;42.81;42.91;620715
20130327;42.62;42.92;42.37;42.79;583870
20130328;42.86;43.15;42.41;43.07;842722
20130401;43.08;43.14;42.3;42.39;499922
20130402;42.54;42.76;42.07;42.2;864029
20130403;42.19;42.41;41.09;41.57;1061721
20130404;41.63;42.24;41.46;41.82;900357
20130405;41.23;41.73;41.12;41.51;1067817
20130408;41.58;42.56;41.39;42.46;865760
20130409;42.6;43.17;42.35;43.07;1019872
20130410;43.14;43.25;42.45;43.12;1793475
20130411;43.11;43.49;43.01;43.42;851228
20130412;43.31;43.31;42.67;42.81;991816
20130415;42.66;42.74;41.25;41.25;908651
20130416;41.54;41.89;41.45;41.66;831207
20130417;41.41;42.87;40.43;40.78;906370
20130418;40.9;40.93;39.92;40.13;1253959
20130419;40.24;41.14;40.23;40.81;800265
20130422;40.9;41.19;40.51;40.89;526428
20130423;41.12;41.46;40.89;41.29;739515
20130424;41.22;42.8;40.17;42.25;2597747
20130425;42.45;42.52;41.38;41.55;1093105
20130426;41.48;41.74;41.29;41.45;492624
20130429;41.57;41.86;41.06;41.71;759352
20130430;41.7;41.7;41.03;41.45;1132813
20130501;41.22;41.42;40.67;40.69;698415
20130502;40.6;41.4;39.72;41.3;975827
20130503;41.66;42.62;41.66;42.39;673598
20130506;42.34;42.58;42.08;42.54;399359
20130507;42.58;43.06;42.43;43.02;488400
20130508;42.98;43.49;42.86;43.47;850617
20130509;43.43;43.61;42.8;42.91;591895
20130510;42.89;43.45;42.89;43.44;403777
20130513;43.37;43.51;42.78;42.87;685848
20130514;42.74;43.76;42.65;43.51;705441
20130515;43.4;44.45;43.2;44.36;1131392
20130516;44.18;44.92;44.13;44.19;662052
20130517;44.24;44.66;44.08;44.28;753420
20130520;44.15;44.7;44.15;44.46;452383
20130521;44.59;44.72;43.94;44.29;569628
20130522;44.22;44.67;43.26;43.42;595600
20130523;43.14;43.96;43.02;43.68;526764
20130524;43.43;43.71;43.14;43.66;357010
20130528;44.07;44.75;44.07;44.37;550364
20130529;44.08;44.32;43.46;43.77;458995
20130530;43.78;44.35;43.73;44.01;476765
20130531;43.8;44.32;43.5;43.5;681323
20130603;43.4;43.43;42.48;43.26;655630
20130604;43.27;43.6;42.62;43.1;467273
20130605;42.94;42.94;41.83;42.3;650222
20130606;42.27;42.8;41.85;42.79;743222
20130607;43.09;43.45;42.65;43.39;470821
20130610;43.51;43.58;43.09;43.55;324508
20130611;43.08;43.48;42.83;42.97;352131
20130612;43.29;43.35;42.6;42.69;294137
20130613;42.66;43.34;42.54;43.2;437074
20130614;43.19;43.32;42.81;43.04;323593
20130617;43.31;43.71;43.15;43.44;301249
20130618;43.52;44.25;43.44;44.11;397726
20130619;44.09;44.09;43.4;43.4;691387
20130620;42.88;42.9;41.76;41.87;771773
20130621;42.15;42.24;41.25;41.67;602906
20130624;41.21;41.43;40.71;41.08;509999
20130625;41.48;42.26;41.42;42.09;502023
20130626;42.37;42.55;41.89;42.16;545610
20130627;42.44;43.01;42.22;42.73;519050
20130628;42.58;42.98;42.35;42.76;991650
20130701;42.96;43.66;42.85;43.52;551632
20130702;43.44;43.96;43.16;43.38;389287
20130703;43.03;43.69;43.03;43.54;386084
20130705;43.87;44.44;43.65;44.44;281235
20130708;44.64;45.02;44.55;44.93;642977
20130709;45.23;45.44;44.87;45;696105
20130710;44.95;44.95;44.17;44.4;800859
20130711;45.01;45.05;44.6;44.75;565790
20130712;44.59;44.82;44.43;44.7;647296
20130715;44.73;44.77;44.56;44.76;618095
20130716;44.77;44.82;43.98;44.06;730748
20130717;44.26;44.49;43.95;44.25;980123
20130718;44.32;45.05;44.24;45;516296
20130719;44.9;44.99;44.66;44.79;572207
20130722;44.63;44.97;44.11;44.4;657836
20130723;45.98;46.96;44.46;44.62;1376190
20130724;44.81;44.99;43.72;43.93;835903
20130725;43.78;44.29;43.71;44.2;873324
20130726;43.94;44.17;43.49;44.15;936098
20130729;44.04;44.31;43.97;44.16;614662
20130730;44.21;44.6;44.21;44.34;578054
20130731;44.53;44.89;44.21;44.73;1051058
20130801;45.09;46.18;45.09;46.1;823612
20130802;45.97;46.03;45.54;45.73;636897
20130805;45.73;45.86;45.29;45.43;411620
20130806;45.34;45.42;44.51;44.72;715415
20130807;44.56;44.91;44.09;44.86;866567
20130808;45.02;46.03;44.98;45.9;897579
20130809;45.82;46.2;45.65;45.86;946704
20130812;45.91;46.06;45.47;45.51;527071
20130813;45.64;46.18;45.38;46.15;682432
20130814;46.09;46.27;45.12;45.27;620183
20130815;44.8;44.88;44.05;44.06;662361
20130816;43.97;44.75;43.8;44.27;653707
20130819;44.32;44.58;44.13;44.3;617609
20130820;44.42;44.59;44.14;44.35;323432
20130821;44.22;44.33;43.79;43.96;329762
20130822;44.03;44.54;44.03;44.41;293330
20130823;44.45;44.52;43.88;44.23;321917
20130826;44.26;44.84;44.16;44.45;440120
20130827;43.95;44.24;43.13;43.18;551551
20130828;43.14;43.32;42.6;43.26;716492
20130829;43.07;43.89;43.06;43.61;549994
20130830;43.36;43.77;42.63;42.76;614010
20130903;43.3;43.66;42.77;42.89;923718
20130904;42.85;43.18;42.79;43;742217
20130905;42.99;43.29;42.91;43.16;709134
20130906;43.11;43.52;42.47;42.98;605340
20130909;43;43.87;43;43.81;587487
20130910;44.11;44.75;44.06;44.75;935220
20130911;44.73;44.9;44.39;44.78;642079
20130912;44.66;44.78;43.9;43.96;461200
20130913;44.1;44.18;43.74;44.14;430930
20130916;44.83;44.9;44.15;44.26;973688
20130917;44.26;44.44;43.99;44.18;865704
20130918;44.22;44.53;44.13;44.44;983502
20130919;44.59;44.74;44.26;44.27;692588
20130920;44.41;44.67;44.07;44.14;1006825
20130923;43.99;44.23;43.46;43.69;616538
20130924;43.73;44.2;43.57;43.76;566852
20130925;43.75;43.87;43.3;43.47;833621
20130926;43.52;43.91;43.35;43.89;550299
20130927;43.59;43.73;43.38;43.57;511011
20130930;43.19;43.56;43;43.52;664745
20131001;43.49;43.59;43.18;43.28;921656
20131002;43.14;43.24;42.63;42.91;771411
20131003;42.77;43.03;42.55;42.82;719053
20131004;42.81;43.21;42.59;43.05;525515
20131007;42.6;43.03;42.5;42.7;697875
20131008;42.53;42.75;42.01;42.28;1095314
20131009;42.31;42.6;42.03;42.28;608836
20131010;42.73;43.44;42.73;43.37;528727
20131011;43.2;43.32;42.96;43.07;950810
20131014;42.69;43.18;42.68;43.15;697088
20131015;43.03;43.3;42.67;42.83;516130
20131016;43.05;43.29;42.9;43.29;482112
20131017;43.13;44.14;42.94;44.11;611054
20131018;44.4;44.66;44.11;44.64;700491
20131021;44.6;44.76;43.76;44;701832
20131022;44.11;44.5;43.89;44.09;671617
20131023;43.94;43.97;43.56;43.78;575053
20131024;43.8;44.26;43.57;44.05;712820
20131025;46.98;49.97;46.49;47.74;2531224
20131028;47.83;48.18;47.19;47.84;1302295
20131029;48.03;48.1;47.15;47.29;858942
20131030;47.43;47.58;46.88;47.24;790897
20131031;47.04;47.47;46.9;47.12;628152
20131101;47.3;47.52;47.05;47.37;761154
20131104;47.54;47.69;47.31;47.55;527770
20131105;47.26;47.29;46.64;46.95;833179
20131106;47.08;47.5;46.88;46.99;541725
20131107;47.08;47.17;46.03;46.17;863433
20131108;46.16;47.68;46.05;47.57;908071
20131111;47.51;47.89;47.13;47.3;567060
20131112;47.14;47.64;47.01;47.41;551319
20131113;47.16;47.85;46.89;47.85;488985
20131114;47.74;48.13;47.7;47.97;584550
20131115;47.85;48.45;47.66;48.28;561807
20131118;48.58;48.91;48.19;48.28;675840
20131119;48.3;48.52;47.98;48.04;341879
20131120;48.17;48.55;47.98;48.1;393251
20131121;48.28;49.19;48.28;49.12;624668
20131122;49.12;49.52;48.64;49.37;610656
20131125;49.41;49.47;48.93;48.96;391372
20131126;48.99;49.4;48.66;48.73;817215
20131127;48.92;49.51;48.76;49.08;490634
20131129;49.05;49.51;48.77;48.9;252989
20131202;48.6;49.51;48.42;49.36;942034
20131203;49.25;49.25;48.72;49.03;739924
20131204;48.92;49.49;48.46;49.09;1291099
20131205;48.81;49.15;48.16;48.55;1298363
20131206;49;49.69;48.95;49.66;839972
20131209;49.74;49.89;49.28;49.33;782897
20131210;49.22;49.68;49.01;49.01;709082
20131211;49.14;49.36;48.03;48.13;855909
20131212;48.1;48.32;47.94;48.06;865268
20131213;48.15;48.83;48.11;48.66;676963
20131216;48.76;49.28;48.3;49.06;871398
20131217;49.12;49.2;48.57;49.11;892426
20131218;49.11;49.74;48.66;49.63;912169
20131219;49.54;49.54;49.2;49.33;441893
20131220;49.42;49.71;49.26;49.58;970589
20131223;49.88;49.95;49.41;49.66;656855
20131224;49.74;49.9;49.62;49.89;193074
20131226;50;50.66;49.86;50.65;670984
20131227;50.75;50.88;50.43;50.48;680282
20131230;50.48;50.48;50.07;50.21;488619
20131231;50.46;50.54;50.1;50.19;467073
20140102;50.09;50.19;49.45;49.61;645964
20140103;49.73;49.85;49.42;49.55;770037
20140106;49.79;50;49.33;49.43;976423
20140107;49.51;49.78;49.34;49.62;1210236
20140108;49.75;49.87;49.26;49.46;1169923
20140109;49.85;50.64;49.85;49.88;1555126
20140110;50.46;51.14;50.43;50.88;1614618
20140113;50.58;51.12;50.19;50.36;841182
20140114;50.39;51.27;50.38;51.27;809229
20140115;51.28;51.37;50.97;51.26;674033
20140116;51.32;51.32;50.54;51.23;1041594
20140117;51.31;51.34;50.89;51.15;591947
20140121;51.53;51.63;50.84;51.31;644816
20140122;51.5;52.17;51.4;52.14;1018885
20140123;51.7;51.76;50.7;51.24;988296
20140124;50.78;50.99;49.11;49.13;1039830
20140127;49.17;49.21;48.37;48.91;1196860
20140128;48.91;49.35;48.81;49.27;656688
20140129;48.8;49.76;48.65;48.93;912376
20140130;49.51;49.85;48.72;49.72;879465
20140131;48.36;49.51;47.9;49.27;1352731
20140203;49.44;49.9;47.74;47.81;1273573
20140204;48.11;48.3;47.41;47.58;1080880
20140205;47.19;47.36;46.25;46.99;1383813
20140206;46.93;47.63;46.84;47.58;785794
20140207;47.85;48.06;47.32;47.89;983462
20140210;47.98;49.15;47.82;49.06;1266134
20140211;49.25;49.5;47.83;49.24;926702
20140212;49.29;49.71;49.11;49.26;1147978
20140213;48.96;49.5;48.75;49.45;748682
20140214;49.41;49.71;49.19;49.4;608523
20140218;49.49;49.63;49.2;49.52;445898
20140219;49.49;50.05;49.15;49.24;643921
20140220;49.34;49.5;48.91;49.3;628148
20140221;49.4;49.4;48.86;48.89;593209
20140224;48.97;49.17;48.64;48.79;818989
20140225;48.8;49.07;48.43;48.84;672910
20140226;49.09;49.76;49.09;49.51;707189
20140227;49.38;49.58;48.91;49.11;803153
20140228;49.13;50.06;48.95;49.82;975875
20140303;49.05;49.67;48.99;49.4;746719
20140304;51.17;52.1;50.78;51.79;1517590
20140305;51.4;51.56;50.6;51.06;1408624
20140306;51.23;51.4;50.89;51.09;715396
20140307;51.38;51.81;51.25;51.56;837061
20140310;51.5;51.53;50.65;51.21;859504
20140311;51.4;51.48;50.55;50.58;855429
20140312;50.34;50.87;50.27;50.67;1058758
20140313;50.97;51.16;50.24;50.28;791994
20140314;50.17;50.95;50.17;50.48;781143
20140317;50.65;50.98;50.37;50.48;846916
20140318;50.58;51.11;50.58;50.94;444676
20140319;50.86;51.28;50.29;50.55;903100
20140320;50.64;50.9;50.2;50.87;423559
20140321;51.03;51.55;50.97;51.15;790630
20140324;51.26;51.62;50.27;50.57;725847
20140325;51;51.06;50.16;50.47;576307
20140326;50.76;50.9;49.54;49.54;571034
20140327;49.53;49.65;48.94;49.55;865563
20140328;49.61;50.42;49.58;49.98;574068
20140331;50.37;50.77;50.17;50.67;727345
20140401;50.93;51.15;50.56;51.11;532987
20140402;51.17;51.73;51.1;51.65;535177
20140403;51.63;51.8;51.41;51.73;651674
20140404;51.95;52.24;50.82;51.13;520548
20140407;51;51.17;50.24;50.49;778157
20140408;50.58;51.01;50.3;50.66;805213
20140409;50.9;51.27;50.4;51.2;742822
20140410;51.14;51.25;49.15;49.17;1537761
20140411;48.89;49.31;48.49;48.63;783555
20140414;49.09;49.48;48.78;49.16;552045
20140415;49.24;49.62;48.44;49.55;671678
20140416;49.95;50.59;49.8;50.24;700583
20140417;50.08;50.9;50;50.68;521688
20140421;50.76;51.11;50.57;50.98;665483
20140422;51.05;51.92;50.98;51.76;910460
20140423;48.94;49.85;48.31;49.46;2270648
20140424;49.53;49.83;48.42;49.01;1197873
20140425;48.94;49.01;48.4;48.62;635422
20140428;49.01;49.55;48.09;48.58;889599
20140429;48.71;48.91;48.22;48.49;752026
20140430;48.49;48.7;48.1;48.66;811228
20140501;48.65;48.81;48.19;48.48;700686
20140502;48.46;48.97;48.28;48.39;518738
20140505;48.32;48.82;48.23;48.45;636801
20140506;48.35;48.51;47.88;47.9;779611
20140507;48.06;48.89;48.02;48.86;925749
20140508;48.86;49.22;48.43;48.71;842300
20140509;48.64;48.77;48.28;48.62;519140
20140512;48.83;49.21;48.8;48.96;731566
20140513;49.01;49.1;47.33;48.42;946886
20140514;48.46;48.5;47.99;48.12;519281
20140515;48.06;48.07;47.18;47.43;672525
20140516;47.48;47.48;46.83;47.16;1476330
20140519;47.13;47.55;47.04;47.31;1254162
20140520;47.32;47.45;46.65;46.66;1039343
20140521;46.8;47.53;46.69;47.01;1367597
20140522;47.01;48.6;46.88;48.24;1931638
20140523;48.37;48.54;48.01;48.2;886729
20140527;48.39;48.9;48.26;48.61;724544
20140528;48.66;48.88;48.3;48.82;856848
20140529;48.9;49.22;48.72;49.21;689916
20140530;50.06;50.9;49.97;50.7;2182704
20140602;50.51;50.51;49.65;49.94;919627
20140603;49.93;49.93;49.33;49.43;1142152
20140604;49.36;49.65;49.21;49.5;624916
20140605;49.59;49.82;49.06;49.62;657354
20140606;49.75;50.03;49.62;49.76;457589
20140609;49.67;50.35;49.63;50.08;729421
20140610;50.05;50.26;49.85;50.18;685712
20140611;49.92;49.94;49.44;49.69;625407
20140612;49.56;49.84;49.37;49.48;592413
20140613;49.51;49.9;49.37;49.74;617404
20140616;49.74;50.57;49.74;50.21;840672
20140617;50.18;50.82;49.98;50.61;633677
20140618;50.56;50.9;50.24;50.87;459542
20140619;50.92;51.24;50.66;50.99;631827
20140620;51.13;51.41;51.02;51.39;651119
20140623;51.32;51.54;50.6;50.92;685834
20140624;50.88;51.5;50.67;50.97;724953
20140625;50.85;51;50.34;50.83;756658
20140626;50.9;51.42;50.53;51.41;850616
20140627;51.3;51.61;51.05;51.48;650476
20140630;51.52;51.56;50.92;51.25;622956
20140701;51.42;51.68;51.03;51.38;467286
20140702;51.21;51.38;50.83;51;430927
20140703;51.32;51.82;51.15;51.49;456212
20140707;51.38;51.49;50.79;50.87;441835
20140708;50.65;51.1;50.52;51.08;635428
20140709;51.32;51.47;50.69;50.89;614987
20140710;50.5;50.95;50.2;50.85;762239
20140711;50.73;50.92;50.38;50.49;569563
20140714;50.8;51.09;50.73;50.98;417013
20140715;50.98;51.61;50.79;50.89;434350
20140716;51.14;51.27;50.71;51.04;445888
20140717;50.75;51.13;50.57;50.68;864916
20140718;50.89;51.09;50.68;50.98;438403
20140721;50.62;50.68;50.39;50.63;360521
20140722;50.94;51.18;50.49;50.52;556272
20140723;50.53;50.94;50.49;50.6;694941
20140724;50.63;51.18;50.63;50.9;1214989
20140725;51.02;51.16;48.98;49.24;1609769
20140728;49.02;49.21;48.35;48.95;1181462
20140729;48.63;48.73;47.97;48.03;1094455
20140730;48.1;48.18;47.4;47.85;795658
20140731;47.57;47.57;47.1;47.21;1088324
20140801;47.15;47.44;46.93;47.31;781997
20140804;47.47;47.81;47.19;47.73;745364
20140805;47.45;47.69;47;47.36;502351
20140806;47.16;47.63;47.16;47.21;511237
20140807;47.4;47.49;46.77;47.14;709219
20140808;47.09;47.61;46.88;47.57;648771
20140811;47.86;47.97;47.6;47.76;307425
20140812;47.64;47.9;47.48;47.83;391748
20140813;48.08;48.18;47.84;47.98;421414
20140814;47.97;48.29;47.97;48.05;551705
20140815;48.27;48.36;47.58;47.88;712153
20140818;48.14;48.41;48.04;48.38;673981
20140819;48.3;49.16;48.29;49.1;1028081
20140820;48.86;49.02;48.54;48.79;470390
20140821;48.65;48.74;48.28;48.53;430885
20140822;48.43;48.43;48;48;477782
20140825;48.27;48.48;48.1;48.17;602142
20140826;48.19;48.29;47.98;48.02;416560
20140827;48.16;48.29;47.8;47.9;643098
20140828;47.76;48.16;47.68;48.11;341967
20140829;47.84;48.23;47.6;48.13;835130
20140902;48.07;48.43;48;48.15;878995
20140903;48.27;48.61;48.11;48.44;827523
20140904;48.46;48.85;48.46;48.67;687249
20140905;48.6;48.9;48.45;48.88;614899
20140908;48.76;49.16;48.64;48.76;373281
20140909;48.65;48.81;48.39;48.49;447811
20140910;48.39;48.46;48.13;48.31;473370
20140911;48.27;48.82;48.02;48.71;520425
20140912;48.74;48.86;48.09;48.26;555842
20140915;48.16;48.52;47.93;48.43;543060
20140916;48.53;48.63;48.19;48.2;776792
20140917;48.02;48.48;47.39;47.7;926082
20140918;47.75;47.97;47.61;47.91;886491
20140919;47.9;48.24;47.32;47.79;1160099
20140922;47.74;47.98;47.36;47.72;1101659
20140923;47.25;47.4;46.55;46.79;2007758
20140924;46.72;47.02;46.43;46.96;1133699
20140925;46.75;46.94;46.12;46.18;1097651
20140926;46.33;46.5;46.06;46.41;910870
20140929;44.86;45.74;44.65;45.45;1851193
20140930;45.33;45.61;44.45;44.65;1843484
20141001;44.51;45;43.73;43.96;2348943
20141002;43.8;44.1;43.26;43.76;929098
20141003;43.99;44.32;43.84;43.92;954427
20141006;44.13;44.44;43.72;44.07;933836
20141007;44.05;44.05;42.95;42.95;833412
20141008;43.09;43.6;42.63;43.57;1032663
20141009;43.46;43.48;42.64;42.64;1298598
20141010;42.6;42.92;41.96;41.96;950707
20141013;41.97;42.39;41.26;41.28;1013712
20141014;41.63;42.3;41.35;41.84;1247693
20141015;41.35;42.06;40.58;41.78;1782461
20141016;41.28;42.62;41.24;42.56;1097038
20141017;42.82;43.41;42.73;43.13;1136441
20141020;42.81;43.46;42.67;43.43;1139320
20141021;43.55;44.67;43.54;44.65;891913
20141022;44.74;44.96;44.04;44.06;1217333
20141023;44.45;44.5;43.98;44.18;1314842
20141024;46.08;46.92;45.48;46.37;2365169
20141027;45.76;45.86;44.99;45.25;1289476
20141028;45.34;46;45.11;45.99;728194
20141029;46.09;46.09;45.09;45.4;1279176
20141030;45.34;46.44;45.24;46.01;723985
20141031;46.43;46.87;46.16;46.85;853695
20141103;46.93;47.11;46.39;46.56;881011
20141104;46.46;46.91;46.32;46.61;523566
20141105;46.79;46.99;46.43;46.93;720587
20141106;46.95;47.53;46.85;47.37;639830
20141107;47.43;47.9;47.19;47.74;593942
20141110;47.7;48.15;47.68;48.04;444988
20141111;48;48.36;47.74;47.96;476809
20141112;47.84;48.22;47.78;48.1;363208
20141113;48.23;48.52;47.93;48.09;603838
20141114;48;48.13;47.42;47.54;764493
20141117;47.58;47.92;47.43;47.78;535469
20141118;47.94;48.38;47.73;47.97;562357
20141119;47.89;48.06;47.61;47.94;559425
20141120;47.56;47.94;47.41;47.87;512497
20141121;48.45;48.72;48.07;48.27;710754
20141124;48.32;49.4;48.32;49.15;1047292
20141125;49.12;49.34;48.76;49.05;1088971
20141126;49.07;49.21;48.65;49.19;448934
20141128;49.18;49.62;49.04;49.51;493304
20141201;48.91;49.16;48.57;49.13;855603
20141202;49.1;50;49.1;49.92;1157455
20141203;49.9;50.92;49.56;50.34;1705127
20141204;50.06;50.46;49.24;49.62;1115173
20141205;49.61;50.01;49.47;49.84;1077230
20141208;49.73;50.09;49.27;49.4;627666
20141209;49;49.81;48.9;49.74;977779
20141210;49.66;50.17;49.63;49.82;1085831
20141211;49.92;50.85;49.92;50.22;1007703
20141212;50.48;50.85;50.11;50.13;1164972
20141215;50.36;50.7;50.11;50.52;961208
20141216;50.43;51.06;50.1;50.13;1243197
20141217;50.12;50.44;49.69;50.21;1273141
20141218;50.74;51.09;50.3;51.08;1409016
20141219;51.33;52.04;51.18;51.97;1217552
20141222;52.02;52.47;51.54;51.84;573567
20141223;52.02;52.42;51.89;52.23;511297
20141224;52.2;52.45;51.99;52.15;237305
20141226;52.22;52.83;52.21;52.62;265535
20141229;52.51;52.9;52.29;52.67;397140
20141230;52.44;52.74;52.44;52.64;496809
20141231;52.67;52.92;51.85;51.88;391625
20150102;52.13;52.35;51.33;51.79;378744
20150105;51.41;51.55;50.8;51.15;801779
20150106;51.77;52.18;51.27;51.66;1517830
20150107;52.11;52.23;51.85;52.17;813056
20150108;52.66;54.01;52.61;53.72;1252678
20150109;53.86;53.92;52.86;53.02;1151299
20150112;53.05;53.43;52.61;53.39;648253
20150113;53.79;54.32;52.99;53.36;907237
20150114;53.29;53.6;52.71;53.53;826028
20150115;53.83;53.91;52.34;52.39;1143013
20150116;52.37;52.79;52.18;52.72;773816
20150120;53.49;53.95;53.22;53.6;1526571
20150121;53.4;53.48;52.68;53.1;1109217
20150122;53.43;53.94;53.03;53.89;1086939
20150123;53.77;53.88;52.53;52.58;1164324
20150126;52.5;53;52.06;52.98;1045347
20150127;52.4;52.77;52.04;52.38;591464
20150128;52.59;52.82;51.77;51.9;874626
20150129;51.96;52.81;51.82;52.76;915596
20150130;52.35;52.8;52.06;52.27;947405
20150202;52.15;53.03;50.63;51.2;1785856
20150203;50.97;51.99;50.94;51.83;917797
20150204;51.39;52.05;51.31;51.5;1089760
20150205;51.87;52.58;51.66;52.34;910158
20150206;52.55;52.77;52.19;52.4;720639
20150209;52.22;52.54;51.88;51.98;640907
20150210;52.2;53.41;52.12;53.32;1029143
20150211;53.36;53.43;52.68;53.19;603990
20150212;53.68;53.82;53.52;53.65;548691
20150213;53.56;53.83;53.33;53.79;314442
20150217;53.7;54.15;53.5;53.99;530597
20150218;53.9;54.15;53.46;54.08;489338
20150219;53.91;54.23;53.63;53.8;406502
20150220;53.81;54.18;53.3;54.08;406661
20150223;54.09;54.62;53.69;54.49;489767
20150224;54.48;54.67;54.15;54.64;545155
20150225;54.58;54.74;54.32;54.43;480556
20150226;54.39;54.59;53.93;54.3;518060
20150227;54.22;54.34;53.48;53.55;718361
20150302;53.44;54.03;53.22;53.93;616776
20150303;53.74;53.86;53.13;53.26;805986
20150304;53;53.3;52.78;53.23;548129
20150305;53.23;53.4;52.78;53;624630
20150306;52.75;52.8;52;52.25;518551
20150309;52.3;52.68;52.17;52.41;515282
20150310;51.83;51.97;51.56;51.65;517010
20150311;51.83;51.91;51.62;51.69;436213
20150312;51.74;52.41;51.74;52.33;413575
20150313;52.29;52.48;51.59;52.01;801321
20150316;52.17;52.81;51.87;52.69;474330
20150317;52.39;52.79;51.96;52.23;470883
20150318;52.12;52.96;51.74;52.83;706546
20150319;52.66;53.06;52.49;53;897773
20150320;53.16;53.54;52.66;53.49;1352432
20150323;53.49;53.79;53.25;53.3;479062
20150324;53.17;53.51;52.97;52.97;385942
20150325;53.03;53.35;52.41;52.41;818115
20150326;52.19;52.35;51.96;52.15;514828
20150327;52.14;52.46;52.07;52.36;389927
20150330;52.71;53.74;52.52;53.66;397918
20150331;53.36;53.44;52.76;52.91;542813
20150401;52.77;52.98;52.27;52.98;612725
20150402;52.94;53.2;52.6;53;362380
20150406;52.74;53.5;52.63;53.4;470536
20150407;53.31;53.58;53.1;53.31;619464
20150408;53.41;53.9;53.21;53.86;443253
20150409;53.86;54.03;53.5;53.72;827694
20150410;53.73;54.13;53.53;54.04;444569
20150413;53.98;54.36;53.79;53.93;505053
20150414;53.64;53.96;52.82;53.07;607710
20150415;53.08;53.26;52.48;52.48;633350
20150416;52.38;52.57;51.83;51.89;529109
20150417;51.61;51.62;50.94;51.07;902900
20150420;51.36;51.58;51.2;51.43;787415
20150421;51.59;51.72;51.11;51.5;964334
20150422;51.55;51.8;51.33;51.78;756334
20150423;51.75;51.91;51.51;51.51;580141
20150424;51.65;51.93;51.6;51.91;583026
20150427;52.05;52.31;51.87;51.96;754793
20150428;51.93;52.11;51.44;51.84;667502
20150429;55;55.98;54.51;54.61;2608332
20150430;54.51;56.84;54.51;55.59;1710341
20150501;55.52;56.21;55.46;56.16;1103966
20150504;56.3;56.91;56.06;56.64;637908
20150505;57.44;57.54;56.42;56.87;1260439
20150506;57.08;57.79;56.92;57.72;1258559
20150507;57.65;58;57.42;57.7;759247
20150508;58.11;58.49;57.94;58.2;682159
20150511;58.2;58.98;58.17;58.31;1153910
20150512;58.23;58.45;57.99;58.26;925452
20150513;58.85;59.9;58.5;59.83;2301167
20150514;59.96;60.62;59.78;60.51;1290792
20150515;60.39;60.58;59.86;60.52;1128354
20150518;60.4;60.49;60.05;60.21;1070935
20150519;60.3;61.02;60.03;61;768957
20150520;61;61.21;60.68;61.03;728843
20150521;60.99;62.13;60.8;61.96;1456597
20150522;61.87;62.78;61.53;62.58;1230595
20150526;62.4;62.42;61.75;62.08;853975
20150527;62.04;63.42;62.04;63.18;1084256
20150528;63.2;63.35;62.7;62.81;883276
20150529;62.63;62.84;61.76;61.91;927025
20150601;61.97;62.12;61.11;61.88;1077868
20150602;61.61;61.66;60.64;60.77;1008713
20150603;60.75;61.14;60.64;61.14;955554
20150604;60.6;60.79;59.68;60.56;493697
20150605;60.56;61.11;60.17;60.8;728717
20150608;60.82;60.97;60.61;60.69;660306
20150609;60.81;61.37;60.6;61.23;692703
20150610;61.36;62.29;61.34;62.05;1042724
20150611;61.95;62.77;61.9;62.17;1141914
20150612;61.99;62.73;61.96;62.09;739084
20150615;61.73;61.75;60.98;61.07;949743
20150616;61.19;61.81;60.98;61.8;542490
20150617;61.79;62.64;61.69;62.45;567836
20150618;62.59;63.15;62.2;62.62;1107667
20150619;62.57;62.71;62.2;62.23;1258186
20150622;62.45;62.5;61.87;62.36;1132068
20150623;62.51;62.84;61.93;62.15;1098416
20150624;62.18;62.26;61.56;61.65;454849
20150625;61.88;61.88;61.34;61.4;470287
20150626;61.6;62.23;61.38;62.2;1852959
20150629;61.7;61.89;60.97;61.02;558275
20150630;61.54;61.6;60.9;60.94;711963
20150701;61.38;62.46;61.15;62.21;941180
20150702;62.39;62.6;61.83;62.17;482002
20150706;61.5;62.25;61.32;61.58;821966
20150707;61.57;61.96;61;61.95;851244
20150708;61.45;61.71;60.67;60.69;570946
20150709;61.4;61.41;60.61;60.63;559933
20150710;61.3;61.72;61.21;61.6;389414
20150713;62.12;62.53;62.03;62.38;528082
20150714;62.32;63.28;62.32;63.07;734605
20150715;63.19;63.96;63.04;63.52;971008
20150716;63.74;64.03;62.85;62.96;872737
20150717;62.96;62.96;61.36;61.82;1053129
20150720;61.84;62.35;61.8;62.03;620994
20150721;62.1;62.21;61.36;61.56;495085
20150722;61.49;62.02;61.35;61.9;655999
20150723;61.98;62.16;61.1;61.22;559241
20150724;61.08;61.43;59.93;60.11;506209
20150727;59.74;60.01;59.38;59.79;447371
20150728;60;61.26;59.81;61.13;1089828
20150729;61.51;63.94;59.88;60.86;1497009
20150730;60.5;61.83;60.34;61.6;649279
20150731;61.96;62.22;60.53;60.85;725043
20150803;61;61;59.86;60.54;1008597
20150804;60.59;60.98;60.22;60.31;818013
20150805;60.98;61.95;60.73;61.37;816204
20150806;61.47;62.31;61.26;61.87;777070
20150807;61.95;63.07;61.49;63.04;830737
20150810;63.29;64.81;63.29;64.65;1387223
20150811;64.16;64.37;63.82;64.29;668411
20150812;63.56;64.01;62.8;63.68;573908
20150813;63.57;64.02;63.07;63.69;537602
20150814;63.65;64.29;63.48;63.97;573494
20150817;63.61;64.76;63.41;64.49;383565
20150818;64.23;64.43;63.68;63.78;495936
20150819;63.22;63.84;62.95;63.53;644531
20150820;63.09;63.19;62;62;722993
20150821;61.62;61.98;60.25;60.25;681629
20150824;55.11;59.52;53.56;57.23;1374499
20150825;58.75;58.89;55.84;55.91;977029
20150826;57.14;58.14;55.99;58.02;1039430
20150827;58.73;59.53;58.04;59.11;682141
20150828;58.95;59.67;58.58;59.57;929843
20150831;59.13;59.63;57.91;58.08;681421
20150901;57;57.36;55.91;56.3;975064
20150902;56.86;57.48;56.33;57.48;657465
20150903;57.67;58.62;57.53;58;845068
20150904;57.12;58.1;57.06;57.44;758586
20150908;58.5;59.21;58.31;59.11;623470
20150909;59.55;59.63;58.45;58.53;838605
20150910;58.36;59.54;58.36;58.89;710791
20150911;58.55;58.83;58;58.71;380290
20150914;58.71;59.01;58.13;58.68;530321
20150915;58.51;59.46;58.23;59.23;684853
20150916;58.85;60.35;58.85;60.21;783037
20150917;60.24;61.06;59.99;60.29;701561
20150918;59.53;60.03;59.01;59.16;844698
20150921;59.47;59.83;58.48;58.73;581300
20150922;57.86;58.3;57.12;57.29;926825
20150923;57.51;57.78;56.76;57.26;776397
20150924;56.73;56.99;55.94;56.82;869189
20150925;57.66;57.68;55.9;56.73;680885
20150928;56.44;56.68;55.51;55.67;797431
20150929;55.78;56;55.29;55.59;540503
20150930;56.29;56.62;55.57;56.57;997355
20151001;56.49;58.21;56.44;58.15;1317873
20151002;57.43;59.51;56.94;59.48;1035187
20151005;59.83;60.37;59.04;59.34;1133509
20151006;59.31;59.36;58.3;58.61;665310
20151007;58.95;59.59;58.45;58.79;704983
20151008;58.67;59.3;58.28;59.15;669838
20151009;59.36;60.22;59.12;59.61;523179
20151012;59.67;60.04;59.16;59.49;545237
20151013;59.25;59.69;59.04;59.25;745338
20151014;59.3;59.61;58.5;58.63;668059
20151015;58.79;59.41;58.03;59.34;991888
20151016;59.57;59.99;59.37;59.87;586398
20151019;59.73;60.23;59.48;60.18;371310
20151020;60.05;60.8;59.76;60.77;479762
20151021;60.98;60.98;60.33;60.41;501892
20151022;60.95;62.99;60.9;62.85;503163
20151023;63.46;64.18;63.25;63.91;567327
20151026;63.84;64.05;63.28;63.58;653887
20151027;63.21;63.47;62.33;63.15;730869
20151028;63.27;64.31;63.02;64.26;527336
20151029;63.83;66.09;63.83;65.18;900131
20151030;65.46;65.68;64.77;64.97;1077325
20151102;65.03;65.99;64.51;65.69;1209380
20151103;65.66;65.98;65.08;65.11;1154666
20151104;65.42;65.5;64.13;64.46;1063544
20151105;64.6;65.06;64.28;64.83;901380
20151106;64.49;65.09;64.36;65.09;840634
20151109;64.93;65.56;64.55;65.35;728884
20151110;65.27;65.48;63.06;64.01;1042946
20151111;64.19;65.55;63.54;65.24;807083
20151112;64.77;65.06;62.78;62.88;683179
20151113;62.94;63.03;62.03;62.37;971428
20151116;62.42;63.55;62.26;63.34;685458
20151117;63.53;64.16;63.18;63.58;609871
20151118;63.63;65.47;63.61;65.38;888067
20151119;65.44;66.2;65.12;66;701647
20151120;66.28;66.65;65.73;65.95;567815
20151123;65.85;66.42;65.42;65.71;584571
20151124;65.29;66.19;64.94;66.11;702878
20151125;66.1;66.4;65.58;66.17;387815
20151127;66.06;66.44;65.58;66.17;325723
20151130;65.85;66.34;65.44;65.96;890101
20151201;66.06;66.64;65.82;66.18;689629
20151202;66.04;66.55;65.24;65.31;652420
20151203;65.44;65.58;63.48;64;1183778
20151204;64.25;65.75;64.07;65.56;870784
20151207;65.17;65.94;64.71;65.09;853664
20151208;64.38;64.94;63.92;64.23;702667
20151209;64.17;64.96;63.19;63.62;739717
20151210;63.8;64.43;63.63;63.7;644312
20151211;63;63.75;62.79;62.94;584740
20151214;63.08;63.82;62.48;62.82;698425
20151215;63.44;63.65;62.79;63.3;1017238
20151216;63.72;64.71;63.54;64.56;763569
20151217;64.51;64.64;63.06;63.07;670238
20151218;62.9;63.32;61.99;62.06;1335339
20151221;62.67;63.35;62.43;62.9;481418
20151222;63.01;63.28;62.32;63.07;493178
20151223;63.44;63.96;62.96;63.94;622295
20151224;63.98;64.33;63.53;64.06;193485
20151228;63.7;64.2;63.3;63.99;289813
20151229;64.47;64.47;63.23;63.59;673775
20151230;63.22;63.89;62.98;63.34;891100
20151231;63.2;63.67;62.63;62.66;563321
20160104;61.68;61.75;60.15;61.2;1241787
20160105;61.14;61.77;60.95;61.67;784304
20160106;60.86;61.53;60.54;60.95;623288
20160107;59.83;60.42;59.08;59.12;796991
20160108;59.6;60.44;59.27;59.69;1364390
20160111;59.84;60.22;58.79;59.71;1060863
20160112;60.05;60.49;59.29;59.9;893171
20160113;59.94;60.52;58.46;58.67;918974
20160114;58.84;60.52;58.72;59.93;1038609
20160115;58.23;59.19;57.87;58.94;965431
20160119;59.65;59.65;58.36;58.97;787483
20160120;58.17;59.52;57.06;59.02;785434
20160121;59.39;59.59;58.61;58.89;1053775
20160122;60;60.79;59.61;60.74;894415
20160125;60.14;60.39;57.96;58.16;1273450
20160126;58.07;59.94;57.62;59.61;743020
20160127;59.32;60.24;59.2;59.7;1243910
20160128;60.08;60.18;59.17;59.35;676100
20160129;59.65;60.97;59.27;60.89;907881
20160201;60.67;61.18;60.2;61.03;1704196
20160202;60.31;60.56;59.38;59.86;1287737
20160203;63.8;66.37;62.65;63.74;2587756
20160204;63.43;64.8;63.43;64.37;1805899
20160205;64.12;64.65;62.93;63.2;1048545
20160208;62.73;62.73;60.64;61.33;1067035
20160209;60.73;63.47;60.37;62.89;1635916
20160210;63.33;64.5;62.95;63.04;1017934
20160211;61.96;62.66;61.59;62.28;792816
20160212;62.95;64.1;62.57;63.98;784505
20160216;64.71;64.97;63.69;64.83;946313
20160217;65.19;65.62;64.07;64.2;832409
20160218;64.1;64.43;63.73;64.18;758486
20160219;64.3;64.85;63.92;64.59;997454
20160222;65.25;65.69;64.45;65.03;711728
20160223;64.72;65.14;63.84;63.99;565261
20160224;63.48;64.89;62.99;64.78;730811
20160225;65.16;66.28;65.07;66.24;648315
20160226;66.61;66.89;66.21;66.45;618005
20160229;66.04;66.53;65.12;65.12;1146928
20160301;65.8;67.55;65.75;66.79;1339155
20160302;66.59;67.89;66.36;67.45;1145735
20160303;67.43;68.33;67.14;68.24;1011228
20160304;68;68.21;67.5;67.86;1114583
20160307;67.46;67.94;67.27;67.94;1110306
20160308;67.69;68.73;67.08;68.18;978274
20160309;68.58;69.71;68.06;69.1;1164767
20160310;69.31;70.14;68.94;69.63;999044
20160311;70.36;70.36;69.02;69.85;864230
20160314;69.63;69.8;68.82;69.23;1067513
20160315;68.65;69.41;68.36;69.01;1063957
20160316;68.9;69.5;68.33;69.2;923616
20160317;69.5;70;69.1;69.8;1327199
20160318;69.99;70.74;69.66;70.46;4154402
20160321;70.46;71.06;70.46;70.97;783462
20160322;70.92;71.96;70.81;71.44;829671
20160323;71.11;71.85;70.94;71.35;810115
20160324;71.04;71.48;70.73;70.99;566911
20160328;71.3;71.55;71.11;71.27;435520
20160329;71.33;72.48;71.11;72.43;584611
20160330;72.62;72.64;71.74;72.4;393007
20160331;72.41;72.53;71.78;72.11;783618
20160401;71.74;72.96;71.55;72.86;1002341
20160404;73;73.22;72.31;72.82;1020929
20160405;72.7;72.8;71.65;72.06;971703
20160406;72.13;73.15;71.93;73.02;826720
20160407;72.47;72.67;71.33;71.57;1166583
20160408;72.15;72.48;71.5;71.72;665571
20160411;71.83;72.28;71.26;71.36;757150
20160412;71.36;71.81;71.25;71.61;773290
20160413;71.95;72.39;71.46;72.31;586440
20160414;72.22;72.59;71.91;72.01;459342
20160415;72.01;72.65;72.01;72.59;549181
20160418;72.28;73.39;72.03;73.39;547449
20160419;73.68;74.33;73.34;73.39;583880
20160420;73.41;73.71;72.96;73.02;537985
20160421;73.16;73.74;72.66;72.81;525925
20160422;73.01;73.57;72.5;73.52;670261
20160425;73.26;73.26;72.58;72.79;387741
20160426;72.83;72.99;72.45;72.74;1045013
20160427;73.58;75.14;73.57;74.47;1219525
20160428;73.8;73.99;73.03;73.44;1350869
20160429;73.37;73.37;72.28;72.61;1116137
20160502;72.65;74.48;72.26;74.35;898930
20160503;74.01;75.19;73.22;75.17;1768649
20160504;74.59;75.1;73.39;73.98;840418
20160505;74;74.46;73.81;74.06;646658
20160506;74;74.88;73.53;74.87;592686
20160509;74.83;75.4;74.72;75.19;598344
20160510;75.3;76.45;75.13;76.45;570665
20160511;76.46;76.46;75.27;75.8;596083
20160512;76.28;76.74;75.75;76.37;735347
20160513;76.22;76.81;75.22;75.58;796441
20160516;75.74;76.96;75.64;76.74;494014
20160517;76.36;76.49;74.82;75.32;696991
20160518;75.17;75.33;74.13;74.44;730538
20160519;74.33;74.73;73.7;74.62;601183
20160520;73.97;74.28;73.28;73.31;1744686
20160523;73.34;74.17;73.33;73.45;773024
20160524;73.88;74.63;73.73;74.5;459711
20160525;74.99;75.44;74.74;74.91;494645
20160526;74.95;75.39;74.33;74.37;366014
20160527;74;74.67;73.33;74.67;469612
20160531;74.75;74.78;73.86;74.38;788543
20160601;73.82;74.32;73.59;74.16;539650
20160602;74.15;75.28;73.79;75.28;711355
20160603;75.37;75.84;74.87;75.75;827510
20160606;75.86;76.36;75.59;76;712781
20160607;76;76.5;75.82;76.02;579192
20160608;76.13;76.6;75.62;76.46;341834
20160609;76.32;76.75;76.04;76.57;383447
20160610;76.08;77.25;76;77.11;679467
20160613;76.68;77.01;75.69;75.71;540998
20160614;75.34;76.08;74.83;75.88;787400
20160615;75.97;76.52;74.64;75.66;682026
20160616;75.46;75.96;74.99;75.89;779740
20160617;75.79;75.79;74.34;75.04;644463
20160620;76;76.7;75.9;76.22;523386
20160621;76.48;76.77;76.25;76.33;518682
20160622;76.37;76.78;76.13;76.36;620225
20160623;77.19;77.38;76.74;77.12;295015
20160624;74.65;75.9;73.28;73.62;825831
20160627;72.96;73.18;70.91;71.11;964982
20160628;71.64;72.01;71.13;72;1426003
20160629;72.92;73.05;72.46;72.82;612287
20160630;73.11;74.75;72.83;74.75;659671
20160701;72.53;73.46;72.19;72.62;1582435
20160705;72.17;72.29;70.81;71.13;1309796
20160706;71.12;72.14;70.81;71.82;1097216
20160707;71.97;72.81;71.67;72.17;790909
20160708;72.91;73.36;72.47;73.3;520798
20160711;73.5;73.62;72.69;72.99;747850
20160712;73.16;73.44;72.72;72.96;1027292
20160713;73.32;73.77;72.98;73.18;846330
20160714;73.73;74.02;73.35;73.36;584177
20160715;73.68;74.18;73.47;73.53;582798
20160718;73.35;74.28;73.2;73.81;671351
20160719;73.46;73.54;72.47;72.91;473010
20160720;73.03;73.77;72.94;73.43;407937
20160721;73.48;73.5;72.19;72.36;542500
20160722;72.3;72.93;72.03;72.6;621617
20160725;72.62;72.8;71.85;72.26;646910
20160726;74.5;76.45;73.64;76.37;1579994
20160727;76.67;78.82;76.57;78.55;1531459
20160728;78.54;78.82;77.36;78.15;748096
20160729;77.84;78.11;77.01;77.89;706819
20160801;77.94;78.28;77.62;78.15;706493
20160802;78.21;78.66;77.76;77.85;997685
20160803;77.73;77.82;76.74;77.24;722256
20160804;77.43;77.88;77.26;77.39;430896
20160805;77.84;78.95;77.7;78.46;572273
20160808;78.33;78.98;78.05;78.72;698267
20160809;78.84;79.09;78.48;78.73;503650
20160810;78.73;79.27;78.03;78.69;673227
20160811;78.79;79.02;77.87;78.3;585196
20160812;78.06;78.36;77.98;78.19;428586
20160815;78.4;78.66;78.17;78.17;458360
20160816;77.94;78.09;77.3;77.3;391594
20160817;77.38;77.43;77.03;77.29;514254
20160818;77.16;77.39;76.76;76.95;645018
20160819;76.42;77.62;76.29;77.45;418202
20160822;77.17;77.19;76.47;77.16;546589
20160823;77.62;78.3;77.54;78.16;491312
20160824;78.19;78.19;77.2;77.37;347252
20160825;77.37;78.23;76.84;77.9;650725
20160826;78.08;78.24;76.73;76.93;577405
20160829;77.14;77.8;76.85;77.37;500442
20160830;77.46;77.87;77.21;77.5;333677
20160831;77.46;77.67;77.05;77.44;560046
20160901;77.56;77.92;76.81;77.34;484325
20160902;77.39;78.37;77.39;78.14;530634
20160906;78.51;78.55;77.4;78.11;466017
20160907;78.03;78.48;77.79;78.33;395574
20160908;77.95;78.32;77.61;77.62;533811
20160909;77.02;77.06;75.33;75.33;1004067
20160912;74.96;76.5;74.68;76.29;518586
20160913;75.81;76.15;75.22;75.61;506265
20160914;75.5;76;75.31;75.52;382840
20160915;75.57;76.95;75.41;76.84;438565
20160916;76.91;77.25;76.4;76.41;799839
20160919;76.95;77.72;76.89;77.45;606629
20160920;78.01;78.01;77.58;77.62;533775
20160921;77.66;78.18;77.28;78.15;423164
20160922;78.77;78.96;78.2;78.84;702498
20160923;78.35;78.89;78.13;78.25;331803
20160926;77.78;78.29;77.4;77.46;421653
20160927;77.29;77.88;77.11;77.78;409020
20160928;77.93;78.45;77.77;78.31;331274
20160929;78.06;78.28;76.94;77.05;404220
20160930;77.57;78.05;76.95;77.79;582163
20161003;77.36;78.08;77.08;78.04;912078
20161004;78.1;78.33;75.55;75.75;969302
20161005;75.78;76.58;75.54;76.05;678152
20161006;75.89;77.36;75.78;77.2;560926
20161007;77.37;77.37;75.9;76.4;531154
20161010;76.93;77.36;76.15;76.21;429075
20161011;75.84;75.95;75.29;75.56;352747
20161012;75.8;76.24;75.72;76.08;472015
20161013;75.39;76.25;74.77;75.72;499730
20161014;76.18;77.1;76.17;76.45;393087
20161017;76.66;77.48;76.4;76.51;387828
20161018;77.03;77.48;76.42;76.44;461890
20161019;76.62;77.06;75.94;76.65;368591
20161020;76.31;76.31;75.35;75.93;589483
20161021;75.4;75.72;74.91;75.5;408932
20161024;76.11;76.5;75.58;75.9;499116
20161025;75.75;76.08;75.36;75.77;915903
20161026;74.2;75.38;68.62;70.96;2878813
20161027;71.27;71.27;70.07;70.36;1854914
20161028;70.1;70.7;68.55;68.61;1377182
20161031;68.67;69.97;68.66;69.79;979816
20161101;69.85;69.96;68.68;69.19;848020
20161102;69.1;69.34;68.68;68.99;806341
20161103;69.55;70.56;69.39;70.45;1386649
20161104;70.32;71.68;70.31;70.68;1107984
20161107;71.67;71.79;70.97;71.61;587441
20161108;71.4;71.71;71.02;71.26;627674
20161109;70.33;71.31;68.98;71.04;658019
20161110;71.27;71.43;69.84;70.28;963399
20161111;70.08;70.5;68.93;69.55;964519
20161114;69.58;70.79;69.15;70.75;1063073
20161115;70.8;71.36;70.58;71.17;693560
20161116;70.91;71.54;70.52;71.38;886553
20161117;71.27;72.44;71.23;71.94;1045094
20161118;71.68;71.78;70.49;70.58;552053
20161121;70.58;70.76;70.11;70.25;525867
20161122;70.51;71.74;70.36;71.68;676241
20161123;71.5;72.02;71.1;71.22;679669
20161125;71.49;71.72;71.08;71.71;253664
20161128;71.6;72.72;71.56;72.57;843057
20161129;72.45;73.31;72.1;72.95;952341
20161130;72.99;73;71.79;72.06;1383702
20161201;72.06;72.11;70.72;71.18;1003062
20161202;71.18;72.03;71.08;71.72;822231
20161205;71.81;72.75;71.81;72.71;1023659
20161206;72.59;73.33;72.17;73.21;1116711
20161207;73.5;74.03;72.46;73.31;756786
20161208;73.31;74.16;72.95;73.68;755111
20161209;73.43;73.65;72.38;72.62;742516
20161212;72.6;72.95;71.88;72.71;641697
20161213;72.86;73.5;72.41;72.55;850843
20161214;72.66;73;71.64;71.78;536170
20161215;71.56;71.94;71.4;71.73;592450
20161216;72.06;72.71;71.75;71.94;1443073
20161219;71.73;72.36;71.05;71.28;503941
20161220;71.14;71.73;70.3;71.52;738394
20161221;71.39;72.15;70.76;71.57;321219
20161222;71.66;71.82;70.91;71.37;353556
20161223;71.4;71.54;71.1;71.43;289713
20161227;71.66;72.26;71.39;71.69;224382
20161228;71.92;72.18;70.73;70.79;287979
20161229;70.86;71.57;70.35;70.62;365166
20161230;70.94;71.23;70.02;70.22;585427
20170103;70.76;70.87;69.53;70.14;865618
20170104;70.45;72.14;69.97;72.14;887655
20170105;72;72.44;70.9;71.43;647157
20170106;72.28;72.52;71.91;72.4;719628
20170109;72.48;73.39;72.25;72.56;761000
20170110;72.56;73.3;72.28;72.73;640800
20170111;72.48;72.83;72.35;72.7;399722
20170112;72.46;72.57;71.39;72.13;510838
20170113;72.43;72.95;71.81;72.15;574521
20170117;72.16;72.8;71.95;72.45;544631
20170118;72.44;73.17;72;73.17;760513
20170119;73.15;73.43;72.46;72.49;635788
20170120;72.87;73.09;72.05;72.41;524872
20170123;72.3;72.98;72.01;72.89;400864
20170124;72.84;73.99;72.82;73.83;645626
20170125;74.17;74.82;73.22;74.49;769948
20170126;74.16;74.34;72.86;73.34;939029
20170127;73.51;73.78;72.99;73.77;755582
20170130;73.23;73.65;72.09;72.91;1337861
20170131;72.66;73.61;71.71;73.02;1673695
20170201;78.97;80.84;76.51;79.65;3018729
20170202;79.67;80.77;79.55;80.01;1709506
20170203;80.42;80.48;78.73;79.05;977658
20170206;78.8;79.84;78.17;79.51;848073
20170207;79.4;79.86;78.77;79.14;912371
20170208;78.97;79.64;78.66;79.41;856157
20170209;79.51;79.75;78.86;78.9;741051
20170210;78.85;79.78;78.55;79.27;519543
20170213;79.37;79.89;79.17;79.45;452110
20170214;79.46;79.92;78.82;79.29;624567
20170215;79.06;79.93;79.06;79.54;481461
20170216;79.83;80.46;79.64;80.16;972372
20170217;79.97;79.98;79.01;79.41;584903
20170221;79.4;80.43;79.26;80.35;486610
20170222;80.09;80.22;79.31;79.81;476743
20170223;80.14;80.92;79.49;80.65;705947
20170224;80.44;80.87;79.87;80.25;586728
20170227;80.16;81.27;80.02;80.7;621029
20170228;80.5;81.16;80.22;80.71;652146
20170301;81.5;82.11;81.21;81.85;813967
20170302;81.61;81.98;81.05;81.77;855615
20170303;81.72;81.98;81.14;81.76;590361
20170306;81.19;81.8;80.74;81.14;721486
20170307;81.03;81.38;80.05;80.4;812596
20170308;80.39;80.7;79.84;79.97;770482
20170309;80.07;80.1;79.45;79.89;648157
20170310;80.32;80.85;80.14;80.5;545167
20170313;80.51;80.94;79.88;80.3;308863
20170314;80.11;80.51;79.75;79.88;397557
20170315;79.98;80.66;79.97;80.57;612497
20170316;80.68;80.68;79.51;79.78;427477
20170317;79.97;80.47;79.54;80.39;943407
20170320;80.23;80.31;79.41;79.78;451247
20170321;80.01;80.18;78.53;78.8;631328
20170322;78.81;79.42;78.47;78.91;540940
20170323;78.98;79.93;78.9;79.67;620956
20170324;79.52;80.23;79.21;79.61;552858
20170327;78.82;79.75;78.61;79.61;506123
20170328;79.63;80.8;79.58;80.4;508315
20170329;80.22;80.6;80.04;80.34;1112730
20170330;80.32;80.49;79.82;80.48;372635
20170331;80.35;80.74;80.04;80.6;644243
20170403;80.86;81.12;80.5;80.97;566631
20170404;80.96;81.23;80.33;80.66;612539
20170405;80.77;81.01;79.92;80.08;782323
20170406;80.14;80.14;79.5;79.85;523823
20170407;79.84;80.2;79.26;79.54;540296
20170410;79.6;80.24;79.45;79.83;754640
20170411;79.53;79.89;79.13;79.67;454818
20170412;79.31;79.79;79.23;79.64;568795
20170413;79.68;79.95;79.36;79.48;1085414
20170417;79.77;80.29;79.63;80.29;339306
20170418;80.12;80.87;80.12;80.74;618730
20170419;80.86;81.52;80.83;81.48;602021
20170420;81.67;82.36;81.33;82.2;1407538
20170421;82.17;82.39;81.6;81.69;1136374
20170424;82.6;82.78;81.78;82.44;706829
20170425;82.71;82.86;82.06;82.41;725578
20170426;82.17;83.66;80.91;83.2;1264974
20170427;83.48;83.93;82.11;83.54;928820
20170428;83.47;83.86;83.01;83.21;854833
20170501;83.2;83.83;83.01;83.6;535578
20170502;83.6;84.08;83.27;83.45;765290
20170503;83.37;83.48;82.99;83.34;467139
20170504;83.53;83.99;83.42;83.7;545840
20170505;83.83;84.28;83.76;84.17;334426
20170508;84.14;84.52;83.67;83.76;327202
20170509;83.73;83.98;82.68;83.01;815692
20170510;82.91;83.54;82.84;83.54;674952
20170511;83.17;83.59;82.83;83.59;469890
20170512;83.32;83.75;83.01;83.35;445314
20170515;83.39;84.22;83.11;84.17;584553
20170516;84.2;84.57;83.7;84.31;542684
20170517;83.6;83.77;82.5;82.64;565193
20170518;82.47;82.81;81.84;82.5;732021
20170519;82.75;83.12;82.36;82.76;721058
20170522;82.75;83.31;82.5;83.19;288912
20170523;83.3;83.64;82.75;82.8;316673
20170524;82.92;83.25;82.73;82.82;531915
20170525;83.14;84.06;82.98;83.83;520608
20170526;83.73;84.31;83.5;84.29;302671
20170530;84.34;84.63;83.95;84.42;321446
20170531;84.74;84.75;83.94;84.26;757988
20170601;84.29;85.9;84.02;85.75;757259
20170602;85.83;85.83;84.69;84.75;363078
20170605;84.4;84.79;83.89;84.13;730500
20170606;83.94;84;83.2;83.71;735590
20170607;84.06;84.11;83.26;83.59;518442
20170608;83.45;83.7;83.1;83.28;604327
20170609;83.47;84.35;83.21;84.09;482025
20170612;84.01;84.6;83.52;84.45;456134
20170613;84.43;85.58;84.37;85.48;562507
20170614;85.38;86.01;85.3;85.45;444309
20170615;85.31;86.25;85.16;85.55;492174
20170616;85.53;85.72;84.76;85.65;669581
20170619;85.88;86.8;85.69;86.67;1024901
20170620;87.76;89.07;87.5;87.92;772010
20170621;87.63;88.13;87.09;87.73;475061
20170622;87.85;87.9;87.39;87.55;474908
20170623;87.74;88.15;87.46;88.05;715263
20170626;88.05;88.33;87.66;88.17;319603
20170627;88.34;88.75;87.8;88.07;388125
20170628;88.52;89.51;88.52;88.78;431241
20170629;88.85;88.85;87.43;88.14;376024
20170630;88.59;88.88;88.35;88.37;427177
20170703;88.96;89.28;88.62;88.87;262770
20170705;89.02;89.29;88.64;88.82;546190
20170706;88.63;89.4;88.46;89.18;941462
20170707;89.72;91.17;89.54;90.78;685074
20170710;90.6;91.68;90.6;91.43;598348
20170711;91.59;92.33;91.33;91.75;648226
20170712;92.25;93.66;91.92;93.22;691289
20170713;93.45;93.8;92.6;93.08;718723
20170714;93.31;94.31;92.97;94.02;678852
20170717;94.02;94.25;93.73;93.98;593734
20170718;93.75;94.17;93.07;93.4;629777
20170719;93.88;94.13;93.55;94.07;1269002
20170720;94.08;94.47;93.71;94.06;662801
20170721;94.12;94.24;93.66;93.89;659775
20170724;93.77;94.49;93.77;93.96;927070
20170725;95.87;96.7;90.41;91.27;1663710
20170726;91.45;93.36;91;92.34;1220235
20170727;92.28;92.37;91.2;91.82;776258
20170728;91.83;92.16;91.36;92.03;586634
20170731;92.49;93;92.21;92.93;559277
20170801;93.17;93.76;92.78;93.44;704211
20170802;93.34;94.1;92.3;94.08;784922
20170803;94.08;94.31;93.03;93.27;486741
20170804;93.52;93.52;92.63;93.05;365020
20170807;93.28;93.66;92.87;93.54;812187
20170808;93.21;93.69;92.83;93.4;617730
20170809;93.34;93.68;92.68;92.89;508349
20170810;92.76;93;91.75;91.93;476524
20170811;91.92;93.94;91.77;93.02;502965
20170814;93.52;93.99;93.16;93.68;360294
20170815;94.03;94.19;93.39;93.52;598290
20170816;93.79;94.65;93.76;94.65;473024
20170817;94.44;94.55;93.13;93.16;401284
20170818;93.07;93.25;92.56;93.04;416462
20170821;93.04;93.39;92.34;92.81;449585
20170822;92.87;93.26;92.03;93.19;627220
20170823;92.96;93.97;92.84;93.04;739884
20170824;93.44;93.45;92.41;92.96;365344
20170825;93.39;93.86;93;93.67;241443
20170828;94;94;93.24;93.3;420139
20170829;93.1;93.69;93.05;93.45;442099
20170830;93.48;94.12;93.41;94.03;412799
20170831;94.15;94.75;93.96;94.26;653322
20170901;94.28;95.01;94.26;95.01;571342
20170905;94.86;95.43;94.27;94.8;827238
20170906;94.89;95.14;92.22;93.09;1444112
20170907;93.04;93.22;91.98;92.67;882216
20170908;92.81;93.61;92.58;93.19;315606
20170911;93.67;94.24;93.04;94.18;572240
20170912;94.51;95.52;94.12;95.23;524045
20170913;95.12;95.6;94.02;95.01;590302
20170914;94.99;96.11;94.67;95.76;587049
20170915;95.97;97.11;95.96;96.83;903393
20170918;97.02;99.26;97.02;98.91;948158
20170919;99.11;99.19;98.06;98.5;576253
20170920;98.47;99.26;98.35;98.88;760630
20170921;98.91;99.3;98.54;98.82;494237
20170922;98.69;98.88;98.48;98.76;421511
20170925;98.78;98.92;98.02;98.89;557770
20170926;98.88;98.88;98.23;98.61;580916
20170927;99.07;99.57;98.39;99.4;745198
20170928;99.21;100.1;99.13;99.93;688425
20170929;99.57;99.66;98.24;98.34;810078
20171002;98.34;99.59;98.34;99.42;786548
20171003;99.44;99.6;98.58;99.26;361610
20171004;99.32;99.85;99.04;99.71;281236
20171005;99.9;99.98;99.44;99.89;338292
20171006;99.81;100.89;99.68;100.34;374518
20171009;100.54;101.49;100.39;100.71;311414
20171010;101.1;101.24;100.44;100.79;314841
20171011;101.01;101.42;100.43;101.21;370353
20171012;100.75;101.57;100.63;100.8;482941
20171013;101.29;102.07;101.2;101.94;442456
20171016;102;102.23;101.13;102.18;301672
20171017;102.44;102.55;100.93;101.58;551463
20171018;101.59;101.74;100.43;100.51;924188
20171019;100.32;100.49;98.55;98.79;1163552
20171020;99.15;99.73;98.15;99.71;1024747
20171023;100.07;100.45;98.94;99.01;522243
20171024;99.26;99.64;98.37;98.91;981688
20171025;103.79;104.5;100.69;104.05;981370
20171026;103.5;105.71;103.4;104.86;815215
20171027;105.05;106.24;103.93;106.11;692252
20171030;106.15;106.19;104.76;105.32;645661
20171031;105.17;106.56;105.1;106.17;747552
20171101;106.71;107.41;105.57;107.03;736409
20171102;107.19;108.58;106.62;108.44;720435
20171103;108.4;108.99;108.01;108.09;598231
20171106;107.87;108.25;106.5;107.07;506225
20171107;106.98;107.79;106.85;107.04;367116
20171108;107.18;108.27;107.1;107.75;615369
20171109;107.16;107.51;105.16;105.76;809312
20171110;105.6;105.78;104.85;105.19;585207
20171113;104.89;108;104.51;107.94;735805
20171114;107.52;108.67;107.1;108.17;480295
20171115;108.17;108.52;107.08;107.7;500361
20171116;107.89;108.58;107.56;108.25;667076
20171117;107.87;108.64;107.31;108.29;600693
20171120;110;111.31;109.57;110.7;946145
20171121;111.2;111.83;110;110.42;805280
20171122;110.56;111.1;109.68;111.1;628258
20171124;111.13;111.75;110.9;111.7;282025
20171127;111.67;112.28;111.31;111.92;558104
20171128;112.07;112.17;111.45;112;510390
20171129;111.93;112.25;111.44;111.88;604379
20171130;112.31;114.8;111.85;114.12;1313460
20171201;114;114.33;111.26;112.63;748778
20171204;113.42;113.57;111.88;112.02;782057
20171205;112.16;113.87;112.16;113.21;902626
20171206;112.95;113.07;111.39;111.51;858431
20171207;111.56;112.52;111.56;112.35;638605
20171208;112.36;113.84;111.95;113.73;874416
20171211;113.85;115.31;113.51;114.98;810220
20171212;115;115.56;113.65;114.46;535852
20171213;114.34;114.64;113.93;114.37;522023
20171214;114.31;115.03;114.09;114.28;640904
20171215;115.67;116.13;115.15;115.91;1076620
20171218;116.2;116.85;115.57;116.12;694210
20171219;116.5;117.63;116.32;117.1;863825
20171220;117.02;117.92;116.53;116.68;767562
20171221;117;117;113.85;114.02;531280
20171222;114.17;114.48;113.33;114.17;568938
20171226;114.13;114.84;113.89;114.82;271782
20171227;114.87;115.49;114.61;115.14;374456
20171228;115.68;115.68;114.94;115.57;276252
20171229;115.58;115.82;114.86;114.86;351984
20180102;115.15;115.68;114.75;115.68;401841
20180103;115.83;116.17;115.38;116.01;640632
20180104;116.42;117.12;116.22;116.78;534027
20180105;117.08;118.52;116.82;118.16;437081
20180108;118.14;119.22;118.04;118.6;664478
20180109;118.72;119.29;118.49;118.91;481834
20180110;118.79;119.05;117.75;118.59;347672
20180111;118.89;119.64;118.51;119.57;324298
20180112;119.92;120.32;119.07;119.35;498611
20180116;119.53;120;116.92;117.38;620640
20180117;118.05;119.68;117.65;118.88;483091
20180118;119.95;121.26;119.06;120.63;583064
20180119;121.43;123.2;120.8;121.34;685650
20180122;121.34;121.74;120.26;120.73;532710
20180123;120.41;120.41;119.6;119.74;543307
20180124;120.14;120.3;119.47;120.06;501924
20180125;120.44;121.56;120.23;120.96;521340
20180126;121.4;121.67;120.54;121.02;426583
20180129;120.75;121.17;118.55;118.67;661591
20180130;118.31;118.81;117.32;117.33;1039012
20180131;121.28;123.67;120;122.68;1671359
20180201;119.6;121.44;118.05;120.36;1290812
20180202;119.91;120.53;117.52;117.63;923292
20180205;116.79;118.29;113.76;113.81;1137320
20180206;111.65;114.64;111.48;114.24;1320459
20180207;114.22;116.84;114.22;114.78;852676
20180208;114.63;114.88;110.75;110.77;789020
20180209;111.78;112.26;108.83;111.46;982169
20180212;112.69;116.38;112.66;115.65;989084
20180213;115.24;117.2;114.85;116.88;618167
20180214;116.31;118.29;115.89;118.12;633857
20180215;118.67;119.56;117.61;119.53;596468
20180216;119.31;119.72;118.66;118.8;642638
20180220;118.11;118.66;116.78;117.08;549370
20180221;117.08;119.17;116.83;116.92;455473
20180222;117.6;118.69;116.99;118.24;494117
20180223;118.38;119.21;117.68;119.13;456732
20180226;119.62;120.41;118.29;120.11;411999
20180227;120.33;120.39;118.9;118.91;406402
20180228;119.11;119.56;118.07;118.15;587165
20180301;118.21;118.48;114.78;115.94;648801
20180302;115.25;115.88;114.02;115.16;665705
20180305;114.37;115.2;113.47;114.79;770800
20180306;114.73;115.03;112.49;114.52;1305908
20180307;113.86;116.21;112.93;115.79;700388
20180308;115.91;116.94;114.77;115.5;518707
20180309;116;117.62;114.89;117.33;614675
20180312;117.28;117.56;116.36;116.52;507409
20180313;116.77;117.48;115.7;115.91;553795
20180314;116.34;116.49;114.33;114.83;558290
20180315;115.06;115.06;113.52;114.15;585658
20180316;112.89;112.89;110.55;111.63;1581526
20180319;111.32;111.9;110.41;110.82;1043362
20180320;109.92;111.28;109.72;110.76;1169216
20180321;109.74;111.46;109.74;110.14;782715
20180322;108.92;109.47;105.79;105.92;1096710
20180323;105.87;106.36;103.01;103.06;987520
20180326;104.06;106.48;104.06;105.76;812426
20180327;106.33;106.55;103.91;104.45;900570
20180328;104.58;105.53;102.55;104.05;867952
20180329;104.62;107.03;104.62;106.25;583231
20180402;106.11;106.46;102.79;103.87;592811
20180403;104.1;105.23;103.63;104.56;868368
20180404;103.16;106.42;102.66;106.21;1092793
20180405;106.7;106.92;105.36;106.07;928173
20180406;105.42;105.99;102.44;103.2;963544
20180409;103.97;105.18;103.51;103.9;552530
20180410;105.38;107.19;105.15;106.35;612156
20180411;105.44;106.23;104.92;105.29;457816
20180412;105.6;106.07;105.17;105.49;531796
20180413;105.97;106.05;104.27;104.8;490792
20180416;105.53;106.42;105.12;105.98;571888
20180417;106.97;107.8;106.37;107.68;890619
20180418;108;108.93;107.48;108.2;1053578
20180419;108.28;108.71;107.26;107.69;719899
20180420;108.03;108.11;106.31;107.12;634149
20180423;107.25;107.81;106.75;107.01;504993
20180424;107.22;107.22;103.77;105.4;759088
20180425;104.2;108.56;101.67;106.67;1317341
20180426;108.82;108.82;106.05;106.21;656743
20180427;106.26;106.74;104.66;104.85;1063453
20180430;105.09;106.85;104.78;104.81;644419
20180501;104.6;105.6;103.99;105.47;981133
20180502;105.36;105.65;103.94;104.15;735071
20180503;103.51;104.94;102.4;104.22;612685
20180504;103.91;107.06;103.91;105.73;774363
20180507;105.94;106.78;105.24;105.65;444272
20180508;105.77;106.25;105.08;105.5;720185
20180509;105.87;106.49;104.67;106.21;661594
20180510;106.5;107.9;106.38;107.72;664975
20180511;107.93;109;107.42;107.67;757819
20180514;107.92;108.68;107.31;108.19;771616
20180515;108;108.3;105.85;106.34;671369
20180516;106.52;108.42;106.34;107.89;595155
20180517;107.74;108.52;107.34;108.19;581435
20180518;108.34;109.66;108.3;109.1;895291
20180521;109.51;110.75;109.5;110.66;622269
20180522;110.63;111.52;110.18;110.21;713230
20180523;109.59;109.99;107.04;108.35;720630
20180524;108.46;109.25;108.4;108.98;501379
20180525;108.58;109.12;108.06;108.48;398763
