20100104;59.22;59.66;58.94;59.34;822857
20100105;59.18;59.49;57.39;58.11;2352622
20100106;57.82;57.99;57.2;57.34;1685531
20100107;57.08;57.14;56.18;56.79;1939503
20100108;56.7;57.62;56.6;57.55;1332420
20100111;57.5;57.91;57.22;57.72;1227260
20100112;57.47;57.64;56.79;56.99;1425661
20100113;57;57.47;56.34;57.32;1513222
20100114;57.02;57.88;57.02;57.62;818081
20100115;57.51;58.11;57.23;57.72;1592338
20100119;57.7;58.47;57.64;58.13;1061127
20100120;57.53;57.85;56.89;57.78;1157698
20100121;57.69;58.37;56.98;57.63;1659137
20100122;57.71;58.15;57.24;57.35;1558067
20100125;57.49;57.85;56.79;57.46;1167221
20100126;57.19;57.59;56.94;57.1;1347094
20100127;56.83;57.6;56.62;57.46;881204
20100128;57.64;57.64;56.2;56.54;1173135
20100129;56.68;57.28;56.63;56.63;1527762
20100201;56.84;57.65;56.69;57.4;985156
20100202;57.24;57.54;56.68;57.42;1478244
20100203;52.84;54.38;51.5;53.54;8727251
20100204;53.31;53.95;52.67;53.25;3974254
20100205;53.16;54.08;51.16;52.44;2832916
20100208;52.65;52.97;52.01;52.08;2046242
20100209;52.64;53.68;52.11;52.67;2715155
20100210;52;52.51;51.31;51.84;1904200
20100211;51.63;53.3;51.46;53.1;2533277
20100212;52.47;52.7;51.68;52.12;2414798
20100216;52.39;53.29;52.39;52.75;1510960
20100217;53.05;53.43;52.57;53;1345293
20100218;53.05;53.08;52.77;52.9;1031927
20100219;52.78;53.97;52.78;53.5;1768057
20100222;53.77;54.31;53.31;54.16;1625491
20100223;54.24;54.5;53.14;53.56;2653711
20100224;54;54.24;53.31;53.68;1822468
20100225;53;53.54;52.5;53.49;1614202
20100226;53.49;53.56;52.7;53.33;1701304
20100301;53.29;63.65;53.02;53.56;2163567
20100302;53.5;53.74;53.17;53.21;1598065
20100303;52.82;53.08;52.38;52.47;2205405
20100304;52.7;52.91;52.25;52.67;1609969
20100305;52.68;53.38;52.67;53.25;1621433
20100308;54.05;54.1;53.3;53.32;1488422
20100309;53.25;53.56;53.02;53.39;1060157
20100310;53.52;54.07;53.09;53.67;1695586
20100311;53.36;53.65;53.04;53.46;1975460
20100312;53.57;54.07;53.12;53.87;1710750
20100315;53.97;54.23;53.45;53.88;1651000
20100316;54.12;55.68;53.99;55.28;3479542
20100317;55.35;56.21;55.16;55.68;1992284
20100318;55.46;56.81;55.28;56.58;2114533
20100319;57.24;57.68;56.38;56.6;3059491
20100322;56.36;56.65;56.14;56.23;1451153
20100323;56.07;56.49;55.76;56.43;1303835
20100324;56.4;56.42;55.73;56.12;1293798
20100325;56.43;56.78;55.56;55.65;1779859
20100326;55.64;55.97;55.25;55.56;1545575
20100329;55.71;56.77;55.71;56.09;1279462
20100330;56.01;56.45;55.8;56.22;1372800
20100331;55.83;56.12;55.64;55.85;1376365
20100401;55.98;56.23;55.17;55.68;1178772
20100405;55.98;56.16;55.44;55.66;1094788
20100406;55.24;55.68;55;55.28;1574400
20100407;55.43;55.67;54.97;55.15;2051284
20100408;55.18;55.72;54.78;55.6;1837687
20100409;55.75;56.69;55.71;56.45;2885201
20100412;57.6;57.6;56.44;56.44;3151562
20100413;56.28;56.73;55.91;56.59;1647889
20100414;56.5;57.81;56.49;57.74;1987439
20100415;58.01;59.76;57.86;58.93;3466438
20100416;58.85;58.95;57.84;58.38;2157232
20100419;58.06;58.86;58.06;58.63;1601298
20100420;58.92;59.31;58.48;58.9;1485229
20100421;57;61.27;56.99;60;5813797
20100422;60.11;62.15;59.51;61.46;4289676
20100423;61.57;61.74;60.96;61.58;2183708
20100426;61.5;61.71;61.03;61.15;1454582
20100427;61.07;61.47;60.07;60.27;2987287
20100428;61;61.03;60.33;60.56;1778065
20100429;60.87;61.46;60.81;61.15;1554153
20100430;60.91;61.62;60.3;60.32;1720764
20100503;60.44;61.89;60.22;61.77;1788416
20100504;61.44;61.48;60.12;60.7;1978163
20100505;60.6;61.52;60.31;60.71;2088835
20100506;60.75;61.24;57.25;59.16;2988004
20100507;59.15;59.42;57.6;57.83;3390316
20100510;59.27;60.68;59;60.68;2630628
20100511;59.97;61.34;59.97;60.68;1817441
20100512;60.68;61.5;60.49;61.22;1349953
20100513;60.66;61.37;60.56;60.6;1662178
20100514;59.98;60.25;59.07;59.61;1955813
20100517;59.87;60.35;58.62;59.76;1547798
20100518;60.1;60.62;59;59.22;1087888
20100519;59;59.71;58.28;59.34;1890069
20100520;58.35;58.79;56.96;57.03;2573118
20100521;56.3;58.24;56.26;58.18;2885267
20100524;57.92;58.38;57.31;57.33;1135006
20100525;56.56;57.49;55.61;57.4;1749946
20100526;57.41;58.31;57.18;57.36;1452642
20100527;58.17;58.73;57.78;58.7;1270903
20100528;58.7;58.73;57.48;58.11;1363456
20100601;57.85;58.36;57.01;57.08;1169277
20100602;56.5;58.12;56.5;58.12;1325208
20100603;58.33;58.72;57.41;58.04;1445747
20100604;57.17;57.23;55.67;55.9;1850713
20100607;55.93;56.18;54.65;54.74;2186813
20100608;54.7;55.09;53.89;54.88;1777141
20100609;54.91;56.25;54.86;55.03;1708765
20100610;56.75;57.7;56.49;57.44;2152696
20100611;56.75;58.25;56.47;58.21;1275190
20100614;58.52;59.27;58.36;58.7;1517514
20100615;58.73;59.42;58.54;59.32;1496090
20100616;59.09;59.6;58.81;59.28;1350544
20100617;59.6;59.64;58.47;59.34;901208
20100618;59.44;59.53;58.87;59.06;1470177
20100621;59.56;59.75;58.68;59.11;1172138
20100622;59.25;59.38;57.38;57.59;1150355
20100623;57.58;57.96;57;57.46;791578
20100624;57.14;57.88;56.82;56.99;1035744
20100625;57.08;57.35;56.61;57.23;1735656
20100628;57.45;57.62;56.63;56.9;707152
20100629;56.48;56.63;55.52;55.94;1821979
20100630;55.85;56.94;55.47;55.66;1530833
20100701;55.57;56.27;54.52;55.72;1849404
20100702;55.74;55.98;54.5;55.05;1178755
20100706;55.68;56.02;55.09;55.64;1811397
20100707;55.64;56.62;55.3;56.4;1667499
20100708;56.55;57.05;56.31;56.79;1015513
20100709;56.78;57.35;56.68;57.06;870213
20100712;56.79;57.61;56.59;56.96;758045
20100713;57.7;58.2;57.41;58.01;1174048
20100714;58.25;59.14;58.19;58.75;1519820
20100715;58.65;58.92;57.71;58.58;1062038
20100716;58.51;58.64;57.36;57.45;1313386
20100719;57.55;58.46;57.2;58.25;1420297
20100720;57.52;58.71;57.01;58.65;1178437
20100721;58.69;58.87;57.23;57.61;1273390
20100722;58.19;59.5;58.19;59.4;2351223
20100723;59.29;60.99;58.69;60.88;2294737
20100726;61.05;62.42;61;62.1;2236868
20100727;62.17;62.46;61.05;61.2;2145870
20100728;63.95;65.45;63.54;64.87;8449653
20100729;65.15;65.44;63.99;64.63;2441476
20100730;64.1;65.53;63.8;65.2;1668416
20100802;65.35;66.28;65.02;66.22;1547158
20100803;66.07;66.67;65.42;66.43;1445595
20100804;66.56;67.37;66.29;67.22;1437879
20100805;67.1;67.53;66.65;67.35;1290696
20100806;66.59;67.59;66.31;66.89;1757226
20100809;67.37;68;67.23;67.77;1147924
20100810;67;67.46;65.72;66.2;2405505
20100811;65.44;65.54;64.21;64.98;2375834
20100812;64.32;65.19;64.07;64.89;1492430
20100813;64.54;64.98;64.3;64.6;1390694
20100816;64.31;65.18;63.82;64.86;1129579
20100817;65.47;66.81;65.09;66.29;1771243
20100818;65.56;66.5;65.19;65.98;1202500
20100819;65.65;65.7;64.24;65.19;2000984
20100820;65.09;66.36;64.62;66.16;1917346
20100823;66.64;67.3;65.83;65.86;1398690
20100824;65.42;65.68;64.63;65.14;1932171
20100825;64.84;65.42;64.68;65.12;1914738
20100826;65.46;66.05;64.89;64.91;1615653
20100827;65.27;66.41;64.61;65.92;1415126
20100830;65.61;65.97;64.87;64.9;1082702
20100831;64.51;65.46;64.39;64.99;2367190
20100901;65.7;66.77;65.21;66.37;2064836
20100902;66.63;67.31;66.6;67.23;973892
20100903;67.94;68.21;67.31;67.56;1323635
20100907;67.45;67.68;66.79;67.06;1132632
20100908;67.29;68.42;67.19;67.67;1276666
20100909;68.12;68.34;67.47;67.69;1121585
20100910;67.92;68.05;67.32;67.5;1065146
20100913;68.06;68.39;67.49;68;1550021
20100914;67.71;68.41;67.39;68;2081051
20100915;67.85;68.38;67.44;68.21;864145
20100916;67.86;68.1;67.51;67.84;940639
20100917;68.24;68.59;67.86;68.45;1536801
20100920;68.79;69.58;68.66;68.79;1153139
20100921;68.94;69.49;68.69;68.84;1298020
20100922;68.85;69.39;67.73;68.08;1556266
20100923;67.6;68.14;66.76;67.11;1262764
20100924;67.82;68.91;67.78;68.6;1499141
20100927;68.6;69.07;68.28;68.69;1022623
20100928;68.94;69.93;68.41;69.41;1845999
20100929;69.14;69.59;68.56;69.57;1467844
20100930;69.78;70.87;69.42;69.92;2352109
20101001;70.41;70.58;69.14;69.64;1964061
20101004;69.75;69.87;68.74;69.54;1530759
20101005;69.95;72.34;69.95;70.89;4105630
20101006;71.05;71.82;70.99;71.1;1919200
20101007;71.16;71.31;70.53;71.1;1475289
20101008;71.22;71.89;70.55;71.21;1696726
20101011;71.04;71.59;70.55;71.12;1159821
20101012;71.1;71.25;70.21;70.63;1232875
20101013;70.73;72;70.7;71.5;1427075
20101014;70.86;72.39;70.86;72.06;2683857
20101015;72.62;72.99;72.19;72.24;2495006
20101018;72.13;72.13;71.44;71.76;1089302
20101019;71.29;72.24;70.96;71.7;2103321
20101020;71.9;72.83;71.8;72.36;1216572
20101021;72.7;72.72;71.74;72.4;1049331
20101022;72.53;72.55;71.85;72.52;685793
20101025;72.72;73.32;72.62;72.78;1325766
20101026;72.44;73.13;71.83;71.98;1699224
20101027;69.58;71.71;69.15;71.49;1570518
20101028;71.05;71.33;69.87;70.18;1899393
20101029;70.05;70.87;69.95;70.48;1205762
20101101;70.57;71.39;70.29;70.49;973053
20101102;71.04;71.35;70.68;71.09;693422
20101103;71.05;71.24;69.71;70.54;1369267
20101104;71.18;72.39;70.92;72.25;1509317
20101105;72.3;72.46;71.41;71.79;944450
20101108;71.37;72.31;71.32;72.17;751578
20101109;72.17;72.32;70.86;71.19;781455
20101110;71.37;71.55;70.41;70.69;1152996
20101111;70.31;71.89;70.25;71.8;1137646
20101112;71.33;71.7;70.72;71.2;834500
20101115;71.61;72.08;71.24;71.4;698005
20101116;71.06;71.24;70.16;70.82;1110053
20101117;70.69;71.25;70.29;71.08;1130355
20101118;71.59;72.92;71.32;72.25;1185269
20101119;72.3;72.85;72.07;72.85;1095739
20101122;72.44;73.23;72.08;72.88;727210
20101123;72.27;72.4;71.7;72.33;656008
20101124;72.81;74.58;72.7;74.22;1240511
20101126;73.86;74.38;73.7;74.11;323220
20101129;73.95;74.07;72.94;73.52;1544754
20101130;72.95;74.17;72.87;73.71;2224214
20101201;74.53;75.5;74.27;75.06;1414510
20101202;75.05;75.82;74.85;75.81;1385329
20101203;75.65;76.42;75.46;76.35;751788
20101206;76.32;76.48;75.75;75.94;1398579
20101207;76.46;76.75;76.05;76.43;1192138
20101208;76.44;77.18;76.18;77.15;1110407
20101209;77.33;78.06;77.08;77.76;1288380
20101210;77.95;78.21;77.24;78.12;1058368
20101213;78.36;78.49;77.71;78.07;897023
20101214;78.34;78.71;78.02;78.46;736232
20101215;78.29;79.21;78.21;78.52;1169064
20101216;78.37;79.56;78.11;79.2;1195173
20101217;78.6;79.48;78.11;79;2765059
20101220;79.14;79.29;78.25;79;1301642
20101221;79.28;80.61;79.11;80.03;959865
20101222;79.89;80.24;79.56;79.91;842023
20101223;79.68;80.07;79.52;79.71;637694
20101227;79.5;80.06;79.3;79.76;536831
20101228;79.76;80.23;79.21;79.69;675113
20101229;80;81.02;79.62;80.5;1035314
20101230;80.5;80.63;79.73;80.08;839639
20101231;79.92;80.49;79.64;80.19;1182014
20110103;80.91;82.05;80.91;81.51;1718313
20110104;80.32;80.87;80.05;80.45;1758879
20110105;79.21;80.49;79.16;79.88;1992059
20110106;79.79;80.26;79.19;79.64;1618573
20110107;79.91;80.35;79.16;79.56;1782341
20110110;79.24;79.83;78.7;79.58;1533263
20110111;79.71;80.09;78.94;79.51;764570
20110112;79.91;79.95;79.54;79.75;616466
20110113;79.62;79.96;79.12;79.38;596771
20110114;79.32;79.66;78.82;78.88;1479007
20110118;79.06;79.49;78.97;79.33;924663
20110119;79.01;79.01;77.39;77.72;1618481
20110120;77.82;78.5;77.42;77.8;1154180
20110121;78.05;78.05;77.21;77.62;1008080
20110124;77.74;78.12;77.29;77.75;731238
20110125;77.36;77.88;76.82;77.83;1093755
20110126;77.85;78.37;77.46;78.12;903562
20110127;77.85;78.14;77.66;77.74;1391034
20110128;77.98;78.08;75.9;76.03;1670531
20110131;76.11;77.28;75.85;77.09;1224364
20110201;77.43;78.64;77.27;78.2;1725282
20110202;75.2;78.2;73.7;73.74;5322579
20110203;73.6;75.07;73.57;74.44;2037167
20110204;74.4;74.4;73.31;74.06;1372964
20110207;74.05;74.37;73.39;74.11;1132269
20110208;74.02;74.08;73.01;73.57;1389663
20110209;73.31;74.08;73.08;73.92;816082
20110210;73.35;74.75;73.35;74.6;1004728
20110211;74.11;75.37;73.91;75.07;1526917
20110214;75.08;75.47;73.87;73.91;1348780
20110215;73.94;74.37;73.53;74.05;1098457
20110216;74.1;75.51;73.88;74.92;929626
20110217;74.64;75.45;74.52;75.01;758725
20110218;75.01;75.44;74.79;74.99;1359888
20110222;74.45;74.5;71.53;71.71;2409615
20110223;71.73;72.13;70.33;70.7;1958714
20110224;70.92;72.25;70.84;71.81;1758142
20110225;71.98;72.6;71.45;72.55;1191245
20110228;72.71;72.9;72.18;72.39;1197534
20110301;72.66;72.66;70.32;70.87;1290805
20110302;70.53;71.86;70.46;71.41;1212306
20110303;71.95;73.92;71.93;73.86;1671721
20110304;73.64;73.78;72.14;72.84;1087295
20110307;73.28;73.28;70.92;72.22;1258344
20110308;72.25;73.68;72.08;73.34;979169
20110309;73.05;73.87;72.58;73.61;987547
20110310;72.89;73.64;71.72;72.7;1185094
20110311;72.56;73.25;71.84;72.75;605934
20110314;72.27;72.51;71.48;72.32;815589
20110315;70.56;72.13;70.54;71.75;1532045
20110316;71.41;72.06;70.6;71.09;1454939
20110317;72.49;72.97;71.34;71.79;829072
20110318;72.62;73.03;72.27;72.66;1377591
20110321;73.55;73.94;73.33;73.67;844518
20110322;73.05;73.73;70.94;71.55;3206658
20110323;71.44;71.61;70.84;71.42;1965276
20110324;71.72;72.31;71.39;72.2;1183473
20110325;72.51;72.89;71.89;72.52;1620691
20110328;72.49;72.81;72.33;72.65;1568588
20110329;72.6;73.29;72.12;73.1;942153
20110330;73.42;73.79;73.02;73.11;920618
20110331;73.07;74.2;72.82;74.13;1121159
20110401;74.55;75.37;74.52;74.9;1280624
20110404;75.28;75.81;74.88;75.64;880468
20110405;75.45;75.92;74.81;75.43;1118328
20110406;75.93;76.05;75.08;75.62;814035
20110407;75.36;75.62;74.28;74.77;1120686
20110408;75;75.07;73.74;74.28;950747
20110411;74.43;74.59;73.3;73.91;942412
20110412;73.54;74.51;73.45;74.24;940212
20110413;74.65;74.75;73.9;74.37;739075
20110414;73.94;75.6;73.8;75.39;1307145
20110415;76.15;76.89;75.85;76.64;1588809
20110418;76.02;76.06;74.92;75.88;889027
20110419;76.04;76.18;75.53;76.12;751118
20110420;76.8;77.91;76.47;77.11;1037862
20110421;77.2;78.25;77.19;78.04;1089659
20110425;78;78.7;77.59;78.51;802423
20110426;78.82;79.71;78.64;79.24;1391074
20110427;79.07;80.31;78.68;80.09;1639356
20110428;80.05;81.14;79.95;80.95;1277806
20110429;81;81.53;80.1;80.18;1741646
20110502;80.77;80.98;79.64;80.15;941344
20110503;80.2;80.6;79.06;79.39;1041290
20110504;79.2;79.74;78.61;78.85;1152041
20110505;78.57;80.1;78.27;79.26;1091789
20110506;80.18;80.36;79.42;79.53;817381
20110509;79.45;80.43;79.26;80.31;931480
20110510;80.59;81.13;80.3;80.95;753981
20110511;80.86;81.04;80.16;80.43;1003163
20110512;80.22;80.82;79.52;80.68;881019
20110513;80.86;80.94;79.44;79.77;807600
20110516;80.3;80.3;79.01;79.8;958239
20110517;79.48;79.63;78.67;79.22;1024022
20110518;79.29;80.46;78.6;80.24;818681
20110519;80.5;81.21;80.12;80.8;892984
20110520;80.73;81;80.23;80.57;773231
20110523;79.56;80.16;79.1;79.98;802553
20110524;80.06;80.18;79.22;79.57;878876
20110525;79.51;79.91;79.1;79.62;1005185
20110526;79.53;80.22;79.01;79.99;1017921
20110527;79.96;80.42;79.63;79.92;591666
20110531;80.59;80.9;79.71;80.22;934027
20110601;79.95;80.52;78.22;78.22;837587
20110602;78.38;79.21;78.19;78.86;753398
20110603;78.19;78.25;77.34;77.76;747998
20110606;77.39;77.79;76.9;76.97;645550
20110607;77.14;77.48;76.73;76.83;656922
20110608;76.82;76.98;76.04;76.3;529525
20110609;76.36;76.72;76.07;76.42;602815
20110610;76.31;76.38;75.75;75.83;639902
20110613;75.78;76.39;75.67;76.11;769792
20110614;76.73;77.54;76.49;77.38;893190
20110615;76.62;77;76.14;76.44;951529
20110616;76.44;77;76.06;76.23;987410
20110617;77.26;77.47;76.61;76.88;1562266
20110620;76.8;77.83;76.65;77.3;544123
20110621;77.67;78.2;77.25;77.96;611916
20110622;77.8;78.38;77.51;77.6;676812
20110623;76.73;77.58;76.17;77.41;968997
20110624;77.33;77.71;76.06;76.09;989266
20110627;75.95;76.99;75.85;76.95;793753
20110628;77.04;78.22;76.83;77.98;522065
20110629;78.28;78.58;77.77;78.09;656422
20110630;78.19;79.69;78.01;78.84;806516
20110701;79.1;80.99;78.84;80.62;978535
20110705;80.8;80.94;80.1;80.47;832947
20110706;80.5;81.45;80.37;81.16;864486
20110707;81.67;82.61;81.34;82.1;844624
20110708;81.07;81.83;81.01;81.48;827164
20110711;80.51;80.93;79.85;80.45;939170
20110712;80.47;80.62;79.43;79.51;790953
20110713;79.99;80.5;79.36;79.6;626783
20110714;79.62;80.02;78.49;78.92;692438
20110715;79.06;79.16;77.78;78.56;997560
20110718;78.31;78.44;77.66;78.07;866381
20110719;78.64;79.45;78.54;79.3;599196
20110720;79.01;79.17;78.26;78.69;599596
20110721;79.02;80.33;79.02;79.8;789448
20110722;79.71;80.97;79.67;80.43;870285
20110725;80.06;81.46;79.76;81.21;1004880
20110726;80.93;80.93;79.86;80.25;1170928
20110727;76.82;77;73.29;73.88;3916296
20110728;73.61;74.3;72.51;72.71;2292530
20110729;72.22;73.27;71.53;72.31;1239528
20110801;73.18;73.18;70.97;71.69;1096821
20110802;71.27;71.74;70.15;70.41;1673021
20110803;70.66;72.14;70.22;71.51;1461109
20110804;70.49;71.05;68.32;68.34;1641912
20110805;69.12;69.52;66.54;68.13;2282238
20110808;68.16;68.2;64.15;64.26;2735709
20110809;67.39;67.73;63.15;65;6687414
20110810;64.18;65.04;62.3;62.95;4139895
20110811;63.27;67.13;63.19;66.08;1779305
20110812;66.43;68.88;66.13;68.4;2155838
20110815;68.5;68.81;67.39;68.49;1013292
20110816;67.93;68.2;66.74;67.48;1203281
20110817;67.61;68.05;66.47;67.2;1051174
20110818;65.56;66.05;63.59;64.24;1891863
20110819;63.39;64.81;63.13;63.67;1687000
20110822;64.99;65.47;64.04;64.53;1022266
20110823;64.61;66.71;64.1;66.51;1236187
20110824;66.3;67.59;66.07;67.47;973956
20110825;67.72;68.21;66.07;66.31;1353753
20110826;66.09;68.11;64.58;67.99;1391331
20110829;68.89;70.5;68.79;70.47;1291525
20110830;70.31;71.81;70.17;71.28;1343670
20110831;71.6;72.19;69.93;70.5;1006609
20110901;70.54;71.37;69.16;69.35;1226733
20110902;68.11;68.35;66.51;66.99;1257014
20110906;65.25;65.54;64.44;65.4;2083366
20110907;66.27;68.01;66.18;68;960143
20110908;67.53;68.3;66.9;67.09;1139441
20110909;66.44;67.18;65.94;66.55;1437893
20110912;65.52;66.89;64.94;66.75;1339849
20110913;66.95;68.46;66.81;67.93;1215513
20110914;68.34;70;66.87;69.09;1293520
20110915;70.05;70.19;68.99;69.98;1076087
20110916;70.32;70.71;69.29;70.32;1727541
20110919;69.53;70.42;68.88;70.04;872465
20110920;70.41;70.55;69.09;69.14;1133797
20110921;69.15;69.15;66.46;66.46;1118102
20110922;65.1;66.07;64.31;65.19;1923921
20110923;64.69;66.27;64.39;66.02;1306033
20110926;66.34;68.22;66;68.15;1134915
20110927;69.47;70.22;68.59;69.06;1025635
20110928;68.92;69.61;67.51;67.53;691863
20110929;68.76;69.48;66.91;68.37;802674
20110930;67.77;68.86;66.91;68.47;2187581
20111003;67.81;69.55;66.18;66.27;1709068
20111004;65.61;67.97;64.9;67.89;1448388
20111005;68.22;70.97;67.79;70.59;1430585
20111006;70.5;72.15;70.19;71.53;1122540
20111007;71.61;71.84;70.42;70.87;1253117
20111010;72;73.08;71.91;73.08;821856
20111011;72.69;73.74;72.69;73.35;677469
20111012;72.32;73.35;72.29;72.43;1387874
20111013;72.21;72.47;71.5;71.97;836905
20111014;72.88;73.62;72.15;73.5;658767
20111017;73.12;73.42;71.95;72.31;648413
20111018;72.31;74.58;71.75;73.95;697734
20111019;73.8;74.42;73.01;73.44;1053867
20111020;73.49;73.94;72.15;73.64;1014785
20111021;74.33;75;73.99;75;912800
20111024;75.2;76.76;75.1;76.35;1064245
20111025;75.74;75.97;74.71;74.88;1376098
20111026;69.7;71.47;67;68.75;4486489
20111027;70;70.82;69.54;70.26;1980371
20111028;69.95;71.3;69.95;70.4;1348626
20111031;69.8;70.37;69.39;69.43;1239044
20111101;68.21;68.74;66.64;66.98;1502516
20111102;67.88;68.95;67.13;68.17;1118003
20111103;68.41;69.13;67.66;68.95;1199184
20111104;68.47;68.91;67.32;68.72;1116937
20111107;68.42;69.07;67.57;68.85;1251517
20111108;69.26;70.57;68.91;70.52;911332
20111109;68.93;69.05;66.68;67.16;1401800
20111110;68.11;68.42;67.15;67.69;1095244
20111111;68.59;69;68.3;68.76;865832
20111114;68.45;69.05;67.92;68.27;425984
20111115;68.11;68.93;67.88;68.57;526511
20111116;67.91;68.31;66.85;66.93;821528
20111117;66.76;67.26;65.38;65.65;1493912
20111118;65.64;66.63;65.54;66.01;1258430
20111121;65.42;66.05;64.74;65.67;1204777
20111122;65.41;65.92;64.65;64.73;1175748
20111123;64.21;64.51;63.43;63.74;1001367
20111125;63.39;64.25;63.21;63.63;599913
20111128;65.25;66.54;65.25;65.87;899991
20111129;65.92;67;65.54;65.6;888304
20111130;67.25;68.54;67.12;68.51;1757724
20111201;68.28;68.4;67.59;67.65;822855
20111202;67.96;68.89;67.82;67.98;685854
20111205;68.93;69.5;68.82;69.5;1032285
20111206;70.22;70.22;68.4;68.54;1352110
20111207;68.19;69.22;67.81;68.81;906825
20111208;68.51;68.51;67.07;67.25;776326
20111209;67.76;68.76;67.5;68.44;626513
20111212;67.93;68.08;66.92;67.66;632542
20111213;68.19;68.53;66.28;66.7;733512
20111214;66.57;67.02;66.22;66.31;732305
20111215;67.14;67.34;66.39;66.69;570432
20111216;66.92;68.26;66.39;66.59;1260558
20111219;67.09;67.49;65.29;65.44;623041
20111220;66.42;68.32;66.29;68.23;909442
20111221;68.42;68.65;67.59;68.49;685976
20111222;68.78;69.87;68.78;69.36;877176
20111223;69.69;70.11;69.52;70.02;492113
20111227;69.9;71.01;69.63;70.73;466177
20111228;70.82;70.92;69.42;69.55;614101
20111229;69.87;70.13;69.39;70.08;501011
20111230;70.22;70.5;69.75;69.78;407131
20120103;71.42;71.76;69.7;69.84;1119831
20120104;69.7;69.7;68.69;68.72;864039
20120105;67.71;67.97;66.5;67.81;1698781
20120106;67.8;68.36;67.67;67.98;724066
20120109;68.04;68.15;67.26;67.58;782464
20120110;68.39;68.94;67.33;67.37;1131310
20120111;67.25;67.67;65.92;66.52;1774703
20120112;66.68;67.03;66.29;66.34;1042940
20120113;66.37;66.86;65.28;66.73;1027200
20120117;67;67.2;66.02;66.47;827649
20120118;66.49;67.33;66.27;67.29;933272
20120119;67.3;68.91;67.28;68.87;1257465
20120120;68.87;68.87;67.36;67.66;1405396
20120123;67.56;68.23;66.79;68.05;1278193
20120124;67.81;67.98;67.24;67.63;1338351
20120125;67.43;68.16;67;68.11;1293902
20120126;68.53;69.89;68.3;69.47;1599299
20120127;69.33;69.36;68.21;68.52;1455943
20120130;68.27;68.3;67.75;67.93;1187238
20120131;68.24;68.94;67.4;68.84;1781277
20120201;64.9;65.2;63.37;64.01;6750482
20120202;64.87;65.49;63.99;64;2778632
20120203;64.78;65;64.29;64.42;1369421
20120206;64.07;64.28;63.88;64.03;1242822
20120207;63.98;64.29;63.48;64.09;944267
20120208;63.99;64.2;63.43;63.6;1149051
20120209;63.84;63.84;63.48;63.65;1351126
20120210;63.26;63.6;62.84;63.5;1179736
20120213;63.77;64.76;63.68;64.75;1033324
20120214;64.45;65.48;64.12;65.48;1728096
20120215;65.55;65.6;63.56;63.59;1847894
20120216;63.84;66.26;63.8;66.2;1610820
20120217;66.05;66.31;65.48;66.11;1289812
20120221;66.38;66.38;65.57;66.12;1048547
20120222;66.2;66.66;65.95;66.24;1227556
20120223;66.16;67.79;66.14;67.5;1138332
20120224;67.8;67.98;67.05;67.21;1106465
20120227;66.86;67.47;66.53;66.93;1309374
20120228;66.99;67.32;66.46;66.94;1093614
20120229;66.57;66.97;66.08;66.17;1451694
20120301;66.33;67.41;66.23;66.85;1262141
20120302;66.72;66.93;66.14;66.22;857102
20120305;66.16;66.27;65.37;65.72;893375
20120306;65.25;65.3;64.68;64.9;1030328
20120307;65.13;65.23;64.53;65.06;739492
20120308;65.43;65.93;65.05;65.76;765221
20120309;65.92;66.39;65.31;66.35;598629
20120312;66.62;66.66;65.43;65.94;722925
20120313;66.35;66.66;65.75;66.4;1271399
20120314;66.39;66.39;65.21;65.35;1093817
20120315;65.32;65.51;64.9;65.35;2096525
20120316;65.14;65.86;64.97;65.67;1740669
20120319;65.66;66.01;65.43;65.62;813822
20120320;65.38;65.46;64.39;64.5;1226856
20120321;64.45;65.09;63.95;65;994161
20120322;64.36;64.64;63.62;64.5;960430
20120323;64.68;64.76;63.88;64.42;606229
20120326;65.11;65.29;64.69;65.19;839066
20120327;65.14;65.37;64.64;65.35;746021
20120328;65.52;65.61;64.63;65.11;719386
20120329;64.82;65;64.06;64.76;1807571
20120330;65.01;65.99;64.78;65.49;1356950
20120402;65.41;66.37;65.33;65.91;1045592
20120403;65.75;66.03;65.09;65.71;628263
20120404;65.12;65.64;64.93;65.52;805819
20120405;65.08;65.5;64.97;65.12;707322
20120409;64.49;64.5;63.5;64;1025086
20120410;63.66;63.7;63.09;63.34;1479341
20120411;63.87;64.58;63.47;64;1145612
20120412;64.26;64.87;63.95;64.53;1642688
20120413;64.2;64.38;63.82;64.13;914017
20120416;64.2;64.96;63.89;64.81;840572
20120417;64.99;66.27;64.93;66.11;1241937
20120418;66.61;67;66.23;66.86;1238396
20120419;66.63;67.31;65.97;66.14;1362112
20120420;65.46;66.75;65.15;66.52;1506535
20120423;66;66;65.15;65.53;935848
20120424;65.87;66.34;65.53;65.83;1185693
20120425;63.93;64.04;60;60.91;8984961
20120426;60.38;60.72;58.73;59.23;3176656
20120427;59.63;59.97;58.91;59.02;2633691
20120430;59.23;60.01;59.11;59.74;2222101
20120501;59.72;61.14;59.22;60.8;2219187
20120502;60.96;62.66;60.51;62.3;4082049
20120503;62.28;62.28;61.27;61.42;2245679
20120504;61.28;61.28;60.24;60.62;1401884
20120507;60.61;61.26;60.25;60.86;1063223
20120508;60.54;61.43;60.23;61.32;1558264
20120509;60.71;60.96;60;60.67;1360703
20120510;60.95;61.36;60.24;60.52;801563
20120511;60.43;61.13;60.29;60.81;827110
20120514;60.25;60.77;60.1;60.45;833657
20120515;60.7;61.22;60.2;60.77;1041725
20120516;61.21;61.46;60.58;60.62;1196029
20120517;60.55;60.92;59.64;59.64;1204911
20120518;59.99;60.16;58.75;58.88;1521025
20120521;59.01;59.88;58.75;59.78;1538951
20120522;60.03;60.37;59.46;59.85;1045845
20120523;59.41;60.53;59.07;60.32;1496956
20120524;60.35;60.52;59.37;59.82;1239135
20120525;59.94;60.06;59.3;59.69;1308738
20120529;60.17;61.16;59.97;60.77;1181855
20120530;60.05;60.07;59.08;59.08;1384386
20120531;58.48;58.83;57.3;58.26;2165716
20120601;57.21;58.15;56.82;56.89;2531670
20120604;56.38;57.1;55.89;56.69;2952748
20120605;56.4;57.02;55.88;56.62;1644014
20120606;57.03;58.16;56.87;58.04;1300286
20120607;58.68;59.26;57.49;57.57;1206881
20120608;57.2;58.06;57.1;57.92;1126288
20120611;58.35;58.57;57.36;57.45;655981
20120612;57.59;57.97;57.14;57.92;847352
20120613;57.81;58.48;57.21;57.29;1075062
20120614;57.57;58.24;57.17;58.02;1140494
20120615;58.22;58.63;57.94;58.56;1195049
20120618;58.22;59.28;58.11;59.01;910075
20120619;59;59.99;58.95;59.81;1021620
20120620;59.93;59.93;58.71;59.31;800080
20120621;59.48;59.64;57.81;57.83;1037309
20120622;57.57;57.69;56.71;57.37;1231784
20120625;56.8;57.05;56.01;56.34;1022944
20120626;56.54;56.65;55.35;56.26;1365420
20120627;56.48;56.97;56.25;56.84;956220
20120628;56.4;56.89;56.02;56.66;1032567
20120629;57.54;58.62;57.43;58.53;979001
20120702;58.78;61.25;58.01;60.85;2851183
20120703;61.51;61.96;60.35;61.86;1644285
20120705;61.97;61.97;61.19;61.44;1183457
20120706;61.17;61.58;60.09;60.51;938876
20120709;60.46;61.11;60.19;60.24;948181
20120710;60.75;60.94;59.71;59.91;1027672
20120711;59.85;60.22;58.99;59.6;891097
20120712;59.18;59.43;58.5;58.95;883104
20120713;59.11;60.48;59.11;60.3;1565521
20120716;60.17;60.28;58.85;58.92;1058918
20120717;57.95;58;56.83;57.95;1556039
20120718;57.86;59.45;57.84;59.24;1334480
20120719;59.39;59.81;59.05;59.53;856168
20120720;59.49;59.49;56.86;56.96;2106777
20120723;55.97;56.69;55.5;56.58;1350788
20120724;56.29;56.58;55.61;56.25;1415229
20120725;54.01;54.19;50.81;52.23;6557567
20120726;52.91;53.56;51.81;52.24;2146517
20120727;52.73;53.66;52.73;53.35;1735192
20120730;53.2;53.66;53.07;53.25;1171298
20120731;52.96;53.43;52.8;52.85;1016841
20120801;52.98;53.19;51.92;52.85;1288898
20120802;52.73;53.25;51.97;53.14;1429112
20120803;54.07;54.27;53.54;53.6;1459631
20120806;54.01;54.04;53.54;53.63;1050836
20120807;54;54.11;53.66;53.74;1084680
20120808;53.5;54.03;53.23;53.9;1359925
20120809;53.91;54.02;53.66;53.8;992568
20120810;53.76;54.34;53.6;54.23;687905
20120813;54.07;54.78;54.03;54.61;1029695
20120814;54.9;55.51;54.57;55.22;1327741
20120815;55.05;55.94;55.02;55.9;772930
20120816;56.13;57.2;55.8;56.67;1620804
20120817;56.92;57.08;56.38;57.04;1344216
20120820;57.01;57.6;56.75;57.44;1089220
20120821;57.4;57.83;57.24;57.41;1740187
20120822;57.32;57.47;56.76;57.26;918527
20120823;57.25;57.25;56.64;56.81;796880
20120824;56.79;57.34;56.64;57.16;785550
20120827;57.18;57.42;56.29;56.53;624042
20120828;56.45;56.53;56;56.1;1153132
20120829;56.29;57.06;56.17;57;1000576
20120830;56.64;56.7;56.23;56.24;1014354
20120831;56.77;57.01;56.45;56.61;889524
20120904;56.68;57.01;56.15;56.63;1052607
20120905;56.38;56.7;55.56;56.37;1329408
20120906;56.77;57.6;56.59;57.06;1151429
20120907;57.29;57.5;56.79;57.45;1830763
20120910;57.44;57.51;57.18;57.34;1061702
20120911;57.36;57.63;57.16;57.47;1282236
20120912;57.47;57.82;57.28;57.46;856932
20120913;57.37;57.62;56.96;57.25;1147873
20120914;56.77;57.49;56.62;57.27;1629814
20120917;57.07;57.46;56.71;56.74;918659
20120918;56.54;56.87;55.91;56.52;921006
20120919;56.7;57.48;56.27;57.4;960753
20120920;57.22;58;56.8;57.55;2281889
20120921;57.5;57.83;57.2;57.62;2149063
20120924;57.14;58.57;57.02;58.57;1298046
20120925;59.14;60.94;58.99;59.05;3297992
20120926;59.67;59.9;58.82;59.06;1757793
20120927;59.17;59.4;58.72;59.27;890967
20120928;59.16;59.16;58.11;58.58;1489935
20121001;58.9;60.32;58.7;59.1;1738529
20121002;59.17;59.33;58.2;58.6;1196910
20121003;58.85;59.89;58.85;59.87;1409150
20121004;59.86;60.29;59.34;59.9;958808
20121005;60.15;61.02;60.06;60.31;998675
20121008;60.58;60.84;59.94;59.99;975694
20121009;59.77;60.44;59.11;59.37;1141778
20121010;59.5;59.95;58.83;59;1152607
20121011;59.49;59.65;58.86;58.9;726320
20121012;59.51;60.91;59.49;59.94;1574699
20121015;60.14;60.53;59.72;60.36;768742
20121016;60.91;61.5;60.41;60.9;1031000
20121017;63;63.16;61.33;61.69;1653995
20121018;61.48;61.68;61;61.4;935621
20121019;61.51;61.58;60.37;60.73;1490123
20121022;60.75;60.88;59.63;59.85;1581839
20121023;60.88;61.29;59.59;60.98;1869557
20121024;58.99;59.8;57.16;57.55;4022902
20121025;57.55;59.36;57.55;59.1;1836975
20121026;59.01;59.62;58.8;59.41;1539101
20121031;59.65;61.14;57.97;60.31;1512006
20121101;60.42;61.86;59.97;61.57;1522389
20121102;62.05;62.05;61.37;61.48;996887
20121105;61.58;62.15;61.15;62.03;809587
20121106;62.16;63.49;62.11;62.92;1318226
20121107;62.05;62.56;61.85;62.22;1395605
20121108;61.97;62.48;61.12;61.5;918559
20121109;61.49;62.19;61.06;61.48;1199612
20121112;61.48;61.76;61.14;61.38;624603
20121113;61.29;62.42;61.24;61.39;1224439
20121114;61.53;61.56;59.68;59.87;1457270
20121115;59.91;60.05;59.34;59.53;1007085
20121116;59.49;59.79;58.63;59.16;1065172
20121119;59.91;60.18;59.28;59.81;1080679
20121120;59.58;60.11;59.52;60.07;628408
20121121;60.09;60.41;59.97;60.22;508664
20121123;60.14;61;59.96;60.98;387001
20121126;60.79;61.48;60.75;61.48;701985
20121127;61.33;61.77;60.73;60.83;956997
20121128;60.56;61.91;60.41;61.73;1114107
20121129;61.98;62.57;61.66;61.97;1228272
20121130;62.22;62.37;61.46;61.74;1357365
20121203;62.03;62.14;60.68;61;780597
20121204;60.98;61.52;60.75;61.02;797526
20121205;61.08;62.1;61.06;61.91;869909
20121206;61.64;61.95;60.42;60.64;969265
20121207;60.78;60.97;60.14;60.6;783347
20121210;60.76;62.05;60.72;61.94;1139589
20121211;62.47;62.81;61.96;62.26;1431970
20121212;62.57;62.65;61.71;61.91;877204
20121213;61.63;62.39;61.27;61.64;605463
20121214;61.73;61.96;61.4;61.52;886776
20121217;61.78;62.19;61.61;62.19;814549
20121218;62.44;63.93;62.28;63.55;1473282
20121219;63.72;64.14;63.39;63.63;987340
20121220;63.53;63.96;63.33;63.76;1039413
20121221;63.01;63.98;62.81;63.6;2277758
20121224;63.25;63.8;63.18;63.32;358535
20121226;63.54;63.88;62.99;62.99;524415
20121227;62.95;63.12;62.33;62.8;786664
20121228;62.34;62.85;62.15;62.15;651107
20121231;62.18;63.25;62.06;63.22;727425
20130102;64.11;64.88;61.65;63.16;3084290
20130103;62.54;63.16;61.93;62.34;2893034
20130104;62.15;63.54;62.07;63.04;1273570
20130107;62.51;63.45;62.5;63.15;1077444
20130108;62.81;63.3;61.81;63.21;1734200
20130109;63.19;64.26;63.01;64.21;1788031
20130110;64.59;64.87;64.04;64.38;1330392
20130111;64.4;64.64;64.28;64.54;866384
20130114;64.56;64.99;64.26;64.8;1166954
20130115;65.03;65.53;64.51;65.35;999513
20130116;65.27;65.36;64.05;64.73;1596196
20130117;64.87;64.94;64.24;64.88;871661
20130118;64.8;65.56;64.63;65.51;1172339
20130122;65.35;66.29;65.25;66.07;911936
20130123;66.05;66.49;65.65;65.75;773916
20130124;66.35;67.85;66.12;67.21;1637390
20130125;67.28;67.49;66.58;67.19;733294
20130128;67.53;67.83;66.9;67.51;1657923
20130129;67.48;67.93;67.1;67.92;921645
20130130;67.68;67.84;66.78;67.14;1034152
20130131;66.78;67.08;65;66.15;2546175
20130201;66.75;67.11;65.99;66.89;1352378
20130204;65.51;66.93;65.51;66.03;1390771
20130205;66.09;67.38;65.09;67.01;2064255
20130206;61.56;61.97;60.01;60.5;6425309
20130207;60.07;60.5;58.75;59.93;4152696
20130208;59.36;59.98;59.13;59.72;2604133
20130211;59.7;59.9;59.19;59.34;1939307
20130212;59.54;59.56;58.94;59.13;1537972
20130213;59.27;59.35;58.45;58.81;2011364
20130214;58.64;58.78;57.93;58.08;1947192
20130215;57.8;58.31;57.59;57.78;2303976
20130219;57.95;58.51;57.43;58.37;1932114
20130220;58.4;58.9;58.2;58.47;1875132
20130221;58.25;58.31;57.46;57.52;1777798
20130222;57.83;58.21;57.71;57.97;986785
20130225;58.19;58.35;56.73;56.77;1302462
20130226;56.92;57.24;55.81;55.98;2095106
20130227;55.98;57.57;55.98;57.19;2017755
20130228;57.19;57.56;56.9;57.02;1993365
20130301;56.74;57.4;56.61;57.06;1566163
20130304;57.06;57.26;56.27;57.06;1839367
20130305;57.17;57.83;57.07;57.54;3039007
20130306;57.6;57.77;57.15;57.23;1390015
20130307;57.37;57.82;56.79;56.93;1503845
20130308;57.16;57.54;56.96;57;1882107
20130311;56.99;57.52;56.95;57;1552154
20130312;57.05;57.81;57.05;57.35;1944410
20130313;57.32;59.16;57.13;59.07;2100590
20130314;59.07;59.34;58.42;59.2;1222075
20130315;58.95;59.4;58.43;59.34;2334465
20130318;58.81;59.78;58.61;59.19;1273254
20130319;59.2;59.56;58.65;59.04;1352052
20130320;59.02;59.29;58.61;58.69;1396193
20130321;58.47;58.75;57.41;57.44;1277837
20130322;57.65;58.24;57.49;58.1;1491861
20130325;58.25;58.74;57.65;58.57;1700173
20130326;58.51;59.15;58.46;59.01;1171284
20130327;58.62;59.17;58.51;59.15;1241059
20130328;59.04;59.48;58.9;59.46;1488394
20130401;59.5;59.69;58.47;58.6;1254427
20130402;59;59;58.45;58.64;1383547
20130403;58.59;58.91;58.07;58.14;1446213
20130404;58.42;58.57;58.08;58.5;1244819
20130405;57.94;59.05;57.57;58.98;1206757
20130408;59.1;59.82;58.6;59.81;1131022
20130409;59.87;60.45;59.41;60.26;1368446
20130410;60.43;61.1;60.22;60.69;1500322
20130411;60.82;61.11;60.33;60.59;849334
20130412;59.35;59.96;57.74;59;2464622
20130415;58.95;58.95;57.26;57.51;1367404
20130416;56.79;57.21;56.13;57.17;1607213
20130417;56.63;56.84;56.02;56.58;1235367
20130418;56.82;56.83;55.94;56.25;1129939
20130419;56.69;56.77;55.68;56.33;1306811
20130422;56.55;57.16;56.02;57.01;833843
20130423;57.15;57.71;57.14;57.41;1199525
20130424;57.68;58.02;57.48;57.65;1296413
20130425;57.94;58.56;57.84;58.2;925836
20130426;58.08;58.76;58.01;58.44;1093692
20130429;58.49;59.02;58.4;58.84;656489
20130430;58.92;59.4;58.42;59.39;1406825
20130501;59.46;59.95;58.81;58.9;1284863
20130502;59.12;59.62;58.96;59.37;944554
20130503;59.87;60.73;59.84;60.47;1430612
20130506;60.41;60.71;60.32;60.37;1633840
20130507;60.38;61.91;60.25;61.56;2061524
20130508;56.65;57.9;56.11;57.26;4612538
20130509;57.19;57.44;55.73;56;6167228
20130510;56.23;57.37;56.06;57;2383108
20130513;56.47;56.58;55.8;56.07;1727942
20130514;56.15;56.87;56.05;56.87;1030623
20130515;56.94;57.86;56.8;57.66;1089579
20130516;57.79;58.4;57.51;57.87;1205205
20130517;58.29;58.33;57.84;58.32;965811
20130520;58.09;58.47;58.08;58.2;837460
20130521;58.33;59.97;58.27;59.87;1829386
20130522;59.87;60.1;58.87;59.11;1802935
20130523;58.92;59.5;58.82;59.49;1019528
20130524;59.06;59.14;58.12;58.7;966260
20130528;59.5;59.58;57.7;57.87;1418212
20130529;57.67;58.06;57.44;57.67;1423651
20130530;57.81;57.99;57.36;57.47;998762
20130531;57.06;57.26;56.45;56.7;2271422
20130603;56.73;57.04;56.38;57.04;1064561
20130604;56.97;57.41;56.25;56.5;1250817
20130605;56.14;56.57;55.95;56.26;1374412
20130606;56.41;56.69;55.88;56.31;955618
20130607;56.81;57.55;56.4;57.16;1252361
20130610;56.12;56.81;55.91;56.81;1577076
20130611;56.32;56.8;56.24;56.5;586007
20130612;56.76;57.11;55.97;56.02;857658
20130613;55.84;56.95;55.84;56.72;1380291
20130614;56.75;57.2;56.38;56.5;1222136
20130617;56.96;57.24;56.44;56.9;1036777
20130618;57.18;57.42;56.71;57.33;1313120
20130619;57.4;57.58;56.52;56.53;1165483
20130620;56.12;56.37;55.31;55.42;1999293
20130621;54.78;55.73;54.48;54.79;5348442
20130624;54.56;54.82;53.74;54.33;2219048
20130625;55.08;55.16;54.37;54.7;1925835
20130626;55.32;55.46;54.73;55.12;1200481
20130627;55.43;56.12;55.33;55.73;1164576
20130628;55.55;56.57;55.5;56.31;2058388
20130701;56.86;57;56.23;56.52;818267
20130702;56.39;56.89;56.11;56.46;919838
20130703;56.19;56.47;55.89;56.37;459013
20130705;56.75;57.41;56.24;57.4;632747
20130708;57.53;58.1;57.35;58.01;870036
20130709;58.17;59.07;58.17;58.39;779005
20130710;58.22;58.72;57.83;58.14;834567
20130711;59.03;59.19;58.66;58.88;963352
20130712;58.51;58.75;57.56;57.83;1361870
20130715;57.94;60.36;57.87;59.94;1899981
20130716;60.16;60.55;59.95;60.23;1509107
20130717;60.53;60.65;59.83;60.05;794629
20130718;60.24;60.82;60.23;60.7;849650
20130719;60.67;60.93;60.42;60.6;705567
20130722;61.12;61.13;60.45;60.54;758795
20130723;60.9;60.9;59.74;59.88;761713
20130724;60.46;60.48;59.28;59.28;871615
20130725;59.26;59.34;58.49;59.18;828826
20130726;58.71;59.44;58.64;59.39;479420
20130729;59.06;59.41;58.87;59.08;392919
20130730;59.25;59.49;58.84;59.2;625865
20130731;59.36;60.27;59.17;59.62;932992
20130801;60.22;61.35;59.37;61.07;1139924
20130802;60.57;60.66;59.22;59.71;1685190
20130805;59.58;59.9;59.1;59.66;749837
20130806;59.5;60.2;59.27;59.58;1624457
20130807;56.04;56.92;55.6;56.31;4337410
20130808;56.35;56.74;56.02;56.73;1372812
20130809;56.88;56.96;56.45;56.79;1088714
20130812;56.59;57.14;56.51;57.06;905987
20130813;57.07;57.17;56.18;56.44;742944
20130814;56.34;56.66;55.59;55.72;952347
20130815;55.54;56.01;55.26;55.88;1151560
20130816;55.75;56.3;55.58;56.13;934429
20130819;56.16;56.3;55.68;56.02;871455
20130820;55.9;56.81;55.67;56.46;819205
20130821;56.41;57.04;56.15;56.6;909260
20130822;56.52;57.22;56.48;56.92;654750
20130823;57.02;57.29;56.82;57.2;915064
20130826;57.9;60.57;57.9;58.83;2685629
20130827;58.18;58.57;57.33;57.61;1241193
20130828;57.58;57.72;57.06;57.47;1184239
20130829;57.51;57.93;57.24;57.43;968201
20130830;57.62;57.63;56.67;56.87;1009905
20130903;57.46;57.7;57.2;57.45;1602961
20130904;57.2;57.59;56.65;57.51;999339
20130905;57.4;58.11;57.13;57.85;1030609
20130906;58.02;58.18;57.24;57.7;1159972
20130909;57.83;58.44;57.83;58.42;1250527
20130910;58.65;59.32;58.63;59.22;1229277
20130911;59.33;60.24;59.01;60;1645686
20130912;59.85;60.05;59.37;59.63;1405896
20130913;59.76;59.89;58.67;59.13;1040421
20130916;59.77;60.32;59.69;60.03;1016430
20130917;59.94;60.77;59.72;60.39;1357588
20130918;60.57;62.09;60.4;61.8;1680308
20130919;61.84;62.25;61.6;61.62;1267063
20130920;61.67;62.46;61.45;62.09;2811519
20130923;61.87;61.98;61.03;61.64;1457640
20130924;61.57;62.14;61.55;61.71;1229001
20130925;61.67;61.75;60.87;60.97;1466281
20130926;61.23;61.5;60.46;60.92;1333265
20130927;60.83;60.97;60.38;60.45;1066051
20130930;59.56;59.85;58.7;59.59;2057755
20131001;59.71;60.12;59.48;59.86;1330141
20131002;59.44;59.54;58.86;59.12;1613795
20131003;58.82;58.98;57.35;57.76;2116182
20131004;57.83;58.55;57.51;58.48;1090614
20131007;57.47;58.61;57.1;58.29;1730290
20131008;58.11;58.17;57.68;57.78;1357678
20131009;57.76;58.13;57.37;58;1316413
20131010;58.42;58.81;57.93;58.55;1331199
20131011;58.27;58.97;58.22;58.9;928395
20131014;58.75;59.61;58.7;59.46;824224
20131015;59.03;59.43;58.45;58.77;1546002
20131016;58.88;59.9;58.78;58.99;1327208
20131017;58.92;59.77;58.66;59.51;1250333
20131018;59.58;60.5;59.5;60.21;1534030
20131021;60.33;60.61;60.05;60.56;933166
20131022;60.68;61.09;60.24;60.72;1109050
20131023;60.56;61.02;60.51;60.9;786137
20131024;60.75;61.67;59.88;61.12;1826173
20131025;61.4;61.4;60.12;60.76;2152852
20131028;60.88;61.26;60.52;60.8;1215210
20131029;60.94;61;60.19;60.91;1199788
20131030;60.88;61.05;60.09;60.27;1545813
20131031;60.32;60.33;59.5;59.74;2419479
20131101;60.05;60.68;59.5;59.94;2066612
20131104;60.68;61.94;60.07;61.73;2904081
20131105;61.32;61.75;60.75;60.93;2872706
20131106;59;60.97;58.88;60.1;3289968
20131107;60.36;60.38;59.44;59.6;2042777
20131108;59.5;59.76;59.28;59.66;1440501
20131111;59.51;59.96;58.96;59.31;2224657
20131112;59.16;59.34;58.9;58.92;2187111
20131113;58.72;59.88;58.54;59.7;1881290
20131114;59.97;60.14;59.7;59.92;1390062
20131115;60.25;60.44;59.69;59.98;2131869
20131118;60.08;60.65;59.95;60.08;1949404
20131119;59.96;59.96;58.53;58.95;3040262
20131120;57.84;58.46;57.48;57.66;3949788
20131121;57.72;58.29;57.39;58.11;1417160
20131122;58.24;58.89;58.16;58.68;1345849
20131125;58.94;59.01;58.52;58.79;1072908
20131126;58.8;59.09;58.45;58.53;1961356
20131127;58.71;58.94;58.48;58.7;1153727
20131129;58.78;59.17;58.59;58.65;569482
20131202;58.81;59.11;58.27;58.48;1614015
20131203;58.22;58.47;57.86;58.14;1639615
20131204;57.87;58.38;57.47;58.25;2175472
20131205;58.19;58.45;58.05;58.27;1264425
20131206;58.48;58.48;57.34;57.89;2457349
20131209;58.08;58.36;57.75;57.91;1365304
20131210;57.97;58.12;57.52;57.72;1464782
20131211;57.56;57.82;57.13;57.37;1872986
20131212;57.34;57.56;57.01;57.13;2123109
20131213;56.93;57.14;56.11;56.4;2896833
20131216;56.64;56.76;55.92;56.2;1995874
20131217;56.19;56.49;55.95;56.37;1795966
20131218;56.39;56.61;55.93;56.49;2085894
20131219;56.47;56.73;56.28;56.48;1625574
20131220;56.4;57.1;56.35;56.54;5227498
20131223;56.87;57.16;56.51;57.04;2337828
20131224;57.22;57.27;56.8;57.04;999549
20131226;57.26;57.32;56.91;57.13;1938389
20131227;57.1;57.78;56.92;57.72;1412752
20131230;57.18;58.43;57.18;58.22;1267515
20131231;58.24;58.55;58.09;58.35;953917
20140102;58.21;58.48;57.61;57.82;1503287
20140103;58.01;58.05;57.07;57.28;1319582
20140106;57.65;57.76;56.52;56.61;2063916
20140107;56.64;57;56.39;56.68;1309774
20140108;56.69;56.74;56.1;56.27;1516868
20140109;56.47;56.7;56.12;56.55;1133349
20140110;56.62;58.27;56.6;57.7;2561461
20140113;57.45;58.14;57.35;57.45;1770975
20140114;57.67;57.99;57.03;57.74;1013348
20140115;57.97;59.45;57.74;59.34;3266586
20140116;58.35;59.69;58.35;59.52;1566975
20140117;59.11;59.49;58.74;59.13;1448898
20140121;59.49;59.7;58.8;59.66;1728587
20140122;59.84;60.31;59.73;60.23;1738193
20140123;59.27;59.73;58.21;59.05;2290031
20140124;58.87;58.92;57.18;57.21;2049549
20140127;57.36;57.86;56.52;57;1431944
20140128;56.92;57.49;56.84;57.45;1784480
20140129;56.96;58.43;56.87;57.63;2240837
20140130;57.94;58.68;57.69;58.28;1655132
20140131;57.53;58.91;57.53;58.54;2069180
20140203;57.91;58.54;57.11;57.73;2807438
20140204;58.11;58.88;57.46;58.64;3265078
20140205;53.47;54.5;52.5;53.16;10199977
20140206;53.06;53.15;52.04;52.48;3896109
20140207;52.91;53.15;52.01;52.39;2923141
20140210;52.38;53.43;52.3;52.93;2233725
20140211;52.84;54.01;52.73;53.87;2225282
20140212;53.94;54.54;53.67;53.79;1666048
20140213;53.59;54.08;53.5;54.03;1572829
20140214;53.89;54.68;53.84;54.64;1367426
20140218;54.72;55.17;54.33;54.42;1735969
20140219;54.4;54.86;53.69;53.77;1641099
20140220;53.72;54.36;53.45;54.16;1463720
20140221;54.27;54.67;54.1;54.12;1539271
20140224;54.19;54.48;53.33;53.34;1957501
20140225;53.11;53.53;52.2;52.42;2605593
20140226;52.47;52.77;52.25;52.52;1460504
20140227;52.41;52.55;52.04;52.36;1491290
20140228;52.37;52.4;51.62;51.86;1823057
20140303;51.67;51.99;51.32;51.75;1867679
20140304;52.1;52.43;51.97;52.18;1613582
20140305;51.69;51.92;51.39;51.76;1620460
20140306;52.04;52.54;51.77;52.45;1408076
20140307;52.67;52.81;52.08;52.27;1244719
20140310;52.35;52.67;52.04;52.57;1005013
20140311;52.65;52.74;52.19;52.38;1189044
20140312;52.24;52.54;51.95;52.45;1804451
20140313;52.71;52.81;51.86;52.08;1799276
20140314;51.85;52.22;51.02;51.14;2377893
20140317;51.49;51.56;50.98;51.07;1727840
20140318;51.34;51.34;50.9;50.96;1755350
20140319;50.83;50.9;50.22;50.54;2591016
20140320;50.47;50.71;50.21;50.63;1260285
20140321;50.33;51.16;50.33;51.03;3075230
20140324;51.07;51.35;50.39;50.9;1429881
20140325;51.22;51.55;51.07;51.1;1480096
20140326;51.26;51.4;50.64;50.65;1213572
20140327;50.62;51.08;50.38;51;1835432
20140328;51.13;51.59;50.75;50.89;1439064
20140331;51.75;52.71;51.41;52.39;2681042
20140401;52.71;52.72;51.1;52.16;2969892
20140402;52.14;53.03;52.07;52.97;1702262
20140403;52.99;53.31;52.82;53.03;1721943
20140404;53.25;53.27;52.29;52.41;1190000
20140407;52.45;52.59;52.02;52.04;1231258
20140408;52;52.41;51.79;52.19;1279215
20140409;52.47;53;52.4;52.95;1447262
20140410;53.02;54.32;53;53.8;3486177
20140411;54.4;55.13;53.92;54.87;4514190
20140414;55.39;55.7;55.15;55.63;2946424
20140415;55.61;56.07;54.78;55.6;2197063
20140416;55.75;56.37;55.53;56.32;2194243
20140417;56.49;56.89;56.19;56.74;1725978
20140421;56.89;57.05;56.7;57.03;1002144
20140422;57.08;57.89;56.79;57.7;1461040
20140423;57.71;58;57.53;57.68;1301706
20140424;58.62;58.62;56.91;56.92;2142384
20140425;56.89;56.95;56.07;56.28;2013739
20140428;56.57;57.21;56.17;56.49;2182243
20140429;56.66;56.95;55.76;55.99;3166175
20140430;59.05;60.19;58.58;58.9;6559561
20140501;58.88;58.97;58.31;58.68;1647373
20140502;58.51;58.88;58.21;58.45;1459843
20140505;58.02;58.37;57.83;58.2;1028536
20140506;58.25;58.43;57.93;58.14;1187414
20140507;58.37;58.7;57.97;58.22;1272488
20140508;58.1;58.56;58.07;58.39;1779147
20140509;58.38;58.5;58.04;58.3;861872
20140512;58.71;59.12;58.45;59.01;1209685
20140513;59.01;59.49;58.74;59.06;1829526
20140514;58.86;58.95;58.49;58.75;1038989
20140515;58.58;58.91;58.22;58.85;1016845
20140516;58.86;58.97;58.42;58.88;918271
20140519;58.52;59.58;58.52;59.52;1009828
20140520;59.35;59.35;58.82;59.11;871574
20140521;59.11;59.41;59.06;59.32;886250
20140522;59.32;59.72;59.08;59.55;946550
20140523;59.57;59.71;59.18;59.63;587630
20140527;59.88;59.95;58.97;59.26;1458521
20140528;59.38;59.98;59.13;59.71;1451105
20140529;59.78;59.97;59.52;59.94;914679
20140530;59.96;59.96;59.5;59.86;1431085
20140602;59.9;60.06;59.4;59.78;1312471
20140603;59.66;59.86;59.57;59.72;1150263
20140604;59.23;59.45;59.09;59.38;1052146
20140605;59.6;60.47;59.47;60.44;1996471
20140606;60.39;61.21;60.33;61.17;1852600
20140609;61.04;61.37;60.79;60.91;1395582
20140610;60.91;61.75;60.72;61.73;1492686
20140611;61.57;62.09;61.27;61.91;2172521
20140612;61.58;61.98;61.48;61.82;1857879
20140613;61.88;62.06;61.65;62.01;861326
20140616;61.93;62.5;61.72;62.46;1198603
20140617;62.48;62.55;62.01;62.24;1389146
20140618;62.39;63.66;62.3;63.53;2157233
20140619;63.43;63.71;63.24;63.69;1254023
20140620;64.03;64.09;63.58;63.92;2777204
20140623;64.03;64.04;63.66;63.81;1183795
20140624;63.56;64.04;62.92;62.96;1636766
20140625;62.96;63.6;62.91;63.5;1118775
20140626;63.47;63.73;62.88;63.73;949062
20140627;63.6;63.97;63.38;63.8;901363
20140630;62.6;63.82;62.6;63.79;971488
20140701;64.07;64.28;63.52;63.53;1186835
20140702;63.59;64.39;63.3;64.13;1310407
20140703;64.36;64.39;63.93;64.38;751376
20140707;64.19;64.28;63.91;64.11;1407122
20140708;64;64.32;63.34;63.39;1846020
20140709;63.79;64.3;63.79;64;1251778
20140710;63.09;63.73;63.09;63.46;1553015
20140711;63.49;63.67;63.29;63.44;892186
20140714;63.64;63.98;63.55;63.74;1467761
20140715;63.97;64.58;63.77;64.31;2109541
20140716;64.49;65.21;64.25;65.2;1434907
20140717;64.77;65.03;64.1;64.15;1386393
20140718;64.28;64.9;64.01;64.87;1203253
20140721;64.73;65.65;64.6;65.48;2290045
20140722;65.94;66.13;65.67;65.96;1195064
20140723;65.91;66.5;65.7;66.11;985631
20140724;66.13;66.65;65.98;66.52;903314
20140725;66.44;66.69;66.08;66.21;746308
20140728;66.08;66.15;65.42;65.61;884225
20140729;65.6;65.61;64.36;64.41;2077963
20140730;68;69.5;65.73;68.53;5014493
20140731;68;68.72;67.32;67.46;3121121
20140801;67.45;68.03;67.14;67.7;2656676
20140804;68.07;68.72;67.53;68.46;6262767
20140805;68.46;68.55;67.06;67.32;3051666
20140806;67.07;67.07;66.05;66.22;2286862
20140807;66.64;67.02;65.88;66.67;1446092
20140808;66.76;67.46;66.26;67.39;1506164
20140811;67.46;68.12;67.46;67.51;1046403
20140812;67.49;67.95;67.42;67.71;776570
20140813;68.08;68.14;67.23;67.5;1488239
20140814;67.74;67.89;66.96;67.22;1544091
20140815;67.64;67.67;66.68;67.17;2409235
20140818;67.46;68.29;67.46;68.15;1081570
20140819;68.32;68.72;68.17;68.63;1050974
20140820;68.42;68.89;68.23;68.66;1069100
20140821;68.66;68.88;68.41;68.62;896557
20140822;68.57;68.73;68.24;68.45;697960
20140825;68.75;68.99;68.5;68.56;832830
20140826;68.61;68.86;68.31;68.45;1445459
20140827;68.57;68.57;67.99;68.22;629763
20140828;68.16;68.31;67.73;68.06;994653
20140829;68.49;68.58;68.09;68.26;795595
20140902;68.34;68.5;68.08;68.37;987408
20140903;67.57;67.57;66.63;66.9;2892236
20140904;66.97;67.47;66.92;67.33;1474713
20140905;67.48;67.85;66.94;67.76;1048050
20140908;67.84;68.12;67.39;67.51;679483
20140909;67.51;67.69;66.72;66.91;1100265
20140910;66.74;67.02;66.46;66.73;777097
20140911;66.57;67.03;66.43;66.99;1338117
20140912;67.07;67.28;66.83;67.17;858236
20140915;67.14;67.28;66.6;67.05;779221
20140916;67.09;67.3;66.86;67.2;1157161
20140917;67.41;68.22;67.25;68.08;1308803
20140918;68.08;68.28;67.84;68.23;1188599
20140919;68.28;68.57;67.36;67.82;1716259
20140922;67.58;67.58;66.67;66.74;782561
20140923;66.63;66.82;66.27;66.44;939632
20140924;66.36;66.77;66.05;66.69;1035433
20140925;66.5;66.62;65.49;65.56;1109489
20140926;65.61;66.37;65.6;66.35;1014671
20140929;65.86;66.63;65.63;66.45;1222829
20140930;66.29;66.7;66.04;66.32;1412294
20141001;66.18;66.32;65.15;65.19;1618353
20141002;65;66.2;64.59;66.1;1924495
20141003;66.52;67.45;66.41;67.24;1416165
20141006;67.4;68.02;66.68;66.73;797704
20141007;66.48;66.48;65.42;65.43;836950
20141008;65.23;66.33;64.81;66.28;849786
20141009;66.25;66.65;65.03;65.2;966849
20141010;65.17;65.38;64.18;64.62;1207322
20141013;64.15;65.17;63.42;63.45;1496640
20141014;64.95;66.19;64.63;65.58;1516660
20141015;65.46;67.31;64.79;67.1;2267156
20141016;66.23;67.44;65.52;66.86;1461792
20141017;67.46;68.15;67.21;67.98;1254304
20141020;67.7;69;67.7;68.99;1548079
20141021;69.19;70.15;68.85;69.93;1113595
20141022;70.11;70.5;69.51;69.53;1365466
20141023;70.42;71.22;69.99;70.61;1061277
20141024;71.01;71.31;70.49;71.15;1083070
20141027;70.39;72.14;69.8;71.7;2279424
20141028;71.7;72.57;71.6;72.34;2794990
20141029;74.35;74.95;71.77;72.1;3934784
20141030;70.57;72.1;68.57;69.22;3322083
20141031;70.1;70.18;68.28;69.21;2359009
20141103;69.28;69.44;67.88;68.69;1960947
20141104;68.93;70.62;68.84;70.12;3034515
20141105;70.77;71.87;69.96;71.45;2198151
20141106;71.34;71.98;70.83;71.6;1708499
20141107;71.91;71.91;70.92;71.46;1012794
20141110;71.41;72.23;70.95;72.17;1301319
20141111;72.12;72.15;71.42;71.75;799109
20141112;71.61;73.01;71.43;72.86;1485974
20141113;72.28;73.12;72.28;73.11;1126874
20141114;73.21;73.76;72.81;73.07;1151004
20141117;72.78;73.17;72.49;72.52;988122
20141118;72.63;72.96;72.35;72.54;1149351
20141119;72.37;72.64;71.43;71.48;1443990
20141120;71.4;72.49;71.25;72.29;1792565
20141121;73.22;73.33;72.66;72.82;1286643
20141124;72.87;73.05;72.48;72.62;1022205
20141125;72.82;73.33;72.7;73.04;1002356
20141126;73.11;73.68;73.02;73.4;834595
20141128;74.44;74.92;73.47;73.74;856469
20141201;73.39;73.67;72.31;72.51;1044796
20141202;73.1;73.94;72.71;73.61;1532487
20141203;73.58;74.72;73.49;74.57;1479573
20141204;74.57;74.9;73.99;74.45;1145319
20141205;74.65;75.2;74.37;74.63;1448777
20141208;74.25;74.77;73.87;74.07;1452299
20141209;73.57;73.76;72.55;73.25;1573385
20141210;72.84;73.18;71.75;71.81;1804040
20141211;71.83;72.92;71.79;72.48;1438847
20141212;72.23;72.84;71.88;72.28;1375529
20141215;72.78;73.23;72.05;72.18;1181247
20141216;72.26;73.15;71.9;71.92;832806
20141217;71.65;71.94;69.14;71.88;2196084
20141218;72.64;74.15;72.21;74.07;1424935
20141219;74.17;76.38;74.17;76.31;3423824
20141222;76.28;76.83;75.73;76.81;1663080
20141223;77.11;77.37;76.74;77.02;701682
20141224;77.13;77.38;76.69;77.16;426887
20141226;77.25;77.49;76.67;76.75;653041
20141229;76.5;76.74;75.91;76.39;658012
20141230;76;76.43;75.62;75.69;1061749
20141231;76.04;76.25;74.85;74.89;1064536
20150102;74.85;75.24;73.02;73.84;2056053
20150105;73.37;73.37;70.32;70.6;8424769
20150106;71.9;71.95;69.23;69.68;3893890
20150107;69.83;70.32;69.23;69.71;2067860
20150108;70.67;72.9;70.63;72.84;3020740
20150109;72.8;73.13;71.72;72.06;1246048
20150112;72.46;73.56;71.98;72.9;1424160
20150113;73.36;74.69;73.03;73.61;1776340
20150114;73.02;73.47;72.38;72.97;1205437
20150115;73.23;73.52;72.29;72.51;1142922
20150116;72.51;73.54;72;73.45;840113
20150120;73.65;73.82;72.33;72.87;1151862
20150121;72.58;73.49;72.31;72.82;932930
20150122;73.29;74.9;73.04;74.73;1132539
20150123;74.52;74.88;74.07;74.12;919747
20150126;73.83;74.68;73.52;74.64;708073
20150127;73.76;74.11;73.01;73.74;1124315
20150128;74.09;74.42;72.87;72.94;992631
20150129;72.86;73.38;71.92;73.31;1591569
20150130;72.63;73.11;70.98;71.22;2436400
20150202;72.01;73.58;71.69;73.44;4363698
20150203;74.64;75.49;73.25;75.23;9185898
20150204;72;72;67.11;70.5;10238706
20150205;70.65;71.47;70.36;70.97;3350750
20150206;71.2;71.21;70.34;70.51;2365765
20150209;70.38;70.59;69.84;70.5;1914349
20150210;70.9;71.48;70.36;71.15;1757573
20150211;71.24;71.96;71.17;71.25;1825544
20150212;71.55;72.13;71.33;71.83;1415970
20150213;72.09;72.74;71.93;72.58;1367027
20150217;72.32;72.47;71.65;71.81;1005122
20150218;71.49;72.4;70.62;71.38;1243290
20150219;71.38;72.39;70.99;71.84;904132
20150220;71.61;72.6;71.05;72.5;965650
20150223;72.53;73.2;72.35;73.14;885096
20150224;73.05;74;72.78;73.98;1182146
20150225;74.16;74.55;73.48;73.55;1105629
20150226;73.62;74.26;73.15;74.21;1289124
20150227;74.1;74.59;73.76;74.3;1620513
20150302;74.4;74.46;73.41;73.6;2058351
20150303;74.52;75.21;74.25;74.67;3108826
20150304;74.16;74.23;73.73;73.96;1301101
20150305;74.01;74.31;73.6;74.12;932294
20150306;73.56;74.11;73.39;73.58;1139675
20150309;73.52;74.19;73.37;73.91;973171
20150310;73.16;73.17;72.32;72.49;1662287
20150311;72.02;72.55;71.66;72.48;1676582
20150312;72.66;74.07;72.61;73.97;1125478
20150313;73.82;74.02;73.02;73.45;1370025
20150316;74.7;75.43;73.99;75.35;1976358
20150317;74.69;75.09;74.21;74.66;1165708
20150318;74.23;75.39;73.76;75.19;1205976
20150319;75.14;75.46;74.78;75.16;1493391
20150320;75.65;76.06;75.05;75.4;3329139
20150323;75.96;76.18;75.67;75.74;2063580
20150324;75.59;76.01;74.81;75.06;2802396
20150325;75.06;75.23;73.3;73.31;1560864
20150326;72.88;73.56;72.43;73.14;1592817
20150327;73.06;73.25;72.77;73.03;1467816
20150330;73.11;73.7;72.8;73.2;1701299
20150331;73.09;73.79;72.65;73.22;1427276
20150401;72.85;73.09;71.92;71.99;1441007
20150402;72.15;72.33;71.25;71.33;2028538
20150406;70.84;71.62;70.65;71.28;1449749
20150407;71.43;72.03;71.16;71.41;1211497
20150408;71.11;71.88;70.34;71.22;1214136
20150409;71.19;71.87;71.19;71.64;1140448
20150410;71.83;72.27;71.51;72.06;1039479
20150413;71.85;71.9;70.23;70.37;1490002
20150414;70.13;71.1;69.58;70.78;1600214
20150415;70.75;71.22;69.84;70.23;1583984
20150416;70.03;70.17;69.38;69.51;1106692
20150417;68.72;68.96;68.36;68.57;1847306
20150420;69.07;70.7;68.86;70.09;1567438
20150421;70.18;70.87;70.03;70.54;1353847
20150422;70.49;70.65;70.02;70.43;927197
20150423;70.06;71;70.04;70.62;937026
20150424;70.85;70.92;70.23;70.65;1028851
20150427;67.5;69.96;67.27;68.94;5273600
20150428;66.15;66.5;64.94;65.73;6254526
20150429;64.83;65.36;64.01;64.72;3014379
20150430;64.42;64.72;64.01;64.39;2555544
20150501;64.72;65.39;64.51;64.74;1896001
20150504;65.83;66.52;65.31;66.08;3001252
20150505;65.68;66.01;63.96;63.99;1803861
20150506;64.45;64.76;63.87;64.55;1638997
20150507;64.44;65.95;64.44;65.23;1755167
20150508;65.89;66.84;65.66;65.7;1856033
20150511;65.43;66;65;65.27;1234202
20150512;64.97;65.22;64.6;64.99;1130823
20150513;64.95;65.55;64.42;64.54;1133603
20150514;64.9;64.91;64.1;64.38;1563943
20150515;64.55;65.09;64.26;64.52;1043532
20150518;64.53;65.53;64.34;65.41;1402492
20150519;65.41;65.77;64.78;64.86;1260687
20150520;64.83;64.92;63.86;63.91;904698
20150521;63.94;64.49;63.74;64.26;1543701
20150522;64.08;64.21;63.82;64.03;1066926
20150526;63.39;63.59;62.68;62.93;1893288
20150527;62.98;63.55;62.58;63.36;1290649
20150528;63.31;63.57;62.27;62.5;1618058
20150529;62.35;62.69;61.55;61.73;2290911
20150601;62.04;62.29;61.46;62.11;1615872
20150602;61.65;62.33;61.46;61.64;3272268
20150603;61.97;64.98;61.9;64.62;3306960
20150604;64.09;64.29;63.14;63.35;2388952
20150605;63.07;64.41;63.07;64.18;2217296
20150608;63.96;64;63.21;63.35;1609562
20150609;63.15;64.65;63.06;63.77;2153683
20150610;63.95;64.54;63.7;63.82;1148102
20150611;63.89;64.44;63.6;64.32;1102513
20150612;63.99;64.17;63.14;63.7;1500845
20150615;63.22;63.81;62.78;63.75;1344642
20150616;63.63;64.09;63.52;63.93;1674101
20150617;63.92;64.29;63.69;64.03;1580670
20150618;64.29;65.45;64.15;64.8;2004893
20150619;64.76;64.88;64.06;64.21;1419736
20150622;64.66;64.8;64.06;64.16;778155
20150623;64.7;64.7;63.58;63.77;718767
20150624;63.92;64.12;62.57;62.6;1170663
20150625;62.74;63;62.37;62.47;1087163
20150626;62.7;63.28;62.45;63.04;1332946
20150629;62.46;62.97;61.68;61.69;1239360
20150630;62.36;63.74;62.07;62.39;1400969
20150701;62.79;62.94;62.21;62.27;1254039
20150702;62.53;63.14;62.39;63.06;1604782
20150706;62.17;63.06;61.9;62.16;1141928
20150707;62.3;63.26;61.99;63.2;1494204
20150708;62.65;62.97;61.64;61.89;1283836
20150709;62.72;63.11;62.16;62.16;971898
20150710;62.78;63.81;62.37;63.55;1265310
20150713;63.73;64.93;63.67;64.83;1199921
20150714;64.79;64.86;64.09;64.32;1183286
20150715;64.4;64.64;62.88;63.04;1324228
20150716;63.32;63.79;63.11;63.32;949185
20150717;63.26;64.1;62.9;63;1258419
20150720;63.04;63.75;62.94;63.67;866078
20150721;63.76;65.66;63.45;65.39;2126626
20150722;65.27;66;65.11;65.25;1704190
20150723;65;65.11;64.3;64.42;1105258
20150724;64.45;64.84;63.98;64.31;989534
20150727;63.86;64.93;63.86;64.76;1285988
20150728;64.8;66.88;64.39;66.73;2039359
20150729;70;71.34;69.11;69.85;3464914
20150730;69.44;70.01;69;69.87;2483069
20150731;70.32;70.59;69.65;70.15;1433716
20150803;70.14;70.94;70.02;70.72;1554528
20150804;70.81;71.38;70.01;70.42;2144804
20150805;71.09;71.5;70.19;70.31;1329265
20150806;70.55;70.58;69.02;69.67;1278012
20150807;69.56;69.56;68.23;68.85;1235129
20150810;69.51;69.94;69.22;69.58;790201
20150811;69.19;70.04;68.87;69.84;1065630
20150812;69.16;69.2;68.42;69.1;1670993
20150813;69.03;69.27;68.59;68.71;813010
20150814;68.85;69.47;68.66;69.4;678930
20150817;69.21;69.72;68.54;69.69;976651
20150818;69.72;70.37;69.48;69.75;1151983
20150819;70.06;71.15;69.22;70.83;1780740
20150820;70.02;70.32;69.13;69.22;1671040
20150821;68.36;68.86;67.09;67.24;1545765
20150824;65.17;66.81;64.09;65.16;3481531
20150825;65.87;66.45;64.09;64.14;2283243
20150826;65.74;67.31;65.53;67.26;2446983
20150827;67.7;68;66.78;67.82;1545098
20150828;67.69;68.05;66.71;67.24;1917880
20150831;66.97;68.1;66.59;67.43;1336251
20150901;66.08;67.08;65.74;66;1640641
20150902;67.29;68.75;66.93;68.74;3147423
20150903;68.72;69.37;68.08;68.2;1390103
20150904;67.42;68.23;67.32;67.7;1207529
20150908;68.76;69.12;68.17;68.94;1287317
20150909;69.51;69.59;68.58;68.83;1155098
20150910;68.33;69.48;68.16;69;1479345
20150911;68.79;69.07;68.21;68.68;1364054
20150914;69.09;69.43;68.39;68.6;751190
20150915;68.7;69.64;68.47;69.49;1074796
20150916;69.46;69.92;69.1;69.79;988436
20150917;69.84;69.99;68.89;69.03;1032810
20150918;68.17;68.34;67.45;67.57;2349950
20150921;67.81;68.86;67.57;68.52;695795
20150922;67.56;67.84;66.45;66.86;1105284
20150923;66.82;67.57;66.53;67.4;1376227
20150924;67.24;67.94;66.46;67.53;2097418
20150925;67.65;68.8;67.19;68.53;1410631
20150928;68.73;69.44;67.82;67.86;1758928
20150929;67.71;68.24;67.62;68.15;2089001
20150930;67.58;68.36;67.41;67.78;2064235
20151001;68.16;68.23;66.89;67.71;1675053
20151002;66.81;68.83;66.53;68.81;1565077
20151005;69.18;70.38;68.95;70.04;1397629
20151006;70.28;70.29;69.33;70.24;1225177
20151007;70.25;71.02;69.8;70.18;2008683
20151008;70.04;71.06;69.42;70.89;1710300
20151009;71.12;72.39;70.85;71.71;1979109
20151012;72.08;72.29;71.41;72;895488
20151013;71.85;72.2;71.29;71.35;1012284
20151014;71.61;72.01;70.65;70.96;1340787
20151015;71.25;72.52;70.37;72.3;1098124
20151016;71.27;72.62;71.27;71.75;818560
20151019;71.49;72.31;71.23;71.9;827158
20151020;71.69;72.61;71.69;72.13;861648
20151021;72.48;72.97;71.78;71.86;1120883
20151022;72.35;73.22;72.31;72.72;1563224
20151023;73.24;73.27;72.37;72.79;1229547
20151026;73.08;73.34;72.08;72.5;1176465
20151027;71.57;72.91;69.81;69.99;3199434
20151028;70.72;70.97;66.54;67.99;3932288
20151029;67.9;69.49;67.67;69.38;1882235
20151030;69.31;69.79;68.92;69.38;1333996
20151102;69.38;70.33;69.38;70.24;978579
20151103;70.16;70.38;69.75;70.14;705785
20151104;69.97;70.26;68.3;68.71;1281392
20151105;68.77;68.91;67.73;68.3;1215038
20151106;68.55;68.73;67.62;68.72;1029089
20151109;68.35;68.57;67.19;67.82;973302
20151110;67.63;69.09;67.63;68.75;928791
20151111;68.93;69.25;68.34;68.75;560086
20151112;68.25;69.05;67.43;67.48;791143
20151113;67.38;67.83;66.69;67.02;707930
20151116;67.18;67.65;66.67;67.41;770378
20151117;67.34;68.76;66.6;67.83;830498
20151118;67.84;68.39;67.54;68.28;835279
20151119;68.19;69.03;67.92;68.31;825623
20151120;68.58;69.55;68.03;68.53;728182
20151123;68.79;69.06;68.17;68.25;977750
20151124;68.12;69.72;67.67;68.22;844384
20151125;68.43;68.84;68.21;68.61;700813
20151127;68.66;69.32;68.66;68.86;348531
20151130;68.84;69.45;67.38;67.43;1100796
20151201;67.74;68.46;67.21;67.95;828933
20151202;64.87;65.31;62.82;63.58;6043135
20151203;63.35;64.21;61.89;62.22;4134687
20151204;62.09;63.19;62.09;62.8;2946393
20151207;62.51;63.05;61.71;62.08;1868149
20151208;61.56;61.87;59.71;60.51;3412459
20151209;60.64;61.77;60.12;60.55;1811921
20151210;60.64;61.66;60.23;61.51;2173031
20151211;60.92;62.11;60.61;62;2767015
20151214;62;62.18;61.15;61.68;2361432
20151215;61.9;63.21;61.21;62.61;2628900
20151216;63.53;64.47;63.5;64.27;2123599
20151217;64.48;65.1;64.19;64.2;2634744
20151218;63.68;63.84;61.77;62.36;7190966
20151221;63.01;63.08;61.94;62.5;1284461
20151222;62.87;63.42;62.46;63.4;1269240
20151223;63.61;64.13;63.38;63.98;1275306
20151224;63.96;64.54;63.29;63.53;571681
20151228;63.39;63.53;62.57;63.18;811523
20151229;63.73;63.73;62.33;63.19;994990
20151230;62.88;63.4;62.3;62.36;1502132
20151231;62.23;62.64;61.86;62.02;1614006
20160104;61.09;62.02;60.31;61.79;3072337
20160105;61.69;63.92;61.11;63.47;3966989
20160106;62.33;63.43;62.05;63.16;2929004
20160107;64;64.08;62.67;63.09;3114636
20160108;63.24;63.88;62.85;63.12;2448836
20160111;63.07;63.26;61.11;61.75;1868457
20160112;61.99;63.2;61.95;62.98;1410057
20160113;63.06;63.59;62.49;62.69;2142958
20160114;62.84;63.53;62.05;63.13;1691073
20160115;61.93;63.93;61.85;63.56;2358425
20160119;64.48;64.49;62.95;63.66;1469507
20160120;62.77;64.32;62.18;63.73;1437690
20160121;64.3;65.23;63.72;64.51;1999157
20160122;65.09;65.5;64.03;64.23;1832445
20160125;62.75;64;62.61;62.72;2699457
20160126;63.1;64.35;62.73;64.07;2391755
20160127;64;65.11;63.05;63.18;1995579
20160128;63.55;64.17;62.72;63.05;1966839
20160129;63.26;64.78;63.05;64.77;1821877
20160201;64.05;65.63;63.94;65.21;1844335
20160202;64.38;65.21;62.92;63.48;2705732
20160203;65.21;66.61;64.27;64.91;3450218
20160204;65.68;67.47;65.12;67.45;2291970
20160205;66.96;68.88;66.51;68.08;3083909
20160208;67.68;69.61;67.66;69.52;2430104
20160209;68.78;70.4;68.42;69.69;1859919
20160210;69.79;70.66;68.58;68.63;2082294
20160211;68;69.15;67.7;68.83;1588235
20160212;69.12;70.37;69.12;70.16;1520512
20160216;70.16;71.62;69.93;71.21;1691125
20160217;71.24;71.88;70.38;70.84;1656009
20160218;70.69;71.11;70.1;70.96;1248175
20160219;70.69;70.69;69.24;70.48;2010427
20160222;71.42;71.87;69.7;70.07;2660523
20160223;69.37;70.06;68.99;69.53;1371323
20160224;69.2;70.36;68.97;70.23;1532949
20160225;70.26;70.31;69.11;70.16;1353936
20160226;70.36;70.67;69.97;70.35;1145807
20160229;70.11;70.74;69.74;69.83;1631093
20160301;70.79;70.94;69.99;70.74;2089570
20160302;70.54;71.69;70.18;71.41;2525328
20160303;71.14;71.96;70.98;71.51;1487669
20160304;71.21;73.5;71.21;72.68;2288788
20160307;71.48;72.14;70.42;71.6;1667920
20160308;71.44;72.33;71.12;71.63;1152955
20160309;71.26;72.23;70.55;71.42;899907
20160310;71.86;72.07;70.57;71.51;1674559
20160311;72.02;72.7;71.86;72.63;969249
20160314;72.55;72.98;72.09;72.46;884248
20160315;72.17;73.47;71.88;73.07;1459422
20160316;72.57;73.41;72.33;73.11;1119770
20160317;73.37;74.66;72.81;73.83;1158141
20160318;74.12;75.11;73.73;74.34;1972977
20160321;73.99;74.34;73.12;73.65;1014183
20160322;72.97;73.81;72.97;73.48;718503
20160323;73.48;73.9;73.18;73.48;728499
20160324;73.09;73.77;73.09;73.74;608946
20160328;73.89;74.23;73.37;74.04;819042
20160329;73.99;74.63;73.68;74.5;767745
20160330;74.69;74.94;74.13;74.55;612107
20160331;74.38;74.5;73.8;74.23;1168791
20160401;73.72;73.78;72.62;73.65;1313228
20160404;73.72;74.62;73.29;73.47;1037448
20160405;72.87;74.13;72.87;73.53;781406
20160406;73.35;73.67;72.9;73.66;882674
20160407;73;73.06;71.12;71.85;2129688
20160408;72.18;72.86;71.66;71.84;1014181
20160411;71.97;72.58;71.52;71.77;1361078
20160412;72.03;72.7;71.46;72.49;1260388
20160413;72.68;73.57;72.42;72.95;871251
20160414;73.01;73.31;72.43;72.9;767973
20160415;73.41;74.52;73.2;73.51;1368437
20160418;73.47;74.52;73.34;74.11;991914
20160419;74.47;75.3;74.11;75.23;1333977
20160420;75.32;75.65;74.69;74.73;1085774
20160421;74.55;75.29;74.21;74.31;716200
20160422;74.45;74.98;74.29;74.56;639117
20160425;74.86;75.09;74.32;74.6;890934
20160426;74.57;76.1;74.3;75.71;1486697
20160427;71.66;73.58;70.08;71.81;3508580
20160428;70.94;71.61;69.84;70.83;2433812
20160429;70.75;71.2;70.39;70.97;1398210
20160502;71.27;71.97;71.16;71.81;1375991
20160503;71.15;71.38;70.48;70.84;1185790
20160504;70.52;71.97;70.34;71.74;1789679
20160505;71.71;71.96;70.73;70.85;845450
20160506;70.95;72.91;70.64;72.82;1789637
20160509;72.5;73.26;72.21;73.14;1038939
20160510;73.69;73.83;72.78;73.05;1065926
20160511;72.84;73.2;72.33;72.59;941941
20160512;72.52;72.99;72;72.47;840858
20160513;72.56;72.75;71.83;72.31;1111246
20160516;72.44;72.83;71.65;72.44;840472
20160517;72.06;73.7;71.87;72.78;1162629
20160518;72.61;73.41;72.22;73.15;1282697
20160519;72.58;73.38;72.5;73.1;828887
20160520;73.53;74.49;73.53;74.32;1093561
20160523;74.06;74.53;74.06;74.36;846422
20160524;74.42;74.99;74.03;74.69;1134948
20160525;74.94;75.07;74.48;74.81;1161927
20160526;75.1;75.37;74.73;74.97;806651
20160527;74.99;75.44;74.79;75.18;1108291
20160531;75.41;75.78;74.36;74.98;4326769
20160601;74.56;74.66;73.75;74.25;827732
20160602;74.23;74.3;73.7;73.79;1064505
20160603;73.26;73.42;72.96;73.36;2471154
20160606;74.16;74.16;73;73.22;1340747
20160607;73.13;73.16;72.77;72.95;1284626
20160608;72.95;73.7;72.81;73.67;1759496
20160609;73.77;74.25;73.21;74.11;1689312
20160610;73.56;73.69;72.88;72.99;1032386
20160613;73.07;73.33;72.88;72.98;972556
20160614;73.02;73.14;72;72.47;1238049
20160615;72.48;73.33;72.34;72.52;1389902
20160616;72.46;72.46;71.26;72.09;1487573
20160617;71.77;72.03;71.4;71.98;2029472
20160620;72.68;73.11;72.49;72.54;747719
20160621;72.46;72.55;71.56;72.09;930865
20160622;72.1;72.43;71.55;71.86;1179244
20160623;71.91;72.26;71.67;71.92;1402015
20160624;70.32;71.96;70.15;71.64;2208963
20160627;71.34;72.49;71.24;72.18;2021803
20160628;72.24;73.44;72.18;73.42;1648236
20160629;73.85;74.38;73.61;73.65;1159243
20160630;73.3;74.32;72.92;74.25;1260981
20160701;74.57;75.28;74.22;75.19;1393708
20160705;75.09;75.45;74.73;75.03;957285
20160706;75.03;75.69;74.38;74.8;965289
20160707;74.93;74.99;73.29;73.36;2736231
20160708;73.76;74.62;73.53;74.43;2164363
20160711;72.48;73.07;71.12;71.86;3781821
20160712;71.88;72.49;71.88;72.45;1362448
20160713;72.54;73;72.29;72.83;1729859
20160714;73.32;73.32;72.28;72.3;1049732
20160715;72.5;72.5;71.58;71.94;2067583
20160718;70.73;71.99;70.21;71.44;1971477
20160719;71.05;71.79;70.66;71.62;1295291
20160720;71.62;72.35;71.01;71.17;1276836
20160721;71.16;71.62;70.86;71.23;1481148
20160722;71.33;72.28;71.04;72.03;1134718
20160725;71.76;72.06;71.43;71.5;1061687
20160726;71.79;72.36;71.46;72.14;1749330
20160727;68.42;70.47;66.62;68.35;4359674
20160728;67.97;69.25;67.71;69.23;1513991
20160729;69.15;69.86;68.75;69.62;1461521
20160801;69.5;69.85;69.11;69.24;1817616
20160802;69.24;69.36;68.32;68.36;1546431
20160803;68.57;68.79;68.04;68.79;1446824
20160804;68.79;69.07;67.78;68.49;1275587
20160805;68.85;69.35;68.11;69.22;751366
20160808;69.51;69.84;69.04;69.25;1299850
20160809;69.38;69.61;68.75;68.92;1082552
20160810;68.95;69.15;68.59;69.02;871572
20160811;68.98;69.32;68.98;69.03;480496
20160812;68.99;69.85;68.82;69.68;948409
20160815;69.54;69.93;69.08;69.23;1015090
20160816;69.25;70.01;68.98;69.82;1416484
20160817;70;70.01;69.61;69.9;1443524
20160818;69.9;70;68.79;68.96;1491498
20160819;68.64;69.73;68.42;69.42;1606623
20160822;69.29;69.63;69.05;69.44;993054
20160823;69.79;69.86;69.32;69.4;1056931
20160824;69.51;69.8;69.23;69.65;1063020
20160825;69.39;69.63;68.79;68.87;898580
20160826;69.03;69.7;68.53;68.78;977293
20160829;68.78;69.44;68.73;69.43;768172
20160830;69.48;69.71;69.38;69.52;707729
20160831;69.06;69.58;68.95;69.42;1066277
20160901;69.56;71.81;69.56;71.04;3754547
20160902;71.36;71.97;70.85;71.32;1324269
20160906;71.16;71.16;69.6;70.31;1200280
20160907;70.33;70.61;70.01;70.22;957812
20160908;70.36;70.73;69.71;70.07;1173797
20160909;69.91;70.65;68.89;68.9;991997
20160912;67.84;69.23;67.76;69.01;1356545
20160913;68.57;69.19;67.47;67.76;1519626
20160914;68.03;68.2;67.04;67.27;1144359
20160915;67.28;67.56;67.04;67.36;1140998
20160916;67.25;67.56;66.71;67.53;1665659
20160919;67.9;67.9;67.25;67.28;822015
20160920;67.81;68.11;67.24;68.04;1007592
20160921;68.52;68.57;67.96;68.54;934357
20160922;68.73;69.46;68.6;69.25;1495747
20160923;69.12;69.67;68.5;69.59;1478662
20160926;69.35;69.81;69.22;69.54;1147758
20160927;69.53;70.14;69.1;70.12;999811
20160928;70.21;70.51;69.59;70.25;1040023
20160929;70.23;70.85;70.07;70.31;1402859
20160930;70.72;71.07;70.38;70.46;1412897
20161003;70.39;70.64;69.57;70.5;1387298
20161004;70.66;70.83;69.93;70.2;954002
20161005;70.58;70.58;69.88;70.18;1280377
20161006;69.78;70.35;69.5;70.26;1298208
20161007;70.5;70.58;69.98;70.34;1043810
20161010;70.49;71.11;70.31;70.9;1023999
20161011;70.75;71.04;70.39;70.71;1494748
20161012;70.68;70.7;70.07;70.39;1281471
20161013;70;70.38;69.85;70.31;919295
20161014;70.56;70.95;70.13;70.26;1348563
20161017;68.5;68.97;67.61;68.67;3417784
20161018;69.19;70.45;68.62;68.8;1500831
20161019;69.07;69.07;68.51;68.76;1073658
20161020;68.64;68.97;68.47;68.75;1164694
20161021;68.26;69.05;68.12;68.86;989782
20161024;68.88;69.39;68.72;69.12;1165113
20161025;68.54;69.57;67.76;69.43;2282380
20161026;65.93;67.88;65.57;67.3;4499574
20161027;67.47;67.86;67.01;67.43;2173397
20161028;67.64;67.85;66.97;67.59;1586737
20161031;67.98;68.25;67.59;68.12;2026965
20161101;68.12;68.52;67.93;68.42;1504078
20161102;68.44;68.86;68.21;68.46;1651908
20161103;68.7;69.2;68.47;68.94;1338950
20161104;69.13;69.28;68.34;68.69;1345514
20161107;69.26;70.48;69.26;70.46;1312949
20161108;70.64;70.73;69.5;70.49;1498419
20161109;70.01;71.59;69.18;71.45;1242534
20161110;71.56;73.65;71.56;72.8;1486567
20161111;72.55;73.72;72.35;73.58;1551353
20161114;73.93;74.33;73.38;73.51;2430980
20161115;73.52;74.09;73.31;74.08;1429186
20161116;73.82;74.31;73.58;74.18;1523592
20161117;74.2;74.42;73.01;74.01;1194587
20161118;73.89;74.59;73.71;74.4;2426920
20161121;74.67;74.88;73.95;74.37;1839999
20161122;73.91;74.38;73.75;73.94;2067145
20161123;74.04;74.22;73.56;74.12;1072354
20161125;74.23;74.82;74.11;74.3;705345
20161128;74.32;74.89;74.13;74.21;1642333
20161129;74.38;75.2;74.35;74.98;1450659
20161130;75.04;75.4;74.72;74.85;1504437
20161201;74.82;75.18;74.32;74.86;1440096
20161202;75.09;75.51;74;74.04;1530075
20161205;74.44;75.57;74.22;75.39;2429187
20161206;75.56;75.76;74.99;75.56;1434677
20161207;75.69;76.74;75.29;76.72;1755957
20161208;76.74;77.5;75.58;77.47;1274837
20161209;77.49;77.89;76.52;77.04;1417589
20161212;77.06;77.45;76.58;77.25;1210678
20161213;77.38;77.82;76.94;77.06;1560152
20161214;77.27;77.57;76.43;76.62;1563281
20161215;76.44;76.6;73.78;74.31;3268097
20161216;74.17;74.97;72.56;73.11;2834105
20161219;73.05;74.72;72.74;74.62;2129240
20161220;74.61;75.11;74.39;74.53;1159550
20161221;74.21;74.88;74.14;74.63;1102667
20161222;74.23;74.69;74.16;74.47;671646
20161223;74.6;74.81;74.3;74.54;419951
20161227;74.65;75.02;74.2;74.48;581298
20161228;74.69;74.76;73.46;73.47;906107
20161229;73.68;73.95;73.51;73.73;835909
20161230;74.02;74.13;73.01;73.26;989077
20170103;73.5;73.8;72.17;72.85;1851797
20170104;72.86;74;72.64;72.99;1012727
20170105;72.79;73.82;72.59;73.74;1122142
20170106;73.67;74.31;73.45;74.15;782719
20170109;73.78;74.18;73.09;73.16;857606
20170110;73.12;73.72;72.84;73.14;651707
20170111;73.01;73.63;72.93;73.44;668609
20170112;73.36;73.51;72.89;73.44;843866
20170113;73.55;73.64;73.16;73.38;1036578
20170117;73.18;73.93;72.9;73.56;720200
20170118;73.58;74.45;72.95;74.05;1188694
20170119;74.15;74.15;73.15;73.37;1198741
20170120;73.51;73.91;72.92;73.6;1251931
20170123;73.43;73.72;73.19;73.68;1615835
20170124;73.95;75.02;73.51;74.66;1168413
20170125;75;75.08;74.13;74.68;982034
20170126;74.45;75.91;74.42;75.75;1417376
20170127;75.87;77.65;75.58;77.58;2488130
20170130;77.36;77.36;76.33;76.51;2616130
20170131;76.74;76.74;75.75;76.06;1653757
20170201;74.6;76;73.27;75.11;2936117
20170202;74.86;75.56;74.46;74.94;1452286
20170203;75.11;75.83;75;75.55;944071
20170206;75.45;75.89;74.75;74.83;895275
20170207;75.32;75.87;75.02;75.62;1128469
20170208;75.7;76.22;75.21;76.13;785028
20170209;75.96;76.3;75.58;75.62;1724843
20170210;75.92;76.82;75.91;76.56;726107
20170213;76.67;77.17;76.61;76.98;869035
20170214;76.97;77.25;76.56;77.2;931182
20170215;77.25;77.94;77.11;77.88;885160
20170216;77.88;78.06;77.44;78.06;1091061
20170217;77.96;79.09;77.2;79.06;1755937
20170221;78.92;79.57;78.78;79.42;1388671
20170222;79.37;79.46;78.86;79.41;1232019
20170223;79.46;79.88;79.21;79.46;1294140
20170224;79.11;80.23;78.88;80.13;1386550
20170227;80.08;80.35;79.66;80.23;1080456
20170228;80.12;80.47;80.02;80.37;1651005
20170301;80.67;81.16;80.39;80.86;1499331
20170302;81.12;81.12;80.21;80.53;881405
20170303;80.52;80.86;79.28;79.77;1049825
20170306;78.86;79.65;78.86;79.28;1413057
20170307;79.15;79.53;78.87;78.94;931199
20170308;79.16;79.41;78.38;78.73;1182988
20170309;78.77;79.02;78.33;78.52;729347
20170310;78.85;79.42;78.45;79.34;668622
20170313;79.33;79.62;78.62;79.31;580470
20170314;79.21;79.26;78.31;78.56;574951
20170315;78.72;79.16;78.3;78.54;1440878
20170316;78.5;78.86;78.11;78.21;740682
20170317;78.19;79.13;77.81;78.92;1483990
20170320;78.91;79.04;78.52;78.93;937921
20170321;79.07;79.4;78.18;78.36;1114938
20170322;78.54;78.7;77.7;78.09;823596
20170323;78.16;78.59;77.66;77.68;620882
20170324;77.75;78.17;77.26;77.47;1374227
20170327;76.93;77.38;76.34;77.02;993673
20170328;77.02;77.92;76.59;77.52;1193881
20170329;77.34;77.75;76.22;77.29;902599
20170330;77.25;77.88;76.95;77.65;1118243
20170331;77.48;78.03;77.23;77.29;1385296
20170403;77.52;78.13;76.48;76.71;1573039
20170404;76.75;77.15;76.41;76.86;1012672
20170405;76.8;77.23;76.32;76.41;1122892
20170406;76.58;77.46;75.96;76.28;1324143
20170407;76.36;76.6;75.56;75.73;1535957
20170410;75.82;76.67;75.7;76.24;1187714
20170411;75.66;76.06;75.21;75.75;1225327
20170412;75.78;75.78;74.7;74.79;1144986
20170413;74.15;75.15;74.15;74.46;1572745
20170417;74.53;75.86;74.42;75.67;1605695
20170418;75.56;75.63;75.17;75.29;1066975
20170419;75.5;75.89;75.2;75.34;797892
20170420;75.58;76.54;74.29;76.45;1042173
20170421;76.97;77.1;75.59;76.54;1582424
20170424;77;77.83;76.9;77.59;1840100
20170425;77.73;78.31;77.47;77.7;1374946
20170426;73.16;74.27;72.43;72.81;5513873
20170427;72.83;73.29;72.51;72.81;1692833
20170428;72.88;73.16;72.53;72.7;1904175
20170501;73.16;73.19;72.54;72.55;846409
20170502;72.8;72.91;72.43;72.72;865927
20170503;72.65;72.99;72.32;72.78;833555
20170504;73.03;73.03;72.45;72.56;1210968
20170505;72.93;73.38;72.79;73.35;917562
20170508;73.19;73.29;71.29;71.46;1673855
20170509;71.37;71.41;70.58;70.86;2040720
20170510;70.99;71.47;69.99;70.17;2878562
20170511;69.88;70.27;69.25;69.78;1655735
20170512;69.53;69.88;68.87;69.35;1557725
20170515;69.29;69.82;68.68;69.47;1051637
20170516;69.33;69.75;69.29;69.6;1288631
20170517;69.04;69.55;67.47;67.84;2000063
20170518;67.7;68.99;67.5;68.06;1783422
20170519;68.16;68.16;67.08;67.36;2306655
20170522;67.38;68.1;67.25;68.08;1453669
20170523;68.15;68.36;67.74;68.34;885303
20170524;68.43;68.61;68.01;68.38;1190131
20170525;68.12;68.38;67.64;67.91;1894096
20170526;67.73;67.98;66.97;67.04;1303220
20170530;67.09;67.62;66.6;67.27;1613308
20170531;67.01;67.18;66.33;67.01;2353708
20170601;67.31;67.72;66.92;67.58;1584698
20170602;67.63;67.97;67.32;67.62;1038832
20170605;67.41;67.93;67.22;67.26;1036043
20170606;67.14;67.36;66.73;67.12;736125
20170607;67.32;67.39;66.99;67.23;932909
20170608;67.18;67.38;66.9;66.97;1237236
20170609;66.86;67.91;66.78;67.86;1026211
20170612;67.77;69.1;67.68;68.82;1557402
20170613;69.08;69.32;68.66;69.09;1083245
20170614;69.3;69.33;67.78;67.84;1288479
20170615;67.49;69.5;67.49;69.45;1559057
20170616;69.19;70.13;69.19;70.04;2388695
20170619;70;70.4;69.66;70.1;1079114
20170620;69.99;70.05;68.39;68.4;1061076
20170621;68.28;69.82;67;67.17;1469779
20170622;67.19;68.03;66.96;67.3;1324760
20170623;67.31;67.74;66.96;66.99;1249663
20170626;67.16;67.69;66.82;67.58;842979
20170627;67.6;68;67.29;67.33;914021
20170628;67.74;68.27;67.29;67.33;1487829
20170629;67.33;67.64;67.15;67.55;1188563
20170630;67.76;68.95;67.65;68.68;1115572
20170703;69.13;70.48;68.88;70.08;1533059
20170705;69.92;70.05;68.73;68.76;1665997
20170706;68.48;68.48;67.64;67.68;1375380
20170707;67.83;68.17;67.47;67.97;1147949
20170710;68.03;69.02;67.88;68.23;1158604
20170711;68.47;68.62;67.77;68.6;945599
20170712;68.96;69.2;68.58;68.87;1158604
20170713;68.8;68.84;68.24;68.76;945129
20170714;69.07;69.65;68.73;69.46;964446
20170717;68.09;69.05;67.85;68.89;2382872
20170718;68.88;69.55;68.56;69.5;1527244
20170719;69.53;70.05;68.57;68.69;2404051
20170720;63.62;65.34;63.41;65.01;8858406
20170721;64.82;65.83;64.82;65.56;3162478
20170724;65.7;65.75;65.13;65.62;1798898
20170725;66.1;66.57;65.65;65.93;2578773
20170726;67.29;67.47;65.64;65.91;1711875
20170727;65.94;65.94;65.02;65.46;1981441
20170728;65.49;65.85;64.97;65.25;1401629
20170731;65.29;65.89;65.29;65.6;1323905
20170801;65.65;65.76;64.61;64.98;1542674
20170802;65.03;65.84;64.97;65.61;1053237
20170803;65.41;65.73;64.93;65.7;1107023
20170804;65.78;67.41;65.66;67.22;2295510
20170807;67.12;67.39;66.07;66.54;2561616
20170808;66.38;66.99;66.02;66.75;1668301
20170809;66.65;66.68;65.96;66.13;1885979
20170810;66;66.3;65.55;66.11;1890711
20170811;66.59;66.67;65.57;65.63;1289588
20170814;65.86;67.28;65.79;67.14;1786306
20170815;67.2;68.24;66.99;68.02;1741529
20170816;68.28;68.91;67.46;68.01;1573712
20170817;67.8;68.53;66.83;66.89;1480043
20170818;66.91;67.25;66.57;66.78;2777593
20170821;66.96;66.96;66.14;66.86;1518114
20170822;66.85;67.19;66.53;67.1;1078244
20170823;66.99;67.17;66.43;67.09;939287
20170824;67.29;67.74;66.76;66.87;1070602
20170825;67.06;69.37;66.87;69.07;2003875
20170828;69.5;71.12;69.4;71.05;3135906
20170829;70.69;72.2;70.57;71.57;2945777
20170830;72.3;74.54;72.26;73.06;4058920
20170831;73;73.06;70.58;70.63;2689769
20170901;70.69;71.01;70.12;70.17;1397857
20170905;70.93;72.19;70.93;71.79;1948366
20170906;72.09;73.19;71.86;72.77;2167572
20170907;72.77;73.61;72.68;73.27;1369203
20170908;73.25;73.99;72.88;73.74;805064
20170911;73.68;73.97;72.17;72.83;2013260
20170912;72.69;73.28;72.14;72.79;1245721
20170913;72.91;72.91;72.15;72.28;1324604
20170914;71.87;71.88;70.22;70.77;3375476
20170915;70.65;71.56;70.23;71.45;2340120
20170918;71.6;72.3;71.31;72.25;1155647
20170919;72.37;72.87;72.15;72.6;1041167
20170920;72.95;73.26;72.35;72.79;1852773
20170921;72.87;73.39;72.52;73;1051307
20170922;73.16;73.8;72.8;73.13;1098037
20170925;73.29;73.94;72.92;73.92;1043687
20170926;74;75.11;73.49;74.89;1945349
20170927;75.17;75.73;74.93;75.68;2092761
20170928;75.69;76.01;75.25;75.48;974758
20170929;75.37;76.16;75.25;76.1;1348564
20171002;76.28;77.38;75.62;77.3;1999740
20171003;76.97;77.08;76.05;76.13;2355352
20171004;76.04;76.15;74.3;75.02;1979359
20171005;74.79;76.15;74.61;76.05;1869144
20171006;75.93;76.57;75.67;76.52;1283807
20171009;76.55;76.73;75.39;75.45;819552
20171010;77.74;78.86;76.86;77.09;2526973
20171011;76.99;77.43;76.43;76.7;857909
20171012;76.93;77.25;76.41;77.18;1062335
20171013;78.58;78.94;77.15;77.26;1655338
20171016;78.13;78.7;76.47;77.33;1553186
20171017;77.06;77.3;75.95;76.02;1586799
20171018;75.95;77.67;75.93;77.34;1600981
20171019;77.26;78.05;76.75;77.98;712644
20171020;78.38;78.7;77.62;78.3;1471007
20171023;78.68;78.72;77.79;78.43;1052527
20171024;78.73;79.65;77.08;78.83;1218294
20171025;78.43;78.91;77.94;78.6;1221042
20171026;79.63;80.83;79.16;79.59;2095430
20171027;80.08;80.08;78.5;79.82;1649002
20171030;79.67;80.03;78.02;78.35;1665780
20171031;78.3;79.33;78.3;78.53;2280636
20171101;80.9;80.94;77.83;79.33;3029706
20171102;80.15;81.35;78.6;79.55;4220585
20171103;79.5;80.14;78.99;79.44;2348559
20171106;79.45;79.66;78.32;79.08;2183166
20171107;79.49;80.8;79.1;80.5;2410823
20171108;80.26;80.93;80;80.63;1567423
20171109;80.21;81.09;80.14;80.68;2254919
20171110;80.31;80.48;80.04;80.33;1115846
20171113;80.34;80.5;79.79;80.36;1185952
20171114;80.1;80.61;80;80.37;1016525
20171115;80.1;80.19;79.52;79.95;1103824
20171116;80.07;80.53;79.95;80.4;924803
20171117;78.75;79.31;77.52;78.44;2570526
20171120;78.61;78.94;78.23;78.43;1345557
20171121;78.58;79;78.3;78.79;1314633
20171122;78.71;79.77;78.7;79.24;896786
20171124;79.45;79.92;77.9;79.67;325519
20171127;79.5;80.04;79.36;79.54;1067986
20171128;80.2;81.63;79.72;81.53;1405490
20171129;81.4;84.56;81.14;84.49;2180711
20171130;84.35;87.17;84.35;86.65;3268456
20171201;86.6;87.03;84.56;86.54;2029013
20171204;87.55;89.11;86.58;86.76;2544671
20171205;86.93;87.37;85.71;85.92;1632279
20171206;85.72;87.33;85.46;87.15;1479818
20171207;86.85;87.75;86.43;87.42;1708874
20171208;87.41;88.41;87.1;88.38;1251442
20171211;88.28;88.42;87.61;87.97;963171
20171212;88.19;88.44;87.42;88;912938
20171213;88.09;88.54;87.58;87.77;1523452
20171214;88.05;88.05;85.62;85.79;2319452
20171215;85.6;86.75;85.19;86.21;3197453
20171218;86.88;87.79;86.36;87.16;1819823
20171219;86.78;87.31;86.42;86.63;1093921
20171220;87.32;87.66;86.72;86.75;1250849
20171221;86.98;87.26;86.36;87.13;946693
20171222;87.22;89.24;86.89;88.7;1352043
20171226;88.6;89.72;88.46;88.79;741034
20171227;88.97;89.8;88.22;89.5;674476
20171228;89.51;89.55;88.37;89.46;756059
20171229;89.7;89.89;89.05;89.09;637881
20180102;89.74;90.08;88.82;89.74;988833
20180103;89.18;89.6;88.45;89.49;1214307
20180104;90.34;90.61;89.18;89.72;1610755
20180105;90.08;90.67;89.23;89.57;902520
20180108;89.39;91.21;89.39;90.78;1083300
20180109;90.91;92.41;90.91;91.46;1932576
20180110;91.38;92.4;91.09;91.44;1043081
20180111;91.69;94.01;91.68;93.92;1060314
20180112;94.03;94.51;93.22;94.28;983297
20180116;94.5;94.96;92.78;92.97;1601263
20180117;93.27;93.63;92.69;92.98;1104289
20180118;93.13;94.55;92.34;93.68;1378418
20180119;94.04;95.28;93.59;95.16;1622302
20180122;94.87;95.67;94.09;95.43;972481
20180123;95.23;95.65;94.33;94.9;1021518
20180124;95.12;96.52;94.32;96.18;1765635
20180125;96.65;98.66;96.32;96.53;2246832
20180126;97.34;100.18;96.58;96.73;2835747
20180129;96.29;97.63;96.07;96.31;2123159
20180130;95.75;96.83;94.82;94.93;3124657
20180131;91.94;95.89;90.31;91.46;7558735
20180201;91.25;92.68;90.18;91.98;2107356
20180202;91.17;92.26;90.56;91.79;2046080
20180205;91.24;92.12;90.29;90.33;2989152
20180206;88.98;91.38;88.04;90.77;2467031
20180207;90.47;93.65;90.47;92.57;2069344
20180208;92.67;93.14;90.47;90.47;1641312
20180209;90.84;91.26;87.16;89.35;2591415
20180212;89.9;91.33;89.36;91.18;1357120
20180213;90.77;93.25;90.4;92.72;1182067
20180214;90.72;93.22;90.04;92.43;1482291
20180215;92.54;92.95;91.44;92.95;1382891
20180216;92.88;93.51;92.33;92.62;876159
20180220;92.5;92.96;89.64;89.97;1204381
20180221;90.01;91.57;90.01;90.18;1219977
20180222;90.61;91.07;89.86;90.09;982201
20180223;90.32;92.67;90.15;92.63;1003426
20180226;93;94.67;92.42;94.63;854077
20180227;94.81;95.67;93.46;93.47;1147471
20180228;93.72;94.69;92.99;93.36;1573022
20180301;92.71;93.19;89.54;89.7;1863346
20180302;88.54;89.95;88.15;89.51;1418570
20180305;89.21;89.97;87.75;89.78;1303700
20180306;90.17;90.84;89.64;89.99;941156
20180307;89.11;90.23;87.95;90.01;1183496
20180308;90.13;90.38;89.24;89.6;1045720
20180309;90.01;91.79;89.26;91.74;1630576
20180312;92.04;92.51;90.7;91.03;783624
20180313;91.41;92.27;90.96;91.71;937042
20180314;91.76;91.81;89.59;89.74;946788
20180315;89.98;90.73;89.7;90.28;752521
20180316;90.61;92.45;90.08;92.14;1817346
20180319;92.12;94.06;91.86;92.63;1255749
20180320;92.87;93.63;92.05;93.07;716245
20180321;93.1;94.43;93.04;93.62;904693
20180322;92.88;93.95;91.21;92.66;1229035
20180323;92.58;93.32;90.79;90.86;1517578
20180326;91.94;93.05;91.69;92.76;927021
20180327;92.93;93.71;91.25;91.56;943444
20180328;91.76;92.2;90.66;91.69;847195
20180329;91.88;94.13;91.88;93.71;1333236
20180402;93.53;93.69;91.63;92.23;1614137
20180403;92.6;93.68;92.2;93.63;1298477
20180404;92.58;94.58;92.43;94.36;1114916
20180405;94.96;94.98;92.24;93.29;1688406
20180406;92.76;93.1;89.76;90.48;1507323
20180409;90.63;92.49;90.45;91.57;1083152
20180410;92.87;94.38;92.7;94.12;1655616
20180411;93.65;94.28;93.13;93.95;728779
20180412;94.24;96.31;94.15;95.41;1218676
20180413;95.43;95.99;93.88;94.27;1290330
20180416;97.05;98.66;96.03;97.62;2290926
20180417;98.34;98.5;95.22;96.03;1794318
20180418;96.58;96.58;94.94;94.94;1834730
20180419;94.49;95.32;94.08;94.29;2094791
20180420;94.62;94.63;93.17;93.68;1151516
20180423;93.51;94.36;93.02;93.71;1047971
20180424;94.24;94.55;91.5;92.36;1267365
20180425;92.55;93.12;92.16;92.59;1180025
20180426;93.07;93.33;90.29;91.32;1882355
20180427;91.28;92.16;90.76;92;972789
20180430;92.09;92.74;91.81;92.03;1455982
20180501;92.04;92.19;90.13;90.65;1660082
20180502;84.5;86.65;82.49;82.9;4962308
20180503;82.38;83.83;80.83;82.6;2740426
20180504;81.65;82.86;80.88;82.54;1449927
20180507;82.56;83.23;81.99;82.43;1203441
20180508;82.58;84.49;82.37;83.93;1712620
20180509;84.07;84.56;83.25;83.49;1376645
20180510;83.81;84.73;83.58;84.58;1506148
20180511;84.8;86.81;84.6;86.44;1383141
20180514;86.64;86.96;85.28;85.68;1045319
20180515;85.35;85.71;84.74;85.18;1454851
20180516;85.22;86.09;85.09;85.74;1025040
20180517;85.86;87.97;85.78;87.56;1729265
20180518;87.49;89.24;87.27;88.5;1752590
20180521;88.77;90.22;88.5;89.91;947760
20180522;89.77;90.24;88.17;88.35;1229390
20180523;87.99;87.99;86.84;87.44;1615386
20180524;87.49;88.25;87.42;88;928976
20180525;87.81;88.39;87.68;88.23;670926
