20100104;12.26;12.37;12.21;12.36;1267915
20100105;12.31;12.41;12.29;12.41;1336948
20100106;12.36;12.41;12.26;12.36;1389092
20100107;12.32;12.32;12.19;12.3;1201681
20100108;12.1;12.2;11.98;12.16;1519205
20100111;12.19;12.25;12.13;12.23;1446408
20100112;12.17;12.22;12.08;12.12;825916
20100113;12.2;12.27;12.13;12.22;905717
20100114;12.16;12.24;12.13;12.19;582621
20100115;12.15;12.26;11.91;11.99;1087321
20100119;11.94;12.17;11.94;12.17;923132
20100120;12.07;12.09;11.87;12;1060975
20100121;12;12;11.67;11.68;1714442
20100122;11.68;11.78;11.43;11.45;1563922
20100125;11.5;11.59;11.44;11.52;1940079
20100126;11.48;11.53;11.38;11.38;1093258
20100127;11.37;11.53;11.35;11.5;1545050
20100128;11.5;11.5;11.3;11.36;1825763
20100129;11.43;11.47;11.25;11.26;1930539
20100201;11.3;11.46;11.2;11.45;1718391
20100202;11.43;11.63;11.33;11.6;1908932
20100203;11.68;11.89;11.63;11.75;1741431
20100204;11.63;11.68;11.42;11.43;1827205
20100205;11.41;11.45;11.21;11.43;1839487
20100208;11.27;11.43;11.26;11.32;1171921
20100209;11.41;11.49;11.3;11.37;1806209
20100210;11.35;11.44;11.27;11.38;1198615
20100211;11.35;11.64;11.27;11.61;1560378
20100212;11.52;11.66;11.46;11.59;1554710
20100216;11.66;11.74;11.57;11.74;984324
20100217;11.77;11.81;11.72;11.78;1050701
20100218;11.81;11.81;11.71;11.77;1083043
20100219;11.72;11.98;11.68;11.9;1504302
20100222;11.94;11.96;11.8;11.83;1134749
20100223;11.79;11.9;11.72;11.76;1028536
20100224;11.85;11.95;11.81;11.92;1094320
20100225;11.77;12.01;11.72;11.98;1643061
20100226;12.01;12.07;11.91;12.05;1560284
20100301;12.08;12.27;12.01;12.23;1554418
20100302;12.27;12.32;12.18;12.26;1538892
20100303;12.33;12.48;12.28;12.3;2022111
20100304;12.31;12.34;12.2;12.29;1174591
20100305;12.3;12.49;12.25;12.43;2100569
20100308;12.39;12.5;12.37;12.48;1161469
20100309;12.43;12.56;12.41;12.52;1741193
20100310;12.49;12.63;12.44;12.63;1278462
20100311;12.55;12.58;12.49;12.56;1477161
20100312;12.59;12.63;12.54;12.61;1118477
20100315;12.6;12.7;12.56;12.67;1738364
20100316;12.69;12.71;12.6;12.67;1304351
20100317;12.74;12.9;12.64;12.82;1447277
20100318;12.81;12.85;12.75;12.77;1000795
20100319;12.86;12.87;12.63;12.67;2167316
20100322;12.65;12.86;12.6;12.82;959307
20100323;12.82;12.82;12.68;12.75;1514278
20100324;12.7;12.74;12.63;12.68;1375017
20100325;12.72;12.75;12.57;12.57;1053059
20100326;12.65;12.67;12.53;12.6;1118655
20100329;12.61;12.7;12.58;12.63;854523
20100330;12.6;12.72;12.55;12.69;1225260
20100331;12.68;12.76;12.66;12.69;1059244
20100401;12.64;12.86;12.64;12.78;1941155
20100405;12.79;12.88;12.76;12.85;639741
20100406;12.79;12.89;12.77;12.87;947607
20100407;12.81;12.84;12.74;12.79;1062508
20100408;12.73;12.86;12.65;12.82;1032191
20100409;12.88;12.94;12.78;12.94;528005
20100412;12.95;12.98;12.9;12.94;1300291
20100413;12.91;12.98;12.83;12.95;950368
20100414;12.95;13.08;12.92;13.08;1055416
20100415;13.07;13.39;13.06;13.37;1641627
20100416;13.33;13.36;13.13;13.25;1916419
20100419;13.22;13.3;13.15;13.3;1226647
20100420;13.33;13.42;13.28;13.38;1185833
20100421;13.31;13.39;13.25;13.38;1397455
20100422;13.31;13.48;13.22;13.46;1215456
20100423;13.48;13.55;13.34;13.52;910722
20100426;13.74;13.79;13.52;13.54;1128069
20100427;13.49;13.69;13.37;13.41;1475034
20100428;13.52;13.56;13.37;13.51;1613720
20100429;13.54;13.7;13.48;13.67;1358028
20100430;12.95;13.02;12.67;12.78;5269892
20100503;12.7;13.03;12.7;13.03;2330340
20100504;12.9;12.9;12.63;12.75;1647700
20100505;12.8;12.93;12.57;12.74;1382932
20100506;12.63;13.82;12.5;12.93;10716724
20100507;12.83;13.02;12.55;12.76;3459322
20100510;13.11;13.38;12.94;13.18;2110316
20100511;13.08;13.24;13.03;13.1;1658020
20100512;13.17;13.32;12.98;13.14;2820846
20100513;13;13.02;12.45;12.49;4692376
20100514;12.44;12.52;12.32;12.43;2488024
20100517;12.45;12.61;12.3;12.51;1614271
20100518;12.66;12.69;12.3;12.32;2871509
20100519;12.16;12.31;12.11;12.19;2154574
20100520;12.03;12.13;11.71;11.72;2787086
20100521;11.59;11.88;11.44;11.86;2553042
20100524;11.8;11.83;11.64;11.67;1687730
20100525;11.5;11.72;11.4;11.71;2066312
20100526;11.82;11.89;11.6;11.61;2730445
20100527;11.79;12.01;11.76;12.01;1674233
20100528;11.95;12;11.83;11.89;1439394
20100601;11.82;11.93;11.62;11.63;1693603
20100602;11.65;11.8;11.52;11.79;1695669
20100603;11.78;11.96;11.68;11.91;1658234
20100604;11.73;11.83;11.53;11.55;1567364
20100607;11.58;11.62;11.33;11.33;1679451
20100608;11.34;11.46;11.23;11.43;2037274
20100609;11.45;11.67;11.41;11.44;2065773
20100610;11.6;11.8;11.51;11.79;1215605
20100611;11.77;11.9;11.75;11.88;1312281
20100614;11.95;12.04;11.88;11.96;1993580
20100615;12.03;12.24;12;12.23;1618085
20100616;12.14;12.24;12.09;12.19;877312
20100617;12.25;12.25;12.13;12.2;799944
20100618;12.2;12.3;12.14;12.22;1294941
20100621;12.31;12.35;12.05;12.12;1080150
20100622;12.02;12.27;11.93;11.96;836216
20100623;11.96;12;11.84;11.91;825367
20100624;11.84;11.91;11.69;11.7;806872
20100625;11.72;11.86;11.68;11.77;2585162
20100628;11.81;11.83;11.65;11.76;876143
20100629;11.64;11.67;11.39;11.48;1680444
20100630;11.44;11.8;11.36;11.42;1533905
20100701;11.43;11.54;11.29;11.46;1164423
20100702;11.47;11.48;11.28;11.37;639904
20100706;11.45;11.54;11.28;11.38;1736324
20100707;11.36;11.61;11.36;11.59;1606022
20100708;11.64;11.67;11.43;11.52;2407745
20100709;11.48;11.61;11.48;11.57;1099918
20100712;11.52;11.59;11.45;11.5;1421227
20100713;11.59;11.8;11.57;11.78;1266530
20100714;11.77;11.86;11.7;11.77;733504
20100715;11.76;11.83;11.65;11.8;931878
20100716;11.8;11.8;11.39;11.4;1472079
20100719;11.42;11.5;11.29;11.43;1014876
20100720;11.28;11.58;11.21;11.58;1111592
20100721;11.61;11.62;11.3;11.32;1042098
20100722;11.4;11.71;11.4;11.64;967832
20100723;11.58;11.82;11.55;11.81;864821
20100726;11.78;11.91;11.72;11.91;915919
20100727;11.94;11.99;11.88;11.91;921174
20100728;11.91;12.38;11.85;12.22;2973321
20100729;12.29;12.39;12.18;12.31;1419234
20100730;12.19;12.58;12.19;12.53;2008051
20100802;12.63;12.74;12.58;12.71;911057
20100803;12.64;12.72;12.55;12.67;772479
20100804;12.7;12.73;12.52;12.65;938999
20100805;12.59;12.73;12.58;12.72;1327328
20100806;12.64;12.74;12.53;12.72;1287101
20100809;12.75;12.86;12.74;12.84;960673
20100810;12.76;12.81;12.58;12.7;1049145
20100811;12.25;12.52;12.25;12.46;1718799
20100812;12.34;12.47;12.31;12.41;1246537
20100813;12.35;12.4;12.2;12.3;906501
20100816;12.26;12.54;12.19;12.52;1150202
20100817;12.88;12.94;12.68;12.75;1834332
20100818;12.73;12.93;12.68;12.9;1602565
20100819;12.85;12.94;12.69;12.73;1505361
20100820;12.73;12.84;12.68;12.82;1198808
20100823;12.85;12.93;12.66;12.69;974404
20100824;12.6;12.67;12.45;12.56;1006431
20100825;12.49;12.66;12.44;12.62;996699
20100826;12.62;12.7;12.53;12.54;944023
20100827;12.59;12.76;12.42;12.75;903676
20100830;12.7;12.76;12.51;12.52;940204
20100831;12.45;12.59;12.41;12.5;1012390
20100901;12.66;12.93;12.58;12.91;1177718
20100902;12.93;13.13;12.89;13.13;1054714
20100903;13.25;13.25;13.09;13.25;805059
20100907;13.23;13.25;12.93;12.94;1279842
20100908;13.02;13.06;12.91;13;960632
20100909;13.11;13.11;13.01;13.06;674338
20100910;13.1;13.21;13.02;13.18;547379
20100913;13.33;13.36;13.22;13.34;904723
20100914;13.29;13.42;13.24;13.38;869912
20100915;13.08;13.46;13.08;13.45;896703
20100916;13.41;13.47;13.31;13.35;644182
20100917;13.37;13.48;13.33;13.39;1564698
20100920;13.4;13.58;13.31;13.57;915384
20100921;13.54;13.58;13.41;13.51;885717
20100922;13.53;13.67;13.42;13.44;748659
20100923;13.37;13.63;13.33;13.48;871276
20100924;13.64;13.77;13.58;13.77;903812
20100927;13.73;13.75;13.53;13.55;1610513
20100928;13.61;13.63;13.28;13.5;1730467
20100929;13.43;13.51;13.3;13.39;1378461
20100930;13.52;13.63;13.34;13.46;925045
20101001;13.6;13.7;13.37;13.38;1361367
20101004;13.34;13.48;13.28;13.41;1623181
20101005;13.5;13.68;13.48;13.61;1303638
20101006;13.57;13.61;13.48;13.54;1046910
20101007;13.55;13.64;13.48;13.53;1294548
20101008;13.5;13.66;13.38;13.64;943858
20101011;13.6;13.62;13.44;13.57;571497
20101012;13.56;13.57;13.38;13.52;1236672
20101013;13.56;13.7;13.51;13.58;1081877
20101014;13.56;13.74;13.53;13.63;899160
20101015;13.75;13.86;13.64;13.84;1334880
20101018;13.8;13.83;13.75;13.83;796460
20101019;13.74;13.87;13.64;13.72;1232193
20101020;13.77;13.94;13.72;13.88;871660
20101021;13.9;13.97;13.72;13.89;1145745
20101022;13.87;13.93;13.74;13.91;826884
20101025;13.97;13.98;13.74;13.79;1806472
20101026;13.77;13.89;13.67;13.86;1226667
20101027;13.76;13.81;13.51;13.71;1691360
20101028;13.75;13.81;13.51;13.54;1164619
20101029;13.57;13.69;13.57;13.63;1602223
20101101;13.72;13.88;13.47;13.52;1343018
20101102;13.66;13.72;13.57;13.67;996278
20101103;13.65;13.73;13.6;13.67;909085
20101104;13.79;13.94;13.75;13.94;975989
20101105;13.91;13.98;13.84;13.95;675639
20101108;13.88;13.96;13.86;13.93;653786
20101109;13.93;14.03;13.87;13.91;731219
20101110;13.89;14.01;13.82;13.99;817783
20101111;13.86;14.02;13.75;13.94;590225
20101112;13.84;13.91;13.71;13.79;797412
20101115;13.86;13.95;13.82;13.87;714497
20101116;13.78;13.78;13.56;13.6;1735240
20101117;13.58;13.68;13.53;13.58;700142
20101118;13.9;13.9;13.67;13.76;794092
20101119;13.76;14.16;13.71;14.09;1737917
20101122;13.97;14.13;13.89;14.11;964983
20101123;13.99;14;13.74;13.79;822889
20101124;13.89;14.2;13.88;14.11;743585
20101126;13.98;14.14;13.98;14.1;277802
20101129;13.97;14.07;13.78;14.03;616728
20101130;13.82;13.91;13.75;13.83;1545108
20101201;14.05;14.25;13.98;14.22;1255434
20101202;14.2;14.43;14.18;14.41;826963
20101203;14.38;14.58;14.35;14.55;845064
20101206;14.49;14.5;14.32;14.38;873506
20101207;14.5;14.69;14.47;14.67;1303119
20101208;14.73;14.82;14.62;14.79;1438002
20101209;14.77;14.81;14.66;14.68;889085
20101210;14.68;14.82;14.65;14.81;640403
20101213;14.81;14.87;14.71;14.79;811297
20101214;14.85;14.94;14.83;14.92;659921
20101215;14.87;14.99;14.83;14.9;658822
20101216;14.95;15.14;14.91;15.09;1124326
20101217;15.1;15.16;14.96;15.11;1763594
20101220;15.07;15.07;14.72;14.74;1039306
20101221;14.79;14.87;14.72;14.87;861699
20101222;14.83;14.9;14.74;14.75;855592
20101223;14.75;14.8;14.62;14.67;1015640
20101227;14.64;14.79;14.48;14.74;612666
20101228;14.75;14.8;14.63;14.76;338459
20101229;14.8;14.91;14.76;14.79;704564
20101230;14.76;14.88;14.71;14.81;453379
20101231;14.78;14.85;14.63;14.64;593260
20110103;14.8;14.99;14.78;14.88;1355087
20110104;14.82;14.87;14.44;14.61;1330640
20110105;14.53;14.74;14.53;14.73;948591
20110106;14.71;14.8;14.69;14.75;683127
20110107;14.91;15;14.78;14.86;1383940
20110110;14.77;14.91;14.69;14.79;912514
20110111;14.82;15.05;14.81;15.05;872488
20110112;15.18;15.21;15.06;15.21;815952
20110113;15.21;15.28;15.17;15.19;661143
20110114;15.18;15.5;15.13;15.48;878584
20110118;15.49;15.68;15.48;15.63;1020542
20110119;15.55;15.59;15.42;15.5;702687
20110120;15.44;15.58;15.37;15.48;629437
20110121;15.55;15.55;15.36;15.5;883349
20110124;15.49;15.82;15.48;15.73;733104
20110125;15.66;15.72;15.47;15.72;741017
20110126;15.73;15.8;15.64;15.72;568363
20110127;15.72;15.74;15.6;15.72;1037487
20110128;15.74;15.82;15.26;15.33;746399
20110131;15.36;15.49;15.27;15.44;706715
20110201;15.54;15.92;15.54;15.76;1263457
20110202;15.74;15.8;15.6;15.63;732070
20110203;15.58;15.67;15.34;15.58;1364929
20110204;15.06;15.34;14.99;15.07;1796516
20110207;15.06;15.2;14.96;15.12;1718248
20110208;15.11;15.33;15.07;15.31;1111441
20110209;15.29;15.36;15.2;15.24;703886
20110210;15.2;15.5;15.2;15.49;1148943
20110211;15.42;15.59;15.41;15.59;897664
20110214;15.58;15.64;15.48;15.63;599976
20110215;15.53;15.63;15.47;15.6;718571
20110216;15.61;15.74;15.53;15.65;708181
20110217;15.57;15.89;15.57;15.89;560369
20110218;15.88;15.97;15.76;15.88;784511
20110222;15.75;15.94;15.52;15.67;890085
20110223;15.65;15.66;15.38;15.43;929550
20110224;15.44;15.58;15.3;15.5;880209
20110225;15.54;15.8;15.54;15.75;937816
20110228;15.74;15.83;15.69;15.82;913686
20110301;15.77;15.85;15.45;15.51;971627
20110302;15.46;15.5;15.38;15.44;863889
20110303;15.54;15.64;15.49;15.53;1304310
20110304;15.54;15.54;15.28;15.37;1289910
20110307;15.47;15.49;15.02;15.04;1229325
20110308;15.08;15.37;15.03;15.28;1233131
20110309;15.21;15.34;15.05;15.29;1007681
20110310;15.1;15.1;14.84;14.88;1592534
20110311;14.91;15.16;14.82;15.14;801581
20110314;14.98;15.08;14.86;14.97;672294
20110315;14.63;14.75;14.57;14.64;1449920
20110316;14.6;14.76;14.49;14.58;1447502
20110317;14.75;14.88;14.64;14.77;816154
20110318;14.87;15.01;14.77;15.01;2262185
20110321;15.1;15.31;15.04;15.15;816425
20110322;15.17;15.21;15.1;15.13;550029
20110323;15.13;15.2;15;15.13;753767
20110324;15.18;15.33;15.09;15.3;985710
20110325;15.35;15.51;15.3;15.39;448210
20110328;15.4;15.47;15.3;15.32;605092
20110329;15.29;15.56;15.25;15.54;640939
20110330;15.61;15.74;15.56;15.64;794258
20110331;15.66;15.75;15.63;15.68;723771
20110401;15.74;15.75;15.66;15.72;1414215
20110404;15.75;15.75;15.55;15.71;613814
20110405;15.62;15.7;15.35;15.41;1033643
20110406;15.5;15.67;15.46;15.6;538752
20110407;15.53;15.75;15.48;15.66;1007058
20110408;15.69;15.71;15.49;15.59;543919
20110411;15.62;15.71;15.56;15.67;914773
20110412;15.61;15.74;15.48;15.49;879032
20110413;15.59;15.68;15.47;15.62;816399
20110414;15.49;15.66;15.46;15.62;736790
20110415;15.63;15.85;15.59;15.78;901486
20110418;15.61;15.65;15.47;15.53;926283
20110419;15.54;15.66;15.52;15.65;951209
20110420;15.84;16.03;15.83;15.88;864147
20110421;15.85;15.94;15.8;15.94;961716
20110425;15.96;15.98;15.84;15.9;1324140
20110426;16;16.11;15.94;16.09;1224689
20110427;16.11;16.18;15.98;16.1;1047835
20110428;16.02;16.02;15.3;15.37;2666822
20110429;15.36;15.47;15.3;15.33;3199367
20110502;15.3;15.57;15.28;15.46;1304903
20110503;15.47;15.72;15.46;15.57;1193473
20110504;15.54;15.66;15.36;15.45;928562
20110505;15.38;15.57;15.3;15.37;995582
20110506;15.55;15.67;15.35;15.4;636581
20110509;15.39;15.53;15.35;15.41;601345
20110510;15.51;15.65;15.47;15.61;574983
20110511;15.59;15.66;15.34;15.44;895235
20110512;15.43;15.65;15.36;15.58;751591
20110513;15.57;15.62;15.42;15.5;668474
20110516;15.46;15.49;15.34;15.4;878697
20110517;15.33;15.54;15.3;15.51;1289396
20110518;15.52;15.78;15.44;15.77;969022
20110519;15.83;15.93;15.78;15.83;942888
20110520;15.82;15.9;15.72;15.78;1053935
20110523;15.58;15.69;15.53;15.63;991627
20110524;15.64;15.72;15.62;15.63;1014113
20110525;15.59;15.69;15.56;15.65;895164
20110526;15.64;15.8;15.59;15.75;761485
20110527;15.79;15.96;15.76;15.87;725808
20110531;16;16.13;15.99;16.13;1934737
20110601;16.16;16.22;15.89;15.9;1873489
20110602;15.93;16.02;15.85;15.91;758383
20110603;15.72;15.81;15.55;15.56;758277
20110606;15.56;15.67;15.52;15.58;1059944
20110607;15.64;15.88;15.53;15.85;1693672
20110608;15.8;15.83;15.71;15.75;1515956
20110609;15.76;15.89;15.74;15.86;982365
20110610;15.76;15.84;15.58;15.58;872287
20110613;15.67;15.67;15.51;15.53;1044984
20110614;15.66;15.72;15.54;15.65;537320
20110615;15.54;15.56;15.3;15.31;760138
20110616;15.33;15.38;15.17;15.3;1174120
20110617;15.45;15.45;15.2;15.3;1631648
20110620;15.29;15.37;15.25;15.34;927101
20110621;15.38;15.46;15.31;15.44;980446
20110622;15.41;15.47;15.33;15.33;736393
20110623;15.21;15.36;15.12;15.33;975186
20110624;15.31;15.36;15.17;15.18;1574014
20110627;15.16;15.36;15.14;15.3;540943
20110628;15.35;15.44;15.33;15.43;758997
20110629;15.39;15.5;15.19;15.45;645195
20110630;15.5;15.66;15.39;15.66;753459
20110701;15.69;16;15.6;15.94;739570
20110705;15.94;16.04;15.86;16.01;1031248
20110706;15.99;16.25;15.95;16.19;873001
20110707;16.25;16.35;16.22;16.31;895476
20110708;16.19;16.24;16.02;16.15;569448
20110711;16;16.09;15.89;15.92;594197
20110712;15.9;15.98;15.66;15.66;1133417
20110713;15.73;15.88;15.63;15.67;773290
20110714;15.71;15.82;15.48;15.5;562016
20110715;15.73;15.73;15.32;15.34;944669
20110718;15.26;15.3;15.04;15.05;1008447
20110719;15.15;15.38;15.07;15.33;1199354
20110720;15.31;15.32;15.11;15.13;948934
20110721;15.19;15.54;15.16;15.51;1179865
20110722;15.48;15.59;15.43;15.54;750356
20110725;15.39;15.52;15.34;15.45;766615
20110726;15.46;15.52;15.24;15.38;1204455
20110727;15.59;15.84;15.34;15.36;1398311
20110728;15.34;15.52;15.25;15.35;910993
20110729;15.25;15.25;15.03;15.09;1202018
20110801;15.22;15.27;14.82;14.97;1125808
20110802;14.87;14.96;14.46;14.47;1152398
20110803;14.82;14.85;14.39;14.65;1875039
20110804;14.49;14.8;14.1;14.1;1431481
20110805;14.3;14.4;13.9;14.17;1893178
20110808;13.85;14.1;13.03;13.16;2518639
20110809;13.35;13.58;12.82;13.57;3100635
20110810;13.25;13.75;13.22;13.31;2935575
20110811;13.39;13.97;13.31;13.84;2032615
20110812;13.86;13.99;13.7;13.75;1260511
20110815;13.79;13.87;13.69;13.81;1146259
20110816;13.61;13.78;13.5;13.64;1136455
20110817;13.69;13.81;13.54;13.65;1825869
20110818;13.27;13.32;12.92;13.02;1793288
20110819;12.74;13.12;12.74;12.86;1706865
20110822;13.13;13.21;12.97;13.03;1609472
20110823;13.43;13.46;13.03;13.43;1930160
20110824;13.36;13.51;13.26;13.5;907449
20110825;13.57;13.6;13.22;13.28;1243680
20110826;13.18;13.54;13.07;13.49;1073480
20110829;13.59;13.84;13.59;13.83;1318048
20110830;13.79;13.91;13.69;13.83;889542
20110831;13.86;14.07;13.82;13.96;1242363
20110901;13.99;14.1;13.79;13.79;997548
20110902;13.56;13.62;13.36;13.37;836723
20110906;13.01;13.17;12.89;13.11;1349650
20110907;13.25;13.57;13.25;13.57;917437
20110908;13.53;13.53;13.27;13.3;956156
20110909;13.16;13.19;12.79;12.87;1051627
20110912;12.69;12.97;12.68;12.97;1351186
20110913;12.98;13.07;12.83;13.05;1048989
20110914;13.1;13.45;12.92;13.31;897036
20110915;13.47;13.53;13.29;13.53;823287
20110916;13.57;13.69;13.47;13.62;1314989
20110919;13.41;13.54;13.34;13.46;770320
20110920;13.51;13.64;13.37;13.38;747737
20110921;13.4;13.49;12.87;12.88;1122903
20110922;12.6;12.62;12.19;12.38;2001519
20110923;12.29;12.5;12.2;12.41;1160709
20110926;12.46;12.79;12.35;12.67;1095798
20110927;12.9;13.24;12.81;12.98;1317248
20110928;13.05;13.13;12.68;12.69;866001
20110929;12.93;12.99;12.45;12.71;998622
20110930;12.57;12.78;12.44;12.69;1901505
20111003;12.65;12.98;12.55;12.55;2269811
20111004;12.38;13.14;12.34;13.13;2559341
20111005;13.14;13.24;12.94;13.23;1323942
20111006;13.19;13.39;13.1;13.39;1135662
20111007;13.4;13.55;13.33;13.35;1195626
20111010;13.56;13.69;13.49;13.68;922060
20111011;13.66;13.9;13.62;13.75;831715
20111012;13.95;14.16;13.82;14.08;1453682
20111013;14.01;14.1;13.86;14.07;936432
20111014;14.21;14.36;13.97;14.36;928221
20111017;14.26;14.4;14.23;14.27;1398093
20111018;14.28;14.57;14.16;14.48;1250399
20111019;14.41;14.46;14.21;14.25;905479
20111020;14.59;14.6;14.24;14.42;1477811
20111021;14.6;14.66;14.45;14.62;960590
20111024;14.61;14.81;14.58;14.73;815116
20111025;14.68;14.75;14.4;14.43;886253
20111026;14.65;14.69;14.26;14.61;1800566
20111027;14.89;15.32;14.79;15.29;1301374
20111028;15.25;15.31;15.07;15.19;749764
20111031;14.96;15.1;14.72;14.72;1250200
20111101;14.38;14.5;14.26;14.28;1741687
20111102;14.46;14.46;13.95;14.19;3072930
20111103;14.32;14.6;14.17;14.57;1686999
20111104;14.5;14.51;14.26;14.5;873033
20111107;14.52;14.57;14.28;14.56;689346
20111108;14.63;14.79;14.47;14.77;863390
20111109;14.45;14.46;14.19;14.22;1172465
20111110;14.43;14.43;14.18;14.3;577808
20111111;14.51;14.58;14.42;14.54;879586
20111114;14.49;14.53;14.27;14.45;788738
20111115;14.43;14.63;14.36;14.59;688059
20111116;14.44;14.6;14.29;14.3;976735
20111117;14.25;14.35;14.07;14.12;1501567
20111118;14.11;14.25;14.11;14.13;1328317
20111121;13.93;14.07;13.91;13.99;1336640
20111122;13.96;14.04;13.77;13.79;855863
20111123;13.66;13.69;13.52;13.52;1009231
20111125;13.48;13.64;13.48;13.53;390967
20111128;13.87;13.96;13.71;13.94;1231065
20111129;13.9;14;13.81;13.87;823275
20111130;14.21;14.44;14.16;14.41;1860471
20111201;14.38;14.44;14.26;14.36;634863
20111202;14.43;14.5;14.27;14.42;1096057
20111205;14.62;14.65;14.34;14.4;1094583
20111206;14.46;14.56;14.36;14.44;934714
20111207;14.37;14.47;14.16;14.42;798286
20111208;14.27;14.42;14.23;14.25;973116
20111209;14.33;14.72;14.33;14.66;765231
20111212;14.53;14.63;14.34;14.4;753939
20111213;14.5;14.68;14.33;14.41;971817
20111214;14.34;14.44;14.28;14.31;905239
20111215;14.45;14.48;14.28;14.31;850653
20111216;14.39;14.5;14.19;14.36;1299564
20111219;14.41;14.49;14.07;14.11;601937
20111220;14.34;14.58;14.34;14.56;1145811
20111221;14.54;14.63;14.43;14.61;1075779
20111222;14.54;14.77;14.54;14.66;912694
20111223;14.66;14.72;14.63;14.7;498380
20111227;14.67;14.84;14.62;14.8;474397
20111228;14.82;14.84;14.6;14.63;675436
20111229;14.61;14.77;14.61;14.77;459836
20111230;14.74;14.81;14.69;14.69;442390
20120103;14.99;14.99;14.63;14.64;1121799
20120104;14.64;14.64;14.44;14.54;976239
20120105;14.47;14.74;14.38;14.67;648270
20120106;14.68;14.75;14.57;14.6;493093
20120109;14.62;14.79;14.62;14.73;568416
20120110;14.8;14.87;14.77;14.8;804477
20120111;14.73;14.96;14.73;14.93;621452
20120112;15;15.29;14.93;15.26;1089674
20120113;15.25;15.26;15.08;15.2;723219
20120117;15.29;15.5;15.27;15.32;901550
20120118;15.31;15.48;15.31;15.47;1072277
20120119;15.51;15.72;15.39;15.64;854592
20120120;15.66;15.73;15.57;15.66;1010458
20120123;15.64;15.82;15.58;15.71;684597
20120124;15.61;15.74;15.55;15.73;596941
20120125;15.67;15.89;15.65;15.85;627249
20120126;15.9;15.95;15.73;15.82;719858
20120127;15.81;15.9;15.74;15.76;669684
20120130;15.59;15.69;15.55;15.65;522812
20120131;15.69;15.83;15.61;15.72;574070
20120201;15.88;16.02;15.84;15.96;487528
20120202;15.95;16.09;15.76;15.78;1471386
20120203;16.01;16.52;16.01;16.47;1735775
20120206;16.31;16.38;16.22;16.3;779477
20120207;16.22;16.26;16.17;16.23;743545
20120208;16.19;16.25;16.16;16.22;879580
20120209;16.22;16.25;16.07;16.22;548009
20120210;16.09;16.11;15.93;16.06;743506
20120213;16.19;16.3;16.08;16.24;496744
20120214;16.18;16.38;16.15;16.34;735329
20120215;16.34;16.39;16.15;16.16;693337
20120216;16.23;16.36;16.21;16.31;680573
20120217;16.33;16.38;16.21;16.28;1064121
20120221;16.34;16.39;16.26;16.33;777874
20120222;16.28;16.38;16.27;16.32;626412
20120223;16.3;16.48;16.29;16.46;460707
20120224;16.5;16.75;16.43;16.72;1073737
20120227;16.54;16.69;16.46;16.62;807261
20120228;16.6;16.72;16.52;16.64;625911
20120229;16.6;16.68;16.54;16.58;862380
20120301;16.63;16.7;16.52;16.68;1002195
20120302;16.65;16.73;16.58;16.6;754572
20120305;16.56;16.65;16.52;16.64;718976
20120306;16.51;16.67;16.45;16.52;855965
20120307;16.55;16.75;16.48;16.71;889522
20120308;16.75;17;16.74;16.97;846435
20120309;16.99;17.05;16.89;16.99;599036
20120312;17;17.09;16.88;17.05;621987
20120313;17.11;17.22;17.02;17.22;796588
20120314;17.22;17.37;17.16;17.32;873913
20120315;17.33;17.4;17.18;17.36;883118
20120316;17.31;17.35;17.22;17.29;1146404
20120319;17.22;17.29;17.12;17.23;840863
20120320;17.18;17.2;17.09;17.19;374647
20120321;17.14;17.3;17.14;17.25;434243
20120322;17.18;17.3;17.11;17.25;467210
20120323;17.22;17.34;17.14;17.32;424701
20120326;17.4;17.49;17.39;17.49;764318
20120327;17.5;17.5;17.4;17.43;520810
20120328;17.44;17.44;17.3;17.37;478785
20120329;17.3;17.43;17.27;17.4;569748
20120330;17.5;17.5;17.34;17.35;633161
20120402;17.33;17.64;17.32;17.6;653197
20120403;17.61;17.67;17.41;17.56;678475
20120404;17.43;17.47;17.3;17.3;872504
20120405;17.18;17.39;17.18;17.34;911161
20120409;17.14;17.23;17.08;17.19;499347
20120410;17.12;17.17;16.89;16.9;924946
20120411;17.02;17.13;16.99;17.09;544446
20120412;17.18;17.3;17.09;17.28;533813
20120413;17.22;17.24;17.12;17.13;618791
20120416;17.16;17.23;17.05;17.18;628528
20120417;17.25;17.61;17.19;17.51;881648
20120418;17.39;17.51;17.3;17.31;701794
20120419;17.24;17.42;17.07;17.18;595597
20120420;17.28;17.4;17.18;17.23;652958
20120423;17.14;17.28;16.97;17.25;824707
20120424;17.3;17.4;17.2;17.26;598824
20120425;17.38;17.45;17.27;17.33;518478
20120426;17.26;17.57;17.25;17.52;640378
20120427;17.53;17.73;17.53;17.67;669789
20120430;17.62;17.67;17.54;17.57;451021
20120501;17.66;17.93;17.59;17.69;941041
20120502;17;17.49;17;17.46;1245677
20120503;17.42;17.46;17.25;17.27;638332
20120504;17.11;17.16;16.88;16.88;755547
20120507;16.82;16.91;16.73;16.77;702046
20120508;16.73;16.74;16.47;16.64;1235893
20120509;16.44;16.65;16.36;16.57;878205
20120510;16.65;16.74;16.58;16.62;700386
20120511;16.57;16.83;16.5;16.64;755629
20120514;16.49;16.61;16.39;16.51;595147
20120515;16.5;16.7;16.45;16.55;799292
20120516;16.58;16.68;16.46;16.49;876638
20120517;16.53;16.54;16.33;16.33;719600
20120518;16.43;16.43;16.14;16.15;646218
20120521;16.25;16.5;16.12;16.5;773630
20120522;16.51;16.66;16.45;16.56;544365
20120523;16.51;16.72;16.39;16.68;653008
20120524;16.67;16.79;16.59;16.74;746878
20120525;16.62;16.83;16.62;16.79;538397
20120529;16.93;17;16.74;16.91;615391
20120530;16.81;16.81;16.64;16.68;658900
20120531;16.65;16.97;16.58;16.86;1285927
20120601;16.56;16.71;16.39;16.4;837303
20120604;16.49;16.62;16.41;16.6;836660
20120605;16.61;16.81;16.54;16.78;738434
20120606;16.88;17.14;16.88;17.12;983326
20120607;17.33;17.35;17.07;17.12;845594
20120608;17.09;17.29;17.04;17.27;732479
20120611;17.37;17.42;17.08;17.11;555528
20120612;17.13;17.27;17.09;17.27;592787
20120613;17.22;17.36;17.06;17.11;577844
20120614;17.18;17.58;17.15;17.43;779670
20120615;17.5;17.75;17.43;17.72;1514136
20120618;17.93;17.93;17.48;17.59;1030683
20120619;17.7;17.84;17.54;17.7;950066
20120620;17.72;17.82;17.61;17.73;524902
20120621;17.78;17.79;17.22;17.22;709563
20120622;17.32;17.47;17.22;17.42;844291
20120625;17.3;17.39;17.16;17.22;454731
20120626;17.23;17.33;17.12;17.3;794654
20120627;17.43;17.62;17.3;17.61;487898
20120628;17.44;17.51;17.22;17.45;496721
20120629;17.8;18.08;17.72;18.06;880224
20120702;18.1;18.18;18.04;18.15;673748
20120703;18.11;18.22;18;18.22;305788
20120705;18.12;18.23;18.06;18.2;499207
20120706;18.09;18.15;17.84;18.02;430081
20120709;18.04;18.04;17.91;18.02;313271
20120710;17.83;18;17.56;17.63;1237490
20120711;17.7;17.82;17.65;17.74;924855
20120712;17.61;17.69;17.48;17.62;489013
20120713;17.65;17.77;17.57;17.74;684727
20120716;17.73;17.82;17.63;17.77;397366
20120717;17.81;17.89;17.58;17.8;501604
20120718;17.77;18;17.7;17.99;530597
20120719;17.95;18.03;17.87;17.88;657295
20120720;17.76;17.9;17.73;17.77;805618
20120723;17.47;17.52;17.21;17.42;581389
20120724;17.48;17.5;17.16;17.3;480428
20120725;17.29;17.34;17.14;17.24;387259
20120726;17.58;17.73;17.34;17.7;544880
20120727;17.89;18.14;17.79;18.09;525010
20120730;18.09;18.16;17.95;18.06;683573
20120731;17.5;17.58;17.18;17.53;1585321
20120801;17.73;17.73;17.35;17.41;752308
20120802;17.3;17.38;16.99;17.05;737630
20120803;17.4;17.44;17.26;17.41;630278
20120806;17.49;17.61;17.38;17.4;564223
20120807;17.52;17.56;17.33;17.36;786127
20120808;17.28;17.57;17.28;17.54;424988
20120809;17.48;17.67;17.46;17.51;798027
20120810;17.48;17.53;17.43;17.47;705336
20120813;17.54;17.74;17.48;17.7;633711
20120814;17.8;17.8;17.59;17.69;588356
20120815;17.63;17.82;17.57;17.79;401653
20120816;17.81;17.91;17.7;17.87;468463
20120817;17.97;18.02;17.84;17.85;692411
20120820;17.86;17.95;17.59;17.69;786234
20120821;17.7;17.78;17.64;17.7;556885
20120822;17.72;17.76;17.54;17.59;567613
20120823;17.59;17.72;17.52;17.62;469605
20120824;17.63;17.75;17.59;17.72;492381
20120827;17.74;17.75;17.61;17.65;509401
20120828;17.61;17.72;17.48;17.51;765506
20120829;17.59;17.82;17.54;17.79;756738
20120830;17.72;17.79;17.68;17.71;695171
20120831;17.79;17.88;17.7;17.83;853307
20120904;17.61;17.93;17.59;17.87;942222
20120905;17.84;17.94;17.77;17.86;562503
20120906;17.95;18.24;17.94;18.19;656223
20120907;18.25;18.32;18.17;18.2;557467
20120910;18.14;18.24;18.1;18.1;419021
20120911;18.06;18.21;18.06;18.09;389546
20120912;18.11;18.15;17.94;17.99;415209
20120913;17.95;18.09;17.9;18.04;713092
20120914;18.08;18.11;17.93;17.95;745964
20120917;18.01;18.02;17.93;17.96;559334
20120918;18.02;18.02;17.92;18.02;290654
20120919;18.04;18.24;18.02;18.17;574811
20120920;18.15;18.4;18.09;18.36;918054
20120921;18.55;18.59;18.49;18.55;1300749
20120924;18.49;18.57;18.43;18.5;480125
20120925;18.5;18.52;18.2;18.23;376806
20120926;18.23;18.31;18.17;18.27;566766
20120927;18.33;18.46;18.24;18.43;607138
20120928;18.41;18.58;18.37;18.51;803086
20121001;18.6;18.6;18.4;18.53;1136080
20121002;18.61;18.61;18.37;18.45;782756
20121003;18.54;18.59;18.45;18.54;717103
20121004;18.59;18.66;18.52;18.65;619422
20121005;18.71;18.81;18.52;18.55;850440
20121008;18.43;18.69;18.38;18.66;690674
20121009;18.6;18.61;18.41;18.42;753673
20121010;18.42;18.47;18.18;18.21;602293
20121011;18.38;18.46;18.3;18.38;721694
20121012;18.35;18.48;18.34;18.44;612210
20121015;18.49;18.8;18.43;18.8;982317
20121016;18.82;19.06;18.77;18.94;752236
20121017;18.9;18.99;18.84;18.94;528099
20121018;18.97;19.03;18.89;18.97;498908
20121019;18.94;18.94;18.81;18.83;1236063
20121022;18.77;18.93;18.77;18.89;771207
20121023;18.66;18.79;18.65;18.76;837126
20121024;18.83;18.83;18.64;18.7;799616
20121025;18.85;18.85;18.73;18.78;638132
20121026;18.75;18.89;18.73;18.81;797581
20121031;18.66;18.94;18.6;18.72;1136177
20121101;18.79;18.99;18.66;18.85;966213
20121102;18.95;18.96;18.72;18.81;888667
20121105;18.71;18.8;18.61;18.7;737419
20121106;18.72;19.03;18.71;18.88;563567
20121107;18.72;18.73;18.55;18.61;577073
20121108;18.51;18.65;18.37;18.43;543870
20121109;18.37;18.64;18.32;18.48;498609
20121112;18.41;18.57;18.41;18.49;329547
20121113;18.39;18.59;18.32;18.46;439147
20121114;18.46;18.48;18.11;18.15;692156
20121115;18.19;18.21;18.05;18.15;557555
20121116;18.13;18.43;18.06;18.39;797515
20121119;18.49;18.54;18.34;18.41;674643
20121120;18.38;18.64;18.34;18.57;468437
20121121;18.52;18.67;18.5;18.66;323421
20121123;18.79;18.86;18.69;18.86;146894
20121126;18.88;18.91;18.76;18.84;441375
20121127;18.81;18.92;18.77;18.78;274088
20121128;18.76;18.92;18.7;18.9;629876
20121129;18.93;19.05;18.9;19.03;304938
20121130;19.05;19.25;19.02;19.25;818396
20121203;19.28;19.36;19.2;19.23;481240
20121204;19.16;19.42;19.16;19.42;630074
20121205;19.43;20.1;19.34;19.93;1727309
20121206;19.93;20.13;19.78;19.97;1012949
20121207;20.07;20.18;19.79;19.95;996151
20121210;19.87;20.09;19.86;20.03;864203
20121211;20.05;20.32;20.05;20.17;1270083
20121212;20.18;20.28;20.05;20.06;881026
20121213;20.13;20.22;19.87;19.98;1018717
20121214;19.95;20.05;19.9;19.92;1030417
20121217;19.93;20.21;19.89;20.13;1131407
20121218;20.22;20.29;20.07;20.28;896718
20121219;20.25;20.3;19.92;19.92;1429638
20121220;19.85;20.09;19.84;20.06;911901
20121221;19.93;20;19.78;19.93;1907485
20121224;19.82;20.05;19.77;19.93;242930
20121226;19.96;19.99;19.66;19.74;409427
20121227;19.68;19.85;19.55;19.78;647881
20121228;19.6;19.81;19.6;19.63;476354
20121231;19.66;19.77;19.51;19.76;569175
20130102;20.07;20.32;20;20.32;892789
20130103;20.25;20.36;20.1;20.17;505240
20130104;20.23;20.23;20.07;20.18;462975
20130107;20.13;20.34;20.03;20.3;606449
20130108;20.29;20.46;20.14;20.4;738180
20130109;20.5;20.73;20.43;20.71;684236
20130110;20.84;20.84;20.59;20.8;546636
20130111;20.6;20.86;20.6;20.75;647599
20130114;20.71;20.8;20.67;20.73;413957
20130115;19.76;20.33;19.76;20.12;3087024
20130116;20.08;20.18;19.98;20.12;1197055
20130117;20.25;20.35;20.19;20.27;765357
20130118;20.27;20.37;20.14;20.31;1064067
20130122;20.34;20.45;20.27;20.43;1111024
20130123;20.38;20.45;20.27;20.31;1134968
20130124;20.3;20.49;20.06;20.1;989620
20130125;20.23;20.28;20.08;20.21;676249
20130128;20.31;20.31;20.13;20.2;1008023
20130129;20.2;20.28;20.13;20.24;613355
20130130;20.27;20.27;20.14;20.23;447474
20130131;20.27;20.31;20.06;20.08;513162
20130201;20.27;20.4;20.25;20.34;814276
20130204;20.19;20.28;20.02;20.02;647677
20130205;20.18;20.25;20.04;20.2;859834
20130206;20.16;20.25;19.97;20.08;1039941
20130207;20.05;20.09;19.94;19.99;1177697
20130208;20.02;20.17;19.99;20.12;639602
20130211;20.16;20.27;20.15;20.21;715959
20130212;20.15;20.23;20.09;20.14;520519
20130213;20.11;20.19;20.06;20.14;466986
20130214;20.08;20.16;19.91;20.04;696318
20130215;20.05;20.24;19.98;20.22;799660
20130219;20.19;20.34;20.19;20.25;919404
20130220;20.31;20.45;20.17;20.17;735219
20130221;20.1;20.11;19.82;19.88;612799
20130222;19.92;20.06;19.88;20.06;622777
20130225;20.07;20.3;19.88;19.9;778984
20130226;19.95;20.2;19.91;20.19;663175
20130227;20.04;20.4;20.04;20.34;1343977
20130228;20.31;20.61;20.31;20.56;1320982
20130301;20.52;20.54;20.3;20.38;687659
20130304;20.33;20.71;20.33;20.71;715089
20130305;20.74;21.15;20.72;21.15;894502
20130306;21.15;21.25;20.93;20.99;595982
20130307;21.02;21.15;20.91;21.02;655987
20130308;21.1;21.19;21;21.18;591778
20130311;21.13;21.21;21.1;21.17;273065
20130312;21.15;21.2;21.02;21.18;304622
20130313;21.24;21.25;21.11;21.22;285716
20130314;21.25;21.32;21.19;21.32;846670
20130315;21.24;21.42;21.22;21.36;1044598
20130318;21.16;21.33;21.15;21.26;567809
20130319;21.32;21.36;21.13;21.27;391162
20130320;21.43;21.5;21.29;21.44;333906
20130321;21.25;21.37;21.23;21.33;466722
20130322;21.44;21.54;21.34;21.52;359398
20130325;21.66;21.66;21.32;21.43;321861
20130326;21.6;21.7;21.45;21.63;284986
20130327;21.54;21.64;21.36;21.58;243284
20130328;21.53;21.98;21.53;21.97;704463
20130401;21.99;22;21.72;21.75;327877
20130402;21.83;21.87;21.69;21.76;379996
20130403;21.77;21.77;21.39;21.46;500310
20130404;21.51;21.63;21.45;21.56;358505
20130405;21.27;21.36;21.1;21.21;386899
20130408;21.18;21.42;21.18;21.42;286828
20130409;21.52;21.6;21.31;21.56;411549
20130410;21.55;22.1;21.53;22.09;593012
20130411;22.06;22.19;21.99;22.1;494770
20130412;21.97;22.02;21.82;21.96;444981
20130415;21.88;21.95;21.43;21.43;470487
20130416;21.5;21.88;21.39;21.87;523607
20130417;21.77;21.77;21.51;21.69;531749
20130418;21.72;21.79;21.4;21.5;365714
20130419;21.4;21.86;21.35;21.83;544704
20130422;21.87;21.97;21.59;21.92;319337
20130423;21.98;22.13;21.81;22.07;441243
20130424;22.06;22.35;21.99;22.33;390140
20130425;22.45;22.6;22.36;22.54;584151
20130426;22.57;22.65;22.48;22.53;504574
20130429;22.53;22.73;22.51;22.71;590281
20130430;22.7;22.79;22.6;22.78;831365
20130501;21.71;22.38;21.68;21.73;1582796
20130502;21.82;21.91;21.56;21.58;1095209
20130503;21.75;21.79;21.65;21.7;1024551
20130506;21.75;21.84;21.59;21.63;901537
20130507;21.63;22.03;21.6;22;973197
20130508;21.99;22.19;21.93;22.18;775255
20130509;22.2;22.39;22.19;22.25;543924
20130510;22.24;22.39;22.23;22.38;462767
20130513;22.41;22.47;22.27;22.35;346103
20130514;22.32;22.47;22.29;22.45;572704
20130515;22.43;22.58;22.34;22.57;478686
20130516;22.44;22.64;22.23;22.24;430233
20130517;22.41;22.65;22.3;22.65;599553
20130520;22.54;22.67;22.46;22.55;515101
20130521;22.53;22.68;22.46;22.5;523186
20130522;22.54;22.6;22.24;22.34;978860
20130523;22.27;22.36;22.17;22.2;493009
20130524;22.05;22.06;21.9;22.02;570908
20130528;22.18;22.41;22.13;22.35;420321
20130529;22.2;22.26;21.93;21.95;535012
20130530;21.94;22.2;21.93;22.13;722874
20130531;22.05;22.24;21.76;21.79;1180230
20130603;21.92;21.99;21.6;21.8;969461
20130604;21.88;21.9;21.49;21.58;820865
20130605;21.53;21.61;21.26;21.3;656542
20130606;21.34;21.42;21.15;21.37;585968
20130607;21.53;21.72;21.49;21.63;535009
20130610;21.64;21.66;21.49;21.61;481019
20130611;21.45;21.86;21.37;21.67;492434
20130612;21.79;21.85;21.48;21.48;474931
20130613;21.51;22.02;21.39;21.97;447224
20130614;22;22;21.65;21.75;437463
20130617;21.82;22.13;21.69;21.97;526111
20130618;21.92;22.18;21.92;22.16;434986
20130619;22.17;22.34;22.01;22.04;621839
20130620;21.85;21.85;21.5;21.51;549871
20130621;21.62;21.74;21.25;21.63;1190165
20130624;21.51;21.6;21.36;21.36;667556
20130625;21.53;21.66;21.27;21.61;352912
20130626;21.75;21.84;21.63;21.69;445550
20130627;21.75;22.04;21.69;22.02;485974
20130628;21.83;22.05;21.71;21.85;1080066
20130701;21.93;22.17;21.78;21.82;548512
20130702;21.74;22;21.65;21.71;425080
20130703;21.57;22.15;21.57;21.98;314204
20130705;22.12;22.38;22.02;22.24;396777
20130708;22.5;22.63;22.36;22.36;782484
20130709;22.49;22.53;22.35;22.37;653491
20130710;22.38;22.61;22.38;22.57;534910
20130711;22.74;22.84;22.67;22.79;539979
20130712;22.77;22.96;22.67;22.77;833752
20130715;22.71;22.95;22.66;22.81;462621
20130716;22.85;22.93;22.69;22.76;455324
20130717;22.87;22.94;22.7;22.74;382654
20130718;22.8;23;22.75;22.9;450772
20130719;22.9;22.99;22.78;22.95;612410
20130722;23.02;23.1;22.86;23.04;391974
20130723;23.41;23.41;22.81;22.97;389239
20130724;23.07;23.16;22.95;23;338271
20130725;22.94;23.21;22.89;23.18;338868
20130726;22.99;23.21;22.93;23.2;493521
20130729;23.1;23.22;23.01;23.1;506526
20130730;23.25;23.25;23.02;23.13;781211
20130731;23.93;24.97;23.93;24.06;2434068
20130801;24.15;24.35;24.08;24.22;953285
20130802;24.25;24.55;24.11;24.55;798447
20130805;24.45;25.13;24.43;25.09;875287
20130806;25.11;25.33;25.05;25.2;872979
20130807;25.23;25.3;25.03;25.24;599196
20130808;25.4;25.46;25.11;25.29;559499
20130809;25.28;25.4;25.11;25.28;282246
20130812;25.19;25.43;25.07;25.37;392375
20130813;25.35;25.56;25.15;25.39;251399
20130814;25.41;25.41;25.16;25.25;422019
20130815;25.02;25.04;24.74;24.81;784514
20130816;24.77;25;24.77;24.84;495300
20130819;24.8;25.01;24.63;24.71;569365
20130820;24.69;24.88;24.59;24.79;347580
20130821;24.62;24.81;24.51;24.58;378303
20130822;24.61;24.99;24.58;24.78;478948
20130823;24.9;24.98;24.8;24.87;587232
20130826;24.77;24.95;24.69;24.7;312491
20130827;24.42;24.56;24.09;24.13;442367
20130828;24.2;24.26;24.05;24.06;336984
20130829;23.94;24.22;23.7;24.09;494061
20130830;24.09;24.15;23.96;24.07;506346
20130903;24.47;24.79;24.02;24.14;647226
20130904;24.1;24.44;23.97;24.43;661541
20130905;23.27;24.48;23.17;24.43;340965
20130906;24.54;24.8;24.18;24.64;623208
20130909;24.66;24.89;24.59;24.88;465410
20130910;24.97;25.03;24.78;25;530287
20130911;24.94;25.34;24.9;25.26;359987
20130912;25.15;25.38;25;25.04;410745
20130913;25.14;25.22;24.96;25.09;275883
20130916;25.31;25.38;25.16;25.31;365559
20130917;25.34;25.57;25.26;25.48;364593
20130918;25.56;25.79;25.3;25.74;482406
20130919;25.78;25.8;25.49;25.49;367100
20130920;25.51;25.65;25.28;25.46;1329745
20130923;25.7;25.7;25.22;25.23;658381
20130924;25.29;25.55;25.14;25.45;646607
20130925;25.46;25.54;25.25;25.36;497471
20130926;25.37;25.43;25.15;25.24;454632
20130927;25.16;25.29;25.08;25.27;361488
20130930;25.12;25.3;25.02;25.26;485930
20131001;25.34;25.64;25.26;25.64;494324
20131002;25.45;25.54;25.19;25.45;575861
20131003;25.35;25.41;25.02;25.08;511185
20131004;25.08;25.32;25.03;25.25;354512
20131007;25.01;25.1;24.85;24.86;440993
20131008;24.8;24.97;24.63;24.64;474242
20131009;24.76;24.83;24.48;24.59;514034
20131010;24.87;25.13;24.73;25.11;430896
20131011;24.91;25.43;24.91;25.43;295727
20131014;25.34;25.62;25.29;25.59;308013
20131015;25.52;25.62;25.43;25.49;356446
20131016;25.65;25.93;25.59;25.93;445074
20131017;25.82;26.08;25.78;26.06;415753
20131018;26.1;26.22;26.03;26.16;394112
20131021;26.13;26.35;26.08;26.34;344149
20131022;26.45;26.6;26.3;26.56;305982
20131023;26.44;26.53;26.23;26.34;232689
20131024;26.49;26.49;26.27;26.4;231580
20131025;26.26;26.58;26.24;26.58;369254
20131028;26.69;26.78;26.51;26.67;418444
20131029;26.86;27;26.53;26.66;806001
20131030;26.38;26.65;26.19;26.3;790933
20131031;26.27;26.32;26.14;26.18;1033800
20131101;26.21;26.26;26.07;26.21;494557
20131104;26.28;26.38;26.18;26.28;313273
20131105;26.1;26.2;26.01;26.17;526618
20131106;26.09;26.33;26.09;26.33;321616
20131107;26.45;26.45;25.93;25.96;324548
20131108;25.95;26.42;25.91;26.41;420748
20131111;26.35;26.41;26.26;26.35;230833
20131112;26.23;26.43;26.11;26.41;442920
20131113;26.24;26.81;26.22;26.8;519623
20131114;26.89;27.02;26.73;26.8;420606
20131115;26.73;27.17;26.7;27.15;627304
20131118;27.13;27.41;27.12;27.37;538885
20131119;27.38;27.63;27.24;27.26;553917
20131120;27.22;27.39;27.01;27.08;369338
20131121;27.3;27.53;27.18;27.5;456292
20131122;27.59;27.65;27.45;27.53;453687
20131125;27.68;27.68;27.36;27.38;452237
20131126;27.59;27.65;27.42;27.57;710255
20131127;29.09;29.09;27.58;27.69;320126
20131129;27.57;27.78;27.47;27.47;395284
20131202;27.62;27.84;27.49;27.75;923602
20131203;27.56;27.82;27.49;27.53;497769
20131204;27.32;27.53;27.05;27.28;331587
20131205;27.25;27.34;27.06;27.07;375325
20131206;27.35;27.8;27.12;27.79;467382
20131209;28.1;28.22;27.56;27.78;365767
20131210;27.65;27.91;27.65;27.78;385066
20131211;27.73;27.86;27.57;27.6;448437
20131212;27.74;28.11;27.58;28;671078
20131213;28.19;28.19;27.89;27.96;428199
20131216;28.02;28.41;28.02;28.35;590500
20131217;28.42;28.5;27.98;28.31;1264775
20131218;28.3;28.74;27.95;28.74;1160769
20131219;28.77;28.92;28.6;28.64;1045847
20131220;28.74;29.03;28.58;28.92;2330847
20131223;29.02;29.22;28.94;29.2;945199
20131224;29.26;29.26;29.11;29.19;277060
20131226;29.26;29.5;29.14;29.44;754006
20131227;29.54;29.56;29.28;29.31;555622
20131230;29.3;29.49;29.25;29.36;557158
20131231;29.39;29.64;29.39;29.53;550317
20140102;29.53;29.61;29;29.1;1028767
20140103;29.09;29.2;28.97;29.02;1082488
20140106;29.06;29.21;28.91;29.06;1323291
20140107;29.15;29.26;29.11;29.2;627402
20140108;29.17;29.41;29.04;29.36;1195457
20140109;29.38;29.49;29.22;29.31;574363
20140110;29.4;29.4;29;29.2;1133608
20140113;28.98;29.23;28.6;28.7;881259
20140114;28.8;29.08;28.64;28.99;1074240
20140115;28.99;29.05;28.83;28.9;950661
20140116;28.83;28.92;28.65;28.7;1208530
20140117;28.58;28.77;28.33;28.63;1796101
20140121;28.74;28.9;28.38;28.56;1677991
20140122;28.74;29.24;28.61;29.2;1172899
20140123;28.86;29.24;28.73;28.88;1649837
20140124;28.7;28.72;28.17;28.2;1738912
20140127;27.79;28.31;27.79;27.95;1666486
20140128;27.99;28.44;27.91;28.39;1028250
20140129;28.26;28.47;28.09;28.11;1195975
20140130;28.29;28.61;28.18;28.39;1043094
20140131;26.84;28.14;26.84;28.03;2271824
20140203;28.2;28.24;27.17;27.2;1633041
20140204;27.27;27.86;27.18;27.76;1256543
20140205;27.69;27.92;27.31;27.87;1351857
20140206;27.52;28;27.22;27.43;2163941
20140207;27.64;27.8;27.44;27.62;1804631
20140210;27.44;27.5;27.02;27.39;3741449
20140211;27.28;27.81;27.05;27.78;2622744
20140212;27.85;28.05;27.59;27.93;2278769
20140213;27.79;28.16;27.68;28.05;2038041
20140214;27.94;28.17;27.91;28.06;1189670
20140218;28.03;28.56;28.02;28.51;1402465
20140219;28.46;28.67;28.33;28.49;1067132
20140220;28.52;28.69;28.38;28.59;907968
20140221;28.69;28.93;28.51;28.69;1189233
20140224;28.48;29.04;28.38;28.78;1292048
20140225;28.71;28.9;28.62;28.75;855133
20140226;28.87;29.01;28.74;28.82;767094
20140227;28.83;29.17;28.74;29;885957
20140228;29.04;29.17;28.81;29.03;1122554
20140303;28.85;28.95;28.64;28.82;818531
20140304;29.13;29.64;29.13;29.59;1008200
20140305;29.49;29.58;29.12;29.14;1173323
20140306;29.12;29.42;29.09;29.33;884599
20140307;29.49;29.56;29.28;29.39;898332
20140310;29.37;29.47;29.23;29.33;708086
20140311;29.39;29.47;29.23;29.32;501890
20140312;29.12;29.36;29.01;29.31;586886
20140313;29.39;29.46;28.61;28.73;1135069
20140314;28.72;28.99;28.61;28.62;966552
20140317;28.75;29.22;28.75;29.09;1090093
20140318;29.03;29.37;28.95;29.22;887148
20140319;29.14;29.36;28.87;29.06;875134
20140320;28.94;29.23;28.89;29.22;616616
20140321;29.58;29.58;28.75;28.88;2076475
20140324;29.01;29.06;28.18;28.29;1193995
20140325;27.88;28.5;27.88;28.16;1052542
20140326;28.22;28.32;27.84;27.85;786267
20140327;27.94;28.09;27.69;27.71;1756383
20140328;27.86;28.18;27.75;27.95;1112011
20140331;28.04;28.69;28.04;28.35;1987564
20140401;28.53;28.67;28.31;28.65;965658
20140402;28.67;28.9;28.58;28.84;1427299
20140403;28.91;28.99;28.86;28.88;1442001
20140404;29.04;29.15;28.61;28.65;2005186
20140407;28.5;28.67;28.03;28.22;2598642
20140408;28.25;28.52;28.18;28.38;1172556
20140409;28.38;28.56;28.23;28.52;959219
20140410;28.47;28.59;27.9;27.9;1075627
20140411;27.66;27.96;27.46;27.53;1248769
20140414;27.7;27.89;27.45;27.77;952345
20140415;27.85;28.17;27.67;28.11;914200
20140416;28.37;28.62;28.22;28.56;1032305
20140417;28.49;28.97;28.34;28.79;1162926
20140421;28.84;28.87;28.5;28.59;808700
20140422;28.5;28.71;28.4;28.54;870779
20140423;28.48;28.59;28.26;28.31;1200850
20140424;28.55;28.65;28.26;28.34;1231156
20140425;28.31;28.35;27.94;27.95;1322068
20140428;28.03;28.55;27.91;28.4;3529644
20140429;28.59;28.82;28.48;28.75;1699389
20140430;29.04;30.41;28.5;30.39;3977292
20140501;30.4;30.53;30.08;30.46;2120994
20140502;30.65;30.87;30.42;30.79;1543014
20140505;30.59;30.88;30.35;30.87;1185349
20140506;30.85;30.87;30.61;30.77;957054
20140507;30.76;30.89;30.49;30.85;1293256
20140508;30.76;31.14;30.61;30.77;1088072
20140509;30.76;30.86;30.41;30.5;1710004
20140512;30.54;30.87;30.5;30.8;1706252
20140513;30.84;30.84;30.63;30.64;915024
20140514;30.6;30.67;30.19;30.25;906068
20140515;30.4;30.4;29.73;29.85;1001132
20140516;29.92;29.92;29.47;29.74;3914760
20140519;29.69;30.03;29.67;29.94;650330
20140520;29.94;30;29.6;29.62;825830
20140521;29.68;29.79;29.6;29.65;751899
20140522;29.6;29.74;29.38;29.65;922761
20140523;29.78;29.95;29.63;29.92;691334
20140527;29.86;30.21;29.86;30.1;644773
20140528;30.08;30.13;29.9;29.95;792383
20140529;29.99;30.19;29.93;30.15;508213
20140530;30.25;30.32;29.93;30.06;714803
20140602;30.05;30.26;29.93;30.22;538909
20140603;30.15;30.51;30.06;30.48;1106347
20140604;30.36;30.47;30.29;30.39;696666
20140605;30.41;30.6;30.13;30.54;685635
20140606;30.68;30.75;30.39;30.6;828783
20140609;30.54;30.75;30.5;30.62;625372
20140610;30.46;30.69;30.27;30.42;703931
20140611;30.39;30.45;30.11;30.23;733958
20140612;30.19;30.25;29.68;29.77;951814
20140613;29.86;30.07;29.75;29.96;602734
20140616;29.91;30.02;29.68;29.76;694997
20140617;29.73;29.92;29.6;29.84;932947
20140618;29.83;30.17;29.66;30.09;807972
20140619;30.06;30.11;29.83;30.1;929386
20140620;30.22;30.29;30.05;30.21;2459910
20140623;30.15;30.2;29.92;30.16;484266
20140624;30.03;30.29;29.96;29.98;546489
20140625;29.98;30.37;29.9;30.31;712690
20140626;30.44;30.44;30.21;30.31;689718
20140627;30.19;30.24;30.05;30.19;861321
20140630;30.11;30.18;29.93;30.16;853036
20140701;30.31;30.76;30.29;30.61;949854
20140702;30.59;30.61;30.25;30.35;1075947
20140703;30.39;30.55;30.25;30.54;491521
20140707;30.37;30.48;30.23;30.42;1136109
20140708;30.46;30.5;30.34;30.43;813780
20140709;30.5;30.57;30.36;30.48;704164
20140710;30.32;30.51;30.18;30.46;762279
20140711;30.5;30.62;29.84;30.61;628908
20140714;30.71;30.77;30.58;30.76;756082
20140715;30.63;30.97;30.63;30.95;869005
20140716;31;31.1;30.93;31.02;829008
20140717;30.93;31.19;30.85;30.98;870718
20140718;31.14;31.51;30.92;31.44;1101581
20140721;31.34;31.55;31.25;31.33;1021571
20140722;31.43;31.48;31.18;31.33;847425
20140723;31.24;31.35;31.14;31.19;597702
20140724;31.28;31.48;31.28;31.39;788193
20140725;31.33;31.44;31.23;31.34;540400
20140728;31.23;31.35;31.01;31.18;902749
20140729;31.12;31.37;31.02;31.18;969814
20140730;30.73;31.34;30.66;31.28;1430574
20140731;31.37;31.37;30.8;30.84;1213989
20140801;30.78;30.99;30.66;30.72;1487479
20140804;30.72;30.8;30.47;30.71;1309469
20140805;30.56;30.68;30.35;30.43;1211569
20140806;30.36;30.76;30.27;30.64;1605703
20140807;30.71;30.8;30.35;30.41;983971
20140808;30.41;30.75;30.4;30.7;1056291
20140811;30.7;30.93;30.69;30.84;679788
20140812;30.75;30.9;30.65;30.76;652466
20140813;30.9;31.07;30.82;31;855051
20140814;31.05;31.24;31;31.19;698259
20140815;31.42;31.59;31.07;31.36;2672223
20140818;31.5;31.79;31.39;31.76;754400
20140819;31.75;31.97;31.65;31.96;642107
20140820;31.86;32.18;31.78;32.15;814298
20140821;32.09;32.24;32.04;32.11;900323
20140822;32.2;32.21;32.01;32.12;713006
20140825;32.3;32.39;32.18;32.27;598994
20140826;32.24;32.41;32.2;32.22;620489
20140827;32.2;32.27;31.98;32.09;760033
20140828;32.07;32.25;31.97;32.18;716155
20140829;32.34;32.34;31.99;32.24;815340
20140902;32.29;32.4;32.11;32.33;1062468
20140903;32.44;32.58;32.35;32.53;890999
20140904;32.58;32.9;32.56;32.62;914865
20140905;32.56;32.83;32.56;32.81;848276
20140908;32.72;33.01;32.63;32.74;690495
20140909;32.67;32.78;32.49;32.5;714045
20140910;32.49;32.74;32.48;32.65;676026
20140911;32.56;32.72;32.52;32.64;676617
20140912;32.56;32.68;32.27;32.47;783663
20140915;32.57;32.62;32.35;32.51;667086
20140916;32.42;32.63;32.31;32.59;851445
20140917;32.61;32.75;32.41;32.58;653735
20140918;32.64;32.81;32.58;32.77;543775
20140919;32.94;33.06;32.73;32.85;1298599
20140922;32.77;32.83;32.37;32.47;708660
20140923;32.51;32.58;32.23;32.24;838308
20140924;32.3;32.8;32.24;32.74;952744
20140925;32.72;32.75;32;32.01;1057969
20140926;31.97;32.26;31.9;32.17;741888
20140929;31.85;32.31;31.73;32.26;671248
20140930;32.28;32.56;32.21;32.32;880987
20141001;32.29;32.35;32.02;32.16;1009304
20141002;32.13;32.41;32.02;32.17;782458
20141003;32.29;32.67;32.28;32.57;825203
20141006;32.65;32.76;32.24;32.25;1342003
20141007;32.05;32.13;31.57;31.6;1181126
20141008;31.66;32.42;31.65;32.4;1614356
20141009;32.26;32.38;31.78;31.84;1033915
20141010;31.81;32.16;31.44;31.46;1592386
20141013;31.36;31.66;31.18;31.18;1270251
20141014;31.46;31.7;31.26;31.49;915598
20141015;31;31.29;30.44;30.87;1774970
20141016;30.3;30.93;30.28;30.86;1305885
20141017;31.07;31.54;30.97;31.39;1368256
20141020;31.33;31.49;31.13;31.45;972690
20141021;31.59;32.3;31.56;32.28;1931907
20141022;32.43;32.46;32.07;32.09;1204291
20141023;32.46;32.74;32.33;32.55;1464282
20141024;32.71;33.14;32.41;33.02;942145
20141027;33.02;33.34;32.88;33.06;900389
20141028;33.16;33.63;33.05;33.63;1270306
20141029;34.38;34.97;33.77;33.85;2003185
20141030;33.83;34.45;33.8;34.28;1204300
20141031;35.03;35.03;34.51;34.74;1517485
20141103;34.81;34.98;34.73;34.84;1035807
20141104;34.85;35.09;34.56;34.58;1296341
20141105;35.13;35.13;34.66;34.94;1207583
20141106;35.02;35.11;34.94;34.99;1009842
20141107;35.09;35.1;34.67;34.73;1106339
20141110;34.7;35.04;34.64;35.03;1608310
20141111;35.02;35.1;34.85;34.92;912441
20141112;34.75;35.01;34.75;34.92;946777
20141113;35.05;35.21;34.86;35.19;1260358
20141114;35.31;35.31;34.99;35.05;897100
20141117;34.94;35.27;34.92;35.16;957257
20141118;35.11;35.42;35.02;35.25;790269
20141119;35.24;35.28;35.1;35.2;1086849
20141120;35.1;35.26;34.91;35.22;1034121
20141121;35.6;35.6;34.97;35.03;2197883
20141124;35.17;35.34;35.04;35.31;1044473
20141125;35.44;35.58;35.2;35.24;1199011
20141126;35.3;35.5;35.24;35.45;982331
20141128;35.74;35.96;35.69;35.74;1054516
20141201;35.61;35.73;35.51;35.6;1564094
20141202;35.61;35.77;35.53;35.63;1069432
20141203;35.62;35.75;35.44;35.74;1280798
20141204;35.77;35.92;35.38;35.45;1253087
20141205;35.55;35.69;35.47;35.69;1540542
20141208;35.01;35.75;35.01;35.4;1887044
20141209;35.03;35.33;34.81;35.24;1457423
20141210;35.12;35.28;34.67;34.72;1563608
20141211;34.8;35.3;34.78;34.97;1132704
20141212;34.55;35;34.17;34.17;1567904
20141215;34.44;34.61;34.03;34.49;1453485
20141216;34.45;34.97;34.34;34.38;1482790
20141217;34.34;35.07;34.17;35.03;1222590
20141218;35.45;35.85;35.01;35.85;1411456
20141219;35.82;36.06;35.48;35.66;3393707
20141222;35.83;36.21;35.82;36.19;954167
20141223;36.38;36.63;36.2;36.51;1173531
20141224;36.62;36.63;36.31;36.33;789355
20141226;36.36;36.57;36.24;36.27;525637
20141229;36.12;36.27;36.12;36.17;624494
20141230;36.01;36.16;35.97;35.99;663864
20141231;36.08;36.21;35.47;35.49;813034
20150102;35.74;35.99;35.18;35.31;1023899
20150105;35.18;35.35;34.78;34.91;1045381
20150106;35.06;35.26;34.56;34.95;2873029
20150107;35.14;35.43;34.87;35.42;1118516
20150108;35.77;36.26;35.75;36.14;1566517
20150109;36.17;36.35;35.88;36.03;1376077
20150112;36.14;36.22;35.84;35.99;1202510
20150113;36.31;36.87;35.87;36.11;975944
20150114;35.72;35.97;35.59;35.9;832139
20150115;35.98;36.12;35.69;35.86;877524
20150116;35.92;36.57;35.77;36.52;1097679
20150120;36.73;36.8;36.09;36.58;1174512
20150121;36.26;36.53;35.99;36.21;1150154
20150122;36.41;36.86;35.95;36.81;808924
20150123;36.9;37.18;36.65;37.03;678544
20150126;36.86;37.31;36.81;37.16;804849
20150127;36.61;36.95;36.35;36.62;770459
20150128;36.72;37.04;36.4;36.42;1085247
20150129;36.41;36.95;36.31;36.94;1050218
20150130;36.55;36.83;36.23;36.27;1534783
20150202;36.56;36.76;35.89;36.72;1110819
20150203;36.93;37.28;36.69;37.24;1476650
20150204;37.03;38.15;36.85;37.9;2178152
20150205;37.99;38.56;37.82;38.56;1665097
20150206;38.56;38.9;38.35;38.49;1446709
20150209;38.33;38.49;38.08;38.24;971260
20150210;38.36;38.83;38.25;38.75;985352
20150211;38.8;38.95;38.63;38.85;1270812
20150212;39.01;39.24;38.91;39.23;936625
20150213;39.24;39.37;39.1;39.35;1199580
20150217;39.3;39.52;39.14;39.37;953427
20150218;39.2;39.54;39.16;39.53;925905
20150219;39.57;39.7;39.42;39.53;969213
20150220;39.19;39.78;39.16;39.53;2553457
20150223;39.09;39.48;39.09;39.41;1016388
20150224;39.3;39.58;39.3;39.52;1313073
20150225;39.46;39.74;39.32;39.45;1099536
20150226;39.53;39.63;39.21;39.32;882062
20150227;39.35;39.36;38.99;39.03;1171228
20150302;39.16;39.53;38.99;39.44;1262168
20150303;39.21;39.35;39.1;39.25;1451751
20150304;39.19;39.28;38.85;38.99;834631
20150305;39.16;39.16;38.86;38.98;729711
20150306;38.84;39.12;38.17;38.76;906402
20150309;38.72;39.12;38.6;39.07;1028706
20150310;38.63;38.81;38.35;38.37;1139064
20150311;38.41;38.63;38.35;38.48;980407
20150312;38.74;39.17;38.59;39.12;877929
20150313;38.99;39.12;38.47;38.7;1161371
20150316;39.09;39.38;38.95;39.34;1160901
20150317;39.16;39.38;39.16;39.28;967257
20150318;39.14;40.09;39.07;39.92;1021399
20150319;39.99;40.12;39.83;40.09;945326
20150320;40.36;40.49;40.13;40.15;2485284
20150323;40.32;40.34;40.1;40.12;707764
20150324;39.97;40.03;39.79;39.8;755386
20150325;39.82;39.82;38.92;38.92;839042
20150326;38.7;39.33;38.65;39.22;811960
20150327;39.13;39.31;38.99;39.2;732451
20150330;39.43;39.93;39.4;39.87;602660
20150331;39.66;39.95;39.45;39.7;1005300
20150401;39.69;39.79;39.24;39.79;981596
20150402;39.66;40.04;39.59;39.81;957402
20150406;39.49;40.1;39.42;39.92;775350
20150407;39.86;40.03;39.66;39.66;591753
20150408;39.7;40.22;39.68;40.15;846512
20150409;40.08;40.13;39.56;40.01;612553
20150410;39.96;39.96;39.23;39.53;1446244
20150413;39.49;39.92;39.38;39.48;849074
20150414;39.42;39.59;39.17;39.31;687760
20150415;39.31;39.63;39.3;39.44;608506
20150416;39.33;39.45;39.19;39.33;713537
20150417;38.99;39.1;38.46;38.72;981201
20150420;38.87;39.2;38.82;39.08;709080
20150421;39.32;39.5;39.02;39.27;834186
20150422;39.36;39.56;39.09;39.47;561260
20150423;39.3;39.95;39.3;39.87;723010
20150424;40.02;40.02;39.39;39.63;737065
20150427;39.76;39.84;39.45;39.56;935484
20150428;39.35;39.78;39.28;39.76;957840
20150429;39.52;39.75;39.31;39.41;862125
20150430;39.18;39.41;38.68;38.8;1245749
20150501;39.03;39.4;38.92;39.33;1292373
20150504;39.35;39.54;39.25;39.31;1136410
20150505;39.1;39.47;38.55;38.74;1256414
20150506;39.24;40.4;38.53;39.45;2691079
20150507;39.31;39.75;39.26;39.6;1120242
20150508;39.88;40.3;39.78;40.07;781054
20150511;40;40.45;39.92;40.1;1221463
20150512;39.99;40.17;39.56;39.99;934176
20150513;40.11;40.5;39.95;40.1;763044
20150514;40.41;40.5;40.18;40.44;1098944
20150515;40.7;40.78;40.33;40.49;937233
20150518;40.41;40.83;40.41;40.73;993044
20150519;40.72;40.78;40.44;40.51;868212
20150520;40.44;40.79;40.36;40.56;793712
20150521;40.43;40.6;40.34;40.45;634926
20150522;40.31;40.52;40.28;40.28;559035
20150526;40.25;40.25;39.7;39.88;700623
20150527;39.99;40.47;39.78;40.39;697365
20150528;40.3;40.49;40.13;40.4;515791
20150529;40.34;40.34;39.97;40.08;1292344
20150601;40.3;40.45;39.78;40.28;630340
20150602;39.99;40.31;39.85;40.24;977185
20150603;40.44;40.74;40.2;40.69;880367
20150604;40.57;40.66;40.04;40.1;933299
20150605;40.02;40.21;39.78;40.11;680484
20150608;40.13;40.24;39.8;39.8;578526
20150609;39.81;39.99;39.59;39.62;770901
20150610;39.74;40.37;39.63;40.21;1170107
20150611;40.19;40.65;40.16;40.49;805240
20150612;40.35;40.44;40.1;40.16;496702
20150615;39.77;40;39.51;39.78;808546
20150616;39.7;40.39;39.7;40.31;940686
20150617;40.4;40.65;40.24;40.46;1305332
20150618;40.66;41.35;40.63;41.35;2218371
20150619;42.55;42.75;42.05;42.64;5053534
20150622;42.79;43.19;42.65;43.02;1760838
20150623;43.19;43.2;42.68;42.85;1353920
20150624;42.86;43.07;42.5;42.5;1393842
20150625;42.57;42.71;42.36;42.44;996536
20150626;42.39;42.6;42.24;42.51;1608251
20150629;42.24;42.24;41.33;41.42;1426731
20150630;41.8;41.86;41.3;41.42;1198308
20150701;41.73;42.15;41.6;42.06;1071867
20150702;42.06;42.23;41.67;41.93;945712
20150706;41.66;42.19;41.62;42.16;898735
20150707;42.18;42.48;41.58;42.48;1609367
20150708;42.27;42.47;41.65;41.71;885806
20150709;42.21;42.48;42;42.22;974983
20150710;42.71;43.25;42.62;43.18;1201178
20150713;43.43;43.65;43.2;43.55;1164021
20150714;43.65;43.77;43.43;43.7;902050
20150715;43.49;43.83;43.41;43.6;1073160
20150716;43.97;44.2;43.69;44.12;875739
20150717;44.08;44.14;43.88;44.02;784032
20150720;44.08;44.33;44.04;44.07;1029555
20150721;44.05;44.18;43.64;43.68;988305
20150722;43.67;44.13;43.67;43.99;716486
20150723;43.92;43.98;43.18;43.34;1212817
20150724;43.34;43.47;42.89;43;1105084
20150727;42.93;43.13;42.48;42.53;1366192
20150728;42.71;42.93;42.35;42.82;1640594
20150729;42.82;44.09;42.68;43.91;1490727
20150730;43.38;44.39;42.66;43.79;1991863
20150731;44.03;44.05;43.43;43.43;1193674
20150803;43.43;43.83;43.15;43.66;1105433
20150804;43.65;44.3;43.57;43.88;1057901
20150805;44.14;44.6;44.02;44.27;1110299
20150806;44.21;44.36;43.46;43.53;908733
20150807;43.5;43.85;43.39;43.76;1111138
20150810;44.02;44.75;43.9;44.42;977723
20150811;44.16;44.34;43.84;44.03;835054
20150812;43.7;44.37;43.28;44.27;1402882
20150813;44.25;44.91;44.13;44.58;760366
20150814;44.44;44.9;44.35;44.79;572821
20150817;44.63;45.12;44.26;45.06;717345
20150818;45.02;45.19;44.85;45.14;483713
20150819;45;45.27;44.54;44.9;712945
20150820;44.48;44.81;44.21;44.21;1019961
20150821;43.8;43.97;42.43;42.44;1791096
20150824;40.63;42.11;38.98;40.7;3140715
20150825;41.71;41.77;40.03;40.03;2095504
20150826;41.05;42.37;40.58;42.32;2144090
20150827;42.74;43.39;42.39;43.28;1868470
20150828;43.16;43.5;42.96;43.39;951218
20150831;42.91;43.26;42.62;42.64;1228109
20150901;41.72;42.09;41.2;41.44;1474249
20150902;41.91;42.6;41.66;42.59;1537405
20150903;43.02;43.23;42.5;42.87;1102143
20150904;42.12;42.51;41.85;42.06;1144055
20150908;42.86;43.32;42.07;43.29;1368526
20150909;43.72;43.86;42.46;42.56;1003977
20150910;42.44;43.38;42.29;42.96;934118
20150911;42.61;43.12;42.57;43.04;1196930
20150914;42.99;43.04;42.56;42.61;1086121
20150915;42.83;43.49;42.54;43.35;1310374
20150916;43.31;43.75;43.17;43.65;997662
20150917;43.73;44.44;43.68;43.8;1009273
20150918;43.21;44.1;43.05;43.27;1931741
20150921;43.59;44.14;43.52;43.91;907469
20150922;43.16;43.57;42.99;43.14;1734453
20150923;43.14;43.81;43.03;43.69;1091663
20150924;43.24;43.94;43.13;43.82;1255198
20150925;44.24;44.61;43.65;43.89;1186529
20150928;43.73;43.9;42.26;42.27;1916871
20150929;42.44;42.6;42.24;42.38;1832839
20150930;42.93;43.35;42.72;43.31;1277164
20151001;43.46;43.76;43.06;43.76;1370800
20151002;43.14;44.12;42.71;44.11;1541196
20151005;44.62;44.78;44.43;44.68;1113175
20151006;44.5;44.73;44.12;44.21;968587
20151007;44.46;44.93;44.28;44.78;904105
20151008;44.56;45.7;44.45;45.67;1193694
20151009;45.57;46.14;45.52;46.09;1257547
20151012;46.09;46.34;46;46.22;1165676
20151013;46.09;46.18;45.71;45.79;908337
20151014;45.81;46.01;45.36;45.47;831829
20151015;45.69;45.75;45.32;45.52;1305332
20151016;45.6;45.99;45.4;45.98;1186941
20151019;45.9;46.38;45.73;46.38;901679
20151020;46.29;46.5;46.2;46.44;1086412
20151021;46.6;46.8;46.17;46.3;941234
20151022;46.46;47.39;46.46;47.26;1107314
20151023;47.79;48.07;47.25;47.88;1100046
20151026;47.98;48.07;47.49;47.77;1357661
20151027;47.59;47.88;47.44;47.72;993762
20151028;48.1;48.71;47.75;48.3;1955942
20151029;48.05;48.52;47.88;48.36;1336862
20151030;48.49;48.69;48.26;48.26;1203453
20151102;48.43;48.56;48.13;48.39;1431094
20151103;48.45;48.47;47.52;47.82;1922355
20151104;47.88;48.22;47.78;47.87;1551864
20151105;48.2;48.2;47.8;47.97;1219556
20151106;47.82;48.14;47.74;47.95;1079039
20151109;47.88;47.9;47.37;47.66;1096224
20151110;47.66;48.22;47.62;48.2;883805
20151111;48.2;48.57;48.06;48.24;657621
20151112;47.99;48.17;47.7;47.72;855849
20151113;47.55;47.81;47.15;47.19;838579
20151116;47.28;47.8;47.11;47.78;850886
20151117;47.94;48.13;47.64;47.79;930701
20151118;47.87;48.11;47.42;48.01;1217230
20151119;48.22;48.51;48.05;48.33;1147740
20151120;48.6;48.76;48.33;48.4;1044871
20151123;48.51;48.64;48.1;48.13;1329789
20151124;47.88;48.09;47.29;47.62;1483507
20151125;47.74;47.88;47.54;47.71;848650
20151127;47.7;48.07;47.53;47.87;462750
20151130;48.16;48.24;47.82;48.12;2042354
20151201;48.27;48.88;48.23;48.6;1155877
20151202;48.49;48.6;47.85;47.94;1754182
20151203;47.98;48.13;46.57;46.89;1799753
20151204;46.9;47.74;46.9;47.73;1884933
20151207;47.62;47.73;46.91;47.3;1126382
20151208;47.02;47.43;46.73;47.34;1116899
20151209;47;47.46;46.48;46.59;907732
20151210;46.74;47.11;46.36;46.82;1057138
20151211;46.12;46.61;45.84;45.87;1341572
20151214;45.9;46.75;45.89;46.72;1370640
20151215;46.83;47.23;46.69;46.97;1285108
20151216;47.31;47.5;46.32;46.82;1607038
20151217;47.02;47.18;46.33;46.46;1450347
20151218;46.16;46.49;45.59;45.73;3949779
20151221;46.06;46.2;45.81;46.19;896307
20151222;46.35;46.57;45.9;46.47;800001
20151223;46.76;46.86;46.33;46.73;788392
20151224;46.74;46.75;46.48;46.53;465292
20151228;46.32;46.58;46;46.57;761775
20151229;46.96;47.34;46.82;47.09;929569
20151230;47.09;47.26;46.47;46.48;766765
20151231;46.39;46.75;45.7;45.73;988913
20160104;45.05;45.49;44.09;44.75;1609770
20160105;44.71;45.12;44.64;44.96;1107101
20160106;44.28;44.8;44.09;44.62;1026239
20160107;43.21;44.37;42.82;44.11;1774361
20160108;44.12;44.51;43.55;43.77;1508745
20160111;43.93;44.18;43.64;43.97;1386033
20160112;44.04;44.74;43.85;44.66;1170260
20160113;44.75;44.78;43.34;43.42;1066452
20160114;43.59;44.92;43.4;44.52;1470433
20160115;43.11;43.98;43.01;43.67;1478684
20160119;44.25;44.73;43.92;44.52;1802685
20160120;43.83;44.82;43.17;44.48;2065783
20160121;44.7;45.26;44.29;44.82;1374412
20160122;45.49;45.93;45.09;45.75;966010
20160125;45.2;45.75;44.99;45.08;1275416
20160126;45.26;45.93;45.05;45.7;855729
20160127;45.63;46.13;45.11;45.23;1108893
20160128;45.6;45.94;45.14;45.51;964707
20160129;45.8;47.32;45.66;47.28;1505495
20160201;46.78;47.47;46.7;47.19;1617293
20160202;46.96;46.96;46.24;46.52;1311761
20160203;47.5;47.61;46.37;47.4;2658701
20160204;47.51;48.28;47.35;48.27;1599161
20160205;47.91;48.26;47;47.3;1485435
20160208;46.89;47.35;45.25;45.91;2119994
20160209;45.67;46.46;45.48;46.05;1641736
20160210;46.56;47.18;46.27;46.36;861035
20160211;45.47;46.14;45.3;45.84;1612524
20160212;46.68;47.17;46.21;46.54;1122501
20160216;47.16;47.39;46.65;47.18;1706748
20160217;47.5;48.12;47.02;47.93;2034853
20160218;48.02;48.33;47.78;48.16;1164960
20160219;48.04;48.4;47.69;48.33;1425583
20160222;48.46;49.16;48.45;48.96;1047296
20160223;48.9;49.04;48.55;48.6;1574681
20160224;48.26;49.23;47.92;49.15;984135
20160225;49.36;49.74;48.86;49.74;912123
20160226;49.8;49.86;48.82;48.99;875822
20160229;48.84;49.14;47.75;47.82;3417436
20160301;48.36;49.17;48.13;49.17;1747699
20160302;49.12;49.49;48.31;48.64;948853
20160303;48.42;48.67;48.24;48.65;1058349
20160304;48.82;48.87;48.23;48.58;1029532
20160307;48.44;48.58;48.07;48.29;1020557
20160308;48.17;48.41;47.87;47.92;1175926
20160309;48.18;48.35;48;48.23;937423
20160310;48.49;49.01;47.83;48.22;791252
20160311;48.71;49.1;48.16;49.07;743901
20160314;48.92;49.32;48.81;49.21;874576
20160315;48.94;49.42;48.87;49.41;739233
20160316;49.06;50.01;49.05;49.96;914555
20160317;49.74;50.5;49.74;50.32;1088710
20160318;50.54;50.85;49.82;50.79;2873196
20160321;50.32;50.6;49.88;50.21;1320609
20160322;49.98;50.5;49.85;49.96;1279992
20160323;49.94;50.51;49.79;50.16;912344
20160324;50;50.27;49.52;49.89;968142
20160328;49.95;50.16;49.64;49.76;711282
20160329;50.62;50.88;49.61;50.85;1137125
20160330;51.06;51.28;50.66;51.04;940676
20160331;50.88;51.44;50.81;51.29;1578638
20160401;51.18;51.77;50.96;51.69;875676
20160404;51.65;51.75;51.09;51.21;962784
20160405;50.58;51.06;50.42;50.49;1234551
20160406;50.49;50.9;50.46;50.88;1955087
20160407;50.55;50.68;49.92;50.15;947725
20160408;50.41;50.57;50.03;50.23;777280
20160411;50.46;50.71;49.85;49.88;675488
20160412;49.93;50.12;49.54;50.11;1094298
20160413;50.35;50.44;49.91;50.15;1106791
20160414;50.27;50.31;49.79;49.84;977026
20160415;49.77;49.99;49.56;49.89;781070
20160418;49.81;50.42;49.77;50.42;568097
20160419;50.54;50.62;50.11;50.37;613651
20160420;50.45;50.5;49.63;49.78;1074368
20160421;49.68;49.77;49.05;49.21;1211851
20160422;49;49.32;48.65;49.02;1141486
20160425;48.96;49.55;48.87;49.44;814913
20160426;49.54;49.93;49.34;49.45;865535
20160427;49.41;49.85;49.14;49.6;806673
20160428;49.37;49.98;49.07;49.17;948901
20160429;48.78;48.98;48.17;48.86;1013697
20160502;48.8;49.64;48.8;49.55;795645
20160503;49.2;49.98;49;49.35;807256
20160504;49.07;49.61;48.93;49.48;1001832
20160505;49.53;49.93;49.39;49.63;1371057
20160506;49.4;51.4;48.76;51.32;2023070
20160509;51.43;52.11;51.28;51.81;1416825
20160510;52.11;52.79;51.83;52.78;1244560
20160511;52.77;53.07;52.42;52.68;1410739
20160512;52.85;52.93;52.19;52.62;803945
20160513;52.55;52.75;51.87;51.93;1046404
20160516;51.85;52.34;51.78;52.13;752399
20160517;51.89;52.34;51.4;51.58;1082827
20160518;51.46;51.61;50.81;51.23;1279303
20160519;51.02;51.16;50.49;50.89;646769
20160520;51.09;51.55;50.93;51.22;1084351
20160523;51.25;51.48;50.89;50.93;704909
20160524;51.13;52.23;50.95;52.19;933495
20160525;52.25;52.37;51.92;52;786357
20160526;51.27;52.18;51.27;52.13;534569
20160527;52.23;52.57;52.17;52.57;654438
20160531;52.74;52.82;52.34;52.67;1391857
20160601;52.63;53.01;52.56;52.96;901643
20160602;52.95;53.33;52.82;53.33;739956
20160603;53.26;53.26;52.64;53.03;591475
20160606;53.03;53.51;52.83;53.32;663360
20160607;53.29;53.69;53.22;53.26;620769
20160608;53.22;53.8;53.06;53.7;1002143
20160609;53.53;53.79;53.05;53.67;696746
20160610;53.13;53.68;53.06;53.19;718204
20160613;53.14;53.4;52.73;52.81;891316
20160614;52.64;52.98;52.52;52.88;1340081
20160615;52.87;53.24;52.61;52.88;1018857
20160616;52.73;53.2;52.56;53.14;658086
20160617;53.08;53.08;52.04;52.22;1428480
20160620;52.61;53.2;52.61;52.68;722256
20160621;52.68;52.95;52.52;52.72;869882
20160622;52.69;52.91;52.19;52.22;796244
20160623;52.65;52.82;52.35;52.82;909803
20160624;51;52.02;50.8;51.63;2135026
20160627;51.15;51.55;50.92;51.23;1842307
20160628;51.46;52.45;51.33;52.39;1123114
20160629;52.7;53.28;52.5;53.22;1027738
20160630;53.44;54.43;53.17;54.37;1542093
20160701;54.26;54.59;54.17;54.46;789625
20160705;54.32;54.83;54.08;54.72;1511396
20160706;54.67;54.89;54.22;54.36;1416212
20160707;54.32;54.41;53.99;54.22;863091
20160708;54.62;54.97;54.53;54.85;1296983
20160711;55;55.35;54.85;55.15;949189
20160712;55.52;55.71;54.96;55.1;809501
20160713;55.4;55.5;55.22;55.28;933850
20160714;55.76;55.76;55.1;55.28;849919
20160715;55.57;55.57;55.09;55.17;711625
20160718;55.31;55.5;55.06;55.13;612030
20160719;54.89;55.34;54.89;55.2;569431
20160720;55.24;55.49;55.24;55.46;534329
20160721;55.44;55.49;54.79;54.97;615080
20160722;55.11;55.3;54.94;55.24;522645
20160725;55.12;55.33;55;55.18;518523
20160726;55.25;55.73;55.17;55.46;806116
20160727;55.41;55.48;54.84;55;798603
20160728;54.92;55.45;54.74;55.36;859139
20160729;55.4;55.4;54.97;55.18;771728
20160801;55.08;55.5;55.04;55.18;945231
20160802;54.96;55.3;54.63;54.71;1124847
20160803;53.35;53.78;51.15;52.23;3307398
20160804;52.42;53.03;52.3;52.79;1668944
20160805;52.97;53.15;52.56;52.6;1294269
20160808;52.54;52.62;51.87;52;975978
20160809;51.9;52.25;51.77;52.1;803572
20160810;52.11;52.48;51.89;52.1;758300
20160811;52.15;52.4;51.54;51.7;1293194
20160812;51.54;51.96;51.48;51.68;750381
20160815;51.85;51.85;51.47;51.49;758645
20160816;51.3;51.37;50.77;50.77;891688
20160817;50.9;51.41;50.5;51.39;1322587
20160818;51.26;51.54;51.02;51.26;684309
20160819;51.1;51.35;50.93;51.27;811136
20160822;51.18;51.46;51.07;51.42;555192
20160823;51.5;52.23;51.47;52.06;1322306
20160824;51.91;52.12;51.33;51.36;1030408
20160825;51.4;51.88;51.3;51.51;542090
20160826;51.66;52.34;51.49;51.74;803598
20160829;51.73;52;51.6;51.64;589322
20160830;51.59;51.81;51.29;51.47;520476
20160831;51.48;51.65;51.35;51.53;730213
20160901;51.55;52;51.37;51.9;718174
20160902;52.24;52.34;51.93;52.17;718139
20160906;52.15;52.15;51.63;51.85;687204
20160907;51.88;51.88;51.44;51.57;635637
20160908;51.39;51.54;51.07;51.14;788499
20160909;50.84;50.97;50.13;50.14;1053247
20160912;50.01;50.67;49.91;50.58;1064040
20160913;50.29;50.3;49.58;49.67;1232684
20160914;49.64;50.19;49.1;49.19;1345068
20160915;49.08;50.29;48.87;49.97;1786323
20160916;50.08;50.08;49.33;49.61;1996595
20160919;49.66;50.08;49.51;49.65;706658
20160920;49.99;50.02;49.66;49.67;789749
20160921;49.94;50.84;49.82;50.75;1317284
20160922;50.95;51.38;50.92;51.17;1047613
20160923;51.14;51.34;50.57;50.6;706402
20160926;50.3;50.48;50.02;50.13;816153
20160927;49.91;50.38;49.65;50.31;893817
20160928;50.37;50.37;49.64;50.12;1037908
20160929;49.98;50.28;49.73;49.86;933260
20160930;49.88;49.99;49.48;49.74;1456494
20161003;49.55;49.99;49.55;49.88;800223
20161004;50.1;50.14;49.27;49.45;969265
20161005;49.69;49.94;49.36;49.85;1143927
20161006;49.74;50.42;49.71;50.41;1018761
20161007;50.44;50.44;49.68;49.99;1535763
20161010;50.12;50.44;50;50.27;634452
20161011;50.28;50.28;49.29;49.57;1020175
20161012;49.54;50.17;49.31;50.05;1036905
20161013;49.74;50.03;49.43;49.87;853545
20161014;49.25;50.42;49.25;50.03;939365
20161017;50.08;50.16;49.77;49.93;773529
20161018;50.35;50.5;50.02;50.03;450879
20161019;50.1;50.23;49.84;49.91;1198383
20161020;50;50.06;49.55;49.83;812131
20161021;49.67;49.67;49.04;49.58;1119116
20161024;49.99;50.39;49.87;50.26;1055293
20161025;50.25;50.33;49.79;49.86;934706
20161026;49.77;50.24;49.73;50;1082503
20161027;46.62;48.6;46.41;48.38;4545668
20161028;48.81;49.52;48.81;49.17;2420825
20161031;49.24;49.44;48.74;49.24;1462263
20161101;49.37;49.57;48.95;49.28;1478809
20161102;49.31;49.76;49.3;49.33;1307658
20161103;49.34;49.35;49.03;49.06;1004978
20161104;48.71;49.27;48.71;48.97;1053034
20161107;49.84;49.97;49.48;49.78;986992
20161108;49.51;50.26;49.48;50.09;782932
20161109;48.57;50.42;48.53;50.26;1228858
20161110;50.4;50.5;49.33;49.9;1347369
20161111;49.75;50.36;49.6;50.27;1325549
20161114;50.42;50.54;50.03;50.06;1700815
20161115;50.18;50.87;50.02;50.77;1849888
20161116;50.6;51.86;50.6;51.61;2533908
20161117;51.54;52.66;51.54;52.53;2008219
20161118;52.47;52.74;52.09;52.15;1371910
20161121;51.26;52.75;51.26;52.72;1262858
20161122;52.8;53.19;52.54;53.16;1170776
20161123;53.1;53.8;52.75;53.8;1705683
20161125;53.91;53.95;53.43;53.62;483580
20161128;53.61;53.89;53.18;53.31;1426253
20161129;53.38;53.6;53.19;53.27;944529
20161130;53.27;53.48;52.3;52.31;1668194
20161201;52.28;52.43;51.42;51.66;1207761
20161202;51.7;52.09;51.53;51.69;1326395
20161205;51.84;52.28;51.67;51.82;1734418
20161206;51.95;51.98;51.52;51.63;768619
20161207;51.63;52.45;51.3;52.41;968174
20161208;52.28;52.54;52.12;52.36;847305
20161209;52.5;52.5;52.2;52.4;799023
20161212;52.34;52.44;52.18;52.41;608398
20161213;52.71;53.28;52.25;53.05;989520
20161214;53.17;53.47;52.9;53.02;1161747
20161215;53.02;53.85;52.86;53.64;922820
20161216;53.67;53.94;53.34;53.52;1747170
20161219;53.49;54.09;53.37;53.68;551268
20161220;53.95;54.56;53.67;54.54;830640
20161221;54.36;54.5;54.09;54.29;578984
20161222;54.29;54.4;53.71;53.81;642888
20161223;53.83;54.1;53.81;54;312293
20161227;54.13;54.52;53.74;54.07;631158
20161228;54.14;54.14;53.56;53.6;688333
20161229;53.73;54.23;53.46;53.64;699547
20161230;53.82;53.96;52.98;53.14;835542
20170103;53.41;53.85;53.25;53.67;1071439
20170104;53.66;54.37;53.66;54.33;679505
20170105;54.23;54.59;54.01;54.31;831208
20170106;54.21;55;54.08;54.92;778387
20170109;54.88;54.95;53.91;54.05;939882
20170110;53.98;54.3;53.78;54.12;729605
20170111;53.99;54.28;53.9;54.27;536148
20170112;54.27;54.81;53.92;54.71;850302
20170113;54.7;55.25;54.59;55.15;699211
20170117;55.16;55.75;54.88;55.22;996815
20170118;55.41;55.41;54.93;55.04;731663
20170119;54.94;55.39;54.53;54.68;628900
20170120;55.03;55.16;54.42;54.78;1163743
20170123;54.75;54.96;54.26;54.33;873627
20170124;54.46;54.5;54.03;54.26;1105865
20170125;54.4;54.68;54.22;54.27;874628
20170126;54.25;54.41;53.91;53.93;850631
20170127;54.05;54.15;53.73;54.05;1039556
20170130;54.03;54.3;53.67;54.08;954611
20170131;53.97;54.13;53.52;53.72;988758
20170201;53.57;53.62;52.36;52.69;1703918
20170202;52.32;52.98;52.27;52.73;1313965
20170203;53.21;53.59;52.26;53.36;1188335
20170206;53.26;53.45;53;53.43;879333
20170207;53.42;53.45;53.06;53.21;999641
20170208;53.31;54.18;53.1;53.89;1224149
20170209;53.89;55.22;53.71;54.74;1895746
20170210;54.78;55.06;54.43;54.54;1226602
20170213;54.78;55.15;54.68;55.05;1079906
20170214;54.78;55.18;54.74;55.07;859874
20170215;55.07;55.64;55.02;55.54;1337948
20170216;55.62;55.75;55.22;55.63;835304
20170217;55.63;56;55.33;55.99;989065
20170221;55.24;56.27;55.24;56.2;1011149
20170222;56.05;57.37;55.51;56.91;1988516
20170223;57.08;57.55;56.78;57.45;1237458
20170224;57.36;58.16;57.19;58.15;1031122
20170227;58.02;58.35;57.73;57.79;1190369
20170228;57.77;58.08;57.55;57.7;1208869
20170301;58.09;58.71;57.99;58.56;1046059
20170302;58.38;58.62;58.04;58.32;636792
20170303;58.23;58.77;58.06;58.75;641720
20170306;58.41;58.71;58.26;58.51;633808
20170307;58.6;58.73;58.35;58.48;614427
20170308;58.62;58.99;58.34;58.73;1030688
20170309;58.84;59.02;58.44;58.73;1059594
20170310;59.11;59.15;58.43;58.64;976525
20170313;58.6;58.97;58.53;58.95;630132
20170314;58.93;59.06;58.47;58.69;585252
20170315;59.03;59.03;58.4;58.83;869245
20170316;58.88;58.97;58.36;58.63;713174
20170317;58.89;59.11;58.59;58.9;1690717
20170320;58.96;58.97;58.16;58.35;805813
20170321;58.56;58.65;57.76;58.08;1384528
20170322;56.65;58.23;56.65;57.94;1362882
20170323;57.87;58.26;57.53;57.93;928680
20170324;58.05;58.27;57.75;57.97;710642
20170327;57.62;57.93;57.41;57.75;800368
20170328;57.69;58.13;57.41;57.9;1044984
20170329;57.8;58.05;57.57;57.96;612290
20170330;57.76;58.24;57.76;57.97;465416
20170331;57.76;58.01;57.65;57.66;827738
20170403;57.75;58.01;57.48;57.82;1134394
20170404;57.68;58.05;57.51;57.69;779487
20170405;57.84;58.49;57.68;57.78;715167
20170406;57.65;58;57.58;57.83;503333
20170407;57.95;58.07;57.68;57.91;732448
20170410;57.73;58.27;57.64;57.97;780110
20170411;57.85;58.13;57.56;58.13;564230
20170412;57.77;58.07;57.74;57.9;646979
20170413;58;58.29;57.59;57.6;666788
20170417;57.86;58.25;57.86;58.23;632132
20170418;58.08;58.31;58.02;58.18;478605
20170419;58.22;58.53;58;58.28;614634
20170420;58.55;59;58.28;58.9;598919
20170421;58.85;59.29;58.7;59.2;1021422
20170424;59.8;60;59.46;59.72;965778
20170425;59.99;60.05;59.62;59.81;866996
20170426;59.73;60.22;59.59;60;1081121
20170427;60.43;61.46;59.78;59.95;1324703
20170428;60.06;60.06;59.19;59.57;827680
20170501;59.75;59.82;59.42;59.55;637391
20170502;59.72;59.72;59.15;59.32;934189
20170503;59.32;59.32;58.67;59.23;1132580
20170504;59.32;60.59;58.88;60.13;1085222
20170505;60.17;60.21;59.63;60;634264
20170508;59.99;60.09;59.71;59.92;619231
20170509;60;60.1;59.7;59.87;959646
20170510;59.71;59.95;59.55;59.63;603570
20170511;59.49;59.95;59.05;59.93;608495
20170512;59.82;59.96;59.6;59.89;527931
20170515;59.82;60.47;59.82;60.45;728544
20170516;60.13;60.57;59.75;59.88;770582
20170517;59.51;60.01;59.37;59.57;880469
20170518;59.65;60.19;59.48;60.02;717076
20170519;60.06;60.55;59.74;60.34;883468
20170522;60.38;61.25;60.34;61.16;803088
20170523;61.46;61.59;61.03;61.17;755827
20170524;61.14;61.4;61;61.38;592971
20170525;61.44;62.4;61.41;62.26;814294
20170526;62.3;62.41;61.94;62.05;551376
20170530;61.97;62.35;61.85;62.27;509129
20170531;62.45;62.67;62.17;62.64;1532091
20170601;62.7;62.82;62.19;62.62;895978
20170602;62.8;62.95;62.28;62.86;767890
20170605;63;63.14;62.53;62.73;634435
20170606;62.71;62.9;62.16;62.22;1153764
20170607;62.25;62.58;61.99;62.55;700175
20170608;62.49;62.59;61.42;61.88;821631
20170609;61.96;62.21;60.98;61.43;823108
20170612;61.23;61.79;61.13;61.59;874704
20170613;61.57;62.35;61.41;62.26;664420
20170614;62.52;62.78;61.85;62.31;736344
20170615;61.95;62.78;61.69;62.74;641431
20170616;60.87;62.8;60.87;62.33;1732423
20170619;62.53;62.66;62.33;62.6;778124
20170620;62.39;62.98;62.2;62.31;962389
20170621;62.37;62.88;62.16;62.69;1153194
20170622;62.61;62.81;61.98;62.46;683601
20170623;62.49;62.73;62.32;62.4;1389735
20170626;62.53;63.55;62.07;62.17;646157
20170627;61.93;62.04;61.41;61.43;668115
20170628;61.58;62.13;61.15;62.03;782125
20170629;61.81;61.82;60.19;60.81;1160143
20170630;61.07;61.39;60.69;61.17;1017781
20170703;61.38;61.74;60.62;60.66;461496
20170705;60.75;61.36;60.64;61.18;869498
20170706;60.81;61.05;60.37;60.9;834355
20170707;61;61.74;61;61.39;704350
20170710;61.45;61.55;61.24;61.4;506612
20170711;61.37;61.45;60.89;61.02;1106890
20170712;61.39;61.77;61.35;61.72;644777
20170713;61.73;61.97;61.44;61.64;709647
20170714;61.84;61.93;61.66;61.81;514255
20170717;62.03;62.75;62;62.63;836798
20170718;62.56;62.72;62.24;62.53;644642
20170719;62.71;63.02;62.5;62.88;558467
20170720;62.92;63.24;62.73;63.12;510699
20170721;62.89;63.63;62.89;63.36;586040
20170724;63.26;63.47;62.98;63.24;767560
20170725;63.25;63.6;63.03;63.2;398819
20170726;63.32;63.61;63.18;63.51;373718
20170727;63.45;63.73;63.18;63.49;622983
20170728;63.32;63.65;62.91;63.12;461649
20170731;63.41;64.28;63.31;64.25;1402001
20170801;64.28;64.68;64.03;64.64;1110436
20170802;62.27;64.42;61.96;61.99;2227450
20170803;62.09;62.24;61.39;61.99;1125870
20170804;62.2;62.2;61.43;61.54;971735
20170807;61.55;62.14;61.45;62.04;812979
20170808;61.73;62.06;61.66;61.79;510673
20170809;61.64;61.83;61.32;61.65;549335
20170810;61.31;61.79;61.14;61.25;643254
20170811;61.44;61.72;61.37;61.42;449430
20170814;61.49;62.14;61.49;62.03;568683
20170815;62.02;62.46;61.88;62.35;557233
20170816;62.49;62.74;61.99;62.42;609078
20170817;62.05;62.17;60.5;60.55;1175284
20170818;60.47;60.86;59.85;60.18;929030
20170821;60.32;60.58;60.05;60.39;825505
20170822;60.58;61.38;60.51;61.31;637508
20170823;61.11;61.25;60.77;61.08;486825
20170824;61.03;61.15;60.67;60.76;448741
20170825;61;61.47;60.84;61.16;869849
20170828;61.33;61.55;61.25;61.42;445820
20170829;61.1;61.6;61.09;61.51;576663
20170830;61.52;61.86;61.32;61.61;572912
20170831;61.87;62.03;61.62;61.86;844490
20170901;62.1;62.31;61.33;61.5;478037
20170905;61.29;61.36;60.66;60.93;868630
20170906;61.19;61.33;60.59;61.21;1169173
20170907;61.47;61.78;61.09;61.42;603583
20170908;61.34;61.73;61.02;61.33;709016
20170911;61.7;62.24;61.4;62.16;589692
20170912;62.16;62.49;61.96;62.29;525100
20170913;62.03;62.17;61.8;62;489050
20170914;61.8;62.05;61.58;61.78;652376
20170915;61.81;62.16;61.51;62.03;1484510
20170918;61.96;62.78;61.89;62.77;762210
20170919;62.83;63.13;62.52;62.59;566452
20170920;62.71;62.92;62.2;62.55;520528
20170921;62.55;62.64;62.15;62.38;583694
20170922;62.28;63.15;62.24;63.12;819463
20170925;62.9;63.58;62.75;63.56;1144964
20170926;63.81;63.96;63.5;63.74;947807
20170927;64;64.32;63.93;64.18;904658
20170928;63.88;64.32;63.84;64.11;944121
20170929;64.06;64.81;63.93;64.48;1221958
20171002;64.61;64.91;64.17;64.44;675040
20171003;64.58;64.76;64.38;64.42;546752
20171004;64.3;64.39;63.84;64.29;483549
20171005;64.48;64.62;64.08;64.46;691481
20171006;64.45;64.45;63.59;63.74;1333197
20171009;63.78;63.93;63.61;63.76;951780
20171010;63.97;64.32;63.87;63.94;700827
20171011;63.86;63.97;63.23;63.37;834642
20171012;63.37;63.8;63.35;63.59;1410669
20171013;63.39;64;63.39;63.54;702777
20171016;63.52;63.75;63.38;63.6;626217
20171017;63.54;63.71;63.16;63.32;465593
20171018;63.25;63.76;63.25;63.53;596833
20171019;63.48;63.89;63.32;63.78;478644
20171020;64.07;64.29;63.91;64.22;590746
20171023;64.35;64.6;63.92;64;674207
20171024;64;64.24;63.57;63.7;966793
20171025;63.45;64.3;63.32;64.11;1065549
20171026;64.54;64.75;64.28;64.47;465237
20171027;64.36;65.1;64.25;65.09;809181
20171030;65.03;65.09;64.36;64.72;954835
20171031;64.6;64.85;64.25;64.72;1317262
20171101;62;62.9;60.19;62.76;5165989
20171102;62.81;63.59;62.68;63.29;1552317
20171103;63.23;63.55;63.07;63.52;1038581
20171106;63.48;63.91;63.3;63.89;1228421
20171107;63.87;63.97;63.17;63.49;971623
20171108;63.38;64.56;63.27;64.41;700503
20171109;64.06;64.58;63.71;64.44;923618
20171110;64.27;64.27;63.79;64;482710
20171113;63.99;64.28;63.69;64.08;693481
20171114;63.9;64.93;63.76;64.86;714286
20171115;64.77;64.92;64;64.26;994641
20171116;64.46;65.05;64.36;64.77;668500
20171117;64.72;64.74;63.96;64.19;805492
20171120;64.12;64.41;63.89;64.16;685684
20171121;64.36;64.38;63.9;64.14;790509
20171122;64.14;64.32;63.77;63.86;687989
20171124;63.8;64.13;63.65;64.07;340492
20171127;64.19;64.32;63.84;64.08;595649
20171128;64.06;64.28;63.88;64.21;1094373
20171129;64.19;64.5;63.8;64.36;957871
20171130;64.56;65.93;64.56;65.72;1783959
20171201;65.25;65.91;64.1;65.21;1151063
20171204;65.69;66.56;65.47;66.12;1135150
20171205;66.12;66.28;65.31;65.44;775120
20171206;65.57;65.75;65;65.28;829149
20171207;65.16;65.7;65.01;65.6;715580
20171208;65.94;66.06;65.64;65.86;571156
20171211;65.7;65.92;65.57;65.92;757241
20171212;66;66.16;65.55;65.6;625957
20171213;65.73;66.03;65.14;65.41;866025
20171214;65.37;65.5;64.92;64.95;759652
20171215;65.48;66.14;64.71;65.98;1762846
20171218;66.16;66.68;66.06;66.17;747477
20171219;66.27;66.45;65.71;66.08;603662
20171220;66.39;66.39;65.78;65.8;631925
20171221;65.94;66.14;65.24;65.32;561534
20171222;65.19;65.49;65.1;65.16;410383
20171226;65.2;65.78;65.02;65.7;438178
20171227;65.61;65.83;65.51;65.75;676841
20171228;65.95;66.05;65.58;66;579043
20171229;65.94;66.24;65.53;65.57;591633
20180102;65.98;65.99;64.91;65.18;773150
20180103;65.28;66;65.25;65.71;636726
20180104;65.89;66.7;65.89;66.63;748002
20180105;66.82;67.5;66.44;67.29;812637
20180108;67.21;67.64;66.99;67.43;728740
20180109;67.43;68.37;67.22;68.14;831696
20180110;68.03;68.69;67.63;68.5;1105889
20180111;68.44;68.96;68.19;68.92;789830
20180112;68.9;69.03;68.53;68.61;764118
20180116;68.86;69.28;68.67;68.75;924888
20180117;69.36;69.63;69.05;69.13;1522859
20180118;69.16;69.28;68.77;68.97;764378
20180119;68.8;69.35;68.55;69.06;819750
20180122;69.11;70.1;69.05;70.1;751509
20180123;69.58;70.54;69.47;70.19;787140
20180124;70.5;70.64;69.96;70.07;875060
20180125;70.29;70.58;69.82;70.4;665481
20180126;70.77;71.41;70.24;71.29;742794
20180129;71.15;72;71;71.52;1219403
20180130;71.58;72.1;71.25;71.27;1485219
20180131;71.22;71.22;70.07;70.42;1484344
20180201;70.34;70.94;69.72;70.05;1054188
20180202;69.71;69.99;68.71;68.78;1160638
20180205;68.85;69.29;65;65.06;2131576
20180206;64.14;65.6;62.76;65.38;2939238
20180207;64.89;65.49;64.28;64.58;2376103
20180208;71.08;71.08;66.38;66.53;3635272
20180209;67.4;69.22;66.89;68.73;2656329
20180212;69.07;70.32;68.9;69.32;1832789
20180213;68.91;69.77;68.24;69.52;814407
20180214;69.25;69.56;68.58;69.2;1308261
20180215;69.55;70.25;68.94;70.22;1020684
20180216;70.25;71.71;70.23;71.36;1233655
20180220;70.93;71.71;70.64;70.86;1174202
20180221;71.28;71.49;69.86;69.89;1058185
20180222;70.08;71.4;70.08;71.06;904652
20180223;71.5;73.13;71.31;73.1;1455367
20180226;73.44;73.68;72.49;72.68;1139820
20180227;72.87;73.72;72.06;72.11;1591440
20180228;72.55;73;71.69;71.69;1533368
20180301;71.93;72.3;70.49;70.94;1555917
20180302;70.66;72.17;70.33;71.99;1346642
20180305;71.41;72.63;71.19;72.47;966518
20180306;72.5;72.56;71.8;72.11;1001615
20180307;71.83;72.69;71.83;72.53;781088
20180308;72.73;73.4;72.73;73.05;638475
20180309;73.43;74.21;73.22;74.11;1000481
20180312;74.27;74.33;73.68;73.82;1046854
20180313;73.92;74.25;73.29;73.75;1975643
20180314;73.97;74.17;73.41;73.8;1560953
20180315;73.73;74.36;73.57;73.83;846629
20180316;74.01;74.46;73.64;74.22;1501481
20180319;73.9;74.19;72.86;73.62;740953
20180320;73.71;73.99;72.86;73.46;1756910
20180321;73.63;74.3;73.02;73.17;2060809
20180322;72.86;72.99;71.25;71.34;1579310
20180323;71.29;71.89;70;70.01;2029689
20180326;70.98;71.54;70.07;71.28;1941258
20180327;71.7;71.92;69.77;70.28;1779599
20180328;70.43;71.41;70.06;70.74;2524537
20180329;71.25;71.9;70.16;71.31;1585983
20180402;71.04;71.55;69.68;70.54;2350088
20180403;70.64;71.41;70.14;70.97;1920852
20180404;70.3;71.44;69.8;71.13;2663316
20180405;71.68;71.92;70.93;71.24;1461968
20180406;70.56;71.27;69.67;69.84;1434074
20180409;70.1;71.19;70.02;70.13;1424472
20180410;70.86;71.56;70.7;71.13;1690987
20180411;70.55;71.35;70.44;70.85;1167643
20180412;71.11;71.34;70.73;70.98;1258974
20180413;71.16;71.37;70.6;70.9;1304504
20180416;71.49;71.9;71.15;71.59;1091529
20180417;72.16;72.62;71.8;72.29;1724709
20180418;72.47;72.49;71.84;72.12;1150665
20180419;71.95;72.37;71.53;71.75;958163
20180420;71.68;72.11;71;71.34;1212109
20180423;71.42;71.74;70.88;71.09;805725
20180424;71.52;71.7;70.45;70.9;1625860
20180425;70.81;70.93;69.66;70.16;1393756
20180426;70.4;71.72;70.32;71.32;1345051
20180427;71.12;71.91;70.97;71.47;1547429
20180430;71.51;72.15;70.82;70.86;2548402
20180501;70.85;71.83;70.83;71.63;2547569
20180502;71;71.56;68.86;69.03;3623266
20180503;68.66;69.42;68.43;68.99;2346784
20180504;68.62;69.97;68.45;69.72;2127310
20180507;69.83;70.52;69.78;70.41;1786771
20180508;69.95;71.2;69.31;70.41;2007558
20180509;70.54;71.8;70.21;71.49;1457263
20180510;71.79;72.55;71.45;72.41;956078
20180511;72.44;72.89;72.25;72.79;1518584
20180514;72.72;73.19;72.31;72.42;1205522
20180515;72.05;72.2;71.58;72.09;1473666
20180516;72.26;72.6;72.01;72.28;1278796
20180517;72.26;72.61;71.9;72.5;1511524
20180518;72.74;73.24;72.5;72.98;1461988
20180521;73.07;73.56;73;73.25;1559533
20180522;73.43;73.43;71.54;71.66;2409250
20180523;71.11;71.87;70.73;71.87;1600876
20180524;71.86;72.07;71.25;71.68;1836462
20180525;71.68;71.96;71.61;71.77;1003673
