20100104;45.46;46.02;45.2;46.01;3553566
20100105;46.02;46.41;45.61;45.98;2981259
20100106;46;47.33;45.86;47.18;3951628
20100107;47.72;49.08;47.36;48.97;5255695
20100108;48.87;49.87;48.8;49.76;3994620
20100111;50.05;50.31;49.62;49.98;3348515
20100112;49.17;49.43;48.5;49.12;2950958
20100113;49.34;49.58;48.43;49.44;3236439
20100114;49.33;50.5;49.33;50.2;3406702
20100115;50.04;50.13;49;49.09;3147386
20100119;49.1;49.61;48.92;49.5;2056437
20100120;49.14;49.25;47.64;48.52;3380850
20100121;48.68;48.68;46.53;46.54;4270198
20100122;46.5;47.68;46.4;46.41;3446696
20100125;46.75;47.49;46.75;46.81;2015786
20100126;46.6;47.38;46.43;46.76;1926125
20100127;46.74;47.2;46.01;47.13;2524511
20100128;47.55;47.89;45.33;46.05;2386628
20100129;46.36;47.14;45.21;45.34;2522728
20100201;45.64;46.32;45.2;45.96;1658261
20100202;46.39;47.65;46.01;47.6;3247863
20100203;47.34;48.13;46.68;46.8;2742709
20100204;46.4;46.4;44;44.31;5887281
20100205;44.24;44.49;41.71;43.06;5709720
20100208;43.25;43.82;42.43;42.44;4416021
20100209;43.09;43.76;42.48;43.28;3971201
20100210;43.33;43.8;42.44;43.53;2787419
20100211;43.39;44.53;43.05;44.42;2889602
20100212;43.81;44.22;43.31;44.11;2112711
20100216;44.73;45.58;44.66;45.49;2645188
20100217;45.93;45.97;45.13;45.58;2600885
20100218;45.34;47.02;45.3;46.81;2600666
20100219;46.7;46.8;45.8;45.94;3274197
20100222;46.75;47.33;46.14;46.4;3146009
20100223;46.41;46.49;44.51;45.01;3541976
20100224;45.23;45.4;44.77;45.28;1842185
20100225;44.5;45.17;43.64;45.05;2760902
20100226;42.76;43.2;41.85;42.8;10599915
20100301;43.07;43.29;42.21;42.87;4447763
20100302;43.25;43.35;42.4;42.75;3050689
20100303;42.94;43.5;42.52;43.33;3676238
20100304;43.5;43.73;43.26;43.66;2331734
20100305;44.16;44.87;44.04;44.65;2776383
20100308;44.9;44.94;44.28;44.89;2069324
20100309;44.66;45.45;44.66;45.14;1987801
20100310;45.38;45.57;45.07;45.28;1914461
20100311;45.24;45.89;44.95;45.86;1963533
20100312;46.12;46.32;45.78;45.99;1747399
20100315;45.85;45.88;44.95;45.68;1973889
20100316;45.74;45.93;45.34;45.85;1362797
20100317;45.94;46.57;45.94;46.2;1802992
20100318;46.29;46.5;45.63;45.94;1472539
20100319;46.03;46.2;45.02;45.25;2590486
20100322;44.83;45.43;44.63;45.36;2204425
20100323;45.36;45.95;45.06;45.85;1504905
20100324;45.89;47.03;45.55;46.77;3903333
20100325;47.4;47.4;46.12;46.22;2345099
20100326;46.33;46.65;45.77;46.26;1429109
20100329;46.44;47.08;46.42;46.98;2280159
20100330;47.13;47.73;46.84;47.08;2216844
20100331;46.88;46.9;46.27;46.51;1606751
20100401;46.89;48.01;46.84;47.6;2581217
20100405;48.18;49.52;47.75;49.5;2946623
20100406;49.46;50.49;49.11;49.97;3405784
20100407;50;50.2;49;49.34;2997190
20100408;49.09;49.76;48.5;49.74;3029845
20100409;49.87;51.28;49.81;50.77;2735615
20100412;51.18;51.37;50.45;51.19;2515650
20100413;51.15;51.19;50.63;51.08;1996055
20100414;51.46;51.76;51.14;51.69;2385533
20100415;51.04;51.68;51;51.34;2905022
20100416;50.97;51.53;49.65;50.66;3761819
20100419;50.26;51.08;50;50.8;2471951
20100420;51.22;52.49;51.22;52.36;2294012
20100421;52.3;52.71;51.78;52.61;2166567
20100422;52.13;53.2;51.55;53.11;1808315
20100423;53.11;53.4;52.28;53.39;2370031
20100426;53.1;53.9;52.71;53.01;1709028
20100427;52.47;53.78;52.08;52.25;3698589
20100428;52.86;53.74;52.61;53.2;2775728
20100429;53.6;55.47;53.59;55.13;3914080
20100430;55.21;55.37;52.71;52.84;3022816
20100503;53.26;53.74;52.33;53.61;2832914
20100504;52.64;52.64;50.66;51.39;3115655
20100505;50.23;51.15;49.41;50.81;3392836
20100506;50.41;51.52;45.88;49.25;3777681
20100507;48.91;48.94;45.6;45.95;7912882
20100510;48.79;49.08;47.89;48.96;4383877
20100511;47.72;51.34;47.26;50.47;7300880
20100512;50.71;54.15;50.71;53.39;6465687
20100513;53.3;53.83;52.91;53.1;4719731
20100514;52.44;53;50.66;51.28;3547915
20100517;51.27;51.63;48.61;50.31;5333764
20100518;50.93;52.33;49.88;50.09;4417541
20100519;49.45;49.82;47.14;48.28;4673057
20100520;45.52;46.75;45.23;45.3;4880875
20100521;44.01;46.68;44.01;45.79;4527898
20100524;45.56;46.45;45;45.01;2744378
20100525;43.81;45.15;43.52;45.15;3532663
20100526;45.78;45.99;44.11;44.28;3430545
20100527;46.21;47.83;46.03;47.81;3891825
20100528;47.74;47.74;46.69;46.92;2536444
20100601;46.2;46.84;44.48;44.56;3321722
20100602;44.9;45.66;44.32;45.6;2880147
20100603;45.93;46.22;44.88;46.09;3395860
20100604;44.25;45.13;43.75;43.99;3498822
20100607;43.87;44.28;42.55;42.64;3028852
20100608;42.82;44.05;42.65;43.87;3605177
20100609;44.15;45.38;43.43;43.63;2826872
20100610;44.7;45.65;44.44;45.59;1875557
20100611;45.09;45.85;44.78;45.61;1500503
20100614;46.49;47.04;45.7;45.81;1443931
20100615;46.37;47.38;45.91;47.3;1707508
20100616;46.68;47.41;46.45;47.03;1620835
20100617;47.1;47.1;45.7;46.18;1769473
20100618;46.31;46.76;46.18;46.47;1531233
20100621;47.06;47.72;45.96;46.32;1449103
20100622;46.29;46.92;45.28;45.42;1319991
20100623;45.37;45.46;44.2;45.08;1409624
20100624;44.9;44.9;43.48;43.81;1983554
20100625;44.06;44.9;43.85;44.36;4777549
20100628;44.58;44.6;43.41;43.46;2103775
20100629;42.7;43.42;41.68;42.22;4267309
20100630;42.21;43.34;42.01;42.5;2448182
20100701;42.17;42.47;41.2;41.76;2684619
20100702;42.44;42.44;41.21;41.76;1694981
20100706;42.55;43.04;41.8;42.56;2527696
20100707;42.63;44.43;42.63;44.4;2540063
20100708;44.73;45.34;44.53;45.2;2464701
20100709;45.23;45.66;44.6;45.41;1513639
20100712;45.22;45.22;44.42;44.67;1640478
20100713;45.19;46.13;45.05;45.74;2706628
20100714;45.44;45.5;44.43;44.98;2359654
20100715;44.77;44.95;43.6;44.39;2259504
20100716;44.06;44.06;42.67;42.79;1940078
20100719;43.08;43.35;42.31;43.1;1446656
20100720;42.3;44.45;42.26;44.38;2204562
20100721;44.84;45.12;43.74;43.96;1782364
20100722;44.86;46.35;44.75;46.02;2608629
20100723;46.11;47.1;45.56;47.04;1881970
20100726;47.24;47.96;46.62;47.85;2466078
20100727;49.17;49.75;48.04;49.1;5788250
20100728;49.01;49.13;48.25;48.59;3004876
20100729;48.99;49.2;47.57;47.97;2295898
20100730;47.14;48.5;46.86;48.29;1643425
20100802;49.24;49.93;48.95;49.61;2305996
20100803;49.33;49.57;48.71;48.97;1399956
20100804;49.04;49.36;48.35;49.22;2048984
20100805;48.88;49.28;48.31;48.86;1286370
20100806;48.24;48.93;47.82;48.75;1176466
20100809;49.15;49.31;48.71;49.23;1136371
20100810;48.61;49.04;48.28;48.74;1659692
20100811;47.7;47.7;46.3;46.66;2312962
20100812;45.67;46.71;45.52;46.3;2026309
20100813;45.95;46.74;45.89;46.08;1047903
20100816;45.76;46.4;45.44;45.9;1283373
20100817;46.56;47.71;46.42;47;1780973
20100818;46.89;48.13;46.74;47.76;2455383
20100819;47.33;47.51;46.57;46.75;2216043
20100820;46.24;46.62;45.35;46.59;2204323
20100823;46.79;47.59;46.29;46.31;1344014
20100824;45.49;45.62;44.66;45.04;2097992
20100825;44.55;45.15;44.04;44.96;1656980
20100826;45.16;45.52;44.3;44.59;1684004
20100827;45.06;45.77;44.31;45.75;1404629
20100830;45.49;46.02;44.89;44.89;1177008
20100831;44.57;44.92;44.16;44.66;2054317
20100901;45.38;46.64;45.3;46.34;2135369
20100902;46.6;47.5;46.35;47.42;1659382
20100903;48.11;48.65;47.98;48.08;1843531
20100907;48.05;48.41;47.54;47.67;1798435
20100908;47.65;48.22;47.65;48.07;1586691
20100909;48.8;48.87;47.76;48;1519067
20100910;48.23;49;48.03;48.59;1284265
20100913;49.26;50.04;49.13;49.76;2742404
20100914;49.72;49.72;48.65;48.94;1958969
20100915;48.6;49.03;48.17;48.99;1015441
20100916;48.82;49.04;48.2;48.68;1113583
20100917;49.06;49.17;48.25;48.63;1642592
20100920;48.95;50.05;48.81;49.89;2437088
20100921;49.8;50.86;49.72;50.46;2222759
20100922;50.23;51;49.27;49.56;2050484
20100923;48.86;49.23;48;48.16;2314869
20100924;48.92;49.34;48.84;48.91;2408635
20100927;48.92;49.24;48.56;48.87;1237529
20100928;49.13;50.3;48.32;50.06;2497481
20100929;49.47;50.43;49.37;49.59;2140249
20100930;50.14;50.4;49.36;49.53;1902491
20101001;50;50.84;50;50.35;1957571
20101004;50.29;50.96;49.17;49.66;2282950
20101005;50.29;52.41;50.22;51.74;2945853
20101006;51.51;52.23;51.23;52.05;1781704
20101007;52.38;52.54;51.56;52.34;2064788
20101008;52.34;52.84;51.67;52.66;1511555
20101011;52.52;52.54;51.68;51.91;1680732
20101012;51.65;51.65;50.59;51.42;2009509
20101013;51.82;53.34;51.7;52.59;2235545
20101014;52.64;52.85;51.93;52.48;1704046
20101015;52.73;52.74;51.29;51.87;2154297
20101018;49.72;50.72;48.1;49.23;8858367
20101019;48.6;49.53;48.48;48.99;4379891
20101020;48.95;50.13;48.8;49.2;3175269
20101021;49.46;50.16;49.42;49.93;2839815
20101022;50;50.02;49.25;49.47;1354458
20101025;50;50.5;49.53;49.57;1657610
20101026;49.35;50.21;49.25;49.92;1633936
20101027;49.48;49.5;48.36;49.1;1884743
20101028;49.29;49.75;48.77;49.08;1665180
20101029;48.81;49.79;47.94;48.19;3862334
20101101;48.28;49.07;48.26;48.82;1412164
20101102;49.41;49.65;49.2;49.47;1599579
20101103;49.56;49.71;48.75;49.56;1662393
20101104;50.08;50.89;49.62;49.8;3217251
20101105;52.11;56.34;52.05;54.53;12266281
20101108;54.14;56;53.85;55.72;3904871
20101109;55.53;55.66;54.44;54.87;2276320
20101110;54.36;55.63;53.61;55.45;2593007
20101111;54.93;56.55;54.9;56.16;2484257
20101112;55.68;56.05;54.78;54.95;2679085
20101115;55.35;55.92;54.82;55.38;2244694
20101116;54.93;55;53.61;54.11;2553625
20101117;54.2;55.02;53.74;54.95;1904623
20101118;55.6;57.8;55.54;57.08;3938115
20101119;57.1;57.87;56.22;57.71;3376255
20101122;57.28;58.44;56.33;58.11;3211872
20101123;57.16;57.62;56.54;56.92;3768721
20101124;57.16;58.24;57.05;58.08;2321813
20101126;57.29;57.7;57.02;57.59;829252
20101129;57.09;58.24;56.06;57.98;1633732
20101130;57.5;58.28;57.11;57.83;2110724
20101201;58.65;60.16;58.64;59.76;2876137
20101202;59.72;61;59.72;60.74;2276880
20101203;60.32;61.95;60.22;61.77;1938229
20101206;61.36;61.99;61.04;61.62;2684084
20101207;62.19;62.33;60.8;60.86;2310477
20101208;60.76;61.66;60.58;61.43;1548949
20101209;62.25;62.62;61.76;62.03;2180804
20101210;62.19;62.65;62.07;62.24;1705671
20101213;62.4;63.39;61.77;61.79;2102774
20101214;62.1;62.67;61.53;61.79;1663604
20101215;61.41;62.66;61.14;61.31;1362459
20101216;61.4;63.23;61.4;63.15;1750858
20101217;63.31;64.44;63.07;63.76;1877636
20101220;63.94;64.26;63.23;64.08;1402269
20101221;64.28;65.3;64.2;64.91;1815153
20101222;65.06;67.31;65.03;66.06;2583825
20101223;65.82;66.5;65.5;65.98;1302166
20101227;65.6;66.94;65.47;66.63;1257356
20101228;66.68;66.8;65.44;65.46;1088159
20101229;65.42;66.68;65.42;66.25;1130984
20101230;66.26;66.48;65.74;66.16;902486
20101231;66.21;66.69;65.95;66.26;1008399
20110103;67.13;68.53;67.13;67.79;1845941
20110104;66.55;66.91;63.75;64.55;4614662
20110105;65.16;66;64.89;65.09;3637736
20110106;65.16;65.47;64.71;65.35;2209529
20110107;65.64;66.35;65.25;65.92;1831584
20110110;65.44;66.14;65.17;66.01;2042149
20110111;67.47;69.23;67;68.34;2891542
20110112;69.41;70.22;68.58;69.92;2263406
20110113;69.85;71.12;69.74;70.18;2829476
20110114;69.88;71.4;69.66;71.19;2188547
20110118;71.01;72.52;70.6;72.48;2358400
20110119;72.3;72.81;69.28;69.59;3022230
20110120;70.29;70.57;68.52;69.9;2849496
20110121;70.68;71.9;70.57;71.02;2202439
20110124;70.77;71.6;70.71;71.53;1257588
20110125;70.38;70.82;69.01;70.44;1788702
20110126;70.79;72.17;70.76;72.01;1982648
20110127;72.05;72.27;69.36;69.79;2203942
20110128;70.03;70.69;68.15;68.33;1824792
20110131;68.97;69.94;68.59;69.19;1863787
20110201;69.62;70.44;69.41;69.47;2343449
20110202;69.09;69.53;68.65;69.48;2516155
20110203;68.47;69.32;67.87;68.64;2035111
20110204;68.82;69.4;68.44;68.69;1360688
20110207;68.67;71.42;68.57;70.59;2466933
20110208;70.56;70.87;69.79;70.5;1736645
20110209;70.13;70.67;69.37;70.02;1310541
20110210;69.34;71.6;69.34;71.41;2153397
20110211;71.9;73.53;71.42;73.52;2307347
20110214;73.45;74.9;73.45;74.21;1931124
20110215;73.97;74.26;73;73.31;1318963
20110216;73.82;75.55;73.81;75.07;1323769
20110217;75.21;75.69;74.24;75.63;1491105
20110218;75.67;75.76;74.11;74.77;1709436
20110222;73.64;73.92;70.25;70.57;3319285
20110223;68.08;70.99;63.43;68.39;9370848
20110224;68.06;70;67.06;68.71;3344286
20110225;69.39;69.46;68.35;69.16;1863336
20110228;69.52;71.02;68.86;70.76;2558837
20110301;70.54;71;68.7;68.89;2801752
20110302;68.68;70.66;68.68;69.55;2426439
20110303;70.39;71.55;70;71.45;1829409
20110304;71.5;71.78;70.42;71.31;1652129
20110307;71.57;71.97;68.96;69.39;1943505
20110308;69.7;70.43;68.55;69.86;1261037
20110309;69.51;69.77;68.36;69.51;1912363
20110310;68.47;68.59;66.05;66.1;2713889
20110311;66;69.16;65.71;68.85;2527423
20110314;68.3;69.29;67.18;68.95;2926740
20110315;68.18;69.24;67.09;68.83;2345128
20110316;68.97;69.1;66.63;67.66;2114351
20110317;68.57;69.78;68.11;69.11;1913873
20110318;70.21;70.47;69.05;69.31;1930617
20110321;70.24;72.09;69.75;72.05;2290369
20110322;72.11;72.63;71.35;71.72;1968658
20110323;71.32;71.64;69.75;71.43;1412798
20110324;71.9;73.61;70.61;73.59;2237019
20110325;73.73;74.21;73.36;73.99;1941826
20110328;73.88;73.88;72.47;72.5;1718328
20110329;72.51;73.07;71.84;72.76;2432276
20110330;73.45;75.26;73.45;75.15;2456986
20110331;74.74;75.46;73.49;73.66;2015534
20110401;74.02;74.58;72.77;72.92;2163456
20110404;73.04;73.73;72.92;73.52;1584214
20110405;73.38;74.42;72.86;73.56;1112518
20110406;74.03;74.49;72.11;72.61;1226872
20110407;72.32;73.41;71.6;71.78;1590653
20110408;72.22;72.89;70.07;70.7;1952484
20110411;70.53;70.99;69.74;70.26;2030727
20110412;69.44;69.89;67.64;67.92;2983568
20110413;68.37;68.88;67.09;67.51;1909618
20110414;67.01;67.51;66.5;66.82;2196432
20110415;66.98;68.74;66.96;68.73;2346704
20110418;67.87;67.91;65.88;66.84;2436946
20110419;66.76;67.58;66.02;67.41;1989080
20110420;68.49;68.97;68;68.28;1450706
20110421;68.7;69.47;68.61;69.4;1120448
20110425;68.9;69.7;68.83;69.22;1787275
20110426;69.33;70.27;68.55;68.72;1664971
20110427;68.72;68.89;66.64;67.72;2203531
20110428;67.25;68;67;67.47;1690227
20110429;67.49;70.2;67.49;69.94;2160666
20110502;70.24;70.62;67.94;68.06;1782784
20110503;67.71;68.91;66.89;68.12;2566459
20110504;67.87;68.08;66;66.2;1933772
20110505;65.72;66.85;64.75;65.69;1940289
20110506;68.56;72.34;68.5;70.87;5132860
20110509;70.85;72.65;70.79;72.22;2629060
20110510;72.12;73.18;71.61;72.58;2337858
20110511;72.31;72.78;70.71;71.76;2406468
20110512;71.29;71.54;69.75;70.87;2285471
20110513;70.94;71.31;68.76;69;2302821
20110516;68.72;70.24;68.42;69.72;2892781
20110517;69.35;69.58;67.39;67.94;3305557
20110518;68.51;68.82;67.65;68.39;3551038
20110519;68.85;69.19;67.18;67.79;2745812
20110520;67.78;68.05;66.63;67.33;2825655
20110523;66.02;66.21;65.45;65.76;1842570
20110524;66.2;66.98;65.58;66.03;2135632
20110525;65.52;67.81;65.52;67.19;2671814
20110526;66.96;67.48;66.64;67.32;1137452
20110527;67.52;68.5;67.45;68;1042295
20110531;69.12;69.48;68.37;68.93;1973557
20110601;68.6;69.04;65.87;66;1627569
20110602;66.21;67.08;65.62;66.46;1583034
20110603;65.17;66.62;65.11;65.75;1148059
20110606;65.32;65.47;63.03;63.25;2294530
20110607;63.85;64.09;63.16;63.42;1513799
20110608;63.03;64.17;62.93;63.45;1758946
20110609;63.36;63.55;62.83;62.89;1969038
20110610;62.67;62.67;61.19;61.95;2506659
20110613;62;62.57;60.98;61.87;1952568
20110614;62.66;64.04;62.64;63.89;1898213
20110615;63.03;63.71;62.31;62.38;1650196
20110616;62.38;62.83;60.95;61.44;1855265
20110617;62.04;62.26;60.36;60.48;2356010
20110620;60.19;61.75;60.1;61.51;1450353
20110621;62.13;63.03;61.97;62.65;1234952
20110622;62.34;63;62.24;62.27;1275328
20110623;60.99;61.98;60.41;61.88;1601398
20110624;61.89;62.44;60.92;61.12;3523744
20110627;61.01;62.17;60.8;61.66;1595250
20110628;61.95;63.28;61.7;63.23;908193
20110629;63.3;64.02;63.06;63.57;1619211
20110630;63.6;65.07;63.56;64.66;1519768
20110701;64.76;64.82;63.94;64.09;2286812
20110705;64.27;65.65;63.69;64.65;2899799
20110706;64.63;65.06;64;64.93;1462467
20110707;65.82;66.86;65.65;66.78;2321431
20110708;65.87;67.1;65.57;66.99;2228470
20110711;66.12;66.39;64.55;64.99;2163303
20110712;65.24;65.69;64.06;64.09;1529851
20110713;64.7;65.88;64.41;64.88;1725828
20110714;64.94;65.69;63.82;64.29;1727024
20110715;64.61;65.39;63.91;65.15;1600531
20110718;65.08;65.24;63.9;64.3;1407050
20110719;64.92;65.79;64.69;65.75;1229148
20110720;65.96;66;65.2;65.56;1342211
20110721;66.16;67.62;66.01;67.18;1177824
20110722;67.07;67.75;66.25;67.38;975836
20110725;66.79;68;66.42;67.6;1339281
20110726;67.5;67.68;66.75;66.92;1244851
20110727;66.2;66.2;64.24;64.39;1351344
20110728;64.55;65.36;63.18;63.32;1619016
20110729;62.39;64.13;62.01;63.53;1563418
20110801;64.89;64.98;62.05;62.78;1551411
20110802;62.27;63.13;60.52;60.53;2504080
20110803;60.85;61.21;58.63;60.34;2682622
20110804;59.26;59.26;54.51;54.59;4612427
20110805;57.64;60.92;54.76;57.11;5127055
20110808;54.55;56.34;49.04;50.12;4933668
20110809;51.51;55.11;50.65;54.97;4386179
20110810;53.29;56.1;52.53;53.87;4208337
20110811;54.23;58.29;54.05;57.42;4348390
20110812;57.84;59.15;57.16;58.79;2677582
20110815;59.55;60.45;59.3;60.42;2350986
20110816;59.5;60.56;58.88;59.56;3220603
20110817;59.92;61.61;59.67;60.55;2720504
20110818;58.18;58.18;54.47;55.14;3719468
20110819;54.17;56.31;53.86;54.18;2414120
20110822;55.92;56;54;54.5;1703542
20110823;54.67;56.48;54.01;56.46;1449800
20110824;56.37;57.68;56;57.57;1941715
20110825;57.52;58.14;55.79;56.13;1842861
20110826;55.51;57.91;54.37;57.39;2026303
20110829;58.42;59.65;58.42;59.59;1689674
20110830;59.24;61.07;58.91;60.59;2019344
20110831;60.94;62.43;60.09;60.72;2151090
20110901;60.65;61.5;59.48;59.73;1701327
20110902;58.1;58.85;57.64;58.13;1444016
20110906;55.72;58.19;55.52;57.89;2611394
20110907;59.24;60.42;58.51;60.18;1779276
20110908;59.75;61;59.27;59.86;1906276
20110909;58.85;59.3;56.82;57.51;2069521
20110912;56.43;58;55.51;57.52;1855141
20110913;57.86;58.7;56.98;58.38;1796178
20110914;58.83;59.99;57.17;59.03;1386077
20110915;59.98;60.7;59.23;60.63;1547655
20110916;60.94;61.07;59.95;60.57;1898063
20110919;59.11;59.28;57.5;58.56;2182990
20110920;59;59.44;57.1;57.16;1751097
20110921;56.95;57.55;53.74;53.76;2509866
20110922;51.63;51.78;47.81;49.52;4287275
20110923;49.47;50.91;49.19;50.31;2887745
20110926;50.62;51.18;48.6;50.99;2917286
20110927;52.52;53.91;51.43;51.77;3004375
20110928;52.13;52.18;49.16;49.27;2828817
20110929;50.66;51.1;48.36;49.56;2168438
20110930;48.52;48.68;45.86;46.55;4301482
20111003;46.28;47.5;45.43;45.49;3350622
20111004;44.81;48.89;44.16;48.83;4243508
20111005;48.91;50.18;48.11;49.79;2486380
20111006;49.86;51.78;49.73;51.74;2013187
20111007;52.31;52.31;48.93;50.14;2191530
20111010;51.48;53.2;51.48;52.77;1752164
20111011;52.17;54.37;52.12;53.86;2091520
20111012;54.32;55.93;54.16;55.03;2395674
20111013;54.46;55.09;53.37;54.6;1489005
20111014;55.49;55.97;54.3;55.67;1361142
20111017;55.18;55.27;52.86;53.01;1749562
20111018;53;53.72;52.19;52.98;3976536
20111019;53.01;53.62;52.09;52.5;1744063
20111020;52.41;53.02;51.07;52.75;1917316
20111021;53.62;54.52;53.03;54.52;1778782
20111024;54.63;56.76;54.58;56.72;2387902
20111025;55.97;56.99;54.65;55.79;2337723
20111026;56.68;57.18;54.85;56.64;1854504
20111027;59.18;60.76;58.28;59.96;3138993
20111028;59.56;60.13;58.88;59.63;1677450
20111031;58.36;58.53;56.82;56.85;2011893
20111101;54.31;55.47;53.09;54.2;3185809
20111102;55.3;56.17;54.3;55.58;2433612
20111103;57.33;58.8;56.52;58.6;2825872
20111104;55.28;56.85;53.87;54.86;5941651
20111107;55.2;55.72;53.73;55.04;2509116
20111108;55.15;56.22;54.42;56.05;2282714
20111109;54.12;54.81;52.81;53.14;2675461
20111110;54.13;54.71;53.11;53.94;2802426
20111111;54.95;56.43;54.65;56.1;1836932
20111114;55.62;56.01;53.99;54.67;2441833
20111115;53.75;55.59;53.34;55.06;2173924
20111116;54.15;56.1;54;54.9;2673954
20111117;54.58;54.91;52.55;52.97;1855582
20111118;53.42;53.61;52.08;52.52;1818659
20111121;51.99;52.64;50.77;52.21;2766176
20111122;52.08;53.02;51.56;52.48;2158449
20111123;51.59;51.7;50.17;50.33;1541341
20111125;50.11;50.7;49.5;49.51;936937
20111128;52.1;53.2;51.7;52.35;2511333
20111129;52.36;52.49;51.74;52.07;1738925
20111130;54.06;54.85;53.92;54.82;2475004
20111201;54.6;55;53.91;54.41;1216746
20111202;55.17;55.45;53.75;53.84;1877049
20111205;55.04;56.08;54.47;55.12;2476374
20111206;56.15;56.16;54.01;54.64;2513858
20111207;54.28;54.28;53.2;53.91;1714771
20111208;53.24;53.47;51.5;51.72;2590196
20111209;51.65;52.81;51.65;52.48;1786340
20111212;51.43;51.58;50.4;51.01;2976109
20111213;51.4;51.87;49.6;50;2562545
20111214;49.54;49.69;48.1;48.31;2427448
20111215;49.29;49.67;48.12;48.27;2757614
20111216;48.89;49.46;47.97;48.09;2960310
20111219;48.31;48.78;46.83;47.06;2115771
20111220;48.01;49.78;48;49.11;2262800
20111221;48.85;49.4;48.18;49.2;1557057
20111222;49.38;50.69;49.21;50.46;1690781
20111223;50.42;50.83;49.66;50.74;1166849
20111227;50.38;51.16;50.23;50.86;1137212
20111228;51.02;51.13;49.6;49.68;1318356
20111229;50.03;50.65;49.9;50.32;1187735
20111230;50.2;50.7;50.1;50.25;929731
20120103;51.53;52.62;51.44;51.98;1645087
20120104;51.59;52.27;51.02;52.09;1452488
20120105;51.59;52.43;51.25;51.96;1519408
20120106;52.01;52.46;51.65;51.72;1110941
20120109;51.9;52.38;51.32;51.53;1854571
20120110;52.45;53.45;52.38;53.01;2205249
20120111;52.89;53.27;52.66;52.7;1649079
20120112;52.91;54.35;52.61;54.19;2202729
20120113;53.59;53.79;52.64;53.54;1551091
20120117;54.29;54.88;53.67;54.65;2017824
20120118;54.54;55.97;53.94;55.39;2500340
20120119;55.52;57.09;55.5;56.63;1917357
20120120;56.46;56.56;55.78;55.87;1282373
20120123;55.94;56.28;55.23;55.64;1565000
20120124;55.2;55.23;54.55;55.13;1651929
20120125;55;56.94;54.81;56.73;1775289
20120126;56.93;58.53;56.74;56.97;2091110
20120127;56.43;57.76;56.35;57.23;1448125
20120130;56.33;56.38;55.13;56.19;1768960
20120131;56.5;56.96;55.36;56.24;1415064
20120201;56.96;58.42;56.96;57.94;1607119
20120202;58.05;58.3;57.77;57.97;1422651
20120203;59.09;60.63;59.08;59.86;1951036
20120206;59.62;59.78;58.97;59.4;1128254
20120207;59.01;59.18;58.54;58.56;1150512
20120208;58.71;59.25;58.57;59.13;1205378
20120209;59.33;60.44;59.26;60.22;1150219
20120210;59.57;59.78;58.63;59.57;1083500
20120213;60.28;60.36;59.12;60.16;1039951
20120214;60.37;60.82;59.98;60.81;1483220
20120215;61.22;61.22;59;59.27;2068189
20120216;59.63;60.6;59.29;60.3;1224051
20120217;60.48;61.24;60.34;61;1475226
20120221;61.32;62.2;61.32;61.65;1826547
20120222;61.43;61.64;60.11;60.36;1958198
20120223;61.55;64.67;61;63.99;5268302
20120224;64.06;64.06;63.22;63.4;2948510
20120227;62.45;63.25;61.83;62.5;2118572
20120228;62.35;62.5;61.64;62;1266636
20120229;62;62.32;60.34;60.48;2037420
20120301;60.95;61.9;60.76;61.84;2339364
20120302;61.51;61.87;60.91;61.69;1585108
20120305;61.63;61.91;60.81;61.19;1071769
20120306;58.99;59.13;57.89;58.35;3140163
20120307;58.34;59.1;58.23;58.89;1715236
20120308;59.41;60.52;59.27;60.09;1859852
20120309;60.61;61.38;60.29;61.05;1249880
20120312;61.04;61.37;60.32;60.42;1362964
20120313;60.91;62.56;60.47;62.5;1898348
20120314;62.35;62.69;62;62.36;1394422
20120315;62.45;62.6;61.9;62.35;1443764
20120316;62.82;63.33;62.47;62.68;1871690
20120319;62.47;62.47;61.33;61.76;1232646
20120320;61.05;61.05;59.82;60.38;2418823
20120321;60.66;60.77;59.86;60.34;1876016
20120322;59.61;59.98;58.85;59.56;1855187
20120323;59.75;61.09;59.19;60.76;2403767
20120326;61.43;62.67;61.43;62.51;2399338
20120327;62.5;62.73;61.83;61.97;1881032
20120328;61.55;61.7;59.39;60.05;2115843
20120329;59.63;60.22;59.05;60.06;1223828
20120330;60.48;60.85;59.45;60.04;1026929
20120402;59.98;61.65;59.53;61.17;2129881
20120403;60.92;61.5;60.52;61.01;1677690
20120404;60.34;60.92;59.89;60.61;1742342
20120405;59.93;60.67;59.63;59.92;1218736
20120409;59.18;59.2;58.37;58.84;1558284
20120410;58.49;58.75;57;57.31;1879780
20120411;58.24;58.45;57.4;57.83;1145265
20120412;57.98;59.76;57.88;59.43;1378926
20120413;59.3;59.3;58;58.1;1259788
20120416;58.55;59;57.64;58.28;1480796
20120417;58.77;60.21;58.77;59.76;1314931
20120418;59.2;59.96;58.86;58.9;1712691
20120419;59.02;59.34;57.69;57.93;1513260
20120420;58.35;59.16;58.27;58.44;1242544
20120423;57.35;57.48;56.59;57.36;1437384
20120424;57.49;57.62;57.02;57.48;992956
20120425;58.14;58.58;57.76;58.35;1662770
20120426;58.31;58.83;57.75;58.26;1880684
20120427;58.39;59.07;58.11;58.77;1440359
20120430;58.74;58.74;57.27;57.75;1634367
20120501;57.54;58.63;57.09;57.98;1602921
20120502;57.58;58;57.12;57.79;1481285
20120503;57.94;57.94;56.24;56.54;2085376
20120504;59.65;59.99;56.55;56.93;4157530
20120507;57.24;57.24;55.99;56.41;2235891
20120508;56;56;54.22;55.2;2504544
20120509;54.05;54.77;53.43;54.42;2339125
20120510;55.19;56.24;54.48;54.6;3521709
20120511;54.21;55.08;53.8;53.89;1429853
20120514;53.05;53.24;52.49;52.61;1779488
20120515;52.56;53.08;51.47;51.68;1988048
20120516;52.12;52.64;51.06;51.32;2857861
20120517;51.28;51.39;50.04;50.2;2239889
20120518;50.81;51;49.4;49.59;1758297
20120521;49.95;51.02;49.4;50.83;1689491
20120522;51.29;51.46;50.17;50.48;2019611
20120523;49.8;50.67;49.32;50.48;2595009
20120524;50.42;50.82;49.46;50.05;1745350
20120525;50;50.21;49.45;49.7;1935804
20120529;50.28;50.87;49.96;50.51;2360753
20120530;49.75;49.88;48.08;48.21;3103623
20120531;48.32;48.42;46.05;46.88;4120724
20120601;45.91;46.98;45.62;46.49;3500019
20120604;46.55;46.9;45.54;46.22;2638065
20120605;46.08;47.61;45.98;47.41;2948031
20120606;48.06;49.17;48;48.91;2371464
20120607;49.79;50.96;49.11;49.17;2798843
20120608;48.76;49.04;48;48.53;2324322
20120611;49.23;49.34;47.01;47.08;1810257
20120612;47.44;48.2;47.07;47.84;1404725
20120613;47.44;47.79;46.7;46.91;1977051
20120614;47.06;47.44;46.62;47.13;1406906
20120615;47.31;47.69;47.11;47.48;1699867
20120618;47.05;48.09;46.76;47.99;1365076
20120619;48.2;49.41;48.2;49.07;1290492
20120620;49.21;49.35;48.16;48.64;1701483
20120621;48.77;48.77;46.61;46.73;1736456
20120622;47.14;47.15;45.65;46.08;3980283
20120625;45.53;45.53;44.99;45.12;1852571
20120626;45.27;45.92;45.1;45.5;2199166
20120627;45.79;47.29;45.63;47.16;2158225
20120628;46.66;48.39;46.56;48.34;2336370
20120629;49.58;49.76;49;49.34;2125164
20120702;49.49;49.68;48.75;49.17;1290539
20120703;49.25;50.13;49.1;49.98;1103526
20120705;49.97;50.23;49.29;49.97;1737102
20120706;49.28;49.29;48.46;49.06;1049287
20120709;48.96;49.05;48.07;48.2;1484960
20120710;48.67;48.93;46.52;46.87;1729998
20120711;46.78;46.98;45.81;46.2;2242541
20120712;45.82;46.49;45.61;46.09;2070466
20120713;46.37;47.36;46.24;47.26;1486138
20120716;47.1;47.34;46.37;47.2;828912
20120717;47.38;47.8;46.81;47.79;1162745
20120718;47.48;49.26;47.39;49.09;1803372
20120719;49.09;49.72;48.65;49.22;1483347
20120720;48.66;49;48.38;48.73;1289741
20120723;47.63;47.96;46.8;47.7;1591850
20120724;47.65;47.94;46.57;47.03;1558510
20120725;47.36;48.5;47.12;47.39;1296421
20120726;48.34;49.37;48.15;49.21;1659129
20120727;49.58;51.16;49.17;50.58;1682041
20120730;51.15;51.79;49.8;50.08;1924110
20120731;49.79;50.51;49.52;49.58;1154050
20120801;49.95;50.77;49.29;50.06;1853304
20120802;49.62;50.5;48.89;49.72;1974737
20120803;52;53;50.66;52.2;2257671
20120806;52.57;53.75;52.27;52.95;2225551
20120807;53.27;54.15;53;53.3;2330308
20120808;53.06;54.2;52.66;54.13;1613257
20120809;54.01;54.58;53.81;54.36;1829068
20120810;54.17;54.17;53.23;53.66;1029879
20120813;53.58;54.14;53.06;53.61;633308
20120814;53.98;53.98;53.08;53.28;1167400
20120815;53.06;53.62;52.91;53.58;1058903
20120816;53.65;54.75;53.59;54.53;1229979
20120817;54.61;54.61;53.84;54.26;1052202
20120820;53.98;54.32;53.63;54.31;871191
20120821;54.41;55;53.85;53.95;1278050
20120822;53.76;53.9;52.8;53.29;1209483
20120823;53.24;53.76;52.88;53.21;979536
20120824;53.11;53.42;52.6;53.07;945286
20120827;53.1;53.19;52.55;52.72;862834
20120828;52.66;52.89;52.2;52.54;992009
20120829;52.44;52.52;51.67;52.2;1044721
20120830;51.64;52.05;51.3;51.31;1194265
20120831;51.77;52.04;51.14;51.5;1935789
20120904;51.52;52.34;51.13;51.9;2228003
20120905;51.91;52.34;51.68;52.05;1322722
20120906;52.5;53.71;52.4;53.28;1591805
20120907;53.65;55.22;53.28;54.75;2089615
20120910;54.58;56.41;54.55;55.86;2374055
20120911;56.05;57.01;55.93;56.99;2266600
20120912;57.25;57.3;56.47;56.97;3639929
20120913;57.01;58.69;56.45;58.38;2091286
20120914;57.87;60.82;57.87;60.15;3798154
20120917;60.19;60.19;59.33;59.61;1641797
20120918;59.35;60.12;59.29;59.77;1646347
20120919;59.77;60.04;59.4;59.69;1729278
20120920;59.31;59.35;58.45;59.34;1714626
20120921;59.88;60;59.12;59.2;1544601
20120924;58.75;59.12;58.39;58.71;968556
20120925;58.85;58.85;56.66;56.69;1523412
20120926;56.53;56.69;55.36;56;1506710
20120927;56.3;57.07;56.11;56.61;1232094
20120928;56.23;56.63;55.77;56.28;1374501
20121001;56.56;57.77;56.56;56.73;1343873
20121002;57.02;57.5;56.44;56.88;1172983
20121003;56.93;57.43;56.22;56.4;1274116
20121004;56.92;57.62;56.66;57.27;1722182
20121005;57.88;58.29;56.89;57.2;1117326
20121008;56.75;57.25;56.37;56.49;626764
20121009;56.6;56.65;55.98;56.36;1039651
20121010;56.19;56.64;55.55;56.11;1059914
20121011;56.73;57.07;56.36;56.87;1500099
20121012;56.91;57.12;56.03;56.39;1355865
20121015;56.5;57.44;56.13;57.35;1310350
20121016;57.66;58.02;57.01;57.95;1417987
20121017;58;58.34;57.68;57.73;924367
20121018;57.6;59.4;57.51;59.07;1262572
20121019;58.72;58.72;56.98;57.16;1309650
20121022;57.16;57.61;56.1;56.63;927524
20121023;55.71;55.75;55.1;55.35;1286658
20121024;55.75;56.12;55.06;55.28;1025420
20121025;55.52;55.92;54.56;55.21;802631
20121026;55.28;55.94;54.55;55.31;871429
20121031;56.25;58.65;55.79;55.85;2203664
20121101;56.19;58;55.83;57.66;2053359
20121102;55;55.48;51.88;52.01;6097640
20121105;51.65;53.12;51.45;53.01;2016835
20121106;53.31;54.79;53.16;54.49;2854144
20121107;54.2;54.2;52.6;53.23;2307439
20121108;53.52;53.52;51.59;51.86;2290382
20121109;51.52;52.85;51.52;52.16;1771657
20121112;52.33;52.79;52.04;52.23;1384216
20121113;51.75;52.94;51.75;52.24;1599165
20121114;52.62;53.09;51.38;51.39;2117338
20121115;51.45;52.07;51.09;51.91;2505427
20121116;51.82;52.17;51.1;51.82;1604004
20121119;51.25;52.87;51.11;52.57;2183179
20121120;52.53;53.09;52.36;52.95;1700595
20121121;53.15;53.47;53;53.27;1082869
20121123;53.6;53.81;53.1;53.81;635956
20121126;53.4;54.01;53.37;53.77;1658641
20121127;53.45;53.71;52.98;53.07;1269416
20121128;52.7;53.41;51.87;53.37;1400252
20121129;53.62;53.94;53.08;53.5;1557141
20121130;53.29;53.84;52.98;53.08;1531853
20121203;53.27;53.89;52.9;52.98;972596
20121204;53.02;53.84;52.79;53.69;1531150
20121205;53.72;54.06;53.33;53.5;1704010
20121206;53.49;55.32;53.49;55.17;2916136
20121207;55.36;56.37;55.26;56.32;1937068
20121210;56.24;57.54;56.15;57.52;1868520
20121211;57.82;58.63;57.53;58.36;2960134
20121212;58.67;58.83;57.39;57.52;2283568
20121213;57.59;57.9;56.8;56.99;1682626
20121214;56.97;57.7;56.86;57.09;1100803
20121217;57.49;57.87;57.22;57.84;892951
20121218;58.27;59.47;57.82;59.35;1972395
20121219;59.25;59.96;58.77;58.79;1269916
20121220;59;59.55;58.53;59.53;1047119
20121221;58.7;59.2;58.43;59.15;1876847
20121224;58.96;59.06;58.27;58.53;504684
20121226;58.48;58.95;57.98;58.01;887017
20121227;58.11;58.36;57.27;58.2;919460
20121228;57.67;57.84;57.19;57.23;995712
20121231;57.23;59.03;56.84;58.74;1610569
20130102;60.14;61.02;59.89;61;2404423
20130103;61;61.22;60.27;60.37;1387128
20130104;60.61;60.83;60.33;60.53;845539
20130107;60.16;60.56;59.32;60.31;988284
20130108;60.28;60.56;59.75;59.98;968796
20130109;60.3;61.11;60.23;60.73;874291
20130110;61.43;62.77;61.13;62.63;2862329
20130111;62.47;62.47;61.49;62.17;1366081
20130114;62.2;62.31;61.37;62.07;936178
20130115;61.66;62.67;61.34;62.59;968378
20130116;62.31;62.76;62.16;62.75;1024456
20130117;63.09;64.2;63.05;63.1;1177864
20130118;63.36;63.45;62.45;63.31;937971
20130122;63.18;64.24;62.93;64.01;815066
20130123;64.13;64.36;63.46;63.69;1434138
20130124;63.87;64.98;63.71;64.61;1012635
20130125;64.98;66.06;64.52;66.06;1665763
20130128;66.09;66.67;65.57;65.78;1123130
20130129;65.77;66.05;65.4;65.98;981895
20130130;66.01;66.01;64.82;65.01;1333686
20130131;64.69;65.12;63.99;64.83;1731688
20130201;65.67;66.23;65.43;65.83;1415249
20130204;65.4;65.59;64.8;65.11;951573
20130205;65.43;65.69;65.01;65.54;1333678
20130206;64.93;65.39;64.62;65.25;1203608
20130207;65.41;65.41;64.09;64.7;1045053
20130208;64.7;64.7;63.24;63.71;1856494
20130211;64.01;64.34;63.15;63.43;1434577
20130212;63.6;63.7;63.19;63.57;1172858
20130213;64.06;64.99;63.98;64.05;1434754
20130214;63.85;64.89;63.7;64.57;1277750
20130215;64.47;64.7;64.19;64.51;1082102
20130219;64.47;66.28;64.28;66.28;2033090
20130220;65.98;66.12;64.33;64.34;2010745
20130221;63.74;64.04;61.89;63.53;3061390
20130222;63.91;64.28;63.18;64.05;1418251
20130225;64.48;64.56;61.45;61.45;2004364
20130226;61.71;61.78;59.61;61.36;3035755
20130227;61.32;62.92;61.17;62.53;1249643
20130228;62.53;62.84;61.89;61.9;1609080
20130301;61.29;61.3;59.49;60.51;3538675
20130304;60.17;60.28;58.56;60.03;2849365
20130305;60.61;61.79;60.53;61.63;1850498
20130306;62.09;62.92;61.81;62.75;2008077
20130307;62.92;63.62;62.72;63.41;2141427
20130308;63.88;64.52;63.45;64.31;1093326
20130311;64.27;64.27;63.75;63.96;1272863
20130312;63.97;64.16;63.03;63.83;1033370
20130313;63.8;63.99;63.37;63.78;1041404
20130314;64;64.87;63.94;64.79;1005480
20130315;64.47;65.15;64.2;64.48;1522365
20130318;63.46;63.94;62.73;63.55;1506224
20130319;63.84;63.99;62.76;63.5;1389954
20130320;63.79;64.25;63.62;64.03;772513
20130321;63.58;64.32;63.26;63.63;857823
20130322;63.95;65.08;63.59;64.94;1344374
20130325;65.11;65.5;63.8;64.3;1291422
20130326;64.68;65.51;64.61;65.49;861500
20130327;64.84;65.41;64.11;65.25;1036517
20130328;65.42;66.46;65.06;66.33;1259388
20130401;66.3;66.83;65.13;65.44;1181931
20130402;65.56;65.98;64.14;64.28;1137342
20130403;64.24;64.66;61.1;61.91;2845373
20130404;62.02;62.42;61.18;61.82;1817576
20130405;60.74;62.16;60;62.03;1352722
20130408;62.07;62.93;61.86;62.45;919126
20130409;62.59;63.1;61.91;62.68;1016008
20130410;62.86;63.64;62.06;62.57;2109090
20130411;62.64;63.19;62.02;62.92;1052801
20130412;62.51;62.61;60.01;60.22;2519770
20130415;59.72;59.72;54.91;55.3;15361919
20130416;56.58;57.27;56.12;56.64;4489807
20130417;56.08;56.08;54.42;55.27;3759905
20130418;55.45;55.8;54.22;54.33;2462555
20130419;54.32;54.67;53.76;54.16;2077498
20130422;54.28;55.37;53.5;55.27;2371587
20130423;55.5;55.61;53.75;54.38;2684768
20130424;54.61;56.33;54.61;56.32;2284071
20130425;56.69;57.16;56.34;56.63;1827342
20130426;56.61;56.85;56.14;56.38;1098993
20130429;56.52;57;56.05;56.45;1398509
20130430;56.37;57;55.72;56.98;2149655
20130501;56.5;56.77;55.63;56.15;2701774
20130502;56.36;57.68;56.18;57.45;1756935
20130503;59.73;61.75;59.08;59.8;3084301
20130506;59.81;60.48;59.4;60.09;1629193
20130507;60.15;60.51;59.79;60.43;1559715
20130508;60.44;61.96;60.38;61.79;2082712
20130509;62.1;62.37;61.43;61.67;1736441
20130510;61.7;61.93;61.03;61.91;1535389
20130513;61.47;61.8;60.27;60.58;1838024
20130514;60.62;61.84;60.51;61.84;2035463
20130515;61.5;62.64;61.27;62.29;2046738
20130516;61.96;62.88;61.57;62;1597889
20130517;62.3;64.67;62.21;64.57;2272368
20130520;64.22;66.9;64.17;66.28;2878491
20130521;66.08;66.66;65.4;65.99;1759557
20130522;65.92;66.62;64.76;65;1656298
20130523;63.87;65.33;63.25;64.93;1913508
20130524;64.28;64.75;62.38;63.68;1949734
20130528;64.83;64.87;64.05;64.26;1415184
20130529;63.56;64.3;63.12;63.4;1239832
20130530;63.75;64.27;63.12;63.89;942918
20130531;63.5;64.43;63.21;63.21;1901572
20130603;63.26;63.58;61.78;63.1;1702434
20130604;62.8;63.61;61.85;62.67;1394081
20130605;62.5;62.65;61.17;61.58;1647414
20130606;61.36;62.24;61.08;62.2;1611294
20130607;62.5;63.15;62.12;62.86;1016079
20130610;63;63.48;62.4;63.08;980820
20130611;62.14;62.32;61.01;61.57;1793907
20130612;62.2;62.41;59.94;60.21;1646113
20130613;60.1;61.35;60;61.14;1611374
20130614;61.15;61.86;60.85;61;1171815
20130617;61.5;62.92;61.45;62.31;1580073
20130618;62.53;63.51;62.42;63.28;1347845
20130619;63.14;63.5;62.21;62.23;1296474
20130620;61.3;61.31;59.71;60.01;1927881
20130621;60.43;60.73;59.3;60.17;2597611
20130624;59.11;59.14;57.84;58.61;1760457
20130625;59.28;59.74;58.75;59.14;1731302
20130626;59.67;59.74;58.44;58.86;1537167
20130627;59.35;59.9;58.97;59.73;1326524
20130628;59.19;59.71;58.78;59.31;2051570
20130701;59.84;59.99;58.86;59.02;1800109
20130702;58.97;59.25;58.01;58.3;1337886
20130703;58.23;58.67;57.64;58.27;944526
20130705;58.88;58.97;57.5;58.59;1394368
20130708;58.8;58.93;57.71;57.75;2008368
20130709;58.33;59.54;58.23;59.01;1287568
20130710;59.11;59.52;58.8;59.29;1091071
20130711;60.31;61.36;60.18;61.24;2093367
20130712;61.07;61.86;60.7;61.49;1255148
20130715;61.5;62.07;61.35;61.84;882426
20130716;62;62.15;60.65;61.17;1146319
20130717;61.63;61.76;61.06;61.27;918339
20130718;61.36;62.56;61.36;62.27;1130902
20130719;62.33;63.12;62;62.84;1406674
20130722;62.62;63.05;62.23;63.01;1017839
20130723;63.12;63.15;62.64;62.95;802176
20130724;63.1;63.38;62.21;62.29;1016896
20130725;62.07;62.77;61.75;62.1;1315405
20130726;61.58;62.17;61.11;61.6;1563125
20130729;61.34;61.38;59.98;60.3;1629638
20130730;60.58;60.86;60.14;60.73;2057314
20130731;60.9;63.4;60.9;62.56;2884625
20130801;63.19;65.46;61.68;65.04;2593816
20130802;64.92;67.07;64.33;66.53;2630289
20130805;66.32;66.91;65.82;66.7;1297083
20130806;66.53;66.65;64.89;65.55;2970088
20130807;65.37;65.47;64.22;65.21;2039779
20130808;65.5;66.7;64.94;66.04;2553100
20130809;66.02;66.25;65.34;65.98;1787681
20130812;65.4;65.92;65.23;65.55;1419918
20130813;65.74;66.1;65.34;65.81;1145670
20130814;65.92;66.74;65.54;66.43;1344233
20130815;65.82;66.3;65.31;65.95;1402717
20130816;65.74;66.6;65.62;66.19;1026608
20130819;65.86;66.02;64.86;65.06;1252751
20130820;65.29;65.75;64.75;65.05;1876402
20130821;64.76;66;64.66;65.25;1282809
20130822;65.71;66.69;65.63;66.28;679083
20130823;66.33;66.33;65.23;66.08;939181
20130826;66.32;67.02;66.25;66.48;1104217
20130827;65.63;65.69;64.5;64.73;1477729
20130828;64.56;64.75;64.08;64.31;1083807
20130829;63.89;64.46;63.77;63.9;1252503
20130830;64.03;64.14;63.17;63.43;926963
20130903;64.08;64.68;63.21;63.54;938823
20130904;63.51;64.33;63.3;64.13;676359
20130905;64.06;65.14;64.05;65;776187
20130906;65.3;65.55;64.52;64.58;984176
20130909;64.91;66.38;64.91;65.89;1172490
20130910;66.35;66.86;66.21;66.72;2088874
20130911;66.42;67.49;66.4;67.15;974958
20130912;67.14;68.48;67;67.72;1549194
20130913;67.9;68.24;67.14;67.21;958167
20130916;68.7;68.98;67.64;67.86;1368849
20130917;67.87;68.22;67.54;68.04;688546
20130918;68.18;70.74;67.96;69.91;1741545
20130919;70.18;71.62;70.06;71.45;1943959
20130920;73.37;74.72;71.83;72.01;3793878
20130923;71.75;71.94;70.45;70.92;1501043
20130924;70.82;72.05;70.77;71.33;1295359
20130925;71.27;72.13;70.68;71.9;1314363
20130926;72;72.13;71.47;72.03;1068078
20130927;71.34;71.72;70.76;71.05;1295335
20130930;70.12;71.16;70.03;70.96;1005224
20131001;70.77;72.49;70.55;71.93;968786
20131002;71.37;73.28;71.36;73.2;1655896
20131003;73.5;73.75;71.01;71.89;1428030
20131004;71.79;72.31;71.33;71.87;1009655
20131007;71.34;71.98;70.78;71.29;1041820
20131008;71.06;71.76;69.51;69.69;1195343
20131009;70.13;70.62;68.93;69.6;1533216
20131010;70.54;71.93;70.54;71.74;953590
20131011;72.1;73.37;71.91;72.98;1034466
20131014;72.34;73.86;72.03;73.74;1101978
20131015;73.43;73.7;72.46;72.75;1302057
20131016;73.22;74.22;72.5;74.15;1422596
20131017;73.74;75.82;73.74;75.55;1492834
20131018;76.13;77.56;75.85;77.19;1830525
20131021;77.13;77.29;76.15;76.7;945944
20131022;77;78.23;76.86;77.05;963648
20131023;76.4;77.16;75.31;76.47;1162817
20131024;76.5;77.14;76.3;76.88;1182758
20131025;76.97;76.99;75.31;76.31;1455458
20131028;76.44;76.78;75.93;76.57;1340816
20131029;77.04;77.3;76.39;76.88;1192167
20131030;76.81;77;75.78;76.01;1405394
20131031;75.17;75.22;73.8;74.22;2572322
20131101;73.89;76.84;73.15;74.9;3262977
20131104;75.26;75.84;74.54;75.81;1326566
20131105;75.19;76.43;74.84;76.21;2591616
20131106;76.3;76.89;75.79;76.66;1657655
20131107;76.99;77.55;75.55;75.67;1783908
20131108;75.47;77.96;75.33;77.92;1881910
20131111;77.44;78.14;77.07;77.85;1237503
20131112;77.67;77.96;77.21;77.48;1316035
20131113;76.47;79.22;76.19;79.08;1869164
20131114;79.37;79.47;78.44;79.35;876836
20131115;79.49;79.68;78.82;79.36;850220
20131118;79.64;79.95;77.84;78.04;1388985
20131119;77.75;77.78;76.47;77.04;1263645
20131120;77.05;77.93;76.01;76.22;974525
20131121;76.72;78.18;76.71;78;1088143
20131122;77.98;78.68;77.36;78.63;1238347
20131125;79.03;79.03;77.41;78.29;1290384
20131126;78.06;79.95;78.05;78.87;2065310
20131127;78.93;79.2;78.12;78.17;794404
20131129;78.23;78.44;77.6;77.81;448094
20131202;77.9;78.5;76.62;77.92;948968
20131203;77.34;77.69;76.66;77.26;1054978
20131204;76.77;78.22;76.02;76.82;1008399
20131205;76.46;77.39;75.91;76.16;1056583
20131206;77.09;77.78;76.62;77.41;815057
20131209;77.41;77.58;76.68;76.86;1131929
20131210;76.82;77.99;76.81;77.65;1275588
20131211;77.88;77.97;75.32;75.59;1123023
20131212;75.63;76.01;74.77;74.84;1536854
20131213;75;75.6;74.59;74.79;1286060
20131216;75.5;76.31;75.42;75.94;1370404
20131217;75.96;76.5;75.44;75.8;1223435
20131218;76.07;78.06;75.84;77.94;1710026
20131219;77.74;79.01;77.43;78.83;1628538
20131220;79.11;79.52;78.74;79.37;1895156
20131223;79.69;79.88;78.68;79.02;745783
20131224;79.02;79.55;78.9;79.27;401866
20131226;79.5;80.18;79.39;79.98;608147
20131227;80.06;80.34;79.52;79.76;854678
20131230;79.96;80.36;79.64;79.88;734005
20131231;79.92;80.45;79.6;80.29;929385
20140102;79.82;80.2;78.79;78.87;1206471
20140103;78.9;79.79;78.8;79.15;825157
20140106;79.55;79.82;78.29;78.56;875452
20140107;78.88;79.81;78.68;79.38;1006871
20140108;79.25;79.66;78.91;79.29;970017
20140109;79.51;79.98;78.32;78.8;1432007
20140110;79.33;79.63;78.79;78.9;1393898
20140113;78.89;79.14;77.74;78.04;2072974
20140114;79.01;79.81;78.35;79.48;1989848
20140115;79.84;81.34;79.72;80.46;1713229
20140116;80.35;80.62;79.35;80.44;1140765
20140117;80.8;82.24;80.35;82.05;1580999
20140121;82.7;83.55;82.01;82.94;1727939
20140122;83.44;83.93;83.02;83.65;1556952
20140123;82.88;82.88;80.91;81.09;1936517
20140124;80.39;80.5;77.48;77.48;1935521
20140127;77.39;78.21;75.57;76.72;1571124
20140128;76.95;77.77;76.81;77.46;1356669
20140129;76.51;77.63;75.56;76.12;1948678
20140130;76.82;77;76.11;76.35;1431100
20140131;75.25;76.56;74.93;75.96;1205719
20140203;75.87;76.25;73.52;73.79;1652313
20140204;74.22;75.47;73.32;75.21;1405561
20140205;74.77;75.23;74.11;74.86;1160287
20140206;74.94;76.56;74.88;76.03;876317
20140207;78.03;78.03;76.64;77.21;1632308
20140210;77.05;77.85;76.68;77.4;1328281
20140211;77.62;78.05;77.38;77.65;1628851
20140212;77.99;80.41;77.89;79.9;2063147
20140213;79.04;79.76;78.4;78.87;1527277
20140214;78.9;79.83;78.78;79.67;1633668
20140218;80.27;80.42;79.03;80.13;1927569
20140219;80.45;83.1;80.08;80.25;3475792
20140220;80.49;80.91;79.75;80.01;2450218
20140221;80.5;80.53;79.11;79.19;1414003
20140224;79.18;79.99;78.65;78.93;1200127
20140225;78.96;79.33;77.46;77.76;1994878
20140226;78.18;79.01;77.61;78.33;1848589
20140227;78.38;78.89;77.78;78.16;1410954
20140228;78.1;78.1;77.29;77.69;1954007
20140303;76.7;77.31;76.37;76.92;1310277
20140304;77.7;78.7;77.6;78.4;1680544
20140305;78.54;78.77;77.89;78.14;1034899
20140306;78.51;80.26;78.48;80.12;1426595
20140307;80.77;80.77;79.44;79.69;1261848
20140310;79.26;79.7;77.82;78.66;1104332
20140311;78.72;79.04;76.89;77.24;1225981
20140312;76.66;76.89;75.86;76.45;1511157
20140313;76.66;76.75;74.43;74.99;1683379
20140314;74.76;75.16;74.19;74.33;1226884
20140317;74.97;75.88;74.94;75;1262233
20140318;73.89;77.18;73.89;76.89;1976579
20140319;76.86;76.86;74.91;75.39;1469350
20140320;75.25;75.9;74.85;75.45;1266163
20140321;76.1;77.13;75.84;76.62;2353876
20140324;76.7;77;75.52;76.52;1484620
20140325;76.98;77.76;76.54;77.29;1518588
20140326;77.78;78.15;76.05;76.06;1633856
20140327;75.91;76.14;75.36;75.72;1178748
20140328;76.03;77.13;76.03;76.41;795879
20140331;78.04;78.84;77.41;77.73;1273338
20140401;77.73;78.02;76.95;77.51;1323681
20140402;77.35;78.07;77.2;77.66;1265259
20140403;77.71;78.27;77.33;78.21;885619
20140404;78.75;79.9;77.29;77.66;1265653
20140407;77.36;77.49;74.69;75.87;1634519
20140408;75.83;76.55;75.33;76.1;943186
20140409;76.43;77.5;75.76;77.36;912149
20140410;77.34;77.55;75.93;75.94;1107990
20140411;75.22;75.68;74.2;74.47;1382116
20140414;75.2;75.37;74.2;74.83;776151
20140415;74.7;76.08;74.03;75.84;1636130
20140416;76.55;77.62;76.48;77.32;973990
20140417;77.51;78.29;76.9;77.87;1018709
20140421;77.73;77.76;77.02;77.49;837732
20140422;77.77;78.49;77.26;77.98;680611
20140423;77.96;78.32;77.5;77.58;587163
20140424;77.99;78.04;76.72;76.92;1134928
20140425;76.7;76.76;75.3;75.73;905777
20140428;75.75;76.13;74.17;75.08;1147376
20140429;75.24;75.69;74.04;74.84;1508956
20140430;74.86;76;74.27;75.7;1274362
20140501;75.57;76.4;75.07;75.54;1430464
20140502;74.99;76.88;74.08;75.45;2834915
20140505;74.97;75.48;74.13;74.28;1375259
20140506;74.27;75.39;74.19;74.4;1589637
20140507;74.74;75.54;74.08;75.49;1275163
20140508;75.64;76.47;74.81;75.28;979465
20140509;75.07;75.32;74.16;75.1;877606
20140512;75.46;76.81;75.37;76.38;1175394
20140513;76.68;77.81;76.48;76.7;1315369
20140514;76.74;76.81;75.75;75.9;1483525
20140515;75.51;75.94;73.67;74.21;1728989
20140516;74.31;74.4;72.9;73.22;1983909
20140519;72.87;74.01;72.7;73.71;924989
20140520;73.42;73.75;72.7;72.98;860351
20140521;73.38;74.19;73.19;74.1;1015857
20140522;74.35;74.56;73.78;73.81;883759
20140523;73.64;74.54;73.64;74.11;914895
20140527;74.95;75.5;74.59;75.32;1082841
20140528;75.5;75.75;74.94;75.34;875945
20140529;75.47;75.68;74.86;75.61;919639
20140530;75.31;75.36;74.61;75.08;1006334
20140602;75.09;75.59;74.75;75.37;1125043
20140603;75.34;75.59;74.58;74.9;770518
20140604;74.7;75.52;74.67;75.04;1031091
20140605;75.18;77.44;75.08;77.26;2006512
20140606;77.28;79.56;77;79.4;2332770
20140609;79.4;79.93;78.83;79.31;1310760
20140610;79.13;79.5;78.78;79.21;790446
20140611;78.8;78.95;77.82;78.45;917811
20140612;78.23;78.42;76.97;77.47;889983
20140613;77.33;77.66;76.8;77.64;855631
20140616;77.27;77.5;76.58;76.98;738013
20140617;76.7;78.53;76.39;77.82;1232981
20140618;77.82;78;76.13;77.47;1214058
20140619;77.4;78.25;77.04;77.35;1318966
20140620;77.64;78.81;77.5;78.52;1798652
20140623;78.44;79.12;77.59;77.91;658068
20140624;77.63;77.99;76.29;76.38;949366
20140625;76.38;76.78;75.81;76.46;793172
20140626;76.53;76.73;75.56;76.42;646613
20140627;76.24;77.23;76.24;76.88;950839
20140630;77.07;77.26;76.24;76.9;694277
20140701;77.25;78.59;77;78.2;1044721
20140702;78.23;78.44;77.51;77.91;661921
20140703;78.14;79.2;78.04;78.99;815068
20140707;78.54;78.99;77.49;77.93;1066146
20140708;77.78;77.78;77.2;77.53;554555
20140709;77.9;78.75;77.5;78.02;801315
20140710;76.63;78.09;76.63;77.58;884083
20140711;77.36;78.23;76.56;77;1428160
20140714;77.71;78.08;77.55;77.82;955921
20140715;78.06;78.64;77.81;77.95;889399
20140716;78.45;78.45;77.69;77.74;821956
20140717;77.4;77.62;76.26;76.3;1005623
20140718;76.67;77;76.45;76.76;956051
20140721;76.85;77.15;76.24;76.82;899810
20140722;77.1;77.81;76.74;77.4;902950
20140723;78.02;78.28;77.53;77.79;926925
20140724;77.67;78.14;77.25;77.43;1178714
20140725;76.94;77.05;75.55;76.02;1233827
20140728;76;76.17;75.01;75.7;922315
20140729;75.7;75.96;74.59;74.6;1023905
20140730;74.72;75.36;74.22;75.04;1147010
20140731;74.56;75.05;72.77;72.87;2007485
20140801;73.92;75.55;72.99;73.25;2257475
20140804;73.22;73.25;71.89;72.98;1426603
20140805;72.48;73.27;71.93;72.23;1501931
20140806;71.67;72.31;71.03;71.85;1581629
20140807;72.32;72.33;70.82;71.12;1205164
20140808;71.17;72.26;70.94;72.21;848989
20140811;72.79;73.65;72.65;73;788733
20140812;72.77;73.44;72.01;72.24;603188
20140813;72.52;73.11;72.26;73.1;664939
20140814;72.91;73.23;72.48;73.03;716661
20140815;73.33;73.6;71.95;72.25;869450
20140818;73.03;74;72.98;73.98;758893
20140819;74;74.09;73.54;73.67;871794
20140820;73.73;74.49;73.52;74.29;861353
20140821;74.23;74.6;73.59;74.11;773993
20140822;73.99;74.27;73.73;73.93;570566
20140825;74.4;75.01;74.35;74.98;632022
20140826;75.31;75.52;74.78;75.38;869491
20140827;75.38;75.4;74.73;75.04;1026633
20140828;74.9;75.13;74.36;74.48;1400732
20140829;74.43;74.54;73.56;73.89;840705
20140902;73.74;74.8;73.59;73.8;839778
20140903;74.18;74.19;73.16;73.27;689057
20140904;73.3;73.8;72.62;72.78;1014089
20140905;72.68;73.66;72.27;73.65;964422
20140908;73.56;73.69;72.73;73.24;858133
20140909;73.13;73.27;71.88;72.05;1045593
20140910;71.79;72.23;70.05;70.22;2862115
20140911;69.88;70.83;69.58;70.74;1911746
20140912;70.77;70.9;69.9;69.99;1618937
20140915;69.96;70.02;69.27;69.75;919171
20140916;69.65;70.07;69.32;69.65;1492810
20140917;69.94;70.39;69.48;69.65;1133847
20140918;69.93;70.55;69.66;70.51;1732432
20140919;70.86;70.94;70.12;70.27;1577121
20140922;69.79;70.09;68.27;68.54;1827744
20140923;67.81;68.41;67.04;68.17;1992498
20140924;68.15;68.39;67.56;67.9;2867638
20140925;67.83;68.05;66.7;66.73;1963458
20140926;67;67.8;66.93;67.65;1959033
20140929;66.89;67.89;66.82;67.37;1363849
20140930;67.3;67.6;66.52;66.79;2106588
20141001;67.04;67.05;65.84;65.89;2391811
20141002;65.94;66.37;65.18;65.69;1657977
20141003;66.14;66.62;65.86;66;1644507
20141006;66.3;66.54;65.37;66.01;1023237
20141007;65.66;65.72;63.86;63.93;2120194
20141008;63.93;65.34;63.27;65.27;2219101
20141009;65.13;65.33;63.83;63.86;1389003
20141010;63.72;64.48;62.87;62.88;1695028
20141013;63.06;63.9;61.71;61.73;1326447
20141014;62.09;63.15;61.32;61.54;1815236
20141015;60.5;61.98;59.32;61.65;1825802
20141016;60.43;61.97;59.4;61.1;2690591
20141017;62;63.08;61.79;62.25;1921638
20141020;61.97;62.57;61.95;62.38;1209749
20141021;62.86;63.96;62.85;63.93;1816757
20141022;63.93;64.1;61.51;61.62;2483575
20141023;62.37;65.12;61.91;64.61;2655584
20141024;65.08;65.09;63.95;64.95;1225924
20141027;64.9;65.24;64.32;65.2;1694202
20141028;65.47;66.72;64.89;66.61;1455596
20141029;66.71;66.92;65.02;65.53;1443163
20141030;65.03;66.95;65.03;66.42;1850066
20141031;66.21;67.38;64.82;66.34;3137280
20141103;66.52;66.97;65.57;65.78;1673506
20141104;65.41;65.48;63.63;63.77;1875962
20141105;64.09;65.72;64;65.5;1922991
20141106;65.3;65.86;64.97;65.67;1717596
20141107;65.7;66.78;65.69;66.29;1986171
20141110;66.34;66.95;65.71;65.96;1586109
20141111;65.9;66.05;65.5;65.9;1416290
20141112;65.6;66.07;65.35;65.95;1133123
20141113;65.96;66.41;64.41;65.09;1478577
20141114;65.02;65.54;64.37;64.7;2039039
20141117;64.63;64.75;63.5;63.61;1670814
20141118;64.1;65.98;64.1;65.94;2308801
20141119;66.29;66.69;65.87;66.33;1883054
20141120;65.93;68.09;65.9;67.59;1657367
20141121;68.78;69.69;68.67;69.24;2471399
20141124;69.53;69.56;67.68;68.33;2266243
20141125;68.53;68.86;68.12;68.68;1970515
20141126;68.57;68.8;66.41;66.72;2287462
20141128;65.33;65.33;61.79;61.99;3549000
20141201;61.1;61.75;58.41;60.25;5244754
20141202;60.54;62.01;60.43;61.58;2647728
20141203;62;63.69;62;62.91;2334480
20141204;62.46;62.68;61.6;62.05;1894206
20141205;61.9;62.71;61.89;62.39;1510687
20141208;62.05;62.17;59.59;59.89;2706103
20141209;59.18;60.7;58.69;60.51;2486666
20141210;59.93;59.93;57.88;57.95;2094088
20141211;57.53;59.55;57.53;58.35;3472337
20141212;57.47;58.32;56.22;56.88;4168856
20141215;57.35;58.22;56.67;56.67;2740921
20141216;56.07;58.13;56.04;56.29;2986014
20141217;56;58.12;55.6;57.95;2946873
20141218;59.08;59.71;58.34;59.58;3221549
20141219;59.75;60.43;59.44;59.9;5619759
20141222;60.11;60.3;58.84;59.64;2190593
20141223;59.95;61.33;59.68;60.56;2096739
20141224;60.6;60.9;60.06;60.3;785210
20141226;60.64;61.22;60.48;60.53;688603
20141229;60.84;62.09;60.72;61.57;1777774
20141230;61.16;61.56;60.84;60.97;1621750
20141231;61.27;61.42;60.3;60.63;1361522
20150102;60.78;61.06;59.92;60.69;1005487
20150105;59.97;59.97;58.08;58.56;2530113
20150106;58.53;58.6;57.12;58;2012985
20150107;58.5;58.83;57.49;57.86;1486382
20150108;58.48;59.71;58.03;59.66;1700681
20150109;59.67;60.04;57.48;57.71;1906937
20150112;57.53;57.69;56.02;56.18;2228976
20150113;56.44;56.75;54.81;55.63;2119057
20150114;54.81;54.93;52.79;54.01;3768696
20150115;54.28;54.74;52.69;52.7;2240354
20150116;52.67;54.08;52.44;54.03;1977175
20150120;53.89;54.53;53.38;54.44;1777057
20150121;54.48;56;54.4;55.76;2063474
20150122;55.3;55.34;54.44;54.96;2904472
20150123;54.68;55.3;54.25;54.31;2602306
20150126;54.29;55.23;53.8;55.12;1448924
20150127;53.5;54.51;53.01;54.16;1873672
20150128;54.31;54.31;52.19;52.21;2530122
20150129;52.23;53.2;51.8;53.04;2716697
20150130;52.41;54.19;51.92;53.59;3073048
20150202;53.97;55.73;53.84;55.59;1972986
20150203;54.62;57.1;54.62;56.72;2405506
20150204;55.85;55.95;53.86;54.35;2452131
20150205;54.82;56.09;54.69;55.72;1993484
20150206;55.96;56.36;55.05;55.08;2121279
20150209;55.2;56.61;55.19;56.09;1889725
20150210;56.23;56.49;55.28;55.65;1539463
20150211;55.3;55.86;54.67;55.49;1758189
20150212;56.04;56.6;55.83;56.36;1260601
20150213;56.88;58.31;56.88;57.78;2153404
20150217;57.53;58.05;57.23;57.57;2789645
20150218;58.45;60.19;58.1;59.09;3558023
20150219;58.25;59.72;58.04;59.44;2559936
20150220;59.15;59.54;58.14;59.33;1801014
20150223;58.87;59.13;58.3;59.05;2274152
20150224;58.96;59.92;58.87;59.25;1297741
20150225;59.46;59.62;58.73;59.18;1350599
20150226;59.03;59.48;57.86;58.12;1809739
20150227;58.24;58.6;57.54;58;2986320
20150302;57.96;58.6;57.45;58.48;1160439
20150303;58.31;58.77;58.11;58.4;1216778
20150304;58;58.26;57.2;57.88;1382401
20150305;57.83;58.37;57.46;58.1;1007979
20150306;57.58;58.38;57.13;57.29;1347994
20150309;57.3;57.93;57;57.87;1858465
20150310;57.6;57.76;57;57;1250405
20150311;56.94;57.35;56.68;57.12;1050859
20150312;57.41;58;57.15;57.9;1074193
20150313;57.58;57.69;56.11;56.69;1232955
20150316;56.68;57.44;56.39;57.41;946729
20150317;57.14;57.35;56.84;57.16;971287
20150318;56.95;58.66;56.56;58.28;1713000
20150319;57.92;57.92;56.44;56.77;1603844
20150320;57.17;57.57;57.04;57.29;1861644
20150323;57.27;58.16;57.17;57.88;1035926
20150324;57.93;58.36;57.35;58.25;1125260
20150325;58.47;58.49;57.45;57.47;781447
20150326;57.48;58.43;57.35;57.47;677604
20150327;57.25;57.25;56.33;56.76;899813
20150330;57.1;58.23;56.95;57.89;1013609
20150331;57.69;57.81;57.03;57.16;1436894
20150401;56.43;57.12;56.22;56.77;1271999
20150402;56.67;57.91;56.41;57.59;1034763
20150406;57.49;59.21;57.41;58.9;1269755
20150407;58.82;59.12;58.13;58.98;1466032
20150408;59.01;59.44;58.33;58.91;1245003
20150409;58.77;59.5;58.44;59.14;1260732
20150410;59.18;59.58;58.95;59.13;945774
20150413;58.02;58.93;57.95;58.34;1083412
20150414;58.45;59.19;58.23;59.02;958249
20150415;59.48;62.26;59.25;61.2;3044032
20150416;61.2;61.25;59.9;60.12;1399979
20150417;59.55;59.95;59.2;59.52;1144736
20150420;59.71;60.24;59.65;59.76;1030835
20150421;59.93;60.04;59.37;59.75;1102602
20150422;59.74;60.32;59.19;60.18;1356838
20150423;60.18;61.07;60.03;60.56;1140061
20150424;60.46;60.46;59.72;60.11;874398
20150427;60.4;61.21;60.33;60.83;1177165
20150428;60.62;60.8;60.08;60.59;1202064
20150429;60.37;61.36;60.06;60.97;1517856
20150430;60.92;61.27;59.96;60.14;1660998
20150501;58.24;59.91;57.93;58.7;2659365
20150504;58.86;59.4;58.49;58.72;1250908
20150505;58.87;59.71;58.78;58.86;1568520
20150506;59.38;59.49;58.62;58.9;1066304
20150507;58.63;59;58.28;58.63;1322562
20150508;59.41;59.92;58.79;59.66;1492955
20150511;59.64;60.1;59.17;59.92;1092223
20150512;59.71;59.71;58.79;59.28;1137893
20150513;59.36;60.34;59.25;60.04;1077001
20150514;60.45;60.62;59.64;59.94;1178425
20150515;59.77;59.84;58.77;59.23;1971737
20150518;58.98;59.23;58.32;58.96;1393439
20150519;58.77;58.89;57.95;58.52;1110314
20150520;58.73;59.08;58.49;58.77;1028614
20150521;58.93;59.38;58.77;58.89;761517
20150522;58.61;58.91;57.95;57.97;983949
20150526;57.57;57.59;56.46;56.63;1491355
20150527;56.61;57;56;56.97;1074949
20150528;56.63;56.89;55.9;56.47;1010841
20150529;56.51;56.7;55.89;56.22;1395755
20150601;56.35;56.82;55.93;56.5;882587
20150602;56.19;57.76;56.14;57.08;1327060
20150603;57.16;57.97;56.89;57.14;720844
20150604;56.5;56.54;55.69;55.77;1737312
20150605;55.5;55.89;55.1;55.64;1452441
20150608;55.57;55.96;55.17;55.19;789649
20150609;55.41;55.84;55.02;55.09;855747
20150610;55.61;55.96;55.41;55.68;782012
20150611;55.73;55.94;55.34;55.43;880820
20150612;55.14;55.46;54.89;55.06;1032524
20150615;54.62;54.91;54.07;54.66;1166347
20150616;54.52;55.39;54.35;55.17;952589
20150617;55.38;55.82;54.91;55.21;936672
20150618;55.55;56.08;55.16;55.74;794924
20150619;55.63;56.25;55.46;55.59;1697919
20150622;56;56.35;55.78;55.96;947375
20150623;55.93;56.29;55.76;56.03;965706
20150624;55.6;56.29;55.5;55.58;914225
20150625;55.54;55.76;54.66;54.66;896779
20150626;54.64;54.93;54.42;54.56;2055146
20150629;53.91;54.18;52.89;52.97;1280620
20150630;53.4;53.5;52.72;53.01;1311865
20150701;53.36;53.42;52.53;52.93;1189735
20150702;53.06;53.48;52.77;52.91;865209
20150706;52.07;52.75;51.75;51.95;1092802
20150707;51.82;52.59;50.86;52.53;1581916
20150708;52;52.22;50.4;50.42;1967970
20150709;51.36;51.65;50.49;50.54;1290168
20150710;51.19;51.5;50.4;50.74;1394661
20150713;50.92;51.64;50.81;51.46;1199299
20150714;51.36;52.08;51.27;51.91;940936
20150715;51.64;51.64;50.41;50.62;1387440
20150716;51.08;51.43;50.43;50.75;1256507
20150717;50.67;50.78;49.83;50.27;1691860
20150720;50.19;50.19;49.52;49.86;1224933
20150721;49.87;50.41;49.6;49.8;1166751
20150722;49.56;49.89;49.21;49.54;1115324
20150723;49.75;50.09;48.5;48.68;1735864
20150724;48.83;48.83;47.79;48.06;1877035
20150727;47.53;48.05;47.09;47.83;1778366
20150728;48.3;49.16;48.06;49.11;2233795
20150729;49.18;50.44;48.98;50.39;2378558
20150730;50.14;51.01;49.53;50.9;2392436
20150731;46.27;48.96;45.14;46.75;5022790
20150803;46.51;47.5;45.93;47.09;2537155
20150804;47.19;47.83;46.37;46.55;1939395
20150805;47.02;47.56;46.82;47.22;2987663
20150806;47.11;48.27;47.03;48.06;1882298
20150807;47.91;48.28;47.37;47.46;1788628
20150810;47.86;48.9;47.7;48.84;1330080
20150811;48.14;48.19;47.57;48.09;1218961
20150812;47.67;48.95;47.42;48.86;2152199
20150813;48.74;48.88;47.55;47.66;1277009
20150814;47.6;48.22;47.6;48.03;1178508
20150817;47.73;48.24;47.33;48.23;1197492
20150818;47.96;48.2;47.36;47.59;1469919
20150819;47.21;47.81;46.81;47.55;1601783
20150820;47.06;47.32;45.78;45.85;1710570
20150821;45.5;45.92;44.91;44.97;1864929
20150824;42.03;45;41.88;43.36;2685812
20150825;44.18;44.76;42.66;42.69;2179277
20150826;43.54;43.54;42.46;43.32;1709928
20150827;43.99;45.46;43.84;45.11;1945483
20150828;44.98;45.99;44.86;45.65;1193798
20150831;45.13;45.99;44.68;45.62;1200606
20150901;44.5;44.93;43.82;44.07;1463884
20150902;44.64;44.73;43.62;44.35;1294091
20150903;44.44;45.15;44.11;44.55;1166254
20150904;44;44.35;43.49;43.66;1554870
20150908;44.38;45.24;44.25;45.08;1132304
20150909;45.43;45.8;44.39;44.47;1226492
20150910;44.6;45.02;44.01;44.89;1294807
20150911;44.52;45.39;44.31;45.24;1637919
20150914;44.96;45.36;44.63;45.12;1379468
20150915;45.2;45.48;44.35;44.94;1945373
20150916;44.98;45.6;44.9;45.47;1532283
20150917;45.38;45.53;44.57;44.67;1515242
20150918;43.99;44.12;43.14;43.29;2184751
20150921;43.62;43.88;43.33;43.6;1457635
20150922;42.9;43.15;42.46;42.84;1183387
20150923;43.02;43.1;41.65;41.7;1404782
20150924;41.34;42.25;40.71;42.09;1594053
20150925;42.4;42.4;41.78;42.14;1349179
20150928;41.65;41.66;40.7;40.94;2206243
20150929;40.97;41.61;40.85;41.35;1476243
20150930;41.73;42.39;41.32;42.35;1888375
20151001;42.61;42.75;41.15;41.46;1778868
20151002;41.02;42.44;40.61;42.4;1780270
20151005;42.75;44.55;42.64;44.54;1853359
20151006;44.49;46.03;44.31;45.55;2324527
20151007;46;47.13;45.42;46.27;1773726
20151008;46.2;47.55;46.18;47.37;1183723
20151009;47.56;47.96;46.62;47.41;1641143
20151012;47.49;47.5;46.66;47.09;1002360
20151013;46.79;47.62;46.47;46.58;1231312
20151014;46.43;46.92;46.11;46.72;871740
20151015;46.77;47.43;46.22;47.43;1312868
20151016;47.18;47.35;44.23;44.66;2653699
20151019;44.22;44.98;44.21;44.64;1037412
20151020;44.54;45.67;44.38;45.36;1167232
20151021;45.51;45.6;44.64;44.69;1058914
20151022;44.91;46.05;44.7;45.35;1103675
20151023;45.61;46.26;45.41;46.21;1346298
20151026;45.95;46.22;45.43;45.53;1156565
20151027;44.97;45.28;43.79;43.98;1513611
20151028;45.37;47.58;45.37;47.22;2543863
20151029;46.81;47.43;46.12;46.55;1686645
20151030;46;48.48;44.17;47.81;3396417
20151102;47.6;49.75;47.47;49.31;2198816
20151103;49.31;50.71;49.03;50.18;2080215
20151104;50.29;50.91;49.96;50.21;1766219
20151105;50;50.91;49.63;50.47;1244119
20151106;49.97;50.33;48.62;49.14;2456663
20151109;49.06;49.37;48.48;49.12;2262915
20151110;48.96;49.3;48.19;48.86;2107178
20151111;49;49.28;48.51;49.18;1163687
20151112;48.41;48.67;46.98;47;1860587
20151113;46.72;47.39;46.47;46.71;1316784
20151116;46.69;47.85;46.53;47.84;1179720
20151117;47.76;47.87;46.87;47.02;1578673
20151118;47.54;48.51;47.2;48.39;1400921
20151119;48.26;48.92;48.17;48.87;1302616
20151120;49.16;49.4;48.1;48.15;1284090
20151123;47.88;48.46;47.5;48.05;1182306
20151124;48.13;48.76;47.7;48.4;1207460
20151125;48.23;48.4;47.72;47.84;1355345
20151127;47.75;48.67;47.62;48.32;840899
20151130;48.22;48.99;47.84;48.6;1531065
20151201;48.66;48.98;48.35;48.94;1340895
20151202;48.94;49.41;47.92;48.31;1640190
20151203;48.65;49.1;48;48.31;1638809
20151204;47.99;48.4;47.51;48.09;1518354
20151207;47.6;47.91;47.12;47.34;1788531
20151208;46.77;46.97;45.44;45.89;2038947
20151209;45.82;46.6;45.19;45.32;1717071
20151210;45.27;45.77;45.16;45.49;1452498
20151211;44.62;45.27;44.32;45.01;1854971
20151214;44.83;44.98;44.03;44.95;2132875
20151215;45.48;46.66;45.47;46.4;1934350
20151216;46.44;47.23;46.05;47.11;1828509
20151217;46.92;46.98;45.56;46.12;1927243
20151218;45.86;46.59;45.67;45.74;2462220
20151221;45.92;46.37;45.35;46.28;2140337
20151222;46.38;47.3;46.24;47.13;1584364
20151223;47.5;48.76;47.5;48.65;1503815
20151224;48.55;49.12;48.54;48.71;781775
20151228;48.32;48.45;47.84;48.11;927898
20151229;48.36;48.7;47.94;48.34;974368
20151230;47.91;48.54;47.61;47.77;1431608
20151231;47.48;47.98;47.22;47.22;842741
20160104;46.53;47.76;46.26;47.71;1645312
20160105;47.6;48.11;46.67;46.78;1308042
20160106;45.8;46.15;45.07;45.5;1807116
20160107;44.73;45.23;44.34;44.48;2169055
20160108;44.67;45.14;43.2;43.33;2054105
20160111;43.51;43.63;41.52;41.83;3113257
20160112;42.43;42.67;41.68;42.4;2145936
20160113;43.11;43.24;41.43;41.67;2238466
20160114;42.07;42.64;41.08;42.08;2694738
20160115;40.69;42.09;40.69;41.95;2143229
20160119;42.34;42.68;40.74;41.17;1878499
20160120;40.49;41.63;39.48;41.11;1587206
20160121;41.18;41.93;40.73;41.32;2355533
20160122;42.44;43.52;42.12;42.89;2823181
20160125;42.55;42.94;42.02;42.35;1785268
20160126;42.94;44.01;42.43;43.99;1508252
20160127;43.52;43.94;42.67;42.92;1576999
20160128;43.6;44.13;43.29;43.55;1420761
20160129;43.62;44.96;43.48;44.89;2217156
20160201;44.52;44.93;43.6;44.61;1916186
20160202;43.64;44.58;43.64;43.88;1613934
20160203;44.74;46.33;42.52;43.46;2599206
20160204;43.57;45.27;43.31;44.94;1720187
20160205;44.51;45.33;44.38;44.84;1259165
20160208;44.19;44.34;42.2;42.78;2080863
20160209;42.39;43.59;42.28;43.16;1394967
20160210;43.17;43.69;42.7;42.71;1101567
20160211;41.51;42.32;41.06;41.74;1996711
20160212;41.9;43.88;41.9;43.64;1419241
20160216;44.28;45.17;43.79;44.99;1813816
20160217;45.73;46.88;45.57;46.43;1688370
20160218;46.76;47.15;46.03;46.46;2174924
20160219;42.64;45.61;42.41;45.38;4264746
20160222;46.1;47.6;46;47;2013286
20160223;46.56;47.05;46.02;46.07;1338467
20160224;45.12;46.17;44.82;46.14;1252002
20160225;45.88;46.26;45.16;46.01;956238
20160226;46.56;47.46;46.4;46.81;1487897
20160229;46.74;46.81;46.04;46.04;1699902
20160301;46.56;48.19;46.32;47.76;1088060
20160302;47.74;48.68;47.4;48.64;1335290
20160303;48.81;49.29;48.34;48.89;1536081
20160304;48.98;49.52;48.45;49.17;1381156
20160307;49;51.78;48.69;51.76;2917855
20160308;51.3;51.69;50.37;51.01;3203195
20160309;51.23;51.23;50.09;50.21;2143745
20160310;50.26;50.44;48.93;49.84;1536912
20160311;50.55;51.81;50.2;51.42;1954726
20160314;51.07;52;50.71;51.7;1375531
20160315;51.1;51.24;50.52;51.15;790670
20160316;51;52.77;50.81;52.6;1567187
20160317;52.79;55;52.79;54.79;2468055
20160318;54.94;55.48;54.66;55.21;2884447
20160321;55;55.36;54.53;54.91;880933
20160322;54.5;55.44;54.5;55.25;1349564
20160323;54.83;55.1;54.06;54.16;1416558
20160324;53.73;54.15;53.35;54.12;1111547
20160328;54.43;54.59;53.61;53.88;890720
20160329;53.43;54.06;53.12;53.99;1413112
20160330;54.48;54.77;53.77;54.36;1315703
20160331;54.12;54.17;53.04;53.7;2179647
20160401;53;53.59;52.18;53.51;1381579
20160404;53.51;53.93;52.45;52.59;1335665
20160405;52.12;52.65;51.89;52.05;1241389
20160406;52.12;52.3;51.2;51.81;1328699
20160407;51.56;51.68;50.79;51.04;1876517
20160408;51.36;52.25;51.11;51.27;883744
20160411;51.58;52.15;51.38;51.39;705933
20160412;51.62;53;51.56;52.77;1436175
20160413;53;53.31;52.55;53.16;1554489
20160414;53.27;53.62;52.81;52.88;1309044
20160415;52.81;53.24;52.51;52.61;2024951
20160418;52.02;52.91;51.44;52.71;1455485
20160419;53.11;53.74;52.87;53.6;1385533
20160420;53.51;53.6;52.85;53.14;1327184
20160421;53.28;53.91;53.13;53.72;1335588
20160422;53.94;54.6;53.84;54.28;1787227
20160425;54;54.19;53.19;53.39;847080
20160426;53.46;54.62;53.46;54.49;949298
20160427;54.68;55.69;54.51;55.52;920156
20160428;55.1;55.48;54.19;54.28;1116199
20160429;54.32;55.17;54.1;54.66;994455
20160502;54.68;55.02;53.97;54.98;923702
20160503;54.36;55.13;53.8;54.99;1876605
20160504;54.82;55.09;54.01;54.22;1149801
20160505;54.62;55.29;54.11;54.68;1643599
20160506;51;52.81;50.36;51.79;4370718
20160509;51.5;51.86;51.13;51.18;1771008
20160510;51.64;52.07;51.22;51.8;1844195
20160511;51.81;52.26;51.48;51.59;1063160
20160512;51.91;52.17;51.21;51.33;1265622
20160513;51.22;51.76;50.01;50.04;1312499
20160516;50.4;51.47;50.13;51.15;1439727
20160517;51.13;51.52;50.45;50.6;1098831
20160518;50.32;50.91;49.69;50.01;1162989
20160519;49.28;49.75;48.96;49.38;1206228
20160520;49.75;50.31;49.65;49.97;796561
20160523;49.93;50.26;49.48;50.17;1234548
20160524;50.42;51.28;50.06;51.03;1598587
20160525;51.32;52.93;51.26;52.78;1872882
20160526;52.85;53.14;52.21;52.6;1229133
20160527;52.32;52.74;52.29;52.71;1115699
20160531;52.51;53.25;52.35;52.78;1512911
20160601;49.16;52.31;49.16;52.18;1751999
20160602;51.93;52.53;51.93;52.52;902338
20160603;52.38;52.67;51.52;52.41;1066942
20160606;52.78;53.15;52.46;53.1;738205
20160607;53.15;53.55;53.1;53.43;707401
20160608;53.74;54.11;53.61;54.04;992934
20160609;53.53;53.53;52.98;53.36;792974
20160610;52.68;52.86;51.99;52.11;754871
20160613;51.8;52.11;50.86;50.91;1189674
20160614;50.62;51.12;50;50.52;1352336
20160615;50.77;51.34;50.38;50.66;1120411
20160616;50.22;50.88;49.7;50.77;740046
20160617;50.95;51.37;50.74;50.9;931075
20160620;51.69;51.87;51.51;51.57;801752
20160621;51.58;51.68;50.96;51.33;805118
20160622;51.54;51.94;51.41;51.5;605016
20160623;52.36;52.98;52.31;52.98;756786
20160624;50.55;51.53;48.71;48.78;1886744
20160627;47.9;48.1;45.8;46.14;2619655
20160628;46.87;47.31;46.44;46.93;2149750
20160629;47.7;48.92;47.11;48.55;3125551
20160630;48.74;49.3;48.16;49.28;1468477
20160701;49.33;50.29;48.88;49.24;1196209
20160705;48.77;48.95;47.91;48.77;1589147
20160706;48.33;49.64;48.27;49.5;1291966
20160707;49.76;50.52;49.64;50.05;1090897
20160708;50.78;51.7;50.78;51.57;824499
20160711;51.97;52.57;51.97;52.04;685973
20160712;52.62;53.25;52.45;53.19;1191767
20160713;53.5;53.58;52.43;52.88;744305
20160714;53.58;53.83;53.18;53.2;684854
20160715;53.4;53.4;52.94;53.04;806600
20160718;52.85;53.1;52.59;52.99;918298
20160719;52.91;53.05;52.7;52.9;788118
20160720;52.84;53.56;52.4;53.44;672225
20160721;53.38;54.21;53.12;53.25;744856
20160722;53.03;53.18;52.18;52.54;955153
20160725;52.27;52.8;52.04;52.73;819602
20160726;52.81;53.56;52.81;53.53;606148
20160727;53.65;54.45;53.59;53.97;1296627
20160728;53.72;53.99;53.32;53.7;910425
20160729;53.55;53.66;52.63;53.52;1136987
20160801;53.52;53.75;52.71;53.04;1466568
20160802;52.89;52.91;52.17;52.84;1128595
20160803;52.75;52.99;52.35;52.89;777902
20160804;52.72;53.44;52.44;52.94;1025504
20160805;50.49;52.04;50.09;51.94;2665561
20160808;51.97;52.71;51.44;51.54;1329968
20160809;51.69;52.36;51.42;51.99;1105058
20160810;52.18;52.5;51.76;51.86;1271777
20160811;51.95;52.38;51.83;52.02;993724
20160812;52.01;52.11;51.11;51.41;765600
20160815;51.58;52.43;51.43;52.02;662796
20160816;51.99;52.02;51.25;51.66;1269049
20160817;51.66;51.96;51.24;51.89;1440755
20160818;51.98;52.74;51.8;52.56;941750
20160819;52.18;52.87;51.99;52.55;1142374
20160822;52.34;52.45;51.96;52.37;662790
20160823;52.8;53.52;52.7;53.3;953489
20160824;53.17;53.48;52.86;52.98;697427
20160825;52.8;53.05;52.68;52.88;793234
20160826;52.99;53.71;52.67;52.94;775287
20160829;52.85;53.37;52.78;53.08;671142
20160830;53.01;53.26;52.48;52.59;650568
20160831;52.15;52.35;51.38;51.9;1002334
20160901;51.9;52.43;50.99;51.53;899308
20160902;52.05;52.19;51.78;52.14;616211
20160906;52.12;52.27;51.04;51.23;1283410
20160907;51.17;51.83;51.09;51.58;791462
20160908;51.59;51.93;51.06;51.08;1408654
20160909;50.69;50.69;49.32;49.4;1545096
20160912;49.02;50.58;48.97;50.25;1252370
20160913;49.52;50.08;49.3;49.58;1123806
20160914;49.61;49.82;48.76;49;1081836
20160915;49.05;49.59;48.9;49.33;811285
20160916;48.84;49.01;48.49;48.62;1270406
20160919;49.02;49.56;48.91;49.47;1005137
20160920;49.71;49.8;48.53;48.54;1370983
20160921;48.92;49.42;48.5;49.36;1117924
20160922;49.83;50.25;49.66;50.2;993078
20160923;50.11;50.28;49.09;49.18;629985
20160926;49.01;49.53;48.88;49.14;503920
20160927;49.04;49.26;48.86;49.25;604109
20160928;49.27;50.59;49.07;50.55;926643
20160929;50.79;51.49;50.54;50.69;856032
20160930;51;51.56;50.75;51.32;920453
20161003;51.15;51.15;50.28;50.48;796078
20161004;51.54;51.54;50.22;50.35;1204265
20161005;50.85;51.42;50.67;51.33;1033727
20161006;51.22;51.54;51.01;51.35;886452
20161007;51.23;51.41;50.56;50.67;1517848
20161010;51.35;51.51;50.72;51.17;836034
20161011;50.72;50.99;49.61;50;1407607
20161012;49.92;50.57;49.59;50.52;1723759
20161013;49.86;50.55;49.38;50.32;1275743
20161014;50.05;50.51;49.4;49.4;1841606
20161017;49.35;50.05;49.26;49.76;1342213
20161018;50.41;52;49.83;50.53;1206876
20161019;50.75;50.78;50.01;50.07;1078009
20161020;49.77;49.84;49.32;49.35;856848
20161021;48.8;49.59;48.57;49.52;814870
20161024;49.92;50.08;49.53;49.86;610457
20161025;49.7;49.89;49.46;49.77;1146822
20161026;49.35;50.75;48.95;50.65;978995
20161027;50.82;50.85;50.32;50.67;1058098
20161028;50.85;52.63;50.85;52.11;1880879
20161031;52.21;52.39;51.47;51.99;1165035
20161101;52.21;52.56;51.25;51.89;1760060
20161102;51.58;52.42;51.12;51.49;1794089
20161103;51.6;52.1;50.83;51.79;1989230
20161104;44.18;45.8;44.05;44.8;11166551
20161107;45.35;45.5;44.55;44.86;2812105
20161108;44.35;44.82;44.17;44.58;2448558
20161109;46.39;51.75;46.25;49.11;4687768
20161110;49.5;50.79;49.5;50.4;2830097
20161111;50.3;50.77;49.02;49.13;3580158
20161114;49.4;51.55;49.21;51.51;3605378
20161115;51.52;51.93;50.83;51.92;2407500
20161116;51.48;51.67;50.55;50.8;2593368
20161117;51.11;51.5;50.72;51.28;1354008
20161118;51.4;51.51;51.12;51.34;933296
20161121;51.59;52.55;51.47;52.25;1368585
20161122;52.53;52.98;52.19;52.8;1534661
20161123;52.47;54.92;52.19;54.22;2543176
20161125;54.5;54.9;54.12;54.82;1148022
20161128;54.68;54.86;53.65;54.06;1968834
20161129;53.83;54.34;52.76;52.77;1616867
20161130;53.67;54.45;53.37;53.51;2010072
20161201;54.17;54.61;53.33;53.39;2039325
20161202;53.4;53.69;52.72;53.44;1340828
20161205;53.99;54.16;53.33;53.58;1289046
20161206;53.5;54.11;53.18;53.89;1269000
20161207;53.99;54.74;53.91;54.67;1364566
20161208;54.88;56.64;54.88;56;2982583
20161209;57.5;57.6;56.52;57.14;1985693
20161212;57.61;57.78;56.54;56.96;1750143
20161213;57.26;57.27;56.53;56.67;1249438
20161214;56.53;56.8;55.7;55.77;1345755
20161215;55.6;55.83;54.95;55.01;1840149
20161216;55.08;55.48;54.89;54.97;2589689
20161219;54.92;55.67;53.73;54.17;1676747
20161220;54.42;54.64;53.49;53.86;3061741
20161221;54.39;54.72;53.9;54.16;1109953
20161222;54.16;54.16;53.35;53.62;942501
20161223;53.51;53.75;53.36;53.51;405565
20161227;53.57;53.88;53.51;53.81;649738
20161228;54.04;54.17;52.92;53.01;509271
20161229;53.07;53.38;52.4;52.47;626677
20161230;52.64;53.02;52.35;52.52;684775
20170103;53.09;53.74;52.66;53.03;1219314
20170104;53.57;53.97;53.45;53.83;974028
20170105;53.88;54.09;53.13;53.68;955252
20170106;53.79;53.79;53.15;53.22;823928
20170109;53.15;53.18;52.3;52.42;1346376
20170110;52.61;53.3;52.61;53.08;721884
20170111;53;53.34;52.61;53.12;747447
20170112;53.6;53.61;52.94;53.56;1430495
20170113;53.53;54.35;53.37;54.22;1326768
20170117;54.15;54.15;52.37;52.55;1447974
20170118;52.75;53.03;52.35;52.98;837862
20170119;53.06;53.43;52.67;52.78;923273
20170120;53.18;53.2;52.57;52.79;880600
20170123;52.71;53.1;52.02;52.57;778412
20170124;52.73;55.07;52.63;54.77;2150813
20170125;55.94;57;55.63;56.84;2763035
20170126;56.65;57.27;56;56.74;1333434
20170127;56.84;56.88;56.05;56.63;1022478
20170130;56.42;56.42;55.07;56.16;1063545
20170131;55.93;56.17;54.83;55.5;970372
20170201;55.83;56.19;54.96;55.62;818296
20170202;55.42;55.52;54.7;55.02;728123
20170203;55.31;56.03;55.13;55.66;950831
20170206;55.52;55.79;55.02;55.34;731451
20170207;55.55;55.92;54.81;55.33;859740
20170208;55.31;55.44;54.19;54.62;1088823
20170209;54.74;55.78;54.69;55.37;941790
20170210;55.88;56.07;55.06;56.04;1081427
20170213;56.28;57.2;56.26;56.93;1166001
20170214;56.79;57.39;56.44;57.35;1196382
20170215;57.37;58.37;57.18;58.17;1220402
20170216;58.16;58.16;57.07;57.45;1841004
20170217;58;58.14;55.83;56.43;2191415
20170221;57;58.05;56.82;57.65;1474472
20170222;57.23;57.35;56.36;56.6;1227946
20170223;56.94;57.12;54.96;55.35;1643843
20170224;54.73;55.33;54.55;55.09;1271149
20170227;55.03;56.45;54.37;56.16;1500383
20170228;55.98;56.07;54.98;55.39;1132098
20170301;56.21;57.25;56.21;56.63;1504726
20170302;56.62;56.8;55.58;55.65;1367583
20170303;55.64;56.02;55.27;55.55;804075
20170306;55.23;55.43;54.8;55.04;867054
20170307;55.14;55.78;55;55.08;1179925
20170308;55.17;55.59;54.62;54.63;999420
20170309;54.36;54.52;52.91;53.52;2035490
20170310;54.07;54.76;54.04;54.7;1108668
20170313;54.66;55.42;54.5;54.7;1036634
20170314;54.06;54.47;53.22;54.09;889112
20170315;54.23;54.78;53.68;54.53;1763320
20170316;54.85;54.95;53.93;54.02;918832
20170317;54.16;54.16;53.48;53.61;1257150
20170320;53.56;53.71;53.02;53.27;793463
20170321;53.69;53.69;52.1;52.54;1561845
20170322;52.49;53;52.18;52.57;1017564
20170323;52.68;53.08;52.48;52.77;1271904
20170324;52.75;53.08;51.28;51.44;1701873
20170327;50.42;51.54;49.85;51.39;1858981
20170328;51.38;52.43;51.36;51.92;1041332
20170329;51.85;52.9;51.66;52.37;1355545
20170330;52.47;53.32;52.25;52.7;830738
20170331;52.36;53.2;52.26;52.62;1432745
20170403;52.73;52.93;51.46;51.82;1300578
20170404;51.7;52.16;51.66;51.97;816262
20170405;52.43;53.03;51.65;51.8;1467415
20170406;51.89;52.73;51.82;52.32;703289
20170407;52.32;52.67;51.88;51.9;1014496
20170410;52.19;52.97;51.95;52.73;1026846
20170411;52.67;52.88;52.16;52.74;799568
20170412;52.57;52.57;50.97;51.13;1303929
20170413;50.96;51.4;50.1;50.18;2046716
20170417;50.34;50.79;49.93;50.77;1043664
20170418;50.33;51.05;50.2;50.77;765083
20170419;51.08;51.54;50.51;50.66;841798
20170420;51.06;51.24;50.42;50.49;1662072
20170421;50.44;50.7;49.97;50.58;1113020
20170424;51.58;51.72;51.1;51.5;985468
20170425;51.85;52.31;51.51;52.11;851771
20170426;52;52.66;51.8;52.33;913632
20170427;52.29;52.62;51.76;52.33;1139712
20170428;52.37;52.43;51.19;51.32;1491992
20170501;51.52;51.52;50.63;51.2;1071523
20170502;51.29;51.83;51.21;51.79;876701
20170503;51.36;51.64;51.22;51.53;1147031
20170504;51.47;51.68;50.48;50.6;1978051
20170505;48.5;48.54;46.53;48.18;6586650
20170508;48.5;48.66;47.69;47.82;2669706
20170509;47.94;48.56;47.42;48.39;1995450
20170510;48.36;48.47;47.9;48.2;1365759
20170511;48.09;48.21;47.15;47.73;1025603
20170512;47.44;47.44;46.53;46.61;1188929
20170515;46.99;47.41;46.53;46.67;994819
20170516;46.8;46.8;46.2;46.62;1076438
20170517;45.85;46.68;45.57;45.73;1911241
20170518;45.5;45.66;44.94;45.47;1783598
20170519;45.79;46.31;45.58;45.85;1344938
20170522;46.15;46.26;45.76;45.85;1024604
20170523;45.98;46.19;45.54;46.08;668780
20170524;45.96;46.38;45.85;45.97;1212320
20170525;46.09;46.18;45.12;45.31;1072089
20170526;45.25;45.25;44.94;44.98;1267932
20170530;44.81;45.31;44.69;45.03;790184
20170531;44.79;44.92;44.02;44.86;1547302
20170601;45.26;46.19;44.8;46.19;1817461
20170602;46.16;46.17;45.39;45.56;992889
20170605;45.5;45.56;44.8;44.94;1194484
20170606;44.79;45.3;44.35;45.09;946982
20170607;45.06;45.25;44.18;44.41;1418976
20170608;44.43;45.52;44.38;45.22;865570
20170609;45.29;46.43;45.24;46.35;1611588
20170612;46.66;47.46;46.31;46.8;1689618
20170613;46.81;47.38;46.47;46.81;1094165
20170614;46.85;46.99;45.81;46.16;1270711
20170615;45.5;46.13;44.27;44.69;1846343
20170616;44.69;45.18;44.48;45.04;1602095
20170619;45.11;45.42;44.88;45.39;761022
20170620;45.02;45.07;44.49;44.78;854377
20170621;45;45;43.65;43.77;988626
20170622;43.73;44.38;43.73;43.99;1170262
20170623;44.02;44.17;43.71;44;1937908
20170626;44.1;44.76;43.98;44.54;767591
20170627;44.6;45.43;44.5;44.99;910113
20170628;45.4;45.93;45.24;45.37;1079947
20170629;45.58;45.73;44.58;45.07;831029
20170630;45.34;46.18;45.11;45.78;1052878
20170703;46.11;46.78;45.99;46.55;691838
20170705;46.52;46.7;46.02;46.25;2729279
20170706;46.1;46.53;45.11;45.21;1224224
20170707;45.21;45.48;44.62;45.34;1255985
20170710;45.14;45.92;44.96;45.37;919336
20170711;45.37;45.38;44.78;45.27;1108060
20170712;45.67;45.98;45.11;45.48;1020350
20170713;45.34;45.5;44.65;45.22;1674774
20170714;45.35;45.75;45.14;45.16;894959
20170717;45.03;45.85;44.92;45.42;1397295
20170718;45.39;45.39;44.28;44.8;1148169
20170719;44.92;45.78;44.85;45.47;2649047
20170720;45.5;45.76;44.92;45.16;881577
20170721;45.03;45.3;44.48;45.01;1570034
20170724;45.04;45.04;44.42;44.72;916292
20170725;45.28;46.18;45.03;45.68;1513254
20170726;45.71;45.73;45.12;45.36;864491
20170727;45.38;45.66;45.18;45.52;997786
20170728;45.36;45.45;44.3;44.58;1395576
20170731;44.63;44.74;41.78;43.43;4408406
20170801;43.62;44.05;42.95;43.89;1681240
20170802;43.79;44.14;43.59;43.84;1468383
20170803;43.61;44.16;43.17;43.86;1856152
20170804;40.67;41.16;38.78;40.06;8168038
20170807;39.91;40.15;39.17;39.18;3167398
20170808;39.13;39.86;39.07;39.19;2721634
20170809;39.17;39.51;38.63;39.15;2792670
20170810;38.77;39.23;38.42;38.81;2595619
20170811;38.64;39.37;38.59;39.07;1663589
20170814;39.32;39.61;39.15;39.28;1632901
20170815;39.26;39.49;38.55;38.65;2243704
20170816;38.97;39.13;38.4;38.44;1512311
20170817;38.32;38.62;37.74;37.77;1532061
20170818;37.66;38.05;37.4;37.67;1722442
20170821;37.69;37.82;37.04;37.23;2317197
20170822;37.4;37.78;37.21;37.62;1994727
20170823;37.45;37.81;37.25;37.58;903097
20170824;37.59;37.7;37.37;37.44;1483752
20170825;37.66;38.02;37.51;37.77;1071178
20170828;38.06;38.2;37.53;37.7;1997038
20170829;37.42;38.32;37.38;38.25;1606572
20170830;38.12;39.59;37.61;38.63;2182816
20170831;38.73;38.96;38.11;38.57;2484837
20170901;38.7;39.13;38.51;38.61;1640269
20170905;38.6;38.74;38.04;38.35;1147997
20170906;38.39;38.68;38.15;38.62;1095027
20170907;38.67;39.1;38.28;38.96;1934429
20170908;38.87;39.31;38.55;39.1;1108275
20170911;39.28;39.62;39.12;39.34;804539
20170912;39.48;40.35;39.48;40;1160014
20170913;39.93;40.26;39.76;40.14;828444
20170914;40.14;40.45;39.93;40.4;1089503
20170915;40.45;40.72;40;40.43;1488381
20170918;40.51;40.87;40.11;40.2;1323352
20170919;40.26;40.61;40.13;40.49;937366
20170920;40.65;41.22;40.47;40.98;1152637
20170921;40.93;41.23;40.81;41.1;1879160
20170922;41.08;41.13;40.72;40.93;1932260
20170925;40.74;41.62;40.7;41.61;1257769
20170926;41.6;42.06;41.47;41.84;1184822
20170927;41.9;42.26;41.78;42.1;1300848
20170928;42.1;42.25;41.71;42.14;1450943
20170929;42.06;42.24;41.97;42.1;1638657
20171002;42.01;43.12;42;43.06;1669819
20171003;42.97;43.06;42.45;42.81;1515981
20171004;42.82;43.45;42.67;42.95;2503827
20171005;42.93;43.25;42.81;43.1;1322557
20171006;42.79;43.1;42.53;42.92;1477209
20171009;43.1;43.1;42.46;42.59;1311451
20171010;42.84;42.92;42.48;42.55;888998
20171011;42.47;42.66;42.3;42.61;2305374
20171012;42.49;42.63;42.4;42.61;751875
20171013;42.94;42.99;42.57;42.61;736111
20171016;42.8;42.94;42.55;42.57;1102859
20171017;42.67;42.8;42.42;42.54;1341681
20171018;42.51;42.71;42.45;42.55;965633
20171019;42.41;43.06;42.27;43.06;1577325
20171020;43.29;43.45;43.03;43.19;1142758
20171023;43.24;43.24;42.5;42.58;1898983
20171024;42.59;42.74;42.53;42.72;1203035
20171025;42.67;42.74;42.44;42.5;1398583
20171026;42.65;42.99;42.55;42.69;716612
20171027;42.5;42.88;42.49;42.74;836846
20171030;42.64;43.04;42.5;42.99;1347420
20171031;43.14;43.54;42.91;43.09;1435883
20171101;43.43;44.15;43.14;43.94;2118948
20171102;43.88;44.52;43.84;44.46;2246113
20171103;44.56;46.94;44.56;46.86;2725777
20171106;47.07;48.66;47.07;48.57;2488873
20171107;48.7;48.77;47.98;48.08;1661624
20171108;47.97;48.35;47.28;47.62;1841272
20171109;47.18;47.45;46.85;47.05;1664754
20171110;47;47.32;46.87;47.04;895273
20171113;46.96;47.04;46.23;46.68;1200864
20171114;46.43;46.43;45.47;45.66;1235561
20171115;45.54;45.62;45;45.27;1162569
20171116;45.4;46.53;45.34;46.42;3357696
20171117;46.45;46.82;46.38;46.7;1337210
20171120;46.6;47.23;46.48;46.78;1322080
20171121;46.99;47.84;46.9;47.56;1411139
20171122;47.78;47.81;47.1;47.26;2030082
20171124;47.41;47.44;46.8;46.89;601107
20171127;46.79;47.13;46.5;46.93;1008515
20171128;46.96;47.69;46.82;47.64;1847909
20171129;47.7;48.75;47.68;48.2;1280800
20171130;48.23;48.75;48.04;48.41;1477278
20171201;48.46;48.93;47.52;48.67;1100914
20171204;48.91;50.38;48.82;49.39;1952783
20171205;49.34;49.37;48.75;48.86;1398355
20171206;48.79;49.52;48.77;49.15;1020233
20171207;48.98;49.65;48.98;49.54;1105181
20171208;49.92;50.4;49.5;50.38;972203
20171211;50.39;50.39;49.82;50.13;1402039
20171212;50.24;50.73;50.17;50.43;970336
20171213;50.29;50.48;49.89;50.03;1095613
20171214;50.1;50.16;49.75;49.87;1201631
20171215;50.05;50.92;50.05;50.45;1988083
20171218;50.89;50.93;50.32;50.84;852754
20171219;50.84;51.44;50.6;50.62;1125431
20171220;50.82;51.18;50.42;50.9;834502
20171221;50.96;51.4;50.55;51.26;1247996
20171222;51.28;51.3;50.52;51.07;479478
20171226;51.1;51.47;50.97;51.45;601366
20171227;51.48;51.5;51.19;51.45;793094
20171228;51.69;51.79;51.3;51.76;484286
20171229;51.73;52.03;51.39;51.65;1063712
20180102;51.8;52.43;51.78;52.33;1017553
20180103;53.13;53.29;52.71;53.1;1200021
20180104;53.32;53.5;52.75;53.26;833153
20180105;53.34;53.52;52.93;53.41;973700
20180108;53.33;53.82;52.87;53.78;1148890
20180109;53.76;53.93;53.37;53.81;939288
20180110;53.62;54.07;53.5;54.06;1176057
20180111;54.19;56.19;54.14;56.15;1691531
20180112;56.39;57.29;56.17;57.07;2108958
20180116;57.38;58.26;57.17;58.03;1905746
20180117;58.36;58.43;57.72;58.13;1482360
20180118;59.34;60.5;59.01;60.06;2508134
20180119;60.11;60.61;58.83;60.43;1776241
20180122;60.38;61.57;60.14;61.29;2406801
20180123;61.22;61.88;60.9;61.46;1981341
20180124;61.72;62.09;60.97;61.28;2799838
20180125;61.7;61.75;60.61;61.22;1482684
20180126;61.27;61.55;60.96;61.53;953916
20180129;61.36;62.05;61.36;61.61;941338
20180130;61.18;61.27;60.07;60.37;1255389
20180131;60.94;61.4;60.27;60.7;1128746
20180201;60.43;61.03;60.16;60.44;1004841
20180202;59.93;60.03;58.61;58.79;2243326
20180205;58.29;58.95;56.02;56.25;2442975
20180206;55.9;57.49;55.3;57.16;2461916
20180207;56.88;57.86;56.88;57.04;1465541
20180208;56.99;57.03;55.3;55.31;2284484
20180209;56.1;56.46;53.22;55.01;1963391
20180212;55.35;56.8;55.1;56.31;1549137
20180213;55.9;56.36;55.33;55.82;1644516
20180214;55.39;57.48;55.22;57.37;1069105
20180215;58;58.73;57.01;57.85;885514
20180216;57.68;58.44;57.18;57.63;1368501
20180220;57.48;58.6;57.17;58.04;1933102
20180221;59.7;59.99;57.37;57.43;3068216
20180222;57.89;59.57;57.7;58.11;1688324
20180223;58.52;58.57;56.84;58.15;1287372
20180226;58.24;58.69;57.66;58.58;1141538
20180227;58.7;59.34;57.8;57.8;1296465
20180228;57.71;58.1;56.9;56.9;1599940
20180301;56.83;57.21;55.26;55.78;1615058
20180302;55.24;56.78;54.94;56.59;1230304
20180305;56.24;57.45;56.2;57.06;1054697
20180306;57.29;57.74;56.97;57.57;1180877
20180307;57;57.72;56.49;57.66;1343056
20180308;57.79;57.91;56.34;57.17;1421514
20180309;57.51;58.68;57.36;58.52;975156
20180312;58.5;58.88;58.18;58.28;987683
20180313;58.48;58.82;57.7;57.83;583217
20180314;58.13;58.24;57.31;57.5;657835
20180315;57.54;57.87;56.95;57.31;864736
20180316;57.41;58.21;57.11;57.64;1592789
20180319;57.55;57.55;56.43;56.84;957321
20180320;57.22;57.63;57.14;57.18;613463
20180321;57.3;59.18;57.06;58.3;1097413
20180322;57.61;57.87;55.87;55.9;1269443
20180323;56.12;56.4;54.7;54.85;1120997
20180326;55.71;56.44;54.96;56.32;895649
20180327;56.55;57.02;55.39;55.76;938066
20180328;55.9;56.42;55.56;55.85;728004
20180329;55.97;57.58;55.97;57.22;1137126
20180402;56.97;57.06;55.19;55.97;1025857
20180403;56.29;57.3;55.98;57.26;762408
20180404;55.97;58.11;55.9;58.03;866863
20180405;58.35;58.95;58.18;58.54;832061
20180406;57.9;58.26;55.91;56.72;1065295
20180409;57.08;57.83;56.79;56.9;605633
20180410;57.8;58.85;57.53;58.56;761796
20180411;57.97;59.12;57.97;58.77;770874
20180412;59.2;59.8;58.47;58.62;1978484
20180413;58.76;58.88;57.66;57.92;1105169
20180416;58.34;58.35;57.84;57.96;1110884
20180417;58.2;58.78;58.01;58.67;940295
20180418;58.72;59.66;58.62;59.39;1343905
20180419;59.39;59.8;59.02;59.15;657596
20180420;59.21;59.31;58.22;58.58;1661491
20180423;58.67;61.64;58.65;61.48;2221950
20180424;61.75;62.08;59.17;59.73;1832193
20180425;59.55;60.37;59.32;59.64;1525362
20180426;59.75;59.77;58.86;59.46;1060300
20180427;59.47;60.75;59.45;60.22;1292694
20180430;60.24;60.69;58.92;58.95;1054684
20180501;59.04;59.39;58.07;59.04;875776
20180502;59.06;59.45;58.68;58.74;1302693
20180503;58.44;59.37;57.83;58.99;1223861
20180504;47.14;48.65;45.58;45.76;12390583
20180507;45.22;45.22;43.86;44.49;6302667
20180508;44.36;45.84;44.04;44.67;3163816
20180509;46.05;46.67;45.34;45.42;3487992
20180510;45.47;46.6;45.33;46.36;2116288
20180511;46.4;46.71;46.12;46.55;1625413
20180514;46.55;47.11;46.34;46.84;1624717
20180515;46.76;48.59;46.68;48.48;3374060
20180516;48.61;49.99;48.61;49.25;2727813
20180517;48.84;49.82;48.84;49.78;2505214
20180518;49.78;50.15;49.34;49.9;2369474
20180521;50.1;50.67;49.89;50.12;1946550
20180522;49.88;50.37;49.82;50.13;1479804
20180523;49.72;49.97;48.4;49.02;2151716
20180524;48.79;49.18;48.25;48.75;1484825
20180525;48.3;48.66;48.04;48.53;1102959
