20100104;32.13;32.44;31.72;32.34;720584
20100105;32.37;32.99;32.2;32.7;787691
20100106;32.67;33.64;32.67;33.6;1157816
20100107;33.58;34.65;33.48;34.52;1220127
20100108;34.26;35.99;34.26;35.96;2331061
20100111;36;36.26;35.56;36.14;1033940
20100112;35.75;35.75;34.89;35.11;887450
20100113;35.16;35.37;34.31;35.09;625655
20100114;35.05;35.55;34.72;35.34;487247
20100115;35.3;35.41;34.78;34.91;470428
20100119;34.94;35.2;34.76;35;504256
20100120;34.65;34.67;33.82;34.58;492594
20100121;34.52;34.7;33.03;33.54;861957
20100122;33.39;34.13;32.92;33.34;993773
20100125;33.58;33.94;32.54;32.63;665921
20100126;32.57;32.83;31.9;32.04;1142427
20100127;32.02;32.18;31.29;31.98;946600
20100128;32.33;32.33;31.53;31.73;686285
20100129;30.6;31.47;29.92;30.06;2773390
20100201;31;31.94;30.71;31.44;1725640
20100202;31.66;32.39;31.36;32.08;1093694
20100203;31.86;32.49;31.72;31.85;725220
20100204;31.39;31.45;30.56;30.72;987283
20100205;30.6;30.81;29.72;30.7;1098798
20100208;30.68;31.08;30.27;30.5;892642
20100209;30.9;31.22;30.62;30.94;945253
20100210;30.92;31.05;30.32;30.77;493636
20100211;30.76;31.48;30.52;31.42;357207
20100212;31.17;31.5;30.67;31.45;653608
20100216;31.88;32.15;31.57;32.11;591812
20100217;32.33;32.76;32.14;32.45;406719
20100218;32.48;32.92;32.24;32.86;465482
20100219;32.77;33.21;32.62;32.97;437316
20100222;33.25;33.25;32.77;33.03;381889
20100223;32.99;33.06;32.1;32.25;398602
20100224;32.42;32.55;31.79;32.23;728571
20100225;31.03;32.53;30.57;32.39;1333837
20100226;32.37;33.51;32.19;33.36;910852
20100301;33.5;34.67;33.49;34.51;904726
20100302;34.78;35.5;34.65;35.25;1464846
20100303;35.27;35.66;35.09;35.24;611701
20100304;35.15;35.63;34.98;35.25;985140
20100305;35.41;35.86;35.41;35.81;687720
20100308;35.89;35.98;35.43;35.85;800471
20100309;35.72;35.72;34.92;35.12;1057504
20100310;35;35.16;34.62;35.08;914194
20100311;34.94;35.17;34.37;35.11;734084
20100312;35.23;35.36;34.8;35.04;825001
20100315;34.92;35.09;34.56;34.98;810897
20100316;35.04;35.49;34.9;35.44;818338
20100317;35.53;35.89;35.41;35.5;600005
20100318;35.55;35.7;35.32;35.44;697222
20100319;35.42;35.53;34.75;34.85;664725
20100322;34.47;34.96;34.23;34.95;584823
20100323;35.12;36.67;34.97;36.64;1072892
20100324;36.52;36.74;36.12;36.29;1263805
20100325;36.52;37.43;36.51;36.61;1498247
20100326;36.77;36.84;36.3;36.44;796670
20100329;36.59;37.05;36.59;36.84;662129
20100330;36.69;36.91;36.52;36.64;915411
20100331;36.56;36.95;36.3;36.76;706520
20100401;37.08;38.11;36.84;37.67;681034
20100405;37.9;38.27;37.75;38.24;614351
20100406;38.06;38.68;37.97;38.58;651205
20100407;38.45;38.63;38.17;38.3;507035
20100408;38.06;38.27;37.58;38.19;666242
20100409;38.38;38.53;38.16;38.36;410355
20100412;38.58;39.09;38.53;38.81;602234
20100413;38.61;38.9;38.21;38.55;558072
20100414;38.48;39.17;38.45;39.11;374522
20100415;39.1;39.81;38.71;39.48;545702
20100416;39.24;39.37;38;38.38;676541
20100419;38.18;38.47;37.55;38.27;486863
20100420;38.61;38.96;38.12;38.34;541214
20100421;38.43;38.7;38.2;38.5;538110
20100422;38.15;38.85;37.67;38.67;629359
20100423;38.86;38.94;38.46;38.79;934267
20100426;39.07;39.94;39.06;39.63;814635
20100427;39.61;39.71;38.46;38.58;691369
20100428;38.73;39.03;38.49;38.79;492748
20100429;39.19;39.72;39.04;39.64;504039
20100430;39.75;39.81;38.13;38.19;660754
20100503;38.38;39.18;38.19;39.01;538877
20100504;38.45;38.48;36.37;36.9;1517202
20100505;35.65;36;35.03;35.73;2226280
20100506;36.84;38.07;33.67;35.8;2528878
20100507;35.86;36.35;34.38;34.5;2216254
20100510;35.8;37.21;34.97;37.21;1540209
20100511;36.42;37.99;36.4;37.32;1105350
20100512;37.44;37.87;37.09;37.72;829370
20100513;37.51;37.92;37.14;37.32;606663
20100514;36.79;36.98;35.24;35.75;1341964
20100517;35.76;35.76;33.6;34.21;2033523
20100518;34.57;35.59;33.71;33.96;1386107
20100519;33.79;33.99;32.43;32.95;1667488
20100520;32.15;32.22;30.78;31.22;2322254
20100521;31.03;32.18;30.43;31.81;1497732
20100524;31.44;31.99;31.12;31.19;852408
20100525;30.15;30.76;29.79;30.7;1710379
20100526;30.84;31.93;30.84;31.34;1529635
20100527;32;32.79;32;32.78;847904
20100528;32.74;32.8;31.49;31.7;902959
20100601;31.27;31.46;29.8;29.8;1787645
20100602;30.07;30.85;29.8;30.85;2467660
20100603;31.2;31.31;30.49;31;844347
20100604;30.39;30.57;29.21;29.4;1165603
20100607;29.53;29.53;27.67;27.83;2405658
20100608;27.95;28.23;27.12;27.67;2071964
20100609;28.13;29.49;28.13;28.78;2167716
20100610;29.4;30.05;29.27;30.01;1297834
20100611;29.69;30.13;29.5;30.13;979855
20100614;30.5;31.08;30.35;30.51;1059399
20100615;30.76;31.88;30.59;31.86;1340375
20100616;31.74;31.78;31.26;31.62;1193492
20100617;31.6;31.68;31;31.29;1204509
20100618;31.48;31.64;31.2;31.54;835857
20100621;31.98;32.62;31.47;31.71;1377195
20100622;31.68;31.82;30.34;30.41;874435
20100623;30.66;30.99;30;30.84;1112970
20100624;30.66;30.76;30;30.2;1264150
20100625;30.36;30.48;29.77;30.3;1674442
20100628;30.17;30.2;29.51;29.79;674849
20100629;29.07;29.13;28.04;28.4;1491781
20100630;28.33;28.95;28.12;28.27;1616994
20100701;28.13;29.01;27.87;28.89;1701092
20100702;29;29.2;28.49;28.61;1195270
20100706;29.07;29.42;28.57;28.91;1135127
20100707;28.91;30.2;28.82;30.17;996276
20100708;30.36;30.54;30.03;30.49;745874
20100709;30.5;30.95;30.28;30.9;560222
20100712;30.67;30.84;29.83;29.99;754138
20100713;30.47;30.88;30.41;30.68;1001701
20100714;30.6;31.09;30.41;30.73;937713
20100715;30.96;30.96;30.11;30.55;644220
20100716;30.31;30.31;29.42;29.59;976361
20100719;29.23;29.96;28.78;29.87;841553
20100720;29.33;30.58;29.3;30.53;538900
20100721;30.92;31.18;30.36;30.5;873233
20100722;31.04;31.4;30.76;31.24;976862
20100723;31.25;31.96;30.89;31.95;713653
20100726;32;32.83;31.84;32.8;873352
20100727;33.09;33.58;32.09;32.17;1590769
20100728;32;32.32;31.73;31.91;528938
20100729;32.13;33.41;31.76;33.05;1489960
20100730;32.53;33.28;32.27;33.05;738865
20100802;33.9;34.31;33.4;34.02;1226891
20100803;33.99;33.99;33.33;33.84;705743
20100804;34.02;34.73;33.89;34.62;746550
20100805;34.36;34.81;34.13;34.57;461533
20100806;34.12;34.45;33.61;34.17;608745
20100809;34.77;34.85;33.73;34.12;766655
20100810;33.68;33.72;32.98;33.38;784862
20100811;32.41;32.82;32.18;32.32;1025052
20100812;31.4;32.4;31.4;32.22;467240
20100813;32.01;32.29;31.81;32.07;535100
20100816;31.87;32.29;31.55;32.07;759499
20100817;32.53;33.7;32.48;33.39;677330
20100818;33.33;33.36;32.97;33.02;624402
20100819;32.88;33.07;31.91;32.12;748428
20100820;31.84;32;31.64;31.76;526145
20100823;32.03;32.1;31.11;31.15;415984
20100824;30.53;30.55;29.92;29.99;1420893
20100825;29.58;30.25;29.25;30.11;946726
20100826;30.27;30.85;29.8;29.81;527993
20100827;30.03;30.75;29.65;30.73;641054
20100830;30.43;30.51;30.03;30.05;526642
20100831;30;30.39;29.68;29.79;699005
20100901;30.2;31.45;30.2;31.39;797509
20100902;31.63;32.38;31.41;32.32;621204
20100903;32.83;33.16;32.41;32.83;557522
20100907;32.55;32.56;32.17;32.27;473958
20100908;32.42;32.98;32.4;32.64;435982
20100909;33.13;33.13;32.63;32.99;508147
20100910;33.02;34.17;32.97;34.08;1047555
20100913;34.43;35.05;34.18;34.98;805123
20100914;34.74;34.86;34.54;34.62;621259
20100915;34.27;34.51;34.05;34.44;522709
20100916;34.33;34.68;34.33;34.44;395021
20100917;34.73;34.75;34.26;34.64;546786
20100920;34.78;35.62;34.65;35.54;633500
20100921;35.5;35.92;35.29;35.44;790815
20100922;35.52;35.76;35.38;35.46;784403
20100923;35.1;35.1;34.26;34.4;565169
20100924;34.91;35.96;34.91;35.71;803386
20100927;35.76;36.23;35.59;35.67;491239
20100928;35.73;35.81;34.8;35.72;386387
20100929;35.74;36.64;35.59;36.4;1140471
20100930;36.67;36.99;35.99;36.47;860064
20101001;36.87;37.11;36.33;36.86;661545
20101004;36.82;36.83;35.98;36.19;550294
20101005;36.66;37.16;36.49;37.04;946829
20101006;37.04;37.17;36.64;36.94;462886
20101007;37.2;37.33;36.86;37.09;593567
20101008;37.21;38.15;37.07;37.83;924459
20101011;37.82;38.1;37.64;37.71;414484
20101012;37.5;37.64;36.58;37.46;620697
20101013;37.54;38.48;37.54;38.12;595797
20101014;38.11;38.32;37.63;37.89;345084
20101015;38.15;38.32;37.32;37.92;425463
20101018;37.98;38.32;37.92;38.24;359653
20101019;37.55;37.76;36.97;37.21;465747
20101020;37.33;37.92;37.14;37.49;522014
20101021;37.79;38.05;37.4;37.77;626590
20101022;37.89;38.14;37.52;38.06;612818
20101025;38.45;38.99;38.42;38.78;1031365
20101026;38.55;38.78;37.99;38.4;553506
20101027;37.93;38.2;37.35;38.17;608561
20101028;35.36;35.63;33.09;33.51;7001247
20101029;33.41;33.83;33.06;33.33;1872121
20101101;33.49;33.62;32.6;32.68;1377133
20101102;32.96;33.31;32.87;33.11;1360576
20101103;33.11;33.23;32.09;32.33;1342106
20101104;32.77;33.15;32.55;32.95;1819600
20101105;32.94;34.85;32.86;34.73;2217960
20101108;34.61;35.26;34.24;35.22;1052880
20101109;35.45;35.87;35.06;35.17;1425099
20101110;35.22;35.82;34.83;35.68;1300041
20101111;35.36;36.83;35.36;36.01;1120236
20101112;35.48;35.96;35.27;35.33;1318788
20101115;35.61;35.79;35.28;35.33;934197
20101116;35.01;35.34;34.69;35.08;1407165
20101117;35.06;35.2;34.92;35;749229
20101118;35.44;35.86;35.25;35.5;668428
20101119;35.59;35.92;35.25;35.89;476841
20101122;35.73;36;35.21;35.84;505298
20101123;35.34;35.54;35.04;35.16;627481
20101124;35.44;36.12;35.28;36.03;570027
20101126;35.66;35.86;35.3;35.71;160413
20101129;35.39;35.53;34.74;35.38;571739
20101130;34.94;35.61;34.9;35.15;421107
20101201;35.78;36.24;35.63;35.99;675791
20101202;35.92;36.58;35.83;36.45;565999
20101203;36.16;37.36;36.16;37.11;563968
20101206;37.05;37.98;36.97;37.88;591561
20101207;38.2;38.65;38.02;38.09;527845
20101208;38.07;38.47;37.72;37.8;483841
20101209;38.13;38.28;37.46;37.98;361278
20101210;38.05;38.73;37.81;38.69;342173
20101213;38.88;39.19;38.76;38.84;644611
20101214;38.92;39.19;38.55;38.77;401111
20101215;38.7;39.31;38.4;38.57;329928
20101216;38.63;38.81;38.13;38.67;448356
20101217;38.71;38.84;38.48;38.71;653083
20101220;38.82;38.93;38.2;38.38;494596
20101221;38.45;39.24;38.35;39.17;325767
20101222;39.28;39.81;39.12;39.77;330192
20101223;39.74;39.94;39.31;39.44;261562
20101227;39.24;39.6;38.96;39.58;233621
20101228;39.61;39.7;39;39.29;199311
20101229;39.31;39.65;39.19;39.4;247623
20101230;39.41;39.71;39.29;39.6;211760
20101231;39.57;39.87;39.34;39.74;224522
20110103;40;40.65;40;40.1;560008
20110104;40.66;40.66;39.03;39.34;745692
20110105;39.19;39.23;38.73;39;651453
20110106;39.09;39.12;38.23;38.54;574232
20110107;38.55;39.09;38.37;38.7;608084
20110110;38.47;39.11;38.27;39.06;662061
20110111;39.35;40.03;39.17;39.67;863729
20110112;40.13;40.36;39.81;40.04;653666
20110113;40.3;40.34;38.71;38.84;1015323
20110114;38.76;39.29;38.53;39.2;867043
20110118;38.96;39.2;38.88;39.06;689508
20110119;39.07;39.16;38.14;38.32;595017
20110120;38.06;38.45;37.41;38.05;648272
20110121;38.5;38.86;38.31;38.47;684163
20110124;37.94;39.83;37.67;39.33;1888512
20110125;39.17;39.31;38.56;39.17;727617
20110126;39.33;40.5;39.3;40.4;893794
20110127;40.28;41.2;40.23;40.87;980729
20110128;40.99;41.21;40.74;40.99;1293647
20110131;40.98;41.95;40.98;41.66;758600
20110201;41.93;43.15;41.88;42.78;967475
20110202;42.65;42.92;42.4;42.47;499665
20110203;42.42;42.89;42.3;42.39;604390
20110204;42.51;43.51;42.45;43.49;576580
20110207;43.54;44.19;43.54;44.04;492673
20110208;44;44;43.41;43.86;395140
20110209;43.64;43.84;43.02;43.32;547987
20110210;43.26;43.76;42.99;43.62;322895
20110211;43.47;44.16;43.39;44.01;231490
20110214;44.07;44.65;43.65;43.92;656457
20110215;43.79;43.79;43;43.11;540223
20110216;43.38;43.83;43.03;43.61;562711
20110217;43.5;43.81;43.29;43.58;309268
20110218;43.58;43.63;43.04;43.44;452802
20110222;42.97;43.49;41.83;41.91;561154
20110223;41.79;42.59;40.19;40.89;926814
20110224;40.96;43.08;40.1;41.81;1451582
20110225;42.02;42.78;41.65;41.77;617184
20110228;42.06;42.24;41.28;41.66;551996
20110301;41.77;42.08;40.71;40.95;540362
20110302;40.96;42.39;40.91;42;646088
20110303;42.42;43.46;42.01;43.26;570493
20110304;43.13;43.3;42.33;42.8;461486
20110307;42.96;43.13;41.61;42.01;412717
20110308;42.01;42.53;41.46;41.94;414272
20110309;41.91;41.91;41.06;41.44;578917
20110310;40.92;41.14;39.95;40.14;378379
20110311;40;40.98;39.68;40.94;542456
20110314;40.71;41.8;40.49;41.72;783026
20110315;40.32;41.21;40.01;40.79;882397
20110316;40.69;40.95;39.17;39.62;951757
20110317;40.5;40.59;40.05;40.32;434252
20110318;41.09;41.3;40.53;40.77;551285
20110321;41.2;41.83;40.87;41.62;522625
20110322;41.71;41.71;41.14;41.55;314271
20110323;41.5;42.1;41.07;41.77;327238
20110324;42.03;42.13;41.53;41.79;352972
20110325;41.88;42.22;41.61;41.84;329177
20110328;41.93;42.31;41.73;41.78;360529
20110329;41.56;42.28;40.98;42.25;644482
20110330;42.38;43.13;42.38;42.68;518131
20110331;42.62;43.06;42.62;42.93;413712
20110401;43.18;44.08;43.12;44.01;610964
20110404;44.04;44.43;43.74;44.36;606381
20110405;44.31;44.73;44.02;44.07;585281
20110406;44.28;44.5;43.82;44;398636
20110407;43.99;44.53;43.67;44.43;800501
20110408;44.76;45.17;44.6;45;917461
20110411;44.99;44.99;43.69;43.82;550524
20110412;43.8;43.8;42.26;42.37;762477
20110413;42.59;42.89;42.27;42.56;443640
20110414;42.25;42.67;42;42.53;610858
20110415;42.66;42.71;42.17;42.57;486207
20110418;41.82;42.11;41.28;41.95;360481
20110419;42.13;43.2;42.13;43.13;454498
20110420;43.89;44.26;43.64;43.89;387826
20110421;44.25;44.47;44.12;44.36;295654
20110425;44.36;44.51;43.92;44.33;326072
20110426;44.64;45.24;44.49;44.98;447502
20110427;45;45.12;43.97;44.88;513166
20110428;44.69;44.69;41.88;42.42;1683951
20110429;42.49;42.58;42.03;42.21;639854
20110502;42.54;43.1;42.19;42.5;779588
20110503;42.43;42.6;41.19;41.54;566240
20110504;41.43;41.71;40.28;40.61;716285
20110505;40.33;40.64;39.67;39.74;911812
20110506;40.54;41.1;40.33;40.85;908250
20110509;40.71;41.47;40.71;41.03;426915
20110510;41.21;42.07;41.13;41.77;537781
20110511;41.71;41.82;40.7;40.93;650033
20110512;40.72;40.88;40.21;40.5;460994
20110513;40.49;40.56;39.8;40.22;396882
20110516;40.01;41.01;39.91;40.23;456988
20110517;39.97;40.29;39.36;39.47;741764
20110518;39.56;40.89;39.38;40.6;418498
20110519;40.67;40.99;40.14;40.27;442511
20110520;40.23;40.28;39.58;39.84;359773
20110523;39.22;39.26;38.54;38.86;647954
20110524;39.17;39.62;38.72;38.73;608548
20110525;38.57;39.35;38.43;39;643111
20110526;38.84;39.29;38.29;39.2;565361
20110527;39.47;40.22;39.4;40.09;365548
20110531;40.56;40.76;40;40.41;487968
20110601;40.17;40.39;38.53;38.54;641659
20110602;38.65;39.16;38.28;38.58;339872
20110603;37.98;38.37;37.58;37.74;916155
20110606;37.68;37.95;37.31;37.47;422742
20110607;37.81;37.81;37.12;37.15;464632
20110608;37.05;37.19;36.58;36.72;478618
20110609;36.88;37.07;36.69;36.85;339238
20110610;36.57;36.73;35.33;35.45;1215386
20110613;35.51;35.62;34.73;34.84;836282
20110614;35.5;35.59;35.02;35.28;770838
20110615;34.93;34.96;34.32;34.6;835896
20110616;34.55;34.58;33.07;33.7;1227286
20110617;34.32;35.57;34.32;35.23;1158799
20110620;34.92;35.17;34.64;34.97;774942
20110621;35.3;36.37;35.17;36.29;822364
20110622;36.08;36.59;35.99;36.34;738505
20110623;35.59;35.71;34.67;35.24;1124636
20110624;35.34;35.67;34.63;34.73;739156
20110627;34.76;35.07;34.27;34.98;522608
20110628;35.1;35.7;34.98;35.46;416470
20110629;35.71;35.94;35.3;35.71;370988
20110630;35.78;36.78;35.53;36.63;731901
20110701;36.61;37.12;36.33;36.99;489456
20110705;36.97;37.28;36.67;36.81;468246
20110706;36.68;36.89;36.03;36.76;449246
20110707;37.27;37.52;36.95;37.25;420923
20110708;36.65;36.65;35.88;36.34;571785
20110711;35.72;35.91;34.83;35.19;526936
20110712;35;35.23;34.42;34.45;664092
20110713;34.78;35.02;34.41;34.49;602596
20110714;34.59;34.98;33.81;33.84;645077
20110715;34.13;35.12;34;35.11;914994
20110718;34.87;34.91;34.39;34.61;623294
20110719;34.88;35.94;34.88;35.47;524017
20110720;35.69;36.1;35.42;35.51;485813
20110721;35.05;37.32;35.05;37;1187345
20110722;36.96;37.24;36.46;37.02;490719
20110725;36.41;36.99;36.22;36.76;401535
20110726;36.69;36.69;35.63;35.71;440921
20110727;35.39;35.5;34;34.35;889282
20110728;34.07;34.36;32.63;32.72;1686191
20110729;32.28;33.66;32.09;33.13;1030674
20110801;33.83;33.88;32.54;32.93;745124
20110802;32.61;33.04;31.53;31.53;605394
20110803;32.45;32.45;31.06;32.22;849107
20110804;31.61;31.61;30.05;30.16;1185038
20110805;30.79;31.09;28.74;29.54;1991680
20110808;28.52;29.1;27.33;27.49;1632760
20110809;27.98;29.34;27.29;29.33;1424831
20110810;28.48;29.23;27.93;28.17;1179507
20110811;28.23;30.39;27.96;29.88;1124242
20110812;30.12;30.41;29.73;30.17;686902
20110815;30.44;30.97;30.26;30.73;590768
20110816;30.27;30.45;29.59;30;721750
20110817;30.27;30.6;29.86;30.17;574480
20110818;29.02;29.05;27.57;27.93;1405260
20110819;27.39;28.41;26.92;26.99;1062683
20110822;27.7;27.97;27.14;27.26;621438
20110823;27.37;28.55;27.1;28.53;544351
20110824;28.37;29;28.18;28.99;631319
20110825;28.99;29.32;27.81;27.9;566858
20110826;27.67;28.84;26.95;28.82;797452
20110829;29.36;30.43;29.36;30.3;669339
20110830;30.16;31.1;29.86;30.95;614213
20110831;31.21;31.88;31.06;31.45;629213
20110901;31.48;31.73;30.19;30.31;714260
20110902;29.53;30.2;29.15;29.7;718901
20110906;28.27;29.4;28.18;29.31;1025874
20110907;29.87;30.26;29.52;30.14;780294
20110908;29.83;30.47;29.72;29.81;640372
20110909;29.42;29.52;28.36;28.55;630558
20110912;28.08;28.54;27.45;28.2;872645
20110913;28.43;29.15;28.19;28.9;605770
20110914;28.99;29.87;28.04;29.45;1022105
20110915;29.8;29.94;29.45;29.88;530144
20110916;30.25;30.39;29.33;29.58;762911
20110919;28.86;29.22;28.35;29.01;526170
20110920;29.19;29.3;28.28;28.34;362860
20110921;28.28;28.29;26.61;26.64;563252
20110922;25.6;25.97;24.58;25.05;1099703
20110923;24.83;25.46;24.52;24.88;864945
20110926;25.27;25.9;24.29;25.84;465872
20110927;26.66;27.44;26.51;26.98;888485
20110928;27;27.51;25.9;25.97;770789
20110929;26.74;27.14;25.47;26.2;832962
20110930;25.17;25.76;24.6;24.67;1450223
20111003;24.37;24.92;23.33;23.33;880642
20111004;23.05;24.55;22.28;24.49;1207345
20111005;24.64;26.04;24.33;25.84;820958
20111006;25.8;26.78;25.6;26.67;530901
20111007;26.88;26.97;25.93;26.38;454962
20111010;26.95;27.61;26.95;27.61;485060
20111011;27.29;27.88;27.21;27.38;359548
20111012;27.77;29.04;27.75;28.59;571245
20111013;28.29;28.37;27.2;27.85;799705
20111014;28.24;28.65;27.54;28.07;861122
20111017;27.91;28.05;26.83;26.97;387319
20111018;27.04;28.26;26.6;28.02;779630
20111019;28.03;28.61;27.55;27.67;506419
20111020;27.78;27.8;26.5;27.17;867630
20111021;27.68;28.25;27.48;28.12;751475
20111024;28.11;29.9;28.02;29.8;738999
20111025;29.53;29.53;28.47;28.92;478368
20111026;29.36;29.52;28.31;29.06;648129
20111027;30.36;31.18;30;30.67;850633
20111028;30.71;33.06;30.22;32.34;1231334
20111031;31.91;32.05;30.85;30.9;690004
20111101;29.72;30.72;29.14;30.07;805285
20111102;31.05;31.77;30.66;31.36;752243
20111103;31.87;33.13;31.68;33.02;867002
20111104;32.73;33.39;32.5;33.27;494566
20111107;33.31;33.59;32.33;32.92;804751
20111108;33.27;33.4;32.3;33.33;506533
20111109;32.22;32.39;31.42;31.63;608040
20111110;32.2;32.36;31.57;31.93;605101
20111111;32.42;33.18;32.42;33.12;406305
20111114;32.94;33.07;32.15;32.46;385485
20111115;32.3;33.12;32.09;32.83;392033
20111116;32.34;33.16;32.2;32.65;477161
20111117;32.46;32.8;31.48;31.72;532111
20111118;32.1;32.76;31.92;32.32;408750
20111121;31.48;31.51;30.83;31.17;553019
20111122;31.09;31.42;30.73;31.25;436669
20111123;30.78;30.88;29.91;29.91;658823
20111125;29.85;30.64;29.8;30.03;178761
20111128;31.4;32.07;31.4;31.86;533444
20111129;31.87;32.48;31.71;32;473237
20111130;33.2;34.29;33.2;34.26;748018
20111201;34.06;34.58;33.77;33.87;499517
20111202;34.44;34.84;33.94;34;446983
20111205;34.67;35.58;34.49;34.83;748411
20111206;34.91;35.21;34.35;34.9;299686
20111207;34.58;34.69;33.84;34.5;352686
20111208;34.07;34.28;33.14;33.26;488271
20111209;33.16;34.69;33.16;34.5;368668
20111212;33.86;33.96;33.17;33.67;434112
20111213;33.99;34.24;32.78;33.02;493917
20111214;32.64;32.74;31.78;32.11;604775
20111215;32.69;32.74;31.84;32.16;397238
20111216;32.48;33.26;32.2;32.51;900800
20111219;32.87;32.9;32.05;32.15;546379
20111220;32.83;33.81;32.68;33.6;383669
20111221;33.55;33.65;32.64;33.5;490533
20111222;33.66;34.24;33.51;33.56;494379
20111223;33.67;34.1;33.56;33.96;250543
20111227;33.88;34.04;33.28;33.62;270272
20111228;33.46;33.62;32.33;32.43;371118
20111229;32.59;33.43;32.4;33.27;485116
20111230;33.32;33.49;33.03;33.11;236882
20120103;34.16;34.84;33.8;33.98;413918
20120104;33.9;34.99;33.63;34.87;580747
20120105;34.49;34.68;33.77;34.42;587400
20120106;34.37;34.43;33.93;34.16;411194
20120109;34.3;34.64;33.89;34.56;561613
20120110;34.7;35.31;34.7;35.09;348606
20120111;34.87;35.42;34.81;34.94;358567
20120112;35.36;35.36;34.59;35.13;364855
20120113;34.79;35.23;33.98;35.2;615320
20120117;35.79;35.9;35.23;35.26;332329
20120118;35.17;35.63;35;35.59;301774
20120119;35.74;36.16;35.53;36.1;287888
20120120;35.68;35.82;35.38;35.73;405874
20120123;35.66;36.12;35.58;35.74;360171
20120124;35.41;35.9;35.39;35.9;272618
20120125;35.92;36.33;35.73;36.25;638327
20120126;36.4;36.89;35.98;36.24;664735
20120127;36.01;36.47;36.01;36.37;690877
20120130;36.05;36.3;35.61;36.25;459538
20120131;36.48;37;36.4;36.72;729500
20120201;37.22;37.98;37.03;37.51;687323
20120202;37.6;37.68;37.28;37.32;359067
20120203;37.88;38.24;37.61;38.14;542840
20120206;37.98;38.42;37.56;38.32;321715
20120207;38.07;38.36;37.91;38.2;232709
20120208;38.28;38.34;37.79;38;288894
20120209;38.13;38.5;37.92;38.45;297057
20120210;37.86;38.46;37.63;38.45;391830
20120213;39.04;39.17;38.45;39.14;447845
20120214;38.87;39.06;38.64;39.05;326359
20120215;39.18;39.19;38.56;38.86;489092
20120216;38.93;39.4;38.8;39.3;365412
20120217;39.7;39.97;39.09;39.52;337097
20120221;39.64;39.73;39.06;39.29;343220
20120222;38.98;39.66;38.97;39.26;476685
20120223;38.11;40.82;37.67;40.16;1187393
20120224;40.32;40.32;39.38;39.76;568604
20120227;39.3;40.25;39.09;39.88;480051
20120228;39.77;40.03;39.47;39.67;496222
20120229;39.72;40.1;39.16;39.52;1486455
20120301;39.91;40.01;39.27;39.41;392532
20120302;39.34;39.38;38.66;38.83;787774
20120305;38.75;38.91;38.54;38.82;838576
20120306;37.83;38.21;37.15;37.44;1054424
20120307;37.63;37.75;37.35;37.58;396102
20120308;38;38.39;37.79;38.23;282370
20120309;38.33;39.2;38.23;38.84;523353
20120312;38.97;38.98;38.13;38.38;363252
20120313;38.64;39.17;38.55;39.11;309554
20120314;39.11;39.19;38.68;38.94;464286
20120315;38.91;39.35;38.73;39.34;368486
20120316;39.54;39.54;39.02;39.06;573108
20120319;38.94;39.33;38.71;39.19;282678
20120320;38.9;38.97;38.14;38.4;242087
20120321;38.5;38.5;37.89;38.11;271049
20120322;37.69;37.73;36.87;37.05;492651
20120323;37.19;37.95;36.84;37.82;416478
20120326;38.21;38.6;38.09;38.56;385601
20120327;38.54;39;38.48;38.92;510904
20120328;38.95;39.18;38.06;38.43;813574
20120329;38.36;38.45;37.74;38.35;359695
20120330;38.69;38.79;38.19;38.5;511651
20120402;38.37;39.46;38.34;39.21;663908
20120403;39.05;39.14;38.73;39.06;564878
20120404;38.66;38.69;38.28;38.48;403343
20120405;38.33;38.8;38.33;38.58;357413
20120409;37.65;37.77;37.25;37.6;245084
20120410;37.37;37.48;36.27;36.41;461146
20120411;36.9;37.22;36.57;36.69;347455
20120412;36.69;37.67;36.64;37.52;260372
20120413;37.41;37.54;36.97;37.09;192810
20120416;37.42;37.64;36.98;37.33;274303
20120417;37.67;38.43;37.6;38.07;439953
20120418;37.86;38.22;37.63;37.82;365940
20120419;37.89;38.09;36.9;37.04;517497
20120420;37.3;37.56;37.1;37.17;679952
20120423;36.54;36.7;36.17;36.48;388936
20120424;36.58;37.5;36.51;37.33;539976
20120425;37.74;38.02;37.42;37.56;400191
20120426;37.38;38.12;37.38;38.05;343079
20120427;38.19;38.94;38.18;38.63;424843
20120430;38.71;38.76;37.9;38.31;562474
20120501;38.37;39;37.77;37.83;722150
20120502;37.68;39.86;37.56;39.19;1313326
20120503;39.05;39.46;38.57;39;741557
20120504;37.68;38.68;37.27;37.44;658039
20120507;37.23;37.38;36.56;37.1;562635
20120508;36.83;37.13;36.16;37.02;668093
20120509;36.47;37.77;35.77;37;877079
20120510;37.39;37.76;36.83;37.17;520469
20120511;36.89;38.14;36.89;37.65;704073
20120514;37.14;37.49;36.64;37.02;445195
20120515;36.94;37.14;36.16;36.28;538396
20120516;36.48;37.11;35.7;35.78;605339
20120517;35.78;35.83;34.2;34.25;802842
20120518;34.42;34.95;33.72;33.86;800726
20120521;34.03;35.48;34;35.31;560313
20120522;35.35;36.06;35.22;35.72;580033
20120523;35.28;36.13;34.53;36;480693
20120524;36.17;36.17;35.57;36;332263
20120525;35.92;36.1;35.25;35.31;514751
20120529;35.44;36.52;35.44;36.11;656681
20120530;35.87;35.87;35.23;35.34;568345
20120531;35.39;35.39;33.83;34.26;820587
20120601;33.71;33.83;33.33;33.48;1250025
20120604;33.71;33.96;32.8;33.39;774841
20120605;33.27;34.3;33.22;34.16;642811
20120606;34.42;35.22;34.39;35.2;583859
20120607;35.73;35.97;34.88;34.93;705085
20120608;34.79;35.24;34.43;35.04;486483
20120611;35.53;35.55;34.56;34.6;500442
20120612;34.72;35.08;34.33;35.04;633732
20120613;34.82;35.44;34.38;34.86;674264
20120614;34.86;35.73;34.69;35.39;774621
20120615;35.74;36.17;35.49;36.15;733615
20120618;36.07;36.39;35.65;36.19;390193
20120619;36.26;37.22;36.26;36.68;973969
20120620;36.62;37.18;36.45;36.88;403330
20120621;36.94;37.18;35.9;35.99;618651
20120622;35.64;36.21;35.57;35.84;484476
20120625;36.16;36.16;35.22;35.54;493948
20120626;35.58;36.55;35.52;36.2;804866
20120627;36.27;37.32;36.27;37.06;658269
20120628;36.75;37.59;36.7;37.4;696795
20120629;38.3;38.54;38.13;38.25;650771
20120702;38.32;38.57;37.84;38.43;444548
20120703;38.41;39.13;38.4;39.1;351400
20120705;38.96;39.31;38.86;39.05;524838
20120706;38.55;38.99;38.44;38.75;533953
20120709;38.66;39.06;38.51;38.82;331136
20120710;38.89;39.03;37.18;37.52;764708
20120711;37.55;37.7;36.21;36.35;975984
20120712;35.3;36.36;35.3;36.18;793942
20120713;36.34;36.95;36.19;36.9;414972
20120716;36.85;36.95;36.19;36.65;408214
20120717;36.83;37.17;36.22;37;421389
20120718;36.75;38.33;36.65;37.85;439513
20120719;37.83;38.47;37.8;37.91;505633
20120720;37.52;38.14;37.24;37.49;674744
20120723;36.5;37.46;36.41;37.12;474247
20120724;37.13;37.41;36.37;36.65;403508
20120725;36.84;37.25;36.33;36.9;567323
20120726;37.56;37.92;37.08;37.4;637512
20120727;37.67;38.99;37.42;38.7;911106
20120730;38.54;39.06;38.31;38.6;486110
20120731;39.18;40.82;38.91;39.99;1202246
20120801;40.3;41.03;39.47;39.59;681695
20120802;39.29;39.67;39;39.55;532543
20120803;40.43;41.42;40.29;41.32;663891
20120806;41.44;41.98;41.44;41.74;548597
20120807;42.01;42.95;41.95;42.32;547880
20120808;41.74;42.66;41.74;42.57;1051854
20120809;42.43;43.13;42.37;42.59;371717
20120810;42.46;42.7;42.28;42.68;299710
20120813;42.67;42.79;42.43;42.66;261410
20120814;42.88;42.97;42.3;42.42;301396
20120815;42.33;42.63;42.15;42.41;275361
20120816;42.56;43.38;42.38;43.18;348348
20120817;43.1;43.19;42.75;42.86;617826
20120820;42.7;43.03;42.51;42.74;475353
20120821;42.93;42.99;42.22;42.36;683952
20120822;42.31;42.86;42.17;42.66;536672
20120823;42.68;43.17;42.3;42.63;429186
20120824;42.58;43.05;42.34;42.59;379201
20120827;42.65;43.01;42.52;42.78;681470
20120828;42.73;42.8;42.28;42.53;456430
20120829;42.55;42.78;42.21;42.58;421628
20120830;42.21;42.51;41.99;42;355118
20120831;42.35;42.78;42.29;42.55;518211
20120904;42.45;42.87;42.08;42.47;455691
20120905;42.4;42.72;42.07;42.27;326707
20120906;42.83;43.32;42.51;43.14;732741
20120907;43.34;44.17;43.3;43.76;515250
20120910;43.44;44.11;43.11;43.53;482135
20120911;43.53;44.28;43.53;44.05;475937
20120912;44.27;44.31;43.71;44.18;438686
20120913;44.24;44.3;43.54;44.01;815966
20120914;44.17;45.19;44.17;44.94;717024
20120917;44.79;44.79;44.22;44.44;445862
20120918;44.37;44.64;43.88;43.96;498547
20120919;43.96;44.41;43.79;44.25;407750
20120920;43.91;44.23;43.67;44.18;364826
20120921;44.43;44.89;43.97;44.01;509231
20120924;43.37;43.76;42.96;43.64;703455
20120925;43.73;43.9;42.81;42.88;508729
20120926;42.77;43.02;42.22;42.3;478861
20120927;42.54;42.78;42.15;42.52;428056
20120928;42.27;42.73;42.14;42.58;461851
20121001;42.79;43.15;42.44;42.61;556535
20121002;42.78;43.22;42.28;42.68;520872
20121003;42.84;43.03;42.36;42.81;379663
20121004;43.01;43.36;42.79;43.28;281190
20121005;43.53;43.83;43.19;43.46;286128
20121008;43.07;43.65;43.07;43.27;262223
20121009;43.32;43.61;42.82;42.93;243205
20121010;42.83;43.09;42.43;42.92;435569
20121011;43.31;43.45;42.8;42.91;388981
20121012;43;43.48;42.58;42.77;564057
20121015;42.81;43;42.63;42.85;531086
20121016;42.94;43.45;42.94;43.32;527647
20121017;43.45;44.46;43.37;44.26;498307
20121018;44.24;45.15;44.16;44.89;659206
20121019;44.63;44.97;44.09;44.28;579448
20121022;44.01;44.28;43.58;44.01;434783
20121023;43.35;43.56;42.85;43.38;388716
20121024;43.52;43.83;43.24;43.42;411538
20121025;43.74;43.95;43.25;43.71;301787
20121026;43.69;44;43.39;43.64;298073
20121031;43.99;45.97;43.92;45.16;759601
20121101;45.25;45.85;45.17;45.61;787608
20121102;46;46.13;45.28;45.63;716202
20121105;45.4;46.72;45.34;46.61;588999
20121106;46.69;47.33;46.5;46.96;464326
20121107;45.64;49.03;45.64;45.87;568440
20121108;45.92;46.15;45.14;45.31;400885
20121109;45.08;45.72;45.03;45.09;386190
20121112;45.17;45.61;44.86;45.19;301878
20121113;44.91;45.95;44.9;45.52;441010
20121114;45.64;45.67;44.27;44.45;391388
20121115;44.32;44.58;43.87;44.15;473642
20121116;44.04;45.04;43.95;44.92;756747
20121119;45.4;46.08;45.34;46.08;722589
20121120;46.08;46.73;45.86;46.45;1045136
20121121;46.42;46.48;45.94;46.05;372694
20121123;46.36;46.59;46.13;46.48;259061
20121126;46.32;46.92;46.13;46.4;702488
20121127;46.43;46.94;46.12;46.25;426106
20121128;46.04;46.61;45.49;46.44;453325
20121129;46.59;46.9;45.75;46.54;638386
20121130;46.54;46.63;46.05;46.18;613871
20121203;46.54;46.81;46.11;46.2;433485
20121204;46.58;47.1;46.36;46.97;581961
20121205;46.96;47.33;46.44;47.07;582482
20121206;47.03;47.23;46.85;47.13;339751
20121207;47.43;47.61;47.11;47.3;338664
20121210;47.24;47.89;47.21;47.63;477248
20121211;47.78;48.21;47.59;47.64;374144
20121212;47.77;47.88;47.18;47.29;412283
20121213;47.46;47.63;46.99;47.43;244225
20121214;47.38;47.52;47.11;47.39;400157
20121217;47.53;47.53;46.97;47.3;606010
20121218;46.81;48.51;46.81;48.23;414200
20121219;48.37;48.73;48.06;48.32;433721
20121220;48.35;48.78;48.23;48.76;363710
20121221;48;48.35;47.72;48.08;597579
20121224;48.06;48.39;47.9;48.15;138566
20121226;48.17;48.33;47.87;47.99;223049
20121227;47.84;48.43;47.62;48.37;253521
20121228;47.98;48.24;47.58;47.62;236945
20121231;47.6;48.97;47.57;48.93;475793
20130102;50.03;50.67;49.99;50.67;597391
20130103;50.57;51.15;50.55;50.77;435383
20130104;50.97;51.3;50.82;51.18;366524
20130107;50.96;51.56;50.7;51.25;392078
20130108;51.1;51.72;50.78;51.68;600837
20130109;51.68;51.81;51.19;51.55;405133
20130110;51.63;51.87;51.25;51.75;287027
20130111;51.87;51.88;51.52;51.88;227094
20130114;51.94;52.01;51.28;51.44;276264
20130115;50.93;51.52;50.93;51.18;427994
20130116;51.02;51.03;50.63;50.82;371023
20130117;51.22;51.93;51.2;51.83;444137
20130118;51.97;52.45;51.38;52.44;361121
20130122;52.43;52.49;51.79;52.36;352836
20130123;52.26;52.48;51.53;51.74;413170
20130124;51.41;51.91;50.87;51.5;715292
20130125;51.85;51.85;50.72;51.49;614693
20130128;51.71;51.71;50.84;50.92;487936
20130129;50.9;52.35;50.8;52.32;596524
20130130;52.29;52.88;52.05;52.31;516326
20130131;52.16;52.51;52.02;52.26;314178
20130201;52.36;52.66;51.6;52.01;433667
20130204;51.7;52.05;51.26;51.52;427849
20130205;51.88;52.54;51.55;52.2;480737
20130206;51.99;52.41;51.85;52.14;288292
20130207;52.2;52.36;51.28;51.73;232317
20130208;51.81;52.63;51.81;52.58;537047
20130211;52.54;52.75;51.75;52.55;353457
20130212;52.63;53.15;52.57;53.03;310744
20130213;53.15;53.64;53.09;53.34;369071
20130214;53.4;53.53;53.06;53.32;282672
20130215;53.39;53.47;53.04;53.32;298642
20130219;53.42;53.48;52.93;53.24;312600
20130220;53.1;53.42;52.42;52.59;498122
20130221;52.5;52.5;51.72;51.95;472293
20130222;52.37;54.2;52.17;53.77;933845
20130225;54.1;54.17;51.4;51.47;658300
20130226;51.67;51.92;50.98;51.72;574202
20130227;51.69;53.16;51.49;52.98;467326
20130228;53.27;53.89;52.98;53.5;490210
20130301;53.08;53.94;52.31;53.85;389908
20130304;53.85;53.98;53.17;53.87;378449
20130305;53.94;55.29;53.94;55.06;434254
20130306;55.44;55.67;54.87;54.91;397799
20130307;54.98;55.24;54.55;54.71;401839
20130308;55.14;55.36;54.52;54.91;386717
20130311;54.83;55.4;54.7;55.17;329220
20130312;55.11;55.18;54.44;54.74;323111
20130313;54.74;55.08;54.49;54.91;203581
20130314;55.05;55.74;55.05;55.63;401478
20130315;55.33;56.13;55.27;55.92;862579
20130318;55.21;56.15;55.12;55.86;299752
20130319;56.01;56.23;55.11;55.75;251003
20130320;55.71;56.51;55.67;56.35;339724
20130321;56.19;56.19;54.62;55.23;587112
20130322;55.39;55.46;54.99;55.24;338780
20130325;55.54;55.54;54.15;54.77;296550
20130326;54.96;55.19;54.62;55.14;292063
20130327;54.74;55.18;54.49;55.07;280269
20130328;55.12;56.02;55.01;55.9;611738
20130401;55.74;55.87;54.6;54.9;345733
20130402;54.9;55.34;54.18;54.35;255085
20130403;54.41;54.41;53.55;53.95;374049
20130404;53.95;54.37;53.74;54.12;444524
20130405;53.33;53.88;52.78;53.37;457792
20130408;53.37;53.97;53.14;53.83;260525
20130409;54;54.58;53.86;54.46;330775
20130410;54.55;55.08;54.55;54.96;333592
20130411;54.95;55.12;54.77;54.81;227343
20130412;54.55;54.71;53.76;53.85;263954
20130415;53.41;53.56;51.7;51.78;441928
20130416;52.4;53.12;52.34;53.03;281984
20130417;52.55;52.59;51.25;51.55;402530
20130418;51.59;51.84;50.7;50.75;334363
20130419;50.82;51.41;50.67;50.94;355438
20130422;50.99;51.27;50.65;51.03;359314
20130423;51.13;51.41;50.83;51.3;363323
20130424;51.14;52.33;51.14;52.08;421462
20130425;52.33;53.09;51.56;52.52;654980
20130426;52.51;52.62;52.06;52.58;328702
20130429;52.57;52.86;52.31;52.6;435437
20130430;52.36;52.72;51.7;52.71;843927
20130501;52.31;52.31;50.42;50.44;617219
20130502;50.5;51.49;50;51.41;621696
20130503;51.43;53.73;51.43;52.89;531452
20130506;52.78;53.11;52.67;52.93;273347
20130507;53.1;53.86;52.87;53.82;297301
20130508;53.72;54.33;53.6;54.24;225453
20130509;54.24;54.55;53.61;53.73;325322
20130510;53.84;54.24;53.35;54.08;275764
20130513;53.96;54.1;53.58;54.04;186518
20130514;54.02;55.17;54.02;54.95;330450
20130515;55;55.43;54.42;55.42;288257
20130516;55.33;56.5;55.08;55.52;388008
20130517;55.49;56.69;55.44;56.63;261953
20130520;56.51;57.55;56.41;57.04;271385
20130521;57.04;57.76;56.99;57.3;374758
20130522;57.28;57.51;55.8;56.19;464329
20130523;55.56;56.32;55.41;55.98;205022
20130524;55.67;55.79;54.92;55.61;207102
20130528;56.27;57.17;55.93;56.41;248280
20130529;55.75;56.35;55.72;55.89;248463
20130530;56.06;56.67;55.7;56.4;187172
20130531;56.09;57.03;55.99;56.04;406891
20130603;56.2;56.33;54.65;55.66;405361
20130604;55.64;56.56;55.28;55.61;270400
20130605;55.57;55.63;54.09;54.17;383418
20130606;53.95;55;53.95;55;213342
20130607;55.39;56.31;55.32;56.02;319828
20130610;56.21;56.46;55.79;56.14;182890
20130611;55;55.69;54.47;55.01;304080
20130612;55.64;55.74;54.55;54.65;170941
20130613;54.68;55.51;54.28;55.32;238108
20130614;55.26;55.62;54.71;55.22;251669
20130617;55.47;55.84;54.45;54.91;391432
20130618;55.03;55.5;54.8;55.32;184122
20130619;55.37;55.56;54.67;54.67;194853
20130620;54;54.27;53.26;53.4;323546
20130621;53.88;53.99;52.4;53.1;758129
20130624;52.7;52.9;50.9;52.05;1532015
20130625;53.3;53.3;52.45;52.8;1611054
20130626;53.59;54.17;53.49;53.95;1412907
20130627;54.24;54.75;54.18;54.52;815799
20130628;54.25;54.51;53.8;54.01;1072003
20130701;54.35;55.12;54.15;54.6;671793
20130702;54.57;54.73;54.1;54.33;1009190
20130703;54.14;54.55;53.96;54.2;650688
20130705;54.86;55.41;54.36;55.36;875005
20130708;55.59;55.79;54.94;55.03;1069209
20130709;55.58;56.07;55.47;55.75;992645
20130710;55.68;55.85;55.21;55.57;782069
20130711;56.48;56.48;55.31;55.94;1051280
20130712;55.94;56.08;55.22;55.51;1454436
20130715;55.54;55.74;55.04;55.29;962094
20130716;55.4;55.45;54.59;55.18;1235151
20130717;55.46;55.83;55.13;55.81;1588081
20130718;56;56.96;55.81;56.74;1573593
20130719;56.81;57.37;56.54;57.35;1912588
20130722;57.35;57.94;57.16;57.35;1852503
20130723;57.46;57.47;56.73;56.95;2263808
20130724;56.95;57.16;55.77;56.05;1650626
20130725;56.16;57.53;55.95;57.38;2729523
20130726;56.93;57.11;56.48;56.82;1247437
20130729;56.53;56.83;56.17;56.36;903230
20130730;56.6;56.94;56.28;56.74;667903
20130731;56.84;57.2;56.6;56.68;1052438
20130801;57.33;58.25;57.04;58.09;1004664
20130802;57.95;58.01;56.98;57.26;1360370
20130805;57.12;57.29;56.64;56.9;683879
20130806;57.01;57.01;56.08;56.47;1218039
20130807;56.31;56.44;55.79;55.98;1268447
20130808;56.18;56.37;55.69;56.29;1108744
20130809;56.22;56.81;55.99;56.75;989655
20130812;56.54;57.02;56.47;57;922405
20130813;57;57.55;56.58;57.44;1021930
20130814;57.37;57.47;56.95;57.16;1080236
20130815;56.52;56.72;56.21;56.31;1531619
20130816;56.19;56.78;56.11;56.6;946993
20130819;56.34;56.7;55.93;56.03;722455
20130820;56.02;56.71;55.85;56.65;785274
20130821;56.46;56.7;56.04;56.24;595394
20130822;56.37;57.56;56.33;57.45;610160
20130823;57.54;57.59;57.12;57.33;610146
20130826;57.39;57.6;57;57.18;490203
20130827;56.56;56.86;55.8;56.03;889622
20130828;55.93;56.56;55.66;56.4;716062
20130829;56.19;56.9;56.19;56.52;421871
20130830;56.59;56.65;55.64;55.79;846839
20130903;56.62;56.97;55.98;56.48;1145154
20130904;56.46;57.97;56.4;57.9;1258417
20130905;57.86;58.82;57.78;58.23;1457250
20130906;58.41;59.86;57.91;59.07;1787868
20130909;59.28;59.82;59.28;59.67;892142
20130910;60.05;61.3;59.88;61.23;1419862
20130911;61.2;61.54;60.78;60.97;1060650
20130912;61.12;61.71;60.85;61.45;1102789
20130913;61.61;61.61;60.94;61;906124
20130916;61.84;62.2;61.28;61.45;1087617
20130917;61.45;61.75;61.32;61.55;688045
20130918;61.52;62.75;60.98;62.59;959597
20130919;62.94;63.5;62.84;63.28;1203786
20130920;63.64;63.7;62.74;63.07;1773058
20130923;62.8;63.03;61.86;62.54;920089
20130924;62.59;63.17;62.36;62.79;1029261
20130925;62.73;62.93;62.07;62.11;1051834
20130926;62.16;62.64;62.15;62.56;575056
20130927;62.17;62.45;61.84;62.16;620511
20130930;61.39;62.44;61.27;62.39;1227355
20131001;62.25;63.01;62.25;62.45;904414
20131002;62.13;62.2;61.32;61.84;1150669
20131003;61.62;62.01;60.79;61.45;980553
20131004;61.42;61.92;61.18;61.71;756507
20131007;61.09;61.32;60.84;60.97;834567
20131008;61.01;61.42;60.12;60.29;981345
20131009;60.4;60.71;59.86;60.36;1145689
20131010;61.04;62.06;61.01;62.04;932082
20131011;61.83;62.88;61.77;62.87;1152961
20131014;62.47;63.44;62.34;63.41;913146
20131015;63.28;63.28;62.09;62.41;841138
20131016;63.28;63.28;62.16;62.74;1205460
20131017;62.61;63.52;62.42;63.5;925598
20131018;64.06;64.33;63.59;64.28;774927
20131021;64.4;64.63;63.68;64.11;984317
20131022;64.47;64.88;63.98;64.26;865074
20131023;63.9;64.09;63.21;63.72;1217705
20131024;63.7;64.1;63.24;63.49;1966306
20131025;66.59;71.49;65.82;71.22;4119593
20131028;71.34;71.45;69.26;69.78;2268924
20131029;69.92;70.87;69.75;70.73;1291555
20131030;70.77;70.92;69.46;69.65;877365
20131031;69.68;69.95;69.02;69.47;993241
20131101;69.73;69.89;68.58;69.65;958828
20131104;70.02;70.49;69.79;70.46;878110
20131105;70.25;70.78;69.43;70.3;1246261
20131106;70.55;70.91;69.62;69.97;693913
20131107;70.14;70.73;68.25;68.45;884289
20131108;68.69;69.59;68.4;69.58;1282452
20131111;69.67;70.45;69.4;70.41;826527
20131112;70.4;70.71;70.01;70.19;866831
20131113;69.8;71.07;69.67;71.06;1334796
20131114;71.13;71.56;70.63;71.3;729165
20131115;71.27;71.5;70.69;71.26;685170
20131118;71.75;71.94;70.24;70.6;683783
20131119;70.69;70.85;69.5;69.68;916164
20131120;70.12;70.88;69.37;69.66;945089
20131121;69.96;70.9;69.67;70.73;899255
20131122;70.63;71.06;70.19;71;809072
20131125;72.15;73.04;71.27;71.84;1034417
20131126;71.81;71.93;71.1;71.73;1063847
20131127;71.71;71.91;70.87;71.27;664052
20131129;71.34;72.11;71.28;71.38;568461
20131202;71.53;72.17;70.54;70.67;997275
20131203;70.57;70.94;70.08;70.62;975116
20131204;69.95;70.47;68.79;69.43;1745997
20131205;69.45;69.96;69.12;69.61;971613
20131206;70.54;70.95;70.04;70.94;867779
20131209;71.21;72.03;71.06;71.82;1301809
20131210;71.72;72.21;71.58;72.08;1212540
20131211;72.07;72.91;71.81;72.2;2993231
20131212;72.1;72.57;71.97;72.09;1485871
20131213;72.21;72.56;71.67;72.36;1067189
20131216;72.8;73.89;72.73;73.66;1110806
20131217;73.88;73.95;72.85;73.16;809241
20131218;73.12;74.82;72.73;74.8;1081412
20131219;74.78;75.31;74.16;75.22;1260032
20131220;75.39;76.41;75.13;75.73;1728702
20131223;76.03;76.79;75.78;76.1;1064371
20131224;76;76.58;76;76.53;411476
20131226;76.57;77.08;76.1;76.95;706421
20131227;76.92;77.06;76.44;76.9;643788
20131230;76.98;77.81;76.94;77.7;1071175
20131231;78;78.89;78;78.83;1367192
20140102;78.17;78.46;76.99;77.3;1400867
20140103;77.5;78.26;77.32;77.86;896180
20140106;78.21;78.49;76.98;77.24;971502
20140107;77.35;77.68;76.72;77.24;1480266
20140108;78.2;78.2;76.89;77.18;1478711
20140109;77.34;78.14;76.86;76.99;990225
20140110;77.33;77.66;76.47;77;1000072
20140113;76.91;77.19;75.2;75.4;1044182
20140114;76.61;77.2;75.91;77.17;1567386
20140115;77.17;78.1;76.91;77.59;844018
20140116;77.41;77.74;77.04;77.07;872732
20140117;77.37;77.57;76.96;77.12;1018486
20140121;77.61;77.88;76.21;76.7;821631
20140122;77.02;77.72;76.47;77.61;838686
20140123;77.38;77.71;75.71;76.16;1440265
20140124;75.31;75.44;72.63;72.99;2536296
20140127;73;73.34;71.84;72.18;1153101
20140128;72.46;74.25;72.46;74.02;962270
20140129;72.53;73.36;71.3;72.38;2142218
20140130;72.87;72.89;72.13;72.54;1305885
20140131;71.47;72.92;71.28;72.33;759377
20140203;72.07;72.59;69.35;69.71;2202103
20140204;69.8;71.32;69.56;71.05;1209038
20140205;70.68;71.42;69.59;70.87;1475143
20140206;70.93;72.36;70.71;72;661849
20140207;72.48;73.62;72.27;73.56;1021211
20140210;73.41;73.41;72.24;72.85;1032015
20140211;72.92;74.31;72.76;73.99;1572657
20140212;73.99;75.43;73.99;75.42;1521698
20140213;74.68;76.98;74.56;76.49;1146322
20140214;76.75;76.97;75.88;76.44;1453623
20140218;76.65;76.87;75.57;76.28;1329608
20140219;76.67;82.02;76.67;80.6;3280200
20140220;80.34;81.6;80.04;81.55;1714412
20140221;81.43;81.86;80.91;80.98;1185337
20140224;81;82.24;80.94;81.5;1484870
20140225;81.49;82.03;80.86;81.09;1762055
20140226;81.1;81.93;80.38;80.57;2049257
20140227;80.59;81.35;80.34;80.6;1536776
20140228;80.73;81.71;80.37;81.21;2058735
20140303;80.38;80.53;78.74;79.4;1218473
20140304;80.52;81.35;79.94;81.26;1197473
20140305;81.27;81.52;80.3;80.73;1007879
20140306;80.7;81.08;80.37;80.52;1213396
20140307;81.15;81.33;80.64;80.81;677586
20140310;80.47;80.76;79.44;79.56;737609
20140311;79.66;80;78.77;78.94;636153
20140312;78.52;78.69;77.54;78.18;976392
20140313;78.41;78.77;75.39;75.74;1394385
20140314;75.63;76.59;75.55;76.01;1113625
20140317;76.71;77.23;76.45;76.52;1276626
20140318;76.62;77.6;76.53;77.17;808970
20140319;77.18;77.36;75.75;76.4;572027
20140320;76.27;76.83;75.8;76.55;874335
20140321;77.31;78.33;75.94;77.04;1604563
20140324;77.09;77.28;75.97;76.55;1101592
20140325;77.29;77.56;76.04;76.38;1061439
20140326;76.52;76.77;75.38;75.39;984122
20140327;75.14;75.57;74.35;75.13;1222332
20140328;75.53;76.58;75.01;76.13;613831
20140331;77.54;78.38;76.63;78.34;1161638
20140401;78.5;79.23;78.28;78.84;1107167
20140402;78.83;79.98;78.56;79.49;791230
20140403;79.53;79.9;78.14;78.63;938627
20140404;79;79.78;77.35;77.83;776218
20140407;77.66;77.69;75.97;76.34;1072248
20140408;76.1;77.32;75.73;76.65;996641
20140409;77.01;77.92;76.46;77.85;879417
20140410;77.82;78.1;75.92;76.13;712600
20140411;75.5;76.19;74.94;75.15;793249
20140414;75.85;76.33;74.72;75.33;714995
20140415;75.39;76.36;74.65;76.23;914249
20140416;77.02;78.44;76.88;78.37;879052
20140417;78.6;79.49;78.21;79.04;888262
20140421;78.82;79.49;78.2;79.46;798088
20140422;79.34;79.7;78.64;78.71;1220806
20140423;78.76;79.18;78.13;78.13;1268838
20140424;77.49;77.49;73.01;73.96;4158497
20140425;73.36;74.89;72.77;72.87;1642334
20140428;73.11;73.68;71.18;72.19;1463737
20140429;72.51;72.85;71.47;72.03;1182100
20140430;72.13;73.25;71.76;73.05;1042122
20140501;73.02;73.93;72.59;73.54;810211
20140502;73.41;74.88;73.4;74.51;1387693
20140505;73.89;74.93;73.65;74.78;749909
20140506;74.41;74.67;74.04;74.36;1073577
20140507;74.54;75.54;74.07;75.45;821882
20140508;75.28;76.25;74.78;75.02;466618
20140509;74.9;75.04;73.88;74.88;461590
20140512;75.56;77.02;75.56;76.96;821603
20140513;77.2;77.41;76.27;76.35;722074
20140514;76.29;76.31;75.18;75.23;595494
20140515;75.02;75.16;73.25;74.2;633197
20140516;74.26;74.26;73.22;74.15;514209
20140519;73.81;75.13;73.81;74.9;532513
20140520;74.82;74.82;73.1;73.47;407433
20140521;73.78;74.16;73.41;73.87;462131
20140522;73.74;74.43;73.61;73.87;638310
20140523;73.99;74.75;73.73;74.5;530132
20140527;74.84;75.05;74.49;74.79;516247
20140528;74.56;74.81;74.08;74.23;718039
20140529;74.5;74.6;73.52;74.22;498785
20140530;73.85;74.01;73.21;73.74;688847
20140602;73.98;74.43;72.83;73.98;820652
20140603;73.7;73.87;73.2;73.76;650913
20140604;73.76;74.79;73.76;74.24;674503
20140605;74.24;75.2;73.85;74.89;822305
20140606;75.19;76.69;74.79;76.51;711076
20140609;76.53;77.9;76.31;77.8;914081
20140610;77.44;77.84;77.17;77.47;812199
20140611;77.08;77.52;76.57;77.4;789914
20140612;77.3;77.63;76.43;76.64;737075
20140613;76.75;77.38;76.47;77.27;592956
20140616;77.25;77.43;76.61;77.07;643360
20140617;76.91;77.67;76.52;77.67;757241
20140618;77.14;77.56;76.18;76.86;1099422
20140619;76.84;77.76;76.4;77.68;963293
20140620;77.91;78.97;77.87;78.51;942619
20140623;78.39;78.75;77.66;77.81;430439
20140624;77.36;77.76;76.18;76.39;556573
20140625;76.05;76.57;75.84;76.05;723401
20140626;76.16;76.16;75.06;75.65;623032
20140627;73.89;74.25;72.1;73.79;2405263
20140630;73.87;74.59;73.71;74.35;1026007
20140701;74.6;74.92;74.4;74.6;690555
20140702;74.35;74.93;74.1;74.89;862263
20140703;74.99;75.86;74.96;75.52;573739
20140707;75.39;75.39;73.79;73.99;1024034
20140708;73.88;73.98;73.14;73.84;775822
20140709;73.93;74.44;73.78;73.92;808194
20140710;72.82;73.63;72.55;73.11;753215
20140711;73.12;73.36;72.54;72.91;742709
20140714;73.58;74.05;73.45;73.63;514168
20140715;73.51;74;72.39;72.59;967446
20140716;73.05;73.2;72.38;73.1;792445
20140717;72.82;72.87;71.56;71.66;1001850
20140718;71.94;72.78;71.91;72.61;461176
20140721;72.36;72.95;71.42;72.45;1060732
20140722;72.99;73.32;72.42;72.95;825687
20140723;72.93;73.32;72;72.2;1073892
20140724;74.5;76.96;74.2;76.43;2040644
20140725;76.59;78.48;76.58;77.88;2182931
20140728;77.79;77.98;76.63;77.13;1064719
20140729;76.89;77.42;75.83;75.85;795008
20140730;75.98;76.16;75.28;75.75;749176
20140731;74.95;75.42;73.87;74.04;869150
20140801;73.74;73.74;72.06;72.96;1052661
20140804;73.01;73.28;72.19;72.88;907340
20140805;72.43;73.58;72.11;72.35;724633
20140806;71.71;72.03;71.26;71.81;637736
20140807;72.42;72.65;71.69;71.82;621724
20140808;71.96;73.04;71.55;72.96;439433
20140811;73.18;73.86;72.97;73.2;440757
20140812;72.89;73.57;72.06;72.55;573755
20140813;72.96;73.64;72.53;73.55;471036
20140814;73.72;73.85;73.41;73.77;378698
20140815;73.86;74.1;72.66;73.17;561081
20140818;73.87;75.13;73.76;75;642466
20140819;75.17;75.64;74.94;75.43;465667
20140820;75.41;76.53;75.17;76.28;578105
20140821;76.39;76.53;75.67;76.21;358258
20140822;75.98;76.24;75.56;75.64;520123
20140825;76.13;76.5;75.69;76.05;573682
20140826;76.23;76.38;75.86;76.25;454827
20140827;76.2;76.52;75.67;75.87;315765
20140828;75.62;76.22;75.25;75.99;364390
20140829;76.11;76.34;75.39;75.89;346162
20140902;76.47;77.49;76.01;77.04;867245
20140903;77.7;77.77;76.52;76.7;552787
20140904;76.64;77.55;76.26;76.31;680442
20140905;76.09;76.69;75.63;76.63;741812
20140908;76.36;76.67;75.97;76.17;448692
20140909;76;76.02;74.96;75.02;651205
20140910;74.98;75.17;74.24;74.88;850472
20140911;74.62;75.3;74.44;75.23;620292
20140912;75.26;75.26;74.19;74.26;857073
20140915;74.13;74.48;73.39;73.62;725807
20140916;73.56;74.27;73.11;74.13;679291
20140917;74.31;74.55;73.07;73.59;711051
20140918;73.69;73.94;73.4;73.81;673955
20140919;74.29;74.37;73.21;73.58;865022
20140922;73.21;73.21;72.16;72.95;843946
20140923;72.73;73.19;72.32;72.48;765179
20140924;72.28;72.51;71.61;72.28;715864
20140925;72.01;72.24;70.78;70.89;1147827
20140926;71.17;71.55;70.52;71.45;601934
20140929;70.53;70.98;70.23;70.8;815397
20140930;70.75;71.13;70.25;70.52;751897
20141001;70.24;71.06;69.72;70.52;1488922
20141002;70.43;70.72;69.26;69.84;1314280
20141003;70.35;70.37;68.6;68.77;1583614
20141006;68.88;69.24;67.86;68.18;1319741
20141007;67.7;67.83;66.32;66.34;1099295
20141008;66.3;67.5;65.59;67.35;1374613
20141009;67.24;67.38;64.82;64.98;1835884
20141010;64.67;65.06;63.46;64.09;2491942
20141013;64.16;64.41;61.33;61.37;2026932
20141014;61.64;63.51;61.32;62.29;2139420
20141015;61.21;61.8;59.35;61.16;2558923
20141016;60.08;63.75;59.78;63.49;2343941
20141017;64.23;65.88;64.19;64.96;1637906
20141020;64.75;65.28;64.11;64.54;1121725
20141021;65.04;66.65;64.93;66.24;1282998
20141022;66.25;66.54;64.23;64.27;1175728
20141023;65.13;66.92;65.13;66.36;1447584
20141024;63.8;65.37;63.25;64.31;2668700
20141027;64.94;65.05;62.75;64.74;2490630
20141028;65.34;67.46;65.33;67.45;1584120
20141029;67.63;68.01;65.86;66.36;1432712
20141030;66.04;66.81;65.74;66.7;1124431
20141031;67.68;68.08;66.88;67.99;1583172
20141103;67.95;68.26;67.19;67.58;1492197
20141104;67.38;67.38;66.03;66.3;1080168
20141105;66.85;67.4;66.39;67.3;1094341
20141106;67.3;67.55;66.71;67.21;928411
20141107;67.21;68.25;67;67.9;1150199
20141110;67.89;68.65;67.65;67.78;754180
20141111;67.96;67.96;66.56;66.84;1271920
20141112;66.53;67.47;66.5;67.23;879182
20141113;67.01;67.44;65.39;65.76;1377646
20141114;65.85;66.7;65.84;66.13;962478
20141117;66;66.25;65.58;66.05;1351143
20141118;66.21;67.51;66.06;66.5;981583
20141119;66.49;66.6;65.51;65.98;770716
20141120;65.59;66.69;65.45;66.09;790837
20141121;66.88;67.66;66.88;67.34;1111543
20141124;67.84;68.08;67.46;67.97;952843
20141125;67.71;67.87;66.82;67.45;1172815
20141126;67.24;67.45;65.03;65.19;1668108
20141128;62.74;62.79;58.8;58.87;2639878
20141201;59.27;59.33;58.4;58.89;3923052
20141202;58.62;60.12;58.49;60.01;4266402
20141203;60.21;62.64;60.01;62.26;3104245
20141204;62;62.46;61.59;62.01;1445153
20141205;61.86;62.32;61.69;61.89;1455997
20141208;61.55;61.95;59.72;59.94;1452479
20141209;59.38;60.07;58.91;60.03;2063716
20141210;59.41;59.49;57.34;57.62;1456672
20141211;58.09;58.81;57.2;57.32;1481002
20141212;56.57;56.57;54.82;54.87;2208391
20141215;55.32;55.62;54.69;54.8;1599100
20141216;54.43;56.7;54.38;54.9;2334343
20141217;54.9;56.41;53.93;56.3;2838708
20141218;57.29;57.94;56.61;57.87;2351903
20141219;57.67;58.99;57.49;58.89;3206619
20141222;59.02;59.16;58.55;59.06;1554380
20141223;58.86;60.31;58.8;60.21;1189665
20141224;60.09;60.47;59.78;60;396667
20141226;60.11;60.64;60.05;60.31;626868
20141229;60.2;60.93;60.12;60.37;668949
20141230;60.13;60.52;60.05;60.32;1118942
20141231;60.42;60.59;59.82;59.83;1369322
20150102;60.24;60.36;59.03;59.65;1170773
20150105;58.79;58.93;57.31;57.64;4753612
20150106;57.78;57.98;56.16;56.89;3802077
20150107;57.58;57.58;56.31;56.72;1533883
20150108;56.96;57.52;56.41;57.4;2301947
20150109;57.62;57.71;56.91;57.09;1100136
20150112;56.84;57.02;55.97;56.1;1920378
20150113;56.65;57.13;55.74;56.51;1817989
20150114;55.62;56.29;55.12;55.91;3495105
20150115;56.39;56.68;55.49;55.56;1370577
20150116;55.08;55.72;54.74;55.68;2384081
20150120;56.16;56.39;55.45;56.18;1079880
20150121;56.02;58.07;56.01;57.96;1598946
20150122;57.59;57.75;55.75;56.43;2253394
20150123;55.96;56.13;54.79;55.42;1731949
20150126;55.51;56.18;55.43;55.78;1549396
20150127;54.82;55.04;54.1;54.55;2128975
20150128;54.88;54.99;53.18;53.29;1937656
20150129;53.12;54.65;52.75;54.57;1811875
20150130;54.06;54.77;53.5;54.49;2529812
20150202;55.13;57.66;55.01;57.46;2398799
20150203;57.92;59.23;57.85;58.92;2264725
20150204;58.42;58.42;56.66;56.95;1293972
20150205;57.53;58.29;57.07;58.08;928484
20150206;58.27;58.73;56.74;57.21;2024471
20150209;57;58.26;57;57.73;953891
20150210;57.88;58;56.44;57.19;1193263
20150211;56.93;57.25;56.55;57.1;979597
20150212;57.46;58.35;57.29;58.31;908925
20150213;58.68;59.89;58.68;59.31;1622687
20150217;59.1;59.96;58.49;59.58;1377817
20150218;60.85;64.41;60.63;61.5;5126852
20150219;60.85;62.98;60.51;62.57;2199725
20150220;62.44;62.95;61.79;62.55;2020522
20150223;62.19;62.68;61.86;62.23;1426682
20150224;62.16;62.79;61.86;62.57;1038064
20150225;62.84;63;62.56;62.86;1258039
20150226;62.66;62.84;62;62.6;1188940
20150227;62.6;62.97;62.06;62.13;1072817
20150302;62.02;62.27;61.12;62.1;1195964
20150303;61.84;62.18;61.52;61.77;952242
20150304;61.43;61.51;60.34;60.65;1447946
20150305;60.22;60.22;58.38;59.02;2743981
20150306;58.95;59.61;58.66;58.98;2559949
20150309;58.93;59.29;58.8;59.03;2051256
20150310;58.55;58.8;57.93;58.05;2062393
20150311;58.01;58.09;57.44;57.65;956589
20150312;57.79;58.26;57.7;58.09;714595
20150313;57.7;57.72;55.3;56.38;2879783
20150316;56.57;57.08;56.27;56.96;1258925
20150317;56.48;57.04;56.4;56.83;1001147
20150318;56.47;58.65;56.39;58.38;1471401
20150319;57.83;57.83;57.08;57.28;881896
20150320;57.58;58.02;57.31;57.6;1196517
20150323;57.65;58.04;57.35;57.37;1107473
20150324;57.42;57.61;57.21;57.36;1272354
20150325;57.53;57.83;57.23;57.28;1227493
20150326;57;57.2;56.14;56.75;1789685
20150327;56.74;57.16;56.26;57.01;1042446
20150330;57.28;57.84;57.07;57.44;1098495
20150331;57.06;57.2;56.28;56.49;952572
20150401;56.05;56.93;56.01;56.67;845429
20150402;56.55;57.4;56.42;56.58;959608
20150406;56.26;59.05;56.25;58.13;1824026
20150407;57.95;58.03;56.74;57.22;1667909
20150408;56.7;56.73;55.7;56.48;1599399
20150409;56.5;56.79;55.98;56.36;934312
20150410;56.43;56.44;55.48;55.78;1407574
20150413;55.68;56.28;55.56;55.65;898301
20150414;55.57;56.28;55.39;55.99;1112211
20150415;56.18;59.99;56.18;58.88;3597531
20150416;58.64;59.26;58.07;58.67;1671502
20150417;57.75;58.01;56.94;57.24;1428458
20150420;57.46;58.19;57.46;57.78;927954
20150421;57.37;57.69;56.34;56.95;1126348
20150422;56.97;57.23;56.34;57.15;915095
20150423;57.22;57.77;56.55;57.37;1140801
20150424;57.38;57.52;56.29;56.64;1225921
20150427;56.87;58.27;56.87;57.88;1605134
20150428;57.47;58.19;56.86;57.94;1537317
20150429;57.54;59.49;57.54;58.87;1847361
20150430;58.74;59;58.12;58.53;1667174
20150501;57.38;58.37;55.25;56.65;5004611
20150504;56.6;56.78;55.99;56.03;2100891
20150505;56.06;56.8;55.68;55.98;1464517
20150506;56.39;57.03;56.08;56.7;1688467
20150507;56.3;56.58;55.5;55.64;1640131
20150508;56.31;56.58;55.52;55.7;1756241
20150511;55.75;56.17;55.4;55.45;1164639
20150512;55.32;55.81;54.93;55.41;1283188
20150513;55.7;56.61;55.38;56.46;2228756
20150514;56.7;57.23;56.5;57.09;1495985
20150515;57.08;57.36;56.86;57.1;1370846
20150518;57;57.67;57;57.56;1462602
20150519;57.37;57.54;56.24;56.48;1231270
20150520;56.52;57.15;56.52;56.9;567311
20150521;57.08;58.01;57.08;57.64;864564
20150522;57.45;57.63;57.07;57.12;531906
20150526;56.52;56.58;55.39;55.53;1141410
20150527;55.44;55.91;54.96;55.65;878853
20150528;55.37;55.57;54.84;55.5;982909
20150529;55.5;55.86;54.99;55;934678
20150601;55.05;55.25;54.57;54.85;987871
20150602;54.75;55.91;54.75;55.42;621449
20150603;55.6;56.22;55.52;55.6;619493
20150604;55.1;55.18;54.4;54.54;811141
20150605;54.39;54.67;53.99;54.35;855555
20150608;54.13;54.34;53.9;53.95;908853
20150609;54.12;54.86;53.82;53.95;1167996
20150610;54.44;54.74;54.11;54.43;788973
20150611;54.47;54.6;54;54.44;618356
20150612;54.27;54.63;54.08;54.26;710722
20150615;53.65;53.66;52.94;53.3;1961732
20150616;53.14;53.48;53;53.37;898371
20150617;53.44;53.66;53;53.3;1120687
20150618;53.5;53.86;53.29;53.68;1360594
20150619;53.55;53.85;53.35;53.52;3081838
20150622;54.01;54.64;53.91;54.13;1010317
20150623;54;54.38;53.9;54.1;708512
20150624;53.76;54.29;53.49;53.68;1172154
20150625;53.6;53.8;52.48;52.64;1044392
20150626;52.48;52.88;52.31;52.38;2536662
20150629;51.88;51.96;51.14;51.19;1020473
20150630;52.5;53.39;51.78;52.66;2643212
20150701;53.01;53.01;51.91;52.07;1403009
20150702;52.31;52.83;52.15;52.43;790621
20150706;51.7;52.36;51.21;51.32;945224
20150707;51.3;51.48;50.5;51.19;1741798
20150708;50.74;50.85;49.6;50.12;2408695
20150709;50.82;51.3;50.27;50.32;1249300
20150710;50.78;50.92;49.24;49.25;1721394
20150713;49.61;50.21;49.18;50.15;1119668
20150714;50.04;50.55;49.97;50.43;705571
20150715;50.23;50.51;49.17;49.45;1346035
20150716;49.96;50.45;49.63;49.87;1085810
20150717;49.64;50.12;48.9;49.22;746594
20150720;49.16;49.78;49.13;49.46;1011746
20150721;49.2;49.3;48.08;48.21;1104546
20150722;48.02;48.44;47.89;47.95;930279
20150723;47.96;48.04;47.39;47.54;1238863
20150724;47.49;47.53;46.73;46.95;1368513
20150727;46.16;46.23;45.68;46.09;2000981
20150728;46.18;46.57;45.9;45.99;1884499
20150729;46.02;47.12;45.76;46.92;2142717
20150730;46.6;47.09;46.36;47.05;1563613
20150731;47.53;49.65;46.93;46.99;2324229
20150803;46.86;46.91;45.49;45.6;1280538
20150804;45.73;46.34;45.72;45.93;1336458
20150805;46.37;46.99;46.12;46.54;1270030
20150806;46.33;46.98;46.13;46.77;1039307
20150807;46.71;47.41;46.64;46.94;1391544
20150810;47.3;48.86;47.26;48.69;1385698
20150811;47.93;48.29;47.11;47.48;1146929
20150812;47.18;48.24;46.91;48.22;1154892
20150813;47.96;48.22;47.35;47.46;1217260
20150814;47.5;47.96;47.37;47.72;725196
20150817;47.52;47.96;46.81;47.64;1165622
20150818;47.52;47.57;46.98;47.25;875037
20150819;47;47.35;46.27;46.84;1488074
20150820;46.55;47.01;45.86;45.86;1090764
20150821;45.61;46.09;44.94;44.96;1819089
20150824;44.07;44.96;40.87;43.53;2668638
20150825;44.76;45.41;42.59;42.61;2286067
20150826;43.98;43.98;42.26;43.12;1986925
20150827;43.65;44.9;43.5;44.25;2108586
20150828;44.07;45.03;44.07;44.94;1459538
20150831;44.76;45.53;44.13;45.13;1384175
20150901;45.6;45.6;42.58;42.75;1809948
20150902;43.23;43.38;42.25;43.16;1567804
20150903;42.9;43.75;42.67;43.36;1049997
20150904;42.52;42.96;42.18;42.51;968249
20150908;43.28;43.62;43.02;43.49;1363805
20150909;43.81;44.11;42.83;42.89;742036
20150910;42.76;43.16;42.31;42.76;1009424
20150911;42.66;42.91;42.37;42.7;735483
20150914;42.54;42.58;42.08;42.21;785067
20150915;42.34;43.36;42.27;43.26;838623
20150916;43.47;44.52;43.4;44.37;965845
20150917;44.36;44.36;43.06;43.15;1056857
20150918;42.32;42.59;41.6;41.81;1969087
20150921;41.85;41.99;41.15;41.37;1583503
20150922;40.8;41.5;40.48;41.41;1964673
20150923;41.23;41.58;40.7;40.82;2112525
20150924;40.09;40.57;39.47;40.35;1470423
20150925;40.6;40.79;40.13;40.78;1224392
20150928;40.3;40.3;39.49;39.85;2845532
20150929;39.88;40.28;39.75;40.19;1237189
20150930;40.5;41.2;40.23;41.14;1502715
20151001;41.17;41.67;40.2;40.42;1681946
20151002;39.97;41.52;39.72;41.52;1083982
20151005;41.91;44.66;41.76;44.08;2310830
20151006;44.1;44.69;43.83;44.58;2060069
20151007;45.01;47.29;44.75;45.76;2649934
20151008;45.71;48.29;45.45;48.02;2421829
20151009;47.92;48.32;46.4;46.62;2108522
20151012;46.62;46.77;44.98;45.41;1589808
20151013;44.91;45.51;44.76;44.89;1426568
20151014;43.85;44.45;43.55;43.77;1897519
20151015;43.57;43.79;42.29;43;2101313
20151016;43;43.29;41.42;41.82;2312689
20151019;41.57;41.85;41.1;41.65;3914859
20151020;41.45;42.85;40.72;42.01;3037431
20151021;42.11;42.41;41.52;41.7;2476919
20151022;41.84;43.18;41.78;42.98;2808722
20151023;43.24;43.92;43.14;43.77;2020716
20151026;43.8;44.24;43.24;43.48;1468279
20151027;42.91;43.45;42.24;42.97;1763110
20151028;42.92;44.73;42.76;44.7;2618207
20151029;44.37;45.34;44.29;45;2371982
20151030;45.82;47.27;45.5;46.36;2763056
20151102;46.07;47.09;45.95;46.71;1413594
20151103;46.68;48.26;46.25;48.04;1845545
20151104;48.02;48.64;47.81;47.91;1422879
20151105;47.62;48.26;47.09;47.58;1163215
20151106;47.23;47.69;46.43;47.42;1275934
20151109;47.26;47.49;46.04;46.43;1175451
20151110;46.15;46.75;45.94;46.75;868827
20151111;46.82;47.07;46.3;46.46;553861
20151112;45.98;46.29;44.97;44.98;1254061
20151113;44.92;45.56;44.58;44.81;989288
20151116;44.76;45.54;44.68;45.48;778716
20151117;45.58;45.74;44.46;44.71;1161495
20151118;45.18;45.68;44.86;45.64;1064411
20151119;45.53;45.89;45.35;45.84;670973
20151120;46.01;46.31;45.63;45.74;717094
20151123;45.85;46.29;45.59;45.76;573943
20151124;45.63;46.8;45.48;46.63;796436
20151125;46.57;46.89;46.33;46.34;773314
20151127;46.31;46.42;45.96;46.17;385168
20151130;46.16;46.74;46.01;46.24;1067297
20151201;46.35;46.98;45.98;46.41;721472
20151202;46.33;46.47;45.18;45.39;717473
20151203;45.52;45.66;44.53;44.95;722276
20151204;44.92;45.2;44.46;44.95;636901
20151207;44.46;44.46;43.44;43.6;1113721
20151208;42.67;42.92;41.9;42.07;1635487
20151209;41.9;42.82;41.74;42.1;1005001
20151210;42.08;42.52;41.86;42.13;759230
20151211;41.49;41.65;41.17;41.24;840273
20151214;41.23;41.44;40.69;41.4;1057300
20151215;41.84;41.84;40.85;41.07;1131119
20151216;41.13;41.91;40.87;41.86;1548746
20151217;41.78;41.9;40.79;40.8;1227763
20151218;40.54;41;40.31;40.66;2501260
20151221;40.76;41.16;40.1;40.4;1289912
20151222;40.35;40.96;40.1;40.64;1153758
20151223;41.18;42.72;41.18;42.49;1196664
20151224;42.47;43.06;42.47;42.89;533779
20151228;42.45;42.67;41.99;42.15;696731
20151229;42.7;43.05;42.25;42.87;977286
20151230;42.54;43.09;42.37;42.56;773732
20151231;42.41;42.83;42.06;42.08;571197
20160104;41.4;42.03;40.9;42.01;948749
20160105;42.03;42.07;40.75;41.12;982564
20160106;40.3;40.73;39.98;40.28;2249289
20160107;39.65;39.73;39.02;39.28;1990489
20160108;38.97;39.48;37.98;38.03;1515320
20160111;38.12;38.23;37.28;37.82;1326687
20160112;38.27;38.4;37.23;38.02;1273112
20160113;38.25;38.78;37.36;37.4;1622480
20160114;37.59;37.75;36.73;37.18;2387104
20160115;36.05;36.23;35.67;36.01;2522973
20160119;36.06;37.21;34.9;35.4;1352176
20160120;34.61;35.73;33.86;35.53;2561304
20160121;35.39;36.34;34.9;35.83;1798492
20160122;36.75;37.54;36.47;37.02;1818311
20160125;36.8;37;35.87;35.92;1087825
20160126;36.63;37.49;36.18;37.36;1232161
20160127;37.31;38.05;36.8;37.02;1211903
20160128;37.78;38.88;36.93;37.52;1105315
20160129;37.74;38.7;37.64;38.64;1092256
20160201;38.05;38.53;37.11;38.37;1079796
20160202;35.25;37.32;35.25;37.05;2892250
20160203;37.48;38.51;36.85;38.43;1582342
20160204;38.49;41.15;37.75;40.31;2438584
20160205;40.1;41.01;39.83;40.72;1278823
20160208;40.13;40.82;39.73;40.39;1131717
20160209;39.61;40.41;39.34;39.59;1212473
20160210;39.44;40.2;38.87;39.22;917942
20160211;38.4;40.07;38.04;39.81;1591621
20160212;40.36;41.55;40.11;40.82;1105457
20160216;41.38;41.96;40.52;41.93;1364284
20160217;42.2;43.42;42.07;43.19;1574362
20160218;43.22;43.35;42.63;43.15;1238406
20160219;42.24;42.24;40.52;41.39;2349466
20160222;41.68;43.3;41.51;43.3;1626306
20160223;43.02;43.6;42.21;42.22;1001305
20160224;41.5;41.98;40.67;41.91;1353918
20160225;42.12;42.36;41.24;41.61;1717367
20160226;42.19;42.84;41.63;42.29;1364669
20160229;42.24;42.7;42;42.02;1436679
20160301;42.63;43.1;41.91;42.83;1064547
20160302;42.7;43.16;42.47;43.12;1525098
20160303;43.06;43.68;42.91;43.51;1105759
20160304;43.73;44.66;43.33;44.13;767832
20160307;44.08;45.64;43.83;45.62;1206153
20160308;45.1;45.13;43.99;44.02;1582010
20160309;44.36;44.36;43.75;43.95;506839
20160310;43.97;43.99;43.13;43.9;1001137
20160311;44.47;45.23;44.35;45.18;887127
20160314;44.79;45.54;44.56;45.18;1345981
20160315;44.64;44.64;43.52;43.91;800764
20160316;43.91;44.94;43.62;44.61;1948282
20160317;44.78;46.2;44.78;45.98;2013620
20160318;46.29;47.11;46.21;46.81;1581763
20160321;46.58;47.32;46.58;47.21;911472
20160322;46.69;47.22;46.37;46.68;812109
20160323;46.38;46.47;44.45;44.46;1465858
20160324;43.96;44.14;43.33;44.14;1953172
20160328;44.18;44.23;43.45;43.91;765224
20160329;43.6;44.19;43.01;44.13;962280
20160330;44.54;44.66;43.69;44.04;1459441
20160331;44.08;44.44;43.55;44.41;1451151
20160401;43.92;44.08;42.89;43.91;1330240
20160404;43.49;43.61;42.38;42.56;1828516
20160405;42.05;42.27;41.7;42.1;1431122
20160406;42.28;42.41;41.52;42.3;1676451
20160407;42.07;42.42;41.97;42.12;1240338
20160408;42.61;43.41;42.08;42.21;934782
20160411;42.39;42.89;42.13;42.3;876311
20160412;42.49;43.63;42.36;43.3;1219712
20160413;43.73;44.47;43.38;44.45;833275
20160414;44.38;44.85;44.17;44.4;640014
20160415;44.23;44.46;44.06;44.28;585787
20160418;43.65;44.49;43.56;44.44;678555
20160419;44.86;46.22;44.81;46.02;1343823
20160420;46.19;47.03;45.95;46.84;1413134
20160421;46.85;47;46.51;46.61;1452320
20160422;46.67;47.1;46.53;47;1080753
20160425;46.85;47.14;46.04;46.15;835163
20160426;46.52;46.97;46.03;46.89;1489865
20160427;47.06;47.93;46.69;47.84;1289002
20160428;47.51;48.01;46.79;46.87;1811493
20160429;47.42;49.52;47.13;48.81;2665715
20160502;48.89;49.22;47.98;48.96;1259063
20160503;48.53;48.56;47.34;48.02;1325217
20160504;47.9;48.12;46.2;46.36;1451731
20160505;46.63;46.96;45.78;45.84;1469027
20160506;45.76;46.39;45.48;46.26;1167650
20160509;45.81;46.02;45.02;45.26;1011483
20160510;45.53;46.39;45.33;46.32;829081
20160511;46.37;46.93;46.18;46.52;1043066
20160512;46.85;47.22;45.8;45.98;1460740
20160513;45.89;46.3;45.12;45.38;1007112
20160516;45.78;46.33;45.65;45.77;989076
20160517;45.71;46.33;45.56;45.89;910198
20160518;45.6;46.1;45.29;45.58;1204438
20160519;45.47;45.53;44.53;44.91;668762
20160520;45.34;45.87;45.31;45.82;859758
20160523;45.67;46.06;45.48;45.91;584977
20160524;46.21;46.96;46.06;46.8;887912
20160525;47.07;48.67;46.86;48.54;1696512
20160526;48.69;49;48.36;48.42;1038125
20160527;48.42;48.53;47.82;48.14;706071
20160531;48.18;48.64;47.76;48.13;973086
20160601;47.73;48.25;47.31;48.16;806639
20160602;47.95;48.98;47.93;48.98;946836
20160603;49;49.22;48.42;49.16;858957
20160606;49.48;51.25;49.25;51.07;1704239
20160607;51.09;52.07;50.98;51.77;1479811
20160608;52.14;52.5;51.83;52.32;1242071
20160609;51.82;52.29;51.61;52.27;809124
20160610;51.61;51.61;50.65;50.83;758397
20160613;50.57;50.8;49.93;49.95;922319
20160614;49.82;50.49;49.51;50.21;1114307
20160615;50.36;50.62;49.84;49.92;1027833
20160616;49.51;49.63;48.44;49.41;960413
20160617;49.68;50.43;49.33;50;952767
20160620;50.79;50.96;50.39;50.42;1322831
20160621;50.31;50.39;49.57;49.77;1010880
20160622;50.02;50.13;49.49;49.51;1279681
20160623;50.41;50.66;50.11;50.28;1915490
20160624;47.97;48.33;45.32;45.5;2989712
20160627;44.61;44.88;42.85;43;2250522
20160628;43.77;44.13;42.86;43.52;2102860
20160629;44.15;44.66;43.79;44.39;1731373
20160630;44.5;45.17;44.07;45.17;1381732
20160701;45.09;45.79;45.04;45.45;1329828
20160705;45.02;45.03;43.92;44.17;1445451
20160706;43.89;44.9;43.54;44.87;1833423
20160707;45.12;45.8;44.75;44.95;1324253
20160708;45.57;45.96;45.44;45.79;2985534
20160711;46.08;46.52;45.85;46.17;1301999
20160712;46.79;47.93;46.78;47.82;1960594
20160713;47.85;48.13;47.41;47.71;2258586
20160714;48.34;48.76;48.23;48.6;4037857
20160715;48.66;48.91;48.51;48.56;1287445
20160718;48.39;48.59;48.11;48.31;1271170
20160719;47.99;48.07;47.39;47.49;922662
20160720;47.46;48.21;46.78;47.93;1498650
20160721;47.76;48.44;47.35;47.47;1467214
20160722;47.4;47.73;46.98;47.68;864759
20160725;47.24;47.47;46.8;47.36;833601
20160726;47.31;48.67;47.31;48.6;915978
20160727;48.69;49.48;48.69;49.45;1747701
20160728;49.3;49.61;48.88;49.4;1820948
20160729;49.13;49.15;47.18;47.85;2693335
20160801;47.58;47.65;45.67;45.96;1951581
20160802;45.92;45.99;45.27;45.63;2114460
20160803;45.49;46.76;45.44;46.39;1265487
20160804;46.33;47.04;46.33;46.58;940088
20160805;46.67;46.99;46.43;46.89;709717
20160808;47.17;47.67;47.13;47.48;1073319
20160809;47.41;47.75;46.9;47.15;749814
20160810;47.3;47.42;46.71;46.95;690918
20160811;47.26;48.18;47.02;47.82;985944
20160812;47.73;47.74;47.25;47.49;567900
20160815;47.67;48.38;47.67;48.27;611824
20160816;48.09;48.42;47.81;48.35;974057
20160817;48.45;48.65;48.11;48.6;1008585
20160818;48.68;48.85;48.44;48.85;548659
20160819;48.64;49.64;48.63;49.26;1354075
20160822;48.96;49.03;48.44;48.9;639404
20160823;49.17;49.55;49;49.24;692233
20160824;48.86;49.26;48.57;48.69;490688
20160825;48.56;48.77;48.31;48.65;636161
20160826;48.79;49.42;48.61;49.13;858608
20160829;49.03;49.66;48.67;49.42;532366
20160830;49.41;49.66;48.93;49.03;450908
20160831;48.8;48.84;47.88;48.37;689233
20160901;48.31;48.53;47.43;48.07;588883
20160902;48.5;48.96;48.27;48.77;412948
20160906;48.82;49;47.97;48.09;523824
20160907;47.92;48.02;47.67;47.98;514088
20160908;47.91;48.27;47.5;48.08;574382
20160909;47.4;47.91;46.24;46.24;1116879
20160912;45.61;47.37;45.61;47.2;726514
20160913;46.42;46.94;45.89;46.08;497310
20160914;45.98;46.34;45.81;46.08;549716
20160915;46.11;46.93;45.97;46.77;501016
20160916;46.3;46.74;45.88;46.66;1047190
20160919;47;47.54;46.97;47.27;782172
20160920;47.29;47.6;46.43;46.44;688214
20160921;46.69;47.19;46.5;47.12;756301
20160922;47.74;48.27;47.69;48.17;440163
20160923;47.8;47.87;46.16;46.18;1308226
20160926;46.17;46.17;45.41;45.45;1158648
20160927;45;45.88;44.73;45.82;1371131
20160928;45.84;47.26;45.75;47.2;1023026
20160929;47.17;47.92;46.98;47.33;1841815
20160930;47.64;48.49;47.59;48.24;1667957
20161003;47.96;48.57;47.67;48.19;909157
20161004;48.75;48.75;47.5;47.72;746731
20161005;48.2;48.81;48.1;48.24;1466314
20161006;48.15;48.15;47.43;47.88;857857
20161007;47.78;47.78;46.42;46.75;725959
20161010;47;47;46.1;46.3;942077
20161011;46.2;46.2;44.8;45;1137374
20161012;44.86;45.12;44.54;44.57;946614
20161013;43.99;44.01;43.36;43.69;1958075
20161014;44.05;44.22;43.02;43.39;1837612
20161017;43.48;43.56;43.07;43.11;1207508
20161018;42.98;43.29;42.41;42.93;1953319
20161019;43.19;45.04;42.97;44.45;2442316
20161020;44.08;44.79;43.42;43.73;1359258
20161021;43.1;43.88;42.66;43.6;1013225
20161024;43.83;44.12;43.29;43.47;839726
20161025;43.46;43.47;42.86;43.19;1293988
20161026;42.91;44.22;42.9;43.76;1167896
20161027;44.1;44.13;43.31;43.51;1662555
20161028;39.37;42.98;39.13;42.21;3464426
20161031;42.43;43.05;42.17;42.35;1613316
20161101;42.61;42.61;41.53;42.11;1667819
20161102;41.84;41.98;41.39;41.59;1732112
20161103;41.76;41.96;41.35;41.68;926670
20161104;41.63;41.92;41.03;41.35;1435736
20161107;42.24;42.58;41.65;42.04;1211883
20161108;41.9;42.29;41.53;41.86;1486738
20161109;41.63;44.55;41.63;44.19;1725041
20161110;44.6;46.04;44.59;45.94;1827779
20161111;45.86;46.63;45.28;45.83;1595585
20161114;46.14;47;45.23;45.67;1584938
20161115;45.66;45.8;45.02;45.62;1288672
20161116;45.37;45.82;45.04;45.64;1258146
20161117;45.85;47.02;45.55;45.74;943763
20161118;45.67;46.09;45.61;45.98;1314189
20161121;46.37;47.04;46.35;46.6;859229
20161122;46.73;46.95;46.48;46.78;844610
20161123;46.61;47.14;46.52;46.84;1326871
20161125;46.79;46.89;46.51;46.89;397807
20161128;46.74;46.85;46.37;46.48;1079321
20161129;46.05;46.05;44.89;45.04;1031145
20161130;45.86;48.07;45.76;47.45;1736633
20161201;48.13;50.77;47.81;49.85;3446256
20161202;49.89;49.93;49;49.42;1811339
20161205;50;50;48.8;49;1362123
20161206;48.58;49.78;48.42;49.75;2116990
20161207;49.7;51.26;49.7;51.06;1819104
20161208;51.28;51.46;50.53;51.03;875553
20161209;51.12;51.73;50.95;51.72;819309
20161212;51.15;52.08;50.92;51.03;1907213
20161213;51.45;51.55;50.24;50.56;1370528
20161214;50.43;51.15;49.07;49.24;1353312
20161215;49.08;49.47;48.6;48.97;1677191
20161216;49.04;49.3;48.12;48.2;1745013
20161219;48.22;48.55;47.64;48.49;656160
20161220;48.73;49.21;48.39;49.07;739648
20161221;49.15;49.68;48.74;49.38;1186253
20161222;49.37;49.49;49.07;49.16;822805
20161223;49.11;49.31;48.78;48.82;431655
20161227;48.99;49.6;48.92;49.44;974287
20161228;49.41;49.82;48.49;48.51;757578
20161229;48.42;48.68;47.81;48.05;464380
20161230;48.27;48.38;47.8;48.05;497395
20170103;48.61;49.47;48.41;49.01;990447
20170104;49.25;49.63;49.08;49.56;593427
20170105;49.38;50;48.47;48.65;1176141
20170106;48.88;49.15;48.26;48.86;972695
20170109;48.4;48.89;48.1;48.51;741454
20170110;48.72;49.15;48.3;49.01;510875
20170111;49.17;49.71;48.8;49.63;870008
20170112;49.65;49.65;48.31;49.31;1256976
20170113;49.31;50.22;49.31;49.76;684590
20170117;49.69;50.06;49.15;49.53;1108784
20170118;49.49;49.97;49.19;49.86;638625
20170119;50.04;50.69;49.71;50.33;875270
20170120;50.67;51.08;50.09;50.26;1284384
20170123;50.59;50.71;49.52;50;875062
20170124;50.37;51.16;50.15;50.95;1359938
20170125;51.1;51.89;50.95;51.85;1469709
20170126;51.81;52.1;51.22;51.54;1447852
20170127;51.44;51.67;51.23;51.44;1159255
20170130;51.38;51.38;49.93;50.48;1238093
20170131;50.23;50.31;48.83;49.16;1748244
20170201;49.29;49.86;48.81;49.27;1102284
20170202;48.95;49.1;47.96;48.19;2063141
20170203;48.33;48.86;48.22;48.65;1739958
20170206;48.37;48.9;47.98;48.36;949923
20170207;48.62;49.65;48.5;49.59;1881242
20170208;49.32;51.17;49.02;50.63;2829582
20170209;50.87;51.25;50.56;50.68;1463427
20170210;50.95;51.2;50.68;50.96;2306189
20170213;51.2;51.82;51.2;51.5;1410619
20170214;51.2;51.52;50.79;50.93;1719615
20170215;50.79;51.25;50.63;51.2;2007684
20170216;51.35;51.58;50.53;50.81;2255261
20170217;48.5;50.03;48.18;48.37;5094007
20170221;48.2;49.21;48.15;48.38;2124087
20170222;48.11;48.75;47.92;48.65;1984845
20170223;48.89;49.07;46.72;46.78;2350478
20170224;46.35;47.73;46;47.72;2410724
20170227;47.66;48.02;47.27;47.94;1061306
20170228;47.78;47.97;46.32;46.45;1587255
20170301;47.2;48.38;47.2;48.09;1465513
20170302;47.95;48.16;46.93;47.03;1682781
20170303;47.09;47.28;46.37;46.52;1005374
20170306;46.04;46.43;45.94;46.15;1071475
20170307;46.22;46.49;45.88;46;1186712
20170308;46.07;46.37;45.8;45.97;2223072
20170309;45.85;45.94;44.78;45.22;2575691
20170310;45.53;46.13;45.5;46;1398550
20170313;46.05;46.63;45.88;46.22;1020937
20170314;45.76;45.92;44.71;45.49;1811658
20170315;46.31;47.51;45.95;47.18;1726153
20170316;47.28;47.52;46.49;46.92;1103081
20170317;47.04;47.13;46.51;46.99;1332756
20170320;46.98;47.01;46.49;46.78;873405
20170321;46.98;47.16;45.7;45.81;1225421
20170322;45.39;46.18;45.36;45.95;1633805
20170323;45.91;46.36;45.77;46.08;879482
20170324;46.21;46.54;45.42;45.65;1011250
20170327;45.65;47.15;44.88;46.97;1807711
20170328;46.88;47.52;46.76;47.18;1332586
20170329;47.04;47.64;46.99;47.4;812310
20170330;47.41;48.37;47.26;48;1632270
20170331;47.75;48.6;47.71;48.42;1395316
20170403;48.42;48.7;47.48;48.15;1622578
20170404;48.18;48.22;47.68;47.83;1488014
20170405;48.27;49.11;47.66;47.69;1109305
20170406;47.82;49.03;47.66;48.79;1470640
20170407;48.63;49.08;48.29;48.64;1014839
20170410;48.84;49.42;48.5;49.2;1036421
20170411;49.2;49.28;48.58;49.16;946074
20170412;48.54;48.74;47.59;47.72;1373961
20170413;47.63;47.88;46.91;47;962805
20170417;47.33;47.96;47.02;47.94;1164784
20170418;47.47;47.88;47.36;47.7;1010946
20170419;48.36;49.28;47.93;48.08;1534354
20170420;48.5;49.43;48.47;49.17;940203
20170421;49.32;49.35;48.55;48.66;1086683
20170424;49.5;49.85;49.02;49.35;834393
20170425;49.84;50.77;49.84;50.6;1326658
20170426;50.53;51.62;50.53;51.14;1618281
20170427;51.09;51.43;50.7;50.78;993188
20170428;50.69;51.34;50.51;50.87;2218110
20170501;51.06;51.06;49.5;49.65;2275915
20170502;49.92;51.92;49.57;49.97;3474987
20170503;49.91;50.47;49.43;50.22;1381042
20170504;50.21;50.51;48.33;48.63;2315560
20170505;48.8;50.01;48.61;49.98;1217789
20170508;49.89;50.09;49.28;49.62;996470
20170509;49.67;50.06;48.97;49.14;967146
20170510;49.15;49.77;48.96;49.76;964353
20170511;49.62;49.8;48.76;49.17;583984
20170512;49;49.15;48.8;49.05;750832
20170515;49.55;49.99;49.39;49.68;1443266
20170516;50;50.14;49.05;49.58;888390
20170517;48.93;49.08;48.3;48.34;1106685
20170518;48.23;48.83;47.54;48.56;1100544
20170519;48.94;49.78;48.32;49.11;1674408
20170522;50.43;50.43;49;49.11;1048311
20170523;49.23;49.48;48.74;49.47;724090
20170524;49.42;49.77;48.89;49;1171839
20170525;49.12;49.25;47.84;47.89;1626976
20170526;47.86;48.21;47.51;48.1;1219659
20170530;47.86;48.55;47.48;48.3;747233
20170531;48.26;48.52;47.73;48.5;1137017
20170601;48.75;49.53;48.34;49.3;1198594
20170602;49.27;49.33;48.44;48.59;1470687
20170605;48.4;48.82;48.29;48.56;898606
20170606;48.28;48.28;47.31;47.55;1549464
20170607;47.6;47.87;45.92;46.28;1308621
20170608;46.28;46.89;45.86;46.68;1476783
20170609;46.75;47.43;46.6;47.3;1737679
20170612;47.52;49.15;47.5;48.66;1481738
20170613;48.64;48.93;48.29;48.71;708603
20170614;48.75;48.75;47.06;47.47;1189146
20170615;47.05;47.91;47.05;47.45;719245
20170616;47.55;48.05;47.3;47.45;1277805
20170619;47.7;47.95;47.12;47.53;880460
20170620;46.98;47.16;45.67;46;1217295
20170621;45.84;45.88;43.94;44.04;1316598
20170622;44.13;44.46;43.6;44.25;2369219
20170623;44.26;44.89;44.26;44.47;2732838
20170626;44.87;45.77;44.77;45.5;1508731
20170627;45.53;45.8;45.17;45.31;1129110
20170628;45.67;46.04;45.45;45.64;793075
20170629;45.72;46.1;45.22;45.71;918936
20170630;46.06;46.74;45.8;46.43;1014059
20170703;46.85;47.34;46.56;46.94;393675
20170705;46.91;47.11;46.22;46.72;1419012
20170706;46.76;47.45;46.18;46.32;1889378
20170707;46.33;47.01;46.03;46.31;1231445
20170710;46.21;46.97;46.03;46.38;1010292
20170711;45.75;45.91;45.15;45.76;1129501
20170712;46.25;46.64;45.94;46.26;820461
20170713;46.23;46.29;45.36;45.78;1393996
20170714;45.95;46.5;45.89;46.17;1191995
20170717;46.36;46.65;45.87;45.9;1211834
20170718;45.81;46.32;45.71;46.12;923021
20170719;46.15;46.56;46.03;46.54;774393
20170720;46.65;46.87;46.16;46.59;899897
20170721;46.34;46.36;45.86;46.23;477537
20170724;46.23;46.36;45.82;46.24;857010
20170725;46.76;47.59;46.55;47.25;1186680
20170726;47.37;47.49;46.53;46.64;1245971
20170727;46.57;46.68;45.71;46.36;1527376
20170728;41.05;42.11;40.24;41.3;6850399
20170731;41.31;42.14;40.96;41.13;3100207
20170801;41.13;41.65;41.09;41.59;2356564
20170802;41.37;42.06;41.24;41.92;1584570
20170803;41.82;41.93;41.04;41.22;2030200
20170804;41.31;41.54;40.91;41.19;1200847
20170807;41.11;41.17;40.39;40.55;2043026
20170808;40.43;40.68;39.8;39.84;1260499
20170809;39.69;39.84;38.95;39.12;1432706
20170810;38.88;39.15;38.43;38.64;2066276
20170811;38.27;38.91;38.27;38.83;1045100
20170814;39.23;39.53;38.98;39.48;1421186
20170815;39.71;39.97;39.29;39.44;2261361
20170816;39.57;40;39.37;39.42;1149344
20170817;39.19;39.36;38.38;38.39;806524
20170818;38.29;38.54;38.11;38.12;1382578
20170821;38.06;38.06;37.51;37.58;956218
20170822;37.78;38.79;37.74;38.73;1409337
20170823;38.47;38.83;38.42;38.54;994170
20170824;38.6;38.73;37.91;38.03;740502
20170825;38.45;38.75;38.12;38.41;902389
20170828;38.44;38.7;37.87;38.4;936376
20170829;38.05;38.72;38.02;38.66;822440
20170830;38.62;38.99;38.18;38.97;820396
20170831;39.19;39.4;38.74;39.28;946852
20170901;39.4;39.9;39.29;39.54;1292737
20170905;39.64;39.82;39.3;39.55;2165190
20170906;39.88;40.34;39.7;39.96;2035159
20170907;40.02;40.02;39.37;39.91;1113471
20170908;39.84;39.95;38.99;39.48;1542358
20170911;39.82;40.48;39.71;40.22;1061466
20170912;40.39;40.82;40.28;40.45;1128656
20170913;40.45;40.97;40.37;40.91;1476358
20170914;40.89;41.44;40.7;41.36;909145
20170915;41.29;41.48;40.9;41.39;1349033
20170918;41.53;41.76;41.3;41.4;961804
20170919;41.44;42.04;41.3;41.97;891680
20170920;42.09;42.68;41.98;42.57;1387238
20170921;42.38;42.48;42.02;42.19;684193
20170922;42.08;42.67;41.71;42.63;962585
20170925;42.45;43.1;42.45;43.03;1449964
20170926;43.1;43.52;42.87;43.37;1135589
20170927;43.55;43.65;42.62;43.25;1213479
20170928;43.16;43.43;42.21;42.5;1402924
20170929;42.53;42.77;42.18;42.59;1026802
20171002;42.52;42.63;41.78;42.08;2009426
20171003;42.12;42.69;41.92;42.68;1548955
20171004;42.8;43.59;42.74;43.06;1855560
20171005;43.09;43.42;42.94;43.21;1547209
20171006;43.06;43.34;42.97;43.32;1324037
20171009;43.25;43.32;43.05;43.21;838510
20171010;43.41;43.63;43.3;43.54;990442
20171011;43.51;43.73;43.08;43.72;848340
20171012;43.45;44.15;43.42;44.07;1774291
20171013;44.49;44.69;44.26;44.38;1061744
20171016;44.65;44.79;44.33;44.64;1510527
20171017;44.51;44.74;44.37;44.58;923748
20171018;44.56;44.83;44.43;44.62;1170213
20171019;44.31;44.82;44.17;44.49;743010
20171020;44.69;45.38;44.69;45.38;991158
20171023;45.38;45.38;44.53;44.61;1063118
20171024;44.95;45.16;44.55;44.84;1115403
20171025;44.69;44.8;43.95;44.43;1096806
20171026;44.77;44.92;44.47;44.74;868589
20171027;44.69;44.74;44.03;44.26;1195192
20171030;44.11;44.39;43.88;43.88;986802
20171031;43.97;44.23;43.8;44.07;2340494
20171101;44.44;44.83;43.89;43.99;2270987
20171102;43.42;43.42;37.92;39.14;7255289
20171103;38.54;39.76;37.71;39.25;4762868
20171106;39.02;40.23;38.9;40.01;2318999
20171107;40.08;40.17;39.03;39.54;1580397
20171108;39.42;39.42;38.8;38.91;1709023
20171109;38.51;39.17;38.38;39;1143417
20171110;38.66;39.16;38.52;39.13;1200587
20171113;38.86;39.53;38.55;39.37;1584876
20171114;39.09;39.3;38.6;39.08;1769006
20171115;38.77;38.97;38.46;38.63;2332642
20171116;38.78;39.22;38.66;39.08;1478557
20171117;39.02;39.67;38.76;39.21;936492
20171120;39.18;39.19;38.8;38.94;1550473
20171121;39.1;39.23;38.99;38.99;1288469
20171122;39.02;39.87;39.02;39.49;1231662
20171124;39.55;39.66;39.06;39.07;316872
20171127;39.04;39.94;39.04;39.88;892501
20171128;39.92;41.17;39.89;41.12;1692449
20171129;41.09;41.59;41.01;41.51;1576313
20171130;41.75;42.85;41.75;42.58;1531968
20171201;42.65;42.82;41.54;42.39;1582913
20171204;42.94;43.87;42.79;42.83;2296039
20171205;42.97;42.97;42;42.04;1067784
20171206;41.92;42.49;41.75;41.81;875942
20171207;41.82;43.06;41.63;42.65;986320
20171208;42.13;42.74;41.81;42.13;1240477
20171211;41.6;42.42;41.4;41.59;1981234
20171212;41.71;41.93;41.23;41.25;987360
20171213;41.21;41.35;40.83;41.02;1111005
20171214;41.11;41.23;40.19;40.2;951059
20171215;40.55;41.65;40.44;41.15;1848168
20171218;41.5;41.93;41.28;41.31;1109075
20171219;41.37;41.45;40.95;41.17;1243071
20171220;41.48;41.57;40.89;41.13;1407982
20171221;41.29;41.8;40.98;41.59;827404
20171222;41.65;41.72;41.34;41.39;516747
20171226;41.51;42.05;41.26;41.77;474777
20171227;41.77;41.87;41.47;41.8;459029
20171228;41.98;42.1;41.54;41.96;491634
20171229;42;42.46;41.84;42.13;678911
20180102;42.45;42.79;42.14;42.5;705061
20180103;42.44;42.66;42.14;42.37;719168
20180104;42.35;43.61;42.35;43.42;1200400
20180105;43.69;43.7;43.15;43.4;911096
20180108;43.47;43.88;43.35;43.72;927504
20180109;43.74;43.78;43.14;43.3;884801
20180110;43.23;43.23;42.22;42.47;1111705
20180111;42.71;43.87;42.6;43.47;1194874
20180112;43.56;44.01;43.36;44;1427821
20180116;44.55;45.35;44.2;45.05;1764536
20180117;45.29;45.39;43.22;43.38;1679852
20180118;43.3;44.55;43.2;44.33;1649446
20180119;44.45;44.54;43.58;43.71;1489153
20180122;43.63;43.84;43.32;43.77;1091674
20180123;43.63;44.11;42.89;44.07;2493455
20180124;44.32;45.57;44.32;45.34;1974451
20180125;45.62;45.79;44.58;45.03;1511816
20180126;45.09;45.58;45.03;45.58;846184
20180129;45.36;45.66;45.12;45.37;1012037
20180130;44.9;45.39;44.53;45.21;1145523
20180131;45.6;46.16;44.97;45.32;1025512
20180201;45;45.78;44.94;45.59;1132185
20180202;45.2;45.26;44.34;44.57;1222674
20180205;44.26;44.84;42.08;42.11;1423316
20180206;41.13;42.84;40.8;41.83;2546699
20180207;41.86;42.42;41.53;41.55;1821225
20180208;41.49;41.81;40.63;40.82;1868500
20180209;41.25;41.71;38.79;40.36;2582758
20180212;40.59;41.77;40.43;41.42;1415045
20180213;41.09;41.34;40.22;41.09;1200601
20180214;40.83;42.41;40.55;42.19;1416088
20180215;42.39;43.15;41.91;42.87;2118775
20180216;42.33;44.95;40.41;44.05;4359112
20180220;44;46.1;43.4;43.7;2314339
20180221;43.45;44.9;43.45;43.78;2060127
20180222;43.82;44.7;43.5;43.58;1187209
20180223;43.89;44.31;43.44;44.26;799168
20180226;44.53;45.43;44.27;44.92;2050517
20180227;44.96;45.21;43.96;43.97;1241565
20180228;44.09;44.18;42.33;42.35;1419864
20180301;42.39;42.49;41.1;41.2;1684442
20180302;41;42.51;40.73;42.29;1843208
20180305;42.28;43.62;42.18;43.44;1998695
20180306;43.55;44.34;43.55;44.13;1544488
20180307;43.56;44.52;43.56;44.37;1557777
20180308;44.4;44.63;43.93;44.5;1248889
20180309;44.92;45.77;44.58;45.58;1444208
20180312;45.67;46.15;45.03;45.16;1057635
20180313;45.14;45.64;44.45;44.6;1263464
20180314;45.06;45.32;44.17;44.26;622099
20180315;44.29;44.47;43.76;43.85;1004352
20180316;43.8;44.73;43.71;44.54;1051110
20180319;44.29;44.46;43.3;43.94;941624
20180320;44.2;44.68;44.04;44.1;847151
20180321;44.12;45.25;43.89;44.92;1310292
20180322;44.36;44.71;43.21;43.27;1458766
20180323;43.39;43.67;41.97;42.11;939093
20180326;42.84;42.97;42.15;42.86;1363226
20180327;42.92;43.09;41.87;42.16;1565709
20180328;42.16;42.57;41.51;41.79;942021
20180329;42.14;43.53;42.14;43.33;1435938
20180402;42.99;43.35;42;42.54;1498883
20180403;42.64;43.02;42.04;43;1333082
20180404;42.47;44.16;42.23;44.05;1808914
20180405;44.32;45.31;44.02;44.81;1320291
20180406;44.28;44.45;42.7;43.18;1686932
20180409;43.44;44.17;43.18;43.45;1048418
20180410;44.15;45.27;44.15;44.58;1733974
20180411;44.3;46.69;44.06;46.26;2686697
20180412;46.38;46.42;45.16;45.91;1718914
20180413;46.31;46.38;45.5;45.67;1189431
20180416;46.35;46.47;45.8;45.96;772883
20180417;46.25;47.01;46.05;46.25;1156153
20180418;46.6;47.08;46.34;46.78;952194
20180419;46.78;47.7;46.78;47.64;1829161
20180420;47.5;47.91;47.2;47.31;1542376
20180423;47.33;48.1;46.81;46.9;1547746
20180424;47.36;47.47;45.22;45.61;1924980
20180425;45.64;46.24;45.29;46;982355
20180426;46.31;46.31;44.97;45.24;1498369
20180427;45.14;45.45;44.57;45.04;1066973
20180430;45.17;45.25;44.27;44.41;1758826
20180501;44.15;44.89;43.74;44.74;1317228
20180502;44.54;45.99;44.54;45.25;1326830
20180503;44.97;45.24;44.31;44.97;1239452
20180504;44.64;45.92;44.57;45.74;865858
20180507;45.96;47.16;45.73;46.39;1340856
20180508;46.43;46.85;46.2;46.82;1475948
20180509;47.1;47.87;46.78;47.82;1645549
20180510;48.02;48.02;47.26;47.88;1234252
20180511;46.7;46.7;42.82;43.53;5418757
20180514;43.37;44.89;42.6;44.41;2502264
20180515;44.02;44.25;42.84;43.52;2268266
20180516;43.25;43.67;42.73;43.33;1476150
20180517;43.4;44.39;43.31;44.1;1627840
20180518;44.12;44.77;44.05;44.57;1490398
20180521;44.84;45.35;44.76;44.99;895899
20180522;45.1;45.37;44.56;44.59;1186943
20180523;44.24;44.33;42.94;43.41;1184534
20180524;43.33;43.5;42.85;43.19;1401196
20180525;42.9;43.03;42.08;42.28;880649
