20100104;39.61;40.38;39.48;40.35;7389171
20100105;40.16;40.46;40.09;40.43;6479178
20100106;40.44;40.54;40.23;40.43;5919795
20100107;40.44;41.36;40.08;41.21;9787770
20100108;40.92;42.2;40.79;42.12;6824821
20100111;42.31;43.13;42.3;42.65;5116501
20100112;42.39;42.51;41.86;42.17;4509737
20100113;42.16;42.5;41.84;42.32;4097839
20100114;42.24;42.73;42.12;42.57;3430560
20100115;42.54;42.81;42.21;42.63;5729232
20100119;42.72;43.21;42.48;42.85;5220311
20100120;42.57;42.67;41.9;42.36;4616815
20100121;42.36;42.51;40.68;40.73;7419720
20100122;40.57;41.08;39.85;39.88;6924024
20100125;40.29;40.67;40.08;40.22;3079339
20100126;40.05;40.46;39.71;39.97;2775685
20100127;40.15;40.38;39.44;40.26;5901069
20100128;40.53;40.59;39.26;39.82;5906297
20100129;38.5;39.17;37.58;38.64;15229002
20100201;38.92;39.42;38.86;39.37;5141531
20100202;39.43;39.6;39.06;39.52;7046554
20100203;39.36;39.54;38.93;39.21;4363001
20100204;39.16;39.16;37.68;37.73;9669119
20100205;37.73;37.91;36.68;37.47;8519627
20100208;37.54;37.54;36.8;36.87;6238088
20100209;37.37;38.24;37.25;37.82;6870842
20100210;37.72;38;37.37;37.72;3997936
20100211;37.61;38.35;37.29;38.23;4424336
20100212;37.8;38;37.33;37.86;5702427
20100216;38.13;38.97;38.08;38.92;5972020
20100217;38.91;39.22;38.74;39.09;4718039
20100218;39.07;39.95;38.98;39.85;5311456
20100219;39.78;40.47;39.54;40.22;5813006
20100222;40.42;40.5;40;40.15;4068738
20100223;40.15;40.47;39.79;39.93;5202113
20100224;40.11;40.85;40.05;40.58;4823075
20100225;40;40.23;39.49;40.19;5644328
20100226;40.18;40.43;39.91;40.16;4462201
20100301;40.25;40.84;40.25;40.57;4546365
20100302;40.71;40.99;40.53;40.68;4049337
20100303;40.7;41.18;40.7;40.92;5546002
20100304;40.97;41.22;40.75;41.18;3699264
20100305;41.34;41.92;41.23;41.91;5500800
20100308;41.9;41.99;41.45;41.49;3514768
20100309;41.48;42.5;41.41;42.27;5541148
20100310;42.17;42.5;42.1;42.34;4797255
20100311;42.23;42.62;41.96;42.62;3529689
20100312;42.8;43.13;42.46;42.93;5554502
20100315;42.91;43.03;42.6;42.97;4904480
20100316;43.14;43.18;42.65;43.03;6399689
20100317;43.22;43.37;42.64;42.91;5122412
20100318;42.92;43.53;42.79;43.43;4962313
20100319;43.99;44.29;43.6;43.82;9693010
20100322;43.54;43.99;43.41;43.56;4772469
20100323;43.67;44.33;43.59;44.19;5539048
20100324;44.23;45.05;44.05;44.48;7845785
20100325;44.75;45.28;44.3;44.34;6026145
20100326;44.43;44.99;44.35;44.6;4455506
20100329;44.91;45.13;44.75;44.87;4319722
20100330;45.01;45.28;44.55;44.95;4885198
20100331;45.63;45.78;45.1;45.27;8920352
20100401;45.51;45.85;44.72;45.03;6706338
20100405;45.28;45.64;45.08;45.45;4204319
20100406;45.45;45.75;45.35;45.46;3965727
20100407;45.5;45.76;45.08;45.25;4993609
20100408;45.21;45.61;45.01;45.49;4207568
20100409;45.67;45.98;45.37;45.77;3769323
20100412;45.86;46.17;45.79;45.99;3235701
20100413;45.97;46.07;45.52;45.66;3729205
20100414;45.8;46.37;45.77;46.33;4576648
20100415;46.3;46.53;46.1;46.47;3341699
20100416;46.44;46.51;45.32;45.82;7864555
20100419;45.45;45.86;45.18;45.75;4869931
20100420;46.06;46.43;45.72;46.38;4647213
20100421;46.49;46.73;46.14;46.69;4515459
20100422;46.32;47.46;45.87;47.44;7163502
20100423;47.72;47.78;46.7;47.72;7685159
20100426;47.82;48.43;47.78;48.27;5714404
20100427;48.23;48.23;46.83;46.94;7077096
20100428;47.26;47.38;46.51;47.05;4939745
20100429;47.48;48.55;47.34;48.52;5708959
20100430;48.48;48.63;47.47;47.47;5467852
20100503;47.81;48.53;47.75;48.51;4067130
20100504;47.86;47.96;46.48;46.86;7282417
20100505;46.02;46.31;45.4;45.88;5807310
20100506;45.5;46.22;39.98;44.3;9834399
20100507;43.69;44.62;42.86;43.52;8668999
20100510;45.69;46.41;45.35;46.07;6251297
20100511;45.64;46.61;45.57;45.85;4553889
20100512;46.17;47;46.06;46.87;4099204
20100513;46.83;46.94;46.13;46.19;2818296
20100514;45.79;45.9;44.73;45.48;8538499
20100517;45.52;45.81;44.64;45.44;6854094
20100518;45.5;46.1;44.53;44.72;7438309
20100519;44.27;44.58;43.3;43.86;7496665
20100520;42.48;42.89;41.5;41.79;9466520
20100521;40.9;42.55;40.77;42.07;11108213
20100524;42.15;42.67;41.74;41.84;6422908
20100525;40.58;41.83;40.1;41.79;7730136
20100526;42.15;42.99;41.94;42.11;8520960
20100527;43.16;43.5;42.65;43.42;5764198
20100528;43.36;43.53;42.41;42.77;4553437
20100601;42.24;46.56;41.83;41.9;5104082
20100602;42.21;42.96;41.95;42.93;5046259
20100603;43;43.43;42.85;43.26;3465029
20100604;42.05;42.4;40.88;41.07;5562219
20100607;41.13;41.2;39.98;40;5268753
20100608;39.97;40.5;39.31;40.43;8081379
20100609;40.62;41.43;39.94;40.01;10294644
20100610;40.79;41.47;40.63;41.26;7263753
20100611;40.75;41.38;40.48;41.32;6640104
20100614;41.35;42.19;41.35;41.53;6073910
20100615;41.96;43.05;41.8;43.04;5398307
20100616;42.58;43;42.51;42.75;5222542
20100617;42.87;42.91;42.06;42.65;6514386
20100618;42.77;42.96;42.5;42.92;8643813
20100621;43.42;43.77;42.65;42.93;5312286
20100622;43.11;43.28;42.12;42.2;4753720
20100623;42.17;42.33;41.5;41.84;5034691
20100624;41.61;41.78;40.91;41;5183171
20100625;41.12;41.84;40.94;41.6;6270853
20100628;41.82;41.87;41.11;41.2;3017882
20100629;40.48;40.54;39.07;39.33;7577272
20100630;38.59;39.91;38.54;39.03;8210362
20100701;38.99;38.99;37.89;38.55;8037542
20100702;38.59;39.03;38.17;38.53;5100862
20100706;39.14;39.35;38.37;38.71;5493936
20100707;38.74;40.19;38.71;40.19;5942747
20100708;40.67;40.85;40.16;40.73;3940752
20100709;40.84;41.35;40.6;41.27;4998354
20100712;41.13;41.37;40.67;40.82;2972448
20100713;41.42;42.1;41.31;41.85;4693689
20100714;41.65;42.03;41.39;41.69;3525504
20100715;41.75;42.06;40.72;41.79;5221671
20100716;41.43;41.55;40.08;40.19;5516835
20100719;40.43;40.55;40.03;40.35;3974875
20100720;39.75;41.27;39.6;41.2;4393567
20100721;41.46;41.93;40.86;41.13;4893222
20100722;41.64;42.78;41.6;42.66;5809339
20100723;43.32;43.87;42.5;43.5;8147861
20100726;43.45;44.23;43.36;43.89;5450158
20100727;44.24;44.3;43.36;43.43;6354859
20100728;43.5;43.5;43;43.24;4137676
20100729;43.45;43.62;42.24;42.72;7018729
20100730;42.53;43.05;41.81;42.86;4437411
20100802;43.66;43.92;43.33;43.73;4521897
20100803;43.58;43.6;43.02;43.14;5047848
20100804;43.37;44.16;43.25;43.98;4774791
20100805;43.66;44.17;43.61;44.12;3169495
20100806;43.5;44.05;43.05;43.77;3269905
20100809;44.07;44.1;43.66;43.89;2105572
20100810;43.54;43.69;42.97;43.42;3411006
20100811;42.57;42.7;41.56;41.81;5493041
20100812;41.15;41.53;41.06;41.29;3437392
20100813;41.12;41.51;41.07;41.32;3236365
20100816;41.03;41.37;40.51;41.18;2926312
20100817;41.88;43.02;41.65;42.39;6047129
20100818;42.27;42.39;41.73;42.16;4041652
20100819;41.89;41.89;40.46;40.77;6059128
20100820;40.36;40.75;40.05;40.64;4478692
20100823;40.77;41.05;40.14;40.16;3154306
20100824;39.69;39.71;38.72;39.34;6742590
20100825;38.94;39.1;38.08;38.82;7665495
20100826;39.2;39.36;38.57;38.7;4579043
20100827;39.06;39.69;38.39;39.65;4132694
20100830;39.42;39.75;38.83;38.86;2934552
20100831;38.74;39.29;38.29;39.06;6732287
20100901;39.59;41.11;39.45;40.88;6675665
20100902;40.96;42.01;40.96;42.01;6618843
20100903;42.36;43.25;42.36;42.82;5675288
20100907;42.48;42.68;41.84;41.93;4598786
20100908;41.9;42.52;41.9;42.19;3819555
20100909;42.78;42.92;41.81;41.97;4079328
20100910;42.16;42.89;41.93;42.81;4535620
20100913;43.31;43.59;43.09;43.3;4206426
20100914;43.28;43.79;43.05;43.54;4909865
20100915;43.36;43.64;43.15;43.57;4917818
20100916;43.34;43.86;43.31;43.73;4372804
20100917;43.89;44.08;43.54;43.82;6187827
20100920;44.04;44.41;43.68;44.31;4632742
20100921;44.35;44.51;43.89;44.31;4875491
20100922;44.13;44.32;43.38;43.68;4370506
20100923;43.58;43.96;43.09;43.23;4950055
20100924;43.7;44.49;43.7;44.46;4053973
20100927;44.51;44.51;43.7;43.84;4060360
20100928;43.95;44.32;43.2;44.19;4590177
20100929;43.9;44.29;43.74;44.04;4126224
20100930;44.35;44.89;43.7;43.94;5434589
20101001;44.22;44.71;44.02;44.15;4857244
20101004;44.15;44.54;43.41;43.61;4014453
20101005;44.05;45.23;43.99;45.01;6413449
20101006;45.01;45.85;45;45.72;5560527
20101007;45.86;45.86;45.06;45.48;4302984
20101008;45.57;45.89;45.17;45.75;3593894
20101011;45.67;45.85;45.41;45.61;3167041
20101012;45.4;45.67;44.75;45.55;3597058
20101013;45.87;46.68;45.72;46.41;4760990
20101014;46.38;46.4;45.73;46.17;3984151
20101015;46.56;46.7;45.93;46.49;4764865
20101018;46.51;47.02;46.3;47;4363349
20101019;46.3;46.83;45.72;46.16;7424975
20101020;46.34;47.29;46.26;46.41;9258143
20101021;46.71;47.26;46.38;46.67;5954911
20101022;46.64;47.35;45.35;47.26;7119703
20101025;47.75;48.28;47.44;47.53;4924204
20101026;47.42;47.46;46.89;47.28;3981628
20101027;46.64;47.15;46.26;47.09;4053456
20101028;47.47;47.78;46.63;47.1;3259389
20101029;46.88;47.21;46.61;47.11;3096962
20101101;46.93;47.37;46.56;46.8;4397132
20101102;47.07;47.4;46.93;47.24;2925690
20101103;47.39;47.6;46.74;47.44;3254322
20101104;47.97;49.02;47.85;49.01;8076848
20101105;49;49.34;48.75;49.28;7749334
20101108;48.97;49.38;48.75;49.11;5712437
20101109;49.33;49.33;48.75;49.02;6468879
20101110;48.98;48.98;48.48;48.83;4554245
20101111;48.49;48.71;47.9;48.31;4345640
20101112;48.04;48.2;47.2;47.52;4981344
20101115;47.65;48.07;47.52;47.59;3194312
20101116;47.95;49.5;47.95;48.44;13885057
20101117;48.5;49.12;48.17;48.82;8913329
20101118;49.44;49.97;49.31;49.74;4739608
20101119;49.64;49.79;49.13;49.78;4687184
20101122;49.39;50.05;49.03;49.65;4386275
20101123;49.2;49.92;49.08;49.6;4740547
20101124;49.83;50.44;49.73;50.41;5072603
20101126;49.79;50.29;49.55;50.13;1582585
20101129;49.78;50.05;49.19;49.93;3821827
20101130;49.62;50.04;49.1;49.71;4131577
20101201;50.41;51.23;50.41;50.88;5098343
20101202;50.84;51.49;50.6;51.19;5237018
20101203;51.09;51.54;50.77;51.45;3716930
20101206;51.28;51.41;50.95;51.17;3109559
20101207;51.63;51.93;51.3;51.43;4433153
20101208;51.43;51.82;51.13;51.37;3731187
20101209;51.66;51.77;51.25;51.34;2952452
20101210;51.51;52.29;51.37;51.98;5347633
20101213;52.23;52.4;51.89;52;3439376
20101214;52.27;52.81;52;52.53;5028129
20101215;51.98;52.55;51.35;51.54;9246979
20101216;51.54;53.42;51.54;53.41;6652655
20101217;52.99;53.34;52.39;52.99;7765293
20101220;53.23;53.29;52.83;52.91;3424961
20101221;53.26;53.64;52.98;53.53;2998048
20101222;53.45;53.74;53.22;53.72;2729250
20101223;53.53;53.64;53.15;53.43;1836111
20101227;53.04;53.49;52.91;53.39;1577997
20101228;53.62;53.62;53.06;53.51;1541508
20101229;53.66;53.71;53.23;53.3;1432135
20101230;53.2;53.3;52.82;52.96;2152398
20101231;52.94;53.37;52.72;53.16;1626834
20110103;53.49;54.42;53.45;54.21;3799110
20110104;54.26;54.28;52.98;53.48;4990277
20110105;53.19;54.65;53.14;54.37;4409912
20110106;54.55;54.56;53.71;54.36;3319295
20110107;54.59;54.68;53.82;54.3;2864759
20110110;54.34;54.34;53.4;53.9;3425562
20110111;54.18;54.36;53.7;54;2628703
20110112;54.47;54.8;54.16;54.72;3664592
20110113;54.6;54.84;54.41;54.59;2975472
20110114;54.48;55.03;54.37;55.02;3571175
20110118;55.03;55.25;54.58;54.76;3285459
20110119;54.83;54.93;54.07;54.34;3767231
20110120;54.24;55.84;53.96;54.58;7438476
20110121;55.1;55.2;54.43;54.49;4575139
20110124;54.58;55.63;54.47;55.37;3251368
20110125;55.22;55.45;54.69;55.38;2420228
20110126;55.57;56.09;55.15;55.77;5239893
20110127;55.96;56.03;55.36;55.92;3815776
20110128;55.69;56.99;54.59;55.32;9267747
20110131;55.26;56.01;54.75;56.01;5574245
20110201;56.32;57;56.09;56.94;3756163
20110202;56.56;57.83;56.56;57.41;4415367
20110203;57.17;57.7;57.03;57.17;4054134
20110204;57.2;57.3;56.52;57.12;2767037
20110207;57.27;57.42;56.97;57.13;2924194
20110208;57.26;57.48;57.13;57.39;3159332
20110209;57.13;57.54;56.94;57.34;2981157
20110210;57.21;57.63;57.07;57.47;3454894
20110211;57.32;58.07;57.08;57.98;2312171
20110214;57.72;58.03;57.2;57.6;2879499
20110215;57.35;57.45;56.94;57.37;1924380
20110216;57.15;57.59;56.78;57.2;2752334
20110217;57.11;57.53;56.88;57.36;2840934
20110218;57.44;58.02;57.36;57.99;3656934
20110222;57.16;57.46;55.95;56.23;3673037
20110223;56.33;56.99;54.92;55.64;5059854
20110224;55.14;56.61;55.06;56.48;4414783
20110225;56.66;57.49;56.6;57.28;3531406
20110228;57.06;58.08;57.01;57.91;4772869
20110301;58.09;58.19;56.4;56.45;4473021
20110302;56.59;56.72;55.06;55.55;6656430
20110303;56.22;57.53;56.22;57.29;3771245
20110304;57.28;57.35;55.82;56.51;3924898
20110307;56.78;57.47;55.72;56.19;4179334
20110308;56.27;57.58;55.76;57.3;3898710
20110309;56.97;57.44;56.28;56.71;4847096
20110310;56.54;56.54;55.43;55.79;5219927
20110311;55.76;56.49;55.47;56.27;3215338
20110314;55.72;56.26;55.13;56.01;4277795
20110315;54.45;55.96;54.19;55.54;4799771
20110316;55.36;55.51;53.74;54.33;5530048
20110317;55.09;55.71;54.82;55.21;3627034
20110318;55.84;56.52;55.56;55.86;5312225
20110321;56.74;57.47;56.64;57.04;3422735
20110322;57.09;57.26;56.51;56.54;3376845
20110323;56.38;57.27;56.3;57.1;2602985
20110324;57.4;57.73;56.9;57.73;2478024
20110325;57.72;57.9;57.38;57.39;3111679
20110328;58.38;59.08;58.09;58.32;5927740
20110329;58.34;59.63;57.8;59.6;5172972
20110330;59.87;59.88;59.4;59.59;3551222
20110331;59.61;59.95;59.56;59.71;3216697
20110401;59.96;60.02;59.08;59.26;4729921
20110404;59.45;59.81;59.08;59.23;4703323
20110405;59.09;59.49;59.01;59.05;2642496
20110406;59.29;59.49;58.59;58.85;3510822
20110407;58.69;59.16;58.3;58.49;4645739
20110408;58.93;59;57.8;58.3;3184792
20110411;58.35;58.75;57.92;58.26;2746550
20110412;57.98;58.16;57.3;57.53;3785803
20110413;57.6;57.64;56.95;57.31;3092603
20110414;56.95;57.61;56.31;57.5;3097451
20110415;57.55;57.88;57.11;57.75;4828274
20110418;57.11;57.24;56.34;57.11;3162324
20110419;57.15;57.61;56.8;57.46;3112555
20110420;58.39;59.48;57.77;58.74;5488067
20110421;60;61.1;59.4;60.72;9645412
20110425;60.52;60.72;60.21;60.32;5025693
20110426;60.61;62;60.58;62;6361615
20110427;62.1;62.1;61.27;61.46;5534756
20110428;61.4;61.68;60.99;61.01;5042385
20110429;61.1;61.52;61;61.23;4109702
20110502;61.67;62.28;61.31;61.54;4131125
20110503;61.55;61.85;61.26;61.8;4029443
20110504;61.62;61.85;60.22;60.32;6347386
20110505;59.88;60.99;59.32;60.15;4584916
20110506;60.8;61.68;60.62;60.95;4030256
20110509;61.1;62.01;60.91;61.62;3236446
20110510;61.83;61.98;61.38;61.76;4212367
20110511;61.61;61.87;60.96;61.28;3350642
20110512;61.31;61.4;60.6;60.86;5590966
20110513;60.98;61.24;60.3;60.51;3719145
20110516;60.44;60.94;60;60.12;4434968
20110517;59.9;60.12;58.68;58.98;5053572
20110518;58.9;59.69;58.22;59.55;5513397
20110519;59.97;60.13;59.13;59.49;3641136
20110520;59.38;59.51;58.55;58.99;4036021
20110523;58.12;58.92;58.01;58.48;4084254
20110524;58.48;58.76;57.76;58.25;3720004
20110525;58.06;59.28;57.81;58.87;3740506
20110526;58.33;58.7;57.81;58.5;3944488
20110527;58.89;59.44;58.57;59.19;2858503
20110531;59.96;60.1;58.95;59.55;3318489
20110601;59.37;59.54;57.42;57.53;4567702
20110602;57.65;58.21;57.33;57.95;3157845
20110603;56.79;57.91;56.66;57.25;4013089
20110606;57.11;57.66;56.77;57.45;4688568
20110607;57.76;57.8;56.79;56.85;3167582
20110608;56.56;56.77;55.93;56.07;4541063
20110609;56.07;56.78;55.86;56.46;3242977
20110610;56.3;56.3;55.38;55.53;3210147
20110613;55.78;56.08;55.37;55.71;3150052
20110614;56.32;57.5;56.25;57.19;4239661
20110615;56.66;56.87;55.97;56.05;4038802
20110616;55.97;56.56;55.76;56.35;3363929
20110617;56.94;57;55.73;55.85;5278084
20110620;55.94;56.66;55.76;56.43;2749048
20110621;56.96;57.95;56.78;57.81;4828145
20110622;57.52;57.71;56.94;57.01;3551800
20110623;56.31;56.55;55.53;56.5;4722104
20110624;56.56;56.76;56.16;56.35;3543264
20110627;56.54;56.94;56.15;56.79;3205776
20110628;57.03;58.4;56.72;58.38;4953288
20110629;58.52;58.91;58.18;58.62;3628443
20110630;58.79;59.95;58.76;59.59;3887954
20110701;59.49;60.45;59.15;60.19;3777590
20110705;59.68;60.17;59.36;59.46;4101301
20110706;59.5;59.95;59.26;59.69;3865467
20110707;60.36;60.65;60.13;60.44;2879383
20110708;59.67;59.82;59.2;59.54;2885356
20110711;58.62;59.03;58.15;58.31;3427219
20110712;58.01;58.3;57.2;57.28;4594924
20110713;57.76;58.26;57.39;57.59;3384634
20110714;57.7;57.98;56.88;57.01;2794575
20110715;57.29;57.34;56.65;57.25;4039814
20110718;56.93;56.98;56.21;56.57;2816679
20110719;56.83;57.6;56.81;57.43;2859677
20110720;57.63;57.8;57.04;57.34;3765874
20110721;57.71;58.55;57.56;58.21;4521195
20110722;57.03;57.23;55.52;56.4;10736603
20110725;55.85;56.68;55.8;56.3;3965020
20110726;56.33;56.4;55.27;55.34;4039226
20110727;55.03;55.12;53.46;53.46;8773201
20110728;53.74;54.46;52.87;53;8096984
20110729;52.19;53.85;51.99;53.1;6193895
20110801;54.01;54.04;52.18;53.06;6132517
20110802;52.62;53.06;51.19;51.2;6595787
20110803;51.32;51.65;49.89;51.59;8083584
20110804;50.58;50.9;48.65;48.69;10392308
20110805;49.42;49.78;47.24;47.98;16185862
20110808;46.26;47.38;44.23;44.29;13255775
20110809;45.25;46.8;43.76;46.76;11923808
20110810;45.71;45.85;43.08;43.22;14899282
20110811;43.73;45.32;43.16;44.63;10526039
20110812;45.19;46.98;44.63;46.88;10294379
20110815;47.1;47.81;46.84;47.23;8418248
20110816;46.74;47.03;45.82;46.03;8356492
20110817;46.12;46.87;45.45;45.99;5889452
20110818;44.45;44.47;42.13;42.76;13137310
20110819;42.31;43.89;42.12;42.19;11344438
20110822;43.72;43.84;41.62;41.94;8007754
20110823;42.25;44.16;41.93;44.16;6681486
20110824;44.11;44.95;43.81;44.82;5115578
20110825;45;45.51;44.06;44.73;7554729
20110826;44.31;45.88;43.55;45.48;6333612
20110829;46.18;47.06;46;47;4043274
20110830;46.88;47.67;46.28;47.29;5438773
20110831;47.96;48.45;47.33;47.81;5667749
20110901;47.74;48.36;46.77;46.88;5347709
20110902;45.95;46.33;45.28;45.45;3931375
20110906;44.08;45.21;43.4;45.05;5210938
20110907;45.96;47.03;45.67;47.03;5081757
20110908;46.66;47.29;45.72;45.93;4168373
20110909;45.32;45.87;44.4;44.72;5935956
20110912;44.11;44.71;43.12;44.14;7486332
20110913;44.2;45.23;43.88;44.57;7128508
20110914;44.93;46.13;43.92;45.41;4976367
20110915;45.99;46.66;45.75;46.64;4483676
20110916;46.99;47.5;46.31;47.13;5805854
20110919;46.18;47.61;46.12;47.32;6281925
20110920;47.48;47.7;46.69;46.75;3666215
20110921;46.68;47.08;44.86;44.87;4407043
20110922;43.28;43.51;41.5;41.97;11800452
20110923;41.77;42.98;41.64;42.43;7641823
20110926;43;43.88;42.2;43.8;7100484
20110927;45.03;45.95;44.84;45.14;6069912
20110928;45.24;45.71;44.19;44.27;5587516
20110929;45.27;45.8;43.87;45;5147564
20110930;44.02;45.35;43.82;43.91;5484457
20111003;43.55;43.99;42.32;42.32;9661774
20111004;41.69;43.69;41.22;43.66;6996646
20111005;43.9;44.52;43.26;44.37;5714446
20111006;44.23;45.11;43.7;45.06;5817305
20111007;45.42;46.24;45.05;45.49;5360194
20111010;46.34;47.4;46.34;47.16;3471046
20111011;46.92;47.73;46.63;47.37;4120570
20111012;47.77;49.16;47.73;48.49;5673264
20111013;48.09;48.12;47.14;47.89;4731141
20111014;48.55;49.45;48.47;49.45;3741718
20111017;49.23;49.23;47.55;47.7;4364450
20111018;47.74;49.82;46.91;49.33;5774300
20111019;49.21;49.77;48.6;48.82;4533500
20111020;48.89;49.35;47.85;48.46;5607861
20111021;50.22;51.42;49.85;51.28;8955922
20111024;51.14;52.09;51.1;51.77;6334869
20111025;51.32;51.89;50.55;50.71;5538859
20111026;51.08;51.8;50.63;51.4;5474052
20111027;53.28;54.52;53.1;54.06;7424789
20111028;53.84;54.17;53.5;53.88;5414104
20111031;53.06;53.34;52.39;52.4;3999134
20111101;50.86;52.03;50.41;51.2;6465743
20111102;52.02;52.93;52.02;52.45;4875562
20111103;53.14;54.2;52.51;53.94;5741825
20111104;53.37;54.12;53.06;53.95;4034437
20111107;53.94;54.05;52.88;53.96;3707077
20111108;54.69;54.82;53.51;54.65;4480813
20111109;53.19;53.63;52.44;52.83;5239748
20111110;53.64;54.09;53.33;53.56;5611674
20111111;54.4;55.81;54.4;54.79;5022412
20111114;54.69;54.99;54.38;54.71;4347295
20111115;54.44;55.2;54.02;54.78;4559064
20111116;53.67;54.39;53.21;53.29;4016301
20111117;53.13;53.67;52.1;52.6;5186050
20111118;52.99;53.18;52.32;52.75;3207888
20111121;51.43;51.56;50.16;51.3;5154517
20111122;51.06;51.48;50.66;50.96;4643045
20111123;50.41;50.41;49.15;49.19;4892177
20111125;48.87;49.97;48.82;49.14;1784061
20111128;50.83;51.68;50.76;51.66;4948028
20111129;51.97;52.71;51.52;51.56;4419097
20111130;52.98;54.19;52.89;54.15;5088555
20111201;53.88;54.7;53.85;54.17;3614581
20111202;54.51;55.37;54.05;54.13;3613210
20111205;55.15;55.55;54.23;54.7;4604931
20111206;54.99;55.08;54.17;54.6;3072708
20111207;54.13;54.25;53.25;53.94;4422379
20111208;53.69;54.14;52.7;52.87;4520529
20111209;53.04;54.23;52.95;54;3753677
20111212;53.84;53.87;52.39;52.89;3417139
20111213;53.13;53.87;52.04;52.31;4726338
20111214;52;52.25;51.43;51.55;4794999
20111215;52.27;52.8;51.78;52.41;5195179
20111216;52.86;53.71;52.53;53.1;7090238
20111219;53.49;53.63;52.1;52.29;3655574
20111220;53.29;54.46;53.27;54.36;3923049
20111221;54.24;54.41;53.49;54.19;4617059
20111222;54.29;54.73;54.05;54.64;4017756
20111223;54.74;55;54.52;54.98;2040467
20111227;54.79;55.16;54.64;54.95;1311959
20111228;55.04;55.12;53.94;53.98;2267920
20111229;54.18;54.89;53.92;54.79;2462275
20111230;54.77;54.9;54.27;54.35;2094622
20120103;55.28;55.96;55.23;55.58;4610766
20120104;55.49;55.64;55.15;55.53;3660798
20120105;55.31;55.78;54.73;55.59;2874637
20120106;55.72;55.72;55.04;55.18;3829968
20120109;55.49;55.75;54.98;55.64;2590963
20120110;56.24;57;56.11;56.58;5512350
20120111;56.26;56.66;56.06;56.46;3504644
20120112;56.76;57.33;56.47;57.19;2998132
20120113;56.75;56.83;56.18;56.7;2460850
20120117;57.33;57.7;57.04;57.16;3093165
20120118;57.15;58.25;57.04;58.19;3973522
20120119;58.23;58.56;57.9;58.5;3996675
20120120;58.43;58.43;56.78;57.38;6377321
20120123;57.45;58.4;57.31;57.62;3376220
20120124;57.18;57.68;56.99;57.63;2647888
20120125;57.31;58.32;56.5;58.1;3675433
20120126;58.8;58.91;57.5;57.83;4573477
20120127;57.12;58.71;56.82;58.27;6107869
20120130;57.95;58.28;57.5;58.18;3717197
20120131;58.39;58.57;57.61;58.04;3446916
20120201;58.64;59.34;58.64;58.94;3461323
20120202;58.94;59.23;58.54;59.03;3233174
20120203;59.63;60.79;59.5;60.74;5652766
20120206;60.06;60.52;60;60.31;3894218
20120207;59.98;60.31;59.51;60.16;2884746
20120208;60.07;60.26;59.61;59.87;3251806
20120209;59.87;60.09;59.66;59.89;3186431
20120210;59.42;59.43;58.76;59.33;3656861
20120213;59.81;60.28;59.35;60.14;2734027
20120214;59.84;60.09;59.32;59.84;2202468
20120215;60.11;60.11;58.81;59;3106490
20120216;59;59.57;58.96;59.47;2249299
20120217;59.87;60.26;59.77;60.1;3169406
20120221;60.48;60.59;59.68;59.89;2232907
20120222;59.41;59.82;59.17;59.51;2529112
20120223;58.98;59.25;58.33;59;3649022
20120224;59;59.67;58.86;59.27;2579162
20120227;58.75;59.9;58.7;59.7;3518961
20120228;59.72;60.13;59.53;59.75;3047615
20120229;59.73;60.2;59.53;59.57;4541748
20120301;59.35;60.19;59.3;60.12;4001275
20120302;60.11;60.22;59.62;59.75;2732455
20120305;59.8;59.92;59.02;59.1;3431872
20120306;58.37;58.53;57.55;57.77;4983827
20120307;57.65;57.96;57.31;57.74;5826195
20120308;58.84;59.61;58.36;59.49;4126437
20120309;59.8;60.17;59.37;59.78;3255351
20120312;59.81;59.92;59.14;59.26;3710152
20120313;59.71;60.45;59.38;60.37;4446637
20120314;60.4;60.99;60.32;60.52;3259167
20120315;60.53;60.91;60.22;60.85;2689345
20120316;60.79;60.83;60.22;60.37;5098342
20120319;60.24;60.8;60.13;60.46;2275621
20120320;60.09;60.09;59.33;59.48;3216873
20120321;59.4;59.81;59.22;59.47;3782346
20120322;59.01;59.82;58.38;59.75;5316360
20120323;59.85;60.23;59.34;60.16;4102337
20120326;60.8;61.85;60.76;61.78;4968186
20120327;61.85;62;61.29;61.3;2928147
20120328;61.17;61.3;60.23;60.75;2736115
20120329;60.13;60.83;59.81;60.7;2727664
20120330;61.23;61.4;60.84;61.05;2685119
20120402;60.57;61.39;60.37;61.12;3009615
20120403;60.91;61.32;60.37;60.63;2550654
20120404;60.11;60.23;59.79;60.15;2896612
20120405;59.84;60.01;59.48;59.49;2933637
20120409;58.72;59.02;57.87;57.89;4636350
20120410;57.65;57.79;56.57;56.58;6869248
20120411;57.28;57.63;56.84;57.08;4973698
20120412;57.2;58.88;57.09;58.79;4661979
20120413;58.6;58.65;57.99;58.07;2720496
20120416;58.58;58.69;57.85;58;3319926
20120417;58.53;59.15;57.98;58.93;5120480
20120418;58.6;58.96;58.34;58.73;3600053
20120419;58.66;58.92;57.62;58;4544651
20120420;59.86;60.5;59.36;59.39;8429618
20120423;59;59.25;58.54;59.2;4640381
20120424;59.52;60.25;59.26;59.93;3825046
20120425;60.47;60.84;60.18;60.48;3449950
20120426;60.37;61.16;60.27;61;3088260
20120427;61.26;61.45;60.96;61.29;3608599
20120430;61.06;61.21;60.34;60.66;3353222
20120501;60.48;61.47;60.2;60.93;2925221
20120502;60.46;60.72;60.02;60.64;4064416
20120503;60.63;60.88;60.06;60.47;3345424
20120504;60.15;60.22;59.21;59.31;2645880
20120507;59.14;59.63;59.01;59.52;2724139
20120508;59.13;59.48;58.58;59.37;3072184
20120509;58.58;59.06;58.16;58.37;3977300
20120510;58.85;59.1;58.36;58.57;2701372
20120511;58.22;59.2;58.09;58.55;2937482
20120514;57.96;58.59;57.5;58.15;3706578
20120515;58.06;58.55;57.35;57.48;3027725
20120516;57.59;58.06;57.09;57.14;3854080
20120517;57.07;57.27;55.43;55.48;4779155
20120518;55.78;55.98;54.98;55.23;4946434
20120521;55.32;57.11;55.32;57.03;4552080
20120522;57.34;57.7;56.92;57.28;3966904
20120523;56.55;57.72;56.08;57.62;3984220
20120524;57.74;57.88;56.53;57.27;2892226
20120525;57.41;57.56;56.45;56.75;2361414
20120529;57.31;57.42;56.81;57.2;3729082
20120530;56.72;56.72;56.1;56.2;3528827
20120531;56.2;56.24;54.78;55.66;5100648
20120601;54.21;54.53;53.8;53.94;5981308
20120604;53.76;53.85;52.55;53.2;5733178
20120605;53;53.51;52.81;53.29;3854841
20120606;53.79;54.66;53.52;54.66;4770652
20120607;55.31;56.23;55.21;55.37;4879361
20120608;55.37;56.03;55.18;55.99;2997999
20120611;56.67;56.69;55.05;55.13;3054207
20120612;55.36;56.09;55.04;56.05;2771258
20120613;55.76;55.83;54.84;55.12;3001226
20120614;55.39;55.81;54.74;55.22;4279643
20120615;55.53;56.05;55.45;56.04;4992992
20120618;55.74;56.08;55.51;55.88;2246761
20120619;56.21;56.72;56.09;56.58;3184399
20120620;56.67;56.84;56.03;56.54;3466449
20120621;56.8;56.99;55.39;55.43;4103452
20120622;55.33;55.73;55.11;55.51;3420388
20120625;54.77;54.83;53.67;53.72;4681987
20120626;53.82;53.94;52.84;53.26;4974017
20120627;53.4;54.13;53.38;54;3280091
20120628;53.11;53.61;52.21;52.92;6586565
20120629;54.38;55.86;54.02;55.84;4872674
20120702;55.94;56.19;54.63;55.16;4295262
20120703;54.97;55.94;54.72;55.59;2409030
20120705;55.4;56.38;55.3;56.09;2772831
20120706;55.3;55.39;54.32;54.89;3027603
20120709;54.74;55.29;54.38;55.21;2864626
20120710;55.33;56.17;53.45;53.71;5365412
20120711;53.73;54.33;53.49;53.7;3788909
20120712;53.31;53.97;52.73;53.6;3746851
20120713;53.66;54.71;53.6;54.58;3216718
20120716;54.37;54.64;53.6;54.48;2903820
20120717;54.62;54.93;53.86;54.54;3449576
20120718;56.31;58.5;55.9;58.18;8396200
20120719;58.25;58.62;57.46;57.95;5832094
20120720;57.74;58.4;57.36;57.74;3563304
20120723;56.76;57.71;56.45;57.44;3531174
20120724;57.41;57.54;55.93;56.68;3364140
20120725;56.97;57.65;56.33;56.8;2998229
20120726;57.85;58.67;57.38;57.74;3079401
20120727;58.21;59.52;57.82;59.01;3599101
20120730;58.8;59.32;58.17;58.39;3126686
20120731;58.15;58.6;58.01;58.05;2963500
20120801;58.4;58.64;57.77;58;3593305
20120802;57.6;57.66;56.7;57.32;3189054
20120803;58.45;59.14;58.4;58.91;2766750
20120806;59.3;59.5;58.64;58.64;2056061
20120807;59;59.45;58.5;58.57;3913142
20120808;58.28;59.11;58.17;58.93;2749406
20120809;58.83;59.21;58.63;58.97;1894055
20120810;58.7;59.03;58.44;59.01;1824564
20120813;58.7;59.01;58.33;58.71;1740303
20120814;58.87;58.96;58.17;58.43;1924576
20120815;58.4;58.62;58.2;58.47;1704844
20120816;58.11;59.01;58.05;58.76;2657708
20120817;58.97;59.56;58.6;59.5;3403048
20120820;59.35;59.63;59.25;59.5;2235005
20120821;59.7;59.98;58.92;59.11;2461451
20120822;59.09;59.17;58.6;58.88;2180233
20120823;58.66;58.83;58.29;58.48;1778127
20120824;58.2;58.54;57.66;58.36;3091064
20120827;58.49;58.76;58.08;58.39;1795467
20120828;58.22;58.78;58.11;58.56;3206480
20120829;58.76;58.77;58.24;58.73;1999549
20120830;58.25;58.49;57.96;58.11;2181617
20120831;58.57;58.83;58.16;58.45;2742017
20120904;58.48;58.5;57.16;57.52;2823311
20120905;57.5;57.8;57.23;57.37;2282074
20120906;57.87;59.26;57.87;59.02;3509238
20120907;59.23;59.92;59.17;59.9;2942257
20120910;59.77;59.86;59.47;59.56;3043293
20120911;59.72;60.17;59.48;59.79;3076912
20120912;59.89;60.28;59.64;60.1;2579112
20120913;59.85;61.25;59.43;61.12;3859653
20120914;61.08;61.95;60.7;61.02;4471495
20120917;60.77;61.76;60.72;61.72;3648028
20120918;61.63;61.8;60.93;61.39;3266169
20120919;61.3;61.52;60.93;61.28;3104447
20120920;60.75;60.95;60.25;60.55;3421222
20120921;60.95;61.16;60.5;60.52;5215107
20120924;60.15;60.33;59.6;60.13;2286761
20120925;60.24;60.5;59.29;59.31;2915420
20120926;59.41;59.66;58.64;59.44;3841399
20120927;59.9;60.49;59.69;60.24;3002219
20120928;59.84;60.15;59.32;59.75;3051617
20121001;60.37;61.3;60.1;60.8;4547092
20121002;61.21;61.56;60.89;61.45;4418317
20121003;61.47;61.73;60.89;60.96;4713398
20121004;61.41;61.67;61.14;61.27;2844353
20121005;61.7;61.93;61.22;61.43;3544495
20121008;61.04;61.42;60.64;61.28;2722587
20121009;61.31;61.36;60.51;60.68;3114447
20121010;60.59;60.77;60.17;60.24;3370436
20121011;60.7;60.98;60.29;60.29;2735434
20121012;60.58;61.06;60.05;60.2;2516356
20121015;60.37;60.92;60.17;60.85;2235765
20121016;61.2;61.6;61.03;61.52;2144115
20121017;61.17;61.95;61.17;61.89;3008687
20121018;61.8;61.87;60.92;61.42;5663294
20121019;60.8;63.48;60.8;62.49;9848621
20121022;62.14;63.48;61.62;62.28;5475407
20121023;61.49;61.69;60.98;61.55;3383527
20121024;61.47;61.76;60.84;61.02;3522327
20121025;62.26;62.27;61.08;61.43;3026903
20121026;61.39;61.84;61.03;61.49;3227009
20121031;61.73;61.93;60.86;61.24;3579284
20121101;61.26;63.03;61.26;62.63;5618102
20121102;63.05;63.18;62.26;62.43;3749061
20121105;62.36;62.97;62.18;62.8;2348573
20121106;62.74;63.89;62.74;63.53;4032893
20121107;62.74;62.91;61.72;62.12;3421954
20121108;62.05;62.49;61.29;61.3;3164038
20121109;60.92;61.53;60.63;60.83;4905356
20121112;60.94;61.66;60.8;61.44;2938885
20121113;61.01;61.99;61;61.24;2545343
20121114;61.3;61.49;59.83;59.96;3845968
20121115;59.91;60.32;59.05;59.33;5441007
20121116;59.08;59.3;58.29;59.15;4774345
20121119;59.82;60.49;59.72;60.44;3662411
20121120;60.3;60.81;60.12;60.61;3020152
20121121;60.6;60.82;60.36;60.59;1751042
20121123;60.77;61.26;60.7;61.26;910582
20121126;60.6;60.88;60.22;60.66;2382659
20121127;60.65;61.18;60.53;60.62;3069190
20121128;60.25;61.29;59.85;61.24;3032268
20121129;61.45;61.71;60.88;61.34;2242870
20121130;61.42;61.5;61.06;61.33;3527280
20121203;61.56;61.7;60.55;60.59;2599733
20121204;60.54;60.95;60.24;60.52;2296268
20121205;60.77;61.71;60.38;61.57;3195938
20121206;61.41;61.54;60.94;61.52;2275928
20121207;61.77;62;61.35;61.97;2249642
20121210;61.82;62;61.5;61.86;2946527
20121211;62;62.28;61.51;61.65;4565659
20121212;61.95;62;61.05;61.1;3740589
20121213;61.16;62;61.01;61.74;4355471
20121214;61.63;61.91;61.44;61.55;3241923
20121217;61.69;62.47;61.57;62.39;3931659
20121218;62.5;64.05;62.39;63.96;5358172
20121219;64;64.35;63.76;63.77;5223068
20121220;63.85;64.49;63.78;64.29;4411637
20121221;63.4;64.31;63.4;64.21;5752435
20121224;63.71;64.49;63.4;63.67;2237540
20121226;63.78;64.28;63.65;63.81;2781706
20121227;63.73;63.93;62.98;63.74;2839482
20121228;63.24;63.64;62.85;62.92;2090770
20121231;62.72;63.53;62.21;63.47;3990254
20130102;64.67;65.09;64.16;64.75;5208504
20130103;64.6;65.5;64.54;65;2974584
20130104;65.25;66.45;65.25;66.33;4139281
20130107;66.07;66.8;66;66.36;4265169
20130108;66.25;66.26;65.54;65.74;2977306
20130109;66.05;66.54;65.87;66.54;3218186
20130110;66.87;66.87;66.09;66.42;4421410
20130111;66.35;66.5;66.1;66.31;2346345
20130114;66.4;66.76;66.12;66.76;1839654
20130115;66.27;66.97;66.18;66.88;2273344
20130116;66.54;66.73;66.38;66.73;2085801
20130117;67;67.5;66.74;67.31;2270363
20130118;67.48;67.81;67.14;67.81;3398809
20130122;67.75;68.4;67.63;68.4;3642954
20130123;68.3;68.4;68.05;68.27;3284389
20130124;68.36;69.21;68.05;68.24;4120147
20130125;69.16;69.25;67.95;68.33;5636578
20130128;69.21;69.21;68.57;68.92;4428215
20130129;68.92;69.2;68.6;69.09;3619306
20130130;68.91;69.21;68.62;68.67;2477267
20130131;68.4;68.69;68.07;68.24;3526665
20130201;68.97;69.56;68.62;69.15;3680699
20130204;68.74;68.94;68.39;68.56;3030717
20130205;68.98;70.17;68.97;69.88;4577556
20130206;69.53;70;69.31;69.92;3423596
20130207;69.92;70.44;69.58;70.37;4108349
20130208;70.28;70.8;70.18;70.53;3280878
20130211;70.42;70.46;69.92;70.09;2322699
20130212;70.07;70.57;69.96;70.42;2044531
20130213;70.42;70.78;69.89;70.18;2583907
20130214;70;70.38;69.78;70.09;2883638
20130215;70.38;70.44;69.77;70.11;3059553
20130219;70.23;70.95;70.03;70.93;3181618
20130220;70.81;71.43;70.34;70.35;4208856
20130221;69.64;69.98;69.34;69.8;4144365
20130222;70;70.24;69.54;69.89;3615133
20130225;69.89;70.13;68.95;68.95;5303817
20130226;69.07;69.55;68.84;69.12;3786089
20130227;69.1;70.51;69.02;70.35;2710840
20130228;70.39;70.87;70.1;70.1;3686989
20130301;69.71;70.26;69.23;70.05;2980302
20130304;69.59;69.85;68.9;69.7;3571667
20130305;70;70.87;69.97;70.68;3754813
20130306;70.82;71.41;70.8;71.27;3522668
20130307;71.63;72.36;71.44;72.17;4217964
20130308;72.67;73.78;72.67;73.7;4928078
20130311;73.36;73.94;72.95;73.86;3393193
20130312;73.87;73.9;73.07;73.59;2988387
20130313;73.73;74.02;73.54;73.95;3394126
20130314;74.18;74.28;73.42;73.81;4592217
20130315;73.57;73.86;73.33;73.46;5981397
20130318;72.72;74.27;72.55;73.89;4260347
20130319;74.07;74.37;73.43;74.03;4256986
20130320;74.37;74.87;74.37;74.7;3636074
20130321;74.59;75;74.44;74.59;4088930
20130322;74.84;75.23;74.68;75.19;3611903
20130325;75.45;75.75;74.37;74.86;4344120
20130326;75.11;75.63;74.92;75.48;3433382
20130327;75.03;75.2;74.58;75.17;2815586
20130328;75.15;75.53;75;75.35;3492360
20130401;75.2;75.28;74.1;74.33;3952290
20130402;74.73;74.83;73.99;74.21;3564075
20130403;74.48;74.57;73.18;73.33;4866080
20130404;73.51;73.78;73.34;73.75;4249382
20130405;72.69;73.16;72.43;72.98;4332281
20130408;72.95;73.61;72.78;73.55;3308706
20130409;73.64;73.72;73.18;73.54;2926797
20130410;73.53;74.44;73.3;74.41;4390856
20130411;74.44;74.86;74.2;74.7;3177842
20130412;74.38;74.53;73.79;74.25;2143794
20130415;73.87;73.92;72.18;72.2;3377463
20130416;72.73;73.23;72.48;73.18;2474398
20130417;72.74;72.74;71.42;71.89;3962663
20130418;71.85;71.89;70.92;71.47;5337005
20130419;73.72;74.44;72.66;74.18;6563937
20130422;74.29;74.89;74.03;74.59;3767306
20130423;75;75;73.75;74.76;2911782
20130424;74.97;75.17;74.63;74.83;3762098
20130425;74.93;75.05;74.43;74.53;5231187
20130426;74.54;74.68;73.68;73.9;3330846
20130429;74.02;74.11;73.45;73.8;3001832
20130430;73.97;73.98;73;73.54;2918422
20130501;73.2;73.39;72.47;72.53;3171146
20130502;72.83;74.13;72.81;73.97;3130554
20130503;74.71;75.7;74.71;75.24;3215875
20130506;75.28;76.17;75.25;76.08;3608298
20130507;76.2;77.05;76.13;76.9;2921351
20130508;76.7;77.55;76.58;77.48;3018360
20130509;77.44;78.01;77.34;77.78;4044023
20130510;77.75;78.08;77.23;77.74;2311988
20130513;77.69;78.02;77.47;77.86;1993350
20130514;77.84;79.16;77.84;79.16;3048150
20130515;78.88;79.89;78.53;79.89;3322463
20130516;79.29;79.29;78.55;78.73;3465001
20130517;79.23;80.83;79.05;80.75;4065118
20130520;80.32;81.24;80.23;80.53;2528431
20130521;80.5;80.87;79.91;80.15;3178336
20130522;80.16;80.84;79.31;79.59;4136349
20130523;78.7;79.61;78.55;79.24;3924388
20130524;79.01;79.42;78.5;79.29;2422848
20130528;80.28;80.88;79.75;79.77;3314547
20130529;79.18;79.68;78.54;78.8;3285942
20130530;79.01;79.85;78.7;79.44;2783386
20130531;79.21;80.14;78.46;78.46;3287127
20130603;78.55;79.19;78.02;78.85;2802504
20130604;78.7;79.23;77.38;77.74;3455353
20130605;77.49;77.58;76.51;76.7;2710879
20130606;76.76;77.66;76.3;77.66;2862489
20130607;78.39;79.22;77.88;79.08;3255986
20130610;79.24;79.31;78.29;78.68;2351061
20130611;77.92;78.9;77.68;78.16;1569545
20130612;78.76;78.94;77.26;77.32;2107392
20130613;77.34;78.51;77.18;78.31;2388554
20130614;78.16;78.65;77.86;78.18;2636863
20130617;78.83;79.97;78.72;79.71;3787090
20130618;79.87;81.09;79.71;80.85;3224451
20130619;80.83;80.93;79.68;79.68;3058122
20130620;79.01;79.29;77.49;77.67;3399038
20130621;78.31;78.5;77.29;78.25;4413524
20130624;77.49;77.54;76.15;76.65;3581489
20130625;77.46;77.99;77.17;77.65;2424491
20130626;78.5;79.86;78.44;79.75;3634966
20130627;80.15;81;80.15;80.2;3352011
20130628;80;80.2;79.3;79.34;3479797
20130701;79.86;81.09;79.86;80.32;2146517
20130702;79.24;79.84;77.63;77.88;8984351
20130703;77.36;78.97;77.32;78.51;2581782
20130705;79.04;80.08;79.04;80.06;2102741
20130708;80.48;81.04;80.05;80.67;3859908
20130709;81.32;81.65;81.14;81.39;2930465
20130710;81.25;81.75;80.93;81.21;2433036
20130711;82.17;82.67;81.98;82.57;2489124
20130712;82.56;82.75;81.87;82.37;2675859
20130715;82.5;82.68;81.71;82.3;3386885
20130716;82.35;82.64;81.86;82.03;1890472
20130717;82.37;82.95;82.23;82.44;2250112
20130718;82.44;83.29;82.01;82.97;3723028
20130719;84.38;84.85;82.9;83.57;3182856
20130722;83.05;83.29;82.75;83.04;2593031
20130723;83.44;83.59;82.93;83.27;2028185
20130724;83.41;83.59;82.84;83.01;1991566
20130725;82.79;83;82.56;82.85;2573278
20130726;82.55;82.95;82.3;82.88;2534390
20130729;82.63;83.12;82.48;82.76;2266312
20130730;83.24;83.74;82.74;83;2438848
20130731;83.3;83.8;82.93;82.98;3018384
20130801;83.8;84.71;83.63;84.56;2247624
20130802;84.4;84.78;84.05;84.68;2396932
20130805;84.28;84.71;84.01;84.53;1504509
20130806;84.46;84.7;83.91;84.16;2074359
20130807;83.99;84;83.34;83.65;2438356
20130808;84.1;84.39;83.5;83.51;2108406
20130809;83.53;83.69;83.11;83.32;2264954
20130812;82.96;83.55;82.62;83.43;2115199
20130813;83.48;83.94;83.16;83.69;1453421
20130814;83.79;83.92;83.23;83.35;1723589
20130815;82.6;82.7;81.78;82.01;2296405
20130816;81.65;82.15;81.52;81.96;3577557
20130819;81.69;82.01;81.4;81.46;2319643
20130820;81.49;82.19;81.4;81.72;1764968
20130821;81.6;81.69;80.52;80.58;2905251
20130822;80.57;81.08;80.38;80.77;2637042
20130823;80.83;81.58;80.41;81.4;1806342
20130826;81.51;81.67;80.95;81.05;2047469
20130827;80.17;80.5;79.09;79.25;3052009
20130828;79.24;79.74;78.88;79.45;3046945
20130829;79.25;80.49;79.09;80.06;1813055
20130830;80.36;80.36;79.26;79.57;1968323
20130903;80.44;81.03;80.31;80.98;4029998
20130904;80.4;81.09;80.23;80.96;3339252
20130905;80.9;81.91;80.69;81.39;1815789
20130906;81.56;82.23;80.25;81.66;2060069
20130909;81.84;82.73;81.77;82.43;2270067
20130910;82.98;84.29;82.8;84.13;2362888
20130911;84.2;84.4;83.65;84.03;2513111
20130912;84.08;84.42;83.77;83.78;2016054
20130913;84.02;84.09;83.32;84.05;1658799
20130916;85.11;85.33;84.44;85.1;2162255
20130917;85.14;85.67;85.01;85.45;1993333
20130918;85.42;86.88;84.9;86.65;2312587
20130919;86.92;87.55;86.68;86.79;2291255
20130920;86.61;86.71;85.48;85.48;3465639
20130923;85.21;85.48;83.98;84.13;3266860
20130924;84.1;84.96;83.74;84.25;2279066
20130925;84.33;84.67;83.84;83.84;2260217
20130926;84.02;84.43;83.72;84.05;1391704
20130927;83.55;83.81;83.15;83.58;1704653
20130930;82.8;83.43;82.37;83.04;2494001
20131001;83.13;83.52;82.86;83.22;2448273
20131002;82.65;82.88;82.08;82.84;2930788
20131003;82.63;82.8;81.04;81.45;2633308
20131004;81.67;82.49;81.31;82.24;2536622
20131007;81.45;83.4;81.1;82.91;3579128
20131008;82.8;83.35;81.79;81.82;3047349
20131009;82;82.5;81.45;81.9;2634372
20131010;82.85;85.09;82.8;85.09;3602635
20131011;85.01;86.51;84.9;86.46;3390852
20131014;85.68;86.14;85.33;85.98;2850687
20131015;85.76;86;84.97;85.14;1974353
20131016;85.79;86.17;85.01;85.75;2419091
20131017;85.39;86.78;85.19;86.74;2681298
20131018;85.71;85.94;83.7;84.58;7040179
20131021;84.58;84.84;84.06;84.65;3516674
20131022;84.97;86.48;84.9;86.16;3339387
20131023;86.13;86.69;85.54;86.69;2705043
20131024;86.85;87.43;86.72;87.28;2255869
20131025;87.2;87.54;86.65;87.5;2749212
20131028;87.14;87.55;86.91;87.33;1942900
20131029;87.11;87.52;86.93;87.46;1940845
20131030;87.52;87.94;86.57;86.72;1827806
20131031;86.85;87.65;86.5;86.73;2290021
20131101;86.77;87.77;86.54;86.91;3092633
20131104;87;87;85.9;86.31;3240376
20131105;86.05;86.69;85.42;86.34;1975260
20131106;86.82;87.19;86.39;86.72;1801590
20131107;86.73;86.99;85.33;85.46;2393809
20131108;85.52;87.46;85.37;87.44;2741451
20131111;87.37;87.67;87.08;87.42;2042742
20131112;87.23;87.4;86.46;86.59;2438126
20131113;86.36;87.51;86.13;87.51;2659152
20131114;87.75;88.82;87.4;88.67;2800489
20131115;88.28;88.77;88.21;88.62;2572491
20131118;88.88;89.52;88.54;88.68;2416574
20131119;88.02;88.46;87.7;87.86;1777701
20131120;88.15;88.15;87.1;87.22;1796605
20131121;87.41;88.05;87.36;87.94;1618203
20131122;87.87;88.87;87.68;88.8;1914634
20131125;89;89.27;88.48;88.59;1664895
20131126;88.65;89.1;88.42;88.53;1833957
20131127;88.99;89.41;88.69;88.87;1171017
20131129;88.83;89.16;88.39;88.51;1156236
20131202;88.48;88.99;88;88.14;2052506
20131203;87.95;87.95;86.68;87.07;2317459
20131204;86.84;87.29;86.19;86.83;2423603
20131205;86.7;87.3;86.5;86.86;1793364
20131206;88.08;88.48;87.72;88.32;1653974
20131209;88.38;88.52;87.73;87.87;1805411
20131210;87.66;88.28;87.42;87.84;1770442
20131211;87.78;87.8;86.27;86.45;2887768
20131212;86.22;86.7;85.92;86.29;2926650
20131213;86.56;87.38;85.77;86.61;4191764
20131216;86.94;87.73;86.46;87.37;3131544
20131217;87.58;87.98;86.44;86.48;3659248
20131218;86.78;88.48;85.9;88.45;3583558
20131219;88.07;88.72;87.97;88.64;2556796
20131220;88.82;90;88.61;89.55;3839704
20131223;90;90.21;89.36;89.72;2303187
20131224;89.96;90.61;89.71;90.45;854308
20131226;90.58;91.22;90.55;91.1;2173504
20131227;91.33;91.43;91.07;91.14;1066490
20131230;91.32;91.44;90.79;91;1450349
20131231;90.87;91.56;90.73;91.37;1456498
20140102;90.96;91.14;90.05;90.32;1744307
20140103;90.49;90.96;90.33;90.52;1472508
20140106;90.95;91.26;90.4;90.43;1955877
20140107;90.57;91.14;90.47;90.8;1573704
20140108;90.07;90.8;89.92;90.44;2645316
20140109;90.89;91.44;90.25;90.47;1812595
20140110;90.67;90.81;89.76;90.16;2998751
20140113;89.87;90.45;88.74;88.87;2477592
20140114;89.27;89.49;88.12;89.39;2901444
20140115;89.83;90.16;89.6;89.91;2471085
20140116;89.86;90.26;89.74;90.05;1638726
20140117;90.22;90.45;89.66;89.95;2600572
20140121;90.61;91.03;89.85;90.59;2502821
20140122;90.91;91.25;90.22;91.09;2736353
20140123;90.36;90.71;89.23;89.8;4180877
20140124;89.55;90.91;88.43;88.47;5029640
20140127;89.23;90.97;89.23;90.29;6587265
20140128;90.26;91.19;90.14;90.45;2931117
20140129;89.59;90.54;89.26;89.74;3965826
20140130;90.69;91.87;90.45;91.7;3150751
20140131;90.6;92.15;90.26;91.23;3706380
20140203;91.23;91.96;88.66;88.75;4237210
20140204;88.96;89.99;88.27;89.76;3935183
20140205;89.2;89.95;88.51;89.59;4273182
20140206;89.91;91.19;89.77;91.14;2185325
20140207;91.69;93.29;91.47;93.16;4226280
20140210;93.1;93.8;92.5;92.85;3281360
20140211;93.1;94.55;92.94;94.16;2981832
20140212;94.56;94.87;93.91;94.29;2477834
20140213;93.48;94.6;93.26;94.53;2512748
20140214;94.49;94.82;93.89;94.61;2559379
20140218;94.41;94.72;93.87;94.35;2340555
20140219;93.98;95.07;92.83;92.95;4265531
20140220;93.23;94.03;92.72;93.56;2297662
20140221;93.84;94.44;93.71;93.93;3218648
20140224;94.36;95.21;93.75;93.76;2959344
20140225;93.63;94.29;93.23;93.87;3246467
20140226;93.55;94.54;93.5;93.86;2620666
20140227;93.62;94.5;93.44;94.37;2063932
20140228;94.3;95.21;93.83;94.44;3211680
20140303;92.71;94.07;92.57;93.59;2697174
20140304;94.66;95.58;94.52;94.6;3903351
20140305;95.38;95.85;94.56;94.66;4219068
20140306;95.05;95.5;94.7;94.75;3742598
20140307;95.48;95.91;95.22;95.44;4810384
20140310;95.05;95.42;94.69;95.25;2526618
20140311;95.13;95.27;93.93;94.11;2447017
20140312;93.27;93.86;92.61;93.85;2649458
20140313;94.34;94.49;92.63;92.85;3532930
20140314;92.61;93.08;91.88;92.01;3284651
20140317;92.51;93.82;92.47;93.4;3116467
20140318;93.72;93.86;93.36;93.75;2320450
20140319;93.79;94.02;92.21;92.89;2379352
20140320;92.89;93.39;92.49;92.95;2389092
20140321;94.05;94.78;92.96;92.99;4799451
20140324;93.41;93.66;91.51;91.97;3695107
20140325;92.59;92.92;91.78;92.44;2367264
20140326;92.86;93.07;90.83;90.84;3227441
20140327;90.96;91.19;90.05;90.3;3325311
20140328;90.5;91.54;90.48;90.89;2474300
20140331;91.66;92.92;91.42;92.76;3330424
20140401;93.15;93.36;92.61;93.26;2240423
20140402;93.43;94.19;93.14;93.88;2882368
20140403;94.1;94.34;93.57;94.28;2321636
20140404;94.55;95.16;93.29;93.33;3326898
20140407;93.28;93.46;91.57;91.9;2827067
20140408;93.44;93.44;91.17;91.97;2075203
20140409;92.17;93.27;91.87;93.21;2745599
20140410;93.2;93.4;91.34;91.34;2538074
20140411;90.43;91.44;90.21;90.4;2750597
20140414;91.18;91.31;90.02;90.92;1940039
20140415;91.08;91.77;89.96;91.71;3572291
20140416;92.51;93.32;92.08;93.3;3462941
20140417;93.61;93.94;92.22;93.1;3931456
20140421;93.47;93.47;92.47;93.18;2647693
20140422;93.24;93.99;92.99;93.34;2863710
20140423;92.82;94.16;92.82;94.03;3454180
20140424;94.54;94.57;93.41;93.63;2832457
20140425;93.64;93.79;92.46;92.65;2970375
20140428;92.86;93.36;91.4;92.46;2806980
20140429;92.66;92.91;91.98;92.47;2602917
20140430;92.26;93.24;91.9;92.9;3424881
20140501;92.83;93.17;91.98;92.24;2502486
20140502;92.23;92.84;92.07;92.37;2829769
20140505;92.17;92.89;91.82;92.61;3215182
20140506;92.39;92.53;91.57;91.58;2571999
20140507;91.93;92.97;91.53;92.92;2523724
20140508;92.68;93.64;92.57;92.96;2219315
20140509;92.76;92.99;92.3;92.8;1832034
20140512;93.2;94.43;93.2;94.39;2383050
20140513;94.5;94.77;94.05;94.22;2517046
20140514;94.26;94.55;92.62;92.74;2636855
20140515;92.45;92.62;91;91.16;4983034
20140516;91.05;91.32;90.69;91.2;3543388
20140519;91.01;91.94;90.94;91.89;2846286
20140520;91.24;91.47;90.07;90.36;2762516
20140521;90.8;91.41;90.71;91.26;2710249
20140522;91.36;91.73;91;91.45;2380040
20140523;91.26;92.09;91.26;91.97;1863659
20140527;92.45;92.5;92.13;92.36;1800519
20140528;92.28;92.89;92.27;92.51;2048119
20140529;92.56;92.86;92.39;92.83;1576425
20140530;92.59;93.21;92.5;93.15;2412023
20140602;93.3;93.57;92.72;93.41;1656658
20140603;93.2;93.41;92.63;93.26;2777656
20140604;93.21;93.99;92.9;93.85;2294667
20140605;94;95.33;93.8;94.95;3344173
20140606;95.17;95.56;95.01;95.2;2776034
20140609;95.42;96.49;95.08;95.81;2676682
20140610;95.55;95.66;94.96;95.34;2635547
20140611;94.91;95.1;94.5;94.91;2061215
20140612;94.85;94.89;93.45;93.66;2476062
20140613;93.7;94.23;93.43;93.77;1875071
20140616;93.6;94.08;93.4;93.8;1884029
20140617;93.6;94.48;93.49;94.3;1854985
20140618;94.21;94.32;93.34;94.19;2974582
20140619;94.43;94.49;93.91;94.44;2350570
20140620;94.74;94.93;94.42;94.82;3101599
20140623;94.6;94.84;93.95;94.27;2237421
20140624;94.15;94.19;92.93;93.02;2853979
20140625;92.69;93.49;92.59;93.21;2260917
20140626;93.41;93.49;92.6;93.06;1713582
20140627;92.58;93.34;92.51;93.26;2021138
20140630;93.18;93.22;92.6;92.95;2354236
20140701;93.29;94.82;93.08;94.59;4379501
20140702;94.24;94.6;93.97;94.28;2260791
20140703;94.78;95.19;94.68;94.88;1521440
20140707;94.72;94.76;94.07;94.38;2914136
20140708;94.31;94.52;93.86;94.21;2418917
20140709;94.62;94.87;93.95;94.54;1883433
20140710;93.49;94.54;93.27;94.28;2780763
20140711;94.23;94.98;94.08;94.9;2537077
20140714;95.37;95.86;95.09;95.74;3118861
20140715;95.56;96.27;95.38;95.96;4025957
20140716;96.45;96.76;96.19;96.39;3165991
20140717;95.39;96.35;95.16;95.17;3777476
20140718;96.3;97.28;95.65;96.82;4488206
20140721;96.7;97.5;96.29;97.34;3746945
20140722;97.93;98.09;96.77;97.19;3840720
20140723;97.75;97.8;96.59;96.6;3169975
20140724;96.59;96.8;95.92;96.01;2193570
20140725;95.82;96.23;95.65;95.76;2245867
20140728;95.83;96;94.36;95.17;3307655
20140729;95.1;95.37;93.69;93.78;3491449
20140730;94.83;94.83;93.34;94.07;2636785
20140731;93.31;93.44;91.83;91.83;4108667
20140801;91.75;92.3;90.94;91.57;4633337
20140804;92.86;92.86;90.75;91.36;3324737
20140805;90.86;92.28;90.59;91.24;4288244
20140806;90.36;91.01;90.18;90.56;3886765
20140807;90.99;91.4;90.59;90.96;3588825
20140808;91.11;92.79;90.88;92.71;2923803
20140811;93;93.84;92.96;93.16;2815508
20140812;92.82;93.54;92.55;92.91;2197262
20140813;93.28;94.35;93.08;94.27;2236455
20140814;94.47;94.77;94.27;94.39;1957399
20140815;94.49;94.78;93.5;94.23;3457868
20140818;94.62;95.4;94.59;95.26;2832049
20140819;95.07;95.15;94.67;94.72;2393818
20140820;95.04;95.98;94.59;95.77;2576267
20140821;95.98;96.33;95.54;95.94;1518084
20140822;95.74;95.89;95.25;95.56;1449469
20140825;96.04;96.17;95.71;95.81;1185748
20140826;95.89;96.04;95.46;95.51;1522518
20140827;95.75;95.89;95.28;95.57;1303861
20140828;95.14;95.4;94.7;95.3;945846
20140829;95.35;95.57;94.83;95.23;1170822
20140902;95.18;95.79;95.06;95.5;1672771
20140903;95.86;95.95;95.26;95.46;1341970
20140904;95.48;96.02;94.82;94.99;2521451
20140905;94.99;95.81;94.5;95.61;1923442
20140908;95.54;95.63;94.98;95.24;2024343
20140909;95.04;95.28;94.33;94.46;2240455
20140910;94.33;94.61;93.8;94.36;2497099
20140911;94.13;94.79;93.94;94.74;1529860
20140912;94.76;94.98;94.27;94.5;3024496
20140915;94.31;94.83;93.77;94.65;2711610
20140916;94.47;95.02;93.89;94.86;2237666
20140917;95.16;95.98;94.9;95.54;3133676
20140918;96;96.5;95.67;96.39;2636162
20140919;96.72;96.93;96.24;96.5;5388905
20140922;95.82;96.33;94.56;94.7;2231137
20140923;94.35;94.43;93.32;93.39;3339526
20140924;93.31;94.02;93.24;93.83;2349191
20140925;93.53;93.64;92.33;92.4;2264190
20140926;92.43;93.35;92.25;93.3;2392839
20140929;92.43;93.83;92.36;93.53;3054903
20140930;93.43;93.72;92.67;93.12;2562722
20141001;92.75;92.85;91.3;91.66;4462118
20141002;91.59;91.87;90.3;91.12;2724589
20141003;91.9;92.11;91.15;91.71;2543216
20141006;92.08;92.74;91.66;91.95;2392750
20141007;91.17;91.36;89.74;89.79;2590587
20141008;89.88;91.52;89.28;91.45;3456009
20141009;91.38;91.58;89.5;89.77;2691324
20141010;89.55;89.79;87.89;87.9;4657062
20141013;88.02;88.5;85.56;85.66;4127275
20141014;86;86.96;85.71;86.19;5621849
20141015;85.17;85.72;82.89;85.11;7911282
20141016;83.73;86.8;83.48;86.39;6011774
20141017;89.23;90.78;88.89;90.06;7843117
20141020;89.35;90.02;88.97;90;4513365
20141021;90.6;92.95;90.6;92.92;4539653
20141022;93.56;93.78;91.13;91.16;5255167
20141023;92.8;94.5;92.6;93.58;4083490
20141024;93.54;94.85;93.21;94.7;2664341
20141027;94.19;94.41;93.25;93.7;4131468
20141028;94.4;95.39;94.15;95.17;3184899
20141029;95.24;95.74;94.37;95.05;2604618
20141030;94.4;96.02;94.15;95.59;2292374
20141031;96.93;96.98;95.88;96.12;3995814
20141103;96.25;96.25;95.43;95.66;3090867
20141104;95.7;95.86;94.88;95.29;2691258
20141105;96.32;96.89;95.7;96.71;2776859
20141106;96.89;96.97;96.13;96.71;3018155
20141107;96.7;96.98;96.13;96.77;2364976
20141110;96.87;97.38;96.39;97.27;1828065
20141111;97.2;97.6;96.74;96.98;1234987
20141112;96.36;97.18;96.33;97.01;1810814
20141113;97.04;97.8;96.74;97.06;2418383
20141114;97.14;97.31;96.58;96.79;1348055
20141117;96.18;96.65;96.18;96.53;1741548
20141118;96.25;97.24;96.09;96.83;2227922
20141119;96.57;96.7;96;96.57;1349763
20141120;96.14;96.88;95.85;96.73;1737475
20141121;97.74;98.41;97.61;98.23;3331276
20141124;98.54;98.86;97.96;98.27;1954914
20141125;98.26;99.21;98.15;98.88;2789005
20141126;99.14;99.22;98.87;99.08;2183045
20141128;99.25;99.35;98.94;99.07;1549101
20141201;98.6;98.91;97.32;97.4;3042486
20141202;97.47;97.86;97.23;97.86;1685592
20141203;98.14;100.06;98.14;99.97;2694797
20141204;99.85;99.85;98.76;99.26;1945182
20141205;99.62;100.16;99.38;99.69;1472400
20141208;99.37;99.78;98.57;98.75;1569076
20141209;97.49;99.41;97.45;99.32;1715351
20141210;99.19;99.25;97.4;97.5;2388082
20141211;97.7;98.5;97.57;97.89;2213474
20141212;97.1;97.49;95.84;95.88;2363658
20141215;97.03;97.33;95.37;95.81;3322584
20141216;95.91;98.06;95.81;96.38;4038927
20141217;96.4;97.83;95.59;97.66;4921612
20141218;98.96;100.63;98.67;100.63;3657079
20141219;100.66;101.75;100.44;101.16;4415719
20141222;100.97;101.98;100.83;101.21;2559926
20141223;101.61;102.38;101.54;101.98;1522902
20141224;102.34;102.39;101.95;101.96;606522
20141226;102.05;102.19;101.62;101.63;1025890
20141229;101.42;101.93;101.18;101.67;985553
20141230;101.2;101.43;100.57;100.72;1485503
20141231;100.97;101.35;99.87;99.92;1751626
20150102;100.2;100.85;99.1;100.23;2128832
20150105;99.9;99.9;98;98.32;3158662
20150106;98.3;99.49;97.53;98.09;4234040
20150107;99.07;99.85;98.49;98.8;2610530
20150108;99.64;100.8;99.64;100.6;2570740
20150109;100.69;100.78;98.82;98.93;2651585
20150112;99.2;99.37;97.24;98.45;2759768
20150113;99.14;100.23;98;99.15;3422759
20150114;97.68;98.96;97.68;98.69;3099348
20150115;99.26;99.39;97.1;97.11;3496497
20150116;96.87;98.32;96.5;98.22;4829826
20150120;99.28;99.75;97.94;98.98;3806948
20150121;98.48;99.51;98.15;99.25;2505298
20150122;99.75;99.95;98.13;99.39;4426525
20150123;101;103.92;100.5;102.5;5882370
20150126;102.42;102.49;101.26;101.89;3299888
20150127;100.83;101.8;99.97;100.9;2516231
20150128;101.53;102.5;99.76;99.82;3813091
20150129;99.55;100.31;98.06;100.17;4530407
20150130;99.26;99.75;97.54;97.76;4098685
20150202;98.57;99.87;96.94;99.77;3562658
20150203;100;101.31;99.96;101.27;2764281
20150204;100.89;101.5;100.41;100.75;2464495
20150205;101;102.5;100.83;102.34;2555516
20150206;102.25;102.86;101.44;101.75;2404731
20150209;101.45;101.98;101.13;101.59;2253529
20150210;102;102.64;101.47;102.44;1702930
20150211;102.19;102.81;101.87;102.43;1924643
20150212;102.66;103.71;102.65;103.5;1942140
20150213;103.25;104.45;103.25;104.38;1970287
20150217;104.07;104.42;103.66;104;2298393
20150218;104.23;104.95;104.06;104.62;2267560
20150219;104.27;104.99;104.02;104.7;1961666
20150220;104.59;105.39;103.58;105.36;3375001
20150223;105.3;105.3;104.11;104.38;3075954
20150224;103.83;104.54;103.58;104.3;2352226
20150225;104.1;104.82;104.07;104.39;2143299
20150226;104.2;104.36;103.43;103.64;1904700
20150227;103.35;103.87;102.73;102.78;2995067
20150302;102.56;104.63;102.53;104.58;3190361
20150303;103.88;104.4;103.6;104.04;2485237
20150304;104.36;104.36;102.42;103.05;2506275
20150305;103.72;103.84;103.01;103.13;2242872
20150306;102.31;102.77;101.6;101.87;2468301
20150309;102.15;103.5;102;103.14;2482900
20150310;102.14;102.4;101.17;101.17;3003271
20150311;101.27;101.47;100.58;100.65;2468878
20150312;100.99;102.57;100.99;102.46;2604688
20150313;102.37;102.45;100.3;101.17;2590479
20150316;101.5;102.85;101.39;102.78;2236508
20150317;102.03;102.51;101.84;102.21;1849938
20150318;101.98;104.26;101.19;103.84;2958765
20150319;103.27;103.59;102.47;103.02;2238108
20150320;103.71;106.15;103.6;105.4;9962893
20150323;105.39;105.39;103.92;104.3;4021247
20150324;104.1;104.83;103.72;104.06;2399079
20150325;104.41;104.41;101.92;101.93;2469046
20150326;101.38;102.61;100.88;102.17;2777334
20150327;102.11;103.05;102.01;102.96;3189392
20150330;103.71;105.1;103.58;104.91;2585564
20150331;104.25;104.82;103.79;104.31;2750989
20150401;104.05;104.1;102.62;103.24;2651249
20150402;103.37;104.01;102.81;103.51;2037184
20150406;102.82;105.06;102.74;104.49;2198144
20150407;104.36;104.85;104.13;104.13;1829911
20150408;103.99;104.74;103.49;103.85;2086157
20150409;103.86;104.63;103.45;104.39;1956376
20150410;104.77;104.9;103.97;104.7;2107757
20150413;104.31;104.65;103.28;103.28;2801858
20150414;102.97;103.55;102.48;103.25;2186910
20150415;103.75;104.24;103.49;103.79;2222864
20150416;103.23;104.17;103.05;103.92;3360309
20150417;103.01;103.34;100.86;101.7;6716311
20150420;102.15;102.84;102.09;102.58;3044257
20150421;102.69;102.97;101.02;101.33;3158637
20150422;101.23;102.35;101.02;102.19;3329405
20150423;101.98;103.44;101.72;103.01;3230534
20150424;102.97;103.05;102.36;102.5;2699991
20150427;102.88;103.27;102.4;102.54;1865990
20150428;102.95;103.32;101.94;102.93;2105935
20150429;102.25;102.84;101.54;101.74;2715924
20150430;101.56;101.96;100.69;100.92;3128752
20150501;101.56;102.52;101.42;102.5;2100208
20150504;102.48;103.34;102.33;102.58;2382783
20150505;102.52;102.88;101.28;101.54;2214769
20150506;102.15;102.25;100.31;100.99;3834713
20150507;100.65;101.16;100.15;101.01;4487072
20150508;102.22;102.47;101.93;102.12;3955189
20150511;102.98;103.39;102.56;102.69;3380891
20150512;101.88;102.45;101.45;102.31;2481613
20150513;103.1;105.23;103.03;104.44;4612028
20150514;104.86;106.58;104.5;106.44;4946383
20150515;106.67;106.92;106.08;106.85;5468210
20150518;106.65;107.1;106.59;106.77;3039502
20150519;106.41;106.63;105.63;105.81;2502058
20150520;105.92;106.58;105.6;106.23;3377446
20150521;106.28;106.8;106.08;106.36;2659730
20150522;106.27;106.5;105.84;105.92;1457980
20150526;105.51;105.67;104.47;104.84;2182430
20150527;105.15;105.58;104.78;105.38;2091700
20150528;105.35;105.77;104.82;105.69;2407204
20150529;105.46;105.55;104;104.2;2375774
20150601;104.23;104.71;103.52;104.06;2152072
20150602;103.97;105.13;103.16;104.56;1954600
20150603;105;105.39;104.3;104.98;1517008
20150604;104.3;104.86;103.43;103.72;2469631
20150605;103.68;104.06;103.37;103.74;1593901
20150608;103.77;103.92;103.25;103.26;1472982
20150609;103.33;103.99;103.23;103.56;1524179
20150610;104.3;105.01;103.66;104.77;2103098
20150611;105.23;105.23;104.54;104.9;1631752
20150612;104.44;104.8;103.69;104.05;1249695
20150615;103.18;103.66;102.33;103.44;2869411
20150616;103.18;104.33;103.09;104.1;1816189
20150617;104.38;104.7;103.22;104.2;2669161
20150618;104.31;105.92;104.31;105.53;2227744
20150619;105.22;105.89;105.1;105.34;2782794
20150622;105.9;106.21;104.55;105.37;2188899
20150623;105.28;105.35;104.52;104.76;1809240
20150624;104.75;105.26;104.1;104.1;2298884
20150625;105.07;105.07;103.22;103.36;1449591
20150626;103.73;103.75;103.18;103.54;2114520
20150629;102.93;103.15;101.81;101.85;2139317
20150630;102.67;103.12;101.57;101.97;2195484
20150701;102.98;103.48;102.48;102.84;2171453
20150702;103.14;103.31;102.19;102.51;1793136
20150706;101.5;102.96;101.36;102.38;2262461
20150707;102.42;102.98;101.05;102.84;2365298
20150708;102;102.39;100.75;100.97;2346225
20150709;102.32;102.72;101.14;101.18;2720726
20150710;101.99;102.67;101.58;102.41;2574428
20150713;103.34;103.87;103.12;103.77;1608582
20150714;103.72;104.41;103.4;104.08;1443184
20150715;104.08;104.46;103.56;103.84;2735262
20150716;104.89;104.89;103.03;103.57;4628436
20150717;104.92;106.62;104.27;105.54;5442485
20150720;105.7;106.79;105.53;106.37;4522601
20150721;106.02;106.4;105.19;105.4;3724364
20150722;105.36;105.52;104.51;104.74;3127656
20150723;104.78;105.47;104.21;104.32;2369342
20150724;104.17;104.52;102.3;102.77;2803327
20150727;102;102.05;101.36;101.64;3291338
20150728;102.7;104.52;102.3;104.2;3928774
20150729;104.2;105.84;103.95;105.54;2572942
20150730;105.02;105.77;104.62;105.38;2212355
20150731;105.76;105.92;104.93;105.05;1979035
20150803;105.02;105.02;103.9;104.7;2348098
20150804;104.72;105.4;104.09;104.62;2875989
20150805;105.5;106.27;105.25;105.73;1956048
20150806;105.8;106.3;105.4;105.79;2125112
20150807;105.66;105.94;104.99;105.46;1821847
20150810;106.45;107.41;106.33;107.3;2215846
20150811;106.11;106.46;104.51;105.37;3234406
20150812;105.29;105.78;103.63;105.54;3677381
20150813;104.98;105.9;104.62;105.52;2072322
20150814;105.66;106.21;105.44;106.08;1577039
20150817;105.56;106.35;104.71;106.28;2282090
20150818;105.77;106.67;105.57;106.21;3427834
20150819;105.5;105.99;104.8;105.04;2489490
20150820;104.09;104.31;102.6;102.64;3997907
20150821;101.87;102.05;98.85;98.88;7356089
20150824;92.33;98.49;87;95.28;7689741
20150825;98.35;98.54;93.81;93.93;6085444
20150826;96.27;97.88;95.1;97.83;5264285
20150827;99.14;100.5;98.37;99.89;5035213
20150828;99.52;100.25;99.11;100.02;3456302
20150831;99.61;100.38;99.1;99.27;4241766
20150901;96.98;97.44;95.42;95.96;4275908
20150902;97.03;98.01;96.51;98.01;3819142
20150903;98.52;99.66;98.37;98.57;3124310
20150904;97.31;97.7;96.06;96.59;3653751
20150908;98.81;99.82;98.39;99.81;3714953
20150909;100.44;101.02;98.64;98.86;3293490
20150910;98.72;100.15;98.26;99.55;3523961
20150911;99.47;99.64;98.43;99.62;2556996
20150914;100.01;100.01;98.93;99.22;2504483
20150915;99.64;100.74;99.28;100.32;2997930
20150916;100.69;101.13;100.38;100.96;3244243
20150917;100.93;102.29;100.31;100.53;2701359
20150918;99.29;99.36;97.75;98.04;4900699
20150921;98.18;98.59;97.2;97.74;2683371
20150922;96.28;96.4;95.22;96.04;4581484
20150923;96.22;96.45;94.13;94.59;5715895
20150924;93.65;93.95;91.74;93.62;5575359
20150925;94.76;94.79;93.04;93.52;3898547
20150928;92.83;93.39;91.57;91.59;4362902
20150929;91.97;93.1;91.71;92.52;3452647
20150930;93.65;94.84;93.48;94.69;4398166
20151001;94.74;96.08;93.6;94.71;3315389
20151002;93.37;96.61;93.01;96.54;3817534
20151005;97.08;98.93;96.9;98.38;3706487
20151006;98.38;99.08;98.15;98.21;2605829
20151007;99.03;100.35;98.76;99.49;2983174
20151008;99.07;101.4;99.03;101.07;3084548
20151009;101.12;102.11;101.01;101.16;3311469
20151012;101.29;101.68;100.84;101.5;1762118
20151013;100.68;101.09;99.72;99.82;3660248
20151014;99.86;100;98.24;98.26;3551091
20151015;98.83;98.83;97.41;98.5;6018155
20151016;100;100.85;95.33;97.03;12646102
20151019;96.79;97.53;96.5;97.18;5948137
20151020;97.2;98.84;97.2;98.28;4649258
20151021;98.87;99.91;98.23;98.77;3640999
20151022;99.27;102.9;99.27;102.58;4416194
20151023;103.31;103.8;102.09;103.13;4108784
20151026;103.42;103.42;102.55;102.78;1901853
20151027;102.58;102.99;102.03;102.45;2452451
20151028;102.51;103.65;102.21;103.58;2516035
20151029;103.24;103.84;102.33;102.94;3129146
20151030;103.29;104;102.94;103.28;2923259
20151102;103.27;104.35;103;104.18;2450475
20151103;103.97;104.21;103.39;103.65;2466438
20151104;103.69;104.22;103.21;103.37;1940602
20151105;103.38;103.92;102.86;103.6;2224536
20151106;102.87;104;102.61;104;2456134
20151109;103.35;103.62;102.02;102.71;3274464
20151110;102.27;102.86;101.31;102.4;2757440
20151111;102.88;104.13;102.45;103.26;2306258
20151112;102.46;102.64;101.63;101.97;3478172
20151113;101.75;102.51;100.79;101.08;2446173
20151116;101.08;102.99;100.96;102.96;2297976
20151117;103.18;103.18;101.94;102.29;2424005
20151118;102.62;104.15;102.42;104.06;2535792
20151119;104.26;105.18;104.07;105.04;3408742
20151120;105.39;106.14;105.35;105.63;2562006
20151123;105.56;105.93;103.84;104.59;3134552
20151124;103.3;103.8;102.09;103.17;5749398
20151125;103.48;103.91;102.91;103.63;3725060
20151127;103.66;104.4;103.43;104.06;1144656
20151130;104.3;104.54;103.82;103.95;2894489
20151201;103.9;105.27;103.77;104.15;3264558
20151202;103.91;104.29;102.92;103.1;2482890
20151203;103.41;103.68;101.86;102.4;2702815
20151204;102.78;104.71;102.41;104.55;3552293
20151207;104.55;104.85;103.61;104.18;2298449
20151208;103.03;103.56;102.39;102.66;2711874
20151209;102.1;103.55;101.41;101.89;2464636
20151210;102.16;102.34;101.3;101.76;2812836
20151211;100.27;100.99;97.91;98.23;5553724
20151214;98.34;99.06;97.66;98.98;5761245
20151215;99.43;99.95;98.38;98.47;5086055
20151216;101.73;104.4;101.3;104.08;7361232
20151217;104.2;104.53;102.26;102.31;3747074
20151218;102.09;102.99;101.45;101.83;5489029
20151221;102.72;103.75;101.93;102.6;3062604
20151222;102.93;104.47;102.51;104.16;2552226
20151223;104.69;105.32;104.23;104.96;3650299
20151224;104.87;104.99;104.48;104.65;793858
20151228;104.23;104.62;103.83;104.33;1435086
20151229;105.2;105.72;104.24;105.34;2013709
20151230;105.4;105.44;104.19;104.46;2225209
20151231;104.07;104.58;103.48;103.57;2079409
20160104;101.62;102.64;100.99;102.57;3340979
20160105;102.64;103.59;102.27;103.41;2551317
20160106;102.14;102.5;101.48;102.24;2321637
20160107;100.54;101.11;98.71;99.23;3420518
20160108;99.92;100.34;98.18;98.43;4027218
20160111;98.82;99.42;97.44;98.42;3130699
20160112;99.24;99.59;97.83;99.17;3146672
20160113;99.75;99.9;96.72;97.1;2983331
20160114;97.34;99.48;96.52;98.74;5454045
20160115;96.31;97.59;95.9;97.26;4814522
20160119;98.42;98.55;96.21;97.33;3735893
20160120;95.49;96.89;93.71;96.24;4965520
20160121;96.82;97.64;95.89;96.58;3042397
20160122;98.14;98.53;96.77;97.82;3190325
20160125;97.58;97.72;96.37;96.48;2431821
20160126;96.75;98.64;96.39;98.51;3257783
20160127;97.77;98.78;96.32;96.96;5060249
20160128;97.92;98.55;97.1;97.97;4499433
20160129;100.99;103.43;99.88;103.2;6639924
20160201;102.2;103.2;100.68;102.88;5394299
20160202;101.8;101.8;100.09;100.66;3816291
20160203;101.45;102.28;99.42;102.16;3758733
20160204;101.69;103.72;101.62;102.55;5039900
20160205;102.66;102.76;101.22;102.13;3669710
20160208;101;101.64;99.88;101.53;3449926
20160209;100.24;103.55;100.24;102.72;3707456
20160210;103.14;104.57;102.47;102.6;4040779
20160211;100.41;102.31;99.93;101.54;5051314
20160212;102.68;103.78;101.9;103.48;4443765
20160216;104.47;106;104.16;104.95;5281832
20160217;105.39;106.6;105.27;106.13;6038313
20160218;105.93;107.06;105.73;106.47;4095352
20160219;106.14;107.52;105.4;107.27;4425047
20160222;108;111.86;104.65;105.17;15118112
20160223;104.31;105.8;103.17;103.64;7837358
20160224;102.33;103.73;101.25;103.3;6761998
20160225;103.62;104.26;103.04;104.19;4840670
20160226;104.09;104.53;102.71;103.03;7908351
20160229;102.59;103.49;101.28;101.35;5571647
20160301;103.61;105.87;103.3;105.87;8222394
20160302;105.8;107.66;105.38;106.49;4202895
20160303;106.6;108.21;106.2;107.98;5307699
20160304;107.85;108.94;107.66;108.15;2950184
20160307;107.82;108.24;106.61;107.47;3882945
20160308;106.5;107.77;106.09;107.58;3109726
20160309;107.78;108.95;107.76;108.93;3562256
20160310;109.05;109.33;107.27;108.36;3139296
20160311;109.61;109.89;108.64;109.03;2798153
20160314;108.71;109.49;108.5;108.51;2784737
20160315;107.78;108.78;107.58;108.68;2021387
20160316;108.59;109.66;108.1;109.23;2653039
20160317;109.67;111.35;108.58;111.02;4211355
20160318;111.59;112.14;110.98;112.1;5403214
20160321;111.74;112.78;111.56;112.68;2893019
20160322;111.98;113.47;111.83;112.98;3119215
20160323;112.47;112.73;111.93;112.21;2201370
20160324;111.41;111.98;111;111.32;2367459
20160328;111.52;111.87;111.08;111.6;2134100
20160329;111.2;112.19;110.38;111.9;2469584
20160330;113.02;113.02;111.92;112.17;2220061
20160331;112.11;112.52;111.14;112.05;2498913
20160401;111.5;113.45;110.83;113.23;2363210
20160404;113.42;113.42;112.21;112.55;2324981
20160405;111.96;112.47;111.33;111.78;3321659
20160406;111.81;113.2;111.27;113.06;2509973
20160407;112.57;112.61;111.37;111.67;2751117
20160408;112.08;112.99;111.69;112.12;2072344
20160411;112.41;112.87;111.9;111.94;2154608
20160412;112.09;113.35;112;113.03;2140308
20160413;113.93;114.95;113.44;114.74;3457805
20160414;114.99;114.99;114.19;114.52;1766510
20160415;114.42;114.9;114.05;114.63;2093438
20160418;114.6;115.52;114.12;115.46;2586658
20160419;115.89;116.56;115.33;115.8;2207543
20160420;115.94;115.99;114.9;115.18;2562875
20160421;115.31;116.19;114.71;114.92;2865599
20160422;114;115.59;112.34;114.17;4900252
20160425;114;115;112.61;113.25;3662366
20160426;113.62;114.95;113.62;114.8;2965715
20160427;114.86;115.95;114.42;115.44;3265274
20160428;115.12;116.52;114.22;114.62;2988785
20160429;114.41;115.01;113.69;114.27;2719446
20160502;114.46;114.87;113.83;114.67;3054128
20160503;113.8;114.94;113.68;114.51;2628762
20160504;113.65;113.98;112.65;112.93;3238737
20160505;113.28;114.05;113.05;113.62;2999394
20160506;113.58;114;112.91;113.78;3352023
20160509;113.67;114;112.98;113.16;2672829
20160510;113.94;115.5;113.25;114.94;2870638
20160511;115;115.31;113.96;114.11;1718568
20160512;114.54;114.79;113.51;114.19;2365190
20160513;114.12;114.5;112.86;113.2;2512985
20160516;113.62;115.13;112.99;114.84;2397580
20160517;114.1;114.49;113.04;113.63;2496200
20160518;113.16;113.8;112.11;112.69;2475978
20160519;112.01;112.56;110.72;112.32;3026116
20160520;112.72;114.09;112.72;113.22;3985634
20160523;113.09;113.39;112.59;112.8;1699785
20160524;113.1;114.71;113.01;114.37;2087639
20160525;114.59;115.25;114.43;114.72;1590293
20160526;114.72;115.28;113.8;114.19;2022650
20160527;114.47;114.6;113.9;114.33;1762578
20160531;114.28;114.59;113.38;113.83;2980502
20160601;113.89;114.14;112.46;113.94;2228713
20160602;114.05;114.53;113.54;114.53;2141404
20160603;114.75;114.98;113.73;114.79;2149357
20160606;114.98;115.77;114.76;115.54;1872037
20160607;115.54;115.88;115.33;115.35;2002504
20160608;115.51;116.39;115.3;116.07;2450057
20160609;115.57;117.3;115.44;117.21;2657639
20160610;117.51;117.51;116.22;116.68;3245312
20160613;116.61;116.64;115.06;115.13;2417609
20160614;115.06;115.59;114.56;115.51;2054222
20160615;115.97;116.52;115.44;115.52;2884900
20160616;114.97;116.01;114;115.79;2144461
20160617;115.92;116.16;115.17;115.92;3259022
20160620;117.3;118.53;116.63;117.06;2897290
20160621;117.48;117.62;116.96;117.3;2319367
20160622;117.45;117.81;116.44;116.57;2195565
20160623;117.51;117.7;116.64;117.32;2007486
20160624;113.5;115.34;112.64;112.98;3663434
20160627;112.07;112.07;110.2;111.46;3893842
20160628;113.32;114.1;112.38;114.06;3644007
20160629;114.36;114.96;113.18;114.46;4016716
20160630;115;116.34;114.61;116.32;3377608
20160701;116.65;117.62;116.26;116.5;2233049
20160705;115.87;116.46;114.67;115.23;2416737
20160706;115.48;116.86;114.41;116.82;3098165
20160707;116.78;117.16;115.55;116.11;2140476
20160708;117.07;118.99;116.93;118.84;2524888
20160711;118.96;119.04;118.12;118.57;2968178
20160712;119.01;119.71;118.78;119.02;2298394
20160713;119.61;119.8;118.76;119.05;1901394
20160714;119.67;120.02;118.9;119.09;2415973
20160715;119.67;119.73;118.94;119.23;2254642
20160718;119.23;119.25;118.68;118.89;1248002
20160719;118.59;119.43;118.34;119.35;2182942
20160720;119.44;120;119.19;119.88;2174439
20160721;119.81;120;118.3;118.66;4131079
20160722;113.65;116;112.7;115.61;9167374
20160725;115.07;116.45;115.07;115.49;5401043
20160726;115.29;115.96;114.6;115.95;3049751
20160727;116.08;116.41;114.6;114.96;3446519
20160728;115;115.92;114.24;115.76;2977486
20160729;115.6;116.5;115.05;116.33;2939858
20160801;115.95;116.34;115.31;115.88;2270469
20160802;115.5;115.74;115.04;115.45;2092733
20160803;115.46;116.12;115.13;116.01;1989588
20160804;116.04;116.59;115.9;115.95;1290269
20160805;116.3;116.9;115.9;116.37;2937720
20160808;116.6;116.77;115.71;116.04;2009420
20160809;116.23;116.58;115.92;116.26;1663711
20160810;116.32;116.5;115.57;116.03;1768140
20160811;116.45;116.63;116.08;116.37;1566321
20160812;116.15;116.32;115.83;116.1;1364220
20160815;116.5;117.02;116.03;116.84;1848097
20160816;116.43;117.45;116.16;116.23;1937811
20160817;115.6;115.87;115.08;115.78;1692112
20160818;115.61;115.98;115.44;115.86;1776687
20160819;115.47;116.25;115.47;116.11;1593511
20160822;115.91;116.94;115.74;116.58;2219156
20160823;116.92;117.35;116.85;117.01;1811484
20160824;116.8;117.08;116.54;116.76;1728721
20160825;116.64;117.23;116.37;116.77;1823607
20160826;117.13;117.75;116.37;116.75;1703757
20160829;116.75;117.38;116.51;117.17;2403078
20160830;117.2;117.41;116.85;117.02;1946880
20160831;116.96;117.13;116.41;116.71;2052672
20160901;116.4;116.78;115.14;116.13;2868090
20160902;116.26;116.94;115.81;116.39;2474340
20160906;116.45;116.59;115.01;115.71;2194169
20160907;115.52;115.73;113.73;114.24;3416196
20160908;114;114.53;113.53;113.82;2704125
20160909;112.86;113.35;111.76;112.01;4537804
20160912;111.27;114.01;111;113.49;3809035
20160913;112.83;112.97;111.29;111.6;3876828
20160914;111.76;114.28;111.76;114.03;4378486
20160915;113.78;115.49;113.66;115.28;3300098
20160916;114.77;114.86;113.49;114.26;3917058
20160919;114.87;115.68;114.46;114.54;2955798
20160920;115.35;115.79;114.73;114.87;2859186
20160921;114.96;115.95;114.49;115.93;2438566
20160922;116.4;117.27;116.2;116.83;2896305
20160923;115.31;116.4;115.27;115.98;2348311
20160926;115.74;116.85;115.39;115.94;2606458
20160927;115.67;116.45;115.22;116.21;3689162
20160928;116.47;117.26;115.86;117.16;3331239
20160929;117.72;117.72;116.14;116.19;1877042
20160930;116.64;117;116.05;116.59;3837728
20161003;115.81;116.29;115.43;116.05;2481259
20161004;115.97;115.98;114.58;114.88;2522176
20161005;115.1;115.82;115.1;115.26;2122923
20161006;115.32;115.89;115;115.61;3271259
20161007;107.02;107.56;105.25;106.94;20446322
20161010;107.27;107.96;106.21;106.8;8423126
20161011;106.43;106.43;105.26;105.78;8347150
20161012;105.83;107.75;105.73;107.43;7245113
20161013;106.83;108.68;106.55;108.26;5118365
20161014;109.99;110.07;108.55;109;5307134
20161017;108.86;109.4;107.96;108.04;3621559
20161018;109.16;109.17;107.71;107.87;3258816
20161019;108.01;108.66;107.41;108.27;3126166
20161020;108.08;108.58;107.72;108.14;4080660
20161021;107.96;109.6;107.51;108.96;3373386
20161024;109.43;110.12;108.81;109.26;3455660
20161025;109.5;109.51;108.61;109.07;3532951
20161026;108.86;109.75;108.54;109.43;2133682
20161027;109.76;109.89;108.42;108.83;2912052
20161028;109.4;110.88;108.93;109.83;2878656
20161031;109.96;110.17;109.53;109.68;2542359
20161101;109.87;110.19;108.83;109.15;2931513
20161102;109.39;109.39;108.01;108.46;4639498
20161103;108.75;108.82;108.01;108.35;3741822
20161104;108.48;109.2;108.01;108.25;3140285
20161107;109.83;111.34;109.45;111.25;4672502
20161108;111;111.51;110.51;110.62;3281938
20161109;111.05;113.14;109.73;112.36;4567463
20161110;113.11;114.5;112.82;113.19;6553559
20161111;113.11;113.51;112.74;113.25;3295715
20161114;113.62;114.36;112.84;113.04;2677070
20161115;113.06;113.44;112.09;113.12;2793997
20161116;112.47;112.83;111.87;112.27;2472485
20161117;112.59;113.39;112.44;113.1;2195016
20161118;112.98;113;111.89;112.09;2879131
20161121;112.24;112.48;111.78;112.21;2523254
20161122;112.53;112.76;112.1;112.52;2152556
20161123;112.77;113.96;112.77;113.83;2630418
20161125;113.92;114.36;113.52;114.17;831276
20161128;114.16;114.19;113.34;113.85;2617445
20161129;113.46;114.49;113.29;113.34;3334551
20161130;113.73;114.74;113.28;113.94;5896813
20161201;113.24;114.05;112.81;113.67;3807541
20161202;113.96;114;112.17;112.45;3537095
20161205;112.9;113.8;112.71;112.88;3026269
20161206;113.34;113.66;112.66;113.07;2545556
20161207;113.37;116.81;112.81;116.51;7456760
20161208;116.34;117.14;114.83;115.65;5211971
20161209;115.16;116.43;115.03;116.23;2915337
20161212;116.4;117.41;115.68;117.41;5700171
20161213;117.63;118.4;117.3;118.09;4255186
20161214;117.84;118.62;116.28;116.51;4154782
20161215;116.31;117.49;116.15;116.34;3984422
20161216;113.64;117.58;113.6;116.38;7634326
20161219;117;118.06;116.8;117.29;3596034
20161220;117.45;118.09;117.3;117.71;2720036
20161221;117.58;117.9;116.93;117.2;2750960
20161222;117.34;117.5;116.61;116.92;3241353
20161223;117.31;117.45;116.72;116.99;1426219
20161227;117.01;117.55;116.8;117.03;1146939
20161228;117.18;117.37;115.7;115.75;2599421
20161229;116.12;116.58;115.8;116;1667306
20161230;116.2;116.2;115.42;115.85;2285556
20170103;116.63;116.9;115.56;116.18;3025410
20170104;116.64;116.97;116.03;116.5;2941631
20170105;116.53;117.46;116.22;116.76;2651057
20170106;116.94;118.71;116.51;118.53;3613676
20170109;118.27;118.39;117.55;117.55;3863128
20170110;117.33;118.44;116.88;117.85;3752587
20170111;117.54;118.12;117.13;118.01;2887068
20170112;118.01;118.01;116.66;117.63;3161529
20170113;117.67;118.31;117.61;118.07;2988377
20170117;117.42;118.08;117.01;117.23;3360915
20170118;117.52;118.3;117.21;118.06;2305900
20170119;118.33;118.75;117.31;117.91;2413161
20170120;118.44;118.44;117.12;117.82;2943181
20170123;117.89;118.25;116.98;117.41;2273136
20170124;117.64;118.08;117.27;117.96;2553983
20170125;118.27;118.66;117.72;117.88;4294174
20170126;117.98;118.11;117.28;117.97;6179200
20170127;118.65;119.11;117.12;118.42;3873847
20170130;118.09;119.12;117.76;119.11;3159974
20170131;118.98;119.23;117.37;118.32;4243787
20170201;118.71;118.93;117.44;118;2399581
20170202;117.58;118.13;117.13;117.99;2213822
20170203;118.52;119.36;117.91;119.19;2860415
20170206;119.03;119.59;118.86;119.34;3006008
20170207;119.68;120.16;119.42;119.72;2548850
20170208;119.62;120;119.31;119.73;1824112
20170209;119.69;120.97;119.64;120.66;2184755
20170210;120.79;122;120.74;121.85;3590330
20170213;122.23;123.81;122.1;123.62;4425520
20170214;123.5;123.96;123.14;123.62;3111347
20170215;123.36;124.47;123.17;124.28;3220467
20170216;124.3;124.44;123.3;124.16;4309055
20170217;123.92;124.56;123.32;124.56;2718803
20170221;124.8;125;124.2;124.71;2369206
20170222;124.01;125.07;123.52;125.04;3201035
20170223;125;125.42;124.05;124.82;2992204
20170224;124.24;125.03;123.62;125.03;2524108
20170227;124.6;125.1;124.24;124.89;4086604
20170228;125;125.72;124.25;124.5;2902921
20170301;125.36;127.41;125.36;127.25;3969890
20170302;126.76;127.35;125.82;126.33;3015215
20170303;126.29;126.63;125.71;126.21;1953415
20170306;125.11;126.56;125.02;126.08;3023018
20170307;125.97;126.41;125.58;126.26;2052846
20170308;126.41;127.21;126.02;126.59;3120125
20170309;126.54;127.23;125.74;126.19;2479484
20170310;127.12;127.36;126.49;127.04;2686511
20170313;127.12;127.35;126.49;126.73;3118116
20170314;125.04;126.59;124.12;125.71;1978016
20170315;126.33;127.52;126;126.97;3601263
20170316;127.48;127.48;126.22;126.36;2742746
20170317;126.85;127.32;126.3;127.16;3839754
20170320;127;127.17;126.31;126.5;2030784
20170321;127.06;127.3;125.41;125.66;2364198
20170322;125.87;125.94;124.53;125.5;2101627
20170323;125.61;125.98;125.13;125.52;1770321
20170324;125.59;126.03;124.28;124.77;2222343
20170327;123.77;124.83;123.05;124.5;3328324
20170328;124.21;125.8;123.54;125.28;1973829
20170329;124.96;125.48;124.77;125.3;1541348
20170330;125.13;125.72;124.99;125.41;1781085
20170331;125.11;125.55;124.7;124.87;2668599
20170403;124.73;125.23;123.29;124.33;2905336
20170404;124.47;124.74;123.85;124.18;1777676
20170405;124.53;125.12;123.5;123.57;2585632
20170406;123.74;124.33;123.34;123.83;2076723
20170407;123.97;124.47;123.59;124.27;1863748
20170410;124.26;125.17;124.23;124.46;2268070
20170411;124.43;124.79;123.61;124.54;1907241
20170412;124.66;124.76;122.97;123.15;2720524
20170413;122.93;123.48;122.49;122.5;1677698
20170417;123;123.43;122.4;123.43;1857408
20170418;123.2;123.69;122.69;123.08;1666135
20170419;123.8;123.8;122.64;122.74;1839833
20170420;123.45;124.6;123.03;123.77;3977938
20170421;127.08;128.3;126.1;127.08;6281886
20170424;128.35;130.74;128.35;129.79;5641035
20170425;129.96;131.34;128.69;129.3;6467846
20170426;129.35;130.83;129.14;130.1;4690873
20170427;130.34;130.51;129.43;129.88;3435269
20170428;134.75;135;130.94;131.14;5979521
20170501;131.03;131.89;130.5;130.9;3164456
20170502;130.73;131.57;130.71;131.19;3948779
20170503;130.51;131.53;130.13;131.07;4496921
20170504;131.29;131.42;130.65;131.2;2827321
20170505;131.28;131.75;130.75;131.41;4433586
20170508;131.47;131.47;130.82;131.13;2340294
20170509;131.21;132.11;130.99;131.91;2916974
20170510;131.72;132.06;131.21;131.74;2426367
20170511;131.88;132.5;130.78;131.9;2079203
20170512;131.71;131.78;131.27;131.49;2167407
20170515;131.58;132.07;131.36;131.98;2310463
20170516;131.98;132.25;131.4;132.01;1881383
20170517;130.73;131.05;129.86;129.94;3136760
20170518;129.8;131.18;129;130.42;2417397
20170519;131.37;132.01;130.7;131.4;2498310
20170522;132.3;132.38;131.47;131.84;2186066
20170523;131.73;132.38;131.35;131.85;2291033
20170524;132.26;132.67;131.74;132.14;2172656
20170525;132.89;133.93;132.16;133.75;2502253
20170526;133.7;134.12;132.84;133.25;2692322
20170530;132.7;133.22;132.63;132.93;2698630
20170531;133.47;133.48;132.96;132.99;2177493
20170601;133.56;133.86;132.82;133.45;2296931
20170602;133.63;134.6;133.38;134.03;2632519
20170605;133.93;134.15;133.47;133.49;2484641
20170606;133.44;133.67;132.69;132.74;1979682
20170607;132.86;133.34;132.54;132.72;2075674
20170608;132.33;133.59;132.15;133.55;2578094
20170609;133.58;134.08;132.95;133.79;2322359
20170612;133.33;134.24;132.6;133.26;2230807
20170613;133.76;134.42;133.36;134.39;2694677
20170614;134.46;134.85;133.83;134.24;2089548
20170615;133.35;134.61;133.35;134.47;2818082
20170616;134.66;135.33;134.24;134.63;3480126
20170619;135.25;135.9;135.01;135.84;2825554
20170620;135.24;135.44;134.74;134.91;1930099
20170621;135.04;135.18;133.91;134.25;2532628
20170622;134.61;134.61;133.7;134.07;1879414
20170623;134.04;134.26;133.65;133.99;6316465
20170626;134.4;135.01;134.06;134.26;1255712
20170627;134.38;134.5;132.86;132.93;1944347
20170628;134.21;134.38;133.5;133.97;2410574
20170629;133.97;134.15;131.42;132.32;1833794
20170630;133.42;133.87;132.69;133.29;1767954
20170703;133.93;134.44;133.53;133.71;904012
20170705;133.6;134.01;133.25;133.8;1871238
20170706;133.32;134.11;133.2;133.37;1430570
20170707;133.7;134.64;133.51;134.12;1730510
20170710;134.08;135.53;133.82;134.69;2051422
20170711;134.9;134.9;133.49;134.22;1942201
20170712;134.92;135.24;134.5;134.77;1692427
20170713;134.84;135.54;134.65;135.33;2445544
20170714;135.51;135.93;135.13;135.83;1794589
20170717;135.92;135.92;135;135.26;1428714
20170718;135.1;135.34;134.76;135.19;1700786
20170719;135.5;136.17;135.3;136.15;2204476
20170720;136.18;136.41;134.86;134.95;2943764
20170721;133.7;137.42;133.7;136.35;3548102
20170724;136.8;137.93;136.74;137.71;3879936
20170725;138;138;136.52;137.25;3073882
20170726;137.32;138.69;136.86;138.49;2680240
20170727;138.35;138.7;136.35;136.98;3670422
20170728;136.98;137.28;136.19;136.79;1846783
20170731;137.42;138.1;136.02;136.12;3858925
20170801;136.35;137.06;135.82;137.01;2869981
20170802;137.36;138.89;136.86;138.72;4827345
20170803;138.58;139.56;138.01;139.56;2555286
20170804;139.56;140.07;139.12;140.04;3494708
20170807;140.21;140.21;137.94;138.96;3542142
20170808;138.84;139.64;138.5;138.67;2067757
20170809;138.89;139.31;138.2;139;1957614
20170810;138.33;138.49;137.04;137.24;3064117
20170811;136.83;137.57;136.57;136.59;2347107
20170814;137.15;138.68;137;138.27;2321050
20170815;138.42;138.64;137.27;137.42;1731489
20170816;137.31;138.55;137.18;138.08;2001842
20170817;137.64;137.88;135.85;135.85;3072369
20170818;135.73;135.9;134.84;134.95;2977551
20170821;134.94;135.77;134.5;135.57;1512552
20170822;136.01;137.16;135.89;136.9;1675930
20170823;136.45;137.02;136.16;136.41;1249167
20170824;136.63;137.05;136.19;136.54;1920444
20170825;137.32;137.66;136.8;136.82;1996454
20170828;137.14;137.47;136.58;136.87;1515963
20170829;136.23;137.72;136.02;137.63;1699449
20170830;137.63;138.13;137.08;138.04;1784080
20170831;138.41;138.56;137.59;138.27;2985305
20170901;138.29;138.53;137.63;137.63;1759337
20170905;137.39;137.61;136.17;136.51;2850861
20170906;137.23;137.23;136.17;136.55;2439743
20170907;136.42;137.42;136.32;137.08;2460484
20170908;136.83;138.09;136.67;137.57;2929927
20170911;138.42;139.79;138.42;139;2333290
20170912;138.94;139.07;138.35;138.68;1602284
20170913;138.56;138.78;137.76;137.9;2043564
20170914;137.76;137.76;136.86;137.21;3422475
20170915;137.87;139.49;137.62;138.95;4594069
20170918;139.3;139.34;137.29;137.67;2879676
20170919;137.88;138.08;137.18;137.75;3421514
20170920;138.06;138.82;137.82;138.69;3644382
20170921;138.88;141.34;138.81;140.86;3914594
20170922;140.61;142.06;140.51;141.75;2917230
20170925;141.75;141.91;140.48;140.81;2943608
20170926;141.06;141.41;140.15;140.24;2361761
20170927;140.55;140.58;139.48;139.57;3040245
20170928;139.52;140.58;139.29;140.58;2082563
20170929;139.77;141.77;139.2;141.74;3673617
20171002;141.81;142.67;141.74;142.66;2522096
20171003;142.7;143.15;142.23;142.67;2240867
20171004;142.87;143.06;142.09;142.55;1787426
20171005;142.95;143.75;142.42;143.07;2245549
20171006;142.81;143.66;142.65;143.62;2165613
20171009;145.17;145.3;143.37;143.6;2423348
20171010;144.01;144.2;140.2;143.31;4096764
20171011;143.11;143.74;142.37;142.72;3241240
20171012;142.69;143.42;142.69;143.19;3004010
20171013;144.34;144.55;143.27;143.37;2157642
20171016;143.37;143.88;143.01;143.75;2001855
20171017;143.5;143.89;142.51;143.43;2435622
20171018;143.39;143.71;143.1;143.44;1734079
20171019;143.41;143.83;142.62;143.62;2623096
20171020;145.14;145.96;143.38;145.35;3369519
20171023;146.02;146.49;145.34;145.92;2892166
20171024;146.59;147;145.88;146.12;3319174
20171025;146.46;146.5;145.35;145.99;2780388
20171026;146.5;146.5;145.19;145.84;2146669
20171027;145.86;146.4;145.53;146.2;1869458
20171030;145.68;145.75;144.53;144.64;1805574
20171031;144.35;145.07;144.09;144.16;2443231
20171101;144.59;145.19;144.23;144.93;2161710
20171102;144.72;145.41;143.86;145.41;1944234
20171103;145.4;145.47;144.78;144.97;1424239
20171106;145.49;146.06;145.15;145.6;2038885
20171107;145.81;147.04;145.71;146.97;2613930
20171108;146.81;147.51;146.54;146.86;2514718
20171109;146.27;146.45;144.62;145.44;2354096
20171110;144.84;146.63;144.4;145.75;2908163
20171113;145.67;146.99;145.25;146.72;2014222
20171114;146.1;147.6;145.75;147.32;2312041
20171115;146.68;147.43;146.21;146.37;2521544
20171116;146.32;147.19;146.01;146.88;2209322
20171117;146.38;147;146.2;146.49;1637380
20171120;146.42;148.3;146.42;147.94;3554257
20171121;148.25;149.68;148.25;149.35;3028251
20171122;149.49;149.81;148.78;148.99;1815445
20171124;149.37;150.43;149.29;149.66;1196256
20171127;149.91;151.1;149.71;150.43;2284568
20171128;151.07;153.13;151.02;152.76;3656581
20171129;153.05;153.56;152.39;153.24;3346194
20171130;153.93;156.7;153.43;155.96;5681093
20171201;155.7;156.28;152.88;154.4;3013488
20171204;155.82;156.19;153.77;153.77;3250407
20171205;153.82;154.82;153.02;153.06;2582492
20171206;153.29;153.74;152.81;153;2896520
20171207;153;153.79;152.83;153.28;2044929
20171208;153.91;154.11;153.07;153.66;1482434
20171211;153.65;153.92;152.94;153.21;3623697
20171212;153.41;154.62;153;153.74;2959288
20171213;153.45;156.53;153.12;155.8;5064191
20171214;155.9;156.43;153.17;153.23;3142008
20171215;154.17;154.64;153.58;154.25;4293865
20171218;155;155.31;154;154.59;3575628
20171219;155.15;155.42;154.02;154.11;4251341
20171220;154.94;155.19;154.1;154.73;3582710
20171221;155.14;155.27;153.5;153.72;4858403
20171222;154.21;154.29;153.13;153.49;2151960
20171226;153.45;154.43;153.45;153.76;1408039
20171227;154.03;154.1;153.32;153.95;1764067
20171228;154.01;154.39;153.63;154.13;1654091
20171229;154.37;154.72;153.36;153.36;1669346
20180102;153.82;154;152.71;153.71;2863633
20180103;152.9;153.6;151.8;152.44;6337580
20180104;152.81;154.5;152.71;154.5;4496507
20180105;154.98;156.25;154.51;155.58;2478959
20180108;156;156.14;154.23;154.74;2739854
20180109;155.01;156.77;154.81;156.01;3391750
20180110;156.17;157.12;155.02;157.09;2562656
20180111;157.12;158;157.01;157.92;2329423
20180112;158.58;159.49;157.8;159.07;2343709
20180116;159.14;159.85;157.28;157.89;3422354
20180117;157.69;158.95;157.45;158.41;3163077
20180118;158.9;159.65;157.77;157.78;2655788
20180119;158.41;158.7;157.6;158.69;3765521
20180122;158.7;158.97;158.01;158.54;3269297
20180123;158.99;160.34;158.76;159.59;3902427
20180124;160.23;160.62;159.13;159.97;2654849
20180125;160.6;161.89;159.67;161.84;4083059
20180126;162.71;165.1;161;164.99;5019817
20180129;164.85;165.13;161.4;161.47;3669818
20180130;160.35;161;158.01;158.97;3888177
20180131;159.99;160.53;159.3;159.67;3289902
20180201;159;160.81;158.42;159.65;2753489
20180202;158.69;159.51;156.39;156.65;4208686
20180205;155.45;157.52;146.99;150.17;5772238
20180206;147.68;152.44;147.19;151.4;5319181
20180207;151.39;154.53;151.01;151.19;3171943
20180208;151.49;151.49;145.72;146.02;3362608
20180209;147.02;149.31;143.85;147.9;5405929
20180212;149.04;150.63;147.08;149.47;3455630
20180213;148.86;149.45;148.1;148.5;2815256
20180214;147.81;150.77;147.05;150.38;2960330
20180215;151.58;153.86;150.79;153.42;3635334
20180216;153.09;155.03;152.79;154.03;2801135
20180220;152.91;155.32;152.56;154.34;3713812
20180221;154.98;156.86;154.03;154.05;4054910
20180222;154.01;154.8;152.79;153.31;2224436
20180223;153.84;155.27;153.62;155.12;3165528
20180226;155.58;156.72;155.11;156.5;2902896
20180227;156.63;156.94;153.84;153.92;3098227
20180228;154.4;154.98;150.98;151.11;3528978
20180301;151.33;151.45;146.63;147.21;4626293
20180302;146.32;148.79;146.13;148.14;3403861
20180305;147.57;148.98;146.52;148.51;3399986
20180306;149.36;149.92;148.32;149.33;2782886
20180307;147.57;151.34;147.24;150.41;3984949
20180308;151.36;151.91;150.17;151.23;2186333
20180309;152.01;154.47;151.6;154.21;2884585
20180312;154.42;154.46;151.93;152.23;2415238
20180313;152.64;153.62;151.08;151.5;1885939
20180314;152.6;152.64;150.09;150.42;2028435
20180315;150.68;151.64;150.12;151.07;1847826
20180316;151.29;152.44;151.29;151.78;4329200
20180319;151.07;151.45;149.28;150.2;2173436
20180320;150.84;151.9;150.16;150.48;2721128
20180321;150.77;152.77;150.06;151.36;2589683
20180322;149.6;150.28;146.4;146.88;2579406
20180323;146.99;148.13;143.1;143.28;3614527
20180326;145.46;147.32;144.33;146.94;2245549
20180327;147.58;148.15;143.57;144.34;3080681
20180328;143.9;145.05;142.49;143.26;5022249
20180329;144.01;145.86;143.59;144.51;2573245
20180402;143.84;144.64;140.17;142.43;4092096
20180403;143;144.34;141.63;144.26;3205727
20180404;141.82;145.07;141.55;144.84;2768973
20180405;145.82;146.94;145.28;146.4;2239587
20180406;145.17;145.92;141.48;142.74;2867863
20180409;143.32;145.31;142.64;142.83;1952435
20180410;145.02;147.07;144.6;145.63;2928456
20180411;144.49;145.72;143.95;144.28;1953148
20180412;145.1;147.16;145.1;146.47;2327759
20180413;147.2;147.37;145.38;146.12;1588588
20180416;147.39;148.13;146.44;146.75;2565773
20180417;147.89;149.04;147.69;148.7;2106343
20180418;149.36;150.24;148.57;149.37;2751379
20180419;148.79;149.95;147.52;148.13;3182260
20180420;150.77;151.57;147.94;150.57;5270202
20180423;150.71;151.63;147.56;148.62;4461812
20180424;148.88;150.08;144.85;147.22;4191702
20180425;147.46;148.2;145.05;147.06;2877078
20180426;147.32;148.01;146.07;146.8;2404571
20180427;146.54;147.19;145.87;146.93;2132145
20180430;147.03;147.71;144.6;144.68;3235608
20180501;144.37;144.72;142.18;144.51;2431507
20180502;144.53;145.37;142.7;142.98;2346876
20180503;142.24;144.07;139.51;143.36;4356199
20180504;142.07;144.61;141.55;143.89;2640002
20180507;144.21;144.94;143.67;144.16;1825965
20180508;143.55;144.34;142.8;144.23;2828105
20180509;144.7;145.73;144.18;145.69;2472812
20180510;146;147.4;145.7;147.3;1973701
20180511;146.98;148.28;146.84;147.36;1543387
20180514;147.85;148.44;146.78;147.3;1818094
20180515;147.08;147.68;146.87;147.35;2677203
20180516;147.14;147.9;146.72;147.55;1948652
20180517;147.03;147.61;146.4;147.12;1969266
20180518;147.35;148.75;146.76;148.34;2946467
20180521;149.42;151.13;149.02;150.49;2447423
20180522;151.12;152.46;150.5;150.87;3348095
20180523;150;151.41;149.81;151.32;2829381
20180524;151.43;152.32;149.8;151.08;2639208
20180525;150.81;151.53;149.8;150.66;1934405
