20111013;23.5;24.27;23;24.25;396841
20111014;24.36;25.49;24.36;25.35;402629
20111017;25.5;25.8;25.16;25.16;583402
20111018;25.06;25.36;24.9;25.24;423500
20111019;25.25;25.35;24.75;24.75;722232
20111020;24.8;25.03;24.33;24.75;549716
20111021;25;25.75;24.95;25.54;1764512
20111024;25.5;25.85;25.5;25.77;371298
20111025;25.88;26.08;25;25.75;546812
20111026;26.09;26.09;24.86;25.02;657324
20111027;25.25;25.95;25.25;25.62;405421
20111028;25.5;25.82;25.25;25.82;584683
20111031;26.25;26.74;25.25;26.74;15105988
20111101;25.6;28.28;25.15;27.31;6095518
20111102;27.4;27.4;25.79;26.62;2476685
20111103;26.94;27.07;26.38;26.39;1615000
20111104;26.17;26.59;24.88;25.19;1923266
20111107;24.91;25.48;24.37;24.6;2703443
20111108;25.1;25.35;24.76;24.94;2024426
20111109;24.35;25;23.84;23.89;1570806
20111110;24.48;24.71;23.52;23.65;1165905
20111111;23.88;24.09;23.63;23.79;1266127
20111114;23.58;24.1;23.49;23.93;1338952
20111115;23.94;24.37;23.82;23.99;1657666
20111116;23.95;24.6;23.78;24.12;1804502
20111117;24;24.19;23.66;23.85;1279111
20111118;23.88;24.14;23.72;23.93;1426202
20111121;23.7;23.81;23.34;23.62;1282010
20111122;25.02;26.14;22.67;23.63;2126367
20111123;23.27;23.75;22.88;23.68;1009639
20111125;23.45;23.45;22.88;23;991092
20111128;23.66;24.18;23.14;23.49;1567249
20111129;23.51;23.6;23.17;23.27;1222452
20111130;24.06;24.2;23.33;23.9;2320784
20111201;23.81;24.36;23.65;24.27;1046646
20111202;25.48;25.48;24.22;24.25;1208825
20111205;24.57;25.15;24.41;25.09;930821
20111206;25.02;25.07;24.51;24.83;662703
20111207;24.72;24.83;23.86;24.57;951186
20111208;24.45;24.55;23.8;23.88;938618
20111209;24.07;24.46;23.96;24.35;549757
20111212;23.95;24.19;23.24;23.92;1213318
20111213;24.02;24.45;23.71;23.85;1652724
20111214;23.6;23.6;22.93;23.41;1735951
20111215;23.55;24.06;23.44;23.92;1074896
20111216;24.14;24.94;24.01;24.67;2926928
20111219;24.67;24.86;24.15;24.25;1107108
20111220;24.59;24.72;23.96;24.31;1189902
20111221;24.45;25.03;24.02;24.92;2177306
20111222;25.07;25.65;24.8;24.83;971020
20111223;24.83;25.16;24.7;24.91;574944
20111227;24.84;25.05;24.47;25.05;664335
20111228;25.11;25.76;25.11;25.56;917655
20111229;25.67;26.46;25.5;25.95;3975152
20111230;25.99;25.99;25.14;25.69;1169701
20120103;26.02;26.43;25.07;25.14;1059026
20120104;25.07;26.07;24.84;25.97;1391847
20120105;25.78;25.81;24.87;25.6;2270700
20120106;25.54;25.62;25.12;25.17;524372
20120109;25.16;25.42;24.82;25.27;558658
20120110;25.46;25.7;25.25;25.58;1048244
20120111;25.46;26.26;25.39;26.06;1066217
20120112;26.08;26.14;25.68;25.7;709226
20120113;25.45;25.68;25.34;25.63;886123
20120117;25.9;26.28;25.59;25.63;465337
20120118;25.51;27.04;25.43;26.99;1453670
20120119;27;27.29;26.44;26.62;838326
20120120;26.62;26.68;26.3;26.36;1014818
20120123;26.45;26.6;25.56;25.75;842772
20120124;25.69;26.21;25.6;26.14;761348
20120125;26.04;26.63;25.82;26.6;881776
20120126;26.68;26.85;25.76;25.94;849938
20120127;25.61;25.98;25.61;25.81;685853
20120130;25.65;25.96;25.5;25.92;475232
20120131;26.11;26.25;25.65;25.91;792665
20120201;26.02;26.85;25.92;26.82;816601
20120202;26.86;26.99;26.62;26.65;715174
20120203;26.96;27.08;26.57;27.03;719800
20120206;26.9;27.12;26.64;26.78;655099
20120207;26.7;27.35;26.53;27.22;963738
20120208;27.16;27.39;26.8;27.39;737818
20120209;27.35;27.4;26.91;27.13;721478
20120210;26.96;27.13;26.83;27.07;527246
20120213;27.35;27.35;26.83;27.03;638849
20120214;26.9;27.21;26.82;26.92;926326
20120215;26.97;27.11;26.87;27;1071282
20120216;27.02;27.32;26.96;27.15;639647
20120217;27.26;27.63;27.17;27.59;583461
20120221;27.66;28.12;27.51;27.82;753478
20120222;27.66;28.06;27.48;27.53;467403
20120223;27.52;27.83;27.3;27.78;335842
20120224;27.89;27.94;27.24;27.26;827853
20120227;27.1;27.4;26.87;27.36;1428987
20120228;27.24;27.24;26.12;26.84;3443811
20120229;26.76;26.95;25.91;25.98;4345609
20120301;26;27.32;25.77;26.69;1801321
20120302;26.37;26.95;26.37;26.6;1594867
20120305;26.6;26.7;26.04;26.22;1339794
20120306;25.95;26.02;25.39;25.85;1334109
20120307;26.09;26.3;25.74;26.21;933187
20120308;26.3;26.7;25.97;26.62;894769
20120309;26.57;27.36;26.53;27.25;719491
20120312;27.38;27.63;27.26;27.53;879771
20120313;27.64;28.44;27.64;28.42;861562
20120314;28.41;28.48;28.2;28.36;1183033
20120315;28.39;28.84;28.06;28.73;689158
20120316;28.74;28.87;28.17;28.19;903039
20120319;28.21;28.5;27.88;27.94;796443
20120320;27.85;27.92;27.08;27.31;993164
20120321;27.3;27.56;27.25;27.33;871973
20120322;27.12;27.37;26.98;27.22;665756
20120323;27.37;27.37;27.06;27.2;519460
20120326;27.37;27.86;27.37;27.85;642094
20120327;27.92;28.02;27.61;27.99;601000
20120328;27.96;28.11;27.54;27.96;917926
20120329;27.81;27.81;27.25;27.66;855474
20120330;27.83;27.86;27.4;27.75;1311510
20120402;27.71;28.35;27.7;28.32;817040
20120403;28.33;28.55;27.93;28.25;1034277
20120404;27.91;27.94;27.58;27.8;1070496
20120405;27.75;28.23;27.75;27.97;477464
20120409;27.47;27.55;27.2;27.36;495403
20120410;27.24;27.34;26.58;26.94;909828
20120411;27.19;27.3;26.83;27;810198
20120412;26.91;27.39;26.87;27.32;646459
20120413;27.1;27.21;26.79;26.83;492701
20120416;27.11;27.3;26.5;26.9;850380
20120417;27.29;27.31;26.85;27.2;540528
20120418;27.12;27.73;27.04;27.65;1118701
20120419;27.61;27.97;26.9;27.1;1061279
20120420;27.18;27.64;27.07;27.36;807403
20120423;27.06;27.06;26.52;26.89;556403
20120424;26.95;27.5;26.9;27.1;518084
20120425;27.34;27.81;27.34;27.7;569558
20120426;27.64;28.1;27.63;28.1;459040
20120427;28.14;28.52;28.14;28.21;642610
20120430;28.32;28.32;27.81;27.88;363918
20120501;27.91;28.32;27.58;27.66;638983
20120502;27.45;27.95;27.4;27.76;834999
20120503;27.69;27.72;27.05;27.3;990227
20120504;27.3;27.3;26.45;26.45;869979
20120507;26.39;26.64;26.13;26.21;995143
20120508;26.1;26.44;25.65;26.36;925973
20120509;25.91;26.39;25.61;26.13;923465
20120510;26.3;26.56;26.05;26.14;701427
20120511;26;26.47;25.92;26.03;625735
20120514;25.83;26.05;25.43;25.43;567173
20120515;25.38;25.57;25.17;25.21;565472
20120516;25.43;25.76;25.3;25.37;1045305
20120517;25.34;25.36;24.42;24.42;1456121
20120518;24.42;24.87;24.42;24.67;994753
20120521;24.78;25.51;24.69;25.34;1096617
20120522;25.47;25.85;25.37;25.59;958068
20120523;25.36;25.79;24.83;25.79;1252419
20120524;25.94;26.14;25.77;26.14;528777
20120525;26.19;26.31;25.61;25.65;677719
20120529;25.79;26.34;25.74;25.89;800997
20120530;25.46;25.84;25.27;25.45;591896
20120531;25.54;25.55;24.97;25.33;1021519
20120601;24.71;25.03;24.45;24.48;1379367
20120604;24.48;24.55;24.03;24.51;643371
20120605;24.38;24.66;23.94;24.58;499542
20120606;24.89;25.49;24.89;25.49;553764
20120607;26.63;26.63;25.59;25.74;802010
20120608;25.71;26.09;25.32;25.92;862268
20120611;26.29;26.33;25.45;25.51;816095
20120612;25.5;25.67;25.35;25.58;1222697
20120613;25.34;25.5;25.07;25.17;891281
20120614;25.21;25.25;24.92;25;1478348
20120615;25.14;25.43;24.92;25.32;3023706
20120618;25.21;25.28;24.95;25.13;860856
20120619;25.25;25.6;25.05;25.08;1441322
20120620;25.03;25.05;24.49;24.72;1123043
20120621;25.17;25.45;24.27;24.28;1418578
20120622;24.39;24.39;23.89;24.02;1278872
20120625;23.7;23.79;23.21;23.61;1097589
20120626;23.62;24.07;23.48;23.92;1163853
20120627;24.02;24.35;23.85;24.29;1045051
20120628;23.6;24.61;23.02;24.59;1942859
20120629;25.28;25.51;25.03;25.17;1590715
20120702;25.27;25.46;24.9;25.04;708659
20120703;24.99;25.68;24.94;25.68;324886
20120705;25.55;25.7;25.33;25.53;620040
20120706;25.22;25.5;25.15;25.2;433059
20120709;25.09;25.25;24.77;25;692639
20120710;25.09;25.45;24.28;24.36;916138
20120711;24.35;24.35;23.3;23.93;1620484
20120712;23.71;23.71;23.17;23.18;1070430
20120713;23.23;23.85;23.22;23.31;1232546
20120716;23.24;23.48;23;23.16;990556
20120717;23.35;23.68;23.19;23.65;1377699
20120718;23.52;24.07;23.52;23.93;684761
20120719;23.96;24.16;23.66;24.12;689502
20120720;23.93;24.21;23.72;23.79;570816
20120723;23.41;24;23.31;23.88;660745
20120724;23.82;23.95;23.37;23.59;790812
20120725;23.72;23.99;23.52;23.91;568737
20120726;24.25;24.25;23.69;23.73;1402151
20120727;23.92;24.29;23.76;24.2;810636
20120730;24.17;24.28;24.01;24.2;626300
20120731;24.17;24.22;23.95;23.98;631628
20120801;24.06;24.19;23.54;23.9;1667477
20120802;23.38;23.71;22.43;23.57;1850800
20120803;23.65;24.15;23.65;24.03;1228619
20120806;24.11;24.25;23.83;24.13;701857
20120807;24.24;24.27;24.08;24.24;678217
20120808;24.1;24.23;23.9;24.15;488248
20120809;24.21;24.64;24.09;24.47;470647
20120810;24.36;24.72;24.26;24.46;627338
20120813;24.44;24.67;24.27;24.51;330077
20120814;24.67;24.82;23.96;24.06;609345
20120815;24.03;24.29;23.94;24.29;475660
20120816;24.25;25.06;24.25;24.94;942070
20120817;24.95;25.19;24.89;25.14;718662
20120820;25.3;25.4;25.06;25.29;710552
20120821;25.4;25.71;25.2;25.2;608529
20120822;25.1;25.2;24.83;25.02;575595
20120823;24.97;25.11;24.53;24.63;630865
20120824;24.58;24.72;24.35;24.5;581203
20120827;24.67;24.68;24.11;24.14;662901
20120828;23.93;24.57;23.93;24.05;517317
20120829;24.07;24.15;23.88;24.01;597690
20120830;23.88;24.19;23.85;24.09;503073
20120831;24.33;24.33;23.94;24.29;1153993
20120904;24.23;24.24;23.81;24;914953
20120905;24.04;24.23;23.91;24.07;1199583
20120906;24.31;24.97;24.3;24.97;689350
20120907;25.49;25.51;24.87;25.1;627564
20120910;24.87;25;24.57;24.58;864380
20120911;24.63;25.47;24.57;25.38;985362
20120912;25.4;25.47;24.82;25;788920
20120913;25.06;25.45;24.8;25.36;755954
20120914;25.38;25.68;25.31;25.57;1722770
20120917;25.57;25.59;25.11;25.34;799250
20120918;25.26;25.71;25.22;25.71;1182337
20120919;25.66;26;25.58;25.98;1004454
20120920;25.68;25.92;25.25;25.6;1498219
20120921;25.7;25.78;25.36;25.44;1292846
20120924;25.3;25.59;25.26;25.5;919715
20120925;25.55;25.71;25.4;25.41;1661661
20120926;25.44;25.53;24.81;24.98;1354947
20120927;25.14;25.5;24.97;25.3;944418
20120928;25.17;25.34;24.99;25.15;1538172
20121001;25.25;25.5;24.84;25.24;1837947
20121002;25.29;25.49;25.06;25.25;1068436
20121003;25.35;25.35;24.9;25.02;887027
20121004;25.15;25.28;24.98;25.15;903763
20121005;25.32;25.49;25.03;25.14;716929
20121008;25.07;25.14;24.9;25.11;434127
20121009;25.12;25.17;24.75;24.79;920069
20121010;24.77;24.84;24.47;24.56;717598
20121011;24.7;24.78;24.27;24.32;832824
20121012;24.59;24.88;24.52;24.61;1001761
20121015;24.68;24.83;24.34;24.73;620770
20121016;24.83;25.43;24.61;25.37;881274
20121017;25.26;25.48;25.01;25.08;814941
20121018;24.68;24.72;24.13;24.64;1419602
20121019;24.59;24.59;23.9;24.22;1757481
20121022;24.22;24.32;23.85;24.29;771361
20121023;23.99;24.23;23.79;24.2;1365217
20121024;24.3;24.3;23.41;23.44;1154514
20121025;23.66;24.03;23.59;23.71;1296061
20121026;23.74;24.05;23.52;23.59;1096253
20121031;24.11;24.55;23.7;24.26;1763551
20121101;24.34;25.49;24.26;25.4;1535000
20121102;25.6;26.12;25.38;25.63;1503922
20121105;25.63;26.14;25.61;26;1349520
20121106;26.01;26.14;25.87;26.05;1512082
20121107;25.77;25.96;25.29;25.31;1157982
20121108;25.24;25.41;24.91;24.92;1120203
20121109;24.87;25.06;24.68;24.71;1445542
20121112;24.78;24.91;24.38;24.76;966538
20121113;24.63;25;24.53;24.53;704624
20121114;24.54;24.56;23.94;24.05;1001995
20121115;24.02;24.34;23.92;24.03;769756
20121116;24.02;24.22;23.92;24.19;984392
20121119;24.49;24.99;24.45;24.84;883979
20121120;24.82;25.17;24.77;25.12;775300
20121121;25.05;25.41;25;25.34;546064
20121123;25.39;25.52;25.18;25.52;341071
20121126;25.42;25.96;25.42;25.86;872921
20121127;25.79;25.89;25.47;25.63;633574
20121128;25.51;25.97;25.41;25.94;662305
20121129;26.03;26.18;25.82;26.13;584111
20121130;26.11;26.31;25.95;26.09;971358
20121203;26.25;26.31;25.73;25.77;648339
20121204;25.74;25.91;25.58;25.7;531096
20121205;25.76;26.23;25.61;26;663776
20121206;26;26.09;25.6;26.09;613237
20121207;26.23;26.38;26.02;26.38;530055
20121210;26.37;26.53;26.22;26.48;638141
20121211;26.48;26.75;26.36;26.63;777565
20121212;26.67;26.99;26.67;26.79;749205
20121213;26.8;26.93;26.54;26.69;520783
20121214;26.68;26.89;26.51;26.76;591622
20121217;26.79;26.84;26.45;26.55;681431
20121218;26.63;27.24;26.38;27.2;1044065
20121219;27.25;27.67;27.06;27.57;1007207
20121220;27.54;27.64;26.49;26.84;1646046
20121221;26.43;26.81;26.22;26.76;2001148
20121224;26.79;26.89;26.62;26.87;286764
20121226;26.92;27.05;26.7;26.78;298503
20121227;26.76;26.92;26.49;26.85;392262
20121228;26.6;26.74;26.41;26.43;402357
20121231;26.36;27.11;26.34;27.1;536804
20130102;27.63;27.99;27.42;27.5;927252
20130103;27.5;27.79;27.24;27.41;610706
20130104;27.51;27.64;27.25;27.37;563325
20130107;27.19;27.32;26.93;27.01;481287
20130108;26.93;26.94;26.39;26.68;1084482
20130109;26.82;27.14;26.76;27.1;985500
20130110;27.34;27.55;27.12;27.48;841985
20130111;27.58;27.6;27.09;27.18;353322
20130114;27.09;27.24;26.75;27.21;417312
20130115;27.1;27.16;26.73;27.13;734366
20130116;27.03;27.12;26.65;26.95;431748
20130117;27.06;27.47;26.83;27.42;653444
20130118;27.55;27.55;27.14;27.51;711601
20130122;27.65;27.68;27.34;27.68;1457835
20130123;27.62;27.92;27.58;27.9;977322
20130124;27.86;28.26;27.8;27.98;1095031
20130125;28.09;28.14;27.56;27.7;831331
20130128;27.76;28;27.55;27.92;875904
20130129;27.88;28.01;27.81;27.97;1000747
20130130;27.95;28.16;27.9;27.94;811070
20130131;27.93;28.01;27.89;27.93;922637
20130201;28;28.31;27.91;28.01;1239074
20130204;27.87;27.9;27.5;27.55;914032
20130205;27.73;27.99;27.65;27.77;695291
20130206;27.61;28.03;27.54;27.85;1350619
20130207;28.03;28.03;26.84;26.91;1576366
20130208;27.01;27.64;27.01;27.09;1206284
20130211;27.11;27.53;27.02;27.46;875010
20130212;27.52;28.1;27.48;27.95;904935
20130213;28;28.37;27.94;28.26;622205
20130214;28.22;28.62;28.2;28.47;927050
20130215;28.22;28.47;28.02;28.28;806462
20130219;28.36;28.85;28.36;28.76;1188046
20130220;28.71;28.76;27.93;27.96;765723
20130221;27.85;28.05;27.52;27.68;1038785
20130222;27.75;27.86;27.6;27.79;483518
20130225;28.02;28.16;27.02;27.02;1093959
20130226;27.14;27.23;26.8;27;1204551
20130227;27;27.55;26.94;27.47;1019092
20130228;27.53;27.77;27.45;27.5;772904
20130301;27.32;27.66;26.94;27.49;865564
20130304;27.39;27.51;27.14;27.49;682823
20130305;27.68;28.51;27.67;28.45;1210593
20130306;28.57;29.43;28.56;29.34;1701262
20130307;29.06;29.49;28.32;28.4;2081905
20130308;28.58;28.69;28.2;28.43;1793230
20130311;28.47;28.96;28.45;28.76;910318
20130312;28.7;28.74;28.33;28.53;988587
20130313;28.52;28.57;28.37;28.47;608422
20130314;28.57;28.82;28.53;28.71;524072
20130315;28.59;29.03;28.45;28.96;1381129
20130318;28.66;28.98;28.55;28.78;501945
20130319;28.85;28.85;28.21;28.44;548400
20130320;28.63;28.76;28.36;28.51;709295
20130321;28.32;28.76;28.27;28.56;1205844
20130322;28.69;28.76;28.35;28.44;1154578
20130325;28.64;28.64;27.57;27.73;865032
20130326;27.82;27.97;27.57;27.69;1082362
20130327;27.5;27.54;27.28;27.29;1269681
20130328;27.37;27.59;27.26;27.56;1392830
20130401;27.56;27.65;27.04;27.25;661558
20130402;27.42;27.66;27.12;27.22;552612
20130403;27.15;27.33;26.8;27.12;1416701
20130404;27.16;27.72;27.16;27.72;982455
20130405;27.41;27.65;27.2;27.6;1422015
20130408;27.59;27.85;27.38;27.85;642221
20130409;27.85;28.03;27.59;27.96;753914
20130410;28.05;28.69;28.03;28.69;1109962
20130411;28.65;28.86;28.47;28.86;924699
20130412;28.71;28.76;28.42;28.6;618515
20130415;28.2;28.36;27.29;27.42;1604510
20130416;27.53;27.69;27.25;27.66;1391510
20130417;27.48;27.61;27.02;27.28;1193124
20130418;27.37;27.52;26.88;27.04;772802
20130419;27.1;27.39;26.93;26.99;789452
20130422;26.96;27.11;26.64;26.84;906952
20130423;26.92;27.43;26.92;27.39;622222
20130424;27.46;27.97;27.46;27.69;630868
20130425;27.79;27.95;27.74;27.86;1024943
20130426;27.88;27.88;27.53;27.71;721454
20130429;27.76;28.29;27.69;28.25;664392
20130430;27.81;28.1;26.38;27.75;2809676
20130501;27.61;27.7;27.12;27.5;1728684
20130502;27.51;27.71;27.41;27.44;1041265
20130503;27.74;27.74;27.24;27.36;1388238
20130506;27.38;27.66;27.26;27.41;1050574
20130507;27.53;27.83;27.46;27.68;1070055
20130508;27.71;28.2;27.64;28.11;1142163
20130509;28.12;28.2;27.79;27.88;923943
20130510;27.96;28.09;27.7;27.8;863858
20130513;27.75;27.82;27.35;27.54;1153064
20130514;27.61;28.4;27.59;28.31;1665286
20130515;28.19;28.94;28.13;28.6;1695824
20130516;28.59;28.95;28.59;28.64;798902
20130517;28.85;29.09;28.79;28.93;502670
20130520;28.77;29.15;28.64;28.88;666590
20130521;28.9;29.19;28.68;28.7;450091
20130522;28.68;28.97;28.37;28.51;1412355
20130523;28.28;28.45;27.92;28.05;931506
20130524;27.85;27.96;27.61;27.85;582593
20130528;28.17;28.39;27.98;28.06;715811
20130529;27.9;28.13;27.77;28.05;887995
20130530;28.13;28.68;28.05;28.55;1034432
20130531;28.41;28.7;28.14;28.14;912159
20130603;28.22;28.39;27.77;28.25;1013625
20130604;28.24;28.47;27.73;27.86;479797
20130605;27.82;27.86;27.19;27.2;668778
20130606;26.5;27.44;26.49;27.3;867843
20130607;27.48;27.8;27.33;27.55;866292
20130610;27.63;27.63;27.3;27.5;625536
20130611;27.25;27.49;27.11;27.21;654272
20130612;27.48;27.48;26.96;27.01;834388
20130613;26.94;27.39;26.91;27.27;805793
20130614;27.24;27.51;27.05;27.12;349599
20130617;27.26;27.54;27.07;27.27;750566
20130618;27.36;27.67;27.35;27.66;666690
20130619;27.65;27.69;27.24;27.25;605339
20130620;26.99;27.12;26.39;26.41;1268228
20130621;26.62;26.7;25.87;26.1;1933125
20130624;25.89;26.02;25.56;25.77;1399812
20130625;25.95;26.1;25.81;25.93;1246753
20130626;26.07;26.18;25.98;26.08;971107
20130627;26.23;26.63;26.13;26.63;1214130
20130628;26.5;27.04;26.43;26.94;1762930
20130701;27.12;28.5;27.12;27.65;1479822
20130702;27.59;27.71;27.39;27.5;1432729
20130703;27.39;27.71;27.34;27.63;330275
20130705;27.78;28;27.65;27.98;570053
20130708;28.06;28.27;28.01;28.16;759370
20130709;28.34;29.01;28.3;28.54;1425569
20130710;28.54;29.05;28.5;28.97;1068634
20130711;29.38;29.79;28.93;29.03;1195033
20130712;29.03;29.21;28.92;29.08;670921
20130715;29.21;29.3;29.06;29.06;903613
20130716;29.13;29.18;28.56;28.58;901700
20130717;28.75;28.82;28.55;28.63;539035
20130718;28.76;29.25;28.76;28.93;609550
20130719;28.76;28.96;28.64;28.79;602775
20130722;28.84;29;28.68;28.87;560572
20130723;28.9;28.91;28.65;28.71;898012
20130724;28.74;28.87;28.52;28.59;546311
20130725;28.49;28.94;28.49;28.83;826516
20130726;28.59;28.87;28.49;28.67;632014
20130729;28.47;28.66;28.42;28.46;659292
20130730;26;26.69;23.61;25.54;10022418
20130731;25.45;25.45;24.79;24.93;6312280
20130801;25.18;25.43;24.91;25.19;5562282
20130802;25.09;25.41;25.04;25.27;1798447
20130805;25.17;25.4;25.06;25.28;1636013
20130806;25.26;25.48;25.2;25.43;1934518
20130807;25.36;25.36;24.82;24.9;2169059
20130808;25.08;25.21;24.95;24.98;1776150
20130809;24.93;25.06;24.82;24.98;2123230
20130812;24.88;25.02;24.72;24.83;1474416
20130813;24.95;25.03;24.77;24.97;1580039
20130814;25;25.03;24.83;24.99;1350166
20130815;24.78;24.96;24.6;24.72;3129218
20130816;24.64;24.71;24.29;24.52;1352539
20130819;24.57;24.76;24.43;24.62;832867
20130820;24.6;24.61;24.26;24.3;1491303
20130821;24.42;24.53;24.19;24.19;1029183
20130822;24.2;24.49;24.14;24.38;1113441
20130823;24.45;24.5;24.27;24.3;1656425
20130826;24.35;24.69;24.35;24.58;1059667
20130827;24.41;24.48;24.19;24.27;1339152
20130828;24.22;24.54;24.22;24.51;840010
20130829;24.47;25.01;24.42;24.95;1687931
20130830;24.94;24.94;24.68;24.78;1844210
20130903;25.03;25.16;24.96;25.08;1935797
20130904;25.04;25.65;25.04;25.5;913215
20130905;25.5;26.01;25.5;25.91;1055780
20130906;26.08;26.36;25.78;26.17;1870032
20130909;26.23;26.85;26.22;26.78;1924162
20130910;26.89;27.16;26.87;27.07;1922125
20130911;27.01;27.18;27;27.11;3056850
20130912;27.05;27.09;26.89;26.96;1407479
20130913;26.93;26.99;26.84;26.95;2205294
20130916;27.26;27.3;27.05;27.16;2204303
20130917;27.17;27.3;27.01;27.25;1527032
20130918;27.22;27.66;26.71;27.49;2833331
20130919;27.57;28.09;27.34;27.51;2545273
20130920;27.66;27.72;27.15;27.17;3534470
20130923;27.12;27.28;26.94;27;980620
20130924;27.04;27.47;27;27.36;1378724
20130925;27.41;27.61;27.38;27.53;1673179
20130926;28.02;28.4;28.02;28.23;2730662
20130927;28.06;28.15;27.89;27.99;1658771
20130930;27.77;27.98;27.71;27.93;1112909
20131001;27.96;28.28;27.93;28.24;1110422
20131002;28.03;28.12;27.82;28.12;1588945
20131003;28.02;28.12;27.71;27.9;1390550
20131004;27.9;28.27;27.8;28.18;624650
20131007;27.97;28.11;27.89;28;1045630
20131008;28;28.08;27.39;27.4;1093364
20131009;27.48;27.53;26.99;27.21;1478316
20131010;27.49;27.96;27.46;27.93;727994
20131011;27.85;28.15;27.7;28.1;943067
20131014;28.04;28.24;27.96;28.17;1045551
20131015;28.04;28.24;27.88;27.92;1376387
20131016;28.02;28.05;27.76;27.92;1117237
20131017;27.84;27.91;27.37;27.49;2235098
20131018;27.61;27.85;27.58;27.83;898930
20131021;27.82;28.35;27.74;28.33;2118811
20131022;28.35;28.43;27.91;28.21;1403862
20131023;28.14;28.42;27.99;28.34;983504
20131024;28.37;28.75;28.3;28.69;781891
20131025;28.74;29.02;28.61;28.99;983673
20131028;28.94;29.12;28.62;28.93;1648444
20131029;33.13;33.8;31.56;32.53;7931923
20131030;32.48;33.56;32.33;33.48;3006263
20131031;33.45;34.66;33.39;34.5;2501014
20131101;34.53;34.64;32.98;33.22;3774837
20131104;33.39;34.1;33.27;33.91;1749841
20131105;33.75;33.87;33.47;33.75;1612939
20131106;33.88;33.93;33.17;33.51;1935049
20131107;33.59;33.69;33.05;33.11;1592037
20131108;33.14;34.07;33.12;33.98;1457325
20131111;33.98;34.17;33.83;33.96;842560
20131112;33.82;34.09;33.63;33.94;1118814
20131113;33.81;34.34;33.63;34.32;987665
20131114;34.45;34.59;33.92;34.38;1167123
20131115;34.37;34.65;34.22;34.47;795134
20131118;34.47;34.53;33.84;33.94;999544
20131119;33.95;34.28;33.95;34.15;1273148
20131120;34.39;34.93;34.06;34.3;1382846
20131121;34.4;34.72;34.24;34.58;1410808
20131122;34.56;34.66;34.33;34.58;1158620
20131125;34.6;34.88;34.37;34.53;1008896
20131126;34.61;34.82;34.37;34.67;822035
20131127;34.79;34.85;34.54;34.77;368663
20131129;34.76;34.86;34.53;34.56;563789
20131202;34.68;34.68;33.85;33.91;1295187
20131203;33.85;34.08;33.17;33.58;2468743
20131204;33.45;33.73;33.07;33.56;1062468
20131205;33.52;33.98;33.43;33.78;1124517
20131206;34.08;34.08;33.41;33.51;1535559
20131209;33.64;33.95;33.55;33.63;980429
20131210;33.53;33.93;33.53;33.54;785505
20131211;33.51;33.56;32.88;32.91;941241
20131212;32.94;33.68;32.79;33.51;1312642
20131213;33.53;33.9;33.51;33.81;1077601
20131216;33.87;34.23;33.79;33.89;867296
20131217;33.85;34.11;33.72;34.1;1044752
20131218;34.2;34.74;33.96;34.7;1218859
20131219;34.52;34.79;34.07;34.16;1205148
20131220;34.29;34.46;33.95;34.08;1959298
20131223;34.31;34.55;34.17;34.19;704916
20131224;34.23;34.5;34.18;34.33;311242
20131226;34.51;34.79;34.48;34.69;270753
20131227;34.69;34.88;34.47;34.55;242719
20131230;34.49;34.84;34.44;34.58;561674
20131231;34.65;34.87;34.59;34.6;557969
20140102;34.39;34.5;33.99;34.16;765141
20140103;34.15;34.85;34.15;34.47;454495
20140106;34.64;34.89;34.33;34.41;849360
20140107;34.47;34.84;34.4;34.51;611127
20140108;34.44;34.63;34.13;34.49;1234973
20140109;34.55;34.77;34.37;34.63;760815
20140110;34.55;35.29;34.55;34.91;955725
20140113;34.89;35.3;34.83;35.02;1856699
20140114;35.04;35.59;34.86;35.58;1716682
20140115;35.78;36.44;35.78;36.37;2145224
20140116;36.28;37.01;36.1;36.64;1238260
20140117;36.76;37.05;36.43;36.57;868285
20140121;36.69;36.73;35.67;35.92;1514993
20140122;36.27;36.64;36;36.49;1207445
20140123;36.24;36.32;35.29;35.44;1027061
20140124;35.24;35.31;33.64;33.68;1575671
20140127;33.71;33.8;33.08;33.39;1654744
20140128;33.54;34.01;33.43;33.91;909487
20140129;33.71;34.32;33.21;33.24;1217323
20140130;33.57;33.68;33.33;33.36;1397845
20140131;33;33.38;32.62;33.36;1939700
20140203;33.36;33.52;32.63;32.8;3086580
20140204;34.86;36.42;34.42;36.27;3716291
20140205;36.31;36.48;35.38;35.52;2203764
20140206;35.59;36.65;35.59;36.46;1622466
20140207;36.74;37.22;36.66;36.96;1439543
20140210;37;37.13;36.41;36.88;835887
20140211;37.01;37.41;36.85;37.1;1415745
20140212;37.25;37.59;37.22;37.4;1110004
20140213;37.17;37.84;37.02;37.84;1030032
20140214;37.73;38.06;37.71;38.05;881670
20140218;38.24;38.73;38.07;38.57;1426039
20140219;38.53;38.75;37.53;37.62;1100174
20140220;37.76;38.79;37.66;38.71;852199
20140221;38.8;39.07;38.71;38.86;1320979
20140224;38.92;39.79;38.77;39.4;1168203
20140225;39.45;39.6;38.66;38.76;919654
20140226;38.93;39.44;38.71;39.25;1059535
20140227;39.24;39.47;38.93;39.37;573428
20140228;39.28;39.54;39.06;39.35;870041
20140303;39.14;39.24;38.34;38.6;1407719
20140304;38.98;39.2;38.57;38.79;1493178
20140305;38.67;38.93;38.47;38.5;1163125
20140306;38.5;38.86;38.26;38.3;1523120
20140307;38.55;38.84;38.35;38.64;1323904
20140310;38.5;38.58;37.83;38.05;970369
20140311;38;38.39;37.73;37.85;1349706
20140312;37.6;37.82;37.25;37.4;930775
20140313;37.49;37.7;36.56;36.74;1083391
20140314;36.65;37.18;36.65;36.79;862975
20140317;36.95;37.22;36.64;36.81;953894
20140318;36.9;36.93;36.71;36.78;923005
20140319;36.78;36.87;36.15;36.44;810100
20140320;36.29;36.58;35.88;36.34;1077477
20140321;36.64;36.76;36.25;36.28;2900585
20140324;36.42;36.72;35.7;35.71;1100817
20140325;35.97;36.82;35.97;36.62;1431408
20140326;36.77;36.95;35.82;35.84;762170
20140327;35.73;35.95;35.34;35.78;974880
20140328;35.83;36.31;35.78;36;626308
20140331;36.22;36.51;36.1;36.42;771489
20140401;36.47;37.25;36.35;37.15;1385538
20140402;37.14;37.78;36.95;37.77;1345669
20140403;37.8;37.93;37.24;37.27;1577457
20140404;37.47;37.88;37.25;37.3;1543673
20140407;37.22;37.35;36.05;36.38;1380858
20140408;36.23;36.55;35.97;36.04;1469302
20140409;36.21;37.03;35.98;37.01;813122
20140410;37.12;37.12;35.88;35.91;1586134
20140411;35.97;36.29;35.11;35.22;1295001
20140414;35.45;35.47;34.77;35.12;1137669
20140415;35.12;35.18;34.5;34.89;1391658
20140416;35.15;35.76;34.93;35.49;1106604
20140417;35.53;35.73;35.23;35.3;1431800
20140421;35.31;35.59;35.02;35.52;606234
20140422;35.53;35.94;35.38;35.71;635209
20140423;35.61;35.9;35.57;35.68;510142
20140424;35.91;36.2;35.43;35.8;834308
20140425;35.63;35.63;35.02;35.41;929058
20140428;35.67;35.73;34.93;35.36;1091254
20140429;37.39;37.58;36.08;36.44;1478329
20140430;37.15;37.64;36.63;37.59;1765877
20140501;37.53;37.61;36.72;36.96;1230369
20140502;37;37.36;36.83;36.86;776669
20140505;36.63;37.02;36.33;36.77;527762
20140506;36.71;37.14;36.53;36.93;716191
20140507;37.18;37.28;36.69;37.22;641078
20140508;38.5;38.5;36.93;37.3;702629
20140509;37.18;37.19;36.75;37.19;432474
20140512;37.46;38.06;37.31;38.03;714055
20140513;38.15;38.37;37.87;37.96;785585
20140514;37.95;38.02;37.53;37.76;649439
20140515;37.57;37.7;37.04;37.23;668398
20140516;37.16;37.28;36.65;36.9;938040
20140519;36.74;37.95;36.61;37.9;940016
20140520;37.81;37.94;37.1;37.28;1014712
20140521;37.35;38.34;37.29;37.82;2069208
20140522;37.82;38.21;37.65;37.95;952668
20140523;37.93;38.65;37.76;38.42;1272035
20140527;38.56;38.91;38.43;38.54;549953
20140528;38.5;38.63;38.14;38.16;741296
20140529;38.13;38.18;36.5;36.75;2807683
20140530;36.72;37.34;36.72;37.3;1674178
20140602;37.39;37.66;37.06;37.53;1171276
20140603;37.34;37.43;37.2;37.23;1268124
20140604;37.18;37.31;36.83;36.88;913649
20140605;36.95;37.49;36.89;37.37;1182201
20140606;37.21;37.8;36.96;37.75;1426070
20140609;37.57;38.5;37.57;38.11;1028081
20140610;38.03;38.27;37.74;38.13;811040
20140611;37.96;37.98;37.52;37.96;759873
20140612;37.84;38.04;37.46;37.77;2333384
20140613;37.74;38.65;37.73;38.6;1301387
20140616;38.49;38.74;38.33;38.47;869797
20140617;38.32;38.73;38.13;38.58;678583
20140618;38.71;39.08;38.25;38.92;889178
20140619;39;39.47;38.59;39.34;995404
20140620;39.42;39.84;39.03;39.67;1568756
20140623;39.72;39.96;39.43;39.78;1028409
20140624;39.64;40;39.14;39.23;907961
20140625;39.07;39.44;39.07;39.37;809769
20140626;38.6;39.5;38.6;39.13;760124
20140627;38.97;39.32;38.97;39.25;1616207
20140630;39.22;39.31;38.92;39.08;847374
20140701;39.33;39.43;39.08;39.13;644170
20140702;39.06;39.23;38.45;38.65;758985
20140703;38.88;39.16;38.77;39.02;433449
20140707;38.83;38.83;37.84;38;1026867
20140708;37.82;37.87;37.11;37.36;1299824
20140709;37.45;37.63;37.28;37.54;690657
20140710;36.99;37.53;36.7;37.24;725655
20140711;37.24;37.33;36.77;37.1;1030003
20140714;37.28;37.6;37.11;37.52;956111
20140715;37.51;37.75;36.92;37.23;1077064
20140716;37.36;37.61;37.01;37.59;723909
20140717;37.27;37.27;36.68;36.73;785931
20140718;36.82;37.49;36.59;37.45;587497
20140721;37.41;37.83;37.26;37.65;622045
20140722;37.78;38.04;37.56;37.6;547586
20140723;37.6;37.75;37.21;37.33;526385
20140724;37.45;37.52;37.08;37.21;590137
20140725;36.96;37.02;36.7;36.84;1494123
20140728;36.85;36.85;36.34;36.46;1560310
20140729;37.38;38.87;37.19;37.2;2247949
20140730;37.47;37.51;36.42;36.43;1653797
20140731;36.22;36.49;35.26;35.29;1195865
20140801;35.18;35.23;34.86;34.98;1630014
20140804;35.05;35.41;34.77;35.3;1167089
20140805;35.15;35.92;35.11;35.63;1247837
20140806;35.28;35.92;35.25;35.64;1061695
20140807;35.9;36.23;35.65;36.04;1650166
20140808;36.02;36.17;35.79;36.06;1029107
20140811;36.25;36.73;36.24;36.56;710038
20140812;36.55;37.07;36.44;36.51;753156
20140813;36.61;36.79;36.44;36.74;553504
20140814;36.72;36.88;36.56;36.69;342585
20140815;36.89;37.05;36.48;36.72;680849
20140818;37.01;37.41;36.98;37.4;539238
20140819;37.43;37.6;37.38;37.51;575767
20140820;37.51;38.13;37.46;38.01;899508
20140821;38.06;38.06;37.69;37.78;432385
20140822;37.66;37.73;37.36;37.4;578693
20140825;37.59;37.88;37.43;37.82;402715
20140826;37.88;38.04;37.64;37.65;314582
20140827;37.65;37.65;37.25;37.43;324448
20140828;37.35;37.4;37.15;37.26;547049
20140829;37.37;37.48;36.95;37.26;395228
20140902;37.5;38.1;37.38;38.06;930856
20140903;38.17;38.26;37.74;37.85;750999
20140904;37.89;38.34;37.79;37.88;1065004
20140905;37.82;37.82;37.36;37.77;528568
20140908;37.59;37.73;37.44;37.67;710466
20140909;37.56;37.72;37.28;37.37;489023
20140910;37.37;37.41;36.96;37.32;314621
20140911;37.14;37.55;37.12;37.41;496653
20140912;37.43;37.5;37.02;37.15;414618
20140915;37.16;37.33;37.04;37.18;403924
20140916;37.13;37.65;37.04;37.51;597988
20140917;37.45;37.76;37.23;37.4;484203
20140918;37.5;37.84;37.32;37.77;668341
20140919;37.79;37.95;37.48;37.77;1491024
20140922;37.71;37.71;37.13;37.33;623431
20140923;37.14;37.67;36.95;37.39;884100
20140924;37.32;37.52;37.05;37.38;1036693
20140925;37.16;37.18;36.48;36.51;1059348
20140926;36.49;36.69;36.27;36.6;424983
20140929;36.2;36.35;36.06;36.25;574877
20140930;36.18;36.23;35.38;35.49;1101897
20141001;35.45;35.53;34.68;34.86;997040
20141002;34.81;35.05;34.19;35.01;1028260
20141003;35.23;35.3;34.92;35.07;1223176
20141006;35.15;35.63;35.07;35.58;1036871
20141007;35.28;35.28;34.14;34.15;1199033
20141008;34.07;34.66;33.68;34.63;1073130
20141009;34.5;34.58;33.32;33.38;667445
20141010;33.32;33.39;32.5;32.5;1116279
20141013;32.55;32.82;31.88;31.91;1173041
20141014;32.37;33.26;32.32;32.7;1382081
20141015;32.23;33.7;31.8;33.3;2094277
20141016;32.59;34.29;32.47;34.04;1921111
20141017;34.33;34.66;33.81;34.21;1407857
20141020;34.14;34.29;33.55;33.71;1385362
20141021;33.99;34.65;33.87;34.51;1314137
20141022;34.58;34.71;34.01;34.06;919406
20141023;34.48;35.3;34.39;35.05;945009
20141024;35.04;35.35;34.76;35.34;788881
20141027;35.02;35.26;34.61;35.02;1397923
20141028;35.47;36.5;34.64;36.48;1857774
20141029;36.55;36.74;35.55;35.71;913949
20141030;35.45;36.05;35.07;35.81;658414
20141031;36.44;36.6;36.03;36.36;1161015
20141103;36.34;36.43;35.87;36.04;781110
20141104;35.91;36.2;35.79;35.94;693783
20141105;36.32;36.45;35.97;36.39;823741
20141106;36.41;37.12;36.26;37.11;1218181
20141107;37.1;37.25;36.82;37.04;669278
20141110;37.13;37.36;37;37.28;625778
20141111;37.24;37.37;37.04;37.35;534598
20141112;37.23;37.56;37.08;37.55;762540
20141113;37.44;37.63;37.21;37.45;1109118
20141114;37.38;37.63;37.1;37.62;1101451
20141117;37.6;37.86;37.46;37.73;700862
20141118;37.71;38.49;37.55;38.21;908406
20141119;38.02;38.11;37.14;37.34;857298
20141120;37.14;37.54;36.99;37.46;610697
20141121;37.95;38.5;37.73;38.25;1030635
20141124;38.29;38.57;38.24;38.4;643336
20141125;38.5;38.59;38.09;38.39;772716
20141126;38.36;38.56;38.07;38.54;550887
20141128;38.46;38.69;38.19;38.34;676375
20141201;38.11;38.47;37.84;38.44;850048
20141202;38.5;38.76;37.97;38.02;964261
20141203;38.01;38.99;38.01;38.89;697054
20141204;38.81;38.81;38.32;38.57;443265
20141205;38.67;38.8;38.46;38.59;392476
20141208;38.57;38.75;37.74;37.82;468915
20141209;37.39;38.18;37.39;38.12;616176
20141210;37.94;38.02;36.77;36.84;782671
20141211;37.01;37.45;36.89;36.98;586045
20141212;36.61;37;36.19;36.2;722650
20141215;36.43;36.73;36.01;36.24;726824
20141216;36.07;37.05;36.07;36.27;712928
20141217;36.23;37;35.69;36.91;1241837
20141218;37.57;38.1;37.23;38.1;698949
20141219;38.25;38.7;38.06;38.59;1534229
20141222;38.74;38.99;38.47;38.74;475873
20141223;38.92;39.23;38.66;38.72;645345
20141224;38.75;39.07;38.74;38.76;303489
20141226;38.88;39.15;38.88;38.95;249438
20141229;38.93;39.17;38.8;38.86;352274
20141230;38.82;38.91;38.42;38.43;437672
20141231;38.65;38.65;38.04;38.07;466877
20150102;38.4;38.59;37.5;38.08;606118
20150105;37.34;37.42;35.67;35.71;1369903
20150106;35.7;35.92;35.11;35.5;1336249
20150107;35.87;36;35.25;35.78;1039030
20150108;36.01;36.09;35.68;36.05;821836
20150109;36.08;36.11;35.32;35.37;756976
20150112;35.34;35.39;34.38;34.6;1437830
20150113;34.72;35.18;34.15;34.68;1140300
20150114;34.04;34.66;33.93;34.46;640698
20150115;34.63;34.9;34.2;34.22;974811
20150116;34.04;34.49;33.98;34.47;905386
20150120;34.6;34.72;34.04;34.4;971225
20150121;34.25;35.14;34.25;35.1;918983
20150122;35.32;35.54;34.96;35.33;874419
20150123;35.2;35.52;35.17;35.17;597385
20150126;35.12;35.25;34.83;35.19;691225
20150127;34.6;34.91;34.42;34.74;661443
20150128;34.9;35.25;34.17;34.26;802183
20150129;34.19;34.37;33.54;34.16;1959481
20150130;33.92;34.4;33.91;34.1;1633567
20150202;34.25;34.81;33.81;34.74;1554421
20150203;35.03;35.48;34.86;35.39;1196879
20150204;35.18;35.37;34.71;34.89;1372185
20150205;34.88;35.39;34.41;34.86;2360494
20150206;34.87;35.4;34.75;35.19;1986336
20150209;35.1;35.67;34.95;35.11;1828676
20150210;35.23;35.44;35.01;35.39;1244568
20150211;35.27;35.39;35.02;35.25;729530
20150212;35.39;35.67;35.16;35.61;849858
20150213;35.6;36.1;35.39;36.06;1057669
20150217;35.99;36.03;35.53;35.88;836046
20150218;35.88;36.1;35.69;35.83;622652
20150219;35.69;35.97;35.55;35.66;963707
20150220;35.6;36.17;35.37;36.03;770639
20150223;35.97;36.12;35.57;35.81;934685
20150224;35.74;36.03;35.7;35.96;730776
20150225;35.9;36.28;35.9;36.04;788470
20150226;36.06;36.06;35.64;35.77;906690
20150227;35.71;35.95;35.58;35.7;663238
20150302;35.66;36.25;35.54;36.17;823350
20150303;36.03;36.38;35.94;36.1;816748
20150304;35.9;35.9;35.52;35.69;968641
20150305;35.69;35.9;35.44;35.58;871779
20150306;35.31;35.58;35.06;35.17;1722125
20150309;35.23;35.47;35.12;35.25;849580
20150310;34.81;34.9;34.58;34.7;1161861
20150311;34.72;34.72;34.19;34.58;959631
20150312;34.67;35.27;34.62;35.17;814991
20150313;35.16;35.19;34.41;34.61;1423794
20150316;34.78;35.04;34.59;35.03;766876
20150317;34.95;34.95;34.51;34.67;683563
20150318;34.56;36;34.36;35.87;1209297
20150319;35.74;35.76;35.35;35.54;883500
20150320;35.84;36.04;35.77;35.99;1423994
20150323;35.27;35.6;35.1;35.1;1405989
20150324;35.06;35.26;34.89;35.07;964692
20150325;35.22;35.22;34.74;34.74;773146
20150326;34.54;34.8;34.46;34.67;676196
20150327;34.61;35.08;34.54;34.97;1077340
20150330;35.03;35.41;35.03;35.35;696521
20150331;35.25;35.25;34.73;35.02;790369
20150401;35.48;35.63;34.95;35.41;1057705
20150402;35.43;36.01;35.31;35.79;873644
20150406;35.48;36.3;35.48;36.07;779881
20150407;36.02;36.21;35.88;36.07;916704
20150408;35.96;36.12;35.01;35.25;1642108
20150409;35.14;35.23;34.8;34.96;1404317
20150410;35.11;35.31;34.98;35.2;1463697
20150413;35.09;35.42;35.08;35.16;663477
20150414;35.07;35.36;35.02;35.2;780700
20150415;35.32;35.72;35.27;35.49;1276298
20150416;35.4;36.03;35.25;35.83;913958
20150417;35.51;35.51;34.96;35.14;1145252
20150420;35.36;35.57;35.26;35.46;661123
20150421;35.52;35.68;35.09;35.36;521311
20150422;35.4;35.47;35.09;35.46;513155
20150423;35.49;36.19;35.37;35.9;816872
20150424;35.88;35.97;35.4;35.63;673908
20150427;35.73;36.31;35.7;36.3;798387
20150428;36.13;36.38;35.92;36.37;913078
20150429;36.16;36.77;36.15;36.63;1707110
20150430;36.65;37.48;36.13;37.02;1920759
20150501;37.29;37.32;36.23;37.14;1650275
20150504;37.16;37.25;36.73;36.9;920180
20150505;36.99;37.48;36.57;36.64;946925
20150506;36.77;36.9;36.27;36.53;775071
20150507;36.52;36.7;36.24;36.69;636432
20150508;37.11;37.16;36.85;36.9;1238605
20150511;36.85;37.12;36.74;36.81;976064
20150512;36.55;36.73;36.26;36.49;821724
20150513;36.66;36.97;36.65;36.79;942223
20150514;36.96;37.1;36.78;37.09;834898
20150515;37.08;37.15;36.68;36.83;918050
20150518;36.83;37.05;36.75;37.01;618923
20150519;37.05;37.14;36.67;36.78;630739
20150520;36.78;36.95;36.64;36.81;533127
20150521;36.75;37.2;36.72;37.14;1343276
20150522;37.12;37.15;36.8;36.99;577342
20150526;36.78;36.85;36.27;36.34;481995
20150527;36.41;36.57;36.19;36.5;589643
20150528;36.36;36.81;36.16;36.7;1088675
20150529;36.7;36.87;36.42;36.57;1275786
20150601;36.73;36.76;36.31;36.6;762170
20150602;36.52;37.07;36.43;36.69;1009238
20150603;36.69;37.04;36.57;36.96;455128
20150604;36.75;36.75;36.31;36.42;612449
20150605;36.21;36.41;36.08;36.38;725206
20150608;36.36;36.51;36.07;36.14;453084
20150609;36.21;36.39;36.04;36.1;292677
20150610;36.31;36.63;36.23;36.52;648381
20150611;36.55;36.99;36.44;36.91;725512
20150612;36.81;36.9;36.43;36.54;443663
20150615;36.36;36.43;36.05;36.12;575624
20150616;36.24;36.56;36;36.45;749953
20150617;36.58;36.84;36.23;36.38;814983
20150618;36.51;37.12;36.39;36.9;841216
20150619;36.83;36.83;36.4;36.44;1299090
20150622;36.95;37.07;36.57;37;981598
20150623;36.97;37.7;36.96;37.3;1732781
20150624;37.2;37.34;37.06;37.25;1060648
20150625;37.24;37.34;36.89;36.96;863081
20150626;37.03;37.18;36.88;36.94;3002780
20150629;36.7;36.75;36.25;36.26;987593
20150630;36.77;37.35;36.53;37.07;2068389
20150701;37.32;37.32;36.69;36.81;1183702
20150702;36.89;37.01;36.52;36.73;698305
20150706;36.33;36.49;36.04;36.25;938933
20150707;36.24;36.41;35.62;36.38;863066
20150708;36.1;36.27;35.46;35.57;657439
20150709;36.01;36.25;35.54;35.54;668561
20150710;35.91;35.95;35.35;35.39;1670505
20150713;35.7;36.09;35.52;36.06;920354
20150714;36.04;36.71;35.75;36.49;1899303
20150715;36.46;36.58;35.9;35.95;612296
20150716;36.22;36.38;35.8;36.02;561954
20150717;35.92;36.03;35.69;35.81;514847
20150720;35.82;35.93;35.71;35.77;556315
20150721;35.7;35.71;35.09;35.19;951199
20150722;35;35.2;34.86;34.98;968664
20150723;34.97;35.13;34.57;34.67;1125096
20150724;34.61;34.68;34.49;34.63;1121890
20150727;34.32;34.49;34.25;34.4;1366787
20150728;34.56;34.94;34.5;34.78;1400070
20150729;34.76;35.32;34.63;35.23;886293
20150730;34.91;35.66;34.73;35.22;1029350
20150731;35.26;35.46;34.34;34.53;1142545
20150803;34.5;34.5;33.6;33.85;1104695
20150804;33.88;34.18;33.66;33.74;1043203
20150805;33.98;34.3;33.65;33.89;1276707
20150806;33.95;34.13;33.57;33.68;1507927
20150807;33.64;33.86;33.38;33.5;887686
20150810;33.82;34.16;33.72;34.09;1166379
20150811;33.72;33.82;33.48;33.58;1099303
20150812;33.32;33.74;33.18;33.66;980924
20150813;33.62;33.72;33.42;33.49;1368453
20150814;33.62;33.77;33.28;33.7;1194885
20150817;33.55;33.79;33.33;33.77;1057745
20150818;33.78;33.8;33.38;33.41;995980
20150819;33.23;33.36;32.93;33.15;693359
20150820;32.84;33.12;32.65;32.66;1047287
20150821;32.48;32.58;32.05;32.07;1535150
20150824;30.49;31.92;29.9;30.91;2479069
20150825;31.93;31.98;30.43;30.46;2221495
20150826;31;31.44;30.78;31.38;2430396
20150827;31.77;32.4;31.61;32.37;1697116
20150828;32.24;32.79;32.16;32.7;1874075
20150831;32.43;32.68;32.05;32.45;1032811
20150901;31.76;32.03;30.98;31.13;973250
20150902;31.6;31.82;31.2;31.38;1913168
20150903;31.82;32.61;31.82;32.35;1931277
20150904;31.89;32.24;31.66;31.68;1702240
20150908;32.26;32.54;32.12;32.44;1398121
20150909;32.82;32.89;32.05;32.11;1337384
20150910;31.99;32.42;31.83;32.13;1398856
20150911;32.04;32.49;31.89;32.49;1464114
20150914;32.45;32.48;32.02;32.22;1258416
20150915;32.39;33.13;32.23;33.03;1871119
20150916;33;33.44;32.96;33.37;1089407
20150917;33.32;33.56;32.98;33.08;1461456
20150918;32.56;32.68;32.17;32.25;1512735
20150921;32.45;33;32.13;32.63;1905821
20150922;32.16;32.5;32.01;32.4;1333771
20150923;32.47;32.66;31.76;31.78;1047609
20150924;31.6;32.73;31.27;32.52;2303598
20150925;32.65;32.78;32.32;32.47;2088329
20150928;32.06;32.27;31.95;32.07;2123918
20150929;32.21;32.44;31.9;31.99;1344081
20150930;32.22;32.95;32.03;32.85;1708506
20151001;32.88;33.2;32.42;32.69;1498624
20151002;32.25;33.54;32.16;33.51;1451130
20151005;33.58;33.84;33.36;33.56;2376842
20151006;33.51;33.84;33.36;33.39;1679236
20151007;33.59;34.19;33.38;34.04;1670232
20151008;33.94;35.24;33.88;34.99;1770092
20151009;35.08;35.35;34.71;34.89;1946204
20151012;34.85;34.96;34.61;34.64;1003184
20151013;34.33;34.85;34.22;34.33;1807641
20151014;34.29;34.5;33.82;33.87;1424944
20151015;33.94;34.82;33.67;34.74;1909341
20151016;34.69;34.77;34.01;34.74;2124479
20151019;34.51;34.67;34.23;34.64;1297538
20151020;34.56;35.18;34.41;34.88;1210714
20151021;34.97;35.24;34.64;34.72;1397487
20151022;34.86;35.83;34.86;35.62;1415126
20151023;35.9;36.22;35.76;36.19;1524555
20151026;36.14;36.31;35.64;35.91;1340609
20151027;35.57;35.96;35.28;35.85;2315866
20151028;35.97;36.6;35.7;36.38;1557362
20151029;35.82;36.74;35.82;36.34;1770045
20151030;36.51;36.78;36.07;36.41;1865140
20151102;36.35;36.82;36.18;36.65;974119
20151103;36.65;36.91;36.4;36.58;1658957
20151104;36.6;36.9;36.47;36.65;1008615
20151105;36.6;36.94;36.31;36.79;889468
20151106;36.66;36.92;36.39;36.92;843708
20151109;36.79;36.92;36.31;36.45;905557
20151110;36.34;36.93;36.24;36.93;959676
20151111;37;37.26;36.93;36.97;780812
20151112;36.53;36.75;35.74;35.8;1542179
20151113;35.82;36.27;35.68;35.89;938473
20151116;35.8;36.69;35.74;36.6;1467933
20151117;36.66;37.14;36.46;37;1600537
20151118;37.15;37.5;37.01;37.46;1775240
20151119;37.42;37.77;37.09;37.67;1137749
20151120;37.83;38;37.45;37.5;1301331
20151123;37.56;37.85;37.4;37.55;870804
20151124;37.26;37.61;37.1;37.48;1044056
20151125;37.49;37.86;37.38;37.66;916309
20151127;37.53;37.62;37.28;37.58;514177
20151130;37.58;37.71;37.25;37.32;1470201
20151201;37.37;37.76;37.32;37.64;756867
20151202;37.45;37.58;36.87;36.95;616671
20151203;37.04;37.19;36.43;36.74;735292
20151204;36.78;37.69;36.78;37.65;1247317
20151207;37.42;37.56;36.78;36.91;638814
20151208;36.47;36.65;36.2;36.28;785464
20151209;36.1;36.8;35.93;36.26;1154646
20151210;36.14;36.97;36.14;36.7;1188618
20151211;36.2;36.77;36.13;36.22;1499770
20151214;36.27;36.67;36.19;36.64;1344429
20151215;36.89;37.07;36.65;36.7;1389536
20151216;36.93;37.63;36.8;37.46;1227014
20151217;37.42;37.63;36.45;36.46;1178513
20151218;36.26;36.31;35.81;35.84;1973727
20151221;36.13;36.31;35.88;36.14;662317
20151222;36.31;36.53;36.03;36.5;805186
20151223;36.73;37.28;36.66;37.13;667422
20151224;37.08;37.26;36.96;37.07;294202
20151228;36.97;36.99;36.67;36.94;630069
20151229;37.2;37.46;36.98;37.1;780513
20151230;37.1;37.22;36.85;36.87;439532
20151231;36.67;36.84;36.45;36.5;635138
20160104;35.92;36.19;35.6;36.08;1353443
20160105;36.06;36.2;35.51;36.07;1075354
20160106;36.43;36.61;35.22;35.62;1866048
20160107;35.17;35.27;34.49;34.7;1555388
20160108;34.87;35.03;34.28;34.37;1471489
20160111;34.51;34.57;33.69;34.08;852949
20160112;34.35;34.55;33.86;34.27;780966
20160113;34.39;34.51;33.32;33.38;1228521
20160114;33.5;33.77;33.11;33.57;1482437
20160115;32.73;33.1;32.61;32.98;1260300
20160119;33.47;33.53;32.61;32.96;1068523
20160120;32.44;33.1;31.67;32.8;1489179
20160121;32.97;33.57;32.65;33.23;1444163
20160122;33.79;34.12;33.47;34.03;827544
20160125;33.91;33.99;33.51;33.74;1133922
20160126;33.99;34.67;33.79;34.55;1841178
20160127;34.54;35.86;34.38;34.89;1987584
20160128;35.23;35.36;34.74;34.95;1523839
20160129;35.14;35.95;35.05;35.95;1827038
20160201;35.64;35.93;35.11;35.62;1269192
20160202;35.08;35.14;34.57;34.86;1256136
20160203;35.3;35.85;34.71;35.67;1946530
20160204;36.06;38.08;35.47;37.08;3974592
20160205;37.06;37.46;36.25;36.66;2398945
20160208;36.22;36.49;35.77;36.22;2206423
20160209;35.97;37.05;35.78;36.71;2051037
20160210;36.84;37.07;36.39;36.43;1574016
20160211;35.9;36.48;35.44;36.21;1750340
20160212;36.66;37.2;36.48;37.04;1581104
20160216;37.38;37.49;36.69;37;2144301
20160217;37.33;37.85;37.06;37.66;2219229
20160218;37.74;37.89;37.26;37.53;1377056
20160219;37.29;37.29;36.42;37.03;5043272
20160222;37.46;37.87;37.37;37.64;1500370
20160223;37.51;37.74;37.23;37.32;1144013
20160224;37;37.5;36.83;37.47;1360415
20160225;37.57;37.63;37.31;37.56;1504063
20160226;37.73;37.85;37.54;37.72;1830183
20160229;37.77;37.86;37.41;37.41;1226932
20160301;37.71;38.04;37.45;37.94;1431246
20160302;37.79;38.04;37.59;38.03;1859272
20160303;38.04;38.17;37.86;38.17;1168506
20160304;38.07;38.33;37.99;38.22;1495133
20160307;38.09;38.55;38.09;38.55;1345709
20160308;38.34;38.53;37.84;37.91;1112828
20160309;38.08;38.21;37.88;38.15;1458398
20160310;38.01;38.28;37.58;37.92;1031547
20160311;38.2;38.48;38;38.45;1691554
20160314;38.21;38.45;38.06;38.07;1199338
20160315;37.71;38.24;37.58;38.14;1307823
20160316;37.96;38.8;37.69;38.63;1391880
20160317;38.74;39.21;38.66;39.01;1452263
20160318;38.99;39.66;38.97;39.47;2879251
20160321;39.06;39.46;38.95;39.42;1351781
20160322;39.16;39.58;39.1;39.4;914167
20160323;39.21;39.53;38.93;39.37;1255291
20160324;39.04;39.82;39.01;39.82;1786494
20160328;39.82;39.98;39.66;39.9;980113
20160329;39.92;40.66;39.86;40.64;1451760
20160330;41;41.21;40.72;41.04;1385027
20160331;41.01;41.06;40.62;40.9;1696682
20160401;40.64;41.33;40.47;41.25;1295091
20160404;41.11;41.16;40.61;40.78;1231650
20160405;41.21;41.46;40.68;41.01;1412618
20160406;41.04;41.2;40.54;41.19;1193597
20160407;40.99;41;40.6;40.89;1133784
20160408;41.29;41.52;41;41.22;918154
20160411;41.12;41.49;40.76;41.23;1415088
20160412;41.37;41.93;41.31;41.65;1253526
20160413;41.75;41.9;41.54;41.84;1101204
20160414;42.02;42.24;41.73;41.99;1125378
20160415;41.99;42.3;41.7;42.28;1217303
20160418;42.25;42.65;42.03;42.61;1334488
20160419;42.75;42.96;42.56;42.71;880712
20160420;42.71;42.81;42.16;42.17;1036337
20160421;42.17;42.22;41.72;41.84;1408026
20160422;41.96;42.49;41.83;42.46;1894165
20160425;42.29;42.51;42.02;42.21;1100600
20160426;42.47;43.04;42.42;42.86;1943621
20160427;42.84;43.02;42.55;42.9;1081844
20160428;42.58;42.73;42.02;42.17;1135086
20160429;42.16;42.16;41.65;41.78;1795354
20160502;41.85;42.48;41.82;42.25;1727740
20160503;41.92;42.27;41.11;41.88;1773471
20160504;41.76;41.76;40.95;41.25;1426398
20160505;41.6;41.77;41.25;41.53;1660758
20160506;41.43;41.94;41.25;41.89;1122398
20160509;41.83;41.83;41.51;41.6;545084
20160510;41.71;42.54;41.67;42.53;1238606
20160511;42.56;42.99;42.53;42.88;1436036
20160512;43;43.28;42.67;43.24;1144439
20160513;43.23;43.41;42.89;43.15;1417201
20160516;43.25;43.69;43.22;43.43;1050203
20160517;43.33;43.87;43.22;43.48;1679797
20160518;43.29;43.66;43.02;43.26;1440999
20160519;42.9;43.13;42.71;43.07;899838
20160520;43.35;43.77;43.19;43.51;1695327
20160523;43.35;43.58;43.07;43.5;713449
20160524;43.62;44.5;43.51;44.46;1351286
20160525;44.75;44.86;44.48;44.72;1340353
20160526;44.82;45;44.57;44.74;762752
20160527;44.74;44.85;44.48;44.57;1141740
20160531;44.7;44.8;44.4;44.66;1256434
20160601;44.32;44.82;44.21;44.82;995864
20160602;44.72;45.21;44.68;45.21;1007072
20160603;45.21;45.54;44.97;45.48;1278447
20160606;45.57;45.79;45.38;45.69;1002234
20160607;45.7;46.08;45.64;45.98;719121
20160608;46.1;46.59;46.05;46.46;1241577
20160609;46.15;46.45;45.15;46.3;1243716
20160610;46.04;46.12;45.81;45.92;1002049
20160613;45.71;45.88;45.51;45.67;1375326
20160614;45.5;45.71;45.4;45.65;1322728
20160615;45.81;45.97;45.55;45.59;1260448
20160616;45.45;45.5;44.97;45.37;1679776
20160617;45.46;45.8;45.36;45.53;1734299
20160620;46.1;46.67;45.95;46.1;1183419
20160621;46.13;46.31;45.93;45.99;854463
20160622;46.12;46.23;45.89;45.91;899205
20160623;46.39;46.48;46.14;46.35;624908
20160624;44.55;45.31;44.13;44.14;2883388
20160627;43.69;43.81;42.52;42.72;1680814
20160628;43.21;43.34;42.82;43.06;1596888
20160629;43.56;43.72;43.41;43.65;1085098
20160630;43.82;44.69;43.81;44.65;1755240
20160701;44.66;44.89;44.57;44.87;1199110
20160705;44.79;44.94;44.59;44.84;1519299
20160706;44.75;45.58;44.44;45.58;1486988
20160707;45.71;45.85;45.28;45.63;1499375
20160708;46;46.5;45.93;46.41;1109063
20160711;46.72;47.14;46.72;46.99;1176498
20160712;47.29;47.83;47.1;47.12;1251719
20160713;47.14;47.65;46.9;47.02;928758
20160714;47.42;47.53;46.83;46.83;1204006
20160715;46.99;47.07;46.85;47.05;1051535
20160718;47.07;47.27;46.85;46.99;597800
20160719;46.96;47.26;46.82;47.18;985528
20160720;47.07;47.37;46.92;47.2;641039
20160721;47.18;47.31;46.56;46.74;686116
20160722;46.71;47.07;46.62;46.96;763091
20160725;46.89;46.98;46.61;46.85;459224
20160726;46.94;47.8;46.86;47.78;1081303
20160727;47.77;48.02;47.54;47.78;542076
20160728;47.71;48.06;47.6;47.89;630720
20160729;47.72;47.96;47.47;47.81;681688
20160801;47.92;47.94;47.51;47.81;1250333
20160802;46.88;46.88;45.73;46.41;1926817
20160803;46.4;46.4;45.98;46.23;996350
20160804;46.26;47.3;46.26;46.92;891322
20160805;47.04;47.35;46.97;47.35;619688
20160808;47.31;47.67;47.05;47.49;699285
20160809;47.6;47.97;47.38;47.93;628916
20160810;47.94;48.02;47.75;47.89;647002
20160811;48;48.81;48;48.54;886332
20160812;48.48;48.69;48.22;48.45;1224224
20160815;49.2;50.51;49.2;50.32;1818499
20160816;50.3;50.48;49.87;50.2;1950541
20160817;50;50.47;49.56;50.34;901347
20160818;50.38;50.51;50.22;50.44;794576
20160819;50.35;50.88;50.12;50.8;989388
20160822;51.35;51.79;50.89;51.05;1655100
20160823;51.13;51.36;50.87;50.9;1128589
20160824;50.8;50.95;50.6;50.66;656340
20160825;50.59;50.63;50.41;50.58;706476
20160826;50.81;51.23;50.45;50.67;664086
20160829;50.89;51.18;50.69;50.98;1000512
20160830;51.06;51.12;50.89;50.97;736031
20160831;50.95;51.07;50.64;50.86;858955
20160901;50.77;51.08;50.05;50.41;1137958
20160902;50.76;51.22;50.53;50.92;934622
20160906;51.09;51.48;50.55;50.97;792084
20160907;50.77;51.05;50.65;50.94;1231932
20160908;50.95;51.23;50.83;51.05;703878
20160909;50.57;50.57;48.65;48.65;1447824
20160912;48.29;49.86;48;49.81;1980323
20160913;49.37;49.98;49.21;49.48;1634594
20160914;49.46;49.89;49.17;49.49;1074057
20160915;49.54;50.47;49.46;50.26;778197
20160916;50.09;50.09;49.64;49.96;1305546
20160919;50.26;50.76;50.16;50.53;707519
20160920;50.85;50.99;50.6;50.74;724244
20160921;51;51.85;50.97;51.81;1007151
20160922;52.19;52.68;51.96;52.62;1042892
20160923;52.61;52.61;51.49;51.55;1002535
20160926;51.22;51.66;50.94;51.49;1463782
20160927;51.33;52.13;50.87;52.1;1179492
20160928;52.31;52.59;51.93;52.21;1213305
20160929;51.93;52.36;51.64;51.82;1200471
20160930;52;52.71;51.91;52.45;1070115
20161003;52.11;52.8;51.82;52.47;884613
20161004;53.25;53.25;51.99;52.26;1232370
20161005;52.54;52.8;51.93;51.95;1063162
20161006;51.87;51.93;51.22;51.83;993717
20161007;51.83;51.83;50.57;50.76;1442606
20161010;51.12;51.2;50.3;50.38;1039452
20161011;50.35;50.37;49.43;49.7;1023250
20161012;49.84;50.31;49.67;50.11;1193657
20161013;49.63;49.89;49.15;49.66;1289862
20161014;49.99;50.15;49.46;49.47;931860
20161017;49.58;49.72;49.15;49.2;1269347
20161018;49.73;49.85;48.83;49.15;1541455
20161019;49.33;49.58;49.1;49.47;806610
20161020;49.17;49.42;48.87;48.92;1152387
20161021;48.52;48.88;48.34;48.84;1633856
20161024;49.09;49.22;48.55;48.64;1093642
20161025;48.58;48.64;47.97;48.03;1176467
20161026;47.86;48.59;47.69;48.39;1182507
20161027;48.57;48.57;47.83;48.03;1182873
20161028;48.04;49.28;48.04;48.61;1443196
20161031;48.74;48.85;48.29;48.33;1967135
20161101;46.83;47.36;45.6;47.19;2936579
20161102;47.57;48.08;46.9;46.96;1890113
20161103;47.12;47.55;46.81;47.24;1385459
20161104;47.27;47.89;47.06;47.4;1383470
20161107;48.15;48.6;47.75;48.56;1342168
20161108;48.49;49.5;48.45;49.3;1730458
20161109;48.73;51.01;48.71;50.66;1953964
20161110;51.1;52.86;51.08;52.74;2260394
20161111;52.56;53.13;52.2;52.75;1333033
20161114;52.97;53.28;52.3;53.24;1418677
20161115;53.06;54.79;52.65;54.75;2630428
20161116;54.5;54.89;53.82;54.35;1966722
20161117;54.73;54.99;53.99;54.01;1454406
20161118;53.89;53.96;53.09;53.29;1517031
20161121;53.53;53.7;53.06;53.46;895738
20161122;53.49;53.64;52.92;52.92;1541035
20161123;53;53.02;52.68;52.86;1926023
20161125;52.95;52.97;52.59;52.92;1023379
20161128;52.37;52.69;51.6;51.64;1901528
20161129;51.49;51.84;50.78;51.34;1634227
20161130;51.87;52.05;51.2;51.58;1520835
20161201;51.9;52.05;51.49;51.81;1734067
20161202;51.9;51.99;51.45;51.8;913272
20161205;52.11;52.22;51.62;51.72;1212208
20161206;51.77;52.18;51.6;52.17;1474024
20161207;52.2;52.4;51.46;52.06;1982022
20161208;52.13;52.29;51.4;51.89;1317553
20161209;51.85;51.85;51.12;51.48;814093
20161212;51.41;51.53;50.91;50.99;1063288
20161213;51.06;51.23;50.5;50.99;969004
20161214;50.94;51.48;50.41;50.57;1095478
20161215;50.4;51.02;50.09;50.14;1516977
20161216;50.16;50.79;49.92;50.1;2503929
20161219;50.09;50.81;49.88;50.76;1081113
20161220;50.87;51.06;50.55;50.92;954109
20161221;50.85;51.14;50.66;50.83;1018344
20161222;51;51.23;50.81;51.13;1003106
20161223;51.08;51.18;50.84;51.01;539530
20161227;51;51.22;50.67;50.86;466749
20161228;50.98;51.15;49.91;49.94;740084
20161229;50.03;50.22;49.68;49.77;626377
20161230;49.98;50;49.36;49.52;646428
20170103;49.95;50.25;49.21;49.65;1596877
20170104;49.71;50.45;49.71;50.39;1703035
20170105;50.18;50.5;49.68;49.93;1845990
20170106;50.01;50.13;49.56;49.58;1561643
20170109;49.55;49.6;49.16;49.37;1090516
20170110;49.31;49.51;49.07;49.14;1642488
20170111;49.25;49.5;49.01;49.4;1974591
20170112;49.26;49.37;47.97;48.3;1784568
20170113;48.17;49.15;48.07;48.76;2811321
20170117;48.7;48.7;47.92;48.2;1228913
20170118;48.27;48.66;48.11;48.43;1438906
20170119;48.67;49.22;48.67;49.05;1966411
20170120;49.2;49.38;48.87;49.06;867657
20170123;49.02;49.11;48.28;48.5;660264
20170124;48.65;49.27;48.59;49.07;2637935
20170125;49.4;50.55;49.39;50.15;2139386
20170126;50.11;50.51;49.83;50.09;1067441
20170127;50.29;50.66;49.94;50.05;1321902
20170130;49.87;49.99;49.09;49.5;1114832
20170131;49.21;49.37;48.5;49.31;1421747
20170201;49.05;49.66;48.45;49.15;2180342
20170202;49.15;50.16;48.52;48.8;2547345
20170203;49.37;49.55;48.82;49.25;2139034
20170206;49.05;49.05;46.67;47.18;3267733
20170207;47.27;47.84;46.78;47.22;1841515
20170208;47.16;47.22;46.86;47;1608642
20170209;47.02;47.75;46.86;47.62;1606081
20170210;47.81;48.28;47.48;47.88;1409875
20170213;48.15;48.47;47.76;48.28;1606068
20170214;48.02;48.22;47.32;47.65;1747781
20170215;47.52;47.94;47.37;47.67;1303240
20170216;47.7;47.93;47.46;47.75;1182971
20170217;47.55;47.81;47.17;47.8;2819403
20170221;47.82;48.47;47.55;48.33;1450547
20170222;47.59;48.31;47.59;48.25;2005150
20170223;48.63;48.85;47.19;47.52;1227124
20170224;46.95;48.13;46.95;47.9;1744418
20170227;47.81;48.96;47.81;48.95;2046271
20170228;48.76;49.08;48.1;48.12;1711696
20170301;48.7;49.7;48.65;49.55;1657065
20170302;49.5;49.55;48.76;48.89;1856458
20170303;48.91;49.12;48.55;48.73;1658874
20170306;48.29;48.89;48.26;48.53;1300684
20170307;48.45;49.01;48.32;48.78;1614867
20170308;48.71;48.91;47.5;47.55;2220914
20170309;47.48;48.1;47.37;47.67;1026261
20170310;48.13;48.47;47.75;48.26;1910982
20170313;48.27;48.72;48.26;48.52;1333841
20170314;48.3;48.43;47.73;48.05;920017
20170315;48.32;48.9;48.27;48.56;1532192
20170316;48.72;48.87;48.19;48.75;1187326
20170317;48.88;49.3;48.64;49.16;1855921
20170320;49.25;49.27;48.8;48.83;951807
20170321;49.03;49.21;47.95;48.06;1611411
20170322;48.16;49.37;47.92;49.28;1719773
20170323;49.3;49.39;48.7;48.89;1142235
20170324;49.14;49.61;48.97;49.22;1336237
20170327;48.48;49.26;48.13;49.1;878893
20170328;49;49.95;48.77;49.67;995152
20170329;49.55;49.79;49.29;49.39;1047188
20170330;49.43;50.11;49.18;49.9;969373
20170331;49.79;50.5;49.77;50.22;1230084
20170403;50.22;50.33;49.17;49.45;2097617
20170404;50.01;50.86;50;50.37;2379805
20170405;50.73;51.33;50.36;50.43;2417570
20170406;50.53;51.4;50.37;50.92;1288430
20170407;50.88;51.25;50.68;50.83;1355726
20170410;50.8;51.25;50.4;50.74;1099277
20170411;50.65;50.78;50.28;50.67;980679
20170412;50.57;50.7;49.28;49.38;2105124
20170413;49.27;49.56;48.81;48.88;1039818
20170417;49.11;49.49;48.86;49.46;790127
20170418;49.15;49.57;48.97;49.13;1116413
20170419;49.41;49.49;49.05;49.33;1292562
20170420;49.66;50.37;49.57;50.22;1191292
20170421;50.28;50.77;50;50.65;1500467
20170424;51.64;51.69;51.09;51.47;1796463
20170425;51.73;52.03;51.3;51.81;1366850
20170426;51.76;51.98;51.45;51.45;1197445
20170427;51.54;51.77;51.35;51.62;755091
20170428;51.66;51.79;51.25;51.41;1225286
20170501;51.46;51.46;51;51.32;1140178
20170502;51.78;52.44;50.28;50.41;2206234
20170503;50.34;50.51;49.71;49.96;1265481
20170504;50.04;51.6;49.81;51.52;2264314
20170505;51.73;52.37;51.62;52.3;1235745
20170508;52.17;52.77;52.11;52.2;1436608
20170509;52.15;52.43;51.6;51.85;1188238
20170510;51.79;51.99;50.87;51.04;1054082
20170511;50.82;50.97;50.12;50.88;928969
20170512;50.86;51.2;50.56;50.98;982854
20170515;51.76;52.79;51.76;52.29;1637803
20170516;52.33;52.8;51.37;51.77;1109409
20170517;51.17;51.81;51.11;51.55;1073364
20170518;51.47;51.75;51.03;51.48;969109
20170519;51.75;52.34;51.54;52.01;711435
20170522;52.16;52.56;52.06;52.27;961444
20170523;52.15;52.94;51.87;52.8;1291138
20170524;52.69;52.97;52.29;52.61;676285
20170525;52.7;52.87;51.89;52.13;1972288
20170526;52.03;52.19;51.35;51.41;1000766
20170530;51.4;52;51.29;51.79;802046
20170531;51.85;52.4;51.64;52.14;1600525
20170601;52.44;52.95;52.16;52.44;1467017
20170602;52.22;53.17;52.2;53;929931
20170605;53;53.5;52.89;53.2;1119168
20170606;52.94;53.24;52.54;52.69;882135
20170607;52.83;53.63;52.71;53.46;2016938
20170608;53.4;53.6;52.86;53.58;1929503
20170609;53.65;54.02;53.61;53.97;1149977
20170612;54;54.09;53.61;54.02;1064998
20170613;53.96;54.1;53.4;53.79;996400
20170614;53.73;53.89;53.33;53.66;1068003
20170615;53.43;53.96;53.23;53.96;824980
20170616;54.01;54.29;53.63;54.05;1607084
20170619;54.25;54.39;53.81;54.17;605321
20170620;53.99;54.24;53.69;53.88;705541
20170621;53.95;54.09;53.28;53.54;1027638
20170622;53.55;53.99;53.3;53.85;1012743
20170623;53.83;54.53;53.78;54.33;1151563
20170626;54.39;54.84;54.16;54.68;2000997
20170627;54.68;54.82;54.34;54.5;1235301
20170628;54.75;55.03;54.35;54.97;1321090
20170629;55.02;55.45;54.54;54.9;2108740
20170630;54.97;55.68;54.9;55.43;1814298
20170703;55.77;55.88;55.16;55.45;619802
20170705;55.41;55.59;54.52;54.94;2073518
20170706;54.89;55.07;54.32;54.38;2193564
20170707;54.56;55.16;54.34;54.95;1347513
20170710;54.78;55.07;54.52;54.61;2410555
20170711;54.59;54.66;54.08;54.34;898466
20170712;54.83;55.64;54.81;55.32;1249587
20170713;55.51;55.89;55.2;55.84;1226642
20170714;55.87;56.18;55.8;56.1;935536
20170717;55.95;56.93;55.9;56.72;1165246
20170718;56.57;56.62;56.18;56.42;954537
20170719;56.57;57.09;56.51;57.07;704679
20170720;57.08;57.1;56.68;56.93;756341
20170721;56.79;57.66;56.65;57.62;1169823
20170724;57.47;57.85;57.21;57.72;1094536
20170725;58.22;58.23;57.19;57.21;1203899
20170726;57.31;57.51;56.89;56.89;773243
20170727;56.88;57.13;56.33;56.87;1304618
20170728;56.75;57.13;56.58;56.93;1099838
20170731;57.05;57.31;56.55;56.73;2200034
20170801;57.62;59.77;57.62;59.3;2588823
20170802;59.46;60.71;59.37;59.92;1351919
20170803;59.77;59.8;59.14;59.56;1090836
20170804;59.87;60.14;59.35;60.02;1361834
20170807;59.93;60.14;59.66;60.04;870307
20170808;59.74;60.25;59.66;59.84;908624
20170809;59.83;60.32;59.63;59.71;1133951
20170810;59.62;59.87;58.89;58.98;598279
20170811;58.78;59.36;58.58;59.12;506147
20170814;59.57;60.28;59.39;59.88;720765
20170815;59.85;60.33;59.71;59.86;706675
20170816;59.88;60.03;59.81;59.93;420643
20170817;59.72;59.95;58.93;58.95;613676
20170818;58.7;59.33;58.62;59.03;630930
20170821;58.96;59.37;58.87;59.31;498663
20170822;59.35;59.98;59.29;59.96;514405
20170823;59.63;60.15;59.53;59.99;838801
20170824;59.99;60.21;59.96;60.1;790302
20170825;60.38;60.73;60.27;60.48;555727
20170828;60.76;61.39;60.7;61.16;941682
20170829;60.68;61.22;60.44;61.11;712462
20170830;61.05;61.59;61;61.55;676033
20170831;61.85;62.15;61.5;62.07;814462
20170901;62.18;62.41;61.88;61.97;572370
20170905;61.9;62.49;61.62;61.9;927408
20170906;62.13;62.34;61.54;62.02;721428
20170907;62.06;62.59;61.91;62.48;608455
20170908;62.37;63.15;62.34;62.78;723288
20170911;63.07;63.44;62.65;62.97;981045
20170912;63.09;63.42;62.71;62.93;644226
20170913;62.84;63.04;62.49;63.01;614620
20170914;62.65;63.12;62.51;63.01;754435
20170915;62.94;63.56;62.81;63.3;1276972
20170918;63.44;63.76;63.37;63.66;669621
20170919;63.79;64.49;63.66;63.83;725841
20170920;63.79;64.08;63.59;64.04;715678
20170921;64.1;64.38;63.91;63.93;794126
20170922;64.01;64.8;63.95;64.75;776095
20170925;64.63;64.8;64.25;64.46;765652
20170926;64.56;64.69;63.27;63.34;1570793
20170927;63.45;63.56;62.84;63;1528357
20170928;62.91;63.04;62.24;62.45;1348101
20170929;62.38;62.81;62.19;62.63;1030567
20171002;62.82;63.34;62.64;63.32;937741
20171003;63.39;63.93;62.87;63.93;1170814
20171004;63.99;64.66;63.73;64.52;1024555
20171005;64.58;64.61;64;64.47;758168
20171006;64.33;64.65;64.16;64.56;806123
20171009;64.63;64.86;64.41;64.65;598148
20171010;64.84;64.93;64.41;64.63;392330
20171011;64.61;64.75;64.2;64.31;540819
20171012;64.21;64.89;64.05;64.88;880874
20171013;65.1;65.42;64.62;64.71;547974
20171016;65.07;66.28;64.89;65.96;1360558
20171017;65.43;65.7;62.24;63.23;3114572
20171018;63.35;63.8;63.02;63.68;1116835
20171019;63.54;63.93;63.14;63.89;605400
20171020;64.29;64.38;64.02;64.23;815460
20171023;64.12;64.61;63.43;63.68;916603
20171024;64.13;64.9;63.81;64.83;1051672
20171025;64.83;64.88;64.13;64.53;809917
20171026;64.8;65.1;64.46;64.81;1056552
20171027;64.94;64.94;64.33;64.86;668174
20171030;64.7;65.06;64.41;64.64;782025
20171031;65.01;67.64;64.8;66.53;1919732
20171101;67.02;67.48;65.98;66.15;776720
20171102;66.27;67.09;65.41;67.06;1198550
20171103;66.98;67.04;66.46;66.57;632697
20171106;66.66;67.2;66;66.54;654680
20171107;66.59;66.82;66.16;66.61;517968
20171108;66.61;67.03;66.29;66.55;487783
20171109;66.12;66.48;65.68;66.28;391077
20171110;66.28;66.46;65.81;66.25;504041
20171113;66.11;66.37;65.89;66.03;480708
20171114;65.91;66.43;65.91;66.34;610927
20171115;65.96;66.18;65.69;65.9;493799
20171116;65.9;66.74;65.74;66.48;465558
20171117;66.17;66.65;65.68;66.42;561526
20171120;66.5;67.01;66.2;66.99;331046
20171121;67.33;67.5;67.04;67.41;1119449
20171122;67.41;67.9;67.02;67.35;420325
20171124;67.51;67.99;67.32;67.69;195883
20171127;67.48;67.8;67.41;67.64;492391
20171128;67.87;68.54;67.39;68.52;691242
20171129;68.6;68.79;67.99;68.2;899831
20171130;68.2;69.69;68.08;69.34;1524647
20171201;69.38;69.67;67.86;69.01;674787
20171204;69.5;69.88;68.66;68.77;825682
20171205;68.75;69.12;67.7;67.84;738336
20171206;67.84;68.25;67.4;67.98;1079899
20171207;67.93;68.78;67.64;68.38;744459
20171208;68.51;68.52;68.08;68.19;681266
20171211;68.38;68.4;67.13;67.28;721249
20171212;67.53;67.96;66.8;67.54;999170
20171213;67.66;68.02;67.31;67.49;979620
20171214;67.5;67.59;66.65;66.7;997411
20171215;67.25;68;67.21;67.57;1818838
20171218;68.04;68.44;67.6;67.9;1088149
20171219;68.19;68.29;67.69;67.86;739219
20171220;68.24;68.37;67.77;67.82;543066
20171221;68.21;68.63;67.63;67.75;650006
20171222;67.94;67.95;67.2;67.58;336385
20171226;67.68;67.75;67.4;67.5;219582
20171227;67.74;68.4;67.66;68.23;517340
20171228;68.21;68.33;67.77;68.25;466320
20171229;68.53;68.8;67.92;68.2;1046677
20180102;68.21;68.21;67.5;68.07;877805
20180103;67.99;68.91;67.97;68.9;778838
20180104;69.03;69.64;69.03;69.36;796940
20180105;69.5;69.54;69.04;69.23;666752
20180108;69.2;69.59;68.85;69.48;554692
20180109;69.56;69.87;69.38;69.5;687573
20180110;69.31;69.4;68.65;69;784964
20180111;68.82;69.98;68.6;69.97;880890
20180112;70.11;70.79;70.05;70.46;847704
20180116;70.88;71.49;70.12;70.54;940098
20180117;71;71.24;70.7;71.02;957295
20180118;70.84;71.28;70.74;71.11;1022099
20180119;71.54;75.16;71.23;71.91;1221985
20180122;71.95;72.66;71.5;72.65;794690
20180123;72.5;72.77;72.19;72.61;856043
20180124;72.75;73.15;72.12;72.57;620071
20180125;72.92;73.55;72.36;73.24;709442
20180126;73.5;74.44;73.38;74.41;804380
20180129;74.07;74.48;73.23;73.41;791508
20180130;72.84;73.52;72.6;73.07;835882
20180131;73.26;73.99;72.09;72.26;1638302
20180201;72.5;75.68;72.5;74.84;1817612
20180202;74.95;76.81;74.65;75.66;2171757
20180205;75.22;76.17;72.61;72.66;2214272
20180206;71.65;71.85;69.69;71.33;2295182
20180207;71.27;72.86;71.12;71.79;1748941
20180208;71.74;72.15;70.21;70.24;1495019
20180209;70.98;71.3;68.38;70.82;1725181
20180212;71.27;72.6;71;71.93;1040463
20180213;71.45;72.95;71.43;72.77;987681
20180214;72.17;73.51;71.96;73.31;1368991
20180215;73.89;74.83;73.18;74.73;1302705
20180216;74.54;75.9;74.37;75.23;956262
20180220;75.03;75.91;74.51;74.73;1169980
20180221;75.02;76.35;74.9;75.18;1012199
20180222;75.57;76.03;74.87;75.05;704651
20180223;75.13;75.96;74.8;75.93;443521
20180226;76.25;76.61;75.55;76.26;1014280
20180227;76.37;76.62;75.73;75.75;813702
20180228;75.78;76.68;74.56;74.58;1001274
20180301;74.5;74.71;72.44;73.27;1520149
20180302;72.75;73.75;72.28;73.51;910076
20180305;73.21;74.09;72.55;73.86;1023115
20180306;74.24;75.36;74.23;75.28;907477
20180307;74.45;76.54;74.36;76.38;1229483
20180308;76.79;77.26;75.82;77.19;1092868
20180309;77.7;79.52;77.59;79.48;1202787
20180312;79.5;79.67;77.81;78.09;883049
20180313;78.35;79.03;77.69;77.98;700380
20180314;78.43;78.43;76.98;77.11;832005
20180315;77.43;78.08;77.06;77.64;628151
20180316;77.93;78.69;77.67;78.45;1056546
20180319;78.02;78.5;77.41;78.17;877979
20180320;78.31;79.45;78.19;79.02;670959
20180321;79.04;79.83;78.72;79.34;845022
20180322;78.62;79.3;77.29;77.38;839765
20180323;77.57;78.03;75.53;75.69;981702
20180326;76.74;77.95;76.24;77.88;927800
20180327;78.14;78.55;75.96;76.32;789250
20180328;76.53;76.91;75.34;75.81;949585
20180329;76.34;77.53;76.04;76.92;894828
20180402;76.92;77.16;74.41;75.1;944136
20180403;75.26;76.8;74.67;76.7;1245520
20180404;75.42;76.82;75.04;76.76;1022460
20180405;77.16;78.12;77.06;77.6;839865
20180406;76.9;77.26;74.57;75.4;1176509
20180409;75.86;76.98;75.61;75.71;567175
20180410;76.67;77.3;76.26;76.78;864212
20180411;76.09;76.71;75.73;76.19;982657
20180412;76.64;77.39;76.51;77.12;747063
20180413;77.5;77.78;76.44;76.83;625025
20180416;77.5;77.99;77.08;77.79;719312
20180417;78.42;79.31;78.24;78.88;1003495
20180418;79.08;79.62;78.59;79.22;1067138
20180419;78.99;79.37;78.4;78.75;1156009
20180420;78.8;79.43;78.56;79.27;679045
20180423;79.28;79.79;78.18;78.51;857286
20180424;78.81;79.38;74.66;75.49;1252728
20180425;75.55;75.92;74.8;75.53;1089793
20180426;75.59;75.59;74.09;74.73;1265228
20180427;74.68;74.77;73.27;73.71;1545608
20180430;73.97;74.29;72.79;72.9;1823485
20180501;72.09;72.13;68.13;70.37;2955556
20180502;69.94;70.73;68.69;68.88;1953255
20180503;68.43;70.1;68.09;69.63;2118428
20180504;69.22;70.34;68.76;70.08;1045075
20180507;70.08;70.68;69.8;70.02;943769
20180508;69.75;71.01;69.75;70.85;1530701
20180509;71.29;72.06;70.67;71.92;1538256
20180510;72.2;73.03;72.08;72.61;1149983
20180511;72.8;73.6;72.78;73.53;1737123
20180514;73.81;74.1;73.02;73.47;1828544
20180515;72.98;73.18;71.56;72.07;1365347
20180516;72.08;72.34;71.21;71.45;1238154
20180517;71.31;71.98;71.23;71.47;1026134
20180518;71.42;72.13;71.42;71.64;3018656
20180521;72.06;73.13;72.06;73.03;886048
20180522;73.08;73.09;72.01;72.1;746265
20180523;71.75;71.95;71.01;71.55;838281
20180524;71.4;72.04;71.02;72.01;652512
20180525;71.66;72.04;71.13;71.4;732848
